0 -222.244 86.1067 -375.602 35.7952 2
1 -221.184 90.2459 -386.076 51.6701 2
2 -228.538 102.275 -377.219 67.3858 2
3 -264.528 99.1184 -347.029 77.9772 2
4 -262.319 98.5713 -341.128 69.3866 2
5 -272.016 94.6824 -327.628 58.973 2
6 -233.607 96.9031 -369.783 77.9556 2
7 -221.24 106.243 -344.675 81.6045 2
8 -229.534 100.707 -335.434 66.3334 2
9 -244.532 94.6919 -331.305 55.8911 2
10 -249.339 100.345 -336.661 62.7189 2
11 -207.429 100.357 -310.262 37.3013 2
12 -210.452 96.1118 -314.124 26.1215 2
13 -213.947 92.2512 -320.88 15.7638 2
14 -198.755 101.375 -327.452 20.3798 2
15 -177.16 115.652 -389.467 65.0203 2
16 -181.26 111.035 -374.628 44.5399 2
17 -196.931 97.928 -369.842 22.3329 2
18 -194.654 106.563 -364.129 27.2992 2
19 -178.411 106.638 -367.628 58.1519 2
20 -180.831 110.021 -375.963 56.0967 2
21 -187.358 105.416 -378.374 44.3533 2
22 -168.524 104.025 -358.722 25.7216 2
23 -146.617 102.416 -287.864 -5.687 2
24 -93.1774 92.9395 -270.756 -48.6719 2
25 RANDOM
26 -94.9502 92.1873 -255.767 -57.0896 2
27 -156.699 91.2366 -268.472 -44.7291 2
28 -100.983 57.3301 -249.907 -114.472 2
29 -39.8872 60.315 -221.926 -133.071 2
30 -16.4567 90.5901 -187.273 -106.937 2
31 -178.984 81.3704 -246.345 -41.8951 2
32 -118.873 73.0903 -210.247 -81.9191 2
33 -110.995 90.7652 -180.783 -67.9828 2
34 -99.0619 121.823 -133.595 -38.0975 2
35 -190.409 91.5791 -259.739 -11.8721 2
36 RANDOM
37 -188.788 74.2029 -214.899 -46.9888 2
38 RANDOM
39 -67.3608 48.3106 -152.842 -101.029 2
40 -68.1102 52.6777 -152.168 -97.2765 2
41 -63.0804 52.6255 -149.966 -100.218 2
42 -35.1147 45.4216 -116.847 -118.213 2
43 -21.1493 40.7835 -99.4598 -124.678 2
44 -20.136 41.251 -104.441 -127.093 2
45 -17.2511 47.7918 -110.683 -120.739 2
46 35.3585 38.4197 -60.524 -145.489 2
47 42.9153 33.2849 -183.771 -167.167 1
48 0.911264 31.5908 -215.24 -158.695 2
