0 -11.6946 58.1157 -6.23723 53.1956 2
1 -10.0799 59.8733 -5.02413 54.2514 2
2 -9.03175 60.2761 -4.27964 54.2765 2
3 -7.69274 60.7568 -0.698105 49.1736 2
4 -6.27505 61.5176 0.603567 49.5315 2
5 -5.16444 61.0263 1.52509 48.9073 2
6 -4.72794 55.6347 0.669729 44.9297 2
7 -1.45387 52.7413 8.31748 37.1144 2
8 -0.235093 52.6009 8.93377 37.4403 2
9 RANDOM
10 0.663839 49.2703 8.37467 35.5426 2
11 -1.60313 41.7286 4.86282 29.674 2
12 -0.0876656 42.8857 6.07483 30.9644 2
13 1.2617 44.3089 7.33266 32.3057 2
14 1.50245 42.9189 7.0036 31.5352 2
15 -2.12835 39.0203 3.76035 27.6006 2
16 -1.5552 37.7477 3.65671 27.0506 2
17 -1.04264 36.3713 3.50214 26.3709 2
18 -0.31253 32.327 2.79431 23.9917 2
19 -2.15471 33.7787 2.9074 23.0494 2
20 -2.09854 30.7603 1.8108 21.4324 2
21 -2.02363 28.8321 1.13348 20.4884 2
22 -1.48155 25.1409 0.364025 18.601 2
23 -2.31809 26.882 0.838252 18.568 2
24 -2.29317 25.439 0.379788 17.7904 2
25 -2.37123 24.4644 0.0537074 17.2023 2
26 RANDOM
27 -2.1324 19.1758 -0.761175 13.0064 2
28 -2.25754 17.6503 -1.34906 12.2806 2
29 -2.37744 16.595 -1.72393 11.7997 2
30 -2.17298 15.0791 -1.77484 11.0739 2
31 RANDOM
32 RANDOM
33 -2.20824 10.3053 -2.28975 6.66524 2
34 -2.31361 10.152 -2.34976 6.93243 2
35 -1.08217 7.34091 -1.69371 3.70799 2
36 -1.46876 7.10069 -1.95255 4.04028 2
37 RANDOM
38 -1.74017 8.57175 -2.02163 6.03423 2
39 -0.862624 4.65953 -1.899 1.6668 2
40 -1.02096 5.02886 -1.96848 2.33213 2
41 -1.25299 5.49813 -2.08642 3.00312 2
42 -1.45506 8.72482 -1.92201 6.37798 2
43 -0.656949 5.19453 -1.60734 2.37765 2
44 -1.10488 5.87117 -1.90031 3.29292 2
45 -1.37479 6.31329 -2.08191 3.92672 2
46 -1.00442 10.2515 -1.34536 7.63027 2
47 -1.09192 5.70412 -1.80405 2.84216 2
48 -1.33442 5.9134 -2.00029 3.22014 2
49 -1.53034 5.80558 -2.17919 3.243 2
50 -1.46871 9.12703 -1.84296 6.49327 2
51 -1.46871 9.12703 -1.84296 6.49327 2
