0 13731.1 18574.8 16481.2 21651.9 4
1 16585.0 23769.1 20213.2 27668.7 4
2 20854.8 32177.5 26108.2 38124.9 4
3 20986.5 32560.6 26322.8 38523.0 4
4 21201.3 33066.6 26639.1 39051.9 4
5 21464.5 33652.6 27017.8 39673.8 4
6 20916.6 32856.9 26327.8 39092.2 4
7 21231.7 33500.7 26756.3 39844.9 4
8 21523.0 34088.5 27150.9 40522.5 4
9 21873.6 34784.7 27623.7 41333.7 4
10 19917.8 30719.7 24901.4 36290.4 4
11 17964.2 26923.3 22225.8 31517.8 4
12 16460.7 23966.1 20145.7 27836.2 4
13 15124.3 21347.6 18310.3 24554.9 4
14 15424.3 22142.4 18838.4 25791.5 4
15 RANDOM
16 13770.8 18798.1 16554.5 21689.0 4
17 13471.2 18181.7 16137.3 20915.0 4
18 14391.2 20140.9 17475.2 23209.2 4
19 14173.8 19748.7 17194.7 22687.7 4
20 14089.7 19628.3 17088.2 22487.5 4
21 14100.3 19696.1 17108.7 22504.1 4
22 14129.8 19644.1 17115.2 22746.6 4
23 14117.5 19637.6 17094.7 22707.1 4
24 14128.7 19683.1 17108.3 22725.3 4
25 14163.6 19779.8 17156.4 22800.6 4
26 13443.0 18868.6 16769.5 21199.2 4
27 12245.5 16649.1 15183.3 18619.7 4
28 11303.4 14979.7 13969.2 16727.3 4
29 10485.3 13563.4 12937.9 15106.6 4
30 10711.0 13740.8 13036.0 15544.1 4
31 10452.0 13371.1 12731.4 15094.8 4
32 10188.0 13010.7 12431.9 14644.2 4
33 9975.71 12734.8 12204.0 14284.2 4
34 10309.7 13401.3 12890.2 14843.7 4
35 10013.3 12994.5 12557.7 14336.9 4
36 9746.96 12628.7 12277.5 13854.3 4
37 9504.18 12277.5 12024.6 13388.6 4
38 10039.9 13029.2 12459.5 14507.3 4
39 9870.09 12821.0 12294.7 14221.0 4
40 9724.69 12635.1 12152.9 13960.7 4
41 9560.05 12431.1 12002.8 13661.2 4
42 RANDOM
43 9394.44 12372.6 12983.2 12489.1 3
44 9746.82 12804.6 12913.5 13525.6 4
