0 84.162 83.553 77.2098 90.7655 4
1 88.1063 86.519 73.8348 98.6333 4
2 92.1099 91.0065 80.3167 102.113 4
3 92.8477 91.7003 80.4514 103.334 4
4 RANDOM
5 95.1609 93.8802 81.0498 107.105 4
6 91.003 89.9074 79.707 100.94 4
7 91.9515 90.8055 79.8899 102.538 4
8 93.155 91.9481 80.18 104.55 4
9 94.7979 93.524 80.696 107.268 4
10 98.2233 97.2745 85.0651 112.013 4
11 100.373 99.3729 86.3796 115.106 4
12 102.993 101.947 87.9981 118.938 4
13 106.495 105.396 90.2107 124.109 4
14 100.766 99.8676 87.2043 115.604 4
15 102.428 101.522 88.2675 118.029 4
16 RANDOM
17 107.279 106.334 91.3519 125.208 4
18 96.8306 95.9991 85.574 110.02 4
19 98.7802 97.9577 86.7452 112.986 4
20 101.349 100.541 88.3596 116.878 4
21 105.09 104.285 90.9328 122.384 4
22 99.4516 98.616 87.1506 113.786 4
23 101.477 100.642 88.4656 116.768 4
24 104.308 103.467 90.4166 120.889 4
25 108.216 107.363 93.159 126.554 4
26 RANDOM
27 97.7148 98.4237 87.8681 112.609 4
28 99.9081 100.819 89.5367 116.028 4
29 103.233 104.382 92.1119 120.978 4
30 102.522 104.034 92.9454 118.817 4
31 105.693 107.515 95.5631 123.461 4
32 109.935 112.158 99.0472 129.565 4
33 115.523 118.273 103.57 137.67 4
34 103.434 106.675 95.5432 121.003 4
35 106.728 110.453 98.145 126.003 4
36 111.689 116.031 102.26 133.242 4
37 118.004 123.068 107.602 142.304 4
38 104.179 107.547 96.0779 122.064 4
39 107.119 110.901 98.4758 126.386 4
40 112.235 116.52 102.961 133.294 4
41 118.637 123.563 108.462 142.093 4
42 106.033 112.896 98.5321 129.007 4
43 110.13 117.622 101.794 134.857 4
44 116.267 124.533 106.74 143.308 4
45 RANDOM
46 114.448 123.921 106.641 143.001 4
47 118.253 128.313 109.59 148.413 4
48 125.626 136.578 115.514 158.419 4
49 136.314 148.098 124.102 172.04 4
50 137.93 150.309 127.513 174.406 4
51 137.93 150.309 127.513 174.406 4
