0 630.988 1208.44 -690.554 1122.88 2
1 665.308 1174.84 -720.117 1095.91 2
2 695.87 1181.42 -730.623 1116.89 2
3 456.74 1229.01 -458.862 1116.17 2
4 507.824 1173.0 -477.287 1050.29 2
5 529.185 1189.03 -452.954 1073.0 2
6 676.103 1096.37 -517.703 1021.24 2
7 488.972 1142.62 -343.347 1080.62 2
8 503.211 1101.29 -313.813 1020.49 2
9 498.613 1107.39 -285.16 1014.8 2
10 RANDOM
11 591.583 1096.36 -257.602 1000.77 2
12 606.409 1099.23 -229.881 982.951 2
13 618.619 1106.26 -205.336 970.009 2
14 747.106 1080.34 -78.8327 910.873 2
15 604.835 1140.25 -307.818 1013.5 2
16 617.208 1166.23 -209.526 1010.07 2
17 616.705 1195.81 -137.057 1018.82 2
18 700.418 1186.0 -17.8766 983.331 2
19 685.256 1162.14 -216.281 1164.58 4
20 659.625 1075.42 -173.062 924.584 2
21 685.256 1162.14 -216.281 1164.58 4
22 659.625 1075.42 -173.062 924.584 2
23 685.256 1162.14 -216.281 1164.58 4
24 RANDOM
25 651.045 1058.95 -244.874 947.569 2
26 700.418 1186.0 -17.8766 983.331 2
27 RANDOM
28 706.504 1174.63 -158.317 1123.55 2
29 729.748 1183.67 -70.0075 1084.25 2
30 883.751 1140.85 150.382 940.679 2
31 RANDOM
32 810.834 1304.56 347.126 1166.64 2
33 827.448 1292.78 353.935 1112.74 2
34 866.12 1241.16 420.923 1011.31 2
35 850.155 1251.8 421.201 1136.05 2
36 948.702 1251.08 535.49 1026.08 2
37 998.948 1249.02 603.02 1006.69 2
38 1135.98 1275.71 866.421 1017.57 2
39 760.514 1190.46 561.109 1122.3 2
40 939.901 1206.02 788.299 1073.93 2
41 1037.94 1256.88 966.83 1105.55 2
42 RANDOM
43 771.979 1219.05 643.443 1222.49 4
44 1172.38 1116.97 1341.51 1055.94 3
45 1184.19 1221.93 1310.57 1103.09 3
