0 113.039 463.869 -415.914 391.608 2
1 143.228 456.176 -450.456 385.045 2
2 162.881 470.243 -469.904 396.916 2
3 60.2792 478.562 -222.857 467.179 2
4 101.271 451.252 -230.981 423.162 2
5 114.694 476.413 -206.235 433.857 2
6 213.418 457.041 -265.869 419.3 2
7 141.366 572.955 -119.707 595.17 4
8 128.069 414.189 -320.129 424.643 4
9 86.8675 434.115 -342.883 455.278 4
10 45.3485 472.173 -355.675 511.626 4
11 -9.78041 507.232 -340.033 570.812 4
12 91.5353 367.354 -622.526 356.937 2
13 141.421 398.869 -349.186 379.423 2
14 193.905 364.576 -358.713 330.379 2
15 218.04 385.83 -333.075 343.045 2
16 213.418 457.041 -265.869 419.3 2
17 141.366 572.955 -119.707 595.17 4
18 128.069 414.189 -320.129 424.643 4
19 86.8675 434.115 -342.883 455.278 4
20 45.3485 472.173 -355.675 511.626 4
21 -9.78041 507.232 -340.033 570.812 4
22 91.5353 367.354 -622.526 356.937 2
23 141.421 398.869 -349.186 379.423 2
24 193.905 364.576 -358.713 330.379 2
25 218.04 385.83 -333.075 343.045 2
26 213.418 457.041 -265.869 419.3 2
27 141.366 572.955 -119.707 595.17 4
28 128.069 414.189 -320.129 424.643 4
29 86.8675 434.115 -342.883 455.278 4
30 45.3485 472.173 -355.675 511.626 4
31 -9.78041 507.232 -340.033 570.812 4
32 91.5353 367.354 -622.526 356.937 2
33 141.421 398.869 -349.186 379.423 2
34 193.905 364.576 -358.713 330.379 2
35 218.04 385.83 -333.075 343.045 2
36 213.418 457.041 -265.869 419.3 2
37 141.366 572.955 -119.707 595.17 4
38 128.069 414.189 -320.129 424.643 4
39 86.8675 434.115 -342.883 455.278 4
40 35.7713 448.66 -303.023 495.835 4
41 -21.629 500.079 -290.905 572.335 4
42 82.8788 347.368 -571.822 344.592 2
43 144.744 392.119 -310.968 381.716 2
44 199.255 357.102 -314.089 332.953 2
45 231.158 393.72 -279.02 361.783 2
46 224.129 461.165 -205.045 432.42 2
47 152.092 587.052 -60.8375 614.716 4
48 130.885 404.322 -265.009 426.698 4
49 81.8885 417.017 -289.801 447.676 4
50 35.7713 448.66 -303.023 495.835 4
51 -21.629 500.079 -290.905 572.335 4
52 82.8788 347.368 -571.822 344.592 2
53 RANDOM
54 199.255 357.102 -314.089 332.953 2
55 231.158 393.72 -279.02 361.783 2
56 224.129 461.165 -205.045 432.42 2
57 152.092 587.052 -60.8375 614.716 4
58 130.885 404.322 -265.009 426.698 4
59 81.8885 417.017 -289.801 447.676 4
60 35.7713 448.66 -303.023 495.835 4
61 -21.629 500.079 -290.905 572.335 4
62 82.8788 347.368 -571.822 344.592 2
63 144.744 392.119 -310.968 381.716 2
64 199.255 357.102 -314.089 332.953 2
65 231.158 393.72 -279.02 361.783 2
66 224.129 461.165 -205.045 432.42 2
67 152.092 587.052 -60.8375 614.716 4
68 130.885 404.322 -265.009 426.698 4
69 81.8885 417.017 -289.801 447.676 4
70 35.7713 448.66 -303.023 495.835 4
71 -21.629 500.079 -290.905 572.335 4
72 82.8788 347.368 -571.822 344.592 2
73 144.744 392.119 -310.968 381.716 2
74 199.255 357.102 -314.089 332.953 2
75 231.158 393.72 -279.02 361.783 2
76 224.129 461.165 -205.045 432.42 2
77 152.092 587.052 -60.8375 614.716 4
78 130.885 404.322 -265.009 426.698 4
79 81.8885 417.017 -289.801 447.676 4
80 35.7713 448.66 -303.023 495.835 4
81 -21.629 500.079 -290.905 572.335 4
82 82.8788 347.368 -571.822 344.592 2
83 144.744 392.119 -310.968 381.716 2
84 199.255 357.102 -314.089 332.953 2
85 231.158 393.72 -279.02 361.783 2
86 224.129 461.165 -205.045 432.42 2
87 152.092 587.052 -60.8375 614.716 4
88 130.885 404.322 -265.009 426.698 4
89 81.8885 417.017 -289.801 447.676 4
90 35.7713 448.66 -303.023 495.835 4
91 -21.629 500.079 -290.905 572.335 4
92 82.8788 347.368 -571.822 344.592 2
93 144.744 392.119 -310.968 381.716 2
94 199.255 357.102 -314.089 332.953 2
95 231.158 393.72 -279.02 361.783 2
96 224.129 461.165 -205.045 432.42 2
97 152.092 587.052 -60.8375 614.716 4
98 130.885 404.322 -265.009 426.698 4
99 81.8885 417.017 -289.801 447.676 4
100 46.9686 442.888 -315.521 488.305 4
101 -9.30678 495.718 -303.554 566.891 4
102 94.015 341.476 -581.967 338.962 2
103 154.12 376.627 -354.158 358.137 2
104 202.757 346.225 -354.046 316.556 2
105 226.46 372.908 -314.125 337.894 2
106 221.515 448.341 -241.961 418.938 2
107 157.758 577.625 -97.4095 604.544 4
108 138.001 396.299 -293.291 413.854 4
109 91.2176 409.662 -316.022 436.319 4
110 46.9686 442.888 -315.521 488.305 4
111 -9.30678 495.718 -303.554 566.891 4
112 94.015 341.476 -581.967 338.962 2
113 154.12 376.627 -354.158 358.137 2
114 202.757 346.225 -354.046 316.556 2
115 226.46 372.908 -314.125 337.894 2
116 221.515 448.341 -241.961 418.938 2
117 157.758 577.625 -97.4095 604.544 4
118 138.001 396.299 -293.291 413.854 4
119 91.2176 409.662 -316.022 436.319 4
120 46.9686 442.888 -315.521 488.305 4
121 -9.30678 495.718 -303.554 566.891 4
122 RANDOM
123 49.9872 375.551 -529.557 375.549 2
124 233.952 403.276 -468.446 334.25 2
125 154.12 376.627 -354.158 358.137 2
126 202.757 346.225 -354.046 316.556 2
127 226.46 372.908 -314.125 337.894 2
128 221.515 448.341 -241.961 418.938 2
129 157.758 577.625 -97.4095 604.544 4
130 138.001 396.299 -293.291 413.854 4
131 91.2176 409.662 -316.022 436.319 4
132 46.9686 442.888 -315.521 488.305 4
133 -9.30678 495.718 -303.554 566.891 4
134 94.015 341.476 -581.967 338.962 2
135 154.12 376.627 -354.158 358.137 2
136 202.757 346.225 -354.046 316.556 2
137 226.46 372.908 -314.125 337.894 2
138 221.515 448.341 -241.961 418.938 2
139 157.758 577.625 -97.4095 604.544 4
140 138.001 396.299 -293.291 413.854 4
141 91.2176 409.662 -316.022 436.319 4
142 46.9686 442.888 -315.521 488.305 4
143 -9.30678 495.718 -303.554 566.891 4
144 94.015 341.476 -581.967 338.962 2
145 154.12 376.627 -354.158 358.137 2
146 202.757 346.225 -354.046 316.556 2
147 226.46 372.908 -314.125 337.894 2
148 221.515 448.341 -241.961 418.938 2
149 157.758 577.625 -97.4095 604.544 4
150 138.001 396.299 -293.291 413.854 4
151 91.2176 409.662 -316.022 436.319 4
152 46.9686 442.888 -315.521 488.305 4
153 -9.30678 495.718 -303.554 566.891 4
154 94.015 341.476 -581.967 338.962 2
155 154.12 376.627 -354.158 358.137 2
156 202.757 346.225 -354.046 316.556 2
157 226.46 372.908 -314.125 337.894 2
158 221.515 448.341 -241.961 418.938 2
159 157.758 577.625 -97.4095 604.544 4
160 138.001 396.299 -293.291 413.854 4
161 91.2176 409.662 -316.022 436.319 4
162 46.9686 442.888 -315.521 488.305 4
163 -9.30678 495.718 -303.554 566.891 4
164 94.015 341.476 -581.967 338.962 2
165 154.12 376.627 -354.158 358.137 2
166 202.757 346.225 -354.046 316.556 2
167 226.46 372.908 -314.125 337.894 2
168 221.515 448.341 -241.961 418.938 2
169 157.758 577.625 -97.4095 604.544 4
170 138.001 396.299 -293.291 413.854 4
171 91.2176 409.662 -316.022 436.319 4
172 46.9686 442.888 -315.521 488.305 4
173 -9.30678 495.718 -303.554 566.891 4
174 94.015 341.476 -581.967 338.962 2
175 154.12 376.627 -354.158 358.137 2
176 202.757 346.225 -354.046 316.556 2
177 226.46 372.908 -314.125 337.894 2
178 221.515 448.341 -241.961 418.938 2
179 157.758 577.625 -97.4095 604.544 4
180 138.001 396.299 -293.291 413.854 4
181 91.2176 409.662 -316.022 436.319 4
182 46.9686 442.888 -315.521 488.305 4
183 -9.30678 495.718 -303.554 566.891 4
184 94.015 341.476 -581.967 338.962 2
185 154.12 376.627 -354.158 358.137 2
186 202.757 346.225 -354.046 316.556 2
187 226.46 372.908 -314.125 337.894 2
188 221.515 448.341 -241.961 418.938 2
189 157.758 577.625 -97.4095 604.544 4
190 138.001 396.299 -293.291 413.854 4
191 RANDOM
192 46.9686 442.888 -315.521 488.305 4
193 -9.30678 495.718 -303.554 566.891 4
194 94.015 341.476 -581.967 338.962 2
195 154.12 376.627 -354.158 358.137 2
196 202.757 346.225 -354.046 316.556 2
197 226.46 372.908 -314.125 337.894 2
198 RANDOM
199 RANDOM
200 184.648 579.258 -82.6576 593.355 4
201 -36.4152 736.335 -3.72349 842.736 4
202 138.001 396.299 -293.291 413.854 4
203 91.2176 409.662 -316.022 436.319 4
204 46.9686 442.888 -315.521 488.305 4
205 -9.30678 495.718 -303.554 566.891 4
206 94.015 341.476 -581.967 338.962 2
207 154.12 376.627 -354.158 358.137 2
208 202.757 346.225 -354.046 316.556 2
209 226.46 372.908 -314.125 337.894 2
210 221.515 448.341 -241.961 418.938 2
211 157.758 577.625 -97.4095 604.544 4
212 138.001 396.299 -293.291 413.854 4
213 91.2176 409.662 -316.022 436.319 4
214 46.9686 442.888 -315.521 488.305 4
215 -9.30678 495.718 -303.554 566.891 4
216 94.015 341.476 -581.967 338.962 2
217 154.12 376.627 -354.158 358.137 2
218 202.757 346.225 -354.046 316.556 2
219 226.46 372.908 -314.125 337.894 2
220 221.515 448.341 -241.961 418.938 2
221 157.758 577.625 -97.4095 604.544 4
222 138.001 396.299 -293.291 413.854 4
223 91.2176 409.662 -316.022 436.319 4
224 46.9686 442.888 -315.521 488.305 4
225 -9.30678 495.718 -303.554 566.891 4
226 RANDOM
227 RANDOM
228 2.31138 400.838 -473.6 402.881 4
229 -65.0275 422.174 -394.772 416.959 2
230 179.903 391.016 -441.666 313.22 2
231 208.27 386.788 -464.175 314.102 2
232 233.952 403.276 -468.446 334.25 2
233 154.12 376.627 -354.158 358.137 2
234 RANDOM
235 226.46 372.908 -314.125 337.894 2
236 221.515 448.341 -241.961 418.938 2
237 157.758 577.625 -97.4095 604.544 4
238 138.001 396.299 -293.291 413.854 4
239 91.2176 409.662 -316.022 436.319 4
240 46.9686 442.888 -315.521 488.305 4
241 -9.30678 495.718 -303.554 566.891 4
242 94.015 341.476 -581.967 338.962 2
243 154.12 376.627 -354.158 358.137 2
244 202.757 346.225 -354.046 316.556 2
245 226.46 372.908 -314.125 337.894 2
246 221.515 448.341 -241.961 418.938 2
247 157.758 577.625 -97.4095 604.544 4
248 138.001 396.299 -293.291 413.854 4
249 91.2176 409.662 -316.022 436.319 4
250 46.9686 442.888 -315.521 488.305 4
251 -9.30678 495.718 -303.554 566.891 4
252 94.015 341.476 -581.967 338.962 2
253 154.12 376.627 -354.158 358.137 2
254 202.757 346.225 -354.046 316.556 2
255 226.46 372.908 -314.125 337.894 2
256 221.515 448.341 -241.961 418.938 2
257 157.758 577.625 -97.4095 604.544 4
258 138.001 396.299 -293.291 413.854 4
259 91.2176 409.662 -316.022 436.319 4
260 46.9686 442.888 -315.521 488.305 4
261 -9.30678 495.718 -303.554 566.891 4
262 94.015 341.476 -581.967 338.962 2
263 154.12 376.627 -354.158 358.137 2
264 202.757 346.225 -354.046 316.556 2
265 226.46 372.908 -314.125 337.894 2
266 221.515 448.341 -241.961 418.938 2
267 157.758 577.625 -97.4095 604.544 4
268 138.001 396.299 -293.291 413.854 4
269 91.2176 409.662 -316.022 436.319 4
270 46.9686 442.888 -315.521 488.305 4
271 -9.30678 495.718 -303.554 566.891 4
272 94.015 341.476 -581.967 338.962 2
273 154.12 376.627 -354.158 358.137 2
274 202.757 346.225 -354.046 316.556 2
275 226.46 372.908 -314.125 337.894 2
276 221.515 448.341 -241.961 418.938 2
277 157.758 577.625 -97.4095 604.544 4
278 138.001 396.299 -293.291 413.854 4
279 91.2176 409.662 -316.022 436.319 4
280 46.9686 442.888 -315.521 488.305 4
281 -9.30678 495.718 -303.554 566.891 4
282 94.015 341.476 -581.967 338.962 2
283 154.12 376.627 -354.158 358.137 2
284 202.757 346.225 -354.046 316.556 2
285 226.46 372.908 -314.125 337.894 2
286 221.515 448.341 -241.961 418.938 2
287 RANDOM
288 184.648 579.258 -82.6576 593.355 4
289 -36.4152 736.335 -3.72349 842.736 4
290 138.001 396.299 -293.291 413.854 4
291 91.2176 409.662 -316.022 436.319 4
292 46.9686 442.888 -315.521 488.305 4
293 -9.30678 495.718 -303.554 566.891 4
294 RANDOM
295 49.9872 375.551 -529.557 375.549 2
296 233.952 403.276 -468.446 334.25 2
297 154.12 376.627 -354.158 358.137 2
298 202.757 346.225 -354.046 316.556 2
299 226.46 372.908 -314.125 337.894 2
300 221.515 448.341 -241.961 418.938 2
301 157.758 577.625 -97.4095 604.544 4
302 138.001 396.299 -293.291 413.854 4
303 91.2176 409.662 -316.022 436.319 4
304 46.9686 442.888 -315.521 488.305 4
305 -9.30678 495.718 -303.554 566.891 4
306 94.015 341.476 -581.967 338.962 2
307 154.12 376.627 -354.158 358.137 2
308 202.757 346.225 -354.046 316.556 2
309 226.46 372.908 -314.125 337.894 2
310 221.515 448.341 -241.961 418.938 2
311 157.758 577.625 -97.4095 604.544 4
312 138.001 396.299 -293.291 413.854 4
313 91.2176 409.662 -316.022 436.319 4
314 46.9686 442.888 -315.521 488.305 4
315 -9.30678 495.718 -303.554 566.891 4
316 94.015 341.476 -581.967 338.962 2
317 154.12 376.627 -354.158 358.137 2
318 202.757 346.225 -354.046 316.556 2
319 226.46 372.908 -314.125 337.894 2
320 221.515 448.341 -241.961 418.938 2
321 157.758 577.625 -97.4095 604.544 4
322 138.001 396.299 -293.291 413.854 4
323 91.2176 409.662 -316.022 436.319 4
324 46.9686 442.888 -315.521 488.305 4
325 -9.30678 495.718 -303.554 566.891 4
326 94.015 341.476 -581.967 338.962 2
327 154.12 376.627 -354.158 358.137 2
328 202.757 346.225 -354.046 316.556 2
329 226.46 372.908 -314.125 337.894 2
330 221.515 448.341 -241.961 418.938 2
331 157.758 577.625 -97.4095 604.544 4
332 138.001 396.299 -293.291 413.854 4
333 91.2176 409.662 -316.022 436.319 4
334 46.9686 442.888 -315.521 488.305 4
335 -9.30678 495.718 -303.554 566.891 4
336 94.015 341.476 -581.967 338.962 2
337 154.12 376.627 -354.158 358.137 2
338 202.757 346.225 -354.046 316.556 2
339 226.46 372.908 -314.125 337.894 2
340 RANDOM
341 157.758 577.625 -97.4095 604.544 4
342 138.001 396.299 -293.291 413.854 4
343 91.2176 409.662 -316.022 436.319 4
344 46.9686 442.888 -315.521 488.305 4
345 -9.30678 495.718 -303.554 566.891 4
346 94.015 341.476 -581.967 338.962 2
347 154.12 376.627 -354.158 358.137 2
348 202.757 346.225 -354.046 316.556 2
349 226.46 372.908 -314.125 337.894 2
350 221.515 448.341 -241.961 418.938 2
351 157.758 577.625 -97.4095 604.544 4
352 138.001 396.299 -293.291 413.854 4
353 91.2176 409.662 -316.022 436.319 4
354 46.9686 442.888 -315.521 488.305 4
355 -9.30678 495.718 -303.554 566.891 4
356 94.015 341.476 -581.967 338.962 2
357 154.12 376.627 -354.158 358.137 2
358 202.757 346.225 -354.046 316.556 2
359 226.46 372.908 -314.125 337.894 2
360 221.515 448.341 -241.961 418.938 2
361 157.758 577.625 -97.4095 604.544 4
362 138.001 396.299 -293.291 413.854 4
363 91.2176 409.662 -316.022 436.319 4
364 46.9686 442.888 -315.521 488.305 4
365 -9.30678 495.718 -303.554 566.891 4
366 94.015 341.476 -581.967 338.962 2
367 154.12 376.627 -354.158 358.137 2
368 202.757 346.225 -354.046 316.556 2
369 226.46 372.908 -314.125 337.894 2
370 221.515 448.341 -241.961 418.938 2
371 157.758 577.625 -97.4095 604.544 4
372 138.001 396.299 -293.291 413.854 4
373 91.2176 409.662 -316.022 436.319 4
374 46.9686 442.888 -315.521 488.305 4
375 -9.30678 495.718 -303.554 566.891 4
376 94.015 341.476 -581.967 338.962 2
377 154.12 376.627 -354.158 358.137 2
378 202.757 346.225 -354.046 316.556 2
379 226.46 372.908 -314.125 337.894 2
380 221.515 448.341 -241.961 418.938 2
381 RANDOM
382 184.648 579.258 -82.6576 593.355 4
383 -36.4152 736.335 -3.72349 842.736 4
384 138.001 396.299 -293.291 413.854 4
385 91.2176 409.662 -316.022 436.319 4
386 46.9686 442.888 -315.521 488.305 4
387 -9.30678 495.718 -303.554 566.891 4
388 94.015 341.476 -581.967 338.962 2
389 154.12 376.627 -354.158 358.137 2
390 202.757 346.225 -354.046 316.556 2
391 226.46 372.908 -314.125 337.894 2
392 221.515 448.341 -241.961 418.938 2
393 157.758 577.625 -97.4095 604.544 4
394 138.001 396.299 -293.291 413.854 4
395 91.2176 409.662 -316.022 436.319 4
396 46.9686 442.888 -315.521 488.305 4
397 -9.30678 495.718 -303.554 566.891 4
398 RANDOM
399 49.9872 375.551 -529.557 375.549 2
400 233.952 403.276 -468.446 334.25 2
401 154.12 376.627 -354.158 358.137 2
402 202.757 346.225 -354.046 316.556 2
403 226.46 372.908 -314.125 337.894 2
404 221.515 448.341 -241.961 418.938 2
405 157.758 577.625 -97.4095 604.544 4
406 138.001 396.299 -293.291 413.854 4
407 91.2176 409.662 -316.022 436.319 4
408 46.9686 442.888 -315.521 488.305 4
409 -9.30678 495.718 -303.554 566.891 4
410 94.015 341.476 -581.967 338.962 2
411 154.12 376.627 -354.158 358.137 2
412 202.757 346.225 -354.046 316.556 2
413 226.46 372.908 -314.125 337.894 2
414 221.515 448.341 -241.961 418.938 2
415 157.758 577.625 -97.4095 604.544 4
416 138.001 396.299 -293.291 413.854 4
417 91.2176 409.662 -316.022 436.319 4
418 46.9686 442.888 -315.521 488.305 4
419 -9.30678 495.718 -303.554 566.891 4
420 94.015 341.476 -581.967 338.962 2
421 154.12 376.627 -354.158 358.137 2
422 202.757 346.225 -354.046 316.556 2
423 226.46 372.908 -314.125 337.894 2
424 221.515 448.341 -241.961 418.938 2
425 157.758 577.625 -97.4095 604.544 4
426 138.001 396.299 -293.291 413.854 4
427 91.2176 409.662 -316.022 436.319 4
428 46.9686 442.888 -315.521 488.305 4
429 -9.30678 495.718 -303.554 566.891 4
430 94.015 341.476 -581.967 338.962 2
431 154.12 376.627 -354.158 358.137 2
432 202.757 346.225 -354.046 316.556 2
433 226.46 372.908 -314.125 337.894 2
434 221.515 448.341 -241.961 418.938 2
435 157.758 577.625 -97.4095 604.544 4
436 138.001 396.299 -293.291 413.854 4
437 91.2176 409.662 -316.022 436.319 4
438 46.9686 442.888 -315.521 488.305 4
439 -9.30678 495.718 -303.554 566.891 4
440 94.015 341.476 -581.967 338.962 2
441 154.12 376.627 -354.158 358.137 2
442 202.757 346.225 -354.046 316.556 2
443 226.46 372.908 -314.125 337.894 2
444 221.515 448.341 -241.961 418.938 2
445 157.758 577.625 -97.4095 604.544 4
446 138.001 396.299 -293.291 413.854 4
447 91.2176 409.662 -316.022 436.319 4
448 46.9686 442.888 -315.521 488.305 4
449 -9.30678 495.718 -303.554 566.891 4
450 94.015 341.476 -581.967 338.962 2
451 154.12 376.627 -354.158 358.137 2
452 202.757 346.225 -354.046 316.556 2
453 226.46 372.908 -314.125 337.894 2
454 221.515 448.341 -241.961 418.938 2
455 157.758 577.625 -97.4095 604.544 4
456 138.001 396.299 -293.291 413.854 4
457 91.2176 409.662 -316.022 436.319 4
458 46.9686 442.888 -315.521 488.305 4
459 -9.30678 495.718 -303.554 566.891 4
460 94.015 341.476 -581.967 338.962 2
461 154.12 376.627 -354.158 358.137 2
462 202.757 346.225 -354.046 316.556 2
463 226.46 372.908 -314.125 337.894 2
464 221.515 448.341 -241.961 418.938 2
465 157.758 577.625 -97.4095 604.544 4
466 138.001 396.299 -293.291 413.854 4
467 91.2176 409.662 -316.022 436.319 4
468 46.9686 442.888 -315.521 488.305 4
469 RANDOM
470 94.015 341.476 -581.967 338.962 2
471 RANDOM
472 202.757 346.225 -354.046 316.556 2
473 226.46 372.908 -314.125 337.894 2
474 221.515 448.341 -241.961 418.938 2
475 157.758 577.625 -97.4095 604.544 4
476 138.001 396.299 -293.291 413.854 4
477 91.2176 409.662 -316.022 436.319 4
478 RANDOM
479 -9.30678 495.718 -303.554 566.891 4
480 94.015 341.476 -581.967 338.962 2
481 154.12 376.627 -354.158 358.137 2
482 202.757 346.225 -354.046 316.556 2
483 226.46 372.908 -314.125 337.894 2
484 221.515 448.341 -241.961 418.938 2
485 157.758 577.625 -97.4095 604.544 4
486 138.001 396.299 -293.291 413.854 4
487 91.2176 409.662 -316.022 436.319 4
488 46.9686 442.888 -315.521 488.305 4
489 -9.30678 495.718 -303.554 566.891 4
490 94.015 341.476 -581.967 338.962 2
491 RANDOM
492 202.757 346.225 -354.046 316.556 2
493 226.46 372.908 -314.125 337.894 2
494 221.515 448.341 -241.961 418.938 2
495 157.758 577.625 -97.4095 604.544 4
496 138.001 396.299 -293.291 413.854 4
497 91.2176 409.662 -316.022 436.319 4
498 46.9686 442.888 -315.521 488.305 4
499 -9.30678 495.718 -303.554 566.891 4
500 94.015 341.476 -581.967 338.962 2
501 154.12 376.627 -354.158 358.137 2
502 202.757 346.225 -354.046 316.556 2
503 226.46 372.908 -314.125 337.894 2
504 221.515 448.341 -241.961 418.938 2
505 157.758 577.625 -97.4095 604.544 4
506 138.001 396.299 -293.291 413.854 4
507 91.2176 409.662 -316.022 436.319 4
508 46.9686 442.888 -315.521 488.305 4
509 -9.30678 495.718 -303.554 566.891 4
510 94.015 341.476 -581.967 338.962 2
511 154.12 376.627 -354.158 358.137 2
512 202.757 346.225 -354.046 316.556 2
513 226.46 372.908 -314.125 337.894 2
514 RANDOM
515 157.758 577.625 -97.4095 604.544 4
516 138.001 396.299 -293.291 413.854 4
517 91.2176 409.662 -316.022 436.319 4
518 46.9686 442.888 -315.521 488.305 4
519 -9.30678 495.718 -303.554 566.891 4
520 RANDOM
521 49.9872 375.551 -529.557 375.549 2
522 233.952 403.276 -468.446 334.25 2
523 154.12 376.627 -354.158 358.137 2
524 202.757 346.225 -354.046 316.556 2
525 226.46 372.908 -314.125 337.894 2
526 221.515 448.341 -241.961 418.938 2
527 157.758 577.625 -97.4095 604.544 4
528 138.001 396.299 -293.291 413.854 4
529 91.2176 409.662 -316.022 436.319 4
530 46.9686 442.888 -315.521 488.305 4
531 -9.30678 495.718 -303.554 566.891 4
532 94.015 341.476 -581.967 338.962 2
533 154.12 376.627 -354.158 358.137 2
534 202.757 346.225 -354.046 316.556 2
535 226.46 372.908 -314.125 337.894 2
536 221.515 448.341 -241.961 418.938 2
537 157.758 577.625 -97.4095 604.544 4
538 138.001 396.299 -293.291 413.854 4
539 91.2176 409.662 -316.022 436.319 4
540 46.9686 442.888 -315.521 488.305 4
541 -9.30678 495.718 -303.554 566.891 4
542 94.015 341.476 -581.967 338.962 2
543 154.12 376.627 -354.158 358.137 2
544 202.757 346.225 -354.046 316.556 2
545 RANDOM
546 221.515 448.341 -241.961 418.938 2
547 157.758 577.625 -97.4095 604.544 4
548 138.001 396.299 -293.291 413.854 4
549 91.2176 409.662 -316.022 436.319 4
550 46.9686 442.888 -315.521 488.305 4
551 -9.30678 495.718 -303.554 566.891 4
552 94.015 341.476 -581.967 338.962 2
553 154.12 376.627 -354.158 358.137 2
554 202.757 346.225 -354.046 316.556 2
555 226.46 372.908 -314.125 337.894 2
556 221.515 448.341 -241.961 418.938 2
557 157.758 577.625 -97.4095 604.544 4
558 138.001 396.299 -293.291 413.854 4
559 RANDOM
560 46.9686 442.888 -315.521 488.305 4
561 -9.30678 495.718 -303.554 566.891 4
562 94.015 341.476 -581.967 338.962 2
563 154.12 376.627 -354.158 358.137 2
564 202.757 346.225 -354.046 316.556 2
565 226.46 372.908 -314.125 337.894 2
566 221.515 448.341 -241.961 418.938 2
567 157.758 577.625 -97.4095 604.544 4
568 138.001 396.299 -293.291 413.854 4
569 91.2176 409.662 -316.022 436.319 4
570 RANDOM
571 -9.30678 495.718 -303.554 566.891 4
572 94.015 341.476 -581.967 338.962 2
573 154.12 376.627 -354.158 358.137 2
574 202.757 346.225 -354.046 316.556 2
575 226.46 372.908 -314.125 337.894 2
576 221.515 448.341 -241.961 418.938 2
577 157.758 577.625 -97.4095 604.544 4
578 138.001 396.299 -293.291 413.854 4
579 RANDOM
580 46.9686 442.888 -315.521 488.305 4
581 -9.30678 495.718 -303.554 566.891 4
582 94.015 341.476 -581.967 338.962 2
583 154.12 376.627 -354.158 358.137 2
584 202.757 346.225 -354.046 316.556 2
585 226.46 372.908 -314.125 337.894 2
586 221.515 448.341 -241.961 418.938 2
587 157.758 577.625 -97.4095 604.544 4
588 138.001 396.299 -293.291 413.854 4
589 91.2176 409.662 -316.022 436.319 4
590 46.9686 442.888 -315.521 488.305 4
591 -9.30678 495.718 -303.554 566.891 4
592 RANDOM
593 RANDOM
594 2.31138 400.838 -473.6 402.881 4
595 RANDOM
596 546.463 536.401 -1348.76 404.73 1
597 349.69 410.9 -1061.07 325.778 2
