0 3906.63 4202.45 3972.46 4059.78 2
1 4087.13 4419.78 4138.65 4384.78 2
2 4268.98 4655.2 4328.62 4732.78 4
3 3987.8 4361.32 4140.12 4061.39 2
4 4268.98 4655.2 4328.62 4732.78 4
5 3987.8 4361.32 4140.12 4061.39 2
6 4268.98 4655.2 4328.62 4732.78 4
7 3987.8 4361.32 4140.12 4061.39 2
8 4268.98 4655.2 4328.62 4732.78 4
9 3987.8 4361.32 4140.12 4061.39 2
10 4268.98 4655.2 4328.62 4732.78 4
11 3987.8 4361.32 4140.12 4061.39 2
12 4268.98 4655.2 4328.62 4732.78 4
13 3987.8 4361.32 4140.12 4061.39 2
14 RANDOM
15 3669.76 3800.18 3696.46 3595.88 2
16 3881.87 4091.68 3906.75 4015.29 2
17 4094.57 4399.48 4141.34 4439.94 4
18 3921.52 4160.99 4018.82 3826.26 2
19 4094.57 4399.48 4141.34 4439.94 4
20 3921.52 4160.99 4018.82 3826.26 2
21 4094.57 4399.48 4141.34 4439.94 4
22 3921.52 4160.99 4018.82 3826.26 2
23 4094.57 4399.48 4141.34 4439.94 4
24 3921.52 4160.99 4018.82 3826.26 2
25 4094.57 4399.48 4141.34 4439.94 4
26 3921.52 4160.99 4018.82 3826.26 2
27 4094.57 4399.48 4141.34 4439.94 4
28 3921.52 4160.99 4018.82 3826.26 2
29 4094.57 4399.48 4141.34 4439.94 4
30 3921.52 4160.99 4018.82 3826.26 2
31 4094.57 4399.48 4141.34 4439.94 4
32 3921.52 4160.99 4018.82 3826.26 2
33 4094.57 4399.48 4141.34 4439.94 4
34 3921.52 4160.99 4018.82 3826.26 2
35 4094.57 4399.48 4141.34 4439.94 4
36 3921.52 4160.99 4018.82 3826.26 2
37 4094.57 4399.48 4141.34 4439.94 4
38 3921.52 4160.99 4018.82 3826.26 2
39 4094.57 4399.48 4141.34 4439.94 4
40 3982.62 4228.66 4074.39 3911.49 2
41 4156.55 4465.67 4198.63 4523.06 4
42 3982.62 4228.66 4074.39 3911.49 2
43 4156.55 4465.67 4198.63 4523.06 4
44 3982.62 4228.66 4074.39 3911.49 2
45 4156.55 4465.67 4198.63 4523.06 4
46 3982.62 4228.66 4074.39 3911.49 2
47 4156.55 4465.67 4198.63 4523.06 4
48 3982.62 4228.66 4074.39 3911.49 2
49 4156.55 4465.67 4198.63 4523.06 4
50 3982.62 4228.66 4074.39 3911.49 2
51 4156.55 4465.67 4198.63 4523.06 4
52 3982.62 4228.66 4074.39 3911.49 2
53 RANDOM
54 4562.78 4978.98 4610.0 5248.51 4
55 4394.27 4747.26 4478.56 4583.82 2
56 4562.78 4978.98 4610.0 5248.51 4
57 4394.27 4747.26 4478.56 4583.82 2
58 4562.78 4978.98 4610.0 5248.51 4
59 4394.27 4747.26 4478.56 4583.82 2
60 4562.78 4978.98 4610.0 5248.51 4
61 4394.27 4747.26 4478.56 4583.82 2
62 4562.78 4978.98 4610.0 5248.51 4
63 4394.27 4747.26 4478.56 4583.82 2
64 4562.78 4978.98 4610.0 5248.51 4
65 4394.27 4747.26 4478.56 4583.82 2
66 4562.78 4978.98 4610.0 5248.51 4
67 4394.27 4747.26 4478.56 4583.82 2
68 4562.78 4978.98 4610.0 5248.51 4
69 4394.27 4747.26 4478.56 4583.82 2
70 4562.78 4978.98 4610.0 5248.51 4
71 4394.27 4747.26 4478.56 4583.82 2
72 4562.78 4978.98 4610.0 5248.51 4
73 4394.27 4747.26 4478.56 4583.82 2
74 4562.78 4978.98 4610.0 5248.51 4
75 4394.27 4747.26 4478.56 4583.82 2
76 4562.78 4978.98 4610.0 5248.51 4
77 4394.27 4747.26 4478.56 4583.82 2
78 4562.78 4978.98 4610.0 5248.51 4
79 4394.27 4747.26 4478.56 4583.82 2
80 4562.78 4978.98 4610.0 5248.51 4
81 4394.27 4747.26 4478.56 4583.82 2
82 4562.78 4978.98 4610.0 5248.51 4
83 4394.27 4747.26 4478.56 4583.82 2
84 4562.78 4978.98 4610.0 5248.51 4
85 4394.27 4747.26 4478.56 4583.82 2
86 4562.78 4978.98 4610.0 5248.51 4
87 4394.27 4747.26 4478.56 4583.82 2
88 4562.78 4978.98 4610.0 5248.51 4
89 4394.27 4747.26 4478.56 4583.82 2
90 4562.78 4978.98 4610.0 5248.51 4
91 4394.27 4747.26 4478.56 4583.82 2
92 4562.78 4978.98 4610.0 5248.51 4
93 4394.27 4747.26 4478.56 4583.82 2
94 4562.78 4978.98 4610.0 5248.51 4
95 4394.27 4747.26 4478.56 4583.82 2
96 4562.78 4978.98 4610.0 5248.51 4
97 RANDOM
98 4185.3 4497.88 4286.18 4228.81 2
99 4341.21 4666.56 4369.11 4778.7 4
100 4132.0 4457.36 4243.9 4175.07 2
101 4277.03 4617.5 4319.14 4713.36 4
102 4132.0 4457.36 4243.9 4175.07 2
103 4277.03 4617.5 4319.14 4713.36 4
104 4132.0 4457.36 4243.9 4175.07 2
105 4277.03 4617.5 4319.14 4713.36 4
106 4132.0 4457.36 4243.9 4175.07 2
107 4277.03 4617.5 4319.14 4713.36 4
108 4132.0 4457.36 4243.9 4175.07 2
109 4277.03 4617.5 4319.14 4713.36 4
110 4132.0 4457.36 4243.9 4175.07 2
111 4277.03 4617.5 4319.14 4713.36 4
112 4132.0 4457.36 4243.9 4175.07 2
113 4277.03 4617.5 4319.14 4713.36 4
114 4132.0 4457.36 4243.9 4175.07 2
115 4277.03 4617.5 4319.14 4713.36 4
116 4132.0 4457.36 4243.9 4175.07 2
117 4277.03 4617.5 4319.14 4713.36 4
118 4132.0 4457.36 4243.9 4175.07 2
119 4277.03 4617.5 4319.14 4713.36 4
120 4132.0 4457.36 4243.9 4175.07 2
121 4277.03 4617.5 4319.14 4713.36 4
122 4132.0 4457.36 4243.9 4175.07 2
123 4277.03 4617.5 4319.14 4713.36 4
124 4132.0 4457.36 4243.9 4175.07 2
125 4277.03 4617.5 4319.14 4713.36 4
126 4132.0 4457.36 4243.9 4175.07 2
127 4277.03 4617.5 4319.14 4713.36 4
128 4132.0 4457.36 4243.9 4175.07 2
129 4277.03 4617.5 4319.14 4713.36 4
130 4132.0 4457.36 4243.9 4175.07 2
131 RANDOM
132 4498.09 4930.4 4560.03 5182.01 4
133 4345.89 4713.8 4439.38 4540.08 2
134 4498.09 4930.4 4560.03 5182.01 4
135 4345.89 4713.8 4439.38 4540.08 2
136 4498.09 4930.4 4560.03 5182.01 4
137 4345.89 4713.8 4439.38 4540.08 2
138 4498.09 4930.4 4560.03 5182.01 4
139 4345.89 4713.8 4439.38 4540.08 2
140 4498.09 4930.4 4560.03 5182.01 4
141 4345.89 4713.8 4439.38 4540.08 2
142 4498.09 4930.4 4560.03 5182.01 4
143 4345.89 4713.8 4439.38 4540.08 2
144 4498.09 4930.4 4560.03 5182.01 4
145 4345.89 4713.8 4439.38 4540.08 2
146 4498.09 4930.4 4560.03 5182.01 4
147 4345.89 4713.8 4439.38 4540.08 2
148 4498.09 4930.4 4560.03 5182.01 4
149 4345.89 4713.8 4439.38 4540.08 2
150 4498.09 4930.4 4560.03 5182.01 4
151 4345.89 4713.8 4439.38 4540.08 2
152 4498.09 4930.4 4560.03 5182.01 4
153 4345.89 4713.8 4439.38 4540.08 2
154 4498.09 4930.4 4560.03 5182.01 4
155 4345.89 4713.8 4439.38 4540.08 2
156 4498.09 4930.4 4560.03 5182.01 4
157 4345.89 4713.8 4439.38 4540.08 2
158 4498.09 4930.4 4560.03 5182.01 4
159 4345.89 4713.8 4439.38 4540.08 2
160 4498.09 4930.4 4560.03 5182.01 4
161 4345.89 4713.8 4439.38 4540.08 2
162 4498.09 4930.4 4560.03 5182.01 4
163 4345.89 4713.8 4439.38 4540.08 2
164 4498.09 4930.4 4560.03 5182.01 4
165 4345.89 4713.8 4439.38 4540.08 2
166 4498.09 4930.4 4560.03 5182.01 4
167 4345.89 4713.8 4439.38 4540.08 2
168 4498.09 4930.4 4560.03 5182.01 4
169 4345.89 4713.8 4439.38 4540.08 2
170 4498.09 4930.4 4560.03 5182.01 4
171 4345.89 4713.8 4439.38 4540.08 2
172 4498.09 4930.4 4560.03 5182.01 4
173 4345.89 4713.8 4439.38 4540.08 2
174 4498.09 4930.4 4560.03 5182.01 4
175 4345.89 4713.8 4439.38 4540.08 2
176 4498.09 4930.4 4560.03 5182.01 4
177 4345.89 4713.8 4439.38 4540.08 2
178 4498.09 4930.4 4560.03 5182.01 4
179 4345.89 4713.8 4439.38 4540.08 2
180 4498.09 4930.4 4560.03 5182.01 4
181 4345.89 4713.8 4439.38 4540.08 2
182 4498.09 4930.4 4560.03 5182.01 4
183 4345.89 4713.8 4439.38 4540.08 2
184 4498.09 4930.4 4560.03 5182.01 4
185 4345.89 4713.8 4439.38 4540.08 2
186 4498.09 4930.4 4560.03 5182.01 4
187 4345.89 4713.8 4439.38 4540.08 2
188 4498.09 4930.4 4560.03 5182.01 4
189 4345.89 4713.8 4439.38 4540.08 2
190 4498.09 4930.4 4560.03 5182.01 4
191 4345.89 4713.8 4439.38 4540.08 2
192 4498.09 4930.4 4560.03 5182.01 4
193 4345.89 4713.8 4439.38 4540.08 2
194 4498.09 4930.4 4560.03 5182.01 4
195 4345.89 4713.8 4439.38 4540.08 2
196 4498.09 4930.4 4560.03 5182.01 4
197 4345.89 4713.8 4439.38 4540.08 2
198 4498.09 4930.4 4560.03 5182.01 4
199 4345.89 4713.8 4439.38 4540.08 2
200 4498.09 4930.4 4560.03 5182.01 4
201 4345.89 4713.8 4439.38 4540.08 2
202 4498.09 4930.4 4560.03 5182.01 4
203 4345.89 4713.8 4439.38 4540.08 2
204 4498.09 4930.4 4560.03 5182.01 4
205 4345.89 4713.8 4439.38 4540.08 2
206 4498.09 4930.4 4560.03 5182.01 4
207 4345.89 4713.8 4439.38 4540.08 2
208 4498.09 4930.4 4560.03 5182.01 4
209 4345.89 4713.8 4439.38 4540.08 2
210 4498.09 4930.4 4560.03 5182.01 4
211 4345.89 4713.8 4439.38 4540.08 2
212 4498.09 4930.4 4560.03 5182.01 4
213 4345.89 4713.8 4439.38 4540.08 2
214 4498.09 4930.4 4560.03 5182.01 4
215 4345.89 4713.8 4439.38 4540.08 2
216 4498.09 4930.4 4560.03 5182.01 4
217 4345.89 4713.8 4439.38 4540.08 2
218 4498.09 4930.4 4560.03 5182.01 4
219 4345.89 4713.8 4439.38 4540.08 2
220 4498.09 4930.4 4560.03 5182.01 4
221 4345.89 4713.8 4439.38 4540.08 2
222 RANDOM
223 4549.41 4959.91 4646.46 5109.66 4
224 4565.59 4989.61 4661.91 4912.81 2
225 4549.41 4959.91 4646.46 5109.66 4
226 4565.59 4989.61 4661.91 4912.81 2
227 4549.41 4959.91 4646.46 5109.66 4
228 4565.59 4989.61 4661.91 4912.81 2
229 4549.41 4959.91 4646.46 5109.66 4
230 4565.59 4989.61 4661.91 4912.81 2
231 4549.41 4959.91 4646.46 5109.66 4
232 4565.59 4989.61 4661.91 4912.81 2
233 4549.41 4959.91 4646.46 5109.66 4
234 4565.59 4989.61 4661.91 4912.81 2
235 4549.41 4959.91 4646.46 5109.66 4
236 4565.59 4989.61 4661.91 4912.81 2
237 4549.41 4959.91 4646.46 5109.66 4
238 4565.59 4989.61 4661.91 4912.81 2
239 4549.41 4959.91 4646.46 5109.66 4
240 4565.59 4989.61 4661.91 4912.81 2
241 4549.41 4959.91 4646.46 5109.66 4
242 4565.59 4989.61 4661.91 4912.81 2
243 4549.41 4959.91 4646.46 5109.66 4
244 4565.59 4989.61 4661.91 4912.81 2
245 4549.41 4959.91 4646.46 5109.66 4
246 4565.59 4989.61 4661.91 4912.81 2
247 4549.41 4959.91 4646.46 5109.66 4
248 4565.59 4989.61 4661.91 4912.81 2
249 4549.41 4959.91 4646.46 5109.66 4
250 4565.59 4989.61 4661.91 4912.81 2
251 4549.41 4959.91 4646.46 5109.66 4
252 4565.59 4989.61 4661.91 4912.81 2
253 4549.41 4959.91 4646.46 5109.66 4
254 4565.59 4989.61 4661.91 4912.81 2
255 4549.41 4959.91 4646.46 5109.66 4
256 4565.59 4989.61 4661.91 4912.81 2
257 4549.41 4959.91 4646.46 5109.66 4
258 4565.59 4989.61 4661.91 4912.81 2
259 4549.41 4959.91 4646.46 5109.66 4
260 4565.59 4989.61 4661.91 4912.81 2
261 4549.41 4959.91 4646.46 5109.66 4
262 4565.59 4989.61 4661.91 4912.81 2
263 4549.41 4959.91 4646.46 5109.66 4
264 4565.59 4989.61 4661.91 4912.81 2
265 4549.41 4959.91 4646.46 5109.66 4
266 4565.59 4989.61 4661.91 4912.81 2
267 4549.41 4959.91 4646.46 5109.66 4
268 4565.59 4989.61 4661.91 4912.81 2
269 4549.41 4959.91 4646.46 5109.66 4
270 4565.59 4989.61 4661.91 4912.81 2
271 4549.41 4959.91 4646.46 5109.66 4
272 4565.59 4989.61 4661.91 4912.81 2
273 4549.41 4959.91 4646.46 5109.66 4
274 4565.59 4989.61 4661.91 4912.81 2
275 4549.41 4959.91 4646.46 5109.66 4
276 4565.59 4989.61 4661.91 4912.81 2
277 4549.41 4959.91 4646.46 5109.66 4
278 4565.59 4989.61 4661.91 4912.81 2
279 4549.41 4959.91 4646.46 5109.66 4
280 4565.59 4989.61 4661.91 4912.81 2
281 4549.41 4959.91 4646.46 5109.66 4
282 RANDOM
283 4345.89 4713.8 4439.38 4540.08 2
284 4498.09 4930.4 4560.03 5182.01 4
285 4345.89 4713.8 4439.38 4540.08 2
286 4498.09 4930.4 4560.03 5182.01 4
287 4345.89 4713.8 4439.38 4540.08 2
288 4498.09 4930.4 4560.03 5182.01 4
289 4345.89 4713.8 4439.38 4540.08 2
290 4498.09 4930.4 4560.03 5182.01 4
291 4345.89 4713.8 4439.38 4540.08 2
292 4498.09 4930.4 4560.03 5182.01 4
293 4345.89 4713.8 4439.38 4540.08 2
294 4498.09 4930.4 4560.03 5182.01 4
295 4345.89 4713.8 4439.38 4540.08 2
296 4498.09 4930.4 4560.03 5182.01 4
297 4345.89 4713.8 4439.38 4540.08 2
298 4498.09 4930.4 4560.03 5182.01 4
299 4345.89 4713.8 4439.38 4540.08 2
300 4498.09 4930.4 4560.03 5182.01 4
301 4345.89 4713.8 4439.38 4540.08 2
302 4498.09 4930.4 4560.03 5182.01 4
303 4345.89 4713.8 4439.38 4540.08 2
304 4498.09 4930.4 4560.03 5182.01 4
305 4345.89 4713.8 4439.38 4540.08 2
306 4498.09 4930.4 4560.03 5182.01 4
307 4345.89 4713.8 4439.38 4540.08 2
308 4498.09 4930.4 4560.03 5182.01 4
309 4345.89 4713.8 4439.38 4540.08 2
310 4498.09 4930.4 4560.03 5182.01 4
311 4345.89 4713.8 4439.38 4540.08 2
312 4498.09 4930.4 4560.03 5182.01 4
313 4345.89 4713.8 4439.38 4540.08 2
314 4498.09 4930.4 4560.03 5182.01 4
315 4345.89 4713.8 4439.38 4540.08 2
316 4498.09 4930.4 4560.03 5182.01 4
317 4345.89 4713.8 4439.38 4540.08 2
318 4498.09 4930.4 4560.03 5182.01 4
319 4345.89 4713.8 4439.38 4540.08 2
320 4498.09 4930.4 4560.03 5182.01 4
321 4345.89 4713.8 4439.38 4540.08 2
322 4498.09 4930.4 4560.03 5182.01 4
323 4345.89 4713.8 4439.38 4540.08 2
324 4498.09 4930.4 4560.03 5182.01 4
325 4345.89 4713.8 4439.38 4540.08 2
326 4498.09 4930.4 4560.03 5182.01 4
327 4345.89 4713.8 4439.38 4540.08 2
328 4498.09 4930.4 4560.03 5182.01 4
329 4345.89 4713.8 4439.38 4540.08 2
330 RANDOM
331 4549.41 4959.91 4646.46 5109.66 4
332 4565.59 4989.61 4661.91 4912.81 2
333 4549.41 4959.91 4646.46 5109.66 4
334 4565.59 4989.61 4661.91 4912.81 2
335 4549.41 4959.91 4646.46 5109.66 4
336 4565.59 4989.61 4661.91 4912.81 2
337 4549.41 4959.91 4646.46 5109.66 4
338 RANDOM
339 4345.89 4713.8 4439.38 4540.08 2
340 4498.09 4930.4 4560.03 5182.01 4
341 4345.89 4713.8 4439.38 4540.08 2
342 4498.09 4930.4 4560.03 5182.01 4
343 4345.89 4713.8 4439.38 4540.08 2
344 4498.09 4930.4 4560.03 5182.01 4
345 4345.89 4713.8 4439.38 4540.08 2
346 4498.09 4930.4 4560.03 5182.01 4
347 4345.89 4713.8 4439.38 4540.08 2
348 4498.09 4930.4 4560.03 5182.01 4
349 4345.89 4713.8 4439.38 4540.08 2
350 4498.09 4930.4 4560.03 5182.01 4
351 4345.89 4713.8 4439.38 4540.08 2
352 4498.09 4930.4 4560.03 5182.01 4
353 4345.89 4713.8 4439.38 4540.08 2
354 4498.09 4930.4 4560.03 5182.01 4
355 RANDOM
356 4132.0 4457.36 4243.9 4175.07 2
357 4277.03 4617.5 4319.14 4713.36 4
358 4132.0 4457.36 4243.9 4175.07 2
359 4277.03 4617.5 4319.14 4713.36 4
360 4132.0 4457.36 4243.9 4175.07 2
361 4277.03 4617.5 4319.14 4713.36 4
362 4132.0 4457.36 4243.9 4175.07 2
363 4277.03 4617.5 4319.14 4713.36 4
364 4132.0 4457.36 4243.9 4175.07 2
365 4277.03 4617.5 4319.14 4713.36 4
366 4132.0 4457.36 4243.9 4175.07 2
367 4277.03 4617.5 4319.14 4713.36 4
368 4132.0 4457.36 4243.9 4175.07 2
369 4277.03 4617.5 4319.14 4713.36 4
370 4132.0 4457.36 4243.9 4175.07 2
371 4277.03 4617.5 4319.14 4713.36 4
372 4132.0 4457.36 4243.9 4175.07 2
373 4277.03 4617.5 4319.14 4713.36 4
374 4132.0 4457.36 4243.9 4175.07 2
375 RANDOM
376 4498.09 4930.4 4560.03 5182.01 4
377 4345.89 4713.8 4439.38 4540.08 2
378 4498.09 4930.4 4560.03 5182.01 4
379 RANDOM
380 4132.0 4457.36 4243.9 4175.07 2
381 4277.03 4617.5 4319.14 4713.36 4
382 4132.0 4457.36 4243.9 4175.07 2
383 RANDOM
384 4498.09 4930.4 4560.03 5182.01 4
385 4345.89 4713.8 4439.38 4540.08 2
386 4498.09 4930.4 4560.03 5182.01 4
387 4345.89 4713.8 4439.38 4540.08 2
388 4498.09 4930.4 4560.03 5182.01 4
389 4345.89 4713.8 4439.38 4540.08 2
390 4498.09 4930.4 4560.03 5182.01 4
391 4345.89 4713.8 4439.38 4540.08 2
392 4498.09 4930.4 4560.03 5182.01 4
393 4345.89 4713.8 4439.38 4540.08 2
394 4498.09 4930.4 4560.03 5182.01 4
395 4345.89 4713.8 4439.38 4540.08 2
396 4498.09 4930.4 4560.03 5182.01 4
397 4345.89 4713.8 4439.38 4540.08 2
398 4498.09 4930.4 4560.03 5182.01 4
399 4345.89 4713.8 4439.38 4540.08 2
400 4498.09 4930.4 4560.03 5182.01 4
401 4345.89 4713.8 4439.38 4540.08 2
402 4498.09 4930.4 4560.03 5182.01 4
403 4345.89 4713.8 4439.38 4540.08 2
404 4498.09 4930.4 4560.03 5182.01 4
405 4345.89 4713.8 4439.38 4540.08 2
406 4498.09 4930.4 4560.03 5182.01 4
407 4345.89 4713.8 4439.38 4540.08 2
408 4498.09 4930.4 4560.03 5182.01 4
409 4345.89 4713.8 4439.38 4540.08 2
410 4498.09 4930.4 4560.03 5182.01 4
411 4345.89 4713.8 4439.38 4540.08 2
412 4498.09 4930.4 4560.03 5182.01 4
413 4345.89 4713.8 4439.38 4540.08 2
414 4498.09 4930.4 4560.03 5182.01 4
415 4345.89 4713.8 4439.38 4540.08 2
416 4498.09 4930.4 4560.03 5182.01 4
417 4345.89 4713.8 4439.38 4540.08 2
418 4498.09 4930.4 4560.03 5182.01 4
419 4345.89 4713.8 4439.38 4540.08 2
420 4498.09 4930.4 4560.03 5182.01 4
421 RANDOM
422 4132.0 4457.36 4243.9 4175.07 2
423 4277.03 4617.5 4319.14 4713.36 4
424 4132.0 4457.36 4243.9 4175.07 2
425 4277.03 4617.5 4319.14 4713.36 4
426 4132.0 4457.36 4243.9 4175.07 2
427 4277.03 4617.5 4319.14 4713.36 4
428 4132.0 4457.36 4243.9 4175.07 2
429 4277.03 4617.5 4319.14 4713.36 4
430 4132.0 4457.36 4243.9 4175.07 2
431 4277.03 4617.5 4319.14 4713.36 4
432 4132.0 4457.36 4243.9 4175.07 2
433 4277.03 4617.5 4319.14 4713.36 4
434 4132.0 4457.36 4243.9 4175.07 2
435 4277.03 4617.5 4319.14 4713.36 4
436 4132.0 4457.36 4243.9 4175.07 2
437 4277.03 4617.5 4319.14 4713.36 4
438 4132.0 4457.36 4243.9 4175.07 2
439 4277.03 4617.5 4319.14 4713.36 4
440 4132.0 4457.36 4243.9 4175.07 2
441 4277.03 4617.5 4319.14 4713.36 4
442 4132.0 4457.36 4243.9 4175.07 2
443 4277.03 4617.5 4319.14 4713.36 4
444 4132.0 4457.36 4243.9 4175.07 2
445 4277.03 4617.5 4319.14 4713.36 4
446 RANDOM
447 3930.91 4212.68 4069.3 3821.33 2
448 4063.71 4323.19 4089.22 4288.44 2
449 4277.03 4617.5 4319.14 4713.36 4
450 4132.0 4457.36 4243.9 4175.07 2
451 4277.03 4617.5 4319.14 4713.36 4
452 4132.0 4457.36 4243.9 4175.07 2
453 4277.03 4617.5 4319.14 4713.36 4
454 4132.0 4457.36 4243.9 4175.07 2
455 4277.03 4617.5 4319.14 4713.36 4
456 4132.0 4457.36 4243.9 4175.07 2
457 4277.03 4617.5 4319.14 4713.36 4
458 4132.0 4457.36 4243.9 4175.07 2
459 4277.03 4617.5 4319.14 4713.36 4
460 4132.0 4457.36 4243.9 4175.07 2
461 4277.03 4617.5 4319.14 4713.36 4
462 4132.0 4457.36 4243.9 4175.07 2
463 4277.03 4617.5 4319.14 4713.36 4
464 4132.0 4457.36 4243.9 4175.07 2
465 4277.03 4617.5 4319.14 4713.36 4
466 4132.0 4457.36 4243.9 4175.07 2
467 4277.03 4617.5 4319.14 4713.36 4
468 4132.0 4457.36 4243.9 4175.07 2
469 4277.03 4617.5 4319.14 4713.36 4
470 4132.0 4457.36 4243.9 4175.07 2
471 4277.03 4617.5 4319.14 4713.36 4
472 4132.0 4457.36 4243.9 4175.07 2
473 4277.03 4617.5 4319.14 4713.36 4
474 4132.0 4457.36 4243.9 4175.07 2
475 4277.03 4617.5 4319.14 4713.36 4
476 4132.0 4457.36 4243.9 4175.07 2
477 4277.03 4617.5 4319.14 4713.36 4
478 4132.0 4457.36 4243.9 4175.07 2
479 4277.03 4617.5 4319.14 4713.36 4
480 4132.0 4457.36 4243.9 4175.07 2
481 4277.03 4617.5 4319.14 4713.36 4
482 4132.0 4457.36 4243.9 4175.07 2
483 4277.03 4617.5 4319.14 4713.36 4
484 4132.0 4457.36 4243.9 4175.07 2
485 4277.03 4617.5 4319.14 4713.36 4
486 4132.0 4457.36 4243.9 4175.07 2
487 4277.03 4617.5 4319.14 4713.36 4
488 4132.0 4457.36 4243.9 4175.07 2
489 4277.03 4617.5 4319.14 4713.36 4
490 4132.0 4457.36 4243.9 4175.07 2
491 4277.03 4617.5 4319.14 4713.36 4
492 4132.0 4457.36 4243.9 4175.07 2
493 4277.03 4617.5 4319.14 4713.36 4
494 4132.0 4457.36 4243.9 4175.07 2
495 4277.03 4617.5 4319.14 4713.36 4
496 4132.0 4457.36 4243.9 4175.07 2
497 4277.03 4617.5 4319.14 4713.36 4
498 4132.0 4457.36 4243.9 4175.07 2
499 4277.03 4617.5 4319.14 4713.36 4
500 4132.0 4457.36 4243.9 4175.07 2
501 4277.03 4617.5 4319.14 4713.36 4
502 4132.0 4457.36 4243.9 4175.07 2
503 4277.03 4617.5 4319.14 4713.36 4
504 4132.0 4457.36 4243.9 4175.07 2
505 4277.03 4617.5 4319.14 4713.36 4
506 4132.0 4457.36 4243.9 4175.07 2
507 4277.03 4617.5 4319.14 4713.36 4
508 4132.0 4457.36 4243.9 4175.07 2
509 4277.03 4617.5 4319.14 4713.36 4
510 4132.0 4457.36 4243.9 4175.07 2
511 4277.03 4617.5 4319.14 4713.36 4
512 4132.0 4457.36 4243.9 4175.07 2
513 4277.03 4617.5 4319.14 4713.36 4
514 4132.0 4457.36 4243.9 4175.07 2
515 4277.03 4617.5 4319.14 4713.36 4
516 4132.0 4457.36 4243.9 4175.07 2
517 4277.03 4617.5 4319.14 4713.36 4
518 4132.0 4457.36 4243.9 4175.07 2
519 4277.03 4617.5 4319.14 4713.36 4
520 4132.0 4457.36 4243.9 4175.07 2
521 4277.03 4617.5 4319.14 4713.36 4
522 4132.0 4457.36 4243.9 4175.07 2
523 4277.03 4617.5 4319.14 4713.36 4
524 4132.0 4457.36 4243.9 4175.07 2
525 4277.03 4617.5 4319.14 4713.36 4
526 4132.0 4457.36 4243.9 4175.07 2
527 RANDOM
528 4498.09 4930.4 4560.03 5182.01 4
529 4345.89 4713.8 4439.38 4540.08 2
530 4498.09 4930.4 4560.03 5182.01 4
531 4345.89 4713.8 4439.38 4540.08 2
532 4498.09 4930.4 4560.03 5182.01 4
533 4345.89 4713.8 4439.38 4540.08 2
534 4498.09 4930.4 4560.03 5182.01 4
535 4345.89 4713.8 4439.38 4540.08 2
536 4498.09 4930.4 4560.03 5182.01 4
537 4345.89 4713.8 4439.38 4540.08 2
538 4498.09 4930.4 4560.03 5182.01 4
539 4345.89 4713.8 4439.38 4540.08 2
540 4498.09 4930.4 4560.03 5182.01 4
541 4345.89 4713.8 4439.38 4540.08 2
542 4498.09 4930.4 4560.03 5182.01 4
543 4345.89 4713.8 4439.38 4540.08 2
544 4498.09 4930.4 4560.03 5182.01 4
545 RANDOM
546 4132.0 4457.36 4243.9 4175.07 2
547 4277.03 4617.5 4319.14 4713.36 4
548 4132.0 4457.36 4243.9 4175.07 2
549 4277.03 4617.5 4319.14 4713.36 4
550 4132.0 4457.36 4243.9 4175.07 2
551 RANDOM
552 4498.09 4930.4 4560.03 5182.01 4
553 4345.89 4713.8 4439.38 4540.08 2
554 4498.09 4930.4 4560.03 5182.01 4
555 4345.89 4713.8 4439.38 4540.08 2
556 4498.09 4930.4 4560.03 5182.01 4
557 4345.89 4713.8 4439.38 4540.08 2
558 4498.09 4930.4 4560.03 5182.01 4
559 4345.89 4713.8 4439.38 4540.08 2
560 4498.09 4930.4 4560.03 5182.01 4
561 4345.89 4713.8 4439.38 4540.08 2
562 4498.09 4930.4 4560.03 5182.01 4
563 4345.89 4713.8 4439.38 4540.08 2
564 4498.09 4930.4 4560.03 5182.01 4
565 4345.89 4713.8 4439.38 4540.08 2
566 4498.09 4930.4 4560.03 5182.01 4
567 4345.89 4713.8 4439.38 4540.08 2
568 4498.09 4930.4 4560.03 5182.01 4
569 4345.89 4713.8 4439.38 4540.08 2
570 4498.09 4930.4 4560.03 5182.01 4
571 4345.89 4713.8 4439.38 4540.08 2
572 4498.09 4930.4 4560.03 5182.01 4
573 4345.89 4713.8 4439.38 4540.08 2
574 4498.09 4930.4 4560.03 5182.01 4
575 4345.89 4713.8 4439.38 4540.08 2
576 4498.09 4930.4 4560.03 5182.01 4
577 4345.89 4713.8 4439.38 4540.08 2
578 4498.09 4930.4 4560.03 5182.01 4
579 4345.89 4713.8 4439.38 4540.08 2
580 4498.09 4930.4 4560.03 5182.01 4
581 4345.89 4713.8 4439.38 4540.08 2
582 4498.09 4930.4 4560.03 5182.01 4
583 4345.89 4713.8 4439.38 4540.08 2
584 4498.09 4930.4 4560.03 5182.01 4
585 4345.89 4713.8 4439.38 4540.08 2
586 4498.09 4930.4 4560.03 5182.01 4
587 4345.89 4713.8 4439.38 4540.08 2
588 4498.09 4930.4 4560.03 5182.01 4
589 4345.89 4713.8 4439.38 4540.08 2
590 4498.09 4930.4 4560.03 5182.01 4
591 4345.89 4713.8 4439.38 4540.08 2
592 4498.09 4930.4 4560.03 5182.01 4
593 4345.89 4713.8 4439.38 4540.08 2
594 4498.09 4930.4 4560.03 5182.01 4
595 4345.89 4713.8 4439.38 4540.08 2
596 4498.09 4930.4 4560.03 5182.01 4
597 4345.89 4713.8 4439.38 4540.08 2
598 4498.09 4930.4 4560.03 5182.01 4
599 4345.89 4713.8 4439.38 4540.08 2
600 4498.09 4930.4 4560.03 5182.01 4
601 4345.89 4713.8 4439.38 4540.08 2
602 4498.09 4930.4 4560.03 5182.01 4
603 4345.89 4713.8 4439.38 4540.08 2
604 RANDOM
605 4435.25 4904.05 4504.45 5261.38 4
606 4558.79 4956.9 4645.82 4865.38 2
