0 209.754 605.048 -425.788 517.509 2
1 RANDOM
2 254.476 608.716 -478.765 521.306 2
3 173.273 622.92 -243.538 588.177 2
4 212.089 595.879 -251.142 544.772 2
5 224.313 618.124 -227.854 552.18 2
6 316.848 597.666 -284.978 538.634 2
7 251.139 700.333 -151.707 694.936 2
8 277.849 703.465 -131.539 685.072 2
9 291.621 723.732 -111.758 701.75 2
10 369.042 791.0 -38.7519 772.378 2
11 394.869 664.93 -72.474 613.224 2
12 419.32 665.508 -61.1549 598.799 2
13 437.343 683.52 -47.0966 606.189 2
14 557.406 772.868 68.5206 690.728 2
15 376.175 665.357 -182.73 599.614 2
16 401.646 695.299 -105.809 604.205 2
17 410.827 736.235 -46.4477 630.381 2
18 523.241 822.592 89.6412 709.354 2
19 437.223 861.836 2.56064 858.04 2
20 473.114 893.316 43.3741 871.941 2
21 505.981 914.334 103.456 875.366 2
22 683.058 983.854 307.859 914.501 2
23 611.696 1083.83 464.959 1043.99 2
24 713.313 1086.64 531.263 1000.81 2
25 724.332 1080.94 529.289 978.517 2
26 RANDOM
27 773.731 1134.54 649.534 1049.56 2
28 906.929 1139.11 740.748 1006.1 2
29 948.389 1125.19 781.624 972.851 2
30 1108.56 1225.68 1025.12 1051.02 2
31 726.738 1089.71 740.026 1075.7 2
32 907.78 1107.45 905.565 1036.13 2
33 998.943 1148.27 1039.86 1051.17 2
34 1218.24 1255.52 1322.23 1120.72 3
35 1172.62 1230.38 1343.25 1157.06 3
