0 -178.022 278.991 -680.574 242.71 2
1 -161.059 276.512 -691.222 242.17 2
2 -150.882 285.499 -688.075 248.324 2
3 -282.536 263.344 -563.888 236.168 2
4 -254.351 257.676 -557.485 212.467 2
5 -248.946 255.426 -543.458 195.226 2
6 -160.572 254.101 -601.81 208.975 2
7 -201.574 271.399 -550.242 217.948 2
8 -193.664 265.025 -549.49 201.965 2
9 -197.977 272.042 -551.114 210.042 2
10 -169.238 301.378 -544.967 240.953 2
11 -125.755 226.189 -515.909 129.61 2
12 -112.057 220.352 -517.841 115.516 2
13 -96.424 228.066 -517.05 117.503 2
14 -43.8236 253.138 -495.015 131.438 2
15 -97.547 241.574 -594.361 154.59 2
16 -86.3112 236.08 -561.091 125.678 2
17 -90.0221 250.858 -537.382 128.409 2
18 -40.5187 270.964 -483.155 127.907 2
19 -79.8221 282.083 -517.268 212.229 2
20 -57.278 303.283 -502.506 223.27 2
21 -52.4025 320.2 -483.403 235.595 2
22 17.1371 319.304 -420.025 190.979 2
23 58.0245 306.229 -270.172 138.991 2
24 115.687 289.722 -249.874 85.9892 2
25 111.811 288.794 -262.88 79.2509 2
26 133.862 283.133 -240.683 46.9948 2
27 132.341 257.1 -201.269 17.1477 2
28 233.355 253.789 -146.823 -32.5013 2
29 RANDOM
30 305.543 272.234 -30.1018 -57.908 1
31 253.448 298.456 -81.1639 -17.25 2
32 280.089 252.951 -47.8216 -64.6646 1
