0 RANDOM
1 52.3182 59.473 46.1001 65.2392 4
2 48.0303 61.0565 38.1369 78.3648 4
3 47.843 61.3273 37.674 79.2475 4
4 52.7227 62.4905 43.421 76.8295 4
5 52.9597 62.8494 43.5355 77.5387 4
6 53.1468 63.2878 43.533 78.5763 4
7 53.2481 63.8621 43.3317 80.0916 4
8 RANDOM
9 54.2693 62.9664 45.466 75.4697 4
10 54.346 63.3341 45.3427 76.4896 4
11 54.418 63.829 45.157 77.8641 4
12 53.1631 60.5854 44.8091 71.1624 4
13 53.1956 60.9232 44.6444 72.1343 4
14 53.2296 61.3662 44.4872 73.3876 4
15 53.2811 61.8844 44.286 74.8528 4
16 54.0432 58.9666 44.282 67.8016 4
17 53.8582 58.9091 44.0023 68.0492 4
18 53.7994 59.0185 43.7821 68.5902 4
19 53.8171 59.2674 43.6113 69.3905 4
20 51.9741 55.7239 42.795 62.4147 4
21 52.0079 55.9424 42.674 63.0459 4
22 52.1388 56.3421 42.5753 64.0575 4
23 52.4732 57.0237 42.6351 65.5041 4
24 50.5287 54.275 41.3682 60.9351 4
25 50.5267 54.3592 41.2161 61.3052 4
26 50.7183 54.7421 41.1766 62.1999 4
27 51.0108 55.339 41.1934 63.5095 4
28 46.7998 52.7102 38.6141 52.157 2
29 55.1825 57.1502 49.9271 56.2234 2
30 56.2259 58.191 51.6351 56.4623 2
31 57.6643 59.6231 53.8296 57.2118 2
32 58.9507 60.9224 55.7432 57.9956 2
33 60.795 62.6697 58.362 59.0827 2
34 62.3854 64.0926 60.7336 59.8423 2
35 63.7658 65.3226 62.7211 60.569 2
36 64.8133 66.2487 64.1538 61.1796 2
37 62.1976 64.2647 60.2697 60.6164 2
38 63.1173 64.9846 61.8287 60.7212 2
39 64.2214 65.9433 63.5685 61.1407 2
40 65.2321 66.8579 65.0985 61.6266 2
41 65.574 67.8265 64.7728 63.6588 2
42 66.8897 68.7208 66.6427 63.8578 2
43 67.7497 69.3382 67.7875 64.1169 2
44 68.3749 69.7892 68.6445 64.3036 2
45 65.1514 67.8518 62.9077 65.201 2
46 66.7007 68.8816 65.4434 65.1543 2
47 67.6644 69.5917 66.8475 65.3362 2
48 67.9221 69.768 67.1686 65.3729 2
49 63.5691 67.484 60.3877 66.3768 2
50 65.6677 68.4885 63.4323 65.876 2
51 66.8148 69.0347 65.164 65.5777 2
52 67.213 69.1851 65.7992 65.3614 2
53 56.3486 62.34 51.943 63.9768 4
54 55.6039 62.7497 47.9781 71.4018 4
55 55.6189 62.9463 47.8802 72.0174 4
56 55.6117 63.2382 47.6785 72.9574 4
57 55.3982 63.539 47.1591 74.2867 4
58 56.6686 62.6813 49.4937 69.0837 4
59 56.5018 62.7 49.2709 69.4886 4
60 56.3055 62.8781 48.9169 70.4011 4
61 55.8778 63.0383 48.2048 71.7433 4
62 55.8985 60.6237 49.4424 64.6061 4
63 55.5934 60.7076 48.8543 65.57 4
64 RANDOM
65 54.8547 61.358 47.801 68.5317 4
66 54.3211 58.089 46.1276 63.4978 4
67 53.8989 57.8052 45.5789 63.6088 4
68 53.497 57.6314 44.9731 64.0365 4
69 53.2103 57.6482 44.4767 64.6953 4
70 52.3637 55.5493 44.2476 60.1801 4
71 52.1944 55.5577 43.9192 60.6406 4
72 51.986 55.5793 43.479 61.2786 4
73 52.0222 55.9029 43.2315 62.2899 4
74 50.6355 54.2017 41.838 60.1767 4
75 50.6545 54.2872 41.7175 60.5126 4
76 50.7695 54.592 41.6112 61.3178 4
77 51.0308 55.1401 41.607 62.5431 4
78 47.0018 52.8909 38.8215 52.3167 2
79 55.3916 57.3442 50.1799 56.3604 2
80 RANDOM
81 RANDOM
82 59.1854 61.1612 56.0789 58.1522 2
83 61.0624 62.9366 58.7264 59.2691 2
84 62.6697 64.3772 61.1199 60.0503 2
85 64.0664 65.6326 63.14 60.7983 2
86 65.1177 66.568 64.5851 61.4137 2
87 62.3665 64.4403 60.531 60.7225 2
88 63.2947 65.1771 62.1148 60.8359 2
89 64.3779 66.1142 63.8222 61.2423 2
90 65.2321 66.8579 65.0985 61.6266 2
91 65.574 67.8265 64.7728 63.6588 2
92 66.8897 68.7208 66.6427 63.8578 2
93 67.7497 69.3382 67.7875 64.1169 2
94 68.3749 69.7892 68.6445 64.3036 2
95 65.1514 67.8518 62.9077 65.201 2
96 66.7007 68.8816 65.4434 65.1543 2
97 67.6644 69.5917 66.8475 65.3362 2
98 67.9221 69.768 67.1686 65.3729 2
99 RANDOM
100 66.5924 69.4195 64.668 66.5306 2
101 67.8468 70.0612 66.5238 66.3025 2
102 68.322 70.2881 67.2723 66.1371 2
103 59.6854 65.6582 55.779 66.6489 4
104 57.8451 64.8707 50.2222 73.2964 4
105 57.8078 65.0131 50.0703 73.8459 4
106 RANDOM
107 57.6185 65.618 49.3706 76.1164 4
108 58.2246 64.1124 51.0094 70.3089 4
109 57.9159 64.0241 50.6686 70.6376 4
110 57.7007 64.1953 50.3021 71.5656 4
111 57.3523 64.4241 49.6691 72.9476 4
112 RANDOM
113 RANDOM
114 55.911 61.7021 49.0216 67.637 4
115 55.5636 62.0616 48.4896 69.2007 4
116 54.7392 58.4203 46.5417 63.7295 4
117 54.2637 58.0919 45.9394 63.8075 4
118 53.8535 57.9085 45.3262 64.2224 4
119 53.5297 57.9014 44.7922 64.8726 4
120 RANDOM
121 52.7485 56.0171 44.4724 60.9936 4
122 52.5552 56.0514 44.0486 61.644 4
123 52.5092 56.2892 43.7215 62.5566 4
124 51.1396 54.632 42.3577 60.5128 4
125 51.1537 54.7151 42.2319 60.8494 4
126 51.2659 55.0154 42.1222 61.6483 4
127 51.5241 55.5714 42.1162 62.8949 4
128 47.3926 53.2354 39.219 52.6289 2
129 56.0723 57.9734 50.9945 56.813 2
130 57.1497 59.0771 52.7911 57.0772 2
131 RANDOM
132 60.0294 61.9991 57.2057 58.7466 2
133 61.9606 63.8144 59.9236 59.8818 2
134 63.6422 65.3552 62.4201 60.7889 2
135 65.0359 66.6271 64.4625 61.5444 2
136 66.1043 67.61 65.9863 62.1859 2
137 63.8605 65.8401 62.3994 61.7379 2
138 64.9724 66.8228 64.2884 62.0644 2
139 66.0147 67.7634 66.0199 62.4762 2
140 66.791 68.4542 67.2981 62.8211 2
141 67.0801 69.2841 66.7483 64.6988 2
142 68.5054 70.3083 68.8767 64.9715 2
143 69.507 71.0794 70.2654 65.359 2
144 70.393 71.7434 71.3913 65.7356 2
145 66.7015 69.3721 64.9408 66.2919 2
146 68.335 70.5107 67.6244 66.319 2
147 69.1697 71.0665 68.8595 66.3624 2
148 69.3825 71.1678 69.1183 66.3133 2
149 64.6951 68.6065 61.8067 67.2114 2
150 66.5924 69.4195 64.668 66.5306 2
151 67.8468 70.0612 66.5238 66.3025 2
152 68.322 70.2881 67.2723 66.1371 2
153 59.6854 65.6582 55.779 66.6489 4
154 57.8451 64.8707 50.2222 73.2964 4
155 57.8078 65.0131 50.0703 73.8459 4
156 57.7635 65.264 49.8253 74.7443 4
157 57.6185 65.618 49.3706 76.1164 4
158 58.2246 64.1124 51.0094 70.3089 4
159 57.9159 64.0241 50.6686 70.6376 4
160 57.7007 64.1953 50.3021 71.5656 4
161 57.3523 64.4241 49.6691 72.9476 4
162 56.7694 61.4696 50.3614 65.3309 4
163 56.337 61.445 49.6113 66.2435 4
164 55.911 61.7021 49.0216 67.637 4
165 55.5636 62.0616 48.4896 69.2007 4
166 54.7392 58.4203 46.5417 63.7295 4
167 54.2637 58.0919 45.9394 63.8075 4
168 53.8535 57.9085 45.3262 64.2224 4
169 53.5297 57.9014 44.7922 64.8726 4
170 52.886 55.9891 44.769 60.5302 4
171 52.7485 56.0171 44.4724 60.9936 4
172 52.5552 56.0514 44.0486 61.644 4
173 52.5092 56.2892 43.7215 62.5566 4
174 51.1396 54.632 42.3577 60.5128 4
175 51.1537 54.7151 42.2319 60.8494 4
176 51.2659 55.0154 42.1222 61.6483 4
177 51.5241 55.5714 42.1162 62.8949 4
178 47.3926 53.2354 39.219 52.6289 2
179 56.0723 57.9734 50.9945 56.813 2
180 57.1497 59.0771 52.7911 57.0772 2
181 58.6229 60.5622 55.1056 57.8502 2
182 60.0294 61.9991 57.2057 58.7466 2
183 61.9606 63.8144 59.9236 59.8818 2
184 63.6422 65.3552 62.4201 60.7889 2
185 65.0359 66.6271 64.4625 61.5444 2
186 66.1043 67.61 65.9863 62.1859 2
187 63.8605 65.8401 62.3994 61.7379 2
188 64.9724 66.8228 64.2884 62.0644 2
189 66.0147 67.7634 66.0199 62.4762 2
190 66.791 68.4542 67.2981 62.8211 2
191 67.0801 69.2841 66.7483 64.6988 2
192 68.5054 70.3083 68.8767 64.9715 2
193 69.507 71.0794 70.2654 65.359 2
194 70.393 71.7434 71.3913 65.7356 2
195 66.7015 69.3721 64.9408 66.2919 2
196 68.335 70.5107 67.6244 66.319 2
197 69.1697 71.0665 68.8595 66.3624 2
198 69.3825 71.1678 69.1183 66.3133 2
199 64.6951 68.6065 61.8067 67.2114 2
200 66.5924 69.4195 64.668 66.5306 2
201 67.8468 70.0612 66.5238 66.3025 2
202 RANDOM
203 59.6854 65.6582 55.779 66.6489 4
204 57.8451 64.8707 50.2222 73.2964 4
205 57.8078 65.0131 50.0703 73.8459 4
206 57.7635 65.264 49.8253 74.7443 4
207 57.6185 65.618 49.3706 76.1164 4
208 58.2246 64.1124 51.0094 70.3089 4
209 57.9159 64.0241 50.6686 70.6376 4
210 57.7007 64.1953 50.3021 71.5656 4
211 57.3523 64.4241 49.6691 72.9476 4
212 56.7694 61.4696 50.3614 65.3309 4
213 56.337 61.445 49.6113 66.2435 4
214 55.911 61.7021 49.0216 67.637 4
215 55.5636 62.0616 48.4896 69.2007 4
216 54.7392 58.4203 46.5417 63.7295 4
217 54.2637 58.0919 45.9394 63.8075 4
218 53.8535 57.9085 45.3262 64.2224 4
219 53.5297 57.9014 44.7922 64.8726 4
220 52.886 55.9891 44.769 60.5302 4
221 52.7485 56.0171 44.4724 60.9936 4
222 52.5552 56.0514 44.0486 61.644 4
223 52.5092 56.2892 43.7215 62.5566 4
224 51.1396 54.632 42.3577 60.5128 4
225 51.1537 54.7151 42.2319 60.8494 4
226 51.2659 55.0154 42.1222 61.6483 4
227 51.5241 55.5714 42.1162 62.8949 4
228 47.3926 53.2354 39.219 52.6289 2
229 56.0723 57.9734 50.9945 56.813 2
230 57.1497 59.0771 52.7911 57.0772 2
231 58.6229 60.5622 55.1056 57.8502 2
232 60.0294 61.9991 57.2057 58.7466 2
233 61.9606 63.8144 59.9236 59.8818 2
234 63.6422 65.3552 62.4201 60.7889 2
235 65.0359 66.6271 64.4625 61.5444 2
236 66.1043 67.61 65.9863 62.1859 2
237 63.8605 65.8401 62.3994 61.7379 2
238 64.9724 66.8228 64.2884 62.0644 2
239 66.0147 67.7634 66.0199 62.4762 2
240 66.791 68.4542 67.2981 62.8211 2
241 67.0801 69.2841 66.7483 64.6988 2
242 68.5054 70.3083 68.8767 64.9715 2
243 69.507 71.0794 70.2654 65.359 2
244 70.393 71.7434 71.3913 65.7356 2
245 66.7015 69.3721 64.9408 66.2919 2
246 68.335 70.5107 67.6244 66.319 2
247 69.1697 71.0665 68.8595 66.3624 2
248 69.3825 71.1678 69.1183 66.3133 2
249 RANDOM
250 66.5924 69.4195 64.668 66.5306 2
251 RANDOM
252 68.322 70.2881 67.2723 66.1371 2
253 59.6854 65.6582 55.779 66.6489 4
254 57.8451 64.8707 50.2222 73.2964 4
255 57.8078 65.0131 50.0703 73.8459 4
256 57.7635 65.264 49.8253 74.7443 4
257 57.6185 65.618 49.3706 76.1164 4
258 58.2246 64.1124 51.0094 70.3089 4
259 57.9159 64.0241 50.6686 70.6376 4
260 57.7007 64.1953 50.3021 71.5656 4
261 57.3523 64.4241 49.6691 72.9476 4
262 56.7694 61.4696 50.3614 65.3309 4
263 56.337 61.445 49.6113 66.2435 4
264 55.911 61.7021 49.0216 67.637 4
265 55.5636 62.0616 48.4896 69.2007 4
266 54.7392 58.4203 46.5417 63.7295 4
267 54.2637 58.0919 45.9394 63.8075 4
268 53.8535 57.9085 45.3262 64.2224 4
269 53.5297 57.9014 44.7922 64.8726 4
270 52.886 55.9891 44.769 60.5302 4
271 52.7485 56.0171 44.4724 60.9936 4
272 52.5552 56.0514 44.0486 61.644 4
273 52.5092 56.2892 43.7215 62.5566 4
274 51.1396 54.632 42.3577 60.5128 4
275 51.1537 54.7151 42.2319 60.8494 4
276 51.2659 55.0154 42.1222 61.6483 4
277 RANDOM
278 47.3926 53.2354 39.219 52.6289 2
279 56.0723 57.9734 50.9945 56.813 2
280 57.1497 59.0771 52.7911 57.0772 2
281 58.6229 60.5622 55.1056 57.8502 2
282 60.0294 61.9991 57.2057 58.7466 2
283 61.9606 63.8144 59.9236 59.8818 2
284 63.6422 65.3552 62.4201 60.7889 2
285 65.0359 66.6271 64.4625 61.5444 2
286 RANDOM
287 63.8605 65.8401 62.3994 61.7379 2
288 RANDOM
289 66.0147 67.7634 66.0199 62.4762 2
290 RANDOM
291 67.0801 69.2841 66.7483 64.6988 2
292 68.5054 70.3083 68.8767 64.9715 2
293 69.507 71.0794 70.2654 65.359 2
294 70.393 71.7434 71.3913 65.7356 2
295 66.7015 69.3721 64.9408 66.2919 2
296 68.335 70.5107 67.6244 66.319 2
297 69.1697 71.0665 68.8595 66.3624 2
298 69.3825 71.1678 69.1183 66.3133 2
299 64.6951 68.6065 61.8067 67.2114 2
300 66.5924 69.4195 64.668 66.5306 2
301 67.8468 70.0612 66.5238 66.3025 2
302 68.322 70.2881 67.2723 66.1371 2
303 59.6854 65.6582 55.779 66.6489 4
304 57.8451 64.8707 50.2222 73.2964 4
305 57.8078 65.0131 50.0703 73.8459 4
306 57.7635 65.264 49.8253 74.7443 4
307 57.6185 65.618 49.3706 76.1164 4
308 58.2246 64.1124 51.0094 70.3089 4
309 57.9159 64.0241 50.6686 70.6376 4
310 57.7007 64.1953 50.3021 71.5656 4
311 57.3523 64.4241 49.6691 72.9476 4
312 RANDOM
313 RANDOM
314 RANDOM
315 RANDOM
316 54.7392 58.4203 46.5417 63.7295 4
317 54.2637 58.0919 45.9394 63.8075 4
318 53.8535 57.9085 45.3262 64.2224 4
319 53.5297 57.9014 44.7922 64.8726 4
320 52.886 55.9891 44.769 60.5302 4
321 52.7485 56.0171 44.4724 60.9936 4
322 52.5552 56.0514 44.0486 61.644 4
323 52.5092 56.2892 43.7215 62.5566 4
324 51.1396 54.632 42.3577 60.5128 4
325 51.1537 54.7151 42.2319 60.8494 4
326 51.2659 55.0154 42.1222 61.6483 4
327 51.5241 55.5714 42.1162 62.8949 4
328 47.3926 53.2354 39.219 52.6289 2
329 RANDOM
330 57.1497 59.0771 52.7911 57.0772 2
331 58.6229 60.5622 55.1056 57.8502 2
332 60.0294 61.9991 57.2057 58.7466 2
333 61.9606 63.8144 59.9236 59.8818 2
334 63.6422 65.3552 62.4201 60.7889 2
335 65.0359 66.6271 64.4625 61.5444 2
336 66.1043 67.61 65.9863 62.1859 2
337 63.8605 65.8401 62.3994 61.7379 2
338 RANDOM
339 66.0147 67.7634 66.0199 62.4762 2
340 66.791 68.4542 67.2981 62.8211 2
341 67.0801 69.2841 66.7483 64.6988 2
342 68.5054 70.3083 68.8767 64.9715 2
343 69.507 71.0794 70.2654 65.359 2
344 70.393 71.7434 71.3913 65.7356 2
345 66.7015 69.3721 64.9408 66.2919 2
346 68.335 70.5107 67.6244 66.319 2
347 69.1697 71.0665 68.8595 66.3624 2
348 69.3825 71.1678 69.1183 66.3133 2
349 64.6951 68.6065 61.8067 67.2114 2
350 66.5924 69.4195 64.668 66.5306 2
351 67.8468 70.0612 66.5238 66.3025 2
352 68.322 70.2881 67.2723 66.1371 2
353 59.6854 65.6582 55.779 66.6489 4
354 RANDOM
355 57.8078 65.0131 50.0703 73.8459 4
356 57.7635 65.264 49.8253 74.7443 4
357 57.6185 65.618 49.3706 76.1164 4
358 58.2246 64.1124 51.0094 70.3089 4
359 57.9159 64.0241 50.6686 70.6376 4
360 57.7007 64.1953 50.3021 71.5656 4
361 57.3523 64.4241 49.6691 72.9476 4
362 56.7694 61.4696 50.3614 65.3309 4
363 56.337 61.445 49.6113 66.2435 4
364 55.911 61.7021 49.0216 67.637 4
365 55.5636 62.0616 48.4896 69.2007 4
366 54.7392 58.4203 46.5417 63.7295 4
367 54.2637 58.0919 45.9394 63.8075 4
368 53.8535 57.9085 45.3262 64.2224 4
369 53.5297 57.9014 44.7922 64.8726 4
370 52.886 55.9891 44.769 60.5302 4
371 52.7485 56.0171 44.4724 60.9936 4
372 52.5552 56.0514 44.0486 61.644 4
373 52.5092 56.2892 43.7215 62.5566 4
374 51.1396 54.632 42.3577 60.5128 4
375 51.1537 54.7151 42.2319 60.8494 4
376 51.2659 55.0154 42.1222 61.6483 4
377 51.5241 55.5714 42.1162 62.8949 4
378 47.3926 53.2354 39.219 52.6289 2
379 56.0723 57.9734 50.9945 56.813 2
380 57.1497 59.0771 52.7911 57.0772 2
381 58.6229 60.5622 55.1056 57.8502 2
382 60.0294 61.9991 57.2057 58.7466 2
383 61.9606 63.8144 59.9236 59.8818 2
384 63.6422 65.3552 62.4201 60.7889 2
385 65.0359 66.6271 64.4625 61.5444 2
386 66.1043 67.61 65.9863 62.1859 2
387 63.8605 65.8401 62.3994 61.7379 2
388 64.9724 66.8228 64.2884 62.0644 2
389 66.0147 67.7634 66.0199 62.4762 2
390 66.791 68.4542 67.2981 62.8211 2
391 67.0801 69.2841 66.7483 64.6988 2
392 68.5054 70.3083 68.8767 64.9715 2
393 69.507 71.0794 70.2654 65.359 2
394 70.393 71.7434 71.3913 65.7356 2
395 66.7015 69.3721 64.9408 66.2919 2
396 68.335 70.5107 67.6244 66.319 2
397 69.1697 71.0665 68.8595 66.3624 2
398 69.3825 71.1678 69.1183 66.3133 2
399 64.6951 68.6065 61.8067 67.2114 2
400 66.5924 69.4195 64.668 66.5306 2
401 67.8468 70.0612 66.5238 66.3025 2
402 68.322 70.2881 67.2723 66.1371 2
403 59.6854 65.6582 55.779 66.6489 4
404 57.8451 64.8707 50.2222 73.2964 4
405 57.8078 65.0131 50.0703 73.8459 4
406 57.7635 65.264 49.8253 74.7443 4
407 57.6185 65.618 49.3706 76.1164 4
408 58.2246 64.1124 51.0094 70.3089 4
409 57.9159 64.0241 50.6686 70.6376 4
410 57.7007 64.1953 50.3021 71.5656 4
411 57.3523 64.4241 49.6691 72.9476 4
412 56.7694 61.4696 50.3614 65.3309 4
413 56.337 61.445 49.6113 66.2435 4
414 55.911 61.7021 49.0216 67.637 4
415 55.5636 62.0616 48.4896 69.2007 4
416 54.7392 58.4203 46.5417 63.7295 4
417 54.2637 58.0919 45.9394 63.8075 4
418 53.8535 57.9085 45.3262 64.2224 4
419 53.5297 57.9014 44.7922 64.8726 4
420 52.886 55.9891 44.769 60.5302 4
421 52.7485 56.0171 44.4724 60.9936 4
422 RANDOM
423 52.5092 56.2892 43.7215 62.5566 4
424 51.1396 54.632 42.3577 60.5128 4
425 51.1537 54.7151 42.2319 60.8494 4
426 51.2659 55.0154 42.1222 61.6483 4
427 51.5241 55.5714 42.1162 62.8949 4
428 47.3926 53.2354 39.219 52.6289 2
429 56.0723 57.9734 50.9945 56.813 2
430 57.1497 59.0771 52.7911 57.0772 2
431 58.6229 60.5622 55.1056 57.8502 2
432 60.0294 61.9991 57.2057 58.7466 2
433 RANDOM
434 RANDOM
435 65.0359 66.6271 64.4625 61.5444 2
436 66.1043 67.61 65.9863 62.1859 2
437 63.8605 65.8401 62.3994 61.7379 2
438 64.9724 66.8228 64.2884 62.0644 2
439 66.0147 67.7634 66.0199 62.4762 2
440 66.791 68.4542 67.2981 62.8211 2
441 67.0801 69.2841 66.7483 64.6988 2
442 68.5054 70.3083 68.8767 64.9715 2
443 RANDOM
444 70.393 71.7434 71.3913 65.7356 2
445 66.7015 69.3721 64.9408 66.2919 2
446 68.335 70.5107 67.6244 66.319 2
447 RANDOM
448 69.3825 71.1678 69.1183 66.3133 2
449 64.6951 68.6065 61.8067 67.2114 2
450 66.5924 69.4195 64.668 66.5306 2
451 67.8468 70.0612 66.5238 66.3025 2
452 68.322 70.2881 67.2723 66.1371 2
453 59.6854 65.6582 55.779 66.6489 4
454 57.8451 64.8707 50.2222 73.2964 4
455 57.8078 65.0131 50.0703 73.8459 4
456 57.7635 65.264 49.8253 74.7443 4
457 57.6185 65.618 49.3706 76.1164 4
458 58.2246 64.1124 51.0094 70.3089 4
459 57.9159 64.0241 50.6686 70.6376 4
460 57.7007 64.1953 50.3021 71.5656 4
461 57.3523 64.4241 49.6691 72.9476 4
462 56.7694 61.4696 50.3614 65.3309 4
463 56.337 61.445 49.6113 66.2435 4
464 55.911 61.7021 49.0216 67.637 4
465 RANDOM
466 54.7392 58.4203 46.5417 63.7295 4
467 54.2637 58.0919 45.9394 63.8075 4
468 53.8535 57.9085 45.3262 64.2224 4
469 53.5297 57.9014 44.7922 64.8726 4
470 52.886 55.9891 44.769 60.5302 4
471 52.7485 56.0171 44.4724 60.9936 4
472 52.5552 56.0514 44.0486 61.644 4
473 52.5092 56.2892 43.7215 62.5566 4
474 51.1396 54.632 42.3577 60.5128 4
475 51.1537 54.7151 42.2319 60.8494 4
476 51.2659 55.0154 42.1222 61.6483 4
477 51.5241 55.5714 42.1162 62.8949 4
478 47.3926 53.2354 39.219 52.6289 2
479 56.0723 57.9734 50.9945 56.813 2
480 57.1497 59.0771 52.7911 57.0772 2
481 58.6229 60.5622 55.1056 57.8502 2
482 60.0294 61.9991 57.2057 58.7466 2
483 61.9606 63.8144 59.9236 59.8818 2
484 63.6422 65.3552 62.4201 60.7889 2
485 65.0359 66.6271 64.4625 61.5444 2
486 66.1043 67.61 65.9863 62.1859 2
487 63.8605 65.8401 62.3994 61.7379 2
488 64.9724 66.8228 64.2884 62.0644 2
489 66.0147 67.7634 66.0199 62.4762 2
490 66.791 68.4542 67.2981 62.8211 2
491 67.0801 69.2841 66.7483 64.6988 2
492 68.5054 70.3083 68.8767 64.9715 2
493 69.507 71.0794 70.2654 65.359 2
494 70.393 71.7434 71.3913 65.7356 2
495 66.7015 69.3721 64.9408 66.2919 2
496 68.335 70.5107 67.6244 66.319 2
497 RANDOM
498 69.3825 71.1678 69.1183 66.3133 2
499 64.6951 68.6065 61.8067 67.2114 2
500 66.5924 69.4195 64.668 66.5306 2
501 67.8468 70.0612 66.5238 66.3025 2
502 68.322 70.2881 67.2723 66.1371 2
503 59.6854 65.6582 55.779 66.6489 4
504 57.8451 64.8707 50.2222 73.2964 4
505 57.8078 65.0131 50.0703 73.8459 4
506 57.7635 65.264 49.8253 74.7443 4
507 57.6185 65.618 49.3706 76.1164 4
508 58.2246 64.1124 51.0094 70.3089 4
509 57.9159 64.0241 50.6686 70.6376 4
510 57.7007 64.1953 50.3021 71.5656 4
511 57.3523 64.4241 49.6691 72.9476 4
512 56.7694 61.4696 50.3614 65.3309 4
513 56.337 61.445 49.6113 66.2435 4
514 55.911 61.7021 49.0216 67.637 4
515 55.5636 62.0616 48.4896 69.2007 4
516 54.7392 58.4203 46.5417 63.7295 4
517 54.2637 58.0919 45.9394 63.8075 4
518 53.8535 57.9085 45.3262 64.2224 4
519 53.5297 57.9014 44.7922 64.8726 4
520 52.886 55.9891 44.769 60.5302 4
521 52.7485 56.0171 44.4724 60.9936 4
522 52.5552 56.0514 44.0486 61.644 4
523 52.5092 56.2892 43.7215 62.5566 4
524 51.1396 54.632 42.3577 60.5128 4
525 51.1537 54.7151 42.2319 60.8494 4
526 51.2659 55.0154 42.1222 61.6483 4
527 51.5241 55.5714 42.1162 62.8949 4
528 47.3926 53.2354 39.219 52.6289 2
529 56.0723 57.9734 50.9945 56.813 2
530 57.1497 59.0771 52.7911 57.0772 2
531 58.6229 60.5622 55.1056 57.8502 2
532 60.0294 61.9991 57.2057 58.7466 2
533 61.9606 63.8144 59.9236 59.8818 2
534 63.6422 65.3552 62.4201 60.7889 2
535 65.0359 66.6271 64.4625 61.5444 2
536 66.1043 67.61 65.9863 62.1859 2
537 63.8605 65.8401 62.3994 61.7379 2
538 64.9724 66.8228 64.2884 62.0644 2
539 66.0147 67.7634 66.0199 62.4762 2
540 66.791 68.4542 67.2981 62.8211 2
541 67.0801 69.2841 66.7483 64.6988 2
542 68.5054 70.3083 68.8767 64.9715 2
543 69.507 71.0794 70.2654 65.359 2
544 70.393 71.7434 71.3913 65.7356 2
545 66.7015 69.3721 64.9408 66.2919 2
546 68.335 70.5107 67.6244 66.319 2
547 69.1697 71.0665 68.8595 66.3624 2
548 69.3825 71.1678 69.1183 66.3133 2
549 64.6951 68.6065 61.8067 67.2114 2
550 RANDOM
551 67.8468 70.0612 66.5238 66.3025 2
552 68.322 70.2881 67.2723 66.1371 2
553 59.6854 65.6582 55.779 66.6489 4
554 57.8451 64.8707 50.2222 73.2964 4
555 57.8078 65.0131 50.0703 73.8459 4
556 57.7635 65.264 49.8253 74.7443 4
557 57.6185 65.618 49.3706 76.1164 4
558 58.2246 64.1124 51.0094 70.3089 4
559 57.9159 64.0241 50.6686 70.6376 4
560 57.7007 64.1953 50.3021 71.5656 4
561 57.3523 64.4241 49.6691 72.9476 4
562 56.7694 61.4696 50.3614 65.3309 4
563 56.337 61.445 49.6113 66.2435 4
564 55.911 61.7021 49.0216 67.637 4
565 55.5636 62.0616 48.4896 69.2007 4
566 RANDOM
567 54.2637 58.0919 45.9394 63.8075 4
568 53.8535 57.9085 45.3262 64.2224 4
569 53.5297 57.9014 44.7922 64.8726 4
570 52.886 55.9891 44.769 60.5302 4
571 52.7485 56.0171 44.4724 60.9936 4
572 52.5552 56.0514 44.0486 61.644 4
573 52.5092 56.2892 43.7215 62.5566 4
574 51.1396 54.632 42.3577 60.5128 4
575 51.1537 54.7151 42.2319 60.8494 4
576 51.2659 55.0154 42.1222 61.6483 4
577 51.5241 55.5714 42.1162 62.8949 4
578 47.3926 53.2354 39.219 52.6289 2
579 56.0723 57.9734 50.9945 56.813 2
580 57.1497 59.0771 52.7911 57.0772 2
581 58.6229 60.5622 55.1056 57.8502 2
582 60.0294 61.9991 57.2057 58.7466 2
583 61.9606 63.8144 59.9236 59.8818 2
584 63.6422 65.3552 62.4201 60.7889 2
585 65.0359 66.6271 64.4625 61.5444 2
586 66.1043 67.61 65.9863 62.1859 2
587 63.8605 65.8401 62.3994 61.7379 2
588 64.9724 66.8228 64.2884 62.0644 2
589 66.0147 67.7634 66.0199 62.4762 2
590 66.791 68.4542 67.2981 62.8211 2
591 RANDOM
592 RANDOM
593 69.507 71.0794 70.2654 65.359 2
594 70.393 71.7434 71.3913 65.7356 2
595 66.7015 69.3721 64.9408 66.2919 2
596 68.335 70.5107 67.6244 66.319 2
597 69.1697 71.0665 68.8595 66.3624 2
598 69.3825 71.1678 69.1183 66.3133 2
599 64.6951 68.6065 61.8067 67.2114 2
600 66.5924 69.4195 64.668 66.5306 2
601 67.8468 70.0612 66.5238 66.3025 2
602 68.322 70.2881 67.2723 66.1371 2
603 59.6854 65.6582 55.779 66.6489 4
604 57.8451 64.8707 50.2222 73.2964 4
605 57.8078 65.0131 50.0703 73.8459 4
606 57.7635 65.264 49.8253 74.7443 4
607 57.6185 65.618 49.3706 76.1164 4
608 58.2246 64.1124 51.0094 70.3089 4
609 57.9159 64.0241 50.6686 70.6376 4
610 57.7007 64.1953 50.3021 71.5656 4
611 57.3523 64.4241 49.6691 72.9476 4
612 56.7694 61.4696 50.3614 65.3309 4
613 56.337 61.445 49.6113 66.2435 4
614 55.911 61.7021 49.0216 67.637 4
615 55.5636 62.0616 48.4896 69.2007 4
616 54.7392 58.4203 46.5417 63.7295 4
617 54.2637 58.0919 45.9394 63.8075 4
618 53.8535 57.9085 45.3262 64.2224 4
619 53.5297 57.9014 44.7922 64.8726 4
620 52.886 55.9891 44.769 60.5302 4
621 52.7485 56.0171 44.4724 60.9936 4
622 52.5552 56.0514 44.0486 61.644 4
623 52.5092 56.2892 43.7215 62.5566 4
624 51.1396 54.632 42.3577 60.5128 4
625 51.1537 54.7151 42.2319 60.8494 4
626 51.2659 55.0154 42.1222 61.6483 4
627 51.5241 55.5714 42.1162 62.8949 4
628 47.3926 53.2354 39.219 52.6289 2
629 56.0723 57.9734 50.9945 56.813 2
630 57.1497 59.0771 52.7911 57.0772 2
631 58.6229 60.5622 55.1056 57.8502 2
632 60.0294 61.9991 57.2057 58.7466 2
633 61.9606 63.8144 59.9236 59.8818 2
634 63.6422 65.3552 62.4201 60.7889 2
635 65.0359 66.6271 64.4625 61.5444 2
636 66.1043 67.61 65.9863 62.1859 2
637 63.8605 65.8401 62.3994 61.7379 2
638 64.9724 66.8228 64.2884 62.0644 2
639 66.0147 67.7634 66.0199 62.4762 2
640 66.791 68.4542 67.2981 62.8211 2
641 67.0801 69.2841 66.7483 64.6988 2
642 RANDOM
643 69.507 71.0794 70.2654 65.359 2
644 70.393 71.7434 71.3913 65.7356 2
645 66.7015 69.3721 64.9408 66.2919 2
646 68.335 70.5107 67.6244 66.319 2
647 69.1697 71.0665 68.8595 66.3624 2
648 69.3825 71.1678 69.1183 66.3133 2
649 64.6951 68.6065 61.8067 67.2114 2
650 66.5924 69.4195 64.668 66.5306 2
651 67.8468 70.0612 66.5238 66.3025 2
652 68.322 70.2881 67.2723 66.1371 2
653 59.6854 65.6582 55.779 66.6489 4
654 57.8451 64.8707 50.2222 73.2964 4
655 57.8078 65.0131 50.0703 73.8459 4
656 57.7635 65.264 49.8253 74.7443 4
657 57.6185 65.618 49.3706 76.1164 4
658 58.2246 64.1124 51.0094 70.3089 4
659 57.9159 64.0241 50.6686 70.6376 4
660 57.7007 64.1953 50.3021 71.5656 4
661 57.3523 64.4241 49.6691 72.9476 4
662 56.7694 61.4696 50.3614 65.3309 4
663 56.337 61.445 49.6113 66.2435 4
664 55.911 61.7021 49.0216 67.637 4
665 55.5636 62.0616 48.4896 69.2007 4
666 RANDOM
667 54.2637 58.0919 45.9394 63.8075 4
668 53.8535 57.9085 45.3262 64.2224 4
669 53.5297 57.9014 44.7922 64.8726 4
670 52.886 55.9891 44.769 60.5302 4
671 52.7485 56.0171 44.4724 60.9936 4
672 52.5552 56.0514 44.0486 61.644 4
673 52.5092 56.2892 43.7215 62.5566 4
674 RANDOM
675 51.1537 54.7151 42.2319 60.8494 4
676 51.2659 55.0154 42.1222 61.6483 4
677 51.5241 55.5714 42.1162 62.8949 4
678 47.3926 53.2354 39.219 52.6289 2
679 56.0723 57.9734 50.9945 56.813 2
680 57.1497 59.0771 52.7911 57.0772 2
681 58.6229 60.5622 55.1056 57.8502 2
682 60.0294 61.9991 57.2057 58.7466 2
683 61.9606 63.8144 59.9236 59.8818 2
684 63.6422 65.3552 62.4201 60.7889 2
685 65.0359 66.6271 64.4625 61.5444 2
686 66.1043 67.61 65.9863 62.1859 2
687 63.8605 65.8401 62.3994 61.7379 2
688 64.9724 66.8228 64.2884 62.0644 2
689 66.0147 67.7634 66.0199 62.4762 2
690 66.791 68.4542 67.2981 62.8211 2
691 67.0801 69.2841 66.7483 64.6988 2
692 68.5054 70.3083 68.8767 64.9715 2
693 69.507 71.0794 70.2654 65.359 2
694 70.393 71.7434 71.3913 65.7356 2
695 66.7015 69.3721 64.9408 66.2919 2
696 68.335 70.5107 67.6244 66.319 2
697 69.1697 71.0665 68.8595 66.3624 2
698 69.3825 71.1678 69.1183 66.3133 2
699 64.6951 68.6065 61.8067 67.2114 2
700 66.5924 69.4195 64.668 66.5306 2
701 67.8468 70.0612 66.5238 66.3025 2
702 68.322 70.2881 67.2723 66.1371 2
703 59.6854 65.6582 55.779 66.6489 4
704 57.8451 64.8707 50.2222 73.2964 4
705 57.8078 65.0131 50.0703 73.8459 4
706 57.7635 65.264 49.8253 74.7443 4
707 57.6185 65.618 49.3706 76.1164 4
708 58.2246 64.1124 51.0094 70.3089 4
709 57.9159 64.0241 50.6686 70.6376 4
710 57.7007 64.1953 50.3021 71.5656 4
711 57.3523 64.4241 49.6691 72.9476 4
712 56.7694 61.4696 50.3614 65.3309 4
713 56.337 61.445 49.6113 66.2435 4
714 55.911 61.7021 49.0216 67.637 4
715 55.5636 62.0616 48.4896 69.2007 4
716 54.7392 58.4203 46.5417 63.7295 4
717 54.2637 58.0919 45.9394 63.8075 4
718 53.8535 57.9085 45.3262 64.2224 4
719 53.5297 57.9014 44.7922 64.8726 4
720 52.886 55.9891 44.769 60.5302 4
721 52.7485 56.0171 44.4724 60.9936 4
722 52.5552 56.0514 44.0486 61.644 4
723 52.5092 56.2892 43.7215 62.5566 4
724 51.1396 54.632 42.3577 60.5128 4
725 51.1537 54.7151 42.2319 60.8494 4
726 51.2659 55.0154 42.1222 61.6483 4
727 51.5241 55.5714 42.1162 62.8949 4
728 RANDOM
729 47.3659 53.4755 39.1754 52.76 2
730 54.1638 55.4081 49.3369 51.5663 2
731 56.0723 57.9734 50.9945 56.813 2
732 57.1497 59.0771 52.7911 57.0772 2
733 58.6229 60.5622 55.1056 57.8502 2
734 60.0294 61.9991 57.2057 58.7466 2
735 61.9606 63.8144 59.9236 59.8818 2
736 63.6422 65.3552 62.4201 60.7889 2
737 65.0359 66.6271 64.4625 61.5444 2
738 66.1043 67.61 65.9863 62.1859 2
739 63.8605 65.8401 62.3994 61.7379 2
740 64.9724 66.8228 64.2884 62.0644 2
741 66.0147 67.7634 66.0199 62.4762 2
742 66.791 68.4542 67.2981 62.8211 2
743 67.0801 69.2841 66.7483 64.6988 2
744 68.5054 70.3083 68.8767 64.9715 2
745 69.507 71.0794 70.2654 65.359 2
746 70.393 71.7434 71.3913 65.7356 2
747 66.7015 69.3721 64.9408 66.2919 2
748 68.335 70.5107 67.6244 66.319 2
749 69.1697 71.0665 68.8595 66.3624 2
750 RANDOM
751 RANDOM
752 71.6217 72.3426 71.7395 66.619 2
753 68.1068 70.356 67.1736 66.2432 2
