0 -361.59 230.524 -865.526 194.651 2
1 -331.404 230.371 -885.886 194.265 2
2 -309.892 242.7 -890.305 204.438 2
3 -454.371 215.234 -762.626 212.584 2
4 RANDOM
5 -405.136 212.538 -742.968 176.344 2
6 -312.145 207.196 -788.05 175.294 2
7 -410.686 229.298 -729.425 228.377 2
8 -394.83 220.668 -721.034 208.627 2
9 -386.224 237.507 -710.751 222.384 2
10 RANDOM
11 -301.419 185.596 -673.625 136.889 2
12 -278.578 188.223 -668.147 127.218 2
13 -257.852 205.267 -659.987 134.656 2
14 -174.223 269.308 -603.059 184.497 2
15 -297.153 203.488 -760.341 153.367 2
16 -276.617 219.404 -706.037 145.221 2
17 -268.378 249.161 -660.997 159.981 2
18 -193.824 300.787 -580.178 191.056 2
19 -255.159 320.462 -646.187 301.251 2
20 -228.943 353.521 -618.475 320.515 2
21 -211.086 369.094 -583.622 321.724 2
22 -103.337 401.693 -472.271 310.132 2
23 -120.111 437.983 -333.43 352.544 2
24 -44.553 430.523 -297.011 300.54 2
25 -41.159 427.967 -300.832 285.856 2
26 5.25118 438.892 -250.789 266.632 2
27 0.494341 439.939 -217.801 286.279 2
28 108.982 444.645 -154.015 242.962 2
29 125.026 435.802 -131.733 222.154 2
30 218.972 486.867 14.3286 235.259 2
31 -54.1617 417.294 -136.433 334.05 2
32 78.5551 417.798 -31.8494 276.797 2
33 115.778 446.985 46.3789 288.311 2
34 260.205 523.557 231.768 318.051 2
35 -137.22 453.493 -155.265 419.077 2
36 -47.5667 483.544 -40.8662 413.809 2
37 38.9223 515.364 70.2075 419.882 2
38 220.022 562.387 283.636 428.857 2
39 73.0998 472.106 95.9958 388.141 2
40 167.231 487.58 165.167 369.632 2
41 255.255 488.319 218.449 336.786 2
42 RANDOM
43 129.124 432.729 177.523 322.634 2
44 144.894 463.365 122.448 313.709 2
