0 -186.355 53.3397 -315.318 12.1418 2
1 -185.327 57.2818 -325.161 28.0733 2
2 -192.812 68.814 -315.692 43.4319 2
3 -227.173 57.8804 -279.621 49.5162 2
4 -225.787 55.7774 -274.064 39.6995 2
5 -234.322 55.8782 -260.556 32.8616 2
6 -197.157 57.846 -304.843 50.7947 2
7 -184.178 62.6605 -279.495 50.605 2
8 -192.65 57.4891 -269.628 35.613 2
9 -208.379 51.7039 -265.257 25.2487 2
10 -213.445 56.3065 -270.199 30.8427 2
11 -169.09 58.48 -240.84 8.1508 2
12 -172.727 53.3011 -244.6 -4.32552 2
13 -176.561 48.8863 -251.821 -15.5252 2
14 -161.053 58.1212 -257.489 -10.5889 2
15 -140.579 74.4935 -323.64 36.302 2
16 -144.523 70.8155 -308.157 16.923 2
17 -159.723 57.3848 -303.778 -5.79549 2
18 -157.585 64.338 -296.929 -2.52925 2
19 -143.727 60.6102 -302.814 23.4115 2
20 -145.959 64.5364 -310.988 22.0119 2
21 -152.412 59.2872 -313.212 9.455 2
22 -132.725 54.8497 -291.239 -12.4327 2
23 -108.629 53.3643 -217.383 -43.2104 2
24 -53.3277 45.566 -197.847 -83.6595 2
25 -53.0788 41.0916 -200.958 -91.2685 2
26 -54.9154 44.8526 -181.721 -91.4156 2
27 -118.266 39.5799 -196.129 -84.825 2
28 -58.7166 9.00446 -173.991 -150.209 2
29 0.85771 22.0311 -143.421 -155.998 2
30 26.1889 50.8821 -106.075 -130.796 2
31 -137.934 32.7474 -171.938 -78.427 2
32 -76.4929 35.7405 -131.02 -104.146 2
33 -68.1279 54.3035 -98.5057 -87.9869 2
34 -54.4482 85.6265 -45.7941 -56.8125 2
35 -150.471 43.6549 -186.615 -47.6313 2
36 -145.096 30.7349 -158.271 -72.8265 2
37 -149.628 38.8438 -134.934 -66.4774 2
38 -135.114 66.8292 -69.7067 -41.3263 2
39 RANDOM
40 -23.8708 23.41 -63.6744 -107.656 2
41 -18.7437 23.4327 -61.1822 -110.403 2
42 10.8368 17.355 -25.2009 -126.393 2
43 25.8359 12.3365 -6.12902 -133.148 1
44 40.8593 18.762 -25.2084 -136.437 1
