0 -2.55081 49.5777 1.39032 56.4923 4
1 -12.687 55.4125 -6.69873 65.4305 4
2 -6.03051 53.3618 -1.98025 63.2767 4
3 -6.3591 52.8292 -2.25318 62.7588 4
4 -6.8225 53.2184 -2.54791 63.2733 4
5 -7.12866 54.9453 -2.61942 65.2657 4
6 -5.45018 46.5267 -2.1453 55.7085 4
7 -5.76153 46.7293 -2.3563 56.0344 4
8 -6.3177 47.3882 -2.69542 56.8869 4
9 -6.92016 48.6717 -3.01541 58.4422 4
10 -3.37697 40.7289 -1.07138 49.06 4
11 -3.49972 41.4412 -1.11296 49.9301 4
12 -3.75351 41.7696 -1.31512 50.3854 4
13 -4.05504 43.2621 -1.50961 52.1574 4
14 -2.5298 33.6841 -2.42505 41.6548 4
15 -2.9258 33.8691 -2.71376 41.933 4
16 -3.40586 34.3862 -3.06126 42.6546 4
17 -3.84225 35.1269 -3.32384 43.6514 4
18 -2.29919 30.917 -2.27287 38.0692 4
19 -2.71566 31.3615 -2.59039 38.6918 4
20 -3.31423 32.1242 -3.04123 39.7602 4
21 -3.94205 33.7851 -3.3438 41.9101 4
22 -4.73925 25.995 -3.64889 31.9451 4
23 -5.09638 26.094 -3.89566 32.1204 4
24 -5.50236 26.4487 -4.19715 32.6129 4
25 -6.00805 27.3278 -4.55523 33.8101 4
26 -7.84134 22.8627 -3.90684 26.2303 4
27 RANDOM
28 -8.85007 22.5493 -4.41055 25.8012 4
29 -9.38304 23.2328 -4.74374 26.5719 4
30 -11.2437 18.6978 -5.12557 20.7157 4
31 -11.7757 18.5256 -5.32117 20.5082 4
32 -12.3928 18.4703 -5.59345 20.4463 4
33 -13.0195 18.7671 -5.91063 20.7991 4
34 -5.25416 14.0104 -0.512271 14.3871 4
35 -5.44611 14.7347 -0.651135 15.4466 4
36 -5.91513 15.6932 -0.930857 16.7484 4
37 -6.50334 16.7707 -1.28635 18.1551 4
38 -2.45391 13.7791 3.2964 12.8417 2
39 4.80146 13.5941 5.48311 12.5527 2
40 5.20564 13.2491 5.58816 12.222 2
41 5.85976 13.1283 6.08682 12.1252 2
42 RANDOM
43 2.83617 12.9391 3.3666 12.5223 2
44 4.02079 13.6909 4.27007 13.4264 2
45 5.06384 14.3079 5.10922 14.126 2
46 5.43118 14.6025 5.3895 14.5191 2
47 7.01822 15.7499 6.5958 15.9664 4
48 -6.88704 11.6805 -1.74533 11.2336 2
49 7.01822 15.7499 6.5958 15.9664 4
50 -6.88704 11.6805 -1.74533 11.2336 2
51 7.01822 15.7499 6.5958 15.9664 4
52 -6.88704 11.6805 -1.74533 11.2336 2
53 7.01822 15.7499 6.5958 15.9664 4
54 -6.88704 11.6805 -1.74533 11.2336 2
55 7.01822 15.7499 6.5958 15.9664 4
56 -6.88704 11.6805 -1.74533 11.2336 2
57 7.01822 15.7499 6.5958 15.9664 4
58 -6.88704 11.6805 -1.74533 11.2336 2
59 7.01822 15.7499 6.5958 15.9664 4
60 -6.88704 11.6805 -1.74533 11.2336 2
61 7.01822 15.7499 6.5958 15.9664 4
62 -6.88704 11.6805 -1.74533 11.2336 2
63 7.01822 15.7499 6.5958 15.9664 4
64 -6.88704 11.6805 -1.74533 11.2336 2
65 7.01822 15.7499 6.5958 15.9664 4
66 -6.88704 11.6805 -1.74533 11.2336 2
67 7.01822 15.7499 6.5958 15.9664 4
68 -6.88704 11.6805 -1.74533 11.2336 2
69 7.01822 15.7499 6.5958 15.9664 4
70 -6.88704 11.6805 -1.74533 11.2336 2
71 7.01822 15.7499 6.5958 15.9664 4
72 -6.88704 11.6805 -1.74533 11.2336 2
73 7.01822 15.7499 6.5958 15.9664 4
74 -6.88704 11.6805 -1.74533 11.2336 2
75 RANDOM
76 7.33376 15.8011 6.85087 15.9783 4
77 -4.21335 11.4431 -0.535119 11.2262 2
78 7.33376 15.8011 6.85087 15.9783 4
79 -4.21335 11.4431 -0.535119 11.2262 2
80 7.33376 15.8011 6.85087 15.9783 4
81 -4.21335 11.4431 -0.535119 11.2262 2
82 7.33376 15.8011 6.85087 15.9783 4
83 -4.21335 11.4431 -0.535119 11.2262 2
84 7.33376 15.8011 6.85087 15.9783 4
85 RANDOM
86 -6.88704 11.6805 -1.74533 11.2336 2
87 7.01822 15.7499 6.5958 15.9664 4
88 -6.88704 11.6805 -1.74533 11.2336 2
89 7.01822 15.7499 6.5958 15.9664 4
90 -6.88704 11.6805 -1.74533 11.2336 2
91 7.01822 15.7499 6.5958 15.9664 4
92 -6.88704 11.6805 -1.74533 11.2336 2
93 7.01822 15.7499 6.5958 15.9664 4
94 -6.88704 11.6805 -1.74533 11.2336 2
95 7.01822 15.7499 6.5958 15.9664 4
96 -6.88704 11.6805 -1.74533 11.2336 2
97 7.01822 15.7499 6.5958 15.9664 4
98 -6.88704 11.6805 -1.74533 11.2336 2
99 RANDOM
100 7.55928 15.9971 7.08264 16.159 4
101 -4.1031 11.5313 -0.418208 11.3227 2
102 7.55928 15.9971 7.08264 16.159 4
103 -4.1031 11.5313 -0.418208 11.3227 2
104 7.55928 15.9971 7.08264 16.159 4
105 -4.1031 11.5313 -0.418208 11.3227 2
106 7.55928 15.9971 7.08264 16.159 4
107 -4.1031 11.5313 -0.418208 11.3227 2
108 7.55928 15.9971 7.08264 16.159 4
109 -4.1031 11.5313 -0.418208 11.3227 2
110 7.55928 15.9971 7.08264 16.159 4
111 -4.1031 11.5313 -0.418208 11.3227 2
112 7.55928 15.9971 7.08264 16.159 4
113 -4.1031 11.5313 -0.418208 11.3227 2
114 7.55928 15.9971 7.08264 16.159 4
115 -4.1031 11.5313 -0.418208 11.3227 2
116 7.55928 15.9971 7.08264 16.159 4
117 -4.1031 11.5313 -0.418208 11.3227 2
118 7.55928 15.9971 7.08264 16.159 4
119 -4.1031 11.5313 -0.418208 11.3227 2
120 7.55928 15.9971 7.08264 16.159 4
121 -4.1031 11.5313 -0.418208 11.3227 2
122 7.55928 15.9971 7.08264 16.159 4
123 -4.1031 11.5313 -0.418208 11.3227 2
124 7.55928 15.9971 7.08264 16.159 4
125 -4.1031 11.5313 -0.418208 11.3227 2
126 7.55928 15.9971 7.08264 16.159 4
127 -4.1031 11.5313 -0.418208 11.3227 2
128 7.55928 15.9971 7.08264 16.159 4
129 -4.1031 11.5313 -0.418208 11.3227 2
130 7.55928 15.9971 7.08264 16.159 4
131 -4.1031 11.5313 -0.418208 11.3227 2
132 7.55928 15.9971 7.08264 16.159 4
133 -4.1031 11.5313 -0.418208 11.3227 2
134 7.55928 15.9971 7.08264 16.159 4
135 -4.1031 11.5313 -0.418208 11.3227 2
136 7.55928 15.9971 7.08264 16.159 4
137 -4.1031 11.5313 -0.418208 11.3227 2
138 7.55928 15.9971 7.08264 16.159 4
139 -4.1031 11.5313 -0.418208 11.3227 2
140 7.55928 15.9971 7.08264 16.159 4
141 -4.1031 11.5313 -0.418208 11.3227 2
142 7.55928 15.9971 7.08264 16.159 4
143 -4.1031 11.5313 -0.418208 11.3227 2
144 7.55928 15.9971 7.08264 16.159 4
145 -4.1031 11.5313 -0.418208 11.3227 2
146 7.55928 15.9971 7.08264 16.159 4
147 -4.1031 11.5313 -0.418208 11.3227 2
148 7.55928 15.9971 7.08264 16.159 4
149 -4.1031 11.5313 -0.418208 11.3227 2
150 RANDOM
151 7.66682 16.1754 7.1633 16.406 4
152 -3.44024 11.167 -0.0491645 10.7333 2
153 7.66682 16.1754 7.1633 16.406 4
154 -3.44024 11.167 -0.0491645 10.7333 2
155 RANDOM
156 7.79471 16.4572 7.26639 16.7676 4
157 -2.84859 11.2021 0.227648 10.753 2
158 7.79471 16.4572 7.26639 16.7676 4
159 -2.84859 11.2021 0.227648 10.753 2
160 7.79471 16.4572 7.26639 16.7676 4
161 -2.84859 11.2021 0.227648 10.753 2
162 7.79471 16.4572 7.26639 16.7676 4
163 -2.84859 11.2021 0.227648 10.753 2
164 RANDOM
165 9.61391 17.0493 8.6617 17.3284 4
166 -2.40215 11.4524 0.345097 11.1629 2
167 9.61391 17.0493 8.6617 17.3284 4
168 -2.40215 11.4524 0.345097 11.1629 2
169 9.61391 17.0493 8.6617 17.3284 4
170 -2.40215 11.4524 0.345097 11.1629 2
171 9.61391 17.0493 8.6617 17.3284 4
172 -2.40215 11.4524 0.345097 11.1629 2
173 9.61391 17.0493 8.6617 17.3284 4
174 -2.40215 11.4524 0.345097 11.1629 2
175 9.61391 17.0493 8.6617 17.3284 4
176 -2.40215 11.4524 0.345097 11.1629 2
177 9.61391 17.0493 8.6617 17.3284 4
178 -2.40215 11.4524 0.345097 11.1629 2
179 9.61391 17.0493 8.6617 17.3284 4
180 -2.40215 11.4524 0.345097 11.1629 2
181 9.61391 17.0493 8.6617 17.3284 4
182 -2.40215 11.4524 0.345097 11.1629 2
183 9.61391 17.0493 8.6617 17.3284 4
184 -2.40215 11.4524 0.345097 11.1629 2
185 9.61391 17.0493 8.6617 17.3284 4
186 -2.40215 11.4524 0.345097 11.1629 2
187 9.61391 17.0493 8.6617 17.3284 4
188 -2.40215 11.4524 0.345097 11.1629 2
189 9.61391 17.0493 8.6617 17.3284 4
190 -2.40215 11.4524 0.345097 11.1629 2
191 9.61391 17.0493 8.6617 17.3284 4
192 -2.40215 11.4524 0.345097 11.1629 2
193 9.61391 17.0493 8.6617 17.3284 4
194 -2.40215 11.4524 0.345097 11.1629 2
195 9.61391 17.0493 8.6617 17.3284 4
196 -2.40215 11.4524 0.345097 11.1629 2
197 9.61391 17.0493 8.6617 17.3284 4
198 -2.40215 11.4524 0.345097 11.1629 2
199 9.61391 17.0493 8.6617 17.3284 4
200 -2.40215 11.4524 0.345097 11.1629 2
201 9.61391 17.0493 8.6617 17.3284 4
202 -2.40215 11.4524 0.345097 11.1629 2
203 9.61391 17.0493 8.6617 17.3284 4
204 RANDOM
205 -2.84859 11.2021 0.227648 10.753 2
206 7.79471 16.4572 7.26639 16.7676 4
207 -2.84859 11.2021 0.227648 10.753 2
208 7.79471 16.4572 7.26639 16.7676 4
209 -2.84859 11.2021 0.227648 10.753 2
210 7.79471 16.4572 7.26639 16.7676 4
211 -2.84859 11.2021 0.227648 10.753 2
212 7.79471 16.4572 7.26639 16.7676 4
213 -2.84859 11.2021 0.227648 10.753 2
214 7.79471 16.4572 7.26639 16.7676 4
215 -2.84859 11.2021 0.227648 10.753 2
216 7.79471 16.4572 7.26639 16.7676 4
217 -2.84859 11.2021 0.227648 10.753 2
218 7.79471 16.4572 7.26639 16.7676 4
219 -2.84859 11.2021 0.227648 10.753 2
220 7.79471 16.4572 7.26639 16.7676 4
221 -2.84859 11.2021 0.227648 10.753 2
222 7.79471 16.4572 7.26639 16.7676 4
223 -2.84859 11.2021 0.227648 10.753 2
224 7.79471 16.4572 7.26639 16.7676 4
225 -2.84859 11.2021 0.227648 10.753 2
226 7.79471 16.4572 7.26639 16.7676 4
227 -2.84859 11.2021 0.227648 10.753 2
228 7.79471 16.4572 7.26639 16.7676 4
229 -2.84859 11.2021 0.227648 10.753 2
230 7.79471 16.4572 7.26639 16.7676 4
231 -2.84859 11.2021 0.227648 10.753 2
232 7.79471 16.4572 7.26639 16.7676 4
233 -2.84859 11.2021 0.227648 10.753 2
234 7.79471 16.4572 7.26639 16.7676 4
235 -2.84859 11.2021 0.227648 10.753 2
236 7.79471 16.4572 7.26639 16.7676 4
237 -2.84859 11.2021 0.227648 10.753 2
238 7.79471 16.4572 7.26639 16.7676 4
239 RANDOM
240 -3.44024 11.167 -0.0491645 10.7333 2
241 7.66682 16.1754 7.1633 16.406 4
242 -3.44024 11.167 -0.0491645 10.7333 2
243 7.66682 16.1754 7.1633 16.406 4
244 -3.44024 11.167 -0.0491645 10.7333 2
245 7.66682 16.1754 7.1633 16.406 4
246 -3.44024 11.167 -0.0491645 10.7333 2
247 7.66682 16.1754 7.1633 16.406 4
248 -3.44024 11.167 -0.0491645 10.7333 2
249 7.66682 16.1754 7.1633 16.406 4
250 -3.44024 11.167 -0.0491645 10.7333 2
251 7.66682 16.1754 7.1633 16.406 4
252 -3.44024 11.167 -0.0491645 10.7333 2
253 7.66682 16.1754 7.1633 16.406 4
254 -3.44024 11.167 -0.0491645 10.7333 2
255 7.66682 16.1754 7.1633 16.406 4
256 -3.44024 11.167 -0.0491645 10.7333 2
257 7.66682 16.1754 7.1633 16.406 4
258 -3.44024 11.167 -0.0491645 10.7333 2
259 7.66682 16.1754 7.1633 16.406 4
260 -3.44024 11.167 -0.0491645 10.7333 2
261 7.66682 16.1754 7.1633 16.406 4
262 -3.44024 11.167 -0.0491645 10.7333 2
263 7.66682 16.1754 7.1633 16.406 4
264 -3.44024 11.167 -0.0491645 10.7333 2
265 7.66682 16.1754 7.1633 16.406 4
266 -3.44024 11.167 -0.0491645 10.7333 2
267 7.66682 16.1754 7.1633 16.406 4
268 -3.44024 11.167 -0.0491645 10.7333 2
269 7.66682 16.1754 7.1633 16.406 4
270 -3.44024 11.167 -0.0491645 10.7333 2
271 7.66682 16.1754 7.1633 16.406 4
272 -3.44024 11.167 -0.0491645 10.7333 2
273 7.66682 16.1754 7.1633 16.406 4
274 -3.44024 11.167 -0.0491645 10.7333 2
275 7.66682 16.1754 7.1633 16.406 4
276 -3.44024 11.167 -0.0491645 10.7333 2
277 7.66682 16.1754 7.1633 16.406 4
278 -3.44024 11.167 -0.0491645 10.7333 2
279 RANDOM
280 7.79471 16.4572 7.26639 16.7676 4
281 -2.84859 11.2021 0.227648 10.753 2
282 7.79471 16.4572 7.26639 16.7676 4
283 -2.84859 11.2021 0.227648 10.753 2
284 7.79471 16.4572 7.26639 16.7676 4
285 -2.84859 11.2021 0.227648 10.753 2
286 7.79471 16.4572 7.26639 16.7676 4
287 -2.84859 11.2021 0.227648 10.753 2
288 7.79471 16.4572 7.26639 16.7676 4
289 -2.84859 11.2021 0.227648 10.753 2
290 7.79471 16.4572 7.26639 16.7676 4
291 -2.84859 11.2021 0.227648 10.753 2
292 7.79471 16.4572 7.26639 16.7676 4
293 -2.84859 11.2021 0.227648 10.753 2
294 7.79471 16.4572 7.26639 16.7676 4
295 -2.84859 11.2021 0.227648 10.753 2
296 7.79471 16.4572 7.26639 16.7676 4
297 -2.84859 11.2021 0.227648 10.753 2
298 7.79471 16.4572 7.26639 16.7676 4
299 -2.84859 11.2021 0.227648 10.753 2
300 7.79471 16.4572 7.26639 16.7676 4
301 -2.84859 11.2021 0.227648 10.753 2
302 7.79471 16.4572 7.26639 16.7676 4
303 -2.84859 11.2021 0.227648 10.753 2
304 7.79471 16.4572 7.26639 16.7676 4
305 -2.84859 11.2021 0.227648 10.753 2
306 7.79471 16.4572 7.26639 16.7676 4
307 -2.84859 11.2021 0.227648 10.753 2
308 7.79471 16.4572 7.26639 16.7676 4
309 -2.84859 11.2021 0.227648 10.753 2
310 7.79471 16.4572 7.26639 16.7676 4
311 -2.84859 11.2021 0.227648 10.753 2
312 7.79471 16.4572 7.26639 16.7676 4
313 -2.84859 11.2021 0.227648 10.753 2
314 RANDOM
315 9.61391 17.0493 8.6617 17.3284 4
316 -2.40215 11.4524 0.345097 11.1629 2
317 9.61391 17.0493 8.6617 17.3284 4
318 RANDOM
319 -2.84859 11.2021 0.227648 10.753 2
320 7.79471 16.4572 7.26639 16.7676 4
321 -2.84859 11.2021 0.227648 10.753 2
322 7.79471 16.4572 7.26639 16.7676 4
323 -2.84859 11.2021 0.227648 10.753 2
324 7.79471 16.4572 7.26639 16.7676 4
325 -2.84859 11.2021 0.227648 10.753 2
326 7.79471 16.4572 7.26639 16.7676 4
327 -2.84859 11.2021 0.227648 10.753 2
328 7.79471 16.4572 7.26639 16.7676 4
329 -2.84859 11.2021 0.227648 10.753 2
330 7.79471 16.4572 7.26639 16.7676 4
331 -2.84859 11.2021 0.227648 10.753 2
332 7.79471 16.4572 7.26639 16.7676 4
333 -2.84859 11.2021 0.227648 10.753 2
334 7.79471 16.4572 7.26639 16.7676 4
335 -2.84859 11.2021 0.227648 10.753 2
336 RANDOM
337 9.61391 17.0493 8.6617 17.3284 4
338 -2.40215 11.4524 0.345097 11.1629 2
339 9.61391 17.0493 8.6617 17.3284 4
340 -2.40215 11.4524 0.345097 11.1629 2
341 9.61391 17.0493 8.6617 17.3284 4
342 -2.40215 11.4524 0.345097 11.1629 2
343 9.61391 17.0493 8.6617 17.3284 4
344 -2.40215 11.4524 0.345097 11.1629 2
345 9.61391 17.0493 8.6617 17.3284 4
346 -2.40215 11.4524 0.345097 11.1629 2
347 RANDOM
348 10.0892 16.6186 9.24683 16.6488 4
349 -3.5531 14.7046 -2.04767 17.1994 4
350 -2.40215 11.4524 0.345097 11.1629 2
351 9.61391 17.0493 8.6617 17.3284 4
352 -2.40215 11.4524 0.345097 11.1629 2
353 9.61391 17.0493 8.6617 17.3284 4
354 -2.40215 11.4524 0.345097 11.1629 2
355 9.61391 17.0493 8.6617 17.3284 4
356 -2.40215 11.4524 0.345097 11.1629 2
357 9.61391 17.0493 8.6617 17.3284 4
358 -2.40215 11.4524 0.345097 11.1629 2
359 RANDOM
360 10.0892 16.6186 9.24683 16.6488 4
361 -3.5531 14.7046 -2.04767 17.1994 4
362 -2.40215 11.4524 0.345097 11.1629 2
363 9.61391 17.0493 8.6617 17.3284 4
364 -2.40215 11.4524 0.345097 11.1629 2
365 9.61391 17.0493 8.6617 17.3284 4
366 -2.40215 11.4524 0.345097 11.1629 2
367 9.61391 17.0493 8.6617 17.3284 4
368 -2.40215 11.4524 0.345097 11.1629 2
369 9.61391 17.0493 8.6617 17.3284 4
370 -2.40215 11.4524 0.345097 11.1629 2
371 9.61391 17.0493 8.6617 17.3284 4
372 -2.40215 11.4524 0.345097 11.1629 2
373 9.61391 17.0493 8.6617 17.3284 4
374 -2.40215 11.4524 0.345097 11.1629 2
375 9.61391 17.0493 8.6617 17.3284 4
376 RANDOM
377 -2.84859 11.2021 0.227648 10.753 2
378 7.79471 16.4572 7.26639 16.7676 4
379 -2.84859 11.2021 0.227648 10.753 2
380 7.79471 16.4572 7.26639 16.7676 4
381 -2.84859 11.2021 0.227648 10.753 2
382 7.79471 16.4572 7.26639 16.7676 4
383 -2.84859 11.2021 0.227648 10.753 2
384 7.79471 16.4572 7.26639 16.7676 4
385 -2.84859 11.2021 0.227648 10.753 2
386 7.79471 16.4572 7.26639 16.7676 4
387 -2.84859 11.2021 0.227648 10.753 2
388 7.79471 16.4572 7.26639 16.7676 4
389 -2.84859 11.2021 0.227648 10.753 2
390 RANDOM
391 9.61391 17.0493 8.6617 17.3284 4
392 -2.40215 11.4524 0.345097 11.1629 2
393 9.61391 17.0493 8.6617 17.3284 4
394 -2.40215 11.4524 0.345097 11.1629 2
395 9.61391 17.0493 8.6617 17.3284 4
396 -2.40215 11.4524 0.345097 11.1629 2
397 9.61391 17.0493 8.6617 17.3284 4
398 -2.40215 11.4524 0.345097 11.1629 2
399 RANDOM
400 10.0892 16.6186 9.24683 16.6488 4
401 -3.5531 14.7046 -2.04767 17.1994 4
402 -2.40215 11.4524 0.345097 11.1629 2
403 RANDOM
404 10.0892 16.6186 9.24683 16.6488 4
405 -3.5531 14.7046 -2.04767 17.1994 4
406 -2.40215 11.4524 0.345097 11.1629 2
407 9.61391 17.0493 8.6617 17.3284 4
408 -2.40215 11.4524 0.345097 11.1629 2
409 9.61391 17.0493 8.6617 17.3284 4
410 -2.40215 11.4524 0.345097 11.1629 2
411 9.61391 17.0493 8.6617 17.3284 4
412 -2.40215 11.4524 0.345097 11.1629 2
413 9.61391 17.0493 8.6617 17.3284 4
414 -2.40215 11.4524 0.345097 11.1629 2
415 9.61391 17.0493 8.6617 17.3284 4
416 -2.40215 11.4524 0.345097 11.1629 2
417 9.61391 17.0493 8.6617 17.3284 4
418 -2.40215 11.4524 0.345097 11.1629 2
419 9.61391 17.0493 8.6617 17.3284 4
420 -2.40215 11.4524 0.345097 11.1629 2
421 9.61391 17.0493 8.6617 17.3284 4
422 -2.40215 11.4524 0.345097 11.1629 2
423 9.61391 17.0493 8.6617 17.3284 4
424 -2.40215 11.4524 0.345097 11.1629 2
425 9.61391 17.0493 8.6617 17.3284 4
426 -2.40215 11.4524 0.345097 11.1629 2
427 9.61391 17.0493 8.6617 17.3284 4
428 -2.40215 11.4524 0.345097 11.1629 2
429 9.61391 17.0493 8.6617 17.3284 4
430 -2.40215 11.4524 0.345097 11.1629 2
431 9.61391 17.0493 8.6617 17.3284 4
432 -2.40215 11.4524 0.345097 11.1629 2
433 9.61391 17.0493 8.6617 17.3284 4
434 -2.40215 11.4524 0.345097 11.1629 2
435 9.61391 17.0493 8.6617 17.3284 4
436 -2.40215 11.4524 0.345097 11.1629 2
437 9.61391 17.0493 8.6617 17.3284 4
438 -2.40215 11.4524 0.345097 11.1629 2
439 9.61391 17.0493 8.6617 17.3284 4
440 -2.40215 11.4524 0.345097 11.1629 2
441 9.61391 17.0493 8.6617 17.3284 4
442 -2.40215 11.4524 0.345097 11.1629 2
443 9.61391 17.0493 8.6617 17.3284 4
444 -2.40215 11.4524 0.345097 11.1629 2
445 9.61391 17.0493 8.6617 17.3284 4
446 -2.40215 11.4524 0.345097 11.1629 2
447 RANDOM
448 10.0892 16.6186 9.24683 16.6488 4
449 -3.5531 14.7046 -2.04767 17.1994 4
450 -2.40215 11.4524 0.345097 11.1629 2
451 9.61391 17.0493 8.6617 17.3284 4
452 -2.40215 11.4524 0.345097 11.1629 2
453 9.61391 17.0493 8.6617 17.3284 4
454 -2.40215 11.4524 0.345097 11.1629 2
455 9.61391 17.0493 8.6617 17.3284 4
456 -2.40215 11.4524 0.345097 11.1629 2
457 9.61391 17.0493 8.6617 17.3284 4
458 -2.40215 11.4524 0.345097 11.1629 2
459 9.61391 17.0493 8.6617 17.3284 4
460 -2.40215 11.4524 0.345097 11.1629 2
461 9.61391 17.0493 8.6617 17.3284 4
462 -2.40215 11.4524 0.345097 11.1629 2
463 9.61391 17.0493 8.6617 17.3284 4
464 -2.40215 11.4524 0.345097 11.1629 2
465 9.61391 17.0493 8.6617 17.3284 4
466 -2.40215 11.4524 0.345097 11.1629 2
467 9.61391 17.0493 8.6617 17.3284 4
468 -2.40215 11.4524 0.345097 11.1629 2
469 9.61391 17.0493 8.6617 17.3284 4
470 -2.40215 11.4524 0.345097 11.1629 2
471 9.61391 17.0493 8.6617 17.3284 4
472 -2.40215 11.4524 0.345097 11.1629 2
473 9.61391 17.0493 8.6617 17.3284 4
474 -2.40215 11.4524 0.345097 11.1629 2
475 9.61391 17.0493 8.6617 17.3284 4
476 -2.40215 11.4524 0.345097 11.1629 2
477 9.61391 17.0493 8.6617 17.3284 4
478 -2.40215 11.4524 0.345097 11.1629 2
479 9.61391 17.0493 8.6617 17.3284 4
480 -2.40215 11.4524 0.345097 11.1629 2
481 9.61391 17.0493 8.6617 17.3284 4
482 -2.40215 11.4524 0.345097 11.1629 2
483 9.61391 17.0493 8.6617 17.3284 4
484 -2.40215 11.4524 0.345097 11.1629 2
485 9.61391 17.0493 8.6617 17.3284 4
486 -2.40215 11.4524 0.345097 11.1629 2
487 9.61391 17.0493 8.6617 17.3284 4
488 RANDOM
489 -2.84859 11.2021 0.227648 10.753 2
490 7.79471 16.4572 7.26639 16.7676 4
491 -2.84859 11.2021 0.227648 10.753 2
492 7.79471 16.4572 7.26639 16.7676 4
493 -2.84859 11.2021 0.227648 10.753 2
494 7.79471 16.4572 7.26639 16.7676 4
495 -2.84859 11.2021 0.227648 10.753 2
496 7.79471 16.4572 7.26639 16.7676 4
497 -2.84859 11.2021 0.227648 10.753 2
498 7.79471 16.4572 7.26639 16.7676 4
499 -2.84859 11.2021 0.227648 10.753 2
500 7.79471 16.4572 7.26639 16.7676 4
501 -2.84859 11.2021 0.227648 10.753 2
502 7.79471 16.4572 7.26639 16.7676 4
503 -2.84859 11.2021 0.227648 10.753 2
504 7.79471 16.4572 7.26639 16.7676 4
505 -2.84859 11.2021 0.227648 10.753 2
506 7.79471 16.4572 7.26639 16.7676 4
507 -2.84859 11.2021 0.227648 10.753 2
508 7.79471 16.4572 7.26639 16.7676 4
509 -2.84859 11.2021 0.227648 10.753 2
510 7.79471 16.4572 7.26639 16.7676 4
511 -2.84859 11.2021 0.227648 10.753 2
512 7.79471 16.4572 7.26639 16.7676 4
513 -2.84859 11.2021 0.227648 10.753 2
514 RANDOM
515 9.61391 17.0493 8.6617 17.3284 4
516 -2.40215 11.4524 0.345097 11.1629 2
517 9.61391 17.0493 8.6617 17.3284 4
518 -2.40215 11.4524 0.345097 11.1629 2
519 9.61391 17.0493 8.6617 17.3284 4
520 -2.40215 11.4524 0.345097 11.1629 2
521 9.61391 17.0493 8.6617 17.3284 4
522 -2.40215 11.4524 0.345097 11.1629 2
523 9.61391 17.0493 8.6617 17.3284 4
524 -2.40215 11.4524 0.345097 11.1629 2
525 9.61391 17.0493 8.6617 17.3284 4
526 -2.40215 11.4524 0.345097 11.1629 2
527 9.61391 17.0493 8.6617 17.3284 4
528 -2.40215 11.4524 0.345097 11.1629 2
529 9.61391 17.0493 8.6617 17.3284 4
530 -2.40215 11.4524 0.345097 11.1629 2
531 9.61391 17.0493 8.6617 17.3284 4
532 -2.40215 11.4524 0.345097 11.1629 2
533 9.61391 17.0493 8.6617 17.3284 4
534 -2.40215 11.4524 0.345097 11.1629 2
535 9.61391 17.0493 8.6617 17.3284 4
536 -2.40215 11.4524 0.345097 11.1629 2
537 9.61391 17.0493 8.6617 17.3284 4
538 -2.40215 11.4524 0.345097 11.1629 2
539 9.61391 17.0493 8.6617 17.3284 4
540 -2.40215 11.4524 0.345097 11.1629 2
541 9.61391 17.0493 8.6617 17.3284 4
542 -2.40215 11.4524 0.345097 11.1629 2
543 9.61391 17.0493 8.6617 17.3284 4
544 -2.40215 11.4524 0.345097 11.1629 2
545 9.61391 17.0493 8.6617 17.3284 4
546 -2.40215 11.4524 0.345097 11.1629 2
547 9.61391 17.0493 8.6617 17.3284 4
548 -2.40215 11.4524 0.345097 11.1629 2
549 9.61391 17.0493 8.6617 17.3284 4
550 -2.40215 11.4524 0.345097 11.1629 2
551 9.61391 17.0493 8.6617 17.3284 4
552 -2.40215 11.4524 0.345097 11.1629 2
553 9.61391 17.0493 8.6617 17.3284 4
554 -2.40215 11.4524 0.345097 11.1629 2
555 9.61391 17.0493 8.6617 17.3284 4
556 -2.40215 11.4524 0.345097 11.1629 2
557 9.61391 17.0493 8.6617 17.3284 4
558 -2.40215 11.4524 0.345097 11.1629 2
559 9.61391 17.0493 8.6617 17.3284 4
560 -2.40215 11.4524 0.345097 11.1629 2
561 9.61391 17.0493 8.6617 17.3284 4
562 -2.40215 11.4524 0.345097 11.1629 2
563 9.61391 17.0493 8.6617 17.3284 4
564 -2.40215 11.4524 0.345097 11.1629 2
565 9.61391 17.0493 8.6617 17.3284 4
566 -2.40215 11.4524 0.345097 11.1629 2
567 9.61391 17.0493 8.6617 17.3284 4
568 -2.40215 11.4524 0.345097 11.1629 2
569 9.61391 17.0493 8.6617 17.3284 4
570 -2.40215 11.4524 0.345097 11.1629 2
571 9.61391 17.0493 8.6617 17.3284 4
572 -2.40215 11.4524 0.345097 11.1629 2
573 9.61391 17.0493 8.6617 17.3284 4
574 -2.40215 11.4524 0.345097 11.1629 2
575 9.61391 17.0493 8.6617 17.3284 4
576 -2.40215 11.4524 0.345097 11.1629 2
577 9.61391 17.0493 8.6617 17.3284 4
578 -2.40215 11.4524 0.345097 11.1629 2
579 9.61391 17.0493 8.6617 17.3284 4
580 -2.40215 11.4524 0.345097 11.1629 2
581 9.61391 17.0493 8.6617 17.3284 4
582 -2.40215 11.4524 0.345097 11.1629 2
583 9.61391 17.0493 8.6617 17.3284 4
584 -2.40215 11.4524 0.345097 11.1629 2
585 RANDOM
586 10.0892 16.6186 9.24683 16.6488 4
587 -3.5531 14.7046 -2.04767 17.1994 4
588 -2.40215 11.4524 0.345097 11.1629 2
589 9.61391 17.0493 8.6617 17.3284 4
590 -2.40215 11.4524 0.345097 11.1629 2
591 9.61391 17.0493 8.6617 17.3284 4
592 -2.40215 11.4524 0.345097 11.1629 2
593 9.61391 17.0493 8.6617 17.3284 4
594 -2.40215 11.4524 0.345097 11.1629 2
595 9.61391 17.0493 8.6617 17.3284 4
596 -2.40215 11.4524 0.345097 11.1629 2
597 9.61391 17.0493 8.6617 17.3284 4
598 -2.40215 11.4524 0.345097 11.1629 2
599 9.61391 17.0493 8.6617 17.3284 4
600 -2.40215 11.4524 0.345097 11.1629 2
601 RANDOM
602 10.0892 16.6186 9.24683 16.6488 4
603 -3.5531 14.7046 -2.04767 17.1994 4
604 -2.40215 11.4524 0.345097 11.1629 2
605 9.61391 17.0493 8.6617 17.3284 4
606 -2.40215 11.4524 0.345097 11.1629 2
607 9.61391 17.0493 8.6617 17.3284 4
608 -2.40215 11.4524 0.345097 11.1629 2
609 9.61391 17.0493 8.6617 17.3284 4
610 -2.40215 11.4524 0.345097 11.1629 2
611 9.61391 17.0493 8.6617 17.3284 4
612 -2.40215 11.4524 0.345097 11.1629 2
613 9.61391 17.0493 8.6617 17.3284 4
614 -2.40215 11.4524 0.345097 11.1629 2
615 9.61391 17.0493 8.6617 17.3284 4
616 -2.40215 11.4524 0.345097 11.1629 2
617 9.61391 17.0493 8.6617 17.3284 4
618 -2.40215 11.4524 0.345097 11.1629 2
619 9.61391 17.0493 8.6617 17.3284 4
620 -2.40215 11.4524 0.345097 11.1629 2
621 9.61391 17.0493 8.6617 17.3284 4
622 -2.40215 11.4524 0.345097 11.1629 2
623 9.61391 17.0493 8.6617 17.3284 4
624 -2.40215 11.4524 0.345097 11.1629 2
625 9.61391 17.0493 8.6617 17.3284 4
626 -2.40215 11.4524 0.345097 11.1629 2
627 9.61391 17.0493 8.6617 17.3284 4
628 -2.40215 11.4524 0.345097 11.1629 2
629 9.61391 17.0493 8.6617 17.3284 4
630 -2.40215 11.4524 0.345097 11.1629 2
631 9.61391 17.0493 8.6617 17.3284 4
632 -2.40215 11.4524 0.345097 11.1629 2
633 9.61391 17.0493 8.6617 17.3284 4
634 -2.40215 11.4524 0.345097 11.1629 2
635 9.61391 17.0493 8.6617 17.3284 4
636 RANDOM
637 -2.84859 11.2021 0.227648 10.753 2
638 7.79471 16.4572 7.26639 16.7676 4
639 -2.84859 11.2021 0.227648 10.753 2
640 7.79471 16.4572 7.26639 16.7676 4
641 -2.84859 11.2021 0.227648 10.753 2
642 7.79471 16.4572 7.26639 16.7676 4
643 -2.84859 11.2021 0.227648 10.753 2
644 7.79471 16.4572 7.26639 16.7676 4
645 -2.84859 11.2021 0.227648 10.753 2
646 7.79471 16.4572 7.26639 16.7676 4
647 -2.84859 11.2021 0.227648 10.753 2
648 7.79471 16.4572 7.26639 16.7676 4
649 -2.84859 11.2021 0.227648 10.753 2
650 7.79471 16.4572 7.26639 16.7676 4
651 -2.84859 11.2021 0.227648 10.753 2
652 7.79471 16.4572 7.26639 16.7676 4
653 RANDOM
654 -3.44024 11.167 -0.0491645 10.7333 2
655 7.66682 16.1754 7.1633 16.406 4
656 -3.44024 11.167 -0.0491645 10.7333 2
657 7.66682 16.1754 7.1633 16.406 4
658 -3.44024 11.167 -0.0491645 10.7333 2
659 7.66682 16.1754 7.1633 16.406 4
660 -3.44024 11.167 -0.0491645 10.7333 2
661 7.66682 16.1754 7.1633 16.406 4
662 -3.44024 11.167 -0.0491645 10.7333 2
663 7.66682 16.1754 7.1633 16.406 4
664 -3.44024 11.167 -0.0491645 10.7333 2
665 7.66682 16.1754 7.1633 16.406 4
666 -3.44024 11.167 -0.0491645 10.7333 2
667 7.66682 16.1754 7.1633 16.406 4
668 -3.44024 11.167 -0.0491645 10.7333 2
669 7.66682 16.1754 7.1633 16.406 4
670 -3.44024 11.167 -0.0491645 10.7333 2
671 7.66682 16.1754 7.1633 16.406 4
672 -3.44024 11.167 -0.0491645 10.7333 2
673 7.66682 16.1754 7.1633 16.406 4
674 -3.44024 11.167 -0.0491645 10.7333 2
675 7.66682 16.1754 7.1633 16.406 4
676 -3.44024 11.167 -0.0491645 10.7333 2
677 7.66682 16.1754 7.1633 16.406 4
678 -3.44024 11.167 -0.0491645 10.7333 2
679 7.66682 16.1754 7.1633 16.406 4
680 -3.44024 11.167 -0.0491645 10.7333 2
681 7.66682 16.1754 7.1633 16.406 4
682 -3.44024 11.167 -0.0491645 10.7333 2
683 7.66682 16.1754 7.1633 16.406 4
684 -3.44024 11.167 -0.0491645 10.7333 2
685 7.66682 16.1754 7.1633 16.406 4
686 -3.44024 11.167 -0.0491645 10.7333 2
687 7.66682 16.1754 7.1633 16.406 4
688 -3.44024 11.167 -0.0491645 10.7333 2
689 7.66682 16.1754 7.1633 16.406 4
690 -3.44024 11.167 -0.0491645 10.7333 2
691 7.66682 16.1754 7.1633 16.406 4
692 -3.44024 11.167 -0.0491645 10.7333 2
693 7.66682 16.1754 7.1633 16.406 4
694 -3.44024 11.167 -0.0491645 10.7333 2
695 7.66682 16.1754 7.1633 16.406 4
696 -3.44024 11.167 -0.0491645 10.7333 2
697 7.66682 16.1754 7.1633 16.406 4
698 -3.44024 11.167 -0.0491645 10.7333 2
699 7.66682 16.1754 7.1633 16.406 4
700 -3.44024 11.167 -0.0491645 10.7333 2
701 7.66682 16.1754 7.1633 16.406 4
702 -3.44024 11.167 -0.0491645 10.7333 2
703 7.66682 16.1754 7.1633 16.406 4
704 -3.44024 11.167 -0.0491645 10.7333 2
705 7.66682 16.1754 7.1633 16.406 4
706 -3.44024 11.167 -0.0491645 10.7333 2
707 7.66682 16.1754 7.1633 16.406 4
708 -3.44024 11.167 -0.0491645 10.7333 2
709 7.66682 16.1754 7.1633 16.406 4
710 -3.44024 11.167 -0.0491645 10.7333 2
711 7.66682 16.1754 7.1633 16.406 4
712 -3.44024 11.167 -0.0491645 10.7333 2
713 7.66682 16.1754 7.1633 16.406 4
714 -3.44024 11.167 -0.0491645 10.7333 2
715 7.66682 16.1754 7.1633 16.406 4
716 -3.44024 11.167 -0.0491645 10.7333 2
717 7.66682 16.1754 7.1633 16.406 4
718 -3.44024 11.167 -0.0491645 10.7333 2
719 7.66682 16.1754 7.1633 16.406 4
720 -3.44024 11.167 -0.0491645 10.7333 2
721 7.66682 16.1754 7.1633 16.406 4
722 -3.44024 11.167 -0.0491645 10.7333 2
723 7.66682 16.1754 7.1633 16.406 4
724 -3.44024 11.167 -0.0491645 10.7333 2
725 7.66682 16.1754 7.1633 16.406 4
726 -3.44024 11.167 -0.0491645 10.7333 2
727 7.66682 16.1754 7.1633 16.406 4
728 -3.44024 11.167 -0.0491645 10.7333 2
729 7.66682 16.1754 7.1633 16.406 4
730 -3.44024 11.167 -0.0491645 10.7333 2
731 7.66682 16.1754 7.1633 16.406 4
732 -3.44024 11.167 -0.0491645 10.7333 2
733 7.66682 16.1754 7.1633 16.406 4
734 -3.44024 11.167 -0.0491645 10.7333 2
735 7.66682 16.1754 7.1633 16.406 4
736 -3.44024 11.167 -0.0491645 10.7333 2
737 7.66682 16.1754 7.1633 16.406 4
738 -3.44024 11.167 -0.0491645 10.7333 2
739 7.66682 16.1754 7.1633 16.406 4
740 -3.44024 11.167 -0.0491645 10.7333 2
741 7.66682 16.1754 7.1633 16.406 4
742 -3.44024 11.167 -0.0491645 10.7333 2
743 7.66682 16.1754 7.1633 16.406 4
744 -3.44024 11.167 -0.0491645 10.7333 2
745 7.66682 16.1754 7.1633 16.406 4
746 -3.44024 11.167 -0.0491645 10.7333 2
747 7.66682 16.1754 7.1633 16.406 4
748 -3.44024 11.167 -0.0491645 10.7333 2
749 7.66682 16.1754 7.1633 16.406 4
750 -3.44024 11.167 -0.0491645 10.7333 2
751 7.66682 16.1754 7.1633 16.406 4
752 -3.44024 11.167 -0.0491645 10.7333 2
753 7.66682 16.1754 7.1633 16.406 4
754 -3.44024 11.167 -0.0491645 10.7333 2
755 7.66682 16.1754 7.1633 16.406 4
756 -3.44024 11.167 -0.0491645 10.7333 2
757 7.66682 16.1754 7.1633 16.406 4
758 -3.44024 11.167 -0.0491645 10.7333 2
759 7.66682 16.1754 7.1633 16.406 4
760 -3.44024 11.167 -0.0491645 10.7333 2
761 7.66682 16.1754 7.1633 16.406 4
762 -3.44024 11.167 -0.0491645 10.7333 2
763 7.66682 16.1754 7.1633 16.406 4
764 -3.44024 11.167 -0.0491645 10.7333 2
765 7.66682 16.1754 7.1633 16.406 4
766 -3.44024 11.167 -0.0491645 10.7333 2
767 7.66682 16.1754 7.1633 16.406 4
768 -3.44024 11.167 -0.0491645 10.7333 2
769 7.66682 16.1754 7.1633 16.406 4
770 -3.44024 11.167 -0.0491645 10.7333 2
771 7.66682 16.1754 7.1633 16.406 4
772 -3.44024 11.167 -0.0491645 10.7333 2
773 7.66682 16.1754 7.1633 16.406 4
774 -3.44024 11.167 -0.0491645 10.7333 2
775 7.66682 16.1754 7.1633 16.406 4
776 -3.44024 11.167 -0.0491645 10.7333 2
777 7.66682 16.1754 7.1633 16.406 4
778 -3.44024 11.167 -0.0491645 10.7333 2
779 7.66682 16.1754 7.1633 16.406 4
780 -3.44024 11.167 -0.0491645 10.7333 2
781 7.66682 16.1754 7.1633 16.406 4
782 -3.44024 11.167 -0.0491645 10.7333 2
783 7.66682 16.1754 7.1633 16.406 4
784 -3.44024 11.167 -0.0491645 10.7333 2
785 7.66682 16.1754 7.1633 16.406 4
786 -3.44024 11.167 -0.0491645 10.7333 2
787 7.66682 16.1754 7.1633 16.406 4
788 -3.44024 11.167 -0.0491645 10.7333 2
789 7.66682 16.1754 7.1633 16.406 4
790 -3.44024 11.167 -0.0491645 10.7333 2
791 7.66682 16.1754 7.1633 16.406 4
792 -3.44024 11.167 -0.0491645 10.7333 2
793 7.66682 16.1754 7.1633 16.406 4
794 -3.44024 11.167 -0.0491645 10.7333 2
795 7.66682 16.1754 7.1633 16.406 4
796 -3.44024 11.167 -0.0491645 10.7333 2
797 7.66682 16.1754 7.1633 16.406 4
798 -3.44024 11.167 -0.0491645 10.7333 2
799 7.66682 16.1754 7.1633 16.406 4
800 -3.44024 11.167 -0.0491645 10.7333 2
801 7.66682 16.1754 7.1633 16.406 4
802 -3.44024 11.167 -0.0491645 10.7333 2
803 7.66682 16.1754 7.1633 16.406 4
804 -3.44024 11.167 -0.0491645 10.7333 2
805 7.66682 16.1754 7.1633 16.406 4
806 -3.44024 11.167 -0.0491645 10.7333 2
807 7.66682 16.1754 7.1633 16.406 4
808 -3.44024 11.167 -0.0491645 10.7333 2
809 7.66682 16.1754 7.1633 16.406 4
810 -3.44024 11.167 -0.0491645 10.7333 2
811 7.66682 16.1754 7.1633 16.406 4
812 -3.44024 11.167 -0.0491645 10.7333 2
813 7.66682 16.1754 7.1633 16.406 4
814 -3.44024 11.167 -0.0491645 10.7333 2
815 7.66682 16.1754 7.1633 16.406 4
816 -3.44024 11.167 -0.0491645 10.7333 2
817 7.66682 16.1754 7.1633 16.406 4
818 -3.44024 11.167 -0.0491645 10.7333 2
819 7.66682 16.1754 7.1633 16.406 4
820 -3.44024 11.167 -0.0491645 10.7333 2
821 7.66682 16.1754 7.1633 16.406 4
822 -3.44024 11.167 -0.0491645 10.7333 2
823 RANDOM
824 7.79471 16.4572 7.26639 16.7676 4
825 -2.84859 11.2021 0.227648 10.753 2
826 7.79471 16.4572 7.26639 16.7676 4
827 -2.84859 11.2021 0.227648 10.753 2
828 7.79471 16.4572 7.26639 16.7676 4
829 -2.84859 11.2021 0.227648 10.753 2
830 7.79471 16.4572 7.26639 16.7676 4
831 -2.84859 11.2021 0.227648 10.753 2
832 7.79471 16.4572 7.26639 16.7676 4
833 -2.84859 11.2021 0.227648 10.753 2
834 7.79471 16.4572 7.26639 16.7676 4
835 -2.84859 11.2021 0.227648 10.753 2
836 7.79471 16.4572 7.26639 16.7676 4
837 RANDOM
838 -3.44024 11.167 -0.0491645 10.7333 2
839 7.66682 16.1754 7.1633 16.406 4
840 -3.44024 11.167 -0.0491645 10.7333 2
841 7.66682 16.1754 7.1633 16.406 4
842 -3.44024 11.167 -0.0491645 10.7333 2
843 7.66682 16.1754 7.1633 16.406 4
844 -3.44024 11.167 -0.0491645 10.7333 2
845 7.66682 16.1754 7.1633 16.406 4
846 -3.44024 11.167 -0.0491645 10.7333 2
847 7.66682 16.1754 7.1633 16.406 4
848 -3.44024 11.167 -0.0491645 10.7333 2
849 7.66682 16.1754 7.1633 16.406 4
850 -3.44024 11.167 -0.0491645 10.7333 2
851 7.66682 16.1754 7.1633 16.406 4
852 -3.44024 11.167 -0.0491645 10.7333 2
853 RANDOM
854 7.79471 16.4572 7.26639 16.7676 4
855 -2.84859 11.2021 0.227648 10.753 2
856 7.79471 16.4572 7.26639 16.7676 4
857 -2.84859 11.2021 0.227648 10.753 2
858 7.79471 16.4572 7.26639 16.7676 4
859 RANDOM
860 -3.44024 11.167 -0.0491645 10.7333 2
861 7.66682 16.1754 7.1633 16.406 4
862 -3.44024 11.167 -0.0491645 10.7333 2
863 7.66682 16.1754 7.1633 16.406 4
864 -3.44024 11.167 -0.0491645 10.7333 2
865 7.66682 16.1754 7.1633 16.406 4
866 -3.44024 11.167 -0.0491645 10.7333 2
867 7.66682 16.1754 7.1633 16.406 4
868 -3.44024 11.167 -0.0491645 10.7333 2
869 7.66682 16.1754 7.1633 16.406 4
870 RANDOM
871 -4.1031 11.5313 -0.418208 11.3227 2
872 7.55928 15.9971 7.08264 16.159 4
873 -4.1031 11.5313 -0.418208 11.3227 2
874 7.55928 15.9971 7.08264 16.159 4
875 -4.1031 11.5313 -0.418208 11.3227 2
876 7.55928 15.9971 7.08264 16.159 4
877 -4.1031 11.5313 -0.418208 11.3227 2
878 7.55928 15.9971 7.08264 16.159 4
879 -4.1031 11.5313 -0.418208 11.3227 2
880 7.55928 15.9971 7.08264 16.159 4
881 -4.1031 11.5313 -0.418208 11.3227 2
882 7.55928 15.9971 7.08264 16.159 4
883 -4.1031 11.5313 -0.418208 11.3227 2
884 7.55928 15.9971 7.08264 16.159 4
885 -4.1031 11.5313 -0.418208 11.3227 2
886 7.55928 15.9971 7.08264 16.159 4
887 -4.1031 11.5313 -0.418208 11.3227 2
888 7.55928 15.9971 7.08264 16.159 4
889 -4.1031 11.5313 -0.418208 11.3227 2
890 7.55928 15.9971 7.08264 16.159 4
891 -4.1031 11.5313 -0.418208 11.3227 2
892 RANDOM
893 RANDOM
894 7.79471 16.4572 7.26639 16.7676 4
895 -2.84859 11.2021 0.227648 10.753 2
896 7.79471 16.4572 7.26639 16.7676 4
897 -2.84859 11.2021 0.227648 10.753 2
898 7.79471 16.4572 7.26639 16.7676 4
899 -2.84859 11.2021 0.227648 10.753 2
900 7.79471 16.4572 7.26639 16.7676 4
901 -2.84859 11.2021 0.227648 10.753 2
902 7.79471 16.4572 7.26639 16.7676 4
903 -2.84859 11.2021 0.227648 10.753 2
904 7.79471 16.4572 7.26639 16.7676 4
905 RANDOM
906 -3.44024 11.167 -0.0491645 10.7333 2
907 7.66682 16.1754 7.1633 16.406 4
908 -3.44024 11.167 -0.0491645 10.7333 2
909 7.66682 16.1754 7.1633 16.406 4
910 -3.44024 11.167 -0.0491645 10.7333 2
911 7.66682 16.1754 7.1633 16.406 4
912 -3.44024 11.167 -0.0491645 10.7333 2
913 7.66682 16.1754 7.1633 16.406 4
914 -3.44024 11.167 -0.0491645 10.7333 2
915 7.66682 16.1754 7.1633 16.406 4
916 -3.44024 11.167 -0.0491645 10.7333 2
917 7.66682 16.1754 7.1633 16.406 4
918 -3.44024 11.167 -0.0491645 10.7333 2
919 7.66682 16.1754 7.1633 16.406 4
920 -3.44024 11.167 -0.0491645 10.7333 2
921 7.66682 16.1754 7.1633 16.406 4
922 -3.44024 11.167 -0.0491645 10.7333 2
923 7.66682 16.1754 7.1633 16.406 4
924 -3.44024 11.167 -0.0491645 10.7333 2
925 7.66682 16.1754 7.1633 16.406 4
926 -3.44024 11.167 -0.0491645 10.7333 2
927 7.66682 16.1754 7.1633 16.406 4
928 -3.44024 11.167 -0.0491645 10.7333 2
929 7.66682 16.1754 7.1633 16.406 4
930 -3.44024 11.167 -0.0491645 10.7333 2
931 7.66682 16.1754 7.1633 16.406 4
932 -3.44024 11.167 -0.0491645 10.7333 2
933 7.66682 16.1754 7.1633 16.406 4
934 -3.44024 11.167 -0.0491645 10.7333 2
935 7.66682 16.1754 7.1633 16.406 4
936 RANDOM
937 -4.1031 11.5313 -0.418208 11.3227 2
938 7.55928 15.9971 7.08264 16.159 4
939 -4.1031 11.5313 -0.418208 11.3227 2
940 7.55928 15.9971 7.08264 16.159 4
941 -4.1031 11.5313 -0.418208 11.3227 2
942 7.55928 15.9971 7.08264 16.159 4
943 -4.1031 11.5313 -0.418208 11.3227 2
944 7.55928 15.9971 7.08264 16.159 4
945 -4.1031 11.5313 -0.418208 11.3227 2
946 7.55928 15.9971 7.08264 16.159 4
947 -4.1031 11.5313 -0.418208 11.3227 2
948 7.55928 15.9971 7.08264 16.159 4
949 -4.1031 11.5313 -0.418208 11.3227 2
950 7.55928 15.9971 7.08264 16.159 4
951 -4.1031 11.5313 -0.418208 11.3227 2
952 7.55928 15.9971 7.08264 16.159 4
953 -4.1031 11.5313 -0.418208 11.3227 2
954 7.55928 15.9971 7.08264 16.159 4
955 -4.1031 11.5313 -0.418208 11.3227 2
956 7.55928 15.9971 7.08264 16.159 4
957 -4.1031 11.5313 -0.418208 11.3227 2
958 7.55928 15.9971 7.08264 16.159 4
959 -4.1031 11.5313 -0.418208 11.3227 2
960 7.55928 15.9971 7.08264 16.159 4
961 RANDOM
962 -6.77121 11.7867 -1.61906 11.3458 2
963 7.24389 15.9433 6.82665 16.1492 4
964 RANDOM
965 10.7657 13.7098 10.4739 12.3296 2
966 6.89857 13.9483 6.7874 13.3118 2
