0 RANDOM
1 28.0499 65.2009 32.5542 73.553 4
2 28.0499 65.2009 32.5542 73.553 4
3 28.0499 65.2009 32.5542 73.553 4
4 28.0499 65.2009 32.5542 73.553 4
5 28.0499 65.2009 32.5542 73.553 4
6 28.0499 65.2009 32.5542 73.553 4
7 28.0499 65.2009 32.5542 73.553 4
8 28.0499 65.2009 32.5542 73.553 4
9 28.0499 65.2009 32.5542 73.553 4
10 28.0499 65.2009 32.5542 73.553 4
11 28.0499 65.2009 32.5542 73.553 4
12 28.0499 65.2009 32.5542 73.553 4
13 28.0499 65.2009 32.5542 73.553 4
14 28.0499 65.2009 32.5542 73.553 4
15 RANDOM
16 28.0499 65.2009 32.5542 73.553 4
17 28.0499 65.2009 32.5542 73.553 4
18 RANDOM
19 28.0499 65.2009 32.5542 73.553 4
20 28.0499 65.2009 32.5542 73.553 4
21 28.0499 65.2009 32.5542 73.553 4
22 28.0499 65.2009 32.5542 73.553 4
23 28.0499 65.2009 32.5542 73.553 4
24 28.0499 65.2009 32.5542 73.553 4
25 28.0499 65.2009 32.5542 73.553 4
26 28.0499 65.2009 32.5542 73.553 4
27 28.0499 65.2009 32.5542 73.553 4
28 28.0499 65.2009 32.5542 73.553 4
29 28.0499 65.2009 32.5542 73.553 4
30 28.0499 65.2009 32.5542 73.553 4
31 28.0499 65.2009 32.5542 73.553 4
32 28.0499 65.2009 32.5542 73.553 4
33 28.0499 65.2009 32.5542 73.553 4
34 28.0499 65.2009 32.5542 73.553 4
35 28.0499 65.2009 32.5542 73.553 4
36 28.0499 65.2009 32.5542 73.553 4
37 28.0499 65.2009 32.5542 73.553 4
38 28.0499 65.2009 32.5542 73.553 4
39 28.0499 65.2009 32.5542 73.553 4
40 28.0499 65.2009 32.5542 73.553 4
41 28.0499 65.2009 32.5542 73.553 4
42 28.0499 65.2009 32.5542 73.553 4
43 28.0499 65.2009 32.5542 73.553 4
44 84.5012 226.818 70.2778 223.23 2
45 28.0499 65.2009 32.5542 73.553 4
46 84.5012 226.818 70.2778 223.23 2
47 28.0499 65.2009 32.5542 73.553 4
48 84.5012 226.818 70.2778 223.23 2
49 28.0499 65.2009 32.5542 73.553 4
50 84.5012 226.818 70.2778 223.23 2
51 28.0499 65.2009 32.5542 73.553 4
52 RANDOM
53 34.3787 94.2799 25.4166 108.014 4
54 88.4397 222.964 96.7764 205.511 2
