0 -458.364 540.046 -508.993 502.957 2
1 -437.379 536.36 -521.656 501.308 2
2 -424.116 541.241 -521.122 503.86 2
3 -578.815 531.799 -381.329 503.757 2
4 -546.55 524.438 -375.938 477.652 2
5 -538.469 520.204 -363.437 458.333 2
6 -440.46 513.729 -424.152 464.055 2
7 -493.604 548.679 -366.197 497.518 2
8 -483.76 541.029 -364.565 478.823 2
9 -485.115 547.491 -366.377 485.345 2
10 -453.866 570.517 -359.502 506.729 2
11 -416.091 502.119 -327.271 405.765 2
12 -399.589 495.949 -329.569 390.435 2
13 -381.685 503.046 -329.119 390.395 2
14 -325.602 527.617 -304.373 401.896 2
15 -385.213 516.02 -410.602 428.245 2
16 -374.255 511.698 -375.6 399.767 2
17 -374.515 528.703 -349.586 403.892 2
18 -320.132 550.946 -289.815 403.231 2
19 -361.319 565.906 -326.741 496.046 2
20 -337.279 586.508 -310.465 504.724 2
21 -332.231 602.781 -289.875 515.144 2
22 -261.978 599.156 -219.782 464.732 2
23 -229.648 603.0 -62.7781 436.352 2
24 -172.422 588.322 -40.8086 385.152 2
25 -174.505 586.061 -53.6807 375.988 2
26 -151.423 575.584 -28.6836 335.888 2
27 -149.634 552.185 16.0602 309.249 2
28 -51.2174 550.381 72.2912 260.902 2
29 -48.9586 548.322 83.8984 253.134 2
30 16.0282 567.168 196.026 231.012 2
31 -198.586 571.185 96.9494 394.434 2
32 -88.8409 560.576 185.029 328.96 2
33 -74.5723 574.672 239.035 328.664 2
34 23.4955 599.464 381.817 301.605 2
35 -283.032 625.66 58.2619 502.904 2
36 -209.094 644.569 159.278 485.453 2
37 -144.698 650.205 248.211 463.484 2
38 -17.6859 646.154 424.253 414.75 2
39 -111.148 602.177 283.04 427.556 2
40 -45.5059 590.992 334.126 383.877 2
41 13.37 610.925 375.725 378.617 2
42 100.521 654.827 456.368 386.523 2
43 5.46159 603.764 415.338 392.289 2
44 60.5778 634.849 445.864 396.469 2
45 102.27 658.905 465.218 399.964 2
46 203.125 710.086 561.558 422.583 2
47 185.914 682.729 373.311 371.636 2
48 171.596 672.91 353.337 356.936 2
49 108.434 656.641 304.899 354.265 2
50 71.3888 645.467 280.565 348.927 2
51 71.3888 645.467 280.565 348.927 2
