0 -167.499 409.209 -209.677 334.745 2
1 -151.291 405.26 -224.06 333.321 2
2 -142.212 415.158 -222.871 340.06 2
3 -272.041 413.272 -60.7834 341.067 2
4 -245.667 406.135 -58.1962 316.608 2
5 -240.16 403.149 -47.9067 299.485 2
6 -154.099 399.053 -119.358 313.204 2
7 RANDOM
8 RANDOM
9 -191.078 413.279 -61.3359 307.098 2
10 -165.662 445.201 -55.5024 341.607 2
11 -120.686 371.906 -19.4269 229.488 2
12 -108.036 365.914 -22.9054 216.042 2
13 -93.543 373.91 -23.6305 219.562 2
14 -43.6475 398.364 -1.02141 232.535 2
15 -92.6697 381.223 -106.617 250.799 2
16 -80.8584 376.732 -73.1908 223.081 2
17 -84.3404 389.677 -50.5575 223.943 2
18 -39.6922 411.744 6.45711 225.368 2
19 -76.9544 413.815 -35.0036 298.532 2
20 -56.2351 436.504 -20.7792 312.085 2
21 -51.9878 454.992 -0.611495 326.508 2
22 11.5295 457.777 68.056 285.548 2
23 52.6518 439.888 222.863 224.316 2
24 108.806 424.432 245.032 172.271 2
25 105.13 423.684 230.628 166.428 2
26 124.863 422.46 257.108 138.777 2
27 117.847 394.71 295.087 106.731 2
28 216.402 394.995 355.647 59.8652 2
29 223.599 400.472 373.302 59.5229 2
30 284.23 422.441 484.54 42.6145 3
31 299.21 387.758 533.991 16.1426 3
