0 -39.6231 805.47 -582.997 662.809 2
1 -25.4527 800.893 -595.525 662.022 2
2 -18.4456 808.974 -590.952 667.172 2
3 -142.491 805.579 -469.951 657.103 2
4 -121.556 788.118 -465.064 624.317 2
5 RANDOM
6 -40.5896 755.972 -517.921 602.187 2
7 -77.0093 769.731 -466.628 599.746 2
8 -74.6936 755.696 -467.272 577.975 2
9 -79.4363 763.327 -469.567 587.68 2
10 -58.139 783.952 -468.897 611.279 2
11 -10.4222 720.363 -435.939 505.344 2
12 0.900352 711.575 -438.841 490.106 2
13 13.8835 716.702 -439.379 492.009 2
14 60.5822 733.023 -424.646 496.915 2
15 17.5893 723.388 -514.578 525.921 2
16 28.4546 718.368 -483.075 497.917 2
17 23.1504 724.828 -464.775 493.093 2
18 63.0803 740.092 -420.473 487.009 2
19 33.7485 739.832 -446.687 554.205 2
20 52.1613 754.177 -438.975 558.912 2
21 54.9939 769.94 -422.795 570.559 2
22 RANDOM
23 161.151 758.045 -227.283 465.509 2
24 214.987 742.336 -209.886 413.876 2
25 210.269 741.505 -223.174 409.255 2
26 228.457 740.085 -202.948 381.316 2
27 222.58 710.331 -169.823 343.928 2
28 320.897 711.495 -117.722 296.598 2
29 327.235 719.06 -103.908 298.141 2
30 386.037 735.354 -11.7039 272.029 2
31 182.407 762.18 -86.3524 457.943 2
32 290.179 755.587 -10.867 394.914 2
33 300.99 771.099 32.6803 398.822 2
34 381.737 798.632 150.816 376.486 2
35 102.618 808.668 -119.082 558.871 2
36 169.674 828.485 -37.9408 544.177 2
37 227.967 839.254 40.2326 527.665 2
38 350.409 841.49 192.309 480.034 2
39 273.081 789.776 85.5299 486.866 2
40 323.486 782.765 119.144 450.359 2
41 383.091 781.147 151.26 420.886 2
42 465.782 826.566 220.547 430.182 2
43 379.823 783.007 188.182 440.4 2
44 433.223 812.288 213.893 441.867 2
45 RANDOM
46 569.22 882.633 311.335 460.424 2
47 555.322 823.141 151.099 382.045 2
48 541.047 817.444 132.854 372.827 2
49 473.834 819.426 89.5854 393.395 2
50 437.4 816.358 67.8268 397.556 2
51 437.4 816.358 67.8268 397.556 2
