0 5309.65 6430.44 6116.21 6966.57 4
1 5994.8 7681.75 6995.29 8246.19 4
2 8487.58 12425.2 10342.9 13931.7 4
3 8406.78 12364.2 10255.5 13804.9 4
4 8330.7 12285.7 10159.4 13650.8 4
5 8283.12 12225.5 10086.2 13519.0 4
6 RANDOM
7 8051.96 11948.6 9821.53 13371.5 4
8 7955.4 11778.5 9677.55 13124.3 4
9 7940.99 11767.8 9646.93 13063.0 4
10 7878.3 11544.3 9558.42 12796.5 4
11 6542.84 9036.97 7789.15 9757.74 4
12 5578.16 7219.69 6513.98 7682.26 4
13 4760.71 5639.44 5405.79 5929.79 4
14 5564.75 7162.57 6536.02 7683.46 4
15 5180.94 6432.5 6018.47 6869.19 4
16 4913.79 5928.04 5655.37 6302.68 4
17 4771.21 5656.33 5455.25 5993.8 4
18 5585.71 7199.2 6566.49 7717.44 4
19 5424.97 6904.24 6349.29 7381.76 4
20 5277.76 6650.42 6150.56 7085.42 4
21 5148.1 6433.07 5975.84 6827.11 4
22 RANDOM
23 5294.2 6705.24 6186.4 7187.85 4
24 5184.68 6523.01 6039.37 6974.57 4
25 5089.94 6367.5 5911.49 6790.09 4
26 5413.97 6980.3 6638.54 7239.54 4
27 4835.26 5944.72 5888.08 6071.87 4
28 4281.1 4956.8 5167.48 4961.34 3
29 4385.41 5104.63 5265.33 5191.95 3
