0 22.9981 50.0364 25.6669 55.3026 4
1 22.9981 50.0364 25.6669 55.3026 4
2 22.9981 50.0364 25.6669 55.3026 4
3 22.9981 50.0364 25.6669 55.3026 4
4 22.9981 50.0364 25.6669 55.3026 4
5 22.9981 50.0364 25.6669 55.3026 4
6 22.9981 50.0364 25.6669 55.3026 4
7 22.9981 50.0364 25.6669 55.3026 4
8 22.9981 50.0364 25.6669 55.3026 4
9 22.9981 50.0364 25.6669 55.3026 4
10 22.9981 50.0364 25.6669 55.3026 4
11 22.9981 50.0364 25.6669 55.3026 4
12 22.9981 50.0364 25.6669 55.3026 4
13 22.9981 50.0364 25.6669 55.3026 4
14 22.9981 50.0364 25.6669 55.3026 4
15 22.9981 50.0364 25.6669 55.3026 4
16 22.9981 50.0364 25.6669 55.3026 4
17 22.9981 50.0364 25.6669 55.3026 4
18 22.9981 50.0364 25.6669 55.3026 4
19 22.9981 50.0364 25.6669 55.3026 4
20 22.9981 50.0364 25.6669 55.3026 4
21 21.9908 47.8327 25.5554 51.0459 4
22 22.9981 50.0364 25.6669 55.3026 4
23 22.9981 50.0364 25.6669 55.3026 4
24 22.9981 50.0364 25.6669 55.3026 4
25 22.9981 50.0364 25.6669 55.3026 4
26 22.9981 50.0364 25.6669 55.3026 4
27 22.9981 50.0364 25.6669 55.3026 4
28 22.9981 50.0364 25.6669 55.3026 4
29 22.9981 50.0364 25.6669 55.3026 4
30 22.9981 50.0364 25.6669 55.3026 4
31 22.9981 50.0364 25.6669 55.3026 4
32 22.9981 50.0364 25.6669 55.3026 4
33 22.9981 50.0364 25.6669 55.3026 4
34 22.9981 50.0364 25.6669 55.3026 4
35 22.9981 50.0364 25.6669 55.3026 4
36 22.9981 50.0364 25.6669 55.3026 4
37 22.9981 50.0364 25.6669 55.3026 4
38 22.9981 50.0364 25.6669 55.3026 4
39 22.9981 50.0364 25.6669 55.3026 4
40 22.9981 50.0364 25.6669 55.3026 4
41 22.9981 50.0364 25.6669 55.3026 4
42 208.55 496.401 212.479 447.069 2
43 22.9981 50.0364 25.6669 55.3026 4
44 208.55 496.401 212.479 447.069 2
45 22.9981 50.0364 25.6669 55.3026 4
46 208.55 496.401 212.479 447.069 2
47 22.9981 50.0364 25.6669 55.3026 4
48 208.55 496.401 212.479 447.069 2
49 22.9981 50.0364 25.6669 55.3026 4
50 208.55 496.401 212.479 447.069 2
51 22.9981 50.0364 25.6669 55.3026 4
52 208.55 496.401 212.479 447.069 2
53 22.9981 50.0364 25.6669 55.3026 4
54 208.55 496.401 212.479 447.069 2
55 22.9981 50.0364 25.6669 55.3026 4
56 208.55 496.401 212.479 447.069 2
57 22.9981 50.0364 25.6669 55.3026 4
58 208.55 496.401 212.479 447.069 2
59 RANDOM
60 22.9981 50.0364 25.6669 55.3026 4
61 22.9981 50.0364 25.6669 55.3026 4
62 208.55 496.401 212.479 447.069 2
63 22.9981 50.0364 25.6669 55.3026 4
64 208.55 496.401 212.479 447.069 2
65 22.9981 50.0364 25.6669 55.3026 4
66 208.55 496.401 212.479 447.069 2
67 22.9981 50.0364 25.6669 55.3026 4
68 208.55 496.401 212.479 447.069 2
69 RANDOM
70 22.9981 50.0364 25.6669 55.3026 4
71 22.9981 50.0364 25.6669 55.3026 4
72 208.55 496.401 212.479 447.069 2
73 22.9981 50.0364 25.6669 55.3026 4
74 208.55 496.401 212.479 447.069 2
75 22.9981 50.0364 25.6669 55.3026 4
76 208.55 496.401 212.479 447.069 2
77 22.9981 50.0364 25.6669 55.3026 4
78 208.55 496.401 212.479 447.069 2
79 22.9981 50.0364 25.6669 55.3026 4
80 208.55 496.401 212.479 447.069 2
81 22.9981 50.0364 25.6669 55.3026 4
82 208.55 496.401 212.479 447.069 2
83 22.9981 50.0364 25.6669 55.3026 4
84 208.55 496.401 212.479 447.069 2
85 22.9981 50.0364 25.6669 55.3026 4
86 208.55 496.401 212.479 447.069 2
87 22.9981 50.0364 25.6669 55.3026 4
88 208.55 496.401 212.479 447.069 2
89 22.9981 50.0364 25.6669 55.3026 4
90 208.55 496.401 212.479 447.069 2
91 22.9981 50.0364 25.6669 55.3026 4
92 208.55 496.401 212.479 447.069 2
93 RANDOM
94 22.9981 50.0364 25.6669 55.3026 4
95 22.9981 50.0364 25.6669 55.3026 4
96 208.55 496.401 212.479 447.069 2
97 22.9981 50.0364 25.6669 55.3026 4
98 208.55 496.401 212.479 447.069 2
99 22.9981 50.0364 25.6669 55.3026 4
100 208.55 496.401 212.479 447.069 2
101 22.9981 50.0364 25.6669 55.3026 4
102 208.55 496.401 212.479 447.069 2
103 22.9981 50.0364 25.6669 55.3026 4
104 208.55 496.401 212.479 447.069 2
105 22.9981 50.0364 25.6669 55.3026 4
106 208.55 496.401 212.479 447.069 2
107 RANDOM
108 RANDOM
109 22.9981 50.0364 25.6669 55.3026 4
110 22.9981 50.0364 25.6669 55.3026 4
111 22.9981 50.0364 25.6669 55.3026 4
112 208.55 496.401 212.479 447.069 2
113 22.9981 50.0364 25.6669 55.3026 4
114 208.55 496.401 212.479 447.069 2
115 22.9981 50.0364 25.6669 55.3026 4
116 208.55 496.401 212.479 447.069 2
117 22.9981 50.0364 25.6669 55.3026 4
118 208.55 496.401 212.479 447.069 2
119 22.9981 50.0364 25.6669 55.3026 4
120 208.55 496.401 212.479 447.069 2
121 22.9981 50.0364 25.6669 55.3026 4
122 208.55 496.401 212.479 447.069 2
123 22.9981 50.0364 25.6669 55.3026 4
124 208.55 496.401 212.479 447.069 2
125 22.9981 50.0364 25.6669 55.3026 4
126 208.55 496.401 212.479 447.069 2
127 22.9981 50.0364 25.6669 55.3026 4
128 208.55 496.401 212.479 447.069 2
129 22.9981 50.0364 25.6669 55.3026 4
130 208.55 496.401 212.479 447.069 2
131 22.9981 50.0364 25.6669 55.3026 4
132 208.55 496.401 212.479 447.069 2
133 22.9981 50.0364 25.6669 55.3026 4
134 208.55 496.401 212.479 447.069 2
135 22.9981 50.0364 25.6669 55.3026 4
136 208.55 496.401 212.479 447.069 2
137 22.9981 50.0364 25.6669 55.3026 4
138 208.55 496.401 212.479 447.069 2
139 22.9981 50.0364 25.6669 55.3026 4
140 208.55 496.401 212.479 447.069 2
141 22.9981 50.0364 25.6669 55.3026 4
142 208.55 496.401 212.479 447.069 2
143 22.9981 50.0364 25.6669 55.3026 4
144 208.55 496.401 212.479 447.069 2
145 22.9981 50.0364 25.6669 55.3026 4
146 RANDOM
147 105.665 252.167 103.982 238.919 2
148 40.7927 104.611 28.7761 115.242 4
