0 -1.75864 24.7465 4.0821 25.6536 4
1 -1.75864 24.7465 4.0821 25.6536 4
2 -1.75864 24.7465 4.0821 25.6536 4
3 -1.75864 24.7465 4.0821 25.6536 4
4 -1.75864 24.7465 4.0821 25.6536 4
5 -1.75864 24.7465 4.0821 25.6536 4
6 -1.75864 24.7465 4.0821 25.6536 4
7 -1.75864 24.7465 4.0821 25.6536 4
8 -1.75864 24.7465 4.0821 25.6536 4
9 -1.75864 24.7465 4.0821 25.6536 4
10 -1.75864 24.7465 4.0821 25.6536 4
11 -1.75864 24.7465 4.0821 25.6536 4
12 -1.75864 24.7465 4.0821 25.6536 4
13 -1.75864 24.7465 4.0821 25.6536 4
14 -1.75864 24.7465 4.0821 25.6536 4
15 RANDOM
16 -1.75864 24.7465 4.0821 25.6536 4
17 -1.75864 24.7465 4.0821 25.6536 4
18 -1.75864 24.7465 4.0821 25.6536 4
19 -1.75864 24.7465 4.0821 25.6536 4
20 -1.75864 24.7465 4.0821 25.6536 4
21 -1.75864 24.7465 4.0821 25.6536 4
22 -1.75864 24.7465 4.0821 25.6536 4
23 -1.75864 24.7465 4.0821 25.6536 4
24 RANDOM
25 -1.75864 24.7465 4.0821 25.6536 4
26 -1.75864 24.7465 4.0821 25.6536 4
27 -1.75864 24.7465 4.0821 25.6536 4
28 -1.75864 24.7465 4.0821 25.6536 4
29 -1.75864 24.7465 4.0821 25.6536 4
30 -1.75864 24.7465 4.0821 25.6536 4
31 -1.75864 24.7465 4.0821 25.6536 4
32 -1.75864 24.7465 4.0821 25.6536 4
33 -1.75864 24.7465 4.0821 25.6536 4
34 -1.75864 24.7465 4.0821 25.6536 4
35 -1.75864 24.7465 4.0821 25.6536 4
36 -1.75864 24.7465 4.0821 25.6536 4
37 -1.75864 24.7465 4.0821 25.6536 4
38 -1.75864 24.7465 4.0821 25.6536 4
39 -1.75864 24.7465 4.0821 25.6536 4
40 -1.75864 24.7465 4.0821 25.6536 4
41 -1.75864 24.7465 4.0821 25.6536 4
42 -3.75937 25.266 -40.4466 44.26 4
43 -3.12769 28.4189 -41.5447 45.0176 4
44 -3.07469 31.5351 -43.7986 44.5872 4
45 RANDOM
46 -3.67399 21.7637 -38.0426 42.6122 4
47 -3.55267 19.4577 -33.9346 38.9617 4
48 -2.9813 18.2539 -29.9494 36.7339 4
49 -2.4176 17.0427 -25.9811 34.4927 4
50 4.45125 24.3588 -7.09747 16.6391 2
51 -1.75864 24.7465 4.0821 25.6536 4
52 4.45125 24.3588 -7.09747 16.6391 2
53 -1.75864 24.7465 4.0821 25.6536 4
54 RANDOM
55 -1.75864 24.7465 4.0821 25.6536 4
56 RANDOM
