0 -238.226 292.705 -418.517 216.832 2
1 -236.504 298.484 -432.445 235.588 2
2 -238.872 311.137 -426.77 249.913 2
3 -311.925 294.365 -364.035 248.324 2
4 -305.906 282.208 -360.916 227.595 2
5 -310.233 283.183 -346.413 217.062 2
6 -254.503 288.626 -403.389 248.942 2
7 -252.855 279.239 -374.865 232.116 2
8 -262.41 259.258 -368.328 202.798 2
9 -276.361 266.222 -365.819 204.533 2
10 -278.224 272.792 -370.228 217.721 2
11 -233.05 229.646 -340.028 137.334 2
12 -232.973 221.109 -342.349 121.004 2
13 -234.027 217.217 -350.26 111.488 2
14 -207.133 231.073 -351.708 123.399 2
15 RANDOM
16 -201.898 224.526 -403.389 128.496 2
17 -214.499 220.126 -399.242 113.519 2
18 -204.867 228.108 -388.631 116.538 2
19 -184.996 244.825 -382.783 162.277 2
20 -186.239 252.52 -391.518 168.467 2
21 -193.565 255.985 -392.656 169.91 2
22 -167.441 259.417 -362.911 155.34 2
23 -109.415 225.235 -287.833 73.8342 2
24 -54.1271 211.392 -265.933 27.0486 2
25 -62.6791 211.463 -272.32 25.9932 2
26 -65.5453 221.49 -247.75 30.4973 2
27 -105.205 217.478 -251.788 28.8015 2
28 -36.1174 195.465 -218.709 -26.2422 2
29 5.52132 183.434 -192.312 -53.6519 2
30 36.3565 197.253 -134.78 -47.7183 2
31 -151.084 238.129 -205.419 86.7529 2
32 -58.9262 222.158 -148.204 35.4216 2
33 -40.5917 218.039 -116.501 27.6497 2
34 -7.80949 273.06 -43.2059 82.0588 2
35 -180.978 258.591 -228.348 137.39 2
36 -155.667 255.792 -191.625 121.4 2
37 -128.603 237.194 -155.956 92.626 2
38 -85.5702 264.616 -61.8599 114.2 2
39 -32.1088 176.25 -100.363 18.1975 2
40 -20.3964 198.613 -86.9313 39.353 2
41 RANDOM
42 44.254 201.414 -31.2268 21.353 2
43 29.2852 199.943 -27.8878 31.4812 2
44 RANDOM
45 58.5689 204.849 -27.0698 20.9377 2
46 137.853 218.332 45.5387 19.2222 2
47 132.493 183.666 -104.748 -53.7263 2
48 109.465 179.849 -118.528 -52.4709 2
49 64.3451 176.523 -144.481 -42.8323 2
50 35.765 180.675 -155.642 -27.5159 2
51 35.765 180.675 -155.642 -27.5159 2
