0 51.2535 54.1555 41.9878 62.9392 4
1 51.6186 58.2822 36.8801 83.4781 4
2 61.4705 65.8685 47.7579 88.3324 4
3 62.0852 66.5466 48.1421 89.7145 4
4 62.5372 67.1107 48.3052 91.1714 4
5 62.7169 67.5264 48.003 93.0148 4
6 64.2283 67.2361 51.4074 84.9608 4
7 64.4718 67.6408 51.4076 86.2627 4
8 64.7667 68.1334 51.3803 87.8603 4
9 64.9594 68.6041 51.1796 89.7152 4
10 63.4453 65.7509 51.658 79.4958 4
11 63.5886 66.0948 51.5927 80.7462 4
12 63.7437 66.4668 51.5102 82.1295 4
13 63.6608 66.7128 51.1456 83.7196 4
14 71.5947 72.6202 57.9606 87.0118 4
15 71.89 72.9905 58.0541 88.0038 4
16 72.1887 73.4004 58.1003 89.2147 4
17 72.7295 74.0469 58.3616 90.7135 4
18 69.7168 70.5841 55.9857 84.9967 4
19 70.011 70.9583 56.0044 86.1017 4
20 70.4367 71.4809 56.0988 87.4977 4
21 71.0111 72.1846 56.2743 89.2725 4
22 70.0482 71.0269 55.9148 86.4187 4
23 70.5223 71.563 56.1052 87.6484 4
24 71.2457 72.3668 56.4586 89.3576 4
25 72.157 73.3712 56.9683 91.3644 4
26 55.8825 59.0971 44.1396 63.5524 4
27 55.703 59.1196 43.9476 63.2646 4
28 55.7651 59.4867 43.8847 63.5997 4
29 56.1217 60.2086 44.0429 64.428 4
30 49.2295 53.2222 37.8684 51.9949 2
31 58.9434 58.5837 49.6782 58.5767 1
32 65.1401 63.5357 56.9732 61.2728 1
