0 -5.42533 17.8965 5.1306 18.5953 4
1 -5.42533 17.8965 5.1306 18.5953 4
2 -5.42533 17.8965 5.1306 18.5953 4
3 -5.42533 17.8965 5.1306 18.5953 4
4 -5.42533 17.8965 5.1306 18.5953 4
5 -5.42533 17.8965 5.1306 18.5953 4
6 -5.42533 17.8965 5.1306 18.5953 4
7 -5.42533 17.8965 5.1306 18.5953 4
8 -5.42533 17.8965 5.1306 18.5953 4
9 -5.42533 17.8965 5.1306 18.5953 4
10 -5.42533 17.8965 5.1306 18.5953 4
11 -5.42533 17.8965 5.1306 18.5953 4
12 -5.42533 17.8965 5.1306 18.5953 4
13 -5.42533 17.8965 5.1306 18.5953 4
14 -5.42533 17.8965 5.1306 18.5953 4
15 -5.42533 17.8965 5.1306 18.5953 4
16 -5.42533 17.8965 5.1306 18.5953 4
17 -5.42533 17.8965 5.1306 18.5953 4
18 -5.42533 17.8965 5.1306 18.5953 4
19 -5.42533 17.8965 5.1306 18.5953 4
20 -5.42533 17.8965 5.1306 18.5953 4
21 -5.42533 17.8965 5.1306 18.5953 4
22 -5.42533 17.8965 5.1306 18.5953 4
23 -5.42533 17.8965 5.1306 18.5953 4
24 -5.42533 17.8965 5.1306 18.5953 4
25 -5.42533 17.8965 5.1306 18.5953 4
26 -5.42533 17.8965 5.1306 18.5953 4
27 -5.42533 17.8965 5.1306 18.5953 4
28 -5.42533 17.8965 5.1306 18.5953 4
29 -5.42533 17.8965 5.1306 18.5953 4
30 -5.42533 17.8965 5.1306 18.5953 4
31 -5.42533 17.8965 5.1306 18.5953 4
32 -5.42533 17.8965 5.1306 18.5953 4
33 -5.42533 17.8965 5.1306 18.5953 4
34 -5.42533 17.8965 5.1306 18.5953 4
35 -5.42533 17.8965 5.1306 18.5953 4
36 RANDOM
37 -5.42533 17.8965 5.1306 18.5953 4
38 -5.42533 17.8965 5.1306 18.5953 4
39 -5.42533 17.8965 5.1306 18.5953 4
40 -5.42533 17.8965 5.1306 18.5953 4
41 -5.42533 17.8965 5.1306 18.5953 4
42 -13.2536 17.7845 -34.071 35.8076 4
43 -13.4811 20.3624 -34.6179 36.0256 4
44 -14.6233 22.7362 -36.0584 34.7628 4
45 -15.8438 25.5863 -37.5391 35.5168 4
46 -11.9175 15.4298 -32.3913 35.207 4
47 -11.4845 12.688 -29.146 31.096 4
48 -10.5049 11.32 -25.8083 28.612 4
49 RANDOM
50 -3.51805 17.2928 0.387194 8.23328 2
51 -5.42533 17.8965 5.1306 18.5953 4
52 -3.51805 17.2928 0.387194 8.23328 2
53 -5.42533 17.8965 5.1306 18.5953 4
54 -3.51805 17.2928 0.387194 8.23328 2
55 -5.42533 17.8965 5.1306 18.5953 4
56 -3.51805 17.2928 0.387194 8.23328 2
57 -5.42533 17.8965 5.1306 18.5953 4
58 -3.51805 17.2928 0.387194 8.23328 2
59 -5.42533 17.8965 5.1306 18.5953 4
60 -3.51805 17.2928 0.387194 8.23328 2
61 -5.42533 17.8965 5.1306 18.5953 4
62 -3.51805 17.2928 0.387194 8.23328 2
63 -5.42533 17.8965 5.1306 18.5953 4
64 -3.51805 17.2928 0.387194 8.23328 2
65 -5.42533 17.8965 5.1306 18.5953 4
66 -3.51805 17.2928 0.387194 8.23328 2
67 -5.42533 17.8965 5.1306 18.5953 4
68 -3.51805 17.2928 0.387194 8.23328 2
69 -5.42533 17.8965 5.1306 18.5953 4
70 -3.51805 17.2928 0.387194 8.23328 2
71 RANDOM
72 -5.42533 17.8965 5.1306 18.5953 4
73 -7.48308 10.8967 -18.0604 24.336 4
74 -3.51805 17.2928 0.387194 8.23328 2
75 -5.42533 17.8965 5.1306 18.5953 4
76 -3.51805 17.2928 0.387194 8.23328 2
77 -5.42533 17.8965 5.1306 18.5953 4
78 -3.51805 17.2928 0.387194 8.23328 2
79 -5.42533 17.8965 5.1306 18.5953 4
80 -3.51805 17.2928 0.387194 8.23328 2
81 -5.42533 17.8965 5.1306 18.5953 4
82 -3.51805 17.2928 0.387194 8.23328 2
83 -5.42533 17.8965 5.1306 18.5953 4
84 -3.51805 17.2928 0.387194 8.23328 2
85 -5.42533 17.8965 5.1306 18.5953 4
86 -3.51805 17.2928 0.387194 8.23328 2
87 -5.42533 17.8965 5.1306 18.5953 4
88 -3.51805 17.2928 0.387194 8.23328 2
89 -5.42533 17.8965 5.1306 18.5953 4
90 -3.51805 17.2928 0.387194 8.23328 2
91 -5.42533 17.8965 5.1306 18.5953 4
92 -3.51805 17.2928 0.387194 8.23328 2
93 RANDOM
94 -5.42533 17.8965 5.1306 18.5953 4
95 -7.48308 10.8967 -18.0604 24.336 4
96 -3.51805 17.2928 0.387194 8.23328 2
97 -5.42533 17.8965 5.1306 18.5953 4
98 -3.51805 17.2928 0.387194 8.23328 2
99 -5.42533 17.8965 5.1306 18.5953 4
100 -3.51805 17.2928 0.387194 8.23328 2
101 -5.42533 17.8965 5.1306 18.5953 4
102 RANDOM
103 -5.42533 17.8965 5.1306 18.5953 4
104 -6.89093 17.5604 -7.00083 10.7154 2
