0 -12.1926 33.2138 23.6683 34.5805 4
1 -12.1926 33.2138 23.6683 34.5805 4
2 -12.1926 33.2138 23.6683 34.5805 4
3 -12.1926 33.2138 23.6683 34.5805 4
4 -12.1926 33.2138 23.6683 34.5805 4
5 RANDOM
6 -12.1926 33.2138 23.6683 34.5805 4
7 -12.1926 33.2138 23.6683 34.5805 4
8 -12.1926 33.2138 23.6683 34.5805 4
9 -12.1926 33.2138 23.6683 34.5805 4
10 -12.1926 33.2138 23.6683 34.5805 4
11 -12.1926 33.2138 23.6683 34.5805 4
12 -12.1926 33.2138 23.6683 34.5805 4
13 -12.1926 33.2138 23.6683 34.5805 4
14 -12.1926 33.2138 23.6683 34.5805 4
15 -12.1926 33.2138 23.6683 34.5805 4
16 -12.1926 33.2138 23.6683 34.5805 4
17 -12.1926 33.2138 23.6683 34.5805 4
18 -12.1926 33.2138 23.6683 34.5805 4
19 -12.1926 33.2138 23.6683 34.5805 4
20 -12.1926 33.2138 23.6683 34.5805 4
21 -12.1926 33.2138 23.6683 34.5805 4
22 -12.1926 33.2138 23.6683 34.5805 4
23 -12.1926 33.2138 23.6683 34.5805 4
24 -12.1926 33.2138 23.6683 34.5805 4
25 -12.1926 33.2138 23.6683 34.5805 4
26 -12.1926 33.2138 23.6683 34.5805 4
27 -12.1926 33.2138 23.6683 34.5805 4
28 RANDOM
29 -12.1926 33.2138 23.6683 34.5805 4
30 -12.1926 33.2138 23.6683 34.5805 4
31 -12.1926 33.2138 23.6683 34.5805 4
32 -12.1926 33.2138 23.6683 34.5805 4
33 -12.1926 33.2138 23.6683 34.5805 4
34 RANDOM
35 -12.1926 33.2138 23.6683 34.5805 4
36 -12.1926 33.2138 23.6683 34.5805 4
37 -12.1926 33.2138 23.6683 34.5805 4
38 -12.1926 33.2138 23.6683 34.5805 4
39 -12.1926 33.2138 23.6683 34.5805 4
40 -12.1926 33.2138 23.6683 34.5805 4
41 -12.1926 33.2138 23.6683 34.5805 4
42 -6.54521 15.2708 -66.7578 19.5744 4
43 -4.16651 15.6495 -72.9098 19.8928 4
44 -2.23387 15.526 -80.3189 19.1803 4
45 RANDOM
46 -11.7285 9.63177 -53.9047 12.6898 4
47 -11.6995 8.41786 -49.9931 11.3974 4
48 RANDOM
49 -8.12797 6.20299 -47.2612 8.90706 4
50 -3.97177 -0.217137 -73.0022 -6.47883 2
51 -16.0799 0.420734 -7.74265 -1.57452 2
52 -16.4318 -5.68718 -14.6495 -8.00808 2
53 RANDOM
54 -14.2532 -4.45006 -21.9375 -4.25673 4
55 -7.80382 4.55787 -51.1249 5.4653 4
56 RANDOM
57 -6.8642 -0.528052 -48.8751 -1.40623 2
58 -16.4318 -5.68718 -14.6495 -8.00808 2
59 RANDOM
60 -14.2532 -4.45006 -21.9375 -4.25673 4
61 RANDOM
62 -7.34977 2.14373 -49.4873 2.27789 4
63 -6.8642 -0.528052 -48.8751 -1.40623 2
64 -16.4318 -5.68718 -14.6495 -8.00808 2
65 -14.648 -6.14155 -19.493 -6.42643 2
66 -14.2532 -4.45006 -21.9375 -4.25673 4
67 -7.80382 4.55787 -51.1249 5.4653 4
68 -7.34977 2.14373 -49.4873 2.27789 4
69 -6.8642 -0.528052 -48.8751 -1.40623 2
70 -16.4318 -5.68718 -14.6495 -8.00808 2
71 -14.648 -6.14155 -19.493 -6.42643 2
72 -14.2532 -4.45006 -21.9375 -4.25673 4
73 -7.80382 4.55787 -51.1249 5.4653 4
74 -7.34977 2.14373 -49.4873 2.27789 4
75 -6.8642 -0.528052 -48.8751 -1.40623 2
76 -16.4318 -5.68718 -14.6495 -8.00808 2
77 -14.648 -6.14155 -19.493 -6.42643 2
78 -14.2532 -4.45006 -21.9375 -4.25673 4
79 -7.80382 4.55787 -51.1249 5.4653 4
80 -7.34977 2.14373 -49.4873 2.27789 4
81 -6.8642 -0.528052 -48.8751 -1.40623 2
82 -16.4318 -5.68718 -14.6495 -8.00808 2
83 -14.648 -6.14155 -19.493 -6.42643 2
84 RANDOM
85 -15.1063 -1.07772 -37.6685 -1.58198 2
86 -14.8816 -2.38999 -32.3576 -2.72096 2
87 -14.7563 -3.52579 -28.1589 -3.77662 2
88 -14.937 -4.85626 -25.2991 -5.40838 2
89 -12.1926 33.2138 23.6683 34.5805 4
90 -6.17283 5.49513 -62.1582 5.05874 2
91 -12.1926 33.2138 23.6683 34.5805 4
92 -6.17283 5.49513 -62.1582 5.05874 2
93 -12.1926 33.2138 23.6683 34.5805 4
94 -6.17283 5.49513 -62.1582 5.05874 2
95 -12.1926 33.2138 23.6683 34.5805 4
96 -6.17283 5.49513 -62.1582 5.05874 2
97 -12.1926 33.2138 23.6683 34.5805 4
98 -6.17283 5.49513 -62.1582 5.05874 2
99 -12.1926 33.2138 23.6683 34.5805 4
100 -6.17283 5.49513 -62.1582 5.05874 2
101 -12.1926 33.2138 23.6683 34.5805 4
102 -6.17283 5.49513 -62.1582 5.05874 2
103 RANDOM
104 -12.1926 33.2138 23.6683 34.5805 4
105 -12.1926 33.2138 23.6683 34.5805 4
106 -6.17283 5.49513 -62.1582 5.05874 2
107 RANDOM
108 -12.1926 33.2138 23.6683 34.5805 4
109 -12.1926 33.2138 23.6683 34.5805 4
110 -6.17283 5.49513 -62.1582 5.05874 2
111 -12.1926 33.2138 23.6683 34.5805 4
112 -6.17283 5.49513 -62.1582 5.05874 2
113 -12.1926 33.2138 23.6683 34.5805 4
114 -6.17283 5.49513 -62.1582 5.05874 2
115 -12.1926 33.2138 23.6683 34.5805 4
116 -6.17283 5.49513 -62.1582 5.05874 2
117 -12.1926 33.2138 23.6683 34.5805 4
118 -6.17283 5.49513 -62.1582 5.05874 2
119 -12.1926 33.2138 23.6683 34.5805 4
120 -6.17283 5.49513 -62.1582 5.05874 2
121 RANDOM
122 -12.1926 33.2138 23.6683 34.5805 4
123 -12.1926 33.2138 23.6683 34.5805 4
124 -6.17283 5.49513 -62.1582 5.05874 2
125 -12.1926 33.2138 23.6683 34.5805 4
126 -6.17283 5.49513 -62.1582 5.05874 2
127 -12.1926 33.2138 23.6683 34.5805 4
128 RANDOM
129 -4.09974 5.29438 -69.5447 4.18382 2
130 -14.937 -4.85626 -25.2991 -5.40838 2
131 -12.1926 33.2138 23.6683 34.5805 4
132 -6.17283 5.49513 -62.1582 5.05874 2
133 -12.1926 33.2138 23.6683 34.5805 4
134 -6.17283 5.49513 -62.1582 5.05874 2
135 -12.1926 33.2138 23.6683 34.5805 4
136 -6.17283 5.49513 -62.1582 5.05874 2
137 RANDOM
138 -12.1926 33.2138 23.6683 34.5805 4
139 -12.1926 33.2138 23.6683 34.5805 4
140 -6.17283 5.49513 -62.1582 5.05874 2
141 -12.1926 33.2138 23.6683 34.5805 4
142 -6.17283 5.49513 -62.1582 5.05874 2
143 -12.1926 33.2138 23.6683 34.5805 4
144 -6.17283 5.49513 -62.1582 5.05874 2
145 -12.1926 33.2138 23.6683 34.5805 4
146 -6.17283 5.49513 -62.1582 5.05874 2
147 -12.1926 33.2138 23.6683 34.5805 4
148 -6.17283 5.49513 -62.1582 5.05874 2
149 -12.1926 33.2138 23.6683 34.5805 4
150 -6.17283 5.49513 -62.1582 5.05874 2
151 -12.1926 33.2138 23.6683 34.5805 4
152 -6.17283 5.49513 -62.1582 5.05874 2
153 -12.1926 33.2138 23.6683 34.5805 4
154 -6.17283 5.49513 -62.1582 5.05874 2
155 -12.1926 33.2138 23.6683 34.5805 4
156 RANDOM
157 -19.0054 -9.60223 -17.9352 -17.1003 2
158 -16.3003 9.97339 2.61022 6.72067 2
