0 -435.992 260.736 -682.393 241.475 2
1 -417.792 257.621 -693.229 240.07 2
2 -407.034 267.826 -689.244 246.692 2
3 -557.43 251.464 -566.191 239.675 2
4 -528.625 244.852 -559.744 214.944 2
5 -521.773 242.094 -546.053 197.224 2
6 -428.368 238.916 -605.788 209.371 2
7 -472.687 251.276 -554.59 210.572 2
8 -465.748 244.844 -554.538 195.094 2
9 -470.273 251.501 -556.611 203.248 2
10 -444.357 280.522 -551.843 234.226 2
11 -403.109 205.398 -522.024 121.553 2
12 -389.273 199.112 -524.142 107.387 2
13 -373.541 206.732 -523.752 110.04 2
14 -324.128 228.822 -503.936 120.759 2
15 -368.022 219.876 -599.43 146.776 2
16 -356.996 213.852 -566.992 117.373 2
17 -360.448 226.816 -544.924 118.528 2
18 RANDOM
19 -440.772 239.313 -400.754 135.766 2
20 -443.055 286.35 -435.363 184.664 2
