0 40.5554 44.6611 35.0915 53.7296 4
1 39.3722 48.1236 29.8957 70.7879 4
2 46.8023 52.9885 37.9485 72.9751 4
3 47.2764 53.5489 38.2898 74.0096 4
4 47.638 54.0658 38.4886 75.1467 4
5 47.854 54.5733 38.4469 76.6005 4
6 48.0495 52.7139 40.1513 68.7173 4
7 48.3522 53.1492 40.2902 69.7088 4
8 48.7422 53.7255 40.4552 71.0337 4
9 48.9977 54.2924 40.4527 72.6132 4
10 47.525 51.411 40.2981 64.6255 4
11 47.5298 51.6513 40.1657 65.684 4
12 47.5698 51.9585 40.055 66.8136 4
13 47.5169 52.2776 39.8283 68.1903 4
14 51.9428 54.9672 42.9885 69.3074 4
15 RANDOM
16 52.2145 55.4518 42.936 70.8056 4
17 52.5439 55.9089 43.0616 71.8776 4
18 49.6771 52.4216 40.8371 66.0128 4
19 49.7553 52.596 40.7366 66.6563 4
20 50.0023 52.9612 40.7459 67.6294 4
21 50.4068 53.5275 40.861 68.9537 4
22 49.2277 52.1053 40.1194 66.2467 4
23 RANDOM
24 RANDOM
25 50.5858 53.799 40.6829 69.8112 4
26 36.7229 41.2265 29.6195 43.7828 4
27 36.356 41.0292 29.2842 43.1975 4
28 36.1237 41.0538 29.0213 43.0773 4
29 36.0212 41.2751 28.8538 43.2879 4
30 31.77 36.9715 25.1751 35.0392 2
31 42.8439 43.4627 37.4908 43.4933 4
32 31.77 36.9715 25.1751 35.0392 2
33 42.8439 43.4627 37.4908 43.4933 4
34 31.77 36.9715 25.1751 35.0392 2
35 42.8439 43.4627 37.4908 43.4933 4
36 31.77 36.9715 25.1751 35.0392 2
37 42.8439 43.4627 37.4908 43.4933 4
38 31.77 36.9715 25.1751 35.0392 2
39 42.8439 43.4627 37.4908 43.4933 4
40 31.8935 37.0901 25.321 35.1439 2
41 43.0919 43.6966 37.7581 43.6896 2
42 43.6677 44.0195 38.4165 43.8103 2
43 44.3116 44.4745 39.1 44.1193 2
44 44.9134 44.9652 39.72 44.5211 2
45 48.356 49.1494 42.7562 51.823 4
46 37.1379 41.1543 30.4412 43.1681 4
47 36.8498 41.0498 30.1582 42.8132 4
48 36.575 41.0536 29.8582 42.6886 4
49 36.4455 41.2393 29.6613 42.8498 4
50 31.8935 37.0901 25.321 35.1439 2
51 43.0919 43.6966 37.7581 43.6896 2
52 43.6677 44.0195 38.4165 43.8103 2
53 44.3116 44.4745 39.1 44.1193 2
54 44.9134 44.9652 39.72 44.5211 2
55 48.356 49.1494 42.7562 51.823 4
56 37.1379 41.1543 30.4412 43.1681 4
57 36.8498 41.0498 30.1582 42.8132 4
58 36.575 41.0536 29.8582 42.6886 4
59 36.4455 41.2393 29.6613 42.8498 4
60 31.8935 37.0901 25.321 35.1439 2
61 43.0919 43.6966 37.7581 43.6896 2
62 43.6677 44.0195 38.4165 43.8103 2
63 44.3116 44.4745 39.1 44.1193 2
64 44.9134 44.9652 39.72 44.5211 2
65 48.356 49.1494 42.7562 51.823 4
66 37.1379 41.1543 30.4412 43.1681 4
67 36.8498 41.0498 30.1582 42.8132 4
68 36.575 41.0536 29.8582 42.6886 4
69 36.4455 41.2393 29.6613 42.8498 4
70 31.8935 37.0901 25.321 35.1439 2
71 43.0919 43.6966 37.7581 43.6896 2
72 43.6677 44.0195 38.4165 43.8103 2
73 44.3116 44.4745 39.1 44.1193 2
74 44.9134 44.9652 39.72 44.5211 2
75 48.356 49.1494 42.7562 51.823 4
76 37.1379 41.1543 30.4412 43.1681 4
77 RANDOM
78 36.575 41.0536 29.8582 42.6886 4
79 36.4455 41.2393 29.6613 42.8498 4
80 31.8935 37.0901 25.321 35.1439 2
81 43.0919 43.6966 37.7581 43.6896 2
82 43.6677 44.0195 38.4165 43.8103 2
83 44.3116 44.4745 39.1 44.1193 2
84 44.9134 44.9652 39.72 44.5211 2
85 48.356 49.1494 42.7562 51.823 4
86 37.1379 41.1543 30.4412 43.1681 4
87 36.8498 41.0498 30.1582 42.8132 4
88 36.575 41.0536 29.8582 42.6886 4
89 36.4455 41.2393 29.6613 42.8498 4
90 31.8935 37.0901 25.321 35.1439 2
91 43.0919 43.6966 37.7581 43.6896 2
92 43.6677 44.0195 38.4165 43.8103 2
93 44.3116 44.4745 39.1 44.1193 2
94 44.9134 44.9652 39.72 44.5211 2
95 48.356 49.1494 42.7562 51.823 4
96 37.1379 41.1543 30.4412 43.1681 4
97 36.8498 41.0498 30.1582 42.8132 4
98 36.575 41.0536 29.8582 42.6886 4
99 36.4455 41.2393 29.6613 42.8498 4
100 32.2212 37.3935 25.7032 35.4023 2
101 43.6812 44.2378 38.3814 44.1365 2
102 44.2503 44.5565 39.0388 44.2512 2
103 44.9012 45.0192 39.733 44.5644 2
104 45.5099 45.5214 40.3587 44.9725 2
105 48.8628 49.6162 43.2928 52.2108 4
106 37.3503 41.349 30.6654 43.3361 4
107 37.0602 41.243 30.3803 42.9809 4
108 36.7839 41.2453 30.0786 42.8557 4
109 36.6538 41.4307 29.8812 43.0166 4
110 32.2212 37.3935 25.7032 35.4023 2
111 43.6812 44.2378 38.3814 44.1365 2
112 44.2503 44.5565 39.0388 44.2512 2
113 44.9012 45.0192 39.733 44.5644 2
114 45.5099 45.5214 40.3587 44.9725 2
115 48.8628 49.6162 43.2928 52.2108 4
116 37.3503 41.349 30.6654 43.3361 4
117 37.0602 41.243 30.3803 42.9809 4
118 36.7839 41.2453 30.0786 42.8557 4
119 36.6538 41.4307 29.8812 43.0166 4
120 32.2212 37.3935 25.7032 35.4023 2
121 43.6812 44.2378 38.3814 44.1365 2
122 44.2503 44.5565 39.0388 44.2512 2
123 44.9012 45.0192 39.733 44.5644 2
124 RANDOM
125 RANDOM
126 49.2568 49.7519 43.8801 51.5677 4
127 49.5601 52.4627 40.5874 66.3571 4
128 37.3503 41.349 30.6654 43.3361 4
129 37.0602 41.243 30.3803 42.9809 4
130 36.7839 41.2453 30.0786 42.8557 4
131 36.6538 41.4307 29.8812 43.0166 4
132 RANDOM
133 49.7036 49.0749 45.2253 47.1451 1
134 50.4941 50.0756 46.1021 48.3163 1
135 52.4379 52.4414 48.0098 51.3376 2
136 47.0301 46.8622 42.0034 45.255 1
