0 38.11 61.4563 31.7012 69.8954 4
1 37.2642 68.2433 26.4902 83.6332 4
2 36.7656 61.8332 27.4591 75.0715 4
3 36.3833 61.5036 27.1615 74.812 4
4 36.4433 61.878 27.1435 75.4093 4
5 37.1772 63.527 27.6338 77.524 4
6 33.4946 54.8293 25.2257 66.5463 4
7 33.4966 55.019 25.1476 66.9218 4
8 33.9673 56.2478 25.4022 68.5463 4
9 34.3167 57.2669 25.5352 69.9758 4
10 33.1371 53.1976 24.8852 64.8407 4
11 33.6105 54.1044 25.1332 66.0021 4
12 33.8832 54.6687 25.192 66.8036 4
13 34.2579 55.573 25.3164 68.0078 4
14 31.0115 47.4407 21.9909 58.3978 4
15 30.8511 47.6656 21.7582 58.8642 4
16 RANDOM
17 30.72 48.3699 21.4117 60.1094 4
18 29.3273 43.1948 21.4956 52.748 4
19 29.2805 43.618 21.2922 53.4594 4
20 29.3391 44.3688 21.1178 54.6168 4
21 29.5117 45.3201 21.0188 56.0203 4
22 26.8295 40.2655 19.8459 49.5152 4
23 26.723 40.3609 19.7108 49.7553 4
24 26.7645 40.8587 19.6111 50.547 4
25 26.9159 41.7238 19.563 51.8454 4
26 26.3573 38.0206 18.0572 45.1633 4
27 26.0349 37.8274 17.6997 45.0914 4
28 25.8677 37.9943 17.3886 45.4676 4
29 26.0546 38.8452 17.1963 46.7352 4
30 24.5146 33.9614 16.2459 40.6964 4
31 24.8642 34.3901 16.2872 41.3359 4
32 25.3094 34.9399 16.3789 42.1368 4
33 26.0599 35.9791 16.5459 43.545 4
34 25.1075 29.9628 19.6782 34.4869 4
35 25.8109 31.0233 19.8885 35.8787 4
36 26.6437 32.3615 20.1521 37.5986 4
37 27.6659 34.076 20.4412 39.7674 4
38 RANDOM
39 25.8649 29.2428 21.8349 32.9374 4
40 25.6966 29.1442 21.5112 32.8653 4
41 26.2975 29.9609 21.7081 33.9111 4
42 RANDOM
43 19.1058 22.5707 16.2976 25.1223 4
44 19.4941 23.3093 16.26 26.1804 4
45 20.4153 24.8204 16.4484 28.23 4
46 16.9272 20.1456 15.1425 18.6022 2
47 23.0131 22.6826 23.0896 21.4198 3
48 19.8906 20.8238 19.1406 21.0637 4
