0 -310.21 511.661 -453.476 425.206 2
1 -300.573 510.979 -461.784 429.227 2
2 -295.481 522.936 -453.43 437.378 2
3 -410.514 528.058 -346.443 436.95 2
4 -392.472 523.796 -339.025 418.734 2
5 -388.481 524.5 -327.479 408.582 2
6 -316.85 510.848 -396.772 423.424 2
7 -330.352 532.797 -345.248 427.021 2
8 -331.227 524.396 -342.563 410.098 2
9 -341.518 524.645 -344.316 410.539 2
10 -327.09 546.125 -348.857 436.895 2
11 -283.466 488.114 -308.103 331.931 2
12 -277.219 477.649 -313.574 315.405 2
13 -269.299 476.72 -324.618 313.063 2
14 -231.36 496.931 -320.17 326.292 2
15 -247.256 484.465 -398.428 353.415 2
16 -238.651 474.522 -377.596 322.043 2
17 -243.827 473.533 -367.768 309.301 2
18 -223.745 492.748 -343.843 316.459 2
19 -226.602 510.986 -342.764 387.06 2
20 -219.397 519.541 -344.065 389.551 2
21 -218.036 526.494 -339.246 391.934 2
22 -178.403 536.87 -296.74 366.382 2
23 -116.281 517.828 -185.715 290.732 2
24 -72.8702 504.34 -171.499 244.873 2
25 -80.2691 506.475 -184.454 248.392 2
26 -66.3216 516.616 -152.212 238.061 2
27 RANDOM
28 0.626114 491.301 -80.2718 156.267 2
29 14.7377 496.471 -63.9271 153.674 2
30 60.3497 517.227 16.5871 143.418 2
31 -130.347 528.796 -60.2513 280.462 2
32 -40.0619 525.65 7.111 229.726 2
33 -33.9039 531.203 39.9999 228.471 2
34 13.0431 583.438 141.993 250.129 2
35 -205.652 556.665 -113.499 364.367 2
36 -165.583 565.612 -54.5941 344.055 2
37 -119.727 562.025 8.82096 315.022 2
38 -49.1615 595.129 144.236 313.238 2
39 -63.3956 485.71 52.7817 238.268 2
40 -41.5816 510.672 78.6591 246.8 2
41 -8.90806 528.026 101.572 249.953 2
42 RANDOM
43 -86.4371 468.452 121.853 221.425 2
44 -81.0755 493.349 70.622 233.318 2
