0 -0.99454 30.1702 2.99327 31.717 4
1 -0.99454 30.1702 2.99327 31.717 4
2 -0.99454 30.1702 2.99327 31.717 4
3 -0.99454 30.1702 2.99327 31.717 4
4 RANDOM
5 -0.99454 30.1702 2.99327 31.717 4
6 -0.99454 30.1702 2.99327 31.717 4
7 -0.99454 30.1702 2.99327 31.717 4
8 -0.99454 30.1702 2.99327 31.717 4
9 -0.99454 30.1702 2.99327 31.717 4
10 -0.99454 30.1702 2.99327 31.717 4
11 -0.99454 30.1702 2.99327 31.717 4
12 -0.99454 30.1702 2.99327 31.717 4
13 -0.99454 30.1702 2.99327 31.717 4
14 -0.99454 30.1702 2.99327 31.717 4
15 -0.99454 30.1702 2.99327 31.717 4
16 -0.99454 30.1702 2.99327 31.717 4
17 -0.99454 30.1702 2.99327 31.717 4
18 -0.99454 30.1702 2.99327 31.717 4
19 -0.99454 30.1702 2.99327 31.717 4
20 -0.99454 30.1702 2.99327 31.717 4
21 -0.99454 30.1702 2.99327 31.717 4
22 -0.99454 30.1702 2.99327 31.717 4
23 -0.99454 30.1702 2.99327 31.717 4
24 -0.99454 30.1702 2.99327 31.717 4
25 -0.99454 30.1702 2.99327 31.717 4
26 -0.99454 30.1702 2.99327 31.717 4
27 -0.99454 30.1702 2.99327 31.717 4
28 -0.99454 30.1702 2.99327 31.717 4
29 -0.99454 30.1702 2.99327 31.717 4
30 -0.99454 30.1702 2.99327 31.717 4
31 -0.99454 30.1702 2.99327 31.717 4
32 -0.99454 30.1702 2.99327 31.717 4
33 -0.99454 30.1702 2.99327 31.717 4
34 -0.99454 30.1702 2.99327 31.717 4
35 -0.99454 30.1702 2.99327 31.717 4
36 -0.99454 30.1702 2.99327 31.717 4
37 -0.99454 30.1702 2.99327 31.717 4
38 -0.99454 30.1702 2.99327 31.717 4
39 -0.99454 30.1702 2.99327 31.717 4
40 -0.99454 30.1702 2.99327 31.717 4
41 -0.99454 30.1702 2.99327 31.717 4
42 17.2645 27.7805 -70.8624 45.7533 4
43 19.6569 30.0178 -75.5995 45.5427 4
44 22.4315 32.5085 -82.404 44.5524 4
45 25.8533 35.794 -89.9158 43.9299 4
46 12.8377 22.3995 -61.4265 43.3038 4
47 11.4587 20.451 -55.5179 40.2908 4
48 10.6212 19.2146 -50.495 38.2025 4
49 9.72106 18.2415 -45.4148 36.3355 4
50 24.5913 29.5737 -53.2843 24.0191 2
51 -0.99454 30.1702 2.99327 31.717 4
52 24.5913 29.5737 -53.2843 24.0191 2
53 -0.99454 30.1702 2.99327 31.717 4
54 24.5913 29.5737 -53.2843 24.0191 2
55 -0.99454 30.1702 2.99327 31.717 4
56 24.5913 29.5737 -53.2843 24.0191 2
57 -0.99454 30.1702 2.99327 31.717 4
58 24.5913 29.5737 -53.2843 24.0191 2
59 RANDOM
60 -0.475635 25.7332 -2.45579 29.3092 4
61 12.0456 17.0191 -42.9136 28.1144 4
62 24.5913 29.5737 -53.2843 24.0191 2
63 -0.99454 30.1702 2.99327 31.717 4
64 24.5913 29.5737 -53.2843 24.0191 2
65 -0.99454 30.1702 2.99327 31.717 4
66 24.5913 29.5737 -53.2843 24.0191 2
67 -0.99454 30.1702 2.99327 31.717 4
68 24.5913 29.5737 -53.2843 24.0191 2
69 -0.99454 30.1702 2.99327 31.717 4
70 24.5913 29.5737 -53.2843 24.0191 2
71 -0.99454 30.1702 2.99327 31.717 4
72 RANDOM
73 -0.99454 30.1702 2.99327 31.717 4
74 25.9534 33.3048 -63.1472 29.5349 2
