0 2.45145 89.514 7.28328 74.5067 2
1 4.5536 90.7067 9.66729 75.111 2
2 5.96245 91.1802 11.3269 75.1282 2
3 9.74687 102.907 24.0947 75.907 2
4 11.9394 101.848 25.6892 75.1151 2
5 13.53 100.234 26.7804 73.8782 2
6 13.577 92.0552 24.8265 68.2097 2
7 23.0128 95.7644 39.1333 65.5936 2
8 24.4746 94.7145 39.8067 65.4304 2
9 24.6248 92.4017 39.2295 63.9619 2
10 23.2752 86.3578 36.4927 59.6419 2
11 23.4313 86.0593 36.7102 58.9693 2
12 25.9952 86.1884 38.5466 59.9722 2
13 27.2303 85.9438 39.2665 60.34 2
14 25.1202 80.1201 36.0336 55.973 2
15 16.1745 78.9135 29.2204 52.3972 2
16 17.2962 75.6894 29.0472 50.7265 2
17 19.2065 74.9586 30.2663 50.8105 2
18 21.2686 70.1092 30.4942 48.1207 2
19 13.5902 72.1054 25.7373 46.1922 2
20 13.3015 66.4213 23.7693 42.8033 2
21 14.1021 62.3318 23.1873 40.5121 2
22 17.5161 58.3262 24.6854 38.7142 2
23 11.7141 55.7796 19.8109 34.4357 2
24 11.453 53.4989 18.9547 33.1881 2
25 11.3564 51.7302 18.3882 32.1604 2
26 13.2581 47.7733 18.8524 30.042 2
27 11.5737 47.2424 17.5079 27.8746 2
28 11.3419 45.3536 16.7991 26.9788 2
29 11.3246 44.368 16.4971 26.6825 2
30 13.1256 42.7292 17.5342 26.3116 2
31 10.6895 32.9341 13.4486 17.8322 2
32 10.2936 29.75 12.3978 16.0223 2
33 9.82612 27.0521 11.398 14.451 2
34 10.1881 27.3341 11.777 15.1995 2
35 10.3682 20.7993 10.9267 10.6956 2
36 10.4068 19.4523 10.7067 10.1647 2
37 11.1726 19.3643 11.3428 10.5564 2
38 14.0972 24.427 14.7053 14.7748 2
39 10.0303 13.2433 9.10941 6.78855 2
40 9.38712 12.8194 8.49298 6.54423 2
41 9.28303 13.4499 8.54433 7.02365 2
42 12.8691 21.3786 13.0062 13.0901 2
43 10.1597 13.4581 9.2271 7.12536 2
44 9.9054 13.9214 9.16688 7.368 2
45 9.73196 14.3843 9.14975 7.73128 2
46 12.8406 21.4382 13.0106 13.1352 2
47 9.59943 13.4334 8.80422 7.00933 2
48 9.4988 13.8344 8.81199 7.29671 2
49 9.43016 14.0012 8.79593 7.42028 2
50 12.258 20.3417 12.357 12.2154 2
51 12.258 20.3417 12.357 12.2154 2
