0 -5.18697 18.6396 4.90886 19.4045 4
1 -5.18697 18.6396 4.90886 19.4045 4
2 -5.18697 18.6396 4.90886 19.4045 4
3 -5.18697 18.6396 4.90886 19.4045 4
4 -5.18697 18.6396 4.90886 19.4045 4
5 -5.18697 18.6396 4.90886 19.4045 4
6 -5.18697 18.6396 4.90886 19.4045 4
7 -5.18697 18.6396 4.90886 19.4045 4
8 -5.18697 18.6396 4.90886 19.4045 4
9 -5.18697 18.6396 4.90886 19.4045 4
10 -5.18697 18.6396 4.90886 19.4045 4
11 -5.18697 18.6396 4.90886 19.4045 4
12 -5.18697 18.6396 4.90886 19.4045 4
13 -5.18697 18.6396 4.90886 19.4045 4
14 RANDOM
15 -5.18697 18.6396 4.90886 19.4045 4
16 -5.18697 18.6396 4.90886 19.4045 4
17 -5.18697 18.6396 4.90886 19.4045 4
18 -5.18697 18.6396 4.90886 19.4045 4
19 -5.18697 18.6396 4.90886 19.4045 4
20 -5.18697 18.6396 4.90886 19.4045 4
21 -5.18697 18.6396 4.90886 19.4045 4
22 -5.18697 18.6396 4.90886 19.4045 4
23 -5.18697 18.6396 4.90886 19.4045 4
24 -5.18697 18.6396 4.90886 19.4045 4
25 -5.18697 18.6396 4.90886 19.4045 4
26 RANDOM
27 -5.18697 18.6396 4.90886 19.4045 4
28 -5.18697 18.6396 4.90886 19.4045 4
29 -5.18697 18.6396 4.90886 19.4045 4
30 -5.18697 18.6396 4.90886 19.4045 4
31 -5.18697 18.6396 4.90886 19.4045 4
32 -5.18697 18.6396 4.90886 19.4045 4
33 -5.18697 18.6396 4.90886 19.4045 4
34 -5.18697 18.6396 4.90886 19.4045 4
35 -5.18697 18.6396 4.90886 19.4045 4
36 -5.18697 18.6396 4.90886 19.4045 4
37 -5.18697 18.6396 4.90886 19.4045 4
38 -5.18697 18.6396 4.90886 19.4045 4
39 -5.18697 18.6396 4.90886 19.4045 4
40 -5.18697 18.6396 4.90886 19.4045 4
41 -5.18697 18.6396 4.90886 19.4045 4
42 -14.4563 19.2655 -33.3781 39.8551 4
43 -14.9494 21.8242 -33.909 40.3524 4
44 -16.4097 24.2679 -35.2938 39.4779 4
45 -18.1054 27.0027 -36.8192 39.7305 4
46 RANDOM
47 -12.3018 14.128 -28.6635 34.6245 4
48 -11.2767 12.6242 -25.416 31.8266 4
49 -10.076 11.6238 -21.8224 29.6611 4
50 -5.47889 17.1567 0.554677 9.55422 2
51 -5.18697 18.6396 4.90886 19.4045 4
52 -5.47889 17.1567 0.554677 9.55422 2
53 -5.18697 18.6396 4.90886 19.4045 4
54 -5.47889 17.1567 0.554677 9.55422 2
55 -5.18697 18.6396 4.90886 19.4045 4
56 -5.47889 17.1567 0.554677 9.55422 2
57 -5.18697 18.6396 4.90886 19.4045 4
58 -5.47889 17.1567 0.554677 9.55422 2
59 -5.18697 18.6396 4.90886 19.4045 4
60 -5.47889 17.1567 0.554677 9.55422 2
61 -5.18697 18.6396 4.90886 19.4045 4
62 -5.47889 17.1567 0.554677 9.55422 2
63 -5.18697 18.6396 4.90886 19.4045 4
64 -5.47889 17.1567 0.554677 9.55422 2
65 -5.18697 18.6396 4.90886 19.4045 4
66 -5.47889 17.1567 0.554677 9.55422 2
67 -5.18697 18.6396 4.90886 19.4045 4
68 -5.47889 17.1567 0.554677 9.55422 2
69 -5.18697 18.6396 4.90886 19.4045 4
70 -5.47889 17.1567 0.554677 9.55422 2
71 -5.18697 18.6396 4.90886 19.4045 4
72 -5.47889 17.1567 0.554677 9.55422 2
73 -5.18697 18.6396 4.90886 19.4045 4
74 RANDOM
75 -5.18697 18.6396 4.90886 19.4045 4
76 -9.01713 17.6616 -6.64824 12.5065 2
