0 131.113 132.259 128.089 139.387 4
1 139.208 136.479 128.672 147.854 4
2 134.349 132.872 126.995 142.237 4
3 137.217 135.479 129.211 145.628 4
4 141.054 138.9 132.071 150.259 4
5 146.725 143.969 136.166 157.256 4
6 135.967 134.87 129.039 144.375 4
7 139.432 138.067 131.795 148.456 4
8 144.044 142.252 135.346 154.043 4
9 151.155 148.608 140.606 162.784 4
10 146.468 146.304 140.973 157.612 4
11 150.111 149.622 143.838 161.978 4
12 155.404 154.48 148.137 168.383 4
13 163.649 162.064 154.895 178.479 4
14 149.457 148.918 144.005 162.568 4
15 152.779 152.031 146.895 166.599 4
16 158.267 157.199 151.711 173.201 4
17 167.423 165.846 159.767 184.292 4
18 151.746 151.171 146.588 165.622 4
19 156.602 155.74 150.914 171.588 4
20 164.003 162.684 157.49 180.646 4
21 176.026 173.938 168.131 195.345 4
22 151.251 150.373 146.034 166.116 4
23 156.191 155.033 150.468 172.153 4
24 164.552 162.877 157.915 182.242 4
25 177.369 174.882 169.279 197.814 4
26 149.91 150.113 146.11 162.869 4
27 153.841 153.773 149.593 167.966 4
28 159.504 159.034 154.718 175.466 4
29 170.53 169.318 164.651 189.331 4
30 148.731 148.819 146.362 163.247 4
31 157.751 157.468 154.97 174.17 4
32 170.638 169.805 167.152 189.719 4
33 190.457 188.645 185.514 213.661 4
34 151.312 151.285 150.636 168.079 4
35 164.992 164.429 163.845 184.428 4
36 185.105 183.757 182.95 208.47 4
37 212.869 210.156 208.765 241.744 4
38 158.219 157.749 158.212 178.615 4
39 171.816 170.836 171.284 194.713 4
40 192.298 190.538 190.62 218.863 4
41 221.903 218.829 218.021 253.883 4
42 156.503 156.772 159.772 180.431 4
43 171.153 170.903 173.799 197.515 4
44 194.969 193.834 196.386 225.388 4
45 227.987 225.94 227.812 264.363 4
46 158.882 160.724 166.885 187.407 4
47 174.985 176.835 183.318 206.186 4
48 199.222 200.645 207.426 234.451 4
49 231.561 232.371 239.359 272.621 4
50 RANDOM
51 147.105 148.064 145.732 157.12 4
52 RANDOM
