0 3454.07 7066.6 -807.05 6821.03 2
1 3427.34 7029.54 -827.718 6800.11 2
2 3441.77 7091.99 -787.495 6884.12 2
3 3206.99 6285.84 -1013.47 5818.25 2
4 3215.34 6275.38 -993.876 5842.07 2
5 3222.98 6310.8 -946.586 5878.95 2
6 3306.73 6425.5 -880.243 6068.94 2
7 3199.73 6016.59 -1001.72 5502.28 2
8 3198.38 5917.65 -951.637 5320.26 2
9 3178.64 5900.62 -917.758 5273.61 2
10 3230.44 5886.58 -824.422 5238.69 2
11 3220.44 5767.97 -927.17 5054.18 2
12 RANDOM
13 3224.35 5693.82 -849.546 4900.34 2
14 3314.76 5645.05 -728.709 4802.73 2
15 3219.42 6000.79 -883.222 5336.58 2
16 3248.47 5872.94 -795.457 5081.88 2
17 3245.39 5854.26 -745.705 5020.21 2
18 3273.53 5784.58 -662.088 4892.34 2
19 3264.86 6242.33 -776.219 5763.67 2
20 3289.64 6118.03 -708.896 5520.25 2
21 3336.09 6022.84 -624.784 5309.29 2
22 3474.45 5887.87 -455.262 5023.85 2
23 3469.56 6421.9 -398.666 5787.78 2
24 3512.87 6183.46 -328.92 5401.24 2
25 3500.28 6011.46 -309.514 5139.72 2
26 3519.83 5764.94 -208.74 4743.03 2
27 3584.31 6104.5 -193.481 5341.24 2
28 3646.77 5930.3 -122.938 5009.19 2
29 3690.15 5740.54 -66.7068 4665.95 2
30 3857.97 5487.58 144.204 4184.89 2
31 3635.44 5806.56 -122.993 4868.83 2
32 3727.33 5495.9 -10.6094 4334.8 2
33 3820.13 5310.38 92.4865 3974.91 2
34 4079.31 5176.05 360.932 3595.33 2
35 3686.32 5866.02 -94.6446 4959.58 2
36 3737.15 5636.03 -26.4468 4564.28 2
37 3800.09 5446.25 57.4404 4203.83 2
38 RANDOM
39 3887.5 5651.65 48.0195 4354.08 2
40 RANDOM
41 4013.68 5382.41 169.237 3848.74 2
42 RANDOM
43 3864.49 5376.89 68.125 3901.58 2
44 3769.66 5419.44 -20.2422 3961.71 2
