0 -6.83805 30.0012 8.18553 31.1969 4
1 -6.83805 30.0012 8.18553 31.1969 4
2 -6.83805 30.0012 8.18553 31.1969 4
3 -6.83805 30.0012 8.18553 31.1969 4
4 -6.83805 30.0012 8.18553 31.1969 4
5 -6.83805 30.0012 8.18553 31.1969 4
6 -6.83805 30.0012 8.18553 31.1969 4
7 -6.83805 30.0012 8.18553 31.1969 4
8 -6.83805 30.0012 8.18553 31.1969 4
9 -6.83805 30.0012 8.18553 31.1969 4
10 -6.83805 30.0012 8.18553 31.1969 4
11 -6.83805 30.0012 8.18553 31.1969 4
12 -6.83805 30.0012 8.18553 31.1969 4
13 -6.83805 30.0012 8.18553 31.1969 4
14 -6.83805 30.0012 8.18553 31.1969 4
15 -6.83805 30.0012 8.18553 31.1969 4
16 -6.83805 30.0012 8.18553 31.1969 4
17 -6.83805 30.0012 8.18553 31.1969 4
18 -6.83805 30.0012 8.18553 31.1969 4
19 -6.83805 30.0012 8.18553 31.1969 4
20 -6.83805 30.0012 8.18553 31.1969 4
21 -6.83805 30.0012 8.18553 31.1969 4
22 -6.83805 30.0012 8.18553 31.1969 4
23 -6.83805 30.0012 8.18553 31.1969 4
24 -6.83805 30.0012 8.18553 31.1969 4
25 -6.83805 30.0012 8.18553 31.1969 4
26 -6.83805 30.0012 8.18553 31.1969 4
27 -6.83805 30.0012 8.18553 31.1969 4
28 -6.83805 30.0012 8.18553 31.1969 4
29 -6.83805 30.0012 8.18553 31.1969 4
30 -6.83805 30.0012 8.18553 31.1969 4
31 -6.83805 30.0012 8.18553 31.1969 4
32 -6.83805 30.0012 8.18553 31.1969 4
33 -6.83805 30.0012 8.18553 31.1969 4
34 -6.83805 30.0012 8.18553 31.1969 4
35 -6.83805 30.0012 8.18553 31.1969 4
36 -6.83805 30.0012 8.18553 31.1969 4
37 -6.83805 30.0012 8.18553 31.1969 4
38 -6.83805 30.0012 8.18553 31.1969 4
39 -6.83805 30.0012 8.18553 31.1969 4
40 -6.83805 30.0012 8.18553 31.1969 4
41 -6.83805 30.0012 8.18553 31.1969 4
42 10.5338 18.8342 -100.303 25.4364 4
43 13.2644 21.2198 -108.062 26.9629 4
44 15.3568 23.5511 -117.55 28.9259 4
45 18.0659 25.4912 -128.826 29.4443 4
46 4.10152 13.9452 -84.5232 25.4578 4
47 3.31539 13.0469 -77.793 24.8488 4
48 2.35581 12.0272 -73.2921 23.4944 4
49 3.15653 12.3189 -70.0736 22.4967 4
50 13.231 13.4495 -94.8834 6.55867 2
51 RANDOM
52 -5.88124 6.56157 -23.0021 13.2984 4
53 6.40765 10.7337 -70.2185 12.2901 4
54 13.231 13.4495 -94.8834 6.55867 2
55 -7.4101 8.74074 -17.1635 13.5321 4
56 13.231 13.4495 -94.8834 6.55867 2
57 -7.4101 8.74074 -17.1635 13.5321 4
58 13.231 13.4495 -94.8834 6.55867 2
59 -7.4101 8.74074 -17.1635 13.5321 4
60 13.231 13.4495 -94.8834 6.55867 2
61 -7.4101 8.74074 -17.1635 13.5321 4
62 13.231 13.4495 -94.8834 6.55867 2
63 -7.4101 8.74074 -17.1635 13.5321 4
64 13.231 13.4495 -94.8834 6.55867 2
65 -7.4101 8.74074 -17.1635 13.5321 4
66 13.231 13.4495 -94.8834 6.55867 2
67 -7.4101 8.74074 -17.1635 13.5321 4
68 13.231 13.4495 -94.8834 6.55867 2
69 -7.4101 8.74074 -17.1635 13.5321 4
70 13.231 13.4495 -94.8834 6.55867 2
71 -7.4101 8.74074 -17.1635 13.5321 4
72 13.231 13.4495 -94.8834 6.55867 2
73 -7.4101 8.74074 -17.1635 13.5321 4
74 13.231 13.4495 -94.8834 6.55867 2
75 -7.4101 8.74074 -17.1635 13.5321 4
76 13.231 13.4495 -94.8834 6.55867 2
77 -7.4101 8.74074 -17.1635 13.5321 4
78 13.231 13.4495 -94.8834 6.55867 2
79 -7.4101 8.74074 -17.1635 13.5321 4
80 13.231 13.4495 -94.8834 6.55867 2
81 -7.4101 8.74074 -17.1635 13.5321 4
82 13.231 13.4495 -94.8834 6.55867 2
83 -7.4101 8.74074 -17.1635 13.5321 4
84 13.231 13.4495 -94.8834 6.55867 2
85 -7.4101 8.74074 -17.1635 13.5321 4
86 13.231 13.4495 -94.8834 6.55867 2
87 -7.4101 8.74074 -17.1635 13.5321 4
88 13.231 13.4495 -94.8834 6.55867 2
89 -7.4101 8.74074 -17.1635 13.5321 4
90 13.231 13.4495 -94.8834 6.55867 2
91 -7.4101 8.74074 -17.1635 13.5321 4
92 13.231 13.4495 -94.8834 6.55867 2
93 -7.4101 8.74074 -17.1635 13.5321 4
94 13.231 13.4495 -94.8834 6.55867 2
95 -7.4101 8.74074 -17.1635 13.5321 4
96 13.231 13.4495 -94.8834 6.55867 2
97 -7.4101 8.74074 -17.1635 13.5321 4
98 13.231 13.4495 -94.8834 6.55867 2
99 -7.4101 8.74074 -17.1635 13.5321 4
100 13.231 13.4495 -94.8834 6.55867 2
101 -7.4101 8.74074 -17.1635 13.5321 4
102 13.231 13.4495 -94.8834 6.55867 2
103 -7.4101 8.74074 -17.1635 13.5321 4
104 13.231 13.4495 -94.8834 6.55867 2
105 -7.4101 8.74074 -17.1635 13.5321 4
106 13.231 13.4495 -94.8834 6.55867 2
107 -7.4101 8.74074 -17.1635 13.5321 4
108 13.231 13.4495 -94.8834 6.55867 2
109 RANDOM
110 -5.88124 6.56157 -23.0021 13.2984 4
111 6.40765 10.7337 -70.2185 12.2901 4
112 13.231 13.4495 -94.8834 6.55867 2
113 -7.4101 8.74074 -17.1635 13.5321 4
114 13.231 13.4495 -94.8834 6.55867 2
115 -7.4101 8.74074 -17.1635 13.5321 4
116 13.231 13.4495 -94.8834 6.55867 2
117 -7.4101 8.74074 -17.1635 13.5321 4
118 13.231 13.4495 -94.8834 6.55867 2
119 -7.4101 8.74074 -17.1635 13.5321 4
120 13.231 13.4495 -94.8834 6.55867 2
121 -7.4101 8.74074 -17.1635 13.5321 4
122 13.231 13.4495 -94.8834 6.55867 2
123 -7.4101 8.74074 -17.1635 13.5321 4
124 13.231 13.4495 -94.8834 6.55867 2
125 -7.4101 8.74074 -17.1635 13.5321 4
126 13.231 13.4495 -94.8834 6.55867 2
127 -7.4101 8.74074 -17.1635 13.5321 4
128 13.231 13.4495 -94.8834 6.55867 2
129 -7.4101 8.74074 -17.1635 13.5321 4
130 13.231 13.4495 -94.8834 6.55867 2
131 -7.4101 8.74074 -17.1635 13.5321 4
132 13.231 13.4495 -94.8834 6.55867 2
133 -7.4101 8.74074 -17.1635 13.5321 4
134 13.231 13.4495 -94.8834 6.55867 2
135 -7.4101 8.74074 -17.1635 13.5321 4
136 13.231 13.4495 -94.8834 6.55867 2
137 -7.4101 8.74074 -17.1635 13.5321 4
138 13.231 13.4495 -94.8834 6.55867 2
139 -7.4101 8.74074 -17.1635 13.5321 4
140 13.231 13.4495 -94.8834 6.55867 2
141 -7.4101 8.74074 -17.1635 13.5321 4
142 13.231 13.4495 -94.8834 6.55867 2
143 -7.4101 8.74074 -17.1635 13.5321 4
144 13.231 13.4495 -94.8834 6.55867 2
145 -7.4101 8.74074 -17.1635 13.5321 4
146 13.231 13.4495 -94.8834 6.55867 2
147 -7.4101 8.74074 -17.1635 13.5321 4
148 13.231 13.4495 -94.8834 6.55867 2
149 RANDOM
150 -5.88124 6.56157 -23.0021 13.2984 4
151 6.40765 10.7337 -70.2185 12.2901 4
152 RANDOM
153 -7.09096 7.99024 -18.7688 13.2619 4
154 17.9004 18.4796 -116.508 13.9536 2
