0 21.5964 641.964 -505.917 593.815 2
1 56.612 626.422 -531.548 578.088 2
2 81.3845 632.989 -542.486 579.851 2
3 -123.449 723.977 -263.87 798.324 4
4 -22.8939 536.417 -685.766 536.132 2
5 -123.449 723.977 -263.87 798.324 4
6 -22.8939 536.417 -685.766 536.132 2
7 RANDOM
8 -75.9813 684.737 -271.358 738.53 4
9 -274.148 841.223 -226.37 981.749 4
10 -22.8939 536.417 -685.766 536.132 2
11 -123.449 723.977 -263.87 798.324 4
12 -22.8939 536.417 -685.766 536.132 2
13 -123.449 723.977 -263.87 798.324 4
14 -22.8939 536.417 -685.766 536.132 2
15 -123.449 723.977 -263.87 798.324 4
16 -22.8939 536.417 -685.766 536.132 2
17 -123.449 723.977 -263.87 798.324 4
18 -22.8939 536.417 -685.766 536.132 2
19 -123.449 723.977 -263.87 798.324 4
20 -22.8939 536.417 -685.766 536.132 2
21 -123.449 723.977 -263.87 798.324 4
22 -22.8939 536.417 -685.766 536.132 2
23 -123.449 723.977 -263.87 798.324 4
24 -22.8939 536.417 -685.766 536.132 2
25 -123.449 723.977 -263.87 798.324 4
26 -22.8939 536.417 -685.766 536.132 2
27 -123.449 723.977 -263.87 798.324 4
28 -22.8939 536.417 -685.766 536.132 2
29 -123.449 723.977 -263.87 798.324 4
30 -22.8939 536.417 -685.766 536.132 2
31 -123.449 723.977 -263.87 798.324 4
32 -22.8939 536.417 -685.766 536.132 2
33 -123.449 723.977 -263.87 798.324 4
34 -22.8939 536.417 -685.766 536.132 2
35 -123.449 723.977 -263.87 798.324 4
36 -22.8939 536.417 -685.766 536.132 2
37 -123.449 723.977 -263.87 798.324 4
38 -22.8939 536.417 -685.766 536.132 2
39 -123.449 723.977 -263.87 798.324 4
40 -44.533 497.981 -641.841 503.506 4
41 -97.6077 543.394 -589.116 557.635 4
42 -153.748 588.84 -535.377 613.209 4
43 -218.323 641.741 -466.921 671.526 4
44 604.301 632.695 -1408.43 414.379 2
45 RANDOM
46 15.9279 617.555 -468.283 577.634 2
47 47.5656 596.687 -488.863 557.042 2
48 67.2443 596.418 -495.297 551.913 2
49 -126.129 711.653 -229.132 795.01 4
50 -44.533 497.981 -641.841 503.506 4
51 -97.6077 543.394 -589.116 557.635 4
52 -153.748 588.84 -535.377 613.209 4
53 -218.323 641.741 -466.921 671.526 4
54 604.301 632.695 -1408.43 414.379 2
55 -30.5472 656.97 -447.965 614.247 2
56 15.9279 617.555 -468.283 577.634 2
57 47.5656 596.687 -488.863 557.042 2
58 67.2443 596.418 -495.297 551.913 2
59 -126.129 711.653 -229.132 795.01 4
60 -44.533 497.981 -641.841 503.506 4
61 -97.6077 543.394 -589.116 557.635 4
62 -153.748 588.84 -535.377 613.209 4
63 RANDOM
64 RANDOM
65 556.223 430.939 -1424.19 208.129 1
66 342.445 413.797 -1150.36 237.046 2
