0 RANDOM
1 -248.426 190.903 -890.609 159.558 2
2 -229.527 204.791 -892.098 171.433 2
3 -365.392 172.485 -760.927 172.595 4
4 -358.997 157.678 -960.918 191.216 4
5 -394.738 151.211 -938.621 186.929 4
6 -435.955 147.828 -917.927 186.931 4
7 -483.08 145.588 -883.652 188.208 4
8 162.691 226.16 -1390.01 153.421 2
9 -310.294 202.152 -854.723 170.746 2
10 -275.148 189.922 -872.789 158.071 2
11 -248.426 190.903 -890.609 159.558 2
12 -229.527 204.791 -892.098 171.433 2
13 -365.392 172.485 -760.927 172.595 4
14 -358.997 157.678 -960.918 191.216 4
15 -394.738 151.211 -938.621 186.929 4
16 -435.955 147.828 -917.927 186.931 4
17 -483.08 145.588 -883.652 188.208 4
18 162.691 226.16 -1390.01 153.421 2
19 -310.294 202.152 -854.723 170.746 2
20 -275.148 189.922 -872.789 158.071 2
21 -248.426 190.903 -890.609 159.558 2
22 -229.527 204.791 -892.098 171.433 2
23 -365.392 172.485 -760.927 172.595 4
24 -358.997 157.678 -960.918 191.216 4
25 -394.738 151.211 -938.621 186.929 4
26 -435.955 147.828 -917.927 186.931 4
27 -483.08 145.588 -883.652 188.208 4
28 162.691 226.16 -1390.01 153.421 2
29 -310.294 202.152 -854.723 170.746 2
30 -275.148 189.922 -872.789 158.071 2
31 -248.426 190.903 -890.609 159.558 2
32 -229.527 204.791 -892.098 171.433 2
33 -365.392 172.485 -760.927 172.595 4
34 -358.997 157.678 -960.918 191.216 4
35 -394.738 151.211 -938.621 186.929 4
36 -435.955 147.828 -917.927 186.931 4
37 -483.08 145.588 -883.652 188.208 4
38 162.691 226.16 -1390.01 153.421 2
39 -310.294 202.152 -854.723 170.746 2
40 -283.212 165.88 -850.289 135.059 2
41 -257.426 166.142 -864.072 135.955 2
42 -240.622 174.343 -864.568 140.84 2
43 -371.281 149.548 -742.477 150.584 4
44 -378.05 135.118 -936.716 167.168 4
45 -414.83 129.133 -913.613 163.184 4
46 -456.137 129.153 -890.37 167.492 4
47 -504.185 129.012 -860.089 169.559 4
48 129.533 171.035 -1393.94 90.172 2
49 -318.058 182.649 -836.25 151.727 2
50 -283.212 165.88 -850.289 135.059 2
51 -257.426 166.142 -864.072 135.955 2
52 -240.622 174.343 -864.568 140.84 2
53 -371.281 149.548 -742.477 150.584 4
54 -378.05 135.118 -936.716 167.168 4
55 -414.83 129.133 -913.613 163.184 4
56 -456.137 129.153 -890.37 167.492 4
57 -504.185 129.012 -860.089 169.559 4
58 129.533 171.035 -1393.94 90.172 2
59 -318.058 182.649 -836.25 151.727 2
60 -283.212 165.88 -850.289 135.059 2
61 -257.426 166.142 -864.072 135.955 2
62 -240.622 174.343 -864.568 140.84 2
63 -371.281 149.548 -742.477 150.584 4
64 -378.05 135.118 -936.716 167.168 4
65 -414.83 129.133 -913.613 163.184 4
66 -456.137 129.153 -890.37 167.492 4
67 -504.185 129.012 -860.089 169.559 4
68 129.533 171.035 -1393.94 90.172 2
69 -318.058 182.649 -836.25 151.727 2
70 -283.212 165.88 -850.289 135.059 2
71 -257.426 166.142 -864.072 135.955 2
72 -240.622 174.343 -864.568 140.84 2
73 -371.281 149.548 -742.477 150.584 4
74 -378.05 135.118 -936.716 167.168 4
75 -414.83 129.133 -913.613 163.184 4
76 -456.137 129.153 -890.37 167.492 4
77 -504.185 129.012 -860.089 169.559 4
78 129.533 171.035 -1393.94 90.172 2
79 -318.058 182.649 -836.25 151.727 2
80 -283.212 165.88 -850.289 135.059 2
81 -257.426 166.142 -864.072 135.955 2
82 -240.622 174.343 -864.568 140.84 2
83 -371.281 149.548 -742.477 150.584 4
84 -378.05 135.118 -936.716 167.168 4
85 -414.83 129.133 -913.613 163.184 4
86 -456.137 129.153 -890.37 167.492 4
87 -504.185 129.012 -860.089 169.559 4
88 129.533 171.035 -1393.94 90.172 2
89 -318.058 182.649 -836.25 151.727 2
90 -283.212 165.88 -850.289 135.059 2
91 -257.426 166.142 -864.072 135.955 2
92 -240.622 174.343 -864.568 140.84 2
93 -371.281 149.548 -742.477 150.584 4
94 -378.05 135.118 -936.716 167.168 4
95 -414.83 129.133 -913.613 163.184 4
96 -456.137 129.153 -890.37 167.492 4
97 -504.185 129.012 -860.089 169.559 4
98 129.533 171.035 -1393.94 90.172 2
99 -318.058 182.649 -836.25 151.727 2
100 -276.471 167.107 -873.095 139.245 2
101 -253.694 166.509 -884.974 139.592 2
102 -235.286 181.275 -886.045 154.054 2
103 -356.147 157.086 -781.562 159.322 4
104 -369.755 137.504 -944.87 173.597 4
105 -406.829 130.114 -921.204 168.255 4
106 -448.684 130.023 -897.416 172.387 4
107 -498.162 125.928 -867.065 169.517 4
108 140.472 173.542 -1407.19 100.854 2
109 -308.661 183.238 -859.546 155.467 2
110 -276.471 167.107 -873.095 139.245 2
111 -253.694 166.509 -884.974 139.592 2
112 -235.286 181.275 -886.045 154.054 2
113 RANDOM
114 -325.688 145.769 -770.712 131.803 2
115 -316.996 156.147 -747.376 127.658 2
116 -236.266 149.909 -774.843 126.996 2
117 -321.59 173.241 -716.488 175.098 4
118 -310.525 95.8074 -802.941 108.99 4
119 -345.914 108.508 -821.536 136.951 4
120 -381.478 127.787 -829.151 175.449 4
121 -431.802 155.89 -829.438 227.883 4
122 -317.017 97.5359 -974.281 126.304 4
123 -355.532 108.286 -948.961 140.179 4
124 -400.301 108.17 -922.96 142.678 4
125 -460.466 99.6267 -884.632 129.919 4
126 195.337 163.371 -1423.78 75.7931 1
127 -1.74646 235.734 -1226.42 221.25 2
