0 94837.9 149273.0 111835.0 172268.0 4
1 106539.0 166983.0 126354.0 197899.0 4
2 114329.0 179607.0 135690.0 216422.0 4
3 118076.0 185327.0 140267.0 225196.0 4
4 121028.0 189871.0 143854.0 232059.0 4
5 123508.0 193733.0 146849.0 237790.0 4
6 122942.0 193230.0 146059.0 237092.0 4
7 125904.0 197887.0 149626.0 243862.0 4
8 128809.0 202456.0 153125.0 250475.0 4
9 131675.0 206963.0 156582.0 256943.0 4
10 135284.0 212295.0 161129.0 265406.0 4
11 136338.0 213993.0 162383.0 267815.0 4
12 137245.0 215478.0 163463.0 269863.0 4
13 138149.0 216969.0 164540.0 271875.0 4
14 129582.0 203469.0 154309.0 252394.0 4
15 131514.0 206564.0 156654.0 256774.0 4
16 133482.0 209731.0 159037.0 261225.0 4
17 135442.0 212891.0 161407.0 265642.0 4
18 142109.0 222612.0 169763.0 281250.0 4
19 144402.0 226174.0 172580.0 286531.0 4
20 146656.0 229693.0 175346.0 291708.0 4
21 148777.0 233027.0 177944.0 296562.0 4
22 147372.0 230313.0 176428.0 293696.0 4
23 151117.0 236230.0 181044.0 302371.0 4
24 RANDOM
25 157551.0 246345.0 188904.0 316941.0 4
26 166215.0 260254.0 202280.0 331836.0 4
27 167664.0 262558.0 204376.0 334835.0 4
28 169103.0 264865.0 206423.0 337777.0 4
29 170542.0 267179.0 208433.0 340711.0 4
30 141640.0 222497.0 172667.0 277187.0 4
31 143904.0 226135.0 175797.0 282122.0 4
32 146299.0 229928.0 179053.0 287221.0 4
33 148957.0 234097.0 182588.0 292756.0 4
34 141535.0 222648.0 174563.0 273821.0 4
35 140378.0 220883.0 173463.0 271019.0 4
36 139274.0 219213.0 172419.0 268358.0 4
37 RANDOM
38 119306.0 187818.0 147008.0 224700.0 4
39 119296.0 187812.0 147441.0 224313.0 4
40 119718.0 188505.0 148376.0 224885.0 4
41 120278.0 189428.0 149475.0 225656.0 4
42 108321.0 170844.0 134380.0 199171.0 4
43 106516.0 168028.0 132377.0 195076.0 4
44 104884.0 165524.0 130572.0 191335.0 4
45 103423.0 163302.0 128978.0 187931.0 4
46 RANDOM
47 RANDOM
48 97815.4 154181.0 120847.0 176565.0 4
49 97460.1 153704.0 120658.0 175557.0 4
50 92900.9 146142.0 113340.0 166749.0 4
51 92900.9 146142.0 113340.0 166749.0 4
