0 3570.86 7499.59 -778.729 7296.23 2
1 3526.43 7431.93 -818.249 7242.28 2
2 3546.11 7507.87 -773.669 7338.89 2
3 3173.07 6387.23 -1174.69 5829.17 2
4 3161.96 6345.08 -1178.83 5813.21 2
5 3171.33 6383.46 -1133.93 5854.64 2
6 3256.18 6491.34 -1078.34 6035.04 2
7 3112.57 5954.86 -1228.32 5303.79 2
8 3102.05 5850.19 -1184.08 5115.31 2
9 3079.04 5825.5 -1150.43 5060.19 2
10 3121.26 5781.06 -1067.94 4977.85 2
11 3127.57 5694.09 -1156.72 4831.55 2
12 3132.02 5625.12 -1118.21 4705.62 2
13 3124.57 5614.36 -1084.22 4673.01 2
14 3206.49 5541.27 -980.179 4532.22 2
15 3122.16 5946.0 -1100.19 5134.38 2
16 3140.96 5808.69 -1023.19 4868.04 2
17 3134.32 5789.28 -974.64 4803.05 2
18 3149.79 5671.98 -907.277 4630.28 2
19 3171.46 6190.75 -992.346 5559.39 2
20 3185.26 6034.43 -936.129 5279.22 2
21 3226.16 5910.32 -859.324 5033.82 2
22 3360.91 5754.52 -702.477 4703.42 2
23 3354.8 6309.55 -605.055 5485.29 2
24 3404.88 6066.6 -538.741 5080.71 2
25 3387.02 5882.84 -526.631 4798.49 2
26 3396.6 5598.16 -452.822 4354.72 2
27 3474.39 5970.11 -429.569 4998.82 2
28 3537.26 5785.28 -364.714 4642.91 2
29 3574.51 5589.37 -320.357 4285.72 2
30 3765.35 5346.6 -128.522 3780.03 2
31 3524.82 5667.29 -359.113 4486.61 2
32 3613.15 5346.03 -263.82 3931.3 2
33 3710.27 5129.46 -170.742 3526.64 2
34 3977.47 5005.68 62.9915 3119.89 2
35 3558.24 5697.39 -338.395 4536.14 2
36 3609.11 5460.64 -278.542 4121.84 2
37 3675.68 5261.78 -201.179 3738.47 2
38 3948.36 4963.11 44.8711 3087.2 2
39 3769.62 5473.9 -208.091 3892.42 2
40 3832.6 5321.3 -147.96 3604.26 2
41 3909.42 5194.93 -90.8308 3355.12 2
42 4141.91 4928.26 74.9038 2825.41 2
43 4103.67 5123.08 49.9138 3200.02 2
44 4130.1 5051.95 69.0686 3053.01 2
45 4162.62 4992.11 85.9368 2923.42 2
46 4388.56 4765.95 247.258 2480.33 2
47 3943.93 5565.67 -124.31 3903.26 2
48 3840.16 5511.59 -191.494 3849.09 2
49 RANDOM
50 3706.79 5379.99 -277.549 3678.4 2
51 3706.79 5379.99 -277.549 3678.4 2
