0 -1.02574 24.0282 -0.0945049 24.7073 4
1 -1.02574 24.0282 -0.0945049 24.7073 4
2 -1.02574 24.0282 -0.0945049 24.7073 4
3 -1.02574 24.0282 -0.0945049 24.7073 4
4 RANDOM
5 -1.02574 24.0282 -0.0945049 24.7073 4
6 -1.02574 24.0282 -0.0945049 24.7073 4
7 -1.02574 24.0282 -0.0945049 24.7073 4
8 -1.02574 24.0282 -0.0945049 24.7073 4
9 -1.02574 24.0282 -0.0945049 24.7073 4
10 RANDOM
11 -1.02574 24.0282 -0.0945049 24.7073 4
12 -1.02574 24.0282 -0.0945049 24.7073 4
13 -1.02574 24.0282 -0.0945049 24.7073 4
14 -1.02574 24.0282 -0.0945049 24.7073 4
15 -1.02574 24.0282 -0.0945049 24.7073 4
16 -1.02574 24.0282 -0.0945049 24.7073 4
17 -1.02574 24.0282 -0.0945049 24.7073 4
18 -1.02574 24.0282 -0.0945049 24.7073 4
19 -1.02574 24.0282 -0.0945049 24.7073 4
20 -1.02574 24.0282 -0.0945049 24.7073 4
21 -1.02574 24.0282 -0.0945049 24.7073 4
22 -1.02574 24.0282 -0.0945049 24.7073 4
23 -1.02574 24.0282 -0.0945049 24.7073 4
24 -1.02574 24.0282 -0.0945049 24.7073 4
25 -1.02574 24.0282 -0.0945049 24.7073 4
26 -1.02574 24.0282 -0.0945049 24.7073 4
27 -1.02574 24.0282 -0.0945049 24.7073 4
28 -1.02574 24.0282 -0.0945049 24.7073 4
29 -1.02574 24.0282 -0.0945049 24.7073 4
30 -1.02574 24.0282 -0.0945049 24.7073 4
31 -1.02574 24.0282 -0.0945049 24.7073 4
32 -1.02574 24.0282 -0.0945049 24.7073 4
33 RANDOM
34 -1.02574 24.0282 -0.0945049 24.7073 4
35 -1.02574 24.0282 -0.0945049 24.7073 4
36 -1.02574 24.0282 -0.0945049 24.7073 4
37 -1.02574 24.0282 -0.0945049 24.7073 4
38 -1.02574 24.0282 -0.0945049 24.7073 4
39 -1.02574 24.0282 -0.0945049 24.7073 4
40 -1.02574 24.0282 -0.0945049 24.7073 4
41 -1.02574 24.0282 -0.0945049 24.7073 4
42 11.5349 22.3173 -62.8018 38.1107 4
43 13.6651 24.9065 -66.2404 38.0177 4
44 16.0083 27.6342 -71.4201 36.8867 4
45 18.6347 31.1935 -76.9536 38.0778 4
46 8.69893 18.2297 -56.2374 36.8995 4
47 7.5697 15.8814 -50.9281 33.3318 4
48 7.13232 14.9035 -45.8866 31.5681 4
49 6.80017 14.1638 -40.9597 30.0892 4
50 18.12 23.2758 -37.5241 15.9885 2
51 -1.02574 24.0282 -0.0945049 24.7073 4
52 18.12 23.2758 -37.5241 15.9885 2
53 -1.02574 24.0282 -0.0945049 24.7073 4
54 18.12 23.2758 -37.5241 15.9885 2
55 -1.02574 24.0282 -0.0945049 24.7073 4
56 18.12 23.2758 -37.5241 15.9885 2
57 -1.02574 24.0282 -0.0945049 24.7073 4
58 18.12 23.2758 -37.5241 15.9885 2
59 -1.02574 24.0282 -0.0945049 24.7073 4
60 18.12 23.2758 -37.5241 15.9885 2
61 -1.02574 24.0282 -0.0945049 24.7073 4
62 18.12 23.2758 -37.5241 15.9885 2
63 -1.02574 24.0282 -0.0945049 24.7073 4
64 18.12 23.2758 -37.5241 15.9885 2
65 -1.02574 24.0282 -0.0945049 24.7073 4
66 18.12 23.2758 -37.5241 15.9885 2
67 -1.02574 24.0282 -0.0945049 24.7073 4
68 18.12 23.2758 -37.5241 15.9885 2
69 RANDOM
70 -0.975999 22.7148 -1.60847 23.9528 4
71 8.18626 13.6933 -36.5577 24.5112 4
72 18.12 23.2758 -37.5241 15.9885 2
73 -1.02574 24.0282 -0.0945049 24.7073 4
74 18.12 23.2758 -37.5241 15.9885 2
75 -1.02574 24.0282 -0.0945049 24.7073 4
76 18.12 23.2758 -37.5241 15.9885 2
77 -1.02574 24.0282 -0.0945049 24.7073 4
78 18.12 23.2758 -37.5241 15.9885 2
79 -1.02574 24.0282 -0.0945049 24.7073 4
80 18.12 23.2758 -37.5241 15.9885 2
81 -1.02574 24.0282 -0.0945049 24.7073 4
82 18.12 23.2758 -37.5241 15.9885 2
83 -1.02574 24.0282 -0.0945049 24.7073 4
84 18.12 23.2758 -37.5241 15.9885 2
85 -1.02574 24.0282 -0.0945049 24.7073 4
86 18.12 23.2758 -37.5241 15.9885 2
87 -1.02574 24.0282 -0.0945049 24.7073 4
88 18.12 23.2758 -37.5241 15.9885 2
89 -1.02574 24.0282 -0.0945049 24.7073 4
90 18.12 23.2758 -37.5241 15.9885 2
91 -1.02574 24.0282 -0.0945049 24.7073 4
92 18.12 23.2758 -37.5241 15.9885 2
93 -1.02574 24.0282 -0.0945049 24.7073 4
94 18.12 23.2758 -37.5241 15.9885 2
95 -1.02574 24.0282 -0.0945049 24.7073 4
96 18.12 23.2758 -37.5241 15.9885 2
97 -1.02574 24.0282 -0.0945049 24.7073 4
98 18.12 23.2758 -37.5241 15.9885 2
99 -1.02574 24.0282 -0.0945049 24.7073 4
100 18.12 23.2758 -37.5241 15.9885 2
101 -1.02574 24.0282 -0.0945049 24.7073 4
102 18.12 23.2758 -37.5241 15.9885 2
103 -1.02574 24.0282 -0.0945049 24.7073 4
104 18.12 23.2758 -37.5241 15.9885 2
105 -1.02574 24.0282 -0.0945049 24.7073 4
106 18.12 23.2758 -37.5241 15.9885 2
107 -1.02574 24.0282 -0.0945049 24.7073 4
108 18.12 23.2758 -37.5241 15.9885 2
109 -1.02574 24.0282 -0.0945049 24.7073 4
110 18.12 23.2758 -37.5241 15.9885 2
111 -1.02574 24.0282 -0.0945049 24.7073 4
112 18.12 23.2758 -37.5241 15.9885 2
113 -1.02574 24.0282 -0.0945049 24.7073 4
114 18.12 23.2758 -37.5241 15.9885 2
115 -1.02574 24.0282 -0.0945049 24.7073 4
116 18.12 23.2758 -37.5241 15.9885 2
117 -1.02574 24.0282 -0.0945049 24.7073 4
118 18.12 23.2758 -37.5241 15.9885 2
119 -1.02574 24.0282 -0.0945049 24.7073 4
120 18.12 23.2758 -37.5241 15.9885 2
121 -1.02574 24.0282 -0.0945049 24.7073 4
122 RANDOM
123 -1.02574 24.0282 -0.0945049 24.7073 4
124 18.8825 26.6941 -46.6501 21.1133 2
