0 862.562 2111.95 -593.762 2055.59 2
1 906.354 2076.13 -620.706 2030.09 2
2 928.292 2089.51 -617.599 2054.53 2
3 696.401 2146.28 -382.053 2046.11 2
4 750.966 2081.95 -405.721 1981.27 2
5 770.396 2087.71 -382.467 1989.18 2
6 915.066 1978.09 -432.232 1909.65 2
7 740.353 2031.68 -291.445 1942.17 2
8 748.534 1968.34 -254.391 1837.06 2
9 738.808 1972.07 -223.778 1828.28 2
10 792.369 1874.37 -163.427 1723.04 2
11 799.286 1894.08 -192.341 1715.4 2
12 805.21 1883.09 -153.771 1674.67 2
13 811.691 1879.56 -127.083 1652.64 2
14 RANDOM
15 822.795 2019.82 -223.98 1862.83 2
16 821.842 2006.94 -112.278 1789.5 2
17 812.079 2026.09 -40.6511 1783.65 2
18 853.259 1915.1 64.555 1637.74 2
19 923.439 2071.67 -172.776 2087.23 4
20 860.659 1823.07 -117.116 1678.49 2
21 923.439 2071.67 -172.776 2087.23 4
22 860.659 1823.07 -117.116 1678.49 2
23 923.439 2071.67 -172.776 2087.23 4
24 860.659 1823.07 -117.116 1678.49 2
25 923.439 2071.67 -172.776 2087.23 4
26 860.659 1823.07 -117.116 1678.49 2
27 923.439 2071.67 -172.776 2087.23 4
28 860.659 1823.07 -117.116 1678.49 2
29 923.439 2071.67 -172.776 2087.23 4
30 860.659 1823.07 -117.116 1678.49 2
31 RANDOM
32 932.861 2039.84 -99.2761 2001.05 2
33 937.001 2008.98 -2.98728 1920.36 2
34 1058.44 1844.74 208.928 1645.66 2
35 944.739 2204.12 293.462 2194.38 2
36 RANDOM
37 994.11 2022.74 397.399 1867.21 2
38 1030.73 1941.31 454.455 1711.52 2
39 1023.94 1960.35 451.705 1873.55 2
40 1152.72 1935.67 600.39 1727.6 2
41 1201.56 1928.21 679.901 1646.78 2
42 1363.48 1868.14 973.101 1490.78 2
43 977.942 1989.44 645.147 1937.54 2
44 1091.13 1915.17 859.169 1711.15 2
45 1177.18 1940.6 1035.41 1648.76 2
46 1369.16 1997.15 1348.26 1668.19 2
47 RANDOM
48 1047.15 2079.02 902.124 2015.76 2
49 1079.2 2042.08 1069.72 1896.39 2
50 1266.18 2100.52 1419.11 1879.62 2
51 1079.07 2293.74 1138.88 2150.16 2
52 1124.34 2213.29 1219.5 2038.6 2
53 1201.76 2210.34 1296.77 2004.54 2
54 1368.82 2258.85 1484.65 2011.42 2
55 1209.81 2198.11 1405.78 2040.49 2
56 1284.06 2226.41 1454.99 2032.6 2
57 1357.11 2261.42 1491.6 2032.46 2
58 1547.15 2325.92 1701.4 2068.57 2
59 1422.03 2345.02 1276.53 2031.37 2
60 1345.41 2291.16 1176.68 1961.11 2
61 1267.53 2249.73 1082.13 1916.11 2
62 1233.79 2226.22 1048.64 1888.88 2
63 1233.79 2226.22 1048.64 1888.88 2
