0 -14.6604 28.967 22.0731 31.2207 4
1 -14.6604 28.967 22.0731 31.2207 4
2 -14.6604 28.967 22.0731 31.2207 4
3 -14.6604 28.967 22.0731 31.2207 4
4 -14.6604 28.967 22.0731 31.2207 4
5 -14.6604 28.967 22.0731 31.2207 4
6 -14.6604 28.967 22.0731 31.2207 4
7 -14.6604 28.967 22.0731 31.2207 4
8 -14.6604 28.967 22.0731 31.2207 4
9 -14.6604 28.967 22.0731 31.2207 4
10 -14.6604 28.967 22.0731 31.2207 4
11 -14.6604 28.967 22.0731 31.2207 4
12 -14.6604 28.967 22.0731 31.2207 4
13 -14.6604 28.967 22.0731 31.2207 4
14 -14.6604 28.967 22.0731 31.2207 4
15 -14.6604 28.967 22.0731 31.2207 4
16 -14.6604 28.967 22.0731 31.2207 4
17 -14.6604 28.967 22.0731 31.2207 4
18 -14.6604 28.967 22.0731 31.2207 4
19 -14.6604 28.967 22.0731 31.2207 4
20 -14.6604 28.967 22.0731 31.2207 4
21 -14.6604 28.967 22.0731 31.2207 4
22 -14.6604 28.967 22.0731 31.2207 4
23 -14.6604 28.967 22.0731 31.2207 4
24 -14.6604 28.967 22.0731 31.2207 4
25 -14.6604 28.967 22.0731 31.2207 4
26 -14.6604 28.967 22.0731 31.2207 4
27 -14.6604 28.967 22.0731 31.2207 4
28 -14.6604 28.967 22.0731 31.2207 4
29 -14.6604 28.967 22.0731 31.2207 4
30 -14.6604 28.967 22.0731 31.2207 4
31 -14.6604 28.967 22.0731 31.2207 4
32 -14.6604 28.967 22.0731 31.2207 4
33 -14.6604 28.967 22.0731 31.2207 4
34 -14.6604 28.967 22.0731 31.2207 4
35 -14.6604 28.967 22.0731 31.2207 4
36 -14.6604 28.967 22.0731 31.2207 4
37 -14.6604 28.967 22.0731 31.2207 4
38 -14.6604 28.967 22.0731 31.2207 4
39 -14.6604 28.967 22.0731 31.2207 4
40 -14.6604 28.967 22.0731 31.2207 4
41 -14.6604 28.967 22.0731 31.2207 4
42 -11.8954 13.4758 -65.3943 19.27 4
43 -9.81733 13.5266 -71.6138 19.3405 4
44 -8.54025 12.7988 -78.9743 18.0646 4
45 -7.3094 10.583 -87.6049 14.4244 4
46 -16.2932 7.87181 -51.9798 11.7973 4
47 RANDOM
48 -13.6051 6.12397 -46.7002 10.3691 4
49 -12.0929 4.0063 -45.8914 7.63978 4
50 -11.2226 -4.43085 -72.848 -9.04848 2
51 -18.0901 -1.89928 -7.30544 -2.72214 2
52 -18.2279 -7.54665 -13.9101 -8.62487 2
53 -16.7948 -7.48051 -18.5286 -7.17979 4
54 -11.8425 -0.540536 -48.1824 0.596275 4
55 -11.4812 -3.58346 -47.6498 -3.5327 4
56 -11.2226 -4.43085 -72.848 -9.04848 2
57 -18.0901 -1.89928 -7.30544 -2.72214 2
58 -18.2279 -7.54665 -13.9101 -8.62487 2
59 -16.7948 -7.48051 -18.5286 -7.17979 4
60 -11.8425 -0.540536 -48.1824 0.596275 4
61 -11.4812 -3.58346 -47.6498 -3.5327 4
62 RANDOM
63 -18.0829 -8.20587 -15.1655 -9.25889 2
64 -19.9361 -7.3185 -32.8219 -8.85698 2
