0 0.10849 32.4885 20.3179 33.3752 4
1 0.10849 32.4885 20.3179 33.3752 4
2 0.10849 32.4885 20.3179 33.3752 4
3 0.10849 32.4885 20.3179 33.3752 4
4 0.10849 32.4885 20.3179 33.3752 4
5 0.10849 32.4885 20.3179 33.3752 4
6 0.10849 32.4885 20.3179 33.3752 4
7 0.10849 32.4885 20.3179 33.3752 4
8 0.10849 32.4885 20.3179 33.3752 4
9 0.10849 32.4885 20.3179 33.3752 4
10 0.10849 32.4885 20.3179 33.3752 4
11 0.10849 32.4885 20.3179 33.3752 4
12 0.10849 32.4885 20.3179 33.3752 4
13 0.10849 32.4885 20.3179 33.3752 4
14 0.10849 32.4885 20.3179 33.3752 4
15 0.10849 32.4885 20.3179 33.3752 4
16 0.10849 32.4885 20.3179 33.3752 4
17 0.10849 32.4885 20.3179 33.3752 4
18 0.10849 32.4885 20.3179 33.3752 4
19 0.10849 32.4885 20.3179 33.3752 4
20 0.10849 32.4885 20.3179 33.3752 4
21 0.10849 32.4885 20.3179 33.3752 4
22 0.10849 32.4885 20.3179 33.3752 4
23 0.10849 32.4885 20.3179 33.3752 4
24 0.10849 32.4885 20.3179 33.3752 4
25 0.10849 32.4885 20.3179 33.3752 4
26 0.10849 32.4885 20.3179 33.3752 4
27 0.10849 32.4885 20.3179 33.3752 4
28 0.10849 32.4885 20.3179 33.3752 4
29 0.10849 32.4885 20.3179 33.3752 4
30 0.10849 32.4885 20.3179 33.3752 4
31 0.10849 32.4885 20.3179 33.3752 4
32 0.10849 32.4885 20.3179 33.3752 4
33 0.10849 32.4885 20.3179 33.3752 4
34 0.10849 32.4885 20.3179 33.3752 4
35 0.10849 32.4885 20.3179 33.3752 4
36 0.10849 32.4885 20.3179 33.3752 4
37 0.10849 32.4885 20.3179 33.3752 4
38 0.10849 32.4885 20.3179 33.3752 4
39 0.10849 32.4885 20.3179 33.3752 4
40 0.10849 32.4885 20.3179 33.3752 4
41 0.10849 32.4885 20.3179 33.3752 4
42 -9.16131 33.898 0.158645 81.1436 4
43 -10.2726 36.7486 2.23062 84.2093 4
44 -12.1044 40.1598 4.75467 88.0424 4
45 -14.3733 44.0404 8.22642 92.1047 4
46 -7.45658 30.6553 -3.31272 77.3181 4
47 -6.59026 28.3266 -1.54472 71.4401 4
48 -5.83188 26.2886 0.00228126 66.2938 4
49 -5.05876 24.2113 1.58526 61.0332 4
50 3.10513 42.0285 50.1543 44.9199 3
51 -0.66984 37.128 29.9858 35.5868 2
