0 112.421 378.449 -453.292 335.831 2
1 111.019 380.692 -465.325 349.867 2
2 107.615 391.576 -457.454 362.64 2
3 65.8658 376.863 -409.31 364.436 2
4 65.7615 363.605 -403.792 342.496 2
5 58.2308 363.849 -389.716 332.565 2
6 98.9835 365.547 -441.138 357.105 2
7 115.978 372.52 -416.079 357.599 2
8 110.539 364.091 -407.859 338.976 2
9 92.077 358.878 -404.93 329.744 2
10 89.1536 369.07 -408.829 343.523 2
11 141.853 347.993 -378.396 288.977 2
12 141.839 341.068 -378.498 274.58 2
13 137.596 335.645 -385.735 263.433 2
14 160.146 346.193 -388.045 270.991 2
15 164.785 354.091 -454.807 308.221 2
16 163.877 346.562 -440.647 283.727 2
17 149.345 339.774 -436.22 267.124 2
18 157.005 345.355 -428.484 267.718 2
19 173.931 344.805 -427.689 293.88 2
20 171.722 351.092 -436.629 298.046 2
21 166.154 350.189 -438.325 292.078 2
22 194.335 354.22 -411.292 278.846 2
23 250.247 333.65 -341.422 218.429 2
24 308.417 328.558 -320.065 182.41 2
25 299.447 327.634 -325.278 180.557 2
26 302.426 335.103 -303.94 182.16 2
27 254.482 328.966 -311.184 182.282 2
28 327.71 314.379 -281.286 134.852 1
29 RANDOM
