0 0.266818 28.2677 2.87692 29.58 4
1 0.266818 28.2677 2.87692 29.58 4
2 0.266818 28.2677 2.87692 29.58 4
3 0.266818 28.2677 2.87692 29.58 4
4 0.266818 28.2677 2.87692 29.58 4
5 0.266818 28.2677 2.87692 29.58 4
6 0.266818 28.2677 2.87692 29.58 4
7 0.266818 28.2677 2.87692 29.58 4
8 0.266818 28.2677 2.87692 29.58 4
9 0.266818 28.2677 2.87692 29.58 4
10 0.266818 28.2677 2.87692 29.58 4
11 0.266818 28.2677 2.87692 29.58 4
12 0.266818 28.2677 2.87692 29.58 4
13 RANDOM
14 0.266818 28.2677 2.87692 29.58 4
15 0.266818 28.2677 2.87692 29.58 4
16 0.266818 28.2677 2.87692 29.58 4
17 0.266818 28.2677 2.87692 29.58 4
18 0.266818 28.2677 2.87692 29.58 4
19 0.266818 28.2677 2.87692 29.58 4
20 0.266818 28.2677 2.87692 29.58 4
21 0.266818 28.2677 2.87692 29.58 4
22 0.266818 28.2677 2.87692 29.58 4
23 0.266818 28.2677 2.87692 29.58 4
24 0.266818 28.2677 2.87692 29.58 4
25 0.266818 28.2677 2.87692 29.58 4
26 0.266818 28.2677 2.87692 29.58 4
27 0.266818 28.2677 2.87692 29.58 4
28 0.266818 28.2677 2.87692 29.58 4
29 0.266818 28.2677 2.87692 29.58 4
30 0.266818 28.2677 2.87692 29.58 4
31 0.266818 28.2677 2.87692 29.58 4
32 0.266818 28.2677 2.87692 29.58 4
33 0.266818 28.2677 2.87692 29.58 4
34 0.266818 28.2677 2.87692 29.58 4
35 0.266818 28.2677 2.87692 29.58 4
36 0.266818 28.2677 2.87692 29.58 4
37 0.266818 28.2677 2.87692 29.58 4
38 0.266818 28.2677 2.87692 29.58 4
39 0.266818 28.2677 2.87692 29.58 4
40 0.266818 28.2677 2.87692 29.58 4
41 0.266818 28.2677 2.87692 29.58 4
42 14.5403 27.4397 -55.0225 45.1634 4
43 16.8167 30.1421 -58.0377 45.2627 4
44 19.3348 33.0001 -62.6005 44.4273 4
45 22.228 36.4973 -67.4374 44.6862 4
46 11.1171 22.5776 -49.2435 42.7558 4
47 10.0653 20.7468 -43.8387 39.8352 4
48 9.50335 19.5862 -39.1328 37.7548 4
49 8.95947 18.462 -34.5899 35.7395 4
50 RANDOM
51 RANDOM
52 0.266818 28.2677 2.87692 29.58 4
53 24.0743 35.0345 -44.3574 30.8847 2
