0 25.9412 55.2105 27.7557 58.8898 4
1 25.9412 55.2105 27.7557 58.8898 4
2 25.9412 55.2105 27.7557 58.8898 4
3 25.9412 55.2105 27.7557 58.8898 4
4 25.9412 55.2105 27.7557 58.8898 4
5 25.9412 55.2105 27.7557 58.8898 4
6 25.9412 55.2105 27.7557 58.8898 4
7 25.9412 55.2105 27.7557 58.8898 4
8 25.9412 55.2105 27.7557 58.8898 4
9 25.9412 55.2105 27.7557 58.8898 4
10 25.9412 55.2105 27.7557 58.8898 4
11 25.9412 55.2105 27.7557 58.8898 4
12 25.9412 55.2105 27.7557 58.8898 4
13 25.9412 55.2105 27.7557 58.8898 4
14 25.9412 55.2105 27.7557 58.8898 4
15 25.9412 55.2105 27.7557 58.8898 4
16 25.9412 55.2105 27.7557 58.8898 4
17 25.9412 55.2105 27.7557 58.8898 4
18 25.9412 55.2105 27.7557 58.8898 4
19 25.9412 55.2105 27.7557 58.8898 4
20 25.4585 54.2295 28.2433 56.1812 4
21 22.2844 46.4945 26.3838 45.531 2
22 25.9412 55.2105 27.7557 58.8898 4
23 22.2844 46.4945 26.3838 45.531 2
24 25.9412 55.2105 27.7557 58.8898 4
25 22.2844 46.4945 26.3838 45.531 2
26 25.9412 55.2105 27.7557 58.8898 4
27 22.2844 46.4945 26.3838 45.531 2
28 25.9412 55.2105 27.7557 58.8898 4
29 22.2844 46.4945 26.3838 45.531 2
30 25.9412 55.2105 27.7557 58.8898 4
31 22.2844 46.4945 26.3838 45.531 2
32 RANDOM
33 25.9412 55.2105 27.7557 58.8898 4
34 25.4585 54.2295 28.2433 56.1812 4
35 22.2844 46.4945 26.3838 45.531 2
36 25.9412 55.2105 27.7557 58.8898 4
37 22.2844 46.4945 26.3838 45.531 2
38 25.9412 55.2105 27.7557 58.8898 4
39 22.2844 46.4945 26.3838 45.531 2
40 25.9412 55.2105 27.7557 58.8898 4
41 22.2844 46.4945 26.3838 45.531 2
42 25.9412 55.2105 27.7557 58.8898 4
43 22.2844 46.4945 26.3838 45.531 2
44 25.9412 55.2105 27.7557 58.8898 4
45 22.2844 46.4945 26.3838 45.531 2
46 25.9412 55.2105 27.7557 58.8898 4
47 22.2844 46.4945 26.3838 45.531 2
48 25.9412 55.2105 27.7557 58.8898 4
49 22.2844 46.4945 26.3838 45.531 2
50 25.9412 55.2105 27.7557 58.8898 4
51 22.2844 46.4945 26.3838 45.531 2
52 25.9412 55.2105 27.7557 58.8898 4
53 22.2844 46.4945 26.3838 45.531 2
54 25.9412 55.2105 27.7557 58.8898 4
55 22.2844 46.4945 26.3838 45.531 2
56 25.9412 55.2105 27.7557 58.8898 4
57 22.2844 46.4945 26.3838 45.531 2
58 25.9412 55.2105 27.7557 58.8898 4
59 22.2844 46.4945 26.3838 45.531 2
60 25.9412 55.2105 27.7557 58.8898 4
61 22.2844 46.4945 26.3838 45.531 2
62 RANDOM
63 25.9412 55.2105 27.7557 58.8898 4
64 25.4585 54.2295 28.2433 56.1812 4
65 RANDOM
66 25.9412 55.2105 27.7557 58.8898 4
67 25.9412 55.2105 27.7557 58.8898 4
68 25.9412 55.2105 27.7557 58.8898 4
69 25.9412 55.2105 27.7557 58.8898 4
70 25.9412 55.2105 27.7557 58.8898 4
71 25.9412 55.2105 27.7557 58.8898 4
72 25.9412 55.2105 27.7557 58.8898 4
73 25.9412 55.2105 27.7557 58.8898 4
74 25.9412 55.2105 27.7557 58.8898 4
75 25.9412 55.2105 27.7557 58.8898 4
76 25.9412 55.2105 27.7557 58.8898 4
77 25.9412 55.2105 27.7557 58.8898 4
78 25.9412 55.2105 27.7557 58.8898 4
79 25.9412 55.2105 27.7557 58.8898 4
80 25.9412 55.2105 27.7557 58.8898 4
81 25.9412 55.2105 27.7557 58.8898 4
82 25.9412 55.2105 27.7557 58.8898 4
83 25.9412 55.2105 27.7557 58.8898 4
84 25.9412 55.2105 27.7557 58.8898 4
85 25.9412 55.2105 27.7557 58.8898 4
86 314.813 724.084 333.004 645.534 2
87 25.9412 55.2105 27.7557 58.8898 4
88 314.813 724.084 333.004 645.534 2
89 25.9412 55.2105 27.7557 58.8898 4
90 314.813 724.084 333.004 645.534 2
91 25.9412 55.2105 27.7557 58.8898 4
92 314.813 724.084 333.004 645.534 2
93 25.9412 55.2105 27.7557 58.8898 4
94 314.813 724.084 333.004 645.534 2
95 25.9412 55.2105 27.7557 58.8898 4
96 314.813 724.084 333.004 645.534 2
97 25.9412 55.2105 27.7557 58.8898 4
98 314.813 724.084 333.004 645.534 2
99 25.9412 55.2105 27.7557 58.8898 4
100 314.813 724.084 333.004 645.534 2
101 25.9412 55.2105 27.7557 58.8898 4
102 314.813 724.084 333.004 645.534 2
103 25.9412 55.2105 27.7557 58.8898 4
104 314.813 724.084 333.004 645.534 2
105 25.9412 55.2105 27.7557 58.8898 4
106 314.813 724.084 333.004 645.534 2
107 RANDOM
108 25.9412 55.2105 27.7557 58.8898 4
109 25.9412 55.2105 27.7557 58.8898 4
110 314.813 724.084 333.004 645.534 2
111 25.9412 55.2105 27.7557 58.8898 4
112 314.813 724.084 333.004 645.534 2
113 25.9412 55.2105 27.7557 58.8898 4
114 314.813 724.084 333.004 645.534 2
115 25.9412 55.2105 27.7557 58.8898 4
116 314.813 724.084 333.004 645.534 2
117 25.9412 55.2105 27.7557 58.8898 4
118 314.813 724.084 333.004 645.534 2
119 25.9412 55.2105 27.7557 58.8898 4
120 314.813 724.084 333.004 645.534 2
121 25.9412 55.2105 27.7557 58.8898 4
122 314.813 724.084 333.004 645.534 2
123 25.9412 55.2105 27.7557 58.8898 4
124 314.813 724.084 333.004 645.534 2
125 25.9412 55.2105 27.7557 58.8898 4
126 314.813 724.084 333.004 645.534 2
127 25.9412 55.2105 27.7557 58.8898 4
128 314.813 724.084 333.004 645.534 2
129 RANDOM
130 25.9412 55.2105 27.7557 58.8898 4
131 25.9412 55.2105 27.7557 58.8898 4
132 314.813 724.084 333.004 645.534 2
133 25.9412 55.2105 27.7557 58.8898 4
134 314.813 724.084 333.004 645.534 2
135 25.9412 55.2105 27.7557 58.8898 4
136 314.813 724.084 333.004 645.534 2
137 25.9412 55.2105 27.7557 58.8898 4
138 314.813 724.084 333.004 645.534 2
139 25.9412 55.2105 27.7557 58.8898 4
140 314.813 724.084 333.004 645.534 2
141 25.9412 55.2105 27.7557 58.8898 4
142 314.813 724.084 333.004 645.534 2
143 25.9412 55.2105 27.7557 58.8898 4
144 314.813 724.084 333.004 645.534 2
145 25.9412 55.2105 27.7557 58.8898 4
146 RANDOM
147 176.355 405.447 184.848 370.925 2
148 67.0254 164.9 53.4955 171.774 4
