0 58.0315 61.4913 48.7279 70.7857 4
1 58.3671 65.42 43.0291 90.5247 4
2 67.6435 72.7599 53.8316 95.5948 4
3 68.268 73.4179 54.1625 96.9818 4
4 68.778 74.0112 54.2968 98.5117 4
5 69.0985 74.5489 54.0152 100.512 4
6 70.5262 74.4684 57.763 93.2549 4
7 70.9018 74.9744 57.882 94.6485 4
8 71.2362 75.4791 57.8701 96.2842 4
9 71.3526 75.8421 57.5349 98.1389 4
10 70.9854 74.2958 58.6646 90.1375 4
11 71.1305 74.6161 58.5369 91.3645 4
12 71.3402 75.0501 58.4456 92.9714 4
13 71.3779 75.3793 58.1735 94.6987 4
14 81.2752 82.6872 67.6539 97.1613 4
15 81.6184 83.0989 67.79 98.192 4
16 81.9186 83.527 67.8176 99.4874 4
17 82.3693 84.109 67.9657 101.011 4
18 80.8912 81.7489 67.1384 95.4385 4
19 81.1444 82.116 67.1094 96.6288 4
20 81.4205 82.5557 67.0196 98.1689 4
21 81.8212 83.1491 67.0091 100.001 4
22 81.8321 82.7709 67.5911 97.5463 4
23 82.3675 83.3721 67.8053 98.9363 4
24 83.0399 84.1482 68.0847 100.726 4
25 83.8955 85.1377 68.4917 102.904 4
26 68.3497 71.5843 56.322 76.3458 4
27 68.356 71.8233 56.2646 76.48 4
28 68.6123 72.3941 56.3604 77.1864 4
29 69.0464 73.2289 56.5569 78.3004 4
30 61.5894 65.8486 50.0169 65.2103 2
31 70.9723 71.0679 62.1514 71.5949 4
32 61.5894 65.8486 50.0169 65.2103 2
33 70.9723 71.0679 62.1514 71.5949 4
34 61.5894 65.8486 50.0169 65.2103 2
35 70.9723 71.0679 62.1514 71.5949 4
36 61.5894 65.8486 50.0169 65.2103 2
37 70.9723 71.0679 62.1514 71.5949 4
38 61.5894 65.8486 50.0169 65.2103 2
39 70.9723 71.0679 62.1514 71.5949 4
40 61.8333 66.0658 50.2762 65.4071 2
41 71.3115 71.3937 62.5213 71.8735 4
42 61.8333 66.0658 50.2762 65.4071 2
43 71.3115 71.3937 62.5213 71.8735 4
44 61.8333 66.0658 50.2762 65.4071 2
45 71.3115 71.3937 62.5213 71.8735 4
46 61.8333 66.0658 50.2762 65.4071 2
47 71.3115 71.3937 62.5213 71.8735 4
48 61.8333 66.0658 50.2762 65.4071 2
49 71.3115 71.3937 62.5213 71.8735 4
50 RANDOM
51 82.7616 83.3472 80.868 79.3952 2
52 73.4349 72.4483 65.4794 70.3475 1
