0 -3.30731 22.2367 7.05567 23.4371 4
1 -3.30731 22.2367 7.05567 23.4371 4
2 -3.30731 22.2367 7.05567 23.4371 4
3 -3.30731 22.2367 7.05567 23.4371 4
4 -3.30731 22.2367 7.05567 23.4371 4
5 -3.30731 22.2367 7.05567 23.4371 4
6 -3.30731 22.2367 7.05567 23.4371 4
7 -3.30731 22.2367 7.05567 23.4371 4
8 -3.30731 22.2367 7.05567 23.4371 4
9 -3.30731 22.2367 7.05567 23.4371 4
10 -3.30731 22.2367 7.05567 23.4371 4
11 -3.30731 22.2367 7.05567 23.4371 4
12 -3.30731 22.2367 7.05567 23.4371 4
13 -3.30731 22.2367 7.05567 23.4371 4
14 -3.30731 22.2367 7.05567 23.4371 4
15 -3.30731 22.2367 7.05567 23.4371 4
16 -3.30731 22.2367 7.05567 23.4371 4
17 -3.30731 22.2367 7.05567 23.4371 4
18 -3.30731 22.2367 7.05567 23.4371 4
19 -3.30731 22.2367 7.05567 23.4371 4
20 -3.30731 22.2367 7.05567 23.4371 4
21 -3.30731 22.2367 7.05567 23.4371 4
22 -3.30731 22.2367 7.05567 23.4371 4
23 -3.30731 22.2367 7.05567 23.4371 4
24 -3.30731 22.2367 7.05567 23.4371 4
25 -3.30731 22.2367 7.05567 23.4371 4
26 -3.30731 22.2367 7.05567 23.4371 4
27 RANDOM
28 -3.30731 22.2367 7.05567 23.4371 4
29 -3.30731 22.2367 7.05567 23.4371 4
30 RANDOM
31 -3.30731 22.2367 7.05567 23.4371 4
32 -3.30731 22.2367 7.05567 23.4371 4
33 -3.30731 22.2367 7.05567 23.4371 4
34 -3.30731 22.2367 7.05567 23.4371 4
35 -3.30731 22.2367 7.05567 23.4371 4
36 -3.30731 22.2367 7.05567 23.4371 4
37 -3.30731 22.2367 7.05567 23.4371 4
38 -3.30731 22.2367 7.05567 23.4371 4
39 -3.30731 22.2367 7.05567 23.4371 4
40 -3.30731 22.2367 7.05567 23.4371 4
41 -3.30731 22.2367 7.05567 23.4371 4
42 -13.4422 22.6913 -30.3681 50.961 4
43 -14.1156 25.3084 -30.7028 52.2443 4
44 -15.9194 27.7099 -31.9352 52.4484 4
45 -18.1326 30.22 -33.2808 52.2541 4
46 RANDOM
47 -11.0917 17.6101 -26.2471 44.3553 4
48 -10.0587 16.0751 -23.0799 41.1347 4
49 -8.89254 14.9217 -19.6888 38.2791 4
50 -5.97471 18.25 3.21223 15.3998 2
51 -3.30731 22.2367 7.05567 23.4371 4
52 -5.97471 18.25 3.21223 15.3998 2
53 -3.30731 22.2367 7.05567 23.4371 4
54 -5.97471 18.25 3.21223 15.3998 2
55 -3.30731 22.2367 7.05567 23.4371 4
56 -5.97471 18.25 3.21223 15.3998 2
57 -3.30731 22.2367 7.05567 23.4371 4
58 -5.97471 18.25 3.21223 15.3998 2
59 -3.30731 22.2367 7.05567 23.4371 4
60 -5.97471 18.25 3.21223 15.3998 2
61 -3.30731 22.2367 7.05567 23.4371 4
62 -5.97471 18.25 3.21223 15.3998 2
63 RANDOM
64 -3.30731 22.2367 7.05567 23.4371 4
65 -7.33443 14.9894 -15.9933 35.43 4
66 -5.97471 18.25 3.21223 15.3998 2
67 RANDOM
68 -3.30731 22.2367 7.05567 23.4371 4
69 RANDOM
70 -5.97471 18.25 3.21223 15.3998 2
71 -3.30731 22.2367 7.05567 23.4371 4
72 -5.97471 18.25 3.21223 15.3998 2
73 -3.30731 22.2367 7.05567 23.4371 4
74 -5.97471 18.25 3.21223 15.3998 2
75 -3.30731 22.2367 7.05567 23.4371 4
76 -5.97471 18.25 3.21223 15.3998 2
77 -3.30731 22.2367 7.05567 23.4371 4
78 -5.97471 18.25 3.21223 15.3998 2
79 -3.30731 22.2367 7.05567 23.4371 4
80 -5.97471 18.25 3.21223 15.3998 2
81 -3.30731 22.2367 7.05567 23.4371 4
82 -5.97471 18.25 3.21223 15.3998 2
83 -3.30731 22.2367 7.05567 23.4371 4
84 -5.97471 18.25 3.21223 15.3998 2
85 -3.30731 22.2367 7.05567 23.4371 4
86 RANDOM
87 -3.30731 22.2367 7.05567 23.4371 4
88 -9.55192 18.9326 -3.83081 19.4724 4
