0 -232.729 275.042 -512.306 287.116 4
1 -405.814 262.072 -496.959 319.537 4
2 54.8343 283.837 -906.078 322.498 4
3 11.0555 245.42 -902.659 300.347 4
4 -51.1667 200.865 -891.575 274.057 4
5 -101.825 174.333 -872.054 262.186 4
6 -74.9265 180.211 -1004.27 252.698 4
7 -154.141 130.702 -932.708 191.564 4
8 -212.074 105.091 -862.592 154.004 4
9 -260.56 80.2914 -800.045 116.903 4
10 RANDOM
11 -304.536 205.901 -776.597 292.082 4
12 -428.271 183.503 -611.733 235.944 4
13 -534.638 142.385 -441.292 150.941 4
14 -92.1655 337.156 -789.182 350.941 4
15 -160.928 334.653 -690.977 327.956 2
16 74.6251 362.454 -796.572 323.077 2
17 -183.529 239.541 -486.124 107.813 2
18 -91.0512 258.119 -655.532 178.033 2
19 3.11139 302.527 -831.101 287.316 2
20 113.642 399.442 -958.366 420.708 4
21 -143.509 262.684 -815.581 297.016 4
22 -298.691 202.626 -658.314 215.787 4
23 -414.98 170.078 -487.384 143.643 2
24 -91.0512 258.119 -655.532 178.033 2
25 3.11139 302.527 -831.101 287.316 2
26 113.642 399.442 -958.366 420.708 4
27 -143.509 262.684 -815.581 297.016 4
28 -298.691 202.626 -658.314 215.787 4
29 -414.98 170.078 -487.384 143.643 2
30 -91.0512 258.119 -655.532 178.033 2
31 3.11139 302.527 -831.101 287.316 2
32 113.642 399.442 -958.366 420.708 4
33 -143.509 262.684 -815.581 297.016 4
34 -298.691 202.626 -658.314 215.787 4
35 -414.98 170.078 -487.384 143.643 2
36 -91.0512 258.119 -655.532 178.033 2
37 3.11139 302.527 -831.101 287.316 2
38 113.642 399.442 -958.366 420.708 4
39 -143.509 262.684 -815.581 297.016 4
40 -305.425 181.251 -659.134 186.604 4
41 RANDOM
42 -95.7372 322.876 -788.049 331.462 4
43 -164.843 319.778 -691.089 308.287 2
44 71.5789 350.04 -795.584 306.115 2
45 -188.286 223.767 -486.648 87.147 2
46 -94.537 244.594 -655.76 159.983 2
47 -0.184997 288.936 -830.381 268.706 2
48 112.161 390.819 -954.381 406.299 4
49 RANDOM
50 RANDOM
51 -421.623 148.798 -489.694 115.057 2
52 -94.537 244.594 -655.76 159.983 2
53 -0.184997 288.936 -830.381 268.706 2
54 RANDOM
55 148.709 306.024 -913.384 210.924 2
56 198.226 346.121 -955.134 267.027 2
57 231.375 364.802 -981.22 310.686 2
58 231.012 371.905 -982.108 337.85 2
59 214.024 338.622 -964.04 285.533 2
60 256.411 362.285 -977.718 302.202 2
61 284.577 397.808 -977.816 347.746 2
62 290.486 421.444 -967.652 396.209 2
63 0.659974 340.484 -475.472 395.593 4
64 438.255 497.207 -1030.65 403.789 2
65 0.659974 340.484 -475.472 395.593 4
66 438.255 497.207 -1030.65 403.789 2
67 0.659974 340.484 -475.472 395.593 4
68 438.255 497.207 -1030.65 403.789 2
69 0.659974 340.484 -475.472 395.593 4
70 438.255 497.207 -1030.65 403.789 2
71 0.659974 340.484 -475.472 395.593 4
72 438.255 497.207 -1030.65 403.789 2
73 0.659974 340.484 -475.472 395.593 4
74 438.255 497.207 -1030.65 403.789 2
75 0.659974 340.484 -475.472 395.593 4
76 438.255 497.207 -1030.65 403.789 2
77 0.659974 340.484 -475.472 395.593 4
78 438.255 497.207 -1030.65 403.789 2
79 0.659974 340.484 -475.472 395.593 4
80 438.255 497.207 -1030.65 403.789 2
81 0.659974 340.484 -475.472 395.593 4
82 438.255 497.207 -1030.65 403.789 2
83 0.659974 340.484 -475.472 395.593 4
84 438.255 497.207 -1030.65 403.789 2
85 0.659974 340.484 -475.472 395.593 4
86 438.255 497.207 -1030.65 403.789 2
87 0.659974 340.484 -475.472 395.593 4
88 438.255 497.207 -1030.65 403.789 2
89 0.659974 340.484 -475.472 395.593 4
90 438.255 497.207 -1030.65 403.789 2
91 RANDOM
92 28.9925 324.295 -503.129 391.799 4
93 -226.822 269.874 -386.568 159.319 2
94 28.9925 324.295 -503.129 391.799 4
95 -226.822 269.874 -386.568 159.319 2
96 28.9925 324.295 -503.129 391.799 4
97 -226.822 269.874 -386.568 159.319 2
98 RANDOM
99 37.7581 315.534 -519.265 387.018 4
100 -168.388 278.047 -454.107 182.577 2
101 59.1768 343.781 -558.041 427.909 4
102 -168.388 278.047 -454.107 182.577 2
103 59.1768 343.781 -558.041 427.909 4
104 -168.388 278.047 -454.107 182.577 2
105 59.1768 343.781 -558.041 427.909 4
106 -168.388 278.047 -454.107 182.577 2
107 59.1768 343.781 -558.041 427.909 4
108 -168.388 278.047 -454.107 182.577 2
109 59.1768 343.781 -558.041 427.909 4
110 -168.388 278.047 -454.107 182.577 2
111 59.1768 343.781 -558.041 427.909 4
112 -168.388 278.047 -454.107 182.577 2
113 59.1768 343.781 -558.041 427.909 4
114 -168.388 278.047 -454.107 182.577 2
115 RANDOM
116 51.3589 343.717 -561.677 422.643 4
117 RANDOM
118 -168.388 278.047 -454.107 182.577 2
119 RANDOM
120 51.3589 343.717 -561.677 422.643 4
121 -139.91 277.139 -481.22 180.896 2
122 51.3589 343.717 -561.677 422.643 4
123 -139.91 277.139 -481.22 180.896 2
124 51.3589 343.717 -561.677 422.643 4
125 -139.91 277.139 -481.22 180.896 2
126 51.3589 343.717 -561.677 422.643 4
127 -139.91 277.139 -481.22 180.896 2
128 51.3589 343.717 -561.677 422.643 4
129 -139.91 277.139 -481.22 180.896 2
130 51.3589 343.717 -561.677 422.643 4
131 -139.91 277.139 -481.22 180.896 2
132 51.3589 343.717 -561.677 422.643 4
133 -139.91 277.139 -481.22 180.896 2
134 51.3589 343.717 -561.677 422.643 4
135 -139.91 277.139 -481.22 180.896 2
136 51.3589 343.717 -561.677 422.643 4
137 -139.91 277.139 -481.22 180.896 2
138 51.3589 343.717 -561.677 422.643 4
139 -139.91 277.139 -481.22 180.896 2
140 51.3589 343.717 -561.677 422.643 4
141 -139.91 277.139 -481.22 180.896 2
142 51.3589 343.717 -561.677 422.643 4
143 -139.91 277.139 -481.22 180.896 2
144 51.3589 343.717 -561.677 422.643 4
145 -139.91 277.139 -481.22 180.896 2
146 51.3589 343.717 -561.677 422.643 4
147 -139.91 277.139 -481.22 180.896 2
148 51.3589 343.717 -561.677 422.643 4
149 -139.91 277.139 -481.22 180.896 2
150 51.3589 343.717 -561.677 422.643 4
151 -139.91 277.139 -481.22 180.896 2
152 51.3589 343.717 -561.677 422.643 4
153 -139.91 277.139 -481.22 180.896 2
154 51.3589 343.717 -561.677 422.643 4
155 -139.91 277.139 -481.22 180.896 2
156 51.3589 343.717 -561.677 422.643 4
157 -139.91 277.139 -481.22 180.896 2
158 51.3589 343.717 -561.677 422.643 4
159 -139.91 277.139 -481.22 180.896 2
160 51.3589 343.717 -561.677 422.643 4
161 -139.91 277.139 -481.22 180.896 2
162 51.3589 343.717 -561.677 422.643 4
163 -139.91 277.139 -481.22 180.896 2
164 51.3589 343.717 -561.677 422.643 4
165 -139.91 277.139 -481.22 180.896 2
166 51.3589 343.717 -561.677 422.643 4
167 -139.91 277.139 -481.22 180.896 2
168 51.3589 343.717 -561.677 422.643 4
169 -139.91 277.139 -481.22 180.896 2
170 51.3589 343.717 -561.677 422.643 4
171 -139.91 277.139 -481.22 180.896 2
172 51.3589 343.717 -561.677 422.643 4
173 -139.91 277.139 -481.22 180.896 2
174 51.3589 343.717 -561.677 422.643 4
175 -139.91 277.139 -481.22 180.896 2
176 51.3589 343.717 -561.677 422.643 4
177 -139.91 277.139 -481.22 180.896 2
178 51.3589 343.717 -561.677 422.643 4
179 -139.91 277.139 -481.22 180.896 2
180 51.3589 343.717 -561.677 422.643 4
181 -139.91 277.139 -481.22 180.896 2
182 RANDOM
183 -11.9999 281.55 -523.86 285.636 4
184 -111.963 286.743 -501.254 212.669 2
185 -11.9999 281.55 -523.86 285.636 4
186 -111.963 286.743 -501.254 212.669 2
187 -11.9999 281.55 -523.86 285.636 4
188 -111.963 286.743 -501.254 212.669 2
189 -11.9999 281.55 -523.86 285.636 4
190 -111.963 286.743 -501.254 212.669 2
191 -11.9999 281.55 -523.86 285.636 4
192 -111.963 286.743 -501.254 212.669 2
193 -11.9999 281.55 -523.86 285.636 4
194 -111.963 286.743 -501.254 212.669 2
195 -11.9999 281.55 -523.86 285.636 4
196 -111.963 286.743 -501.254 212.669 2
197 -11.9999 281.55 -523.86 285.636 4
198 -111.963 286.743 -501.254 212.669 2
199 -11.9999 281.55 -523.86 285.636 4
200 -111.963 286.743 -501.254 212.669 2
201 -11.9999 281.55 -523.86 285.636 4
202 -111.963 286.743 -501.254 212.669 2
203 -11.9999 281.55 -523.86 285.636 4
204 -111.963 286.743 -501.254 212.669 2
205 -11.9999 281.55 -523.86 285.636 4
206 -111.963 286.743 -501.254 212.669 2
207 -11.9999 281.55 -523.86 285.636 4
208 -111.963 286.743 -501.254 212.669 2
209 -11.9999 281.55 -523.86 285.636 4
210 -111.963 286.743 -501.254 212.669 2
211 -11.9999 281.55 -523.86 285.636 4
212 -111.963 286.743 -501.254 212.669 2
213 RANDOM
214 4.47394 264.546 -541.566 272.067 4
215 -184.812 268.986 -395.535 182.564 2
216 4.47394 264.546 -541.566 272.067 4
217 -184.812 268.986 -395.535 182.564 2
218 4.47394 264.546 -541.566 272.067 4
219 -184.812 268.986 -395.535 182.564 2
220 4.47394 264.546 -541.566 272.067 4
221 -184.812 268.986 -395.535 182.564 2
222 4.47394 264.546 -541.566 272.067 4
223 -184.812 268.986 -395.535 182.564 2
224 4.47394 264.546 -541.566 272.067 4
225 -184.812 268.986 -395.535 182.564 2
226 4.47394 264.546 -541.566 272.067 4
227 -184.812 268.986 -395.535 182.564 2
228 4.47394 264.546 -541.566 272.067 4
229 -184.812 268.986 -395.535 182.564 2
230 4.47394 264.546 -541.566 272.067 4
231 -184.812 268.986 -395.535 182.564 2
232 RANDOM
233 -0.650573 264.491 -548.544 267.389 4
234 -156.47 263.662 -408.97 165.923 2
235 -0.650573 264.491 -548.544 267.389 4
236 -156.47 263.662 -408.97 165.923 2
237 -0.650573 264.491 -548.544 267.389 4
238 -156.47 263.662 -408.97 165.923 2
239 -0.650573 264.491 -548.544 267.389 4
240 -156.47 263.662 -408.97 165.923 2
241 -0.650573 264.491 -548.544 267.389 4
242 -156.47 263.662 -408.97 165.923 2
243 -0.650573 264.491 -548.544 267.389 4
244 -156.47 263.662 -408.97 165.923 2
245 -0.650573 264.491 -548.544 267.389 4
246 -156.47 263.662 -408.97 165.923 2
247 -0.650573 264.491 -548.544 267.389 4
248 -156.47 263.662 -408.97 165.923 2
249 -0.650573 264.491 -548.544 267.389 4
250 -156.47 263.662 -408.97 165.923 2
251 -0.650573 264.491 -548.544 267.389 4
252 -156.47 263.662 -408.97 165.923 2
253 -0.650573 264.491 -548.544 267.389 4
254 -156.47 263.662 -408.97 165.923 2
255 -0.650573 264.491 -548.544 267.389 4
256 -156.47 263.662 -408.97 165.923 2
257 -0.650573 264.491 -548.544 267.389 4
258 -156.47 263.662 -408.97 165.923 2
259 -0.650573 264.491 -548.544 267.389 4
260 -156.47 263.662 -408.97 165.923 2
261 -0.650573 264.491 -548.544 267.389 4
262 -156.47 263.662 -408.97 165.923 2
263 -0.650573 264.491 -548.544 267.389 4
264 -156.47 263.662 -408.97 165.923 2
265 -0.650573 264.491 -548.544 267.389 4
266 -156.47 263.662 -408.97 165.923 2
267 RANDOM
268 55.846 207.491 -567.642 258.447 4
269 -79.143 246.955 -469.636 191.192 2
270 55.846 207.491 -567.642 258.447 4
271 -79.143 246.955 -469.636 191.192 2
272 55.846 207.491 -567.642 258.447 4
273 -79.143 246.955 -469.636 191.192 2
274 55.846 207.491 -567.642 258.447 4
275 -79.143 246.955 -469.636 191.192 2
276 RANDOM
277 53.4422 228.195 -580.135 266.859 4
278 -97.4182 259.662 -448.683 202.703 2
