0 0.843927 32.2661 20.2133 33.7245 4
1 0.843927 32.2661 20.2133 33.7245 4
2 0.843927 32.2661 20.2133 33.7245 4
3 0.843927 32.2661 20.2133 33.7245 4
4 0.843927 32.2661 20.2133 33.7245 4
5 0.843927 32.2661 20.2133 33.7245 4
6 0.843927 32.2661 20.2133 33.7245 4
7 0.843927 32.2661 20.2133 33.7245 4
8 0.843927 32.2661 20.2133 33.7245 4
9 0.843927 32.2661 20.2133 33.7245 4
10 0.843927 32.2661 20.2133 33.7245 4
11 0.843927 32.2661 20.2133 33.7245 4
12 0.843927 32.2661 20.2133 33.7245 4
13 0.843927 32.2661 20.2133 33.7245 4
14 0.843927 32.2661 20.2133 33.7245 4
15 0.843927 32.2661 20.2133 33.7245 4
16 0.843927 32.2661 20.2133 33.7245 4
17 0.843927 32.2661 20.2133 33.7245 4
18 0.843927 32.2661 20.2133 33.7245 4
19 0.843927 32.2661 20.2133 33.7245 4
20 0.843927 32.2661 20.2133 33.7245 4
21 0.843927 32.2661 20.2133 33.7245 4
22 0.843927 32.2661 20.2133 33.7245 4
23 RANDOM
24 0.843927 32.2661 20.2133 33.7245 4
25 0.843927 32.2661 20.2133 33.7245 4
26 0.843927 32.2661 20.2133 33.7245 4
27 0.843927 32.2661 20.2133 33.7245 4
28 0.843927 32.2661 20.2133 33.7245 4
29 0.843927 32.2661 20.2133 33.7245 4
30 0.843927 32.2661 20.2133 33.7245 4
31 RANDOM
32 RANDOM
33 0.843927 32.2661 20.2133 33.7245 4
34 0.843927 32.2661 20.2133 33.7245 4
35 0.843927 32.2661 20.2133 33.7245 4
36 0.843927 32.2661 20.2133 33.7245 4
37 0.843927 32.2661 20.2133 33.7245 4
38 0.843927 32.2661 20.2133 33.7245 4
39 0.843927 32.2661 20.2133 33.7245 4
40 0.843927 32.2661 20.2133 33.7245 4
41 0.843927 32.2661 20.2133 33.7245 4
42 -7.64992 35.1469 0.024186 83.3081 4
43 RANDOM
44 -10.2566 41.8654 4.63657 90.8936 4
45 -12.334 45.9486 8.08296 95.3108 4
46 -6.13394 31.7416 -3.44039 79.2412 4
47 -5.38208 29.2935 -1.6639 73.1638 4
48 -4.72392 27.1509 -0.109392 67.8426 4
49 RANDOM
50 5.10647 44.7898 51.7024 47.8944 3
51 0.333855 37.2525 30.0808 36.383 2
