0 RANDOM
1 173.073 468.124 -631.317 377.083 2
2 190.473 479.4 -648.504 386.062 2
3 104.612 486.953 -444.492 441.444 2
4 142.964 463.068 -449.228 400.844 2
5 154.685 479.836 -429.19 401.942 2
6 245.626 456.297 -484.979 383.344 2
7 165.493 525.207 -379.644 502.279 2
8 191.044 527.395 -362.174 490.961 2
9 204.608 545.323 -345.054 504.595 2
10 279.723 603.272 -286.224 562.552 2
11 308.449 491.412 -306.259 420.06 2
12 333.351 492.123 -296.077 406.001 2
13 352.545 506.274 -285.745 409.389 2
14 468.211 590.075 -184.604 484.537 2
15 291.375 487.632 -412.498 404.256 2
16 317.484 517.076 -339.549 408.524 2
17 327.23 554.102 -284.467 430.239 2
18 436.151 632.845 -164.07 497.514 2
19 348.826 666.518 -248.077 638.402 2
20 383.914 696.92 -211.173 651.068 2
21 417.252 715.93 -156.379 651.425 2
22 586.295 778.655 23.2767 679.585 2
23 525.268 869.693 174.03 798.974 2
24 624.315 872.435 233.319 755.387 2
25 634.932 867.468 232.87 734.443 2
26 705.843 887.76 306.427 728.634 2
27 686.85 912.442 341.334 790.799 2
28 819.019 920.298 427.465 750.242 2
29 857.401 908.692 465.181 720.174 2
30 1008.92 1000.28 681.823 784.013 1
31 909.893 980.57 569.16 757.767 2
32 978.611 962.832 651.616 758.081 1
