0 106.325 871.379 -489.72 840.738 2
1 141.925 842.027 -518.89 809.019 2
2 171.172 843.751 -532.486 816.471 2
3 -65.6776 977.915 -225.021 1074.74 4
4 72.6193 767.915 -672.881 790.155 4
5 17.5798 823.542 -610.315 857.14 4
6 -41.868 880.244 -553.536 923.999 4
7 -110.306 945.501 -474.727 996.508 4
8 778.761 1055.13 -1363.75 890.644 2
9 59.6784 923.832 -462.455 894.006 2
10 106.325 871.379 -489.72 840.738 2
11 141.925 842.027 -518.89 809.019 2
12 171.172 843.751 -532.486 816.471 2
13 -65.6776 977.915 -225.021 1074.74 4
14 72.6193 767.915 -672.881 790.155 4
15 17.5798 823.542 -610.315 857.14 4
16 -41.868 880.244 -553.536 923.999 4
17 -110.306 945.501 -474.727 996.508 4
18 778.761 1055.13 -1363.75 890.644 2
19 RANDOM
20 106.325 871.379 -489.72 840.738 2
21 141.925 842.027 -518.89 809.019 2
22 171.172 843.751 -532.486 816.471 2
23 RANDOM
24 RANDOM
25 -0.410973 936.462 -212.569 991.534 4
26 -147.855 1054.17 -212.663 1183.32 4
27 -217.565 1133.89 -178.168 1302.01 4
28 72.6193 767.915 -672.881 790.155 4
29 17.5798 823.542 -610.315 857.14 4
30 -41.868 880.244 -553.536 923.999 4
31 -110.306 945.501 -474.727 996.508 4
32 778.761 1055.13 -1363.75 890.644 2
33 59.6784 923.832 -462.455 894.006 2
34 RANDOM
35 141.925 842.027 -518.89 809.019 2
36 171.172 843.751 -532.486 816.471 2
37 -65.6776 977.915 -225.021 1074.74 4
38 72.6193 767.915 -672.881 790.155 4
39 17.5798 823.542 -610.315 857.14 4
40 -66.8841 843.42 -514.883 890.997 4
41 -135.5 914.163 -440.154 968.72 4
42 RANDOM
43 697.053 808.131 -1376.66 631.588 2
44 611.033 588.199 -1339.57 396.696 1
45 433.698 659.039 -1089.67 539.562 2
