0 -5.1399 22.9092 7.32011 23.481 4
1 -5.1399 22.9092 7.32011 23.481 4
2 -5.1399 22.9092 7.32011 23.481 4
3 -5.1399 22.9092 7.32011 23.481 4
4 -5.1399 22.9092 7.32011 23.481 4
5 -5.1399 22.9092 7.32011 23.481 4
6 -5.1399 22.9092 7.32011 23.481 4
7 RANDOM
8 -5.1399 22.9092 7.32011 23.481 4
9 -5.1399 22.9092 7.32011 23.481 4
10 -5.1399 22.9092 7.32011 23.481 4
11 -5.1399 22.9092 7.32011 23.481 4
12 -5.1399 22.9092 7.32011 23.481 4
13 -5.1399 22.9092 7.32011 23.481 4
14 -5.1399 22.9092 7.32011 23.481 4
15 -5.1399 22.9092 7.32011 23.481 4
16 -5.1399 22.9092 7.32011 23.481 4
17 -5.1399 22.9092 7.32011 23.481 4
18 -5.1399 22.9092 7.32011 23.481 4
19 -5.1399 22.9092 7.32011 23.481 4
20 -5.1399 22.9092 7.32011 23.481 4
21 -5.1399 22.9092 7.32011 23.481 4
22 -5.1399 22.9092 7.32011 23.481 4
23 -5.1399 22.9092 7.32011 23.481 4
24 -5.1399 22.9092 7.32011 23.481 4
25 -5.1399 22.9092 7.32011 23.481 4
26 -5.1399 22.9092 7.32011 23.481 4
27 -5.1399 22.9092 7.32011 23.481 4
28 -5.1399 22.9092 7.32011 23.481 4
29 RANDOM
30 -5.1399 22.9092 7.32011 23.481 4
31 -5.1399 22.9092 7.32011 23.481 4
32 -5.1399 22.9092 7.32011 23.481 4
33 -5.1399 22.9092 7.32011 23.481 4
34 RANDOM
35 -5.1399 22.9092 7.32011 23.481 4
36 -5.1399 22.9092 7.32011 23.481 4
37 -5.1399 22.9092 7.32011 23.481 4
38 -5.1399 22.9092 7.32011 23.481 4
39 -5.1399 22.9092 7.32011 23.481 4
40 -5.1399 22.9092 7.32011 23.481 4
41 -5.1399 22.9092 7.32011 23.481 4
42 -16.4532 23.0768 -30.4169 49.116 4
43 -17.2901 25.7209 -30.7609 50.2306 4
44 -19.2855 28.3068 -31.9206 50.2657 4
45 -21.7912 30.9306 -33.2433 49.8529 4
46 -14.2905 20.7884 -29.2741 47.7744 4
47 -13.6512 17.7283 -26.3337 42.7264 4
48 RANDOM
49 -11.0581 15.2169 -19.6575 37.1107 4
50 -8.04958 19.6621 3.57372 15.2797 2
51 -5.1399 22.9092 7.32011 23.481 4
52 -8.04958 19.6621 3.57372 15.2797 2
53 -5.1399 22.9092 7.32011 23.481 4
54 -8.04958 19.6621 3.57372 15.2797 2
55 -5.1399 22.9092 7.32011 23.481 4
56 -8.04958 19.6621 3.57372 15.2797 2
57 -5.1399 22.9092 7.32011 23.481 4
58 -8.04958 19.6621 3.57372 15.2797 2
59 RANDOM
60 RANDOM
61 -7.14587 15.8822 -0.322654 21.514 4
62 -11.0276 15.1904 -19.5797 37.0486 4
63 -9.29407 15.3088 -15.9132 34.3039 4
64 -8.04958 19.6621 3.57372 15.2797 2
65 -5.1399 22.9092 7.32011 23.481 4
66 -8.04958 19.6621 3.57372 15.2797 2
67 -5.1399 22.9092 7.32011 23.481 4
68 -8.04958 19.6621 3.57372 15.2797 2
69 -5.1399 22.9092 7.32011 23.481 4
70 -8.04958 19.6621 3.57372 15.2797 2
71 -5.1399 22.9092 7.32011 23.481 4
72 -8.04958 19.6621 3.57372 15.2797 2
73 -5.1399 22.9092 7.32011 23.481 4
74 -8.04958 19.6621 3.57372 15.2797 2
75 -5.1399 22.9092 7.32011 23.481 4
76 -8.04958 19.6621 3.57372 15.2797 2
77 -5.1399 22.9092 7.32011 23.481 4
78 -8.04958 19.6621 3.57372 15.2797 2
79 -5.1399 22.9092 7.32011 23.481 4
80 -8.04958 19.6621 3.57372 15.2797 2
81 -5.1399 22.9092 7.32011 23.481 4
82 -8.04958 19.6621 3.57372 15.2797 2
83 -5.1399 22.9092 7.32011 23.481 4
84 -8.04958 19.6621 3.57372 15.2797 2
85 -5.1399 22.9092 7.32011 23.481 4
86 -8.04958 19.6621 3.57372 15.2797 2
87 -5.1399 22.9092 7.32011 23.481 4
88 -8.04958 19.6621 3.57372 15.2797 2
89 -5.1399 22.9092 7.32011 23.481 4
90 -8.04958 19.6621 3.57372 15.2797 2
91 -5.1399 22.9092 7.32011 23.481 4
92 -8.04958 19.6621 3.57372 15.2797 2
93 -5.1399 22.9092 7.32011 23.481 4
94 -8.04958 19.6621 3.57372 15.2797 2
95 -5.1399 22.9092 7.32011 23.481 4
96 -8.04958 19.6621 3.57372 15.2797 2
97 RANDOM
98 RANDOM
99 -7.14587 15.8822 -0.322654 21.514 4
100 -11.0276 15.1904 -19.5797 37.0486 4
101 -9.29407 15.3088 -15.9132 34.3039 4
102 -8.04958 19.6621 3.57372 15.2797 2
103 -5.1399 22.9092 7.32011 23.481 4
104 -8.04958 19.6621 3.57372 15.2797 2
105 -5.1399 22.9092 7.32011 23.481 4
106 -8.04958 19.6621 3.57372 15.2797 2
107 -5.1399 22.9092 7.32011 23.481 4
108 -8.04958 19.6621 3.57372 15.2797 2
109 -5.1399 22.9092 7.32011 23.481 4
110 -8.04958 19.6621 3.57372 15.2797 2
111 -5.1399 22.9092 7.32011 23.481 4
112 -8.04958 19.6621 3.57372 15.2797 2
113 -5.1399 22.9092 7.32011 23.481 4
114 -8.04958 19.6621 3.57372 15.2797 2
115 -5.1399 22.9092 7.32011 23.481 4
116 -8.04958 19.6621 3.57372 15.2797 2
117 -5.1399 22.9092 7.32011 23.481 4
118 -8.04958 19.6621 3.57372 15.2797 2
119 -5.1399 22.9092 7.32011 23.481 4
120 -8.04958 19.6621 3.57372 15.2797 2
121 -5.1399 22.9092 7.32011 23.481 4
122 -8.04958 19.6621 3.57372 15.2797 2
123 -5.1399 22.9092 7.32011 23.481 4
124 -8.04958 19.6621 3.57372 15.2797 2
125 -5.1399 22.9092 7.32011 23.481 4
126 -8.04958 19.6621 3.57372 15.2797 2
127 -5.1399 22.9092 7.32011 23.481 4
128 -8.04958 19.6621 3.57372 15.2797 2
129 -5.1399 22.9092 7.32011 23.481 4
130 -8.04958 19.6621 3.57372 15.2797 2
131 -5.1399 22.9092 7.32011 23.481 4
132 -8.04958 19.6621 3.57372 15.2797 2
133 -5.1399 22.9092 7.32011 23.481 4
134 -8.04958 19.6621 3.57372 15.2797 2
135 -5.1399 22.9092 7.32011 23.481 4
136 -8.04958 19.6621 3.57372 15.2797 2
137 -5.1399 22.9092 7.32011 23.481 4
138 -8.04958 19.6621 3.57372 15.2797 2
139 -5.1399 22.9092 7.32011 23.481 4
140 -8.04958 19.6621 3.57372 15.2797 2
141 -5.1399 22.9092 7.32011 23.481 4
142 -8.04958 19.6621 3.57372 15.2797 2
143 RANDOM
144 -5.1399 22.9092 7.32011 23.481 4
145 -9.29407 15.3088 -15.9132 34.3039 4
146 -8.04958 19.6621 3.57372 15.2797 2
147 -5.1399 22.9092 7.32011 23.481 4
148 -8.04958 19.6621 3.57372 15.2797 2
149 -5.1399 22.9092 7.32011 23.481 4
150 -8.04958 19.6621 3.57372 15.2797 2
151 -5.1399 22.9092 7.32011 23.481 4
152 -8.04958 19.6621 3.57372 15.2797 2
153 -5.1399 22.9092 7.32011 23.481 4
154 -8.04958 19.6621 3.57372 15.2797 2
155 -5.1399 22.9092 7.32011 23.481 4
156 -8.04958 19.6621 3.57372 15.2797 2
157 -5.1399 22.9092 7.32011 23.481 4
158 -8.04958 19.6621 3.57372 15.2797 2
159 -5.1399 22.9092 7.32011 23.481 4
160 -8.04958 19.6621 3.57372 15.2797 2
161 RANDOM
162 -5.1399 22.9092 7.32011 23.481 4
163 -9.29407 15.3088 -15.9132 34.3039 4
164 -8.04958 19.6621 3.57372 15.2797 2
165 -5.1399 22.9092 7.32011 23.481 4
166 -8.04958 19.6621 3.57372 15.2797 2
167 -5.1399 22.9092 7.32011 23.481 4
168 -8.04958 19.6621 3.57372 15.2797 2
169 -5.1399 22.9092 7.32011 23.481 4
170 -8.04958 19.6621 3.57372 15.2797 2
171 -5.1399 22.9092 7.32011 23.481 4
172 RANDOM
173 -5.1399 22.9092 7.32011 23.481 4
174 -12.1084 20.1291 -3.71066 18.8982 2
