0 1.74834 26.3128 4.273 28.1851 4
1 RANDOM
2 1.74834 26.3128 4.273 28.1851 4
3 1.74834 26.3128 4.273 28.1851 4
4 1.74834 26.3128 4.273 28.1851 4
5 1.74834 26.3128 4.273 28.1851 4
6 1.74834 26.3128 4.273 28.1851 4
7 1.74834 26.3128 4.273 28.1851 4
8 1.74834 26.3128 4.273 28.1851 4
9 1.74834 26.3128 4.273 28.1851 4
10 1.74834 26.3128 4.273 28.1851 4
11 1.74834 26.3128 4.273 28.1851 4
12 1.74834 26.3128 4.273 28.1851 4
13 1.74834 26.3128 4.273 28.1851 4
14 1.74834 26.3128 4.273 28.1851 4
15 1.74834 26.3128 4.273 28.1851 4
16 1.74834 26.3128 4.273 28.1851 4
17 1.74834 26.3128 4.273 28.1851 4
18 1.74834 26.3128 4.273 28.1851 4
19 1.74834 26.3128 4.273 28.1851 4
20 1.74834 26.3128 4.273 28.1851 4
21 1.74834 26.3128 4.273 28.1851 4
22 1.74834 26.3128 4.273 28.1851 4
23 1.74834 26.3128 4.273 28.1851 4
24 1.74834 26.3128 4.273 28.1851 4
25 1.74834 26.3128 4.273 28.1851 4
26 1.74834 26.3128 4.273 28.1851 4
27 1.74834 26.3128 4.273 28.1851 4
28 1.74834 26.3128 4.273 28.1851 4
29 1.74834 26.3128 4.273 28.1851 4
30 1.74834 26.3128 4.273 28.1851 4
31 1.74834 26.3128 4.273 28.1851 4
32 1.74834 26.3128 4.273 28.1851 4
33 1.74834 26.3128 4.273 28.1851 4
34 1.74834 26.3128 4.273 28.1851 4
35 1.74834 26.3128 4.273 28.1851 4
36 1.74834 26.3128 4.273 28.1851 4
37 1.74834 26.3128 4.273 28.1851 4
38 1.74834 26.3128 4.273 28.1851 4
39 1.74834 26.3128 4.273 28.1851 4
40 RANDOM
41 1.74834 26.3128 4.273 28.1851 4
42 9.6712 25.3269 -45.156 43.6416 4
43 11.3785 28.0626 -46.9977 43.9487 4
44 13.151 30.9146 -50.0384 43.1651 4
45 15.1576 34.2379 -53.1407 43.714 4
46 7.65754 21.3719 -41.791 41.8189 4
47 6.77979 19.0858 -37.3682 38.2379 4
48 6.553 18.0244 -33.1126 36.2387 4
49 RANDOM
50 16.0257 24.5794 -16.5928 17.9357 2
51 1.74834 26.3128 4.273 28.1851 4
52 16.0257 24.5794 -16.5928 17.9357 2
53 1.74834 26.3128 4.273 28.1851 4
54 16.0257 24.5794 -16.5928 17.9357 2
55 RANDOM
56 1.74834 26.3128 4.273 28.1851 4
57 7.42917 16.5745 -24.7271 29.9225 4
58 16.0257 24.5794 -16.5928 17.9357 2
59 1.74834 26.3128 4.273 28.1851 4
60 16.0257 24.5794 -16.5928 17.9357 2
61 1.74834 26.3128 4.273 28.1851 4
62 16.0257 24.5794 -16.5928 17.9357 2
63 1.74834 26.3128 4.273 28.1851 4
64 16.0257 24.5794 -16.5928 17.9357 2
65 1.74834 26.3128 4.273 28.1851 4
66 16.0257 24.5794 -16.5928 17.9357 2
67 1.74834 26.3128 4.273 28.1851 4
68 16.0257 24.5794 -16.5928 17.9357 2
69 1.74834 26.3128 4.273 28.1851 4
70 RANDOM
71 1.74834 26.3128 4.273 28.1851 4
72 16.1803 27.5571 -24.1196 22.9531 2
