0 -0.99685 34.2609 7.46973 35.6544 4
1 -0.99685 34.2609 7.46973 35.6544 4
2 -0.99685 34.2609 7.46973 35.6544 4
3 -0.99685 34.2609 7.46973 35.6544 4
4 RANDOM
5 -0.99685 34.2609 7.46973 35.6544 4
6 -0.99685 34.2609 7.46973 35.6544 4
7 -0.99685 34.2609 7.46973 35.6544 4
8 -0.99685 34.2609 7.46973 35.6544 4
9 RANDOM
10 -0.99685 34.2609 7.46973 35.6544 4
11 -0.99685 34.2609 7.46973 35.6544 4
12 -0.99685 34.2609 7.46973 35.6544 4
13 -0.99685 34.2609 7.46973 35.6544 4
14 -0.99685 34.2609 7.46973 35.6544 4
15 -0.99685 34.2609 7.46973 35.6544 4
16 -0.99685 34.2609 7.46973 35.6544 4
17 -0.99685 34.2609 7.46973 35.6544 4
18 -0.99685 34.2609 7.46973 35.6544 4
19 -0.99685 34.2609 7.46973 35.6544 4
20 -0.99685 34.2609 7.46973 35.6544 4
21 -0.99685 34.2609 7.46973 35.6544 4
22 -0.99685 34.2609 7.46973 35.6544 4
23 RANDOM
24 -0.99685 34.2609 7.46973 35.6544 4
25 -0.99685 34.2609 7.46973 35.6544 4
26 -0.99685 34.2609 7.46973 35.6544 4
27 -0.99685 34.2609 7.46973 35.6544 4
28 -0.99685 34.2609 7.46973 35.6544 4
29 -0.99685 34.2609 7.46973 35.6544 4
30 -0.99685 34.2609 7.46973 35.6544 4
31 -0.99685 34.2609 7.46973 35.6544 4
32 -0.99685 34.2609 7.46973 35.6544 4
33 -0.99685 34.2609 7.46973 35.6544 4
34 -0.99685 34.2609 7.46973 35.6544 4
35 -0.99685 34.2609 7.46973 35.6544 4
36 -0.99685 34.2609 7.46973 35.6544 4
37 -0.99685 34.2609 7.46973 35.6544 4
38 -0.99685 34.2609 7.46973 35.6544 4
39 -0.99685 34.2609 7.46973 35.6544 4
40 -0.99685 34.2609 7.46973 35.6544 4
41 -0.99685 34.2609 7.46973 35.6544 4
42 22.7688 32.7587 -68.4592 51.345 4
43 25.6736 35.0949 -73.4806 51.2276 4
44 28.662 37.0993 -80.6639 50.1958 4
45 32.7447 40.174 -88.5733 48.8571 4
46 17.0807 26.6977 -58.5444 48.2271 4
47 15.3817 24.531 -52.8808 45.0255 4
48 14.3777 23.2104 -48.1024 42.8662 4
49 13.2547 22.0254 -43.2536 40.8074 4
50 31.0386 33.7096 -55.2324 28.7641 2
51 -0.99685 34.2609 7.46973 35.6544 4
52 31.0386 33.7096 -55.2324 28.7641 2
53 -0.99685 34.2609 7.46973 35.6544 4
54 31.0386 33.7096 -55.2324 28.7641 2
55 -0.99685 34.2609 7.46973 35.6544 4
56 31.0386 33.7096 -55.2324 28.7641 2
57 -0.99685 34.2609 7.46973 35.6544 4
58 31.0386 33.7096 -55.2324 28.7641 2
59 -0.99685 34.2609 7.46973 35.6544 4
60 31.0386 33.7096 -55.2324 28.7641 2
61 -0.99685 34.2609 7.46973 35.6544 4
62 31.0386 33.7096 -55.2324 28.7641 2
63 -0.99685 34.2609 7.46973 35.6544 4
64 RANDOM
65 -0.99685 34.2609 7.46973 35.6544 4
66 32.8654 37.6342 -64.648 34.5568 2
