0 -40.5673 388.803 -692.55 319.458 2
1 -9.0536 383.01 -722.614 313.019 2
2 11.5048 395.106 -737.58 322.287 2
3 -100.195 385.972 -554.168 361.396 2
4 -60.9235 366.742 -556.748 325.026 2
5 -48.111 381.216 -538.315 323.861 2
6 45.5861 363.948 -590.146 309.419 2
7 -50.4782 415.021 -499.485 409.876 2
8 -26.1012 416.273 -484.014 397.888 2
9 -12.9811 433.736 -468.414 411.152 2
10 55.1156 486.501 -417.613 462.265 2
11 88.1283 380.487 -428.428 325.788 2
12 113.675 382.14 -419.502 313.135 2
13 133.617 396.154 -410.413 316.545 2
14 239.873 476.99 -319.24 387.765 2
15 80.8934 381.495 -532.139 316.279 2
16 104.888 408.462 -462.168 318.723 2
17 112.994 442.789 -410.895 338.416 2
18 211.732 515.675 -300.589 398.188 2
19 132.086 550.625 -376.957 537.124 2
20 RANDOM
21 193.292 596.12 -294.261 547.365 2
22 345.27 648.953 -130.926 562.734 2
23 293.514 727.784 15.1003 668.666 2
24 387.329 727.939 69.7331 622.302 2
25 396.656 723.161 69.0329 602.104 2
26 460.694 739.849 137.504 591.354 2
27 444.862 760.355 171.58 646.103 2
28 570.24 767.27 253.203 604.691 2
29 RANDOM
30 737.199 836.16 488.719 625.718 2
31 389.919 728.619 256.782 688.425 2
32 555.799 740.015 399.384 640.591 2
33 623.676 777.437 509.623 654.698 2
34 821.762 878.256 757.534 713.61 2
35 321.3 758.516 258.081 758.687 4
36 722.786 813.444 753.823 767.699 2
37 321.3 758.516 258.081 758.687 4
38 722.786 813.444 753.823 767.699 2
39 321.3 758.516 258.081 758.687 4
40 755.508 821.644 784.103 776.284 2
41 345.404 762.078 282.945 762.073 2
42 458.168 808.475 426.084 774.264 2
43 568.181 843.31 562.175 782.56 2
44 805.813 913.023 837.402 817.508 2
45 590.495 793.95 567.863 737.834 2
46 692.665 801.649 639.954 709.316 2
47 795.84 808.592 709.455 681.249 2
48 972.198 821.248 840.224 642.326 1
49 988.008 825.565 720.646 581.282 1
