0 306.195 317.435 306.802 333.658 4
1 266.585 279.684 233.881 322.925 4
2 291.001 298.771 255.78 339.066 4
3 291.024 298.925 255.043 340.303 4
4 290.158 298.466 253.205 341.451 4
5 289.076 298.124 250.865 343.543 4
6 299.221 306.036 265.813 344.2 4
7 299.908 306.628 264.628 346.611 4
8 300.916 307.792 263.682 350.218 4
9 301.321 308.636 262.066 354.051 4
10 331.739 332.721 288.108 375.331 4
11 331.784 332.887 286.989 377.023 4
12 331.695 333.301 286.027 379.396 4
13 RANDOM
14 374.542 367.427 323.78 407.744 4
15 374.561 367.303 322.086 409.205 4
16 373.277 366.449 319.632 410.352 4
17 370.192 364.375 315.495 411.101 4
18 422.158 410.547 379.281 437.772 4
19 421.137 408.813 374.607 438.507 4
20 419.105 406.078 368.02 438.979 4
21 416.632 402.915 360.836 439.674 4
22 420.276 408.138 373.134 438.068 4
23 421.198 408.298 370.799 440.096 4
24 421.861 407.954 367.003 442.655 4
25 422.991 408.141 363.876 446.171 4
26 RANDOM
27 510.216 485.202 440.925 505.945 1
28 486.207 487.174 495.759 484.685 3
