0 34.857 36.5555 33.2801 33.9276 2
1 35.0345 36.7406 33.4979 34.3786 2
2 35.4477 37.1676 33.929 34.9969 2
3 35.4186 37.1078 33.7846 34.4643 2
4 35.2636 36.9705 33.7385 34.6671 2
5 35.9864 37.7127 34.4556 35.6023 2
6 37.0806 38.8197 35.5029 36.8188 2
7 35.3574 37.0419 33.7307 34.3721 2
8 35.7319 37.4458 34.2038 35.2516 2
9 RANDOM
10 38.5436 40.2985 36.9005 38.3663 2
11 35.1064 36.7891 33.509 34.1174 2
12 35.2825 36.9814 33.7488 34.621 2
13 36.0255 37.7474 34.4868 35.618 2
14 37.2231 38.9605 35.6353 36.9592 2
15 35.4899 37.1648 33.863 34.8175 2
16 36.2869 37.9995 34.7276 35.9506 2
17 37.5996 39.3295 35.9871 37.3813 2
18 39.1945 40.9448 37.5158 39.0359 2
19 35.7842 37.4731 34.2197 35.3425 2
20 37.7546 39.4797 36.1303 37.5449 2
21 39.529 41.2749 37.83 39.3829 2
22 40.7558 42.5379 39.0095 40.6661 2
23 36.9758 38.5501 35.1876 35.9042 2
24 37.0049 38.6724 35.3639 36.4622 2
25 38.1019 39.8006 36.4411 37.694 2
26 39.4666 41.1938 37.7615 39.1688 2
27 39.2208 40.7514 37.1481 37.6085 2
28 37.4545 39.1209 35.7783 36.8248 2
29 39.1278 40.8441 37.4302 38.8266 2
30 40.704 42.4676 38.9485 40.5598 2
31 40.2495 41.816 38.3211 38.901 2
32 40.4089 42.0918 38.6216 39.7086 2
33 40.7057 42.4284 38.9332 40.2246 2
34 40.845 42.5986 39.0819 40.5295 2
35 43.0247 44.546 40.8597 41.045 2
36 RANDOM
37 RANDOM
38 40.6811 42.4012 38.9081 40.2285 2
39 50.5643 52.4466 48.457 47.4575 2
40 44.1274 45.7295 41.9756 42.3766 2
41 41.7547 43.4203 39.851 40.6963 2
42 40.6233 42.3568 38.8618 40.1189 2
43 59.2231 61.7337 58.1091 54.6225 2
44 48.8287 50.5863 46.6266 46.0341 2
45 43.3236 44.9204 41.2317 41.7296 2
46 41.198 42.8727 39.3481 40.3131 2
47 60.7486 63.4367 60.1597 55.5518 2
48 50.162 51.9379 48.0055 46.7254 2
49 44.2341 45.7363 41.9911 42.0375 2
50 41.372 42.9447 39.4151 39.9944 2
51 41.372 42.9447 39.4151 39.9944 2
