0 -11.9683 44.7581 -6.86656 47.2826 4
1 -24.7677 41.3872 -16.044 48.6232 4
2 -16.912 47.1092 -10.6125 54.0298 4
3 -17.5174 45.0747 -11.1039 52.1936 4
4 -18.3402 43.1957 -11.7325 50.5357 4
5 -19.3012 42.2791 -12.4133 49.9046 4
6 -16.8364 43.3343 -10.6839 50.1604 4
7 -17.5149 41.7309 -11.196 48.7387 4
8 -18.4506 40.1021 -11.8744 47.3446 4
9 -19.4692 39.0525 -12.5863 46.5862 4
10 -12.805 37.0758 -8.64019 43.5285 4
11 -13.2649 36.0444 -8.97738 42.6148 4
12 -13.813 35.064 -9.38282 41.7974 4
13 -14.4722 34.3441 -9.86077 41.3065 4
14 -13.4122 30.9766 -9.64662 38.6683 4
15 -14.1395 30.057 -10.1211 37.7528 4
16 RANDOM
17 -15.6941 29.931 -11.1012 37.8656 4
18 -12.9116 25.0554 -9.49298 31.8686 4
19 -13.6604 24.7917 -9.9569 31.6658 4
20 -14.4552 24.8781 -10.4404 31.8678 4
21 -15.3224 25.6713 -10.965 32.8983 4
22 -15.9736 18.2305 -11.1363 25.0192 4
23 -16.7681 17.5198 -11.4389 24.3429 4
24 -17.6867 17.3022 -11.8593 24.227 4
25 -18.604 17.6628 -12.322 24.8222 4
26 -17.4122 18.0537 -10.8122 21.6699 4
27 -18.0016 17.4659 -10.7154 21.0875 4
28 -18.8061 17.0008 -10.7319 20.6265 4
29 RANDOM
30 -19.3387 14.5014 -11.1487 17.9778 4
31 -20.0473 13.7391 -11.0751 17.2869 4
32 -20.9324 13.0711 -10.8983 16.749 4
33 -21.9047 12.4859 -10.8061 16.3016 4
34 RANDOM
35 -16.1898 8.95143 -6.57214 12.7038 4
36 -16.5595 8.62036 -6.13556 12.5896 4
37 -17.0481 8.37772 -5.75747 12.556 4
38 -15.2265 6.93121 -2.99228 11.1815 4
39 -15.4274 6.79491 -2.27206 11.0833 4
40 -15.7473 6.82967 -1.63249 11.2123 4
41 -16.3772 7.10061 -1.51825 11.6613 4
42 -12.6523 4.15006 -1.87939 6.70905 4
43 -12.9407 4.07107 -1.64817 6.62269 4
44 -13.38 4.13178 -1.5977 6.7538 4
45 -13.9847 4.36826 -1.81565 7.13654 4
46 -14.8181 2.62337 3.94249 4.2283 4
47 -14.9105 2.71026 4.73195 4.40403 3
48 -10.4216 2.18482 4.01327 3.20661 3
