0 -6.87698 50.3262 -0.411395 56.64 4
1 -18.2518 56.4141 -8.55147 65.8921 4
2 -10.8918 52.6283 -4.05549 62.0542 4
3 -11.2458 52.515 -4.30622 62.016 4
4 -11.7623 53.4901 -4.54942 63.1701 4
5 -12.2068 55.7063 -4.62604 65.6984 4
6 -9.98758 46.5423 -4.04543 55.3492 4
7 -10.3838 47.1827 -4.25064 56.158 4
8 -11.0273 48.2209 -4.58929 57.4274 4
9 -11.767 49.5873 -4.96182 59.0765 4
10 -7.6129 39.0769 -3.28671 47.0928 4
11 -7.75042 39.7988 -3.31436 47.9788 4
12 -8.05743 39.8292 -3.54796 48.1181 4
13 -8.42856 41.2462 -3.68531 49.7839 4
14 -6.88041 32.6765 -4.46749 40.475 4
15 -7.2438 32.9518 -4.7235 40.8414 4
16 -7.64223 33.4613 -4.99703 41.4967 4
17 -8.03813 34.2216 -5.25736 42.4588 4
18 -6.66352 28.9279 -4.44664 35.725 4
19 -7.02535 29.4244 -4.71947 36.378 4
20 -7.46665 30.228 -5.06249 37.4033 4
21 -7.95907 31.8596 -5.30057 39.4174 4
22 -9.0162 24.0541 -5.72067 29.6494 4
23 -9.39855 24.3854 -5.95515 30.0992 4
24 -9.83682 24.9713 -6.22894 30.8723 4
25 -10.3745 25.9411 -6.56364 32.1754 4
26 -12.3952 20.5608 -6.37027 23.4942 4
27 -12.8857 20.3778 -6.56148 23.2306 4
28 -13.5193 20.7736 -6.89224 23.6765 4
29 -14.1551 21.7225 -7.25685 24.765 4
30 -15.6352 15.7354 -7.52632 17.5798 4
31 -16.2448 15.6476 -7.73109 17.4643 4
32 -16.9585 15.726 -8.00882 17.5108 4
33 -17.7012 16.1427 -8.34238 17.9662 4
34 -10.3033 10.4367 -3.59719 10.7305 4
35 -10.5761 11.2668 -3.81381 11.8823 4
36 -11.1046 12.0003 -4.11217 12.8561 4
37 -11.7876 12.8982 -4.50149 14.0374 4
38 -7.7918 8.72056 -0.36407 7.75141 2
39 -1.22742 8.84219 1.09601 7.9327 2
40 -0.675043 8.21803 1.2843 7.2444 2
41 0.0137807 7.92059 1.77801 6.86765 2
42 0.425278 7.74852 2.06594 6.65785 2
43 -2.58913 9.1139 -0.36111 8.7208 2
44 -1.43894 9.3539 0.365637 9.02567 2
45 -0.496052 9.50436 1.03085 9.20795 2
46 -0.0205462 9.61975 1.3721 9.36658 2
47 0.606944 10.4757 1.71825 10.6858 4
48 -11.9924 8.28513 -4.63123 7.87363 2
49 0.606944 10.4757 1.71825 10.6858 4
50 -11.9924 8.28513 -4.63123 7.87363 2
51 0.606944 10.4757 1.71825 10.6858 4
52 -11.9924 8.28513 -4.63123 7.87363 2
53 0.606944 10.4757 1.71825 10.6858 4
54 -11.9924 8.28513 -4.63123 7.87363 2
55 RANDOM
56 1.06496 10.3231 2.07503 10.4498 4
57 -9.5765 9.0088 -3.53237 9.06438 4
58 -11.9924 8.28513 -4.63123 7.87363 2
59 0.606944 10.4757 1.71825 10.6858 4
60 -11.9924 8.28513 -4.63123 7.87363 2
61 0.606944 10.4757 1.71825 10.6858 4
62 RANDOM
63 -12.7114 8.03019 -4.87498 7.46146 2
64 -0.0205462 9.61975 1.3721 9.36658 2
65 0.606944 10.4757 1.71825 10.6858 4
66 -11.9924 8.28513 -4.63123 7.87363 2
67 0.606944 10.4757 1.71825 10.6858 4
68 -11.9924 8.28513 -4.63123 7.87363 2
69 0.606944 10.4757 1.71825 10.6858 4
70 -11.9924 8.28513 -4.63123 7.87363 2
71 0.606944 10.4757 1.71825 10.6858 4
72 -11.9924 8.28513 -4.63123 7.87363 2
73 0.606944 10.4757 1.71825 10.6858 4
74 -11.9924 8.28513 -4.63123 7.87363 2
75 0.606944 10.4757 1.71825 10.6858 4
76 -11.9924 8.28513 -4.63123 7.87363 2
77 0.606944 10.4757 1.71825 10.6858 4
78 -11.9924 8.28513 -4.63123 7.87363 2
79 0.606944 10.4757 1.71825 10.6858 4
80 -11.9924 8.28513 -4.63123 7.87363 2
81 0.606944 10.4757 1.71825 10.6858 4
82 -11.9924 8.28513 -4.63123 7.87363 2
83 0.606944 10.4757 1.71825 10.6858 4
84 -11.9924 8.28513 -4.63123 7.87363 2
85 0.606944 10.4757 1.71825 10.6858 4
86 -11.9924 8.28513 -4.63123 7.87363 2
87 0.606944 10.4757 1.71825 10.6858 4
88 -11.9924 8.28513 -4.63123 7.87363 2
89 RANDOM
90 1.06496 10.3231 2.07503 10.4498 4
91 -9.5765 9.0088 -3.53237 9.06438 4
92 -11.9924 8.28513 -4.63123 7.87363 2
93 0.606944 10.4757 1.71825 10.6858 4
94 -11.9924 8.28513 -4.63123 7.87363 2
95 0.606944 10.4757 1.71825 10.6858 4
96 -11.9924 8.28513 -4.63123 7.87363 2
97 0.606944 10.4757 1.71825 10.6858 4
98 -11.9924 8.28513 -4.63123 7.87363 2
99 0.606944 10.4757 1.71825 10.6858 4
100 -11.9222 8.36778 -4.55195 7.953 2
101 0.697371 10.5814 1.82761 10.7843 4
102 -11.9222 8.36778 -4.55195 7.953 2
103 0.697371 10.5814 1.82761 10.7843 4
104 -11.9222 8.36778 -4.55195 7.953 2
105 0.697371 10.5814 1.82761 10.7843 4
106 -11.9222 8.36778 -4.55195 7.953 2
107 0.697371 10.5814 1.82761 10.7843 4
108 -11.9222 8.36778 -4.55195 7.953 2
109 0.697371 10.5814 1.82761 10.7843 4
110 -11.9222 8.36778 -4.55195 7.953 2
111 0.697371 10.5814 1.82761 10.7843 4
112 -11.9222 8.36778 -4.55195 7.953 2
113 0.697371 10.5814 1.82761 10.7843 4
114 -11.9222 8.36778 -4.55195 7.953 2
115 0.697371 10.5814 1.82761 10.7843 4
116 -11.9222 8.36778 -4.55195 7.953 2
117 0.697371 10.5814 1.82761 10.7843 4
118 -11.9222 8.36778 -4.55195 7.953 2
119 0.697371 10.5814 1.82761 10.7843 4
120 -11.9222 8.36778 -4.55195 7.953 2
121 0.697371 10.5814 1.82761 10.7843 4
122 -11.9222 8.36778 -4.55195 7.953 2
123 0.697371 10.5814 1.82761 10.7843 4
124 -11.9222 8.36778 -4.55195 7.953 2
125 0.697371 10.5814 1.82761 10.7843 4
126 -11.9222 8.36778 -4.55195 7.953 2
127 0.697371 10.5814 1.82761 10.7843 4
128 -11.9222 8.36778 -4.55195 7.953 2
129 0.697371 10.5814 1.82761 10.7843 4
130 -11.9222 8.36778 -4.55195 7.953 2
131 0.697371 10.5814 1.82761 10.7843 4
132 RANDOM
133 -12.644 8.1094 -4.80081 7.53927 2
134 0.0642805 9.72869 1.47866 9.47062 2
135 0.697371 10.5814 1.82761 10.7843 4
136 -11.9222 8.36778 -4.55195 7.953 2
137 0.697371 10.5814 1.82761 10.7843 4
138 -11.9222 8.36778 -4.55195 7.953 2
139 0.697371 10.5814 1.82761 10.7843 4
140 -11.9222 8.36778 -4.55195 7.953 2
141 0.697371 10.5814 1.82761 10.7843 4
142 -11.9222 8.36778 -4.55195 7.953 2
143 0.697371 10.5814 1.82761 10.7843 4
144 -11.9222 8.36778 -4.55195 7.953 2
145 0.697371 10.5814 1.82761 10.7843 4
146 -11.9222 8.36778 -4.55195 7.953 2
147 0.697371 10.5814 1.82761 10.7843 4
148 -11.9222 8.36778 -4.55195 7.953 2
149 0.697371 10.5814 1.82761 10.7843 4
150 -11.9222 8.36778 -4.55195 7.953 2
151 0.697371 10.5814 1.82761 10.7843 4
152 -11.9222 8.36778 -4.55195 7.953 2
153 0.697371 10.5814 1.82761 10.7843 4
154 -11.9222 8.36778 -4.55195 7.953 2
155 0.697371 10.5814 1.82761 10.7843 4
156 -11.9222 8.36778 -4.55195 7.953 2
157 0.697371 10.5814 1.82761 10.7843 4
158 -11.9222 8.36778 -4.55195 7.953 2
159 0.697371 10.5814 1.82761 10.7843 4
160 -11.9222 8.36778 -4.55195 7.953 2
161 0.697371 10.5814 1.82761 10.7843 4
162 -11.9222 8.36778 -4.55195 7.953 2
163 0.697371 10.5814 1.82761 10.7843 4
164 -11.9222 8.36778 -4.55195 7.953 2
165 0.697371 10.5814 1.82761 10.7843 4
166 RANDOM
167 4.63129 7.65673 5.48179 6.26687 2
168 0.883125 8.27805 2.26841 7.49189 2
