0 -202.818 155.417 -214.224 103.02 2
1 -204.068 157.625 -224.924 114.799 2
2 -211.843 168.638 -216.936 130.721 2
3 -256.314 169.757 -181.981 147.328 2
4 RANDOM
5 -261.144 171.574 -167.437 138.254 2
6 -225.358 166.025 -211.142 142.926 2
7 -221.382 176.389 -182.999 155.952 2
8 -227.563 172.721 -172.6 143.189 2
9 -239.968 166.591 -169.303 132.782 2
10 -243.909 170.714 -174.808 135.615 2
11 -212.112 181.081 -149.827 128.364 2
12 -214.471 180.666 -154.883 122.548 2
13 -217.508 173.175 -162.078 107.994 2
14 -207.771 178.636 -168.814 106.977 2
15 -181.755 189.057 -229.614 143.013 2
16 RANDOM
17 RANDOM
18 -202.952 179.389 -205.823 107.019 2
19 -180.262 175.041 -207.256 128.8 2
20 -183.548 179.042 -216.268 127.104 2
21 -190.779 173.028 -217.62 112.483 2
22 -179.468 167.309 -198.981 88.2113 2
23 -160.885 180.302 -118.416 78.7708 2
24 -113.683 169.288 -101.599 34.4718 2
25 -111.289 162.979 -104.628 23.461 2
26 -117.307 169.403 -86.0208 25.0759 2
27 -175.161 177.275 -97.5334 49.4319 2
28 -127.894 144.104 -79.7462 -18.6026 2
29 -78.8635 154.576 -53.6301 -27.9906 2
30 -57.1955 186.981 -16.4408 -1.56912 2
31 -201.954 157.627 -82.6455 42.8719 2
32 -156.069 153.443 -46.5874 7.6998 2
33 -148.368 168.315 -17.9388 16.8117 2
34 -147.264 197.063 29.5543 43.2831 2
35 -206.567 160.697 -94.9376 60.062 2
36 RANDOM
37 -219.843 140.838 -55.8723 24.5566 2
38 -228.728 168.55 3.95813 48.1218 2
39 -118.907 139.767 8.99743 5.78195 2
40 -122.874 135.043 8.68066 -1.50589 2
41 -120.242 132.47 10.2404 -7.30423 2
42 -98.9313 128.317 43.5511 -20.7034 2
43 -83.6137 126.624 62.6279 -24.9086 2
44 RANDOM
45 -82.1627 131.859 50.2832 -22.0406 2
46 -37.6705 123.055 101.644 -45.7878 2
47 -10.6776 94.291 -30.7797 -97.3351 2
48 -31.2096 96.3367 -44.5154 -89.2295 2
49 -64.7523 106.091 -64.9907 -65.8745 2
50 -92.8628 113.981 -72.1292 -45.6829 2
51 -92.8628 113.981 -72.1292 -45.6829 2
