0 44.0445 49.4943 39.1304 59.35 4
1 42.5227 52.8167 33.8388 75.7381 4
2 49.7836 57.5064 41.7791 77.9083 4
3 50.2273 58.0261 42.0857 78.8489 4
4 RANDOM
5 50.7854 59.0159 42.2206 81.2564 4
6 51.1976 57.3902 43.9399 74.0623 4
7 51.414 57.7395 44.0081 74.9226 4
8 51.6611 58.1785 44.0494 76.0615 4
9 51.8328 58.6552 43.9574 77.4997 4
10 50.8703 56.2345 44.2144 70.222 4
11 50.8806 56.4834 44.101 71.2445 4
12 50.9106 56.7714 43.992 72.335 4
13 50.8005 57.0564 43.6914 73.6507 4
14 55.2848 59.6287 46.9593 74.3604 4
15 55.3435 59.7826 46.8837 74.9347 4
16 55.5169 60.0811 46.8813 75.7706 4
17 55.8214 60.5271 46.9886 76.8228 4
18 53.1067 57.0839 44.9252 70.8255 4
19 53.1599 57.2467 44.8165 71.4412 4
20 RANDOM
21 53.7398 58.142 44.8947 73.6949 4
22 52.5099 56.627 44.0833 70.8561 4
23 RANDOM
24 RANDOM
25 53.7287 58.2315 44.5472 74.3078 4
26 40.9021 46.5358 34.4895 49.4337 4
27 40.5914 46.3999 34.2203 48.9671 4
28 40.4231 46.5112 34.039 48.9826 4
29 40.354 46.7936 33.9215 49.2973 4
30 36.2133 42.5513 30.2292 41.0739 2
31 47.2668 48.8958 42.5194 49.5252 4
32 36.2133 42.5513 30.2292 41.0739 2
33 47.2668 48.8958 42.5194 49.5252 4
34 36.2133 42.5513 30.2292 41.0739 2
35 47.2668 48.8958 42.5194 49.5252 4
36 36.2133 42.5513 30.2292 41.0739 2
37 47.2668 48.8958 42.5194 49.5252 4
38 36.2133 42.5513 30.2292 41.0739 2
39 47.2668 48.8958 42.5194 49.5252 4
40 36.3772 42.7086 30.4234 41.211 2
41 47.5767 49.1894 42.8581 49.7703 4
42 36.3772 42.7086 30.4234 41.211 2
43 47.5767 49.1894 42.8581 49.7703 4
44 36.3772 42.7086 30.4234 41.211 2
45 47.5767 49.1894 42.8581 49.7703 4
46 36.3772 42.7086 30.4234 41.211 2
47 47.5767 49.1894 42.8581 49.7703 4
48 36.3772 42.7086 30.4234 41.211 2
49 47.5767 49.1894 42.8581 49.7703 4
50 36.3772 42.7086 30.4234 41.211 2
51 47.5767 49.1894 42.8581 49.7703 4
52 36.3772 42.7086 30.4234 41.211 2
53 47.5767 49.1894 42.8581 49.7703 4
54 36.3772 42.7086 30.4234 41.211 2
55 47.5767 49.1894 42.8581 49.7703 4
56 36.3772 42.7086 30.4234 41.211 2
57 47.5767 49.1894 42.8581 49.7703 4
58 36.3772 42.7086 30.4234 41.211 2
59 RANDOM
60 48.1524 49.5048 43.4907 49.8665 4
61 40.7698 46.7086 34.7293 48.7926 4
62 36.3772 42.7086 30.4234 41.211 2
63 47.5767 49.1894 42.8581 49.7703 4
64 36.3772 42.7086 30.4234 41.211 2
65 47.5767 49.1894 42.8581 49.7703 4
66 36.3772 42.7086 30.4234 41.211 2
67 47.5767 49.1894 42.8581 49.7703 4
68 36.3772 42.7086 30.4234 41.211 2
69 47.5767 49.1894 42.8581 49.7703 4
70 36.3772 42.7086 30.4234 41.211 2
71 47.5767 49.1894 42.8581 49.7703 4
72 36.3772 42.7086 30.4234 41.211 2
73 47.5767 49.1894 42.8581 49.7703 4
74 36.3772 42.7086 30.4234 41.211 2
75 47.5767 49.1894 42.8581 49.7703 4
76 36.3772 42.7086 30.4234 41.211 2
77 47.5767 49.1894 42.8581 49.7703 4
78 36.3772 42.7086 30.4234 41.211 2
79 47.5767 49.1894 42.8581 49.7703 4
80 36.3772 42.7086 30.4234 41.211 2
81 47.5767 49.1894 42.8581 49.7703 4
82 36.3772 42.7086 30.4234 41.211 2
83 47.5767 49.1894 42.8581 49.7703 4
84 36.3772 42.7086 30.4234 41.211 2
85 47.5767 49.1894 42.8581 49.7703 4
86 36.3772 42.7086 30.4234 41.211 2
87 RANDOM
88 48.1524 49.5048 43.4907 49.8665 4
89 40.7698 46.7086 34.7293 48.7926 4
90 36.3772 42.7086 30.4234 41.211 2
91 47.5767 49.1894 42.8581 49.7703 4
92 36.3772 42.7086 30.4234 41.211 2
93 47.5767 49.1894 42.8581 49.7703 4
94 36.3772 42.7086 30.4234 41.211 2
95 47.5767 49.1894 42.8581 49.7703 4
96 36.3772 42.7086 30.4234 41.211 2
97 47.5767 49.1894 42.8581 49.7703 4
98 36.3772 42.7086 30.4234 41.211 2
99 47.5767 49.1894 42.8581 49.7703 4
100 RANDOM
101 55.341 56.0772 52.2098 54.7189 2
102 49.0213 49.667 44.6082 48.291 2
