0 -0.292103 19.9963 -0.716562 21.3156 4
1 -0.292103 19.9963 -0.716562 21.3156 4
2 -0.292103 19.9963 -0.716562 21.3156 4
3 -0.292103 19.9963 -0.716562 21.3156 4
4 RANDOM
5 -0.292103 19.9963 -0.716562 21.3156 4
6 -0.292103 19.9963 -0.716562 21.3156 4
7 -0.292103 19.9963 -0.716562 21.3156 4
8 -0.292103 19.9963 -0.716562 21.3156 4
9 -0.292103 19.9963 -0.716562 21.3156 4
10 -0.292103 19.9963 -0.716562 21.3156 4
11 -0.292103 19.9963 -0.716562 21.3156 4
12 RANDOM
13 -0.292103 19.9963 -0.716562 21.3156 4
14 -0.292103 19.9963 -0.716562 21.3156 4
15 -0.292103 19.9963 -0.716562 21.3156 4
16 -0.292103 19.9963 -0.716562 21.3156 4
17 -0.292103 19.9963 -0.716562 21.3156 4
18 -0.292103 19.9963 -0.716562 21.3156 4
19 -0.292103 19.9963 -0.716562 21.3156 4
20 -0.292103 19.9963 -0.716562 21.3156 4
21 -0.292103 19.9963 -0.716562 21.3156 4
22 RANDOM
23 -0.292103 19.9963 -0.716562 21.3156 4
24 -0.292103 19.9963 -0.716562 21.3156 4
25 -0.292103 19.9963 -0.716562 21.3156 4
26 -0.292103 19.9963 -0.716562 21.3156 4
27 -0.292103 19.9963 -0.716562 21.3156 4
28 -0.292103 19.9963 -0.716562 21.3156 4
29 -0.292103 19.9963 -0.716562 21.3156 4
30 -0.292103 19.9963 -0.716562 21.3156 4
31 -0.292103 19.9963 -0.716562 21.3156 4
32 -0.292103 19.9963 -0.716562 21.3156 4
33 -0.292103 19.9963 -0.716562 21.3156 4
34 -0.292103 19.9963 -0.716562 21.3156 4
35 -0.292103 19.9963 -0.716562 21.3156 4
36 -0.292103 19.9963 -0.716562 21.3156 4
37 -0.292103 19.9963 -0.716562 21.3156 4
38 RANDOM
39 -0.292103 19.9963 -0.716562 21.3156 4
40 -0.292103 19.9963 -0.716562 21.3156 4
41 -0.292103 19.9963 -0.716562 21.3156 4
42 13.948 18.287 -59.4741 34.2144 4
43 16.2297 20.4357 -62.7926 33.7026 4
44 18.8983 22.7479 -67.6728 32.1996 4
45 22.1533 26.4727 -72.6369 34.1153 4
46 10.4985 14.3636 -53.0464 32.7792 4
47 9.07084 11.9566 -47.9992 29.1127 4
48 8.33346 10.5508 -43.5002 26.6215 4
49 7.78392 9.79014 -38.7642 25.0269 4
50 20.7041 18.9041 -34.8081 11.9185 1
51 -0.292103 19.9963 -0.716562 21.3156 4
52 21.848 21.9123 -43.2744 16.6565 2
