0 45.3874 69.2677 38.4415 78.9111 4
1 43.4072 74.8978 32.4611 92.3942 4
2 42.766 68.2321 33.2656 83.5131 4
3 42.4422 68.114 33.0137 83.5287 4
4 42.589 68.6492 33.0379 84.3576 4
5 43.4328 70.4091 33.5575 86.6544 4
6 38.8575 60.2571 30.5363 73.8069 4
7 38.8153 60.3662 30.4021 74.1641 4
8 39.1181 61.2436 30.4864 75.4691 4
9 39.3902 62.1827 30.5232 76.9172 4
10 37.3791 56.2233 29.4987 69.3012 4
11 37.6587 57.0005 29.5425 70.4567 4
12 37.8302 57.3909 29.4809 71.1577 4
13 38.149 58.1482 29.533 72.2794 4
14 36.8667 53.2059 27.2202 66.8247 4
15 36.763 53.4231 27.04 67.3032 4
16 36.6833 53.6857 26.8911 67.8446 4
17 36.6959 54.1033 26.8178 68.5816 4
18 35.1297 49.4114 26.6192 61.734 4
19 35.093 49.7493 26.4015 62.3752 4
20 35.1835 50.4294 26.2278 63.4977 4
21 35.4465 51.3597 26.2028 64.9168 4
22 33.0195 46.7145 25.1932 58.8357 4
23 32.9379 46.8293 25.0563 59.1468 4
24 33.0109 47.2741 24.9898 59.9145 4
25 33.2254 47.9365 25.0411 60.9572 4
26 34.1084 45.0902 24.1379 55.3352 4
27 33.9661 44.9578 23.8676 55.4269 4
28 34.0481 45.1808 23.6769 55.9801 4
29 34.485 45.9655 23.5861 57.2829 4
30 32.8663 41.8935 22.504 52.4378 4
31 33.338 42.4381 22.5509 53.3505 4
32 34.1035 43.2536 22.8042 54.5919 4
33 35.1981 44.5784 23.0934 56.513 4
34 31.9484 37.0155 24.8106 44.586 4
35 32.7966 38.2125 25.0791 46.2585 4
36 33.8665 39.7027 25.4916 48.2648 4
37 35.0206 41.3266 25.9088 50.4743 4
38 32.2477 36.2875 26.07 43.4757 4
39 32.5568 36.387 26.5069 43.4161 4
40 32.7396 36.4719 26.5706 43.5339 4
41 33.5707 37.4272 26.9932 44.8127 4
42 24.2187 27.8676 20.6306 32.6308 4
43 24.4811 28.3156 20.5875 33.418 4
44 25.0603 29.1767 20.6512 34.7879 4
45 26.0582 30.5672 20.897 36.9266 4
46 RANDOM
47 21.556 25.4345 18.2605 28.6058 4
48 21.9251 25.84 18.508 29.2013 4
49 22.6196 26.608 18.8877 30.2938 4
50 26.2269 29.7916 22.7172 34.657 4
51 26.2269 29.7916 22.7172 34.657 4
