0 -430.16 218.367 -864.681 175.215 2
1 -399.909 219.694 -884.012 176.591 2
2 -377.905 233.172 -887.63 188.183 2
3 -529.275 204.373 -758.774 194.442 2
4 -493.564 190.487 -756.151 162.653 2
5 -479.354 203.277 -738.481 160.085 2
6 -384.851 201.81 -782.107 163.453 2
7 -485.287 224.92 -723.543 217.026 2
8 -465.379 227.39 -714.139 207.682 2
9 -457.15 244.995 -703.374 222.359 2
10 -410.045 293.271 -676.181 267.836 2
11 -374.539 192.892 -666.182 136.334 2
12 -351.873 196.799 -659.982 128.305 2
13 -331.097 215.098 -651.35 137.24 2
14 -249.618 283.406 -592.511 191.98 2
15 -367.589 211.867 -751.596 154.309 2
16 -347.631 230.131 -696.085 148.849 2
17 -339.901 260.769 -650.874 164.857 2
18 -267.556 315.077 -568.608 198.907 2
19 -326.762 334.357 -634.856 308.375 2
20 -301.037 368.548 -606.808 329.103 2
21 -284.445 385.077 -571.943 332.023 2
22 -180.736 421.657 -459.264 324.74 2
23 -197.187 456.707 -318.875 365.441 2
24 -123.482 450.287 -282.466 314.774 2
25 -120.377 447.941 -286.539 300.441 2
26 -76.3212 460.455 -236.514 282.796 2
27 -81.1196 462.382 -201.899 303.31 2
28 25.7637 468.02 -137.494 260.68 2
29 40.8287 458.958 -115.666 239.606 2
30 130.211 512.019 31.097 254.732 2
31 -136.155 436.403 -120.471 347.315 2
32 -6.38714 438.564 -15.3008 291.54 2
33 28.6507 468.312 62.5342 303.793 2
34 167.391 547.5 248.709 336.039 2
35 -217.539 471.109 -140.476 431.056 2
36 -129.862 502.908 -25.4048 427.697 2
37 -46.3608 535.359 85.8001 434.326 2
38 127.325 583.638 299.637 444.02 2
39 RANDOM
40 79.2733 504.478 179.978 379.935 2
41 164.787 505.926 233.255 347.76 2
42 291.271 544.882 332.653 339.727 2
43 173.813 484.758 283.282 346.661 2
44 240.311 508.693 317.462 339.898 2
45 288.766 542.506 336.867 347.913 2
46 412.876 630.794 457.907 410.441 2
47 343.776 608.303 233.33 362.396 2
48 318.507 597.916 205.682 347.042 2
49 241.9 585.516 150.901 349.511 2
50 209.688 570.656 129.174 340.233 2
51 209.688 570.656 129.174 340.233 2
