0 45.305 49.1042 39.1386 58.2289 4
1 RANDOM
2 52.9972 58.6066 43.2361 79.6199 4
3 53.5295 59.2194 43.6178 80.7241 4
4 53.9419 59.7911 43.8421 81.9509 4
5 54.2292 60.399 43.8048 83.6185 4
6 54.3041 58.4117 45.6799 75.0994 4
7 RANDOM
8 54.9177 59.3754 45.8531 77.5775 4
9 55.1634 59.9332 45.8205 79.2091 4
10 53.8474 57.1923 45.9083 70.6785 4
11 53.9255 57.482 45.8315 71.7767 4
12 54.0295 57.8151 45.7724 72.9984 4
13 54.0513 58.1792 45.5973 74.4871 4
14 58.6773 61.2252 49.002 76.2852 4
15 58.8043 61.4499 48.9746 77.0126 4
16 59.0534 61.8115 49.0198 78.0279 4
17 59.529 62.4068 49.279 79.2733 4
18 55.9683 58.3533 46.433 72.7156 4
19 56.1206 58.5776 46.3921 73.4772 4
20 56.4123 58.9541 46.4431 74.5156 4
21 56.9393 59.6037 46.6689 75.9652 4
22 55.6863 58.1803 45.8586 73.2642 4
23 56.0091 58.5663 45.9653 74.1731 4
24 56.5823 59.2427 46.2571 75.5135 4
25 57.369 60.1443 46.7229 77.16 4
26 42.2578 46.4561 34.3943 50.1458 4
27 41.8443 46.2083 34.0105 49.4803 4
28 41.6211 46.2445 33.7524 49.3671 4
29 41.635 46.5719 33.683 49.7052 4
30 36.4172 41.2546 29.118 39.8979 2
31 47.2155 47.5685 41.3089 47.7174 4
32 36.4172 41.2546 29.118 39.8979 2
33 47.2155 47.5685 41.3089 47.7174 4
34 36.4172 41.2546 29.118 39.8979 2
35 47.2155 47.5685 41.3089 47.7174 4
36 RANDOM
37 52.6362 51.9563 47.6031 49.8695 1
38 53.2982 52.8045 48.3669 50.817 1
39 55.2753 55.1749 50.2685 53.8612 1
40 51.6627 50.9193 46.9308 48.3342 1
41 53.2923 52.579 48.6084 50.0687 1
42 58.5523 58.1786 54.2422 56.2606 1
43 70.0445 69.5364 64.7037 70.6365 4
44 48.7875 50.9059 39.3711 53.065 4
