0 -11.673 22.6265 6.27908 23.8566 4
1 RANDOM
2 -11.673 22.6265 6.27908 23.8566 4
3 -11.673 22.6265 6.27908 23.8566 4
4 -11.673 22.6265 6.27908 23.8566 4
5 -11.673 22.6265 6.27908 23.8566 4
6 -11.673 22.6265 6.27908 23.8566 4
7 -11.673 22.6265 6.27908 23.8566 4
8 -11.673 22.6265 6.27908 23.8566 4
9 -11.673 22.6265 6.27908 23.8566 4
10 -11.673 22.6265 6.27908 23.8566 4
11 -11.673 22.6265 6.27908 23.8566 4
12 -11.673 22.6265 6.27908 23.8566 4
13 -11.673 22.6265 6.27908 23.8566 4
14 -11.673 22.6265 6.27908 23.8566 4
15 -11.673 22.6265 6.27908 23.8566 4
16 -11.673 22.6265 6.27908 23.8566 4
17 -11.673 22.6265 6.27908 23.8566 4
18 -11.673 22.6265 6.27908 23.8566 4
19 RANDOM
20 -11.673 22.6265 6.27908 23.8566 4
21 -11.673 22.6265 6.27908 23.8566 4
22 -11.673 22.6265 6.27908 23.8566 4
23 -11.673 22.6265 6.27908 23.8566 4
24 -11.673 22.6265 6.27908 23.8566 4
25 -11.673 22.6265 6.27908 23.8566 4
26 -11.673 22.6265 6.27908 23.8566 4
27 -11.673 22.6265 6.27908 23.8566 4
28 -11.673 22.6265 6.27908 23.8566 4
29 -11.673 22.6265 6.27908 23.8566 4
30 -11.673 22.6265 6.27908 23.8566 4
31 RANDOM
32 -11.673 22.6265 6.27908 23.8566 4
33 -11.673 22.6265 6.27908 23.8566 4
34 -11.673 22.6265 6.27908 23.8566 4
35 -11.673 22.6265 6.27908 23.8566 4
36 -11.673 22.6265 6.27908 23.8566 4
37 -11.673 22.6265 6.27908 23.8566 4
38 -11.673 22.6265 6.27908 23.8566 4
39 -11.673 22.6265 6.27908 23.8566 4
40 -11.673 22.6265 6.27908 23.8566 4
41 -11.673 22.6265 6.27908 23.8566 4
42 0.738723 13.0811 -102.216 18.6217 4
43 3.28262 15.1058 -110.438 20.8691 4
44 5.51514 16.8449 -120.549 22.3705 4
45 8.03655 18.0262 -132.788 22.2475 4
46 -5.16592 7.70957 -86.1539 16.2725 4
47 -5.36623 7.19206 -79.6202 16.2456 4
48 -5.89843 6.16704 -75.0923 14.9637 4
49 -3.48423 7.5347 -72.4063 14.5801 4
50 1.61889 5.67695 -97.1281 -0.47199 2
51 -11.7387 1.41781 -20.7118 5.82811 4
52 1.61889 5.67695 -97.1281 -0.47199 2
53 -11.7387 1.41781 -20.7118 5.82811 4
54 1.61889 5.67695 -97.1281 -0.47199 2
55 -11.7387 1.41781 -20.7118 5.82811 4
56 1.61889 5.67695 -97.1281 -0.47199 2
57 -11.7387 1.41781 -20.7118 5.82811 4
58 1.61889 5.67695 -97.1281 -0.47199 2
59 -11.7387 1.41781 -20.7118 5.82811 4
60 1.61889 5.67695 -97.1281 -0.47199 2
61 -11.7387 1.41781 -20.7118 5.82811 4
62 1.61889 5.67695 -97.1281 -0.47199 2
63 -11.7387 1.41781 -20.7118 5.82811 4
64 1.61889 5.67695 -97.1281 -0.47199 2
65 -11.7387 1.41781 -20.7118 5.82811 4
66 1.61889 5.67695 -97.1281 -0.47199 2
67 -11.7387 1.41781 -20.7118 5.82811 4
68 1.61889 5.67695 -97.1281 -0.47199 2
69 -11.7387 1.41781 -20.7118 5.82811 4
70 1.61889 5.67695 -97.1281 -0.47199 2
71 -11.7387 1.41781 -20.7118 5.82811 4
72 1.61889 5.67695 -97.1281 -0.47199 2
73 -11.7387 1.41781 -20.7118 5.82811 4
74 1.61889 5.67695 -97.1281 -0.47199 2
75 -11.7387 1.41781 -20.7118 5.82811 4
76 RANDOM
77 -11.4008 0.959998 -22.0472 5.75224 4
78 5.11667 10.5613 -118.952 6.05754 2
