0 49.3645 56.0209 44.5047 66.9322 4
1 47.6626 59.5294 39.2636 83.8406 4
2 54.6349 63.7936 47.0192 85.4339 4
3 55.0926 64.3371 47.3379 86.3951 4
4 55.4543 64.8331 47.5323 87.395 4
5 55.7175 65.41 47.5116 88.8794 4
6 55.9448 63.5553 49.0146 81.698 4
7 56.0913 63.8631 49.0079 82.509 4
8 56.3295 64.3148 49.055 83.6508 4
9 56.5083 64.8347 49.0303 85.1205 4
10 55.4496 62.2602 48.9015 77.7103 4
11 55.4463 62.4912 48.7399 78.6899 4
12 55.4114 62.7316 48.5511 79.7883 4
13 55.3383 63.0318 48.2488 81.1553 4
14 59.9541 65.3976 51.6558 81.2012 4
15 60.023 65.5548 51.5894 81.8029 4
16 60.2203 65.8848 51.6098 82.6682 4
17 60.5294 66.3498 51.7227 83.7398 4
18 57.7786 62.7341 49.6767 77.1453 4
19 57.893 62.9518 49.6369 77.84 4
20 58.107 63.3128 49.626 78.8904 4
21 58.4771 63.8909 49.727 80.2406 4
22 57.1261 62.2064 48.7452 77.2507 4
23 57.385 62.5698 48.808 78.0874 4
24 57.8437 63.1834 49.0073 79.3604 4
25 58.4617 64.0013 49.3425 80.9526 4
26 45.1861 51.8667 38.6817 55.2815 4
27 44.8505 51.7323 38.3862 54.7769 4
28 44.7617 51.9626 38.2729 54.9082 4
29 44.76 52.3586 38.2147 55.3267 4
30 40.6898 48.1727 34.5146 47.2242 2
31 52.4359 54.9251 47.9376 55.9895 4
32 40.6898 48.1727 34.5146 47.2242 2
33 RANDOM
34 53.1685 55.3638 48.7052 56.1822 4
35 45.0241 52.0783 38.8939 54.689 4
36 40.6898 48.1727 34.5146 47.2242 2
37 52.4359 54.9251 47.9376 55.9895 4
38 RANDOM
39 RANDOM
40 40.8045 48.9956 34.3914 47.7888 2
41 51.0234 52.8358 46.5501 51.7157 2
42 52.0874 53.8062 47.5659 52.9473 2
43 52.8198 55.2985 48.3811 56.2886 4
44 40.9148 48.3848 34.779 47.4098 2
45 52.8198 55.2985 48.3811 56.2886 4
46 40.9148 48.3848 34.779 47.4098 2
47 52.8198 55.2985 48.3811 56.2886 4
48 40.9148 48.3848 34.779 47.4098 2
49 52.8198 55.2985 48.3811 56.2886 4
50 40.9148 48.3848 34.779 47.4098 2
51 52.8198 55.2985 48.3811 56.2886 4
52 40.9148 48.3848 34.779 47.4098 2
53 52.8198 55.2985 48.3811 56.2886 4
54 40.9148 48.3848 34.779 47.4098 2
55 52.8198 55.2985 48.3811 56.2886 4
56 40.9148 48.3848 34.779 47.4098 2
57 52.8198 55.2985 48.3811 56.2886 4
58 40.9148 48.3848 34.779 47.4098 2
59 52.8198 55.2985 48.3811 56.2886 4
60 40.9148 48.3848 34.779 47.4098 2
61 52.8198 55.2985 48.3811 56.2886 4
62 40.9148 48.3848 34.779 47.4098 2
63 52.8198 55.2985 48.3811 56.2886 4
64 40.9148 48.3848 34.779 47.4098 2
65 52.8198 55.2985 48.3811 56.2886 4
66 40.9148 48.3848 34.779 47.4098 2
67 52.8198 55.2985 48.3811 56.2886 4
68 40.9148 48.3848 34.779 47.4098 2
69 RANDOM
70 53.5569 55.7424 49.1554 56.4845 4
71 45.2388 52.2797 39.1257 54.8714 4
72 40.9148 48.3848 34.779 47.4098 2
73 52.8198 55.2985 48.3811 56.2886 4
74 40.9148 48.3848 34.779 47.4098 2
75 52.8198 55.2985 48.3811 56.2886 4
76 40.9148 48.3848 34.779 47.4098 2
77 52.8198 55.2985 48.3811 56.2886 4
78 40.9148 48.3848 34.779 47.4098 2
79 52.8198 55.2985 48.3811 56.2886 4
80 40.9148 48.3848 34.779 47.4098 2
81 52.8198 55.2985 48.3811 56.2886 4
82 40.9148 48.3848 34.779 47.4098 2
83 52.8198 55.2985 48.3811 56.2886 4
84 40.9148 48.3848 34.779 47.4098 2
85 52.8198 55.2985 48.3811 56.2886 4
86 40.9148 48.3848 34.779 47.4098 2
87 52.8198 55.2985 48.3811 56.2886 4
88 RANDOM
89 61.733 63.6518 59.7486 62.718 2
90 53.577 55.0564 49.3304 54.122 2
