0 14.6421 50.1163 29.1996 51.708 4
1 14.6421 50.1163 29.1996 51.708 4
2 14.6421 50.1163 29.1996 51.708 4
3 14.6421 50.1163 29.1996 51.708 4
4 14.6421 50.1163 29.1996 51.708 4
5 14.6421 50.1163 29.1996 51.708 4
6 14.6421 50.1163 29.1996 51.708 4
7 14.6421 50.1163 29.1996 51.708 4
8 14.6421 50.1163 29.1996 51.708 4
9 14.6421 50.1163 29.1996 51.708 4
10 14.6421 50.1163 29.1996 51.708 4
11 14.6421 50.1163 29.1996 51.708 4
12 14.6421 50.1163 29.1996 51.708 4
13 14.6421 50.1163 29.1996 51.708 4
14 14.6421 50.1163 29.1996 51.708 4
15 14.6421 50.1163 29.1996 51.708 4
16 14.6421 50.1163 29.1996 51.708 4
17 14.6421 50.1163 29.1996 51.708 4
18 14.6421 50.1163 29.1996 51.708 4
19 14.6421 50.1163 29.1996 51.708 4
20 14.6421 50.1163 29.1996 51.708 4
21 14.6421 50.1163 29.1996 51.708 4
22 14.6421 50.1163 29.1996 51.708 4
23 14.6421 50.1163 29.1996 51.708 4
24 14.6421 50.1163 29.1996 51.708 4
25 14.6421 50.1163 29.1996 51.708 4
26 14.6421 50.1163 29.1996 51.708 4
27 14.6421 50.1163 29.1996 51.708 4
28 14.6421 50.1163 29.1996 51.708 4
29 14.6421 50.1163 29.1996 51.708 4
30 14.6421 50.1163 29.1996 51.708 4
31 14.6421 50.1163 29.1996 51.708 4
32 14.6421 50.1163 29.1996 51.708 4
33 14.6421 50.1163 29.1996 51.708 4
34 14.6421 50.1163 29.1996 51.708 4
35 14.6421 50.1163 29.1996 51.708 4
36 14.6421 50.1163 29.1996 51.708 4
37 14.6421 50.1163 29.1996 51.708 4
38 14.6421 50.1163 29.1996 51.708 4
39 RANDOM
40 14.6421 50.1163 29.1996 51.708 4
41 14.6421 50.1163 29.1996 51.708 4
42 29.1874 107.761 24.7731 127.868 4
43 33.2931 122.345 31.3332 139.604 4
44 38.4865 140.989 39.7372 154.697 4
45 44.7731 163.044 50.3626 172.513 4
46 19.7461 80.0761 7.74316 109.876 4
47 17.8311 72.9634 8.50159 100.463 4
48 17.9696 70.3563 10.9315 94.7259 4
49 18.461 68.5732 14.5264 88.396 4
50 110.234 262.785 187.687 213.663 2
51 14.6421 50.1163 29.1996 51.708 4
52 110.234 262.785 187.687 213.663 2
53 14.6421 50.1163 29.1996 51.708 4
54 110.234 262.785 187.687 213.663 2
55 14.6421 50.1163 29.1996 51.708 4
56 110.234 262.785 187.687 213.663 2
57 14.6421 50.1163 29.1996 51.708 4
58 110.234 262.785 187.687 213.663 2
59 14.6421 50.1163 29.1996 51.708 4
60 110.234 262.785 187.687 213.663 2
61 14.6421 50.1163 29.1996 51.708 4
62 110.234 262.785 187.687 213.663 2
63 14.6421 50.1163 29.1996 51.708 4
64 110.234 262.785 187.687 213.663 2
65 14.6421 50.1163 29.1996 51.708 4
66 110.234 262.785 187.687 213.663 2
67 14.6421 50.1163 29.1996 51.708 4
68 RANDOM
69 14.6421 50.1163 29.1996 51.708 4
70 102.422 255.47 173.805 210.177 2
