0 57.6345 62.277 48.7571 68.5133 4
1 57.0405 64.794 41.1909 85.8451 4
2 66.6242 72.9085 52.5606 92.2232 4
3 67.1061 73.435 52.6898 93.5239 4
4 67.4886 73.8994 52.6014 94.9743 4
5 67.6808 74.2739 52.1756 96.6345 4
6 70.7273 75.9165 57.8391 91.6082 4
7 71.0948 76.3993 57.8853 92.9866 4
8 71.1865 76.652 57.5487 94.4293 4
9 71.1734 76.8532 56.993 96.1141 4
10 72.4072 76.9708 60.0718 89.9368 4
11 72.6684 77.3887 59.9848 91.3096 4
12 72.6963 77.6306 59.5472 92.7967 4
13 72.517 77.7301 58.8191 94.4263 4
14 84.5656 87.2789 71.5769 97.4052 4
15 84.8943 87.6811 71.669 98.4344 4
16 85.0517 87.9846 71.517 99.6512 4
17 85.2955 88.3803 71.414 101.038 4
18 85.0438 87.1848 71.7074 96.9136 4
19 85.2823 87.5162 71.6215 98.0451 4
20 85.4328 87.8128 71.3991 99.3438 4
21 85.743 88.307 71.2449 101.076 4
22 86.0801 88.2813 72.2268 99.0078 4
23 86.5965 88.8609 72.4179 100.302 4
24 87.2859 89.6526 72.6802 102.073 4
25 88.1446 90.641 73.0582 104.183 4
26 72.5578 76.8848 61.4772 79.0224 4
27 72.4364 76.9678 61.3486 78.9194 4
28 72.5988 77.4246 61.3746 79.4977 4
29 73.039 78.2401 61.6066 80.5705 4
30 64.6452 70.2124 55.0147 67.0299 2
31 74.4675 76.1356 66.858 73.6635 2
32 75.4889 77.0134 68.529 73.9631 2
33 76.8813 78.3555 70.6545 74.7623 2
34 78.0813 79.5461 72.398 75.5193 2
35 81.5101 83.1437 74.8099 81.3539 2
36 82.5954 84.6044 77.6729 81.6371 2
37 83.8097 86.2115 80.6792 82.2341 2
38 85.1197 88.0749 83.7447 83.2038 2
39 85.4511 89.1723 86.1955 83.1858 2
40 87.8378 92.367 91.0417 85.2554 2
41 89.5386 94.5046 94.1669 86.7474 2
42 90.3967 95.6312 95.8385 87.5175 3
43 82.3839 83.7661 76.6111 80.6899 2
44 85.8843 90.9626 91.1555 82.8119 3
