0 -499.203 579.001 -560.542 495.799 2
1 -478.078 576.024 -572.232 495.667 2
2 -464.816 581.873 -570.884 499.608 2
3 RANDOM
4 -585.241 579.396 -430.642 481.244 2
5 -577.753 575.656 -416.893 462.717 2
6 -478.559 572.234 -474.832 474.553 2
7 -532.673 604.303 -419.959 501.887 2
8 RANDOM
9 -524.689 604.335 -419.772 491.752 2
10 -493.072 632.327 -411.768 519.046 2
11 -456.481 558.225 -382.871 410.131 2
12 -440.162 552.459 -384.541 395.685 2
13 -422.391 560.66 -383.063 397.274 2
14 RANDOM
15 RANDOM
16 -413.512 567.683 -427.156 405.777 2
17 -413.955 585.113 -400.572 410.486 2
18 -361.15 609.837 -342.164 412.13 2
19 -401.037 627.024 -376.337 508.466 2
20 -377.392 648.61 -359.892 518.363 2
21 -372.173 665.728 -339.685 529.914 2
22 -303.661 665.62 -271.197 482.028 2
23 -272.399 667.787 -114.478 449.423 2
24 -215.17 652.662 -93.0009 397.231 2
25 -217.125 650.35 -105.915 388.373 2
26 -194.947 641.515 -82.0832 349.348 2
27 -194.916 619.294 -37.8108 323.674 2
28 -97.0482 616.885 17.4014 273.402 2
29 -94.4535 615.383 29.0413 265.673 2
30 -31.0297 638.09 139.929 245.808 2
31 -242.895 640.658 42.3496 409.887 2
32 -134.172 630.45 128.63 343.048 2
33 -120.001 646.074 182.054 343.496 2
34 -24.1796 672.35 321.712 315.317 2
35 -325.645 694.185 4.89798 518.547 2
36 -252.902 714.609 104.135 501.354 2
37 -189.64 720.217 191.0 477.972 2
38 -63.6532 713.316 363.013 421.429 2
39 -154.967 667.461 225.887 435.55 2
40 -91.257 657.651 274.442 392.433 2
41 -30.6056 672.043 315.201 379.432 2
42 54.5548 716.457 393.169 385.808 2
43 -38.9791 665.733 354.29 393.137 2
44 15.4459 696.589 383.812 396.34 2
45 56.382 720.386 402.173 399.097 2
46 155.255 771.828 495.754 419.707 2
47 142.099 741.536 313.52 371.09 2
48 127.253 731.325 292.95 356.318 2
49 62.3903 720.832 245.074 361.387 2
50 25.5865 710.172 220.5 356.319 2
51 25.5865 710.172 220.5 356.319 2
