0 7430.35 9581.5 8897.53 10573.8 4
1 9147.96 12759.4 11139.4 14144.1 4
2 12540.7 19306.4 15755.4 22230.0 4
3 12577.9 19461.9 15814.0 22361.6 4
4 12655.4 19668.7 15917.8 22545.0 4
5 12739.6 19875.9 16026.6 22713.7 4
6 12525.4 19608.0 15782.5 22703.1 4
7 12600.3 19772.4 15868.9 22865.7 4
8 12661.9 19904.8 15935.0 22985.1 4
9 12818.2 20220.9 16131.8 23324.9 4
10 11967.0 18481.8 14991.9 21170.4 4
11 10372.3 15407.2 12814.0 17353.3 4
12 9053.91 12870.1 11012.2 14231.7 4
13 7932.46 10740.8 9534.77 11683.3 4
14 8406.05 11670.2 10226.1 12934.8 4
15 7750.51 10413.5 9349.98 11416.6 4
16 7231.28 9410.53 8660.68 10252.0 4
17 7009.3 8970.06 8357.46 9755.77 4
18 7955.08 10801.3 9643.75 11837.7 4
19 7763.83 10463.8 9391.86 11397.2 4
20 7656.94 10296.4 9246.91 11169.3 4
21 7602.6 10219.7 9169.27 11058.5 4
22 7765.47 10461.0 9396.27 11519.0 4
23 7668.48 10301.8 9264.54 11310.1 4
24 7601.95 10203.5 9174.45 11171.2 4
25 7570.28 10169.6 9127.86 11102.2 4
26 7623.15 10335.1 9522.15 10965.9 4
27 6777.16 8787.63 8422.82 9221.43 4
28 6097.7 7567.87 7545.39 7836.15 4
29 5513.92 6534.09 6788.13 6656.55 3
30 5581.17 6629.18 6833.46 6848.08 4
