0 33.3847 55.4287 24.6141 63.3406 4
1 33.0329 63.2894 19.3059 77.5957 4
2 33.9985 59.307 21.659 72.1453 4
3 33.5716 58.9321 21.2863 71.8368 4
4 33.6624 59.3615 21.2574 72.4685 4
5 34.4396 60.9856 21.6992 74.5281 4
6 31.3914 53.5999 20.2366 65.0691 4
7 RANDOM
8 31.8571 54.8985 20.3628 66.8194 4
9 32.0979 55.7798 20.343 68.0513 4
10 31.4319 52.2903 20.3378 63.5312 4
11 31.7435 52.9564 20.4364 64.371 4
12 31.8954 53.3722 20.3777 64.9416 4
13 32.149 54.1261 20.3744 65.9305 4
14 29.5205 47.0909 17.8361 57.6936 4
15 29.4219 47.199 17.5852 57.9571 4
16 29.3798 47.4219 17.3646 58.3631 4
17 29.3948 47.753 17.1748 58.8977 4
18 27.4722 42.7989 16.811 52.3225 4
19 27.4819 43.2666 16.6996 53.0421 4
20 27.5984 44.0232 16.6391 54.1341 4
21 27.9432 44.9235 16.6569 55.3264 4
22 24.8939 39.4329 14.8662 48.6543 4
23 24.7395 39.4187 14.6698 48.8055 4
24 24.7462 39.8247 14.5382 49.4565 4
25 24.8716 40.5653 14.4723 50.5148 4
26 23.3058 35.1922 12.2089 42.2274 4
27 23.1174 34.9916 11.9472 42.1075 4
28 23.2208 35.2045 11.7908 42.3749 4
29 23.8494 36.171 11.8395 43.5371 4
30 22.3222 31.8189 11.1202 38.0621 4
31 22.5599 32.0823 11.1612 38.3446 4
32 22.9673 32.6302 11.2622 38.9828 4
33 23.7608 33.7223 11.4524 40.2933 4
34 RANDOM
35 21.6665 26.6503 13.1823 30.7066 4
36 22.581 27.8908 13.4921 32.2075 4
37 23.8281 29.639 13.873 34.3412 4
38 22.1327 25.5664 15.4289 28.6056 4
39 22.3986 25.6953 15.7445 28.6132 4
40 RANDOM
41 22.7125 26.2397 15.4586 29.1926 4
42 14.7327 18.0297 10.6273 19.4572 4
43 15.0018 18.4677 10.6299 19.9921 4
44 15.6289 19.378 10.6999 21.1579 4
45 RANDOM
46 12.116 15.295 9.56252 12.2675 2
47 17.2002 16.5612 16.4899 15.9096 1
48 23.628 22.8257 23.3258 22.2331 1
