0 -2.7186 27.9361 3.48972 29.0042 4
1 -2.7186 27.9361 3.48972 29.0042 4
2 -2.7186 27.9361 3.48972 29.0042 4
3 -2.7186 27.9361 3.48972 29.0042 4
4 -2.7186 27.9361 3.48972 29.0042 4
5 -2.7186 27.9361 3.48972 29.0042 4
6 -2.7186 27.9361 3.48972 29.0042 4
7 -2.7186 27.9361 3.48972 29.0042 4
8 -2.7186 27.9361 3.48972 29.0042 4
9 -2.7186 27.9361 3.48972 29.0042 4
10 -2.7186 27.9361 3.48972 29.0042 4
11 -2.7186 27.9361 3.48972 29.0042 4
12 -2.7186 27.9361 3.48972 29.0042 4
13 -2.7186 27.9361 3.48972 29.0042 4
14 -2.7186 27.9361 3.48972 29.0042 4
15 -2.7186 27.9361 3.48972 29.0042 4
16 -2.7186 27.9361 3.48972 29.0042 4
17 RANDOM
18 -2.7186 27.9361 3.48972 29.0042 4
19 -2.7186 27.9361 3.48972 29.0042 4
20 -2.7186 27.9361 3.48972 29.0042 4
21 -2.7186 27.9361 3.48972 29.0042 4
22 -2.7186 27.9361 3.48972 29.0042 4
23 -2.7186 27.9361 3.48972 29.0042 4
24 -2.7186 27.9361 3.48972 29.0042 4
25 RANDOM
26 -2.7186 27.9361 3.48972 29.0042 4
27 -2.7186 27.9361 3.48972 29.0042 4
28 -2.7186 27.9361 3.48972 29.0042 4
29 -2.7186 27.9361 3.48972 29.0042 4
30 -2.7186 27.9361 3.48972 29.0042 4
31 -2.7186 27.9361 3.48972 29.0042 4
32 -2.7186 27.9361 3.48972 29.0042 4
33 -2.7186 27.9361 3.48972 29.0042 4
34 -2.7186 27.9361 3.48972 29.0042 4
35 -2.7186 27.9361 3.48972 29.0042 4
36 -2.7186 27.9361 3.48972 29.0042 4
37 -2.7186 27.9361 3.48972 29.0042 4
38 -2.7186 27.9361 3.48972 29.0042 4
39 -2.7186 27.9361 3.48972 29.0042 4
40 -2.7186 27.9361 3.48972 29.0042 4
41 -2.7186 27.9361 3.48972 29.0042 4
42 19.9671 26.6415 -73.1489 46.2257 4
43 22.6846 28.6745 -78.3756 45.9779 4
44 25.4662 30.2791 -85.8856 44.664 4
45 RANDOM
46 14.7897 21.3936 -62.68 43.6192 4
47 13.2013 19.2197 -56.9567 40.1409 4
48 12.1006 17.8908 -52.0657 37.8887 4
49 11.2312 16.9244 -47.0801 35.9951 4
50 27.546 26.5477 -58.8362 22.6796 1
51 -2.7186 27.9361 3.48972 29.0042 4
52 29.1091 29.9176 -68.7179 28.0653 2
