0 78.674 600.1 -446.512 516.752 2
1 111.799 586.998 -476.181 503.837 2
2 RANDOM
3 -9.38212 627.098 -248.153 630.136 4
4 17.5217 553.456 -601.654 533.103 2
5 -9.38212 627.098 -248.153 630.136 4
6 17.5217 553.456 -601.654 533.103 2
7 -9.38212 627.098 -248.153 630.136 4
8 17.5217 553.456 -601.654 533.103 2
9 -9.38212 627.098 -248.153 630.136 4
10 17.5217 553.456 -601.654 533.103 2
11 -9.38212 627.098 -248.153 630.136 4
12 17.5217 553.456 -601.654 533.103 2
13 -9.38212 627.098 -248.153 630.136 4
14 17.5217 553.456 -601.654 533.103 2
15 -9.38212 627.098 -248.153 630.136 4
16 17.5217 553.456 -601.654 533.103 2
17 -9.38212 627.098 -248.153 630.136 4
18 17.5217 553.456 -601.654 533.103 2
19 -9.38212 627.098 -248.153 630.136 4
20 17.5217 553.456 -601.654 533.103 2
21 -9.38212 627.098 -248.153 630.136 4
22 17.5217 553.456 -601.654 533.103 2
23 -9.38212 627.098 -248.153 630.136 4
24 17.5217 553.456 -601.654 533.103 2
25 -9.38212 627.098 -248.153 630.136 4
26 17.5217 553.456 -601.654 533.103 2
27 -9.38212 627.098 -248.153 630.136 4
28 17.5217 553.456 -601.654 533.103 2
29 -9.38212 627.098 -248.153 630.136 4
30 RANDOM
31 -27.4715 582.076 -544.664 569.034 2
32 134.852 596.221 -492.177 508.827 2
33 -9.38212 627.098 -248.153 630.136 4
34 17.5217 553.456 -601.654 533.103 2
35 -9.38212 627.098 -248.153 630.136 4
36 17.5217 553.456 -601.654 533.103 2
37 -9.38212 627.098 -248.153 630.136 4
38 17.5217 553.456 -601.654 533.103 2
39 -9.38212 627.098 -248.153 630.136 4
40 -0.626754 525.879 -560.65 511.053 2
41 -8.99638 617.02 -215.35 629.455 4
42 -0.626754 525.879 -560.65 511.053 2
43 -8.99638 617.02 -215.35 629.455 4
44 -0.626754 525.879 -560.65 511.053 2
45 -8.99638 617.02 -215.35 629.455 4
46 -0.626754 525.879 -560.65 511.053 2
47 -8.99638 617.02 -215.35 629.455 4
48 -0.626754 525.879 -560.65 511.053 2
49 -8.99638 617.02 -215.35 629.455 4
50 -0.626754 525.879 -560.65 511.053 2
51 -8.99638 617.02 -215.35 629.455 4
52 -0.626754 525.879 -560.65 511.053 2
53 -8.99638 617.02 -215.35 629.455 4
54 -0.626754 525.879 -560.65 511.053 2
55 -8.99638 617.02 -215.35 629.455 4
56 -0.626754 525.879 -560.65 511.053 2
57 -8.99638 617.02 -215.35 629.455 4
58 -0.626754 525.879 -560.65 511.053 2
59 -8.99638 617.02 -215.35 629.455 4
60 -0.626754 525.879 -560.65 511.053 2
61 -8.99638 617.02 -215.35 629.455 4
62 -0.626754 525.879 -560.65 511.053 2
63 -8.99638 617.02 -215.35 629.455 4
64 -0.626754 525.879 -560.65 511.053 2
65 -8.99638 617.02 -215.35 629.455 4
66 -0.626754 525.879 -560.65 511.053 2
67 -8.99638 617.02 -215.35 629.455 4
68 -0.626754 525.879 -560.65 511.053 2
69 -8.99638 617.02 -215.35 629.455 4
70 -0.626754 525.879 -560.65 511.053 2
71 -8.99638 617.02 -215.35 629.455 4
72 -0.626754 525.879 -560.65 511.053 2
73 RANDOM
74 34.6013 578.377 -222.052 572.432 2
75 47.8396 594.713 -194.21 573.13 2
76 156.417 539.32 -239.607 514.632 2
77 69.6599 691.666 -86.639 742.499 4
78 77.3332 493.368 -299.284 512.631 4
79 25.7878 523.551 -317.773 553.56 4
80 -23.9358 571.331 -326.469 619.557 4
81 -85.4061 643.222 -310.424 720.037 4
82 67.1125 449.383 -610.073 424.992 2
83 87.8 519.024 -341.304 512.368 2
84 145.904 471.375 -346.494 449.901 2
85 170.687 481.876 -312.673 452.844 2
86 156.417 539.32 -239.607 514.632 2
87 69.6599 691.666 -86.639 742.499 4
88 77.3332 493.368 -299.284 512.631 4
89 25.7878 523.551 -317.773 553.56 4
90 -23.9358 571.331 -326.469 619.557 4
91 -85.4061 643.222 -310.424 720.037 4
92 67.1125 449.383 -610.073 424.992 2
93 87.8 519.024 -341.304 512.368 2
94 145.904 471.375 -346.494 449.901 2
95 170.687 481.876 -312.673 452.844 2
96 156.417 539.32 -239.607 514.632 2
97 69.6599 691.666 -86.639 742.499 4
98 77.3332 493.368 -299.284 512.631 4
99 25.7878 523.551 -317.773 553.56 4
100 -10.2464 569.088 -338.677 615.473 4
101 -71.0633 642.49 -322.949 718.059 4
102 79.2282 445.572 -620.012 421.068 2
103 101.099 509.763 -376.322 495.092 2
104 RANDOM
105 174.632 478.877 -341.995 445.903 2
106 160.065 539.102 -272.215 512.135 2
107 78.53 687.064 -121.398 736.617 4
108 87.3566 491.339 -326.613 504.902 4
109 37.9992 520.673 -342.399 546.146 4
110 -10.2464 569.088 -338.677 615.473 4
111 -71.0633 642.49 -322.949 718.059 4
112 79.2282 445.572 -620.012 421.068 2
113 101.099 509.763 -376.322 495.092 2
114 RANDOM
115 174.632 478.877 -341.995 445.903 2
116 160.065 539.102 -272.215 512.135 2
117 78.53 687.064 -121.398 736.617 4
118 87.3566 491.339 -326.613 504.902 4
119 37.9992 520.673 -342.399 546.146 4
120 -10.2464 569.088 -338.677 615.473 4
121 -71.0633 642.49 -322.949 718.059 4
122 79.2282 445.572 -620.012 421.068 2
123 101.099 509.763 -376.322 495.092 2
124 153.59 466.286 -378.939 439.58 2
125 174.632 478.877 -341.995 445.903 2
126 RANDOM
127 108.361 644.924 -178.904 630.217 2
128 115.054 545.646 -243.675 524.266 2
