0 -1.84964 21.8502 2.30559 22.8978 4
1 -1.84964 21.8502 2.30559 22.8978 4
2 -1.84964 21.8502 2.30559 22.8978 4
3 -1.84964 21.8502 2.30559 22.8978 4
4 -1.84964 21.8502 2.30559 22.8978 4
5 -1.84964 21.8502 2.30559 22.8978 4
6 -1.84964 21.8502 2.30559 22.8978 4
7 -1.84964 21.8502 2.30559 22.8978 4
8 -1.84964 21.8502 2.30559 22.8978 4
9 -1.84964 21.8502 2.30559 22.8978 4
10 -1.84964 21.8502 2.30559 22.8978 4
11 -1.84964 21.8502 2.30559 22.8978 4
12 -1.84964 21.8502 2.30559 22.8978 4
13 -1.84964 21.8502 2.30559 22.8978 4
14 -1.84964 21.8502 2.30559 22.8978 4
15 -1.84964 21.8502 2.30559 22.8978 4
16 -1.84964 21.8502 2.30559 22.8978 4
17 -1.84964 21.8502 2.30559 22.8978 4
18 -1.84964 21.8502 2.30559 22.8978 4
19 -1.84964 21.8502 2.30559 22.8978 4
20 -1.84964 21.8502 2.30559 22.8978 4
21 -1.84964 21.8502 2.30559 22.8978 4
22 -1.84964 21.8502 2.30559 22.8978 4
23 -1.84964 21.8502 2.30559 22.8978 4
24 -1.84964 21.8502 2.30559 22.8978 4
25 -1.84964 21.8502 2.30559 22.8978 4
26 -1.84964 21.8502 2.30559 22.8978 4
27 -1.84964 21.8502 2.30559 22.8978 4
28 -1.84964 21.8502 2.30559 22.8978 4
29 -1.84964 21.8502 2.30559 22.8978 4
30 -1.84964 21.8502 2.30559 22.8978 4
31 -1.84964 21.8502 2.30559 22.8978 4
32 -1.84964 21.8502 2.30559 22.8978 4
33 -1.84964 21.8502 2.30559 22.8978 4
34 -1.84964 21.8502 2.30559 22.8978 4
35 -1.84964 21.8502 2.30559 22.8978 4
36 -1.84964 21.8502 2.30559 22.8978 4
37 -1.84964 21.8502 2.30559 22.8978 4
38 -1.84964 21.8502 2.30559 22.8978 4
39 -1.84964 21.8502 2.30559 22.8978 4
40 -1.84964 21.8502 2.30559 22.8978 4
41 -1.84964 21.8502 2.30559 22.8978 4
42 -2.36663 20.3237 -44.7635 37.1259 4
43 -1.59969 23.064 -46.3023 37.384 4
44 -1.28349 25.6578 -49.0924 36.1618 4
45 -0.862025 28.7216 -51.8911 37.1075 4
46 -2.48454 17.4427 -41.6662 36.3793 4
47 -2.76798 14.8014 -37.6637 32.4484 4
48 RANDOM
49 -1.88138 12.9519 -29.28 28.9054 4
50 4.89316 19.0437 -13.4777 10.8803 2
51 -1.84964 21.8502 2.30559 22.8978 4
52 4.89316 19.0437 -13.4777 10.8803 2
53 -1.84964 21.8502 2.30559 22.8978 4
54 4.89316 19.0437 -13.4777 10.8803 2
55 -1.84964 21.8502 2.30559 22.8978 4
56 4.89316 19.0437 -13.4777 10.8803 2
57 -1.84964 21.8502 2.30559 22.8978 4
58 4.89316 19.0437 -13.4777 10.8803 2
59 -1.84964 21.8502 2.30559 22.8978 4
60 4.89316 19.0437 -13.4777 10.8803 2
61 RANDOM
62 -1.84964 21.8502 2.30559 22.8978 4
63 -0.360156 13.1677 -24.7981 25.8969 4
64 4.89316 19.0437 -13.4777 10.8803 2
65 RANDOM
66 -1.84964 21.8502 2.30559 22.8978 4
67 -0.360156 13.1677 -24.7981 25.8969 4
68 4.89316 19.0437 -13.4777 10.8803 2
69 -1.84964 21.8502 2.30559 22.8978 4
70 RANDOM
71 -1.84964 21.8502 2.30559 22.8978 4
72 3.47896 21.2835 -20.9425 15.0174 2
