0 -4.76839 61.0904 0.743354 57.6053 2
1 -2.34065 63.6142 2.98361 59.5427 2
2 -0.799788 64.6591 4.46465 60.0012 2
3 4.3983 79.8665 17.1574 65.4802 2
4 6.81682 79.9062 19.1506 65.3749 2
5 8.7788 79.0032 20.693 64.4962 2
6 9.29076 72.197 19.3934 59.361 2
7 25.3081 87.9289 41.2064 66.0626 2
8 25.2423 85.318 40.2664 64.2842 2
9 24.7625 82.6325 39.0473 62.2993 2
10 22.676 75.8497 35.5048 56.9805 2
11 27.1334 80.6187 40.3265 61.1176 2
12 29.0184 80.7982 41.5765 61.9515 2
13 28.587 78.7258 40.5749 60.4303 2
14 25.5714 72.5527 36.5639 55.2802 2
15 22.2324 75.9731 35.3121 56.5525 2
16 23.7746 74.4039 35.8701 55.975 2
17 25.1037 72.8354 36.2994 55.3034 2
18 26.0493 67.4996 35.4145 51.707 2
19 18.8576 74.0534 32.6559 53.5143 2
20 19.2074 69.7931 31.4482 50.8666 2
21 19.6234 65.8221 30.4855 48.2781 2
22 23.2235 60.4287 31.5289 45.387 2
23 17.1907 60.7079 27.7246 42.9183 2
24 16.8776 58.3957 26.7446 41.45 2
25 16.3188 56.0106 25.5716 39.8256 2
26 18.4209 51.7355 25.856 37.3527 2
27 17.0868 54.8936 26.1399 37.8999 2
28 17.1033 52.9233 25.5482 36.7962 2
29 17.3123 51.9919 25.3692 36.4732 2
30 18.981 49.3805 25.7936 35.3524 2
31 15.0612 42.012 21.1397 27.4969 2
32 14.4748 38.6482 19.7635 25.1597 2
33 13.7801 35.606 18.3993 22.9827 2
34 14.6104 34.9899 18.9468 23.3621 2
35 14.3513 27.5499 17.336 17.1033 2
36 14.3437 25.604 17.003 16.3695 2
37 14.5304 24.1561 16.9155 15.9219 2
38 17.2483 27.7968 19.9411 19.7364 2
39 RANDOM
40 12.6922 16.5068 13.8115 10.9737 2
41 12.4274 16.6214 13.6718 11.2553 2
42 16.7522 24.0245 18.6109 17.8229 2
43 13.7848 17.5292 14.9331 11.846 2
44 13.8551 18.1101 15.1963 12.5259 2
45 13.918 18.5962 15.3565 13.0452 2
46 18.2445 26.1239 20.2493 19.7431 2
47 13.1173 17.3103 14.3888 11.7577 2
48 12.7504 17.2425 14.1005 11.7252 2
49 12.4208 16.9323 13.7642 11.4621 2
50 16.3183 23.6579 18.2929 17.3149 2
51 16.3183 23.6579 18.2929 17.3149 2
