0 22.7458 29.9331 18.5128 36.9093 4
1 23.0109 34.9619 14.7614 48.5319 4
2 23.3145 32.168 16.7099 42.6326 4
3 23.4132 32.3637 16.8052 42.9355 4
4 RANDOM
5 24.0958 33.6205 17.206 44.9106 4
6 22.0405 29.2505 16.596 37.6252 4
7 21.9443 29.2591 16.5198 37.7303 4
8 21.9391 29.527 16.4714 38.2853 4
9 21.9527 29.949 16.3972 39.1509 4
10 21.6488 27.2331 16.0364 34.541 4
11 21.7581 27.7883 16.006 35.5938 4
12 21.7904 28.2812 15.8943 36.563 4
13 21.7974 28.7421 15.7804 37.4695 4
14 20.3879 25.5712 13.5831 32.1368 4
15 20.1599 25.4917 13.3348 32.1127 4
16 20.0304 25.5498 13.1715 32.2735 4
17 19.9609 25.688 13.0458 32.5545 4
18 19.8284 23.5961 14.2122 28.2405 4
19 19.7334 23.6739 14.0254 28.4659 4
20 19.655 23.8215 13.8251 28.8138 4
21 19.6508 24.086 13.6641 29.3418 4
22 18.5615 22.0287 13.7744 25.8331 4
23 18.3998 21.93 13.6441 25.7486 4
24 18.2674 21.9679 13.4457 25.896 4
25 18.172 22.0878 13.2645 26.175 4
26 16.5144 21.3743 11.5204 22.6817 4
27 16.4862 21.4607 11.4561 22.7112 4
28 16.5036 21.6809 11.4224 22.9148 4
29 16.71 22.17 11.4756 23.4835 4
30 17.1905 21.8733 11.3397 21.8029 2
31 21.1426 20.9232 18.0682 20.4876 1
32 27.2732 26.4746 24.6439 24.5899 1
