0 -1.02438 18.8946 0.382888 19.4341 4
1 -1.02438 18.8946 0.382888 19.4341 4
2 -1.02438 18.8946 0.382888 19.4341 4
3 -1.02438 18.8946 0.382888 19.4341 4
4 -1.02438 18.8946 0.382888 19.4341 4
5 -1.02438 18.8946 0.382888 19.4341 4
6 -1.02438 18.8946 0.382888 19.4341 4
7 -1.02438 18.8946 0.382888 19.4341 4
8 -1.02438 18.8946 0.382888 19.4341 4
9 -1.02438 18.8946 0.382888 19.4341 4
10 -1.02438 18.8946 0.382888 19.4341 4
11 -1.02438 18.8946 0.382888 19.4341 4
12 -1.02438 18.8946 0.382888 19.4341 4
13 -1.02438 18.8946 0.382888 19.4341 4
14 -1.02438 18.8946 0.382888 19.4341 4
15 -1.02438 18.8946 0.382888 19.4341 4
16 -1.02438 18.8946 0.382888 19.4341 4
17 -1.02438 18.8946 0.382888 19.4341 4
18 -1.02438 18.8946 0.382888 19.4341 4
19 -1.02438 18.8946 0.382888 19.4341 4
20 -1.02438 18.8946 0.382888 19.4341 4
21 -1.02438 18.8946 0.382888 19.4341 4
22 -1.02438 18.8946 0.382888 19.4341 4
23 -1.02438 18.8946 0.382888 19.4341 4
24 -1.02438 18.8946 0.382888 19.4341 4
25 -1.02438 18.8946 0.382888 19.4341 4
26 RANDOM
27 -1.02438 18.8946 0.382888 19.4341 4
28 -1.02438 18.8946 0.382888 19.4341 4
29 -1.02438 18.8946 0.382888 19.4341 4
30 -1.02438 18.8946 0.382888 19.4341 4
31 RANDOM
32 -1.02438 18.8946 0.382888 19.4341 4
33 -1.02438 18.8946 0.382888 19.4341 4
34 -1.02438 18.8946 0.382888 19.4341 4
35 -1.02438 18.8946 0.382888 19.4341 4
36 -1.02438 18.8946 0.382888 19.4341 4
37 -1.02438 18.8946 0.382888 19.4341 4
38 -1.02438 18.8946 0.382888 19.4341 4
39 -1.02438 18.8946 0.382888 19.4341 4
40 RANDOM
41 -1.02438 18.8946 0.382888 19.4341 4
42 1.22045 17.6199 -47.3317 31.9699 4
43 2.39277 20.3345 -49.012 31.9858 4
44 3.2575 22.8065 -52.0385 30.3883 4
45 4.4498 26.1773 -54.9572 32.0794 4
46 0.518524 14.8439 -43.7887 31.4603 4
47 -0.0559138 12.2403 -39.613 27.7939 4
48 -0.0182856 10.865 -35.6224 25.4687 4
49 0.233173 10.1448 -31.2703 24.0759 4
50 8.67791 17.7812 -15.7272 7.97255 2
51 -1.02438 18.8946 0.382888 19.4341 4
52 8.67791 17.7812 -15.7272 7.97255 2
53 -1.02438 18.8946 0.382888 19.4341 4
54 8.67791 17.7812 -15.7272 7.97255 2
55 -1.02438 18.8946 0.382888 19.4341 4
56 8.67791 17.7812 -15.7272 7.97255 2
57 -1.02438 18.8946 0.382888 19.4341 4
58 8.67791 17.7812 -15.7272 7.97255 2
59 -1.02438 18.8946 0.382888 19.4341 4
60 8.67791 17.7812 -15.7272 7.97255 2
61 -1.02438 18.8946 0.382888 19.4341 4
62 8.67791 17.7812 -15.7272 7.97255 2
63 -1.02438 18.8946 0.382888 19.4341 4
64 RANDOM
65 -1.02438 18.8946 0.382888 19.4341 4
66 7.79998 19.8268 -23.3445 11.6639 2
