0 -227.887 210.501 -443.391 106.628 2
1 -227.246 207.359 -456.436 114.033 2
2 -231.308 211.559 -450.842 117.594 2
3 RANDOM
4 -302.181 195.626 -375.681 109.421 2
5 -305.696 196.906 -360.069 98.8028 2
6 -252.756 182.386 -421.479 106.904 2
7 -248.042 173.229 -388.935 87.9679 2
8 -258.836 152.305 -383.475 57.6383 2
9 -272.221 159.685 -381.439 59.8377 2
10 -277.395 153.324 -386.811 58.3656 2
11 -253.868 64.3045 -353.809 -59.5446 2
12 -253.645 59.1927 -358.101 -71.7938 2
13 -253.455 56.6143 -368.591 -79.4984 2
14 -226.614 60.5142 -370.973 -80.3051 2
15 -210.423 87.7645 -438.782 -15.9787 2
16 -210.016 77.001 -423.676 -46.132 2
17 RANDOM
18 -214.194 57.8816 -408.23 -87.0583 2
19 -199.344 62.532 -408.871 -56.3126 2
20 -202.977 59.4822 -418.646 -60.4345 2
21 -210.809 58.7991 -419.343 -64.5814 2
22 RANDOM
23 -125.556 13.555 -309.891 -179.996 2
24 -73.7765 -1.54097 -288.527 -227.37 2
25 -84.1571 0.95757 -296.211 -224.858 2
26 -84.6188 4.00762 -272.413 -229.968 2
27 -119.503 -7.00556 -271.665 -242.39 2
28 -45.8131 -27.9165 -234.87 -296.931 2
29 -10.7304 -36.7292 -210.836 -319.59 1
30 -11.5314 -56.632 -247.756 -342.325 1
