0 -15.7606 20.2954 11.8418 21.7993 4
1 -15.7606 20.2954 11.8418 21.7993 4
2 -15.7606 20.2954 11.8418 21.7993 4
3 -15.7606 20.2954 11.8418 21.7993 4
4 -15.7606 20.2954 11.8418 21.7993 4
5 -15.7606 20.2954 11.8418 21.7993 4
6 -15.7606 20.2954 11.8418 21.7993 4
7 -15.7606 20.2954 11.8418 21.7993 4
8 -15.7606 20.2954 11.8418 21.7993 4
9 -15.7606 20.2954 11.8418 21.7993 4
10 -15.7606 20.2954 11.8418 21.7993 4
11 -15.7606 20.2954 11.8418 21.7993 4
12 -15.7606 20.2954 11.8418 21.7993 4
13 -15.7606 20.2954 11.8418 21.7993 4
14 -15.7606 20.2954 11.8418 21.7993 4
15 -15.7606 20.2954 11.8418 21.7993 4
16 -15.7606 20.2954 11.8418 21.7993 4
17 -15.7606 20.2954 11.8418 21.7993 4
18 -15.7606 20.2954 11.8418 21.7993 4
19 -15.7606 20.2954 11.8418 21.7993 4
20 -15.7606 20.2954 11.8418 21.7993 4
21 -15.7606 20.2954 11.8418 21.7993 4
22 -15.7606 20.2954 11.8418 21.7993 4
23 -15.7606 20.2954 11.8418 21.7993 4
24 -15.7606 20.2954 11.8418 21.7993 4
25 -15.7606 20.2954 11.8418 21.7993 4
26 -15.7606 20.2954 11.8418 21.7993 4
27 -15.7606 20.2954 11.8418 21.7993 4
28 -15.7606 20.2954 11.8418 21.7993 4
29 -15.7606 20.2954 11.8418 21.7993 4
30 -15.7606 20.2954 11.8418 21.7993 4
31 -15.7606 20.2954 11.8418 21.7993 4
32 -15.7606 20.2954 11.8418 21.7993 4
33 -15.7606 20.2954 11.8418 21.7993 4
34 -15.7606 20.2954 11.8418 21.7993 4
35 -15.7606 20.2954 11.8418 21.7993 4
36 RANDOM
37 -15.7606 20.2954 11.8418 21.7993 4
38 -15.7606 20.2954 11.8418 21.7993 4
39 -15.7606 20.2954 11.8418 21.7993 4
40 -15.7606 20.2954 11.8418 21.7993 4
41 -15.7606 20.2954 11.8418 21.7993 4
42 -5.84507 4.28235 -87.4518 9.63676 4
43 -3.37687 5.8579 -94.854 11.4301 4
44 -1.23934 7.03183 -103.781 12.4595 4
45 1.20296 7.32002 -114.626 11.6307 4
46 -11.8028 -0.671163 -73.0658 4.12182 4
47 -11.6514 -0.860254 -67.688 3.91453 4
48 -10.58 -0.776631 -64.7342 4.2301 4
49 -8.17293 0.285956 -62.6007 5.23413 4
50 -3.43628 -4.70661 -84.3731 -10.3131 1
51 -18.1793 -5.96061 -17.6441 -5.1898 4
52 -0.570349 -0.943486 -103.37 -5.2531 1
