0 -12.6879 24.0769 9.05103 24.6883 4
1 -12.6879 24.0769 9.05103 24.6883 4
2 -12.6879 24.0769 9.05103 24.6883 4
3 RANDOM
4 -12.6879 24.0769 9.05103 24.6883 4
5 -12.6879 24.0769 9.05103 24.6883 4
6 -12.6879 24.0769 9.05103 24.6883 4
7 -12.6879 24.0769 9.05103 24.6883 4
8 -12.6879 24.0769 9.05103 24.6883 4
9 -12.6879 24.0769 9.05103 24.6883 4
10 -12.6879 24.0769 9.05103 24.6883 4
11 -12.6879 24.0769 9.05103 24.6883 4
12 -12.6879 24.0769 9.05103 24.6883 4
13 -12.6879 24.0769 9.05103 24.6883 4
14 -12.6879 24.0769 9.05103 24.6883 4
15 -12.6879 24.0769 9.05103 24.6883 4
16 -12.6879 24.0769 9.05103 24.6883 4
17 -12.6879 24.0769 9.05103 24.6883 4
18 -12.6879 24.0769 9.05103 24.6883 4
19 -12.6879 24.0769 9.05103 24.6883 4
20 -12.6879 24.0769 9.05103 24.6883 4
21 -12.6879 24.0769 9.05103 24.6883 4
22 -12.6879 24.0769 9.05103 24.6883 4
23 -12.6879 24.0769 9.05103 24.6883 4
24 -12.6879 24.0769 9.05103 24.6883 4
25 -12.6879 24.0769 9.05103 24.6883 4
26 -12.6879 24.0769 9.05103 24.6883 4
27 RANDOM
28 -12.6879 24.0769 9.05103 24.6883 4
29 -12.6879 24.0769 9.05103 24.6883 4
30 -12.6879 24.0769 9.05103 24.6883 4
31 -12.6879 24.0769 9.05103 24.6883 4
32 -12.6879 24.0769 9.05103 24.6883 4
33 -12.6879 24.0769 9.05103 24.6883 4
34 -12.6879 24.0769 9.05103 24.6883 4
35 -12.6879 24.0769 9.05103 24.6883 4
36 -12.6879 24.0769 9.05103 24.6883 4
37 RANDOM
38 -12.6879 24.0769 9.05103 24.6883 4
39 -12.6879 24.0769 9.05103 24.6883 4
40 -12.6879 24.0769 9.05103 24.6883 4
41 -12.6879 24.0769 9.05103 24.6883 4
42 0.628963 11.2334 -100.385 17.202 4
43 3.1227 12.9439 -108.496 19.1238 4
44 5.48588 14.4575 -118.512 20.4519 4
45 8.17203 15.3229 -130.628 20.1738 4
46 -5.89769 5.53968 -84.1613 12.1078 4
47 -6.05035 5.32667 -77.8172 12.4795 4
48 -5.79954 4.85615 -73.9651 11.7243 4
49 RANDOM
50 RANDOM
51 -13.4036 -0.667239 -21.9994 2.34544 4
52 5.5685 7.54817 -117.48 3.60325 2
