0 -323.801 244.873 -755.457 202.572 2
1 -298.406 245.573 -772.589 204.329 2
2 -280.61 258.553 -773.275 215.343 2
3 -414.482 231.911 -626.346 216.542 2
4 -381.439 218.376 -624.19 185.325 2
5 -368.304 227.993 -609.146 179.457 2
6 -278.46 226.467 -656.388 185.803 2
7 -365.738 239.913 -592.59 222.065 2
8 -350.203 233.757 -584.591 204.437 2
9 -343.34 248.631 -575.301 216.459 2
10 -297.399 293.927 -549.267 259.343 2
11 -253.774 207.801 -533.694 144.427 2
12 -235.398 210.523 -528.19 135.704 2
13 -216.453 228.184 -519.436 144.308 2
14 -134.857 290.632 -463.806 192.642 2
15 -250.388 235.564 -618.536 175.293 2
16 -229.831 251.575 -564.24 167.397 2
17 -222.335 282.048 -520.888 183.591 2
18 -148.099 326.29 -439.108 204.548 2
19 -209.569 339.694 -507.795 304.041 2
20 -182.94 373.801 -479.501 325.029 2
21 -167.251 389.232 -445.078 328.811 2
22 -62.2266 425.021 -336.702 321.621 2
23 -62.4608 455.884 -184.227 347.192 2
24 6.63468 450.272 -152.828 301.284 2
25 7.5297 447.699 -160.019 287.856 2
26 54.7631 458.323 -109.717 267.01 2
27 58.2331 458.712 -66.1268 280.177 2
28 169.13 466.551 0.453534 240.583 2
29 180.077 454.987 18.288 218.516 2
30 277.144 502.593 164.879 225.711 2
31 9.77604 429.721 23.4799 316.752 2
32 141.258 431.799 126.573 262.519 2
33 177.116 461.67 202.483 276.789 2
34 321.068 535.572 388.951 302.581 2
35 -81.9295 464.909 -12.0455 404.83 2
36 9.36564 496.545 105.014 401.452 2
37 96.5751 527.191 218.472 406.001 2
38 279.246 572.495 438.551 411.805 2
39 132.768 483.27 248.057 375.468 2
40 225.354 497.619 316.08 355.853 2
41 310.667 499.015 369.417 324.458 2
42 438.593 545.861 472.892 326.371 2
43 327.259 477.818 424.283 321.044 2
44 389.002 512.711 458.275 328.097 2
45 438.31 545.885 478.925 336.13 2
46 RANDOM
47 489.468 599.305 369.51 337.475 2
48 462.109 589.259 340.751 323.728 2
49 383.416 577.013 284.341 326.531 2
50 351.337 561.537 263.664 316.829 2
51 351.337 561.537 263.664 316.829 2
