0 18.2443 47.3478 15.585 52.9303 4
1 12.5495 51.4975 7.92785 60.4574 4
2 17.8196 51.23 12.9617 59.7464 4
3 17.3846 50.7766 12.6275 59.3433 4
4 17.1176 50.903 12.3986 59.6015 4
5 17.2924 52.2089 12.5125 61.1777 4
6 17.2217 46.9836 12.6393 54.8355 4
7 16.9966 46.9404 12.4169 54.9085 4
8 16.9073 47.574 12.2556 55.7545 4
9 16.7266 48.3236 11.9811 56.7687 4
10 16.577 42.8464 12.2208 50.4516 4
11 16.6059 43.1571 12.1002 50.8851 4
12 16.5276 43.3635 11.8533 51.2363 4
13 16.5421 44.1008 11.6916 52.151 4
14 15.7813 37.1145 9.92858 43.9238 4
15 15.3776 37.0198 9.5884 43.9048 4
16 15.0218 37.1083 9.26365 44.1277 4
17 14.7328 37.3763 8.97352 44.5619 4
18 15.4423 33.0971 10.368 38.727 4
19 15.1617 33.3075 10.0897 39.0898 4
20 RANDOM
21 RANDOM
22 12.798 29.7376 8.77858 34.9189 4
23 12.5002 29.5928 8.56121 34.8055 4
24 12.2004 29.9424 8.2881 35.3561 4
25 11.9307 30.6832 8.03514 36.4172 4
26 12.2132 28.5168 7.92796 32.2021 4
27 12.0848 28.4076 7.83881 32.0883 4
28 11.9901 28.7149 7.71982 32.476 4
29 12.1035 29.7226 7.65171 33.7169 4
30 12.916 26.2477 8.21143 29.2971 4
31 13.1392 26.4134 8.33222 29.4709 4
32 13.4693 26.9197 8.47311 30.0472 4
33 13.9716 27.9579 8.59153 31.2944 4
34 15.5208 23.1446 12.223 24.4033 4
35 16.0224 23.9697 12.3791 25.5317 4
36 16.6721 25.1656 12.5489 27.0829 4
37 17.6452 26.9587 12.8301 29.3335 4
38 17.8466 24.3433 15.0692 25.1226 4
39 18.2983 24.6456 15.5317 25.2595 4
40 18.0823 24.4758 15.1105 25.0433 4
41 18.6252 25.3505 15.2616 26.0688 4
42 12.7717 19.2419 11.1459 18.0024 2
43 21.2043 22.1799 21.7857 19.6274 2
44 22.6011 23.5196 23.3408 20.8367 2
45 23.6894 24.7346 24.472 22.055 2
46 23.9765 25.2321 24.5761 22.5449 2
47 22.4032 24.5689 21.4306 22.7123 2
48 23.6611 25.6554 22.9747 23.4527 2
49 24.6457 26.4972 24.1973 24.1604 2
50 25.3655 27.1775 25.039 24.8379 2
51 21.5291 24.4767 20.1376 23.3248 2
52 22.3575 25.1317 21.06 23.8274 2
53 22.9608 25.7441 21.7989 24.3597 2
54 23.3977 26.2156 22.3279 24.7947 2
55 23.8326 27.4365 22.5541 26.7499 2
56 24.6553 28.23 23.6529 27.2885 2
57 25.2511 28.8431 24.4268 27.7169 2
58 26.088 29.6454 25.4367 28.3329 2
59 25.5316 29.1779 24.3724 28.859 2
60 27.3144 30.6335 26.5443 29.777 2
61 28.6482 31.5597 28.1338 30.3476 2
62 29.6184 32.2373 29.2473 30.8094 2
63 28.0847 31.17 27.4041 30.1548 2
64 30.1484 32.4687 29.7743 30.9931 2
65 32.5347 34.1203 32.3329 32.4879 2
66 34.3605 35.6194 34.3068 34.1009 2
67 28.1644 31.1114 27.455 30.0812 2
68 29.9405 32.285 29.4105 30.9962 2
69 31.6205 33.4649 31.1984 31.9995 2
70 33.1272 34.6594 32.8193 33.1258 2
71 32.0575 34.8765 31.5678 33.6228 2
72 33.2161 35.5651 32.7415 34.2542 2
73 34.6861 36.4792 34.2109 35.1153 2
74 RANDOM
75 32.7175 35.6489 31.7046 34.8283 2
76 34.3373 36.5843 33.4389 35.5844 2
77 35.7102 37.4571 34.8564 36.3757 2
78 36.4625 37.9133 35.5928 36.8137 2
79 29.9126 37.985 29.6312 36.7208 2
80 31.5622 37.764 31.0485 36.6059 2
81 33.1041 38.1599 32.4769 36.9984 2
82 34.08 39.0837 33.5355 37.7849 2
83 26.5073 42.3608 27.2674 41.4949 2
84 30.0931 45.1742 31.1122 43.5464 2
85 33.128 47.7652 34.3792 45.577 2
86 35.0256 49.7169 36.6622 47.0094 2
87 43.0398 59.7503 46.2535 55.3145 2
88 44.451 58.7115 47.0631 54.7722 2
89 45.3287 57.9952 47.5763 54.5133 2
90 45.402 54.0914 46.5072 51.7383 2
91 50.1123 66.8907 54.1543 61.8694 2
92 50.4547 64.3804 53.5074 60.1264 2
93 50.1474 61.7715 52.4629 58.1541 2
94 49.7698 58.4282 51.258 55.6667 2
95 RANDOM
96 59.3601 69.8008 61.156 66.7441 2
97 58.9927 67.4199 60.2178 64.9835 2
98 RANDOM
99 59.5878 73.881 61.9815 70.1311 2
100 62.0652 74.7511 64.0031 71.5194 2
101 62.2295 73.8251 63.7285 71.049 2
102 61.6176 69.4785 62.1281 67.7945 2
103 51.2753 70.5837 56.6187 64.4521 2
104 55.2221 69.7568 58.3987 65.338 2
105 58.2798 69.3017 59.9539 66.264 2
106 64.8226 70.2128 64.4051 69.901 2
107 52.9374 69.4049 57.2713 64.0339 2
108 54.0513 67.7059 57.2114 63.2666 2
109 54.0571 65.4251 56.4535 61.6813 2
110 60.4931 66.3312 60.6537 65.1714 2
111 52.6173 72.4586 58.9775 65.4931 2
112 56.1771 72.2012 60.7198 66.6608 2
113 57.9826 71.0579 61.2612 66.5464 2
114 63.339 72.118 64.676 69.6333 2
115 45.8849 63.9081 52.0873 57.1112 2
116 47.3964 62.6165 52.3531 56.7736 2
117 47.3458 60.3678 51.5227 55.2782 2
118 50.2459 60.3332 53.0363 56.4973 2
119 45.5463 56.6198 50.2293 51.6816 2
120 49.5932 57.7307 52.7966 54.1644 2
121 53.8063 58.8585 55.9015 56.9109 2
122 60.5951 63.0407 61.5683 62.7011 2
123 49.4996 51.21 52.7013 49.1806 3
124 56.3908 61.1087 66.4408 56.8705 3
