0 -144.923 409.851 -418.291 335.254 2
1 -123.855 409.637 -431.52 337.988 2
2 RANDOM
3 -224.865 407.471 -270.906 346.919 2
4 -191.261 407.384 -264.758 329.366 2
5 -185.597 405.258 -252.394 312.139 2
6 -92.1223 411.838 -308.372 331.312 2
7 -141.681 447.911 -245.939 370.664 2
8 -128.443 442.118 -242.55 353.678 2
9 -128.809 451.497 -242.667 362.898 2
10 -89.291 481.65 -226.77 392.511 2
11 -45.6372 407.445 -196.346 286.929 2
12 -29.0371 404.8 -197.058 274.983 2
13 -12.0901 416.136 -194.046 278.56 2
14 53.4914 450.727 -158.126 302.339 2
15 -33.3472 425.355 -288.186 311.834 2
16 -19.7002 427.132 -247.151 289.686 2
17 -17.0982 448.387 -215.241 296.994 2
18 52.7063 480.752 -142.825 309.635 2
19 -2.45875 489.75 -191.556 396.746 2
20 25.6064 516.667 -168.696 412.189 2
21 34.8506 534.774 -143.938 424.541 2
22 126.145 536.438 -53.6749 380.74 2
23 157.584 546.959 112.021 364.567 2
24 221.342 535.076 138.835 316.547 2
25 218.922 532.925 125.299 306.457 2
26 253.689 524.943 158.907 268.458 2
27 260.658 506.263 208.778 250.313 2
28 368.763 506.703 271.814 205.834 2
29 RANDOM
30 463.317 538.943 422.472 194.488 2
31 222.454 521.949 300.279 335.765 2
32 349.941 517.383 402.592 277.779 2
33 373.512 539.804 468.337 285.969 2
34 504.417 574.765 636.28 271.459 3
35 459.413 541.588 636.276 284.147 3
