0 RANDOM
1 181.178 178.475 172.651 193.209 4
2 190.014 187.89 178.888 193.907 4
3 194.045 191.903 182.419 197.224 4
4 195.952 192.655 182.142 203.883 4
5 200.923 197.41 186.092 209.07 4
6 207.642 203.835 191.368 216.062 4
7 215.908 211.66 197.578 224.644 4
8 200.542 196.785 185.595 209.987 4
9 206.373 202.343 190.151 216.124 4
10 214.663 210.226 196.512 224.824 4
11 224.579 219.487 203.479 235.304 4
12 221.055 215.506 202.138 236.822 4
13 227.136 221.155 206.644 243.702 4
14 RANDOM
15 246.237 238.822 220.362 265.228 4
16 231.791 224.322 208.853 251.795 4
17 238.177 230.237 213.619 259.187 4
18 246.609 237.972 219.696 268.967 4
19 257.679 248.024 227.355 281.816 4
20 235.355 226.869 211.086 257.536 4
21 245.105 235.657 218.101 269.222 4
22 259.484 248.602 228.302 286.408 4
23 277.688 264.914 240.966 308.196 4
24 242.089 232.597 215.104 265.759 4
25 248.563 238.322 219.452 273.596 4
26 256.819 245.604 224.926 283.591 4
27 270.168 257.354 233.695 299.794 4
28 238.915 230.236 215.261 262.131 4
29 248.435 238.803 222.119 273.499 4
30 261.667 250.66 231.466 289.384 4
31 279.821 266.994 244.475 311.156 4
32 RANDOM
33 188.423 185.937 181.214 201.207 4
34 244.669 234.726 218.342 269.707 4
