0 -6.91358 78.3915 -23.3769 78.3133 2
1 RANDOM
2 -5.3256 86.4332 -21.8559 83.9011 2
3 -4.54079 90.1821 -20.4793 85.3976 2
4 -3.61591 91.5604 -19.0538 85.7149 2
5 -2.83308 89.5452 -17.5176 83.1103 2
6 -2.01219 81.213 -15.5561 75.0376 2
7 -1.39234 81.7951 -8.29452 70.784 2
8 -0.0381896 84.6069 -6.83985 72.6266 2
9 0.668859 84.4383 -5.94048 72.1186 2
10 0.721158 78.0601 -5.95899 66.7927 2
11 0.273295 84.2339 -6.83358 72.7168 2
12 1.09502 84.3608 -5.8531 72.4847 2
13 1.24265 83.2289 -5.57075 71.3062 2
14 1.06223 74.7896 -5.75447 64.345 2
15 -0.333737 73.8393 -7.60452 64.8327 2
16 0.269013 74.3113 -6.9637 64.9128 2
17 0.361867 74.5262 -6.8072 64.8637 2
18 0.416581 69.4721 -6.6348 60.5868 2
19 -0.241758 67.667 -7.7303 60.3808 2
20 -0.166686 67.0243 -7.59262 59.6048 2
21 -0.364339 67.1404 -7.61496 59.3883 2
22 -0.413792 58.7762 -7.45171 52.3327 2
23 -6.12027 53.6733 -12.2919 49.0879 2
24 -4.67784 57.579 -11.2324 52.1422 2
25 -3.43461 61.0699 -10.2398 54.8104 2
26 -2.55351 55.5036 -9.30186 49.9785 2
27 -5.69578 49.9867 -12.0573 46.3957 2
28 -4.38279 50.3429 -11.0881 46.5983 2
29 -3.18436 51.1878 -10.1154 47.1444 2
30 -2.43824 44.7952 -9.15675 41.5125 2
31 -9.08653 39.1928 -14.8243 38.1313 2
32 -7.976 40.1881 -14.1461 39.0162 2
33 -6.76391 41.6743 -13.4218 40.3919 2
34 -5.97913 38.7664 -12.3981 37.4045 2
35 -7.98917 36.2215 -14.2055 36.1806 2
36 -7.00064 35.4601 -13.3805 35.3713 2
37 -5.95966 35.0357 -12.4912 34.8964 2
38 -5.04615 31.5815 -11.1736 31.1939 2
39 -3.31283 21.9303 -11.2197 28.6384 4
40 -11.2166 28.9207 -16.27 32.0752 4
41 -11.9173 30.101 -16.8736 33.0696 4
42 -12.592 31.529 -17.4759 34.2528 4
43 -13.2966 33.0777 -18.1014 35.5049 4
44 -13.6047 37.7468 -18.1555 37.7862 4
45 -14.1154 37.2045 -18.3577 37.2868 4
46 -14.6921 36.5603 -18.613 36.7162 4
47 -15.3673 36.8116 -19.0691 36.9745 4
48 -11.0951 29.6785 -14.4725 29.6542 2
49 -8.45071 34.5409 -13.6044 33.6135 2
50 -7.40077 35.0757 -12.9071 33.9482 2
51 -6.31287 36.4982 -12.199 35.0362 2
52 -5.16595 39.2082 -11.4578 37.2866 2
53 -7.49493 34.1521 -13.3406 33.8476 2
54 -6.50765 33.4235 -12.4927 33.0628 2
55 -5.54292 32.9853 -11.6601 32.4906 2
56 -4.43463 32.8624 -10.6093 32.0396 2
57 -3.28662 21.8433 -11.1871 28.5367 4
58 -11.2166 28.9207 -16.27 32.0752 4
59 -11.9173 30.101 -16.8736 33.0696 4
60 -12.592 31.529 -17.4759 34.2528 4
61 -13.2966 33.0777 -18.1014 35.5049 4
62 -13.6047 37.7468 -18.1555 37.7862 4
63 -14.1154 37.2045 -18.3577 37.2868 4
64 -14.6921 36.5603 -18.613 36.7162 4
65 -15.3673 36.8116 -19.0691 36.9745 4
66 -11.0951 29.6785 -14.4725 29.6542 2
67 -8.45071 34.5409 -13.6044 33.6135 2
68 -7.40077 35.0757 -12.9071 33.9482 2
69 -6.31287 36.4982 -12.199 35.0362 2
70 -5.16595 39.2082 -11.4578 37.2866 2
71 -7.49493 34.1521 -13.3406 33.8476 2
72 -6.50765 33.4235 -12.4927 33.0628 2
73 -5.54292 32.9853 -11.6601 32.4906 2
74 -4.43463 32.8624 -10.6093 32.0396 2
75 -3.28662 21.8433 -11.1871 28.5367 4
76 -11.2166 28.9207 -16.27 32.0752 4
77 -11.9173 30.101 -16.8736 33.0696 4
78 -12.592 31.529 -17.4759 34.2528 4
79 -13.2966 33.0777 -18.1014 35.5049 4
80 -13.6047 37.7468 -18.1555 37.7862 4
81 -14.1154 37.2045 -18.3577 37.2868 4
82 -14.6921 36.5603 -18.613 36.7162 4
83 -15.3673 36.8116 -19.0691 36.9745 4
84 -11.0951 29.6785 -14.4725 29.6542 2
85 -8.45071 34.5409 -13.6044 33.6135 2
86 -7.40077 35.0757 -12.9071 33.9482 2
87 -6.31287 36.4982 -12.199 35.0362 2
88 -5.16595 39.2082 -11.4578 37.2866 2
89 -7.49493 34.1521 -13.3406 33.8476 2
90 -6.50765 33.4235 -12.4927 33.0628 2
91 -5.54292 32.9853 -11.6601 32.4906 2
92 -4.43463 32.8624 -10.6093 32.0396 2
93 -3.28662 21.8433 -11.1871 28.5367 4
94 -11.2166 28.9207 -16.27 32.0752 4
95 -11.9173 30.101 -16.8736 33.0696 4
96 -12.592 31.529 -17.4759 34.2528 4
97 -13.2966 33.0777 -18.1014 35.5049 4
98 RANDOM
99 RANDOM
100 -16.3484 33.9424 -19.6388 34.9652 4
101 -16.7502 34.615 -19.9391 35.6216 4
102 -12.8297 27.2305 -15.6198 28.0275 4
103 -13.29 28.3729 -16.0572 29.1622 4
104 -13.8074 29.0505 -16.4719 29.8722 4
105 -14.327 30.1159 -16.9282 30.8618 4
106 -14.1604 36.9455 -17.6418 36.058 2
107 RANDOM
108 -6.97318 34.777 -12.2827 33.329 2
109 -5.86528 35.2152 -11.505 33.5821 2
110 -4.82749 35.9617 -10.7465 34.0483 2
111 -10.4976 30.9437 -14.9012 30.8714 2
112 -9.5091 31.0873 -14.3529 30.8687 2
113 -8.51605 32.1433 -13.9237 31.6887 2
114 -7.42432 34.4517 -13.3485 33.6739 2
115 -9.53334 30.609 -14.5851 31.1775 4
116 -15.5416 34.6985 -19.3292 35.5703 4
117 -16.0525 34.1724 -19.5388 35.0767 4
118 -16.3484 33.9424 -19.6388 34.9652 4
119 -16.7502 34.615 -19.9391 35.6216 4
120 RANDOM
121 -1.08467 36.7516 -7.23613 33.4598 2
122 -4.32915 32.4033 -9.98668 30.7923 2
