0 522.542 1009.34 -686.585 949.324 2
1 558.717 977.122 -715.89 925.716 2
2 590.243 976.896 -732.29 939.49 2
3 348.145 1054.46 -458.577 1023.67 2
4 RANDOM
5 411.459 997.178 -448.862 913.371 2
6 558.441 903.023 -515.008 858.347 2
7 379.612 982.289 -346.074 1003.57 4
8 489.47 748.812 -597.379 655.504 2
9 379.612 982.289 -346.074 1003.57 4
10 489.47 748.812 -597.379 655.504 2
11 379.612 982.289 -346.074 1003.57 4
12 489.47 748.812 -597.379 655.504 2
13 379.612 982.289 -346.074 1003.57 4
14 489.47 748.812 -597.379 655.504 2
15 379.612 982.289 -346.074 1003.57 4
16 489.47 748.812 -597.379 655.504 2
17 379.612 982.289 -346.074 1003.57 4
18 489.47 748.812 -597.379 655.504 2
19 379.612 982.289 -346.074 1003.57 4
20 489.47 748.812 -597.379 655.504 2
21 379.612 982.289 -346.074 1003.57 4
22 489.47 748.812 -597.379 655.504 2
23 379.612 982.289 -346.074 1003.57 4
24 489.47 748.812 -597.379 655.504 2
25 379.612 982.289 -346.074 1003.57 4
26 489.47 748.812 -597.379 655.504 2
27 379.612 982.289 -346.074 1003.57 4
28 489.47 748.812 -597.379 655.504 2
29 379.612 982.289 -346.074 1003.57 4
30 489.47 748.812 -597.379 655.504 2
31 379.612 982.289 -346.074 1003.57 4
32 489.47 748.812 -597.379 655.504 2
33 379.612 982.289 -346.074 1003.57 4
34 489.47 748.812 -597.379 655.504 2
35 RANDOM
36 404.99 969.652 -317.099 969.949 4
37 204.034 1187.45 -304.23 1296.8 4
38 489.47 748.812 -597.379 655.504 2
39 379.612 982.289 -346.074 1003.57 4
40 483.771 688.965 -561.259 599.097 2
41 RANDOM
42 414.073 938.583 -275.236 937.249 2
43 412.864 943.938 -249.941 931.276 2
44 494.114 922.168 -180.251 890.232 2
45 492.998 932.827 -226.661 917.409 2
46 508.522 932.879 -204.071 896.562 2
47 524.574 944.58 -178.159 889.044 2
48 658.422 925.099 -49.003 839.542 2
49 513.508 965.77 -275.464 917.162 2
50 520.221 992.977 -186.772 915.449 2
51 522.847 1028.77 -118.804 931.31 2
52 618.93 1027.78 4.1325 907.643 2
53 609.973 982.846 -155.417 1013.94 4
54 580.034 927.48 -131.568 863.63 2
55 609.973 982.846 -155.417 1013.94 4
56 580.034 927.48 -131.568 863.63 2
57 609.973 982.846 -155.417 1013.94 4
58 580.034 927.48 -131.568 863.63 2
59 609.973 982.846 -155.417 1013.94 4
60 580.034 927.48 -131.568 863.63 2
61 609.973 982.846 -155.417 1013.94 4
62 580.034 927.48 -131.568 863.63 2
63 609.973 982.846 -155.417 1013.94 4
64 580.034 927.48 -131.568 863.63 2
65 609.973 982.846 -155.417 1013.94 4
66 580.034 927.48 -131.568 863.63 2
67 609.973 982.846 -155.417 1013.94 4
68 580.034 927.48 -131.568 863.63 2
69 609.973 982.846 -155.417 1013.94 4
70 580.034 927.48 -131.568 863.63 2
71 609.973 982.846 -155.417 1013.94 4
72 580.034 927.48 -131.568 863.63 2
73 609.973 982.846 -155.417 1013.94 4
74 580.034 927.48 -131.568 863.63 2
75 609.973 982.846 -155.417 1013.94 4
76 580.034 927.48 -131.568 863.63 2
77 609.973 982.846 -155.417 1013.94 4
78 580.034 927.48 -131.568 863.63 2
79 609.973 982.846 -155.417 1013.94 4
80 580.034 927.48 -131.568 863.63 2
81 609.973 982.846 -155.417 1013.94 4
82 580.034 927.48 -131.568 863.63 2
83 609.973 982.846 -155.417 1013.94 4
84 580.034 927.48 -131.568 863.63 2
85 609.973 982.846 -155.417 1013.94 4
86 580.034 927.48 -131.568 863.63 2
87 609.973 982.846 -155.417 1013.94 4
88 580.034 927.48 -131.568 863.63 2
89 609.973 982.846 -155.417 1013.94 4
90 580.034 927.48 -131.568 863.63 2
91 609.973 982.846 -155.417 1013.94 4
92 580.034 927.48 -131.568 863.63 2
93 609.973 982.846 -155.417 1013.94 4
94 580.034 927.48 -131.568 863.63 2
95 609.973 982.846 -155.417 1013.94 4
96 580.034 927.48 -131.568 863.63 2
97 609.973 982.846 -155.417 1013.94 4
98 580.034 927.48 -131.568 863.63 2
99 609.973 982.846 -155.417 1013.94 4
100 574.588 942.266 -205.548 875.753 2
101 600.684 1004.2 -237.892 1029.89 4
102 574.588 942.266 -205.548 875.753 2
103 600.684 1004.2 -237.892 1029.89 4
104 574.588 942.266 -205.548 875.753 2
105 600.684 1004.2 -237.892 1029.89 4
106 RANDOM
107 460.836 1009.15 -156.401 993.042 2
108 457.383 1060.72 -170.361 1002.3 2
