0 120.029 533.36 -639.983 457.892 2
1 148.53 524.728 -671.288 449.941 2
2 166.333 534.948 -687.257 457.922 2
3 79.3645 540.771 -495.082 508.622 2
4 117.385 517.967 -498.664 469.197 2
5 128.783 532.787 -479.392 468.18 2
6 219.638 511.302 -532.713 451.707 2
7 137.22 575.879 -434.237 565.24 2
8 162.636 578.073 -417.737 553.967 2
9 176.525 596.016 -401.445 567.567 2
10 250.566 652.877 -346.574 623.491 2
11 280.381 542.241 -363.579 482.366 2
12 305.452 543.102 -353.807 468.611 2
13 324.965 556.631 -344.3 471.399 2
14 439.75 640.019 -247.729 545.043 2
15 263.865 539.102 -466.212 468.698 2
16 290.104 567.048 -395.167 471.151 2
17 300.024 602.713 -341.848 491.301 2
18 407.897 679.748 -226.774 555.327 2
19 320.243 715.713 -306.05 698.592 2
20 355.161 745.345 -270.863 710.481 2
21 388.082 763.919 -219.17 710.163 2
22 555.51 822.939 -48.4077 731.989 2
23 498.673 910.138 101.001 846.288 2
24 596.904 911.062 157.443 800.401 2
25 RANDOM
26 677.755 924.385 226.605 770.592 2
27 660.431 948.161 261.498 830.523 2
28 792.368 955.194 344.808 788.403 2
29 829.994 943.557 380.84 758.269 2
30 979.415 1030.77 587.413 814.818 2
31 612.59 918.57 349.101 873.527 2
32 789.699 931.716 495.033 826.147 2
33 868.675 973.575 609.704 843.017 2
34 1084.03 1079.54 862.719 905.598 1
35 1064.32 1086.73 774.17 872.607 2
