0 948.043 2328.23 -601.987 2254.15 2
1 989.609 2291.1 -627.773 2226.72 2
2 1010.12 2302.95 -623.282 2249.41 2
3 791.999 2360.45 -400.335 2239.6 2
4 847.079 2290.83 -425.401 2169.68 2
5 867.487 2295.19 -401.86 2176.93 2
6 1007.22 2180.7 -448.041 2088.9 2
7 848.974 2242.69 -327.515 2136.31 2
8 862.289 2178.29 -285.26 2028.48 2
9 851.631 2182.29 -255.058 2019.65 2
10 906.166 2077.05 -196.454 1904.82 2
11 911.862 2103.8 -223.515 1904.69 2
12 918.671 2090.87 -184.238 1861.69 2
13 925.031 2086.46 -157.206 1838.84 2
14 1007.16 1911.8 -45.9498 1619.96 2
15 929.684 2245.79 -248.044 2073.23 2
16 930.253 2230.42 -136.667 1997.28 2
17 920.056 2248.06 -66.2542 1989.62 2
18 961.374 2129.1 32.7082 1832.9 2
19 1025.69 2295.55 -209.109 2294.36 2
20 1036.72 2256.85 -132.254 2198.45 2
21 1044.22 2222.72 -32.568 2112.26 2
22 1139.78 1980.13 168.973 1763.53 2
23 1056.05 2429.58 252.081 2406.19 2
24 1105.57 2297.37 349.41 2169.13 2
25 1107.1 2234.62 353.714 2060.43 2
26 1113.95 2073.52 405.365 1828.62 2
27 1133.69 2151.84 405.206 2048.67 2
28 1205.39 2097.71 512.612 1885.31 2
29 1255.77 2083.38 595.605 1792.58 2
30 1409.52 2026.44 857.983 1637.09 2
31 1078.75 2242.45 595.263 2173.13 2
32 1155.76 2068.71 800.499 1852.47 2
33 RANDOM
34 RANDOM
35 1107.03 2385.78 675.078 2395.48 4
36 1411.01 1913.4 1327.81 1665.98 2
37 1107.03 2385.78 675.078 2395.48 4
38 1411.01 1913.4 1327.81 1665.98 2
39 1107.03 2385.78 675.078 2395.48 4
40 1482.91 1880.05 1385.6 1625.97 2
41 1124.33 2344.89 686.79 2351.43 4
42 1482.91 1880.05 1385.6 1625.97 2
43 1124.33 2344.89 686.79 2351.43 4
44 1482.91 1880.05 1385.6 1625.97 2
45 1124.33 2344.89 686.79 2351.43 4
46 1482.91 1880.05 1385.6 1625.97 2
47 1124.33 2344.89 686.79 2351.43 4
48 1482.91 1880.05 1385.6 1625.97 2
49 1124.33 2344.89 686.79 2351.43 4
50 1482.91 1880.05 1385.6 1625.97 2
51 1124.33 2344.89 686.79 2351.43 4
52 1482.91 1880.05 1385.6 1625.97 2
53 1124.33 2344.89 686.79 2351.43 4
54 1482.91 1880.05 1385.6 1625.97 2
55 RANDOM
56 1168.1 2291.8 865.02 2209.75 2
57 1202.31 2251.49 1029.9 2084.55 2
58 1360.28 2221.22 1376.47 1937.84 2
59 1199.21 2522.32 1104.59 2365.14 2
60 1236.74 2420.38 1185.22 2182.92 2
61 1286.87 2349.26 1260.06 2087.55 2
62 1458.56 2393.74 1444.51 2088.36 2
63 1309.99 2370.26 1372.52 2154.43 2
64 1373.59 2367.53 1419.19 2118.32 2
65 1448.61 2399.98 1454.34 2114.0 2
66 1647.36 2467.71 1666.71 2151.88 2
67 1512.79 2483.19 1241.68 2112.0 2
68 1434.71 2426.41 1140.9 2037.6 2
69 1354.52 2381.06 1045.94 1987.91 2
70 1321.26 2356.29 1012.54 1959.01 2
71 1321.26 2356.29 1012.54 1959.01 2
