0 16.5857 53.5644 30.4214 55.6935 4
1 16.5857 53.5644 30.4214 55.6935 4
2 16.5857 53.5644 30.4214 55.6935 4
3 16.5857 53.5644 30.4214 55.6935 4
4 16.5857 53.5644 30.4214 55.6935 4
5 16.5857 53.5644 30.4214 55.6935 4
6 16.5857 53.5644 30.4214 55.6935 4
7 16.5857 53.5644 30.4214 55.6935 4
8 16.5857 53.5644 30.4214 55.6935 4
9 16.5857 53.5644 30.4214 55.6935 4
10 16.5857 53.5644 30.4214 55.6935 4
11 16.5857 53.5644 30.4214 55.6935 4
12 RANDOM
13 16.5857 53.5644 30.4214 55.6935 4
14 16.5857 53.5644 30.4214 55.6935 4
15 16.5857 53.5644 30.4214 55.6935 4
16 16.5857 53.5644 30.4214 55.6935 4
17 16.5857 53.5644 30.4214 55.6935 4
18 16.5857 53.5644 30.4214 55.6935 4
19 16.5857 53.5644 30.4214 55.6935 4
20 16.5857 53.5644 30.4214 55.6935 4
21 16.5857 53.5644 30.4214 55.6935 4
22 16.5857 53.5644 30.4214 55.6935 4
23 16.5857 53.5644 30.4214 55.6935 4
24 16.5857 53.5644 30.4214 55.6935 4
25 16.5857 53.5644 30.4214 55.6935 4
26 16.5857 53.5644 30.4214 55.6935 4
27 RANDOM
28 16.5857 53.5644 30.4214 55.6935 4
29 16.5857 53.5644 30.4214 55.6935 4
30 16.5857 53.5644 30.4214 55.6935 4
31 16.5857 53.5644 30.4214 55.6935 4
32 16.5857 53.5644 30.4214 55.6935 4
33 16.5857 53.5644 30.4214 55.6935 4
34 16.5857 53.5644 30.4214 55.6935 4
35 16.5857 53.5644 30.4214 55.6935 4
36 16.5857 53.5644 30.4214 55.6935 4
37 16.5857 53.5644 30.4214 55.6935 4
38 16.5857 53.5644 30.4214 55.6935 4
39 16.5857 53.5644 30.4214 55.6935 4
40 16.5857 53.5644 30.4214 55.6935 4
41 16.5857 53.5644 30.4214 55.6935 4
42 34.8694 121.411 29.623 138.341 4
43 40.1056 139.079 37.7152 152.323 4
44 46.3958 160.508 47.3988 169.784 4
45 RANDOM
46 24.495 90.7193 10.7248 118.544 4
47 21.771 81.9452 10.6796 108.007 4
48 22.0133 79.452 13.5633 101.961 4
49 21.7218 76.3976 16.8105 94.3494 4
50 125.902 297.244 206.737 241.904 2
51 16.5857 53.5644 30.4214 55.6935 4
52 125.902 297.244 206.737 241.904 2
53 16.5857 53.5644 30.4214 55.6935 4
54 125.902 297.244 206.737 241.904 2
55 16.5857 53.5644 30.4214 55.6935 4
56 125.902 297.244 206.737 241.904 2
57 RANDOM
58 16.5538 53.5252 30.3096 55.708 4
59 26.6035 89.0817 31.2167 95.4545 4
60 125.902 297.244 206.737 241.904 2
61 16.5857 53.5644 30.4214 55.6935 4
62 125.902 297.244 206.737 241.904 2
63 16.5857 53.5644 30.4214 55.6935 4
64 125.902 297.244 206.737 241.904 2
65 16.5857 53.5644 30.4214 55.6935 4
66 125.902 297.244 206.737 241.904 2
67 RANDOM
68 16.5538 53.5252 30.3096 55.708 4
69 26.6035 89.0817 31.2167 95.4545 4
70 125.902 297.244 206.737 241.904 2
71 16.5857 53.5644 30.4214 55.6935 4
72 125.902 297.244 206.737 241.904 2
73 RANDOM
74 16.5538 53.5252 30.3096 55.708 4
75 26.6035 89.0817 31.2167 95.4545 4
76 125.902 297.244 206.737 241.904 2
77 16.5857 53.5644 30.4214 55.6935 4
78 RANDOM
79 16.5857 53.5644 30.4214 55.6935 4
80 118.023 289.951 192.814 238.05 2
