0 21.8203 58.688 15.9522 63.1696 4
1 16.859 65.1625 8.22783 74.1216 4
2 21.8952 62.2709 13.1715 70.8047 4
3 21.6619 62.191 13.0236 70.7874 4
4 21.6341 62.9703 12.9655 71.7257 4
5 22.2237 65.8077 13.309 74.8805 4
6 20.9081 56.0763 12.6041 64.1126 4
7 20.8748 56.4002 12.5352 64.5735 4
8 20.932 57.3852 12.4735 65.7694 4
9 21.0496 59.1385 12.4282 67.8091 4
10 21.0816 49.43 13.3706 56.6725 4
11 21.3241 50.118 13.4935 57.4612 4
12 RANDOM
13 21.2516 52.5827 13.0995 60.591 4
14 20.9149 46.3699 11.7667 53.4614 4
15 20.5594 46.4978 11.4026 53.7454 4
16 20.3019 46.9721 11.0643 54.4444 4
17 20.1402 47.7949 10.7454 55.5661 4
18 20.693 43.7999 12.3806 50.2477 4
19 20.4813 44.2061 12.0584 50.8448 4
20 20.2519 45.0266 11.648 51.9674 4
21 20.2273 46.529 11.3195 53.89 4
22 16.7645 39.6488 9.56801 46.104 4
23 16.5341 39.9267 9.32389 46.5291 4
24 16.3788 40.6157 9.06967 47.4609 4
25 16.3565 41.9957 8.86499 49.2176 4
26 16.2151 36.5681 8.93134 42.8313 4
27 16.0625 36.4061 8.77555 42.8339 4
28 16.0406 37.0012 8.56574 43.7517 4
29 16.3499 38.649 8.43447 45.8647 4
30 16.0946 32.7175 8.94853 39.3383 4
31 16.3481 33.1388 9.08892 39.8968 4
32 16.8627 34.3076 9.19954 41.3993 4
33 17.5739 36.057 9.2476 43.6527 4
34 17.6759 27.5629 13.0906 31.9374 4
35 18.5071 29.2262 13.2365 34.122 4
36 19.5487 31.3263 13.3714 36.8686 4
37 20.8654 33.7972 13.5804 40.0636 4
38 19.6923 28.0326 16.3992 31.6559 4
39 20.0183 28.2444 16.8053 31.7943 4
40 19.7777 28.1786 16.2901 31.8689 4
41 20.4134 29.5253 16.1548 33.7402 4
42 15.1562 22.3241 14.0617 23.7407 4
43 15.2282 22.7046 13.894 24.4573 4
44 15.5819 23.6135 13.701 25.9852 4
45 16.1633 25.0118 13.4679 28.2914 4
46 14.5603 21.5259 15.8943 17.6188 2
47 21.6654 23.7562 23.8046 21.0812 3
48 16.6293 20.885 17.732 19.51 2
