0 -203.608 400.419 -817.881 346.347 2
1 -170.953 393.434 -845.047 338.344 2
2 -148.357 403.649 -857.069 345.812 2
3 -281.821 381.629 -710.587 362.777 2
4 -243.834 361.429 -711.08 325.239 2
5 -230.614 375.129 -692.354 323.375 2
6 -136.419 353.593 -742.759 305.161 2
7 -241.62 395.88 -671.184 388.976 2
8 -231.059 367.743 -660.474 350.832 2
9 -221.503 380.696 -647.756 359.73 2
10 -163.281 416.011 -614.495 390.208 2
11 -125.853 324.612 -610.054 271.23 2
12 -101.44 325.114 -603.484 258.344 2
13 -81.4453 339.257 -595.055 262.445 2
14 12.2981 399.513 -525.612 308.862 2
15 -127.053 337.503 -703.291 279.327 2
16 -105.019 358.46 -640.503 275.525 2
17 -97.8644 389.54 -593.444 291.479 2
18 -13.4602 439.59 -504.469 323.133 2
19 -83.2394 461.674 -576.745 439.601 2
20 -54.6225 490.849 -546.597 453.15 2
21 -31.6606 503.945 -506.397 448.454 2
22 97.3494 527.121 -376.123 428.127 2
23 56.8702 590.733 -237.383 509.454 2
24 144.389 583.649 -191.438 456.165 2
25 150.97 579.424 -193.178 438.28 2
26 205.92 583.932 -136.673 412.666 2
27 192.808 589.032 -109.658 444.09 2
28 308.185 591.012 -39.2987 398.674 2
29 335.574 580.264 -8.79922 372.34 2
30 446.102 629.295 156.963 384.448 2
31 135.313 567.378 -25.9335 495.543 2
32 284.084 566.062 95.816 435.297 2
33 334.027 592.703 186.482 440.44 2
34 505.688 664.711 396.673 465.632 2
35 59.5323 602.828 -29.3063 575.035 2
36 RANDOM
37 256.417 663.748 217.001 574.38 2
38 461.838 700.672 449.94 572.185 2
39 288.465 621.327 237.717 540.689 2
40 395.513 635.136 317.171 520.949 2
41 490.923 634.628 376.519 486.063 2
42 650.825 639.836 488.228 439.746 1
43 678.829 649.472 387.248 387.537 1
