0 80.7074 82.8159 75.6414 86.5753 4
1 82.4117 85.3498 73.8804 91.1378 4
2 82.421 83.4115 75.3398 89.3316 4
3 83.8573 85.0261 76.4838 91.1898 4
4 85.7589 87.1988 77.9031 93.7343 4
5 88.0076 89.954 79.4477 97.0689 4
6 83.031 84.3663 76.1769 89.9409 4
7 84.765 86.2438 77.5403 92.1935 4
8 86.9568 88.6835 79.2284 95.1633 4
9 90.3135 92.7043 81.7891 100.074 4
10 94.5818 95.2144 87.7654 103.234 4
11 96.1979 96.8302 89.1194 105.345 4
12 98.2725 98.9383 90.8172 108.102 4
13 101.203 102.011 93.2006 112.05 4
14 96.1286 96.5988 89.2455 106.164 4
15 97.2574 97.7265 90.1781 107.711 4
16 99.2737 99.7424 91.8544 110.369 4
17 102.58 103.051 94.6245 114.632 4
18 96.7207 97.0635 90.0921 106.874 4
19 98.5719 98.9024 91.6604 109.311 4
20 101.393 101.698 94.0425 113.056 4
21 106.127 106.357 98.0781 119.097 4
22 95.7049 96.0452 89.0654 106.758 4
23 97.5655 97.87 90.6654 109.159 4
24 100.614 100.855 93.2766 113.077 4
25 105.731 105.877 97.6573 119.534 4
26 96.7633 97.0401 90.6727 105.757 4
27 97.66 97.9433 91.4467 107.19 4
28 RANDOM
29 103.742 104.054 96.6978 115.628 4
30 95.1277 95.1484 89.8012 104.778 4
31 99.1532 99.0912 93.4632 109.764 4
32 105.231 104.978 98.8148 117.176 4
33 114.564 114.009 106.844 128.562 4
34 92.3474 92.4934 88.1159 103.841 4
35 97.7363 97.7511 93.0442 110.366 4
36 106.822 106.52 101.074 121.136 4
37 119.974 119.13 112.445 136.829 4
38 94.8595 94.8419 90.926 108.763 4
39 99.9695 99.8585 95.5635 114.895 4
40 110.152 109.813 104.584 126.794 4
41 124.22 123.471 116.833 143.323 4
42 94.0355 95.7415 91.9192 111.958 4
43 100.351 101.941 97.5813 119.354 4
44 111.92 113.289 107.792 132.754 4
45 RANDOM
46 98.3277 101.69 97.4032 121.035 4
47 RANDOM
48 118.66 121.812 115.86 144.94 4
49 136.421 139.333 131.573 165.565 4
50 130.117 135.903 129.207 165.514 4
51 RANDOM
