0 -522.525 208.551 -873.43 165.199 2
1 -491.422 209.731 -892.332 166.592 2
2 RANDOM
3 -628.326 194.593 -766.053 183.399 2
4 -591.919 181.115 -763.229 152.003 2
5 -577.042 193.376 -745.704 148.848 2
6 -479.969 192.452 -788.996 153.036 2
7 -585.58 210.372 -731.416 200.519 2
8 -565.904 212.593 -722.165 190.898 2
9 -557.847 229.9 -711.459 205.231 2
10 -511.785 277.677 -684.581 250.01 2
11 -476.315 178.779 -673.477 120.11 2
12 -453.612 182.797 -667.287 112.267 2
13 -432.405 201.402 -658.603 121.57 2
14 -352.514 269.047 -600.775 175.402 2
15 -465.926 199.593 -758.443 140.758 2
16 -446.298 217.445 -703.243 134.81 2
17 -438.892 248.287 -658.448 151.129 2
18 -368.642 301.004 -576.648 182.818 2
19 -426.188 319.124 -642.885 290.532 2
20 -400.653 353.59 -614.799 311.574 2
21 -384.864 369.953 -580.135 314.557 2
22 -284.868 406.765 -469.266 307.621 2
23 -300.043 440.807 -327.756 345.851 2
24 -227.62 434.486 -291.802 295.516 2
25 -224.679 432.13 -296.165 281.281 2
26 -182.81 444.365 -247.262 263.309 2
27 RANDOM
28 -80.6456 452.315 -146.008 240.54 2
29 -67.1182 442.798 -124.857 219.068 2
30 19.0719 495.331 20.9849 233.075 2
31 -243.243 420.291 -128.186 326.053 2
32 -116.036 422.492 -23.7824 270.279 2
33 -82.359 452.883 53.8116 283.417 2
34 51.9184 532.197 239.257 315.431 2
35 -324.775 455.183 -150.087 410.613 2
36 -239.16 487.148 -35.196 407.292 2
37 -157.622 520.403 76.2713 414.622 2
38 11.0126 569.773 290.302 425.097 2
39 -122.547 475.004 102.574 380.43 2
40 -33.1959 491.451 171.197 362.655 2
41 50.6176 493.189 224.233 330.796 2
42 174.284 532.174 323.839 322.543 2
43 59.1288 472.49 274.826 329.752 2
44 124.608 496.515 308.905 323.037 2
45 172.506 530.412 328.548 331.185 2
46 292.995 618.576 449.264 393.372 2
47 231.508 594.02 224.499 343.551 2
48 205.936 583.568 196.496 328.479 2
49 130.06 570.99 141.567 330.904 2
50 97.5407 556.392 120.08 322.046 2
51 97.5407 556.392 120.08 322.046 2
