0 -22.1121 56.6724 -14.5986 58.7411 4
1 -42.8514 59.28 -29.616 68.6488 4
2 -31.0272 63.1355 -21.2267 70.6689 4
3 -31.6978 62.5574 -21.7532 70.2526 4
4 -32.7569 62.8768 -22.5066 70.8367 4
5 -34.3045 62.8081 -23.6323 71.2587 4
6 -29.7955 56.2189 -20.6408 63.5833 4
7 -30.582 55.9393 -21.233 63.5165 4
8 -31.8117 56.4921 -22.1021 64.4661 4
9 -33.234 57.084 -23.1252 65.6329 4
10 RANDOM
11 -25.6115 51.33 -18.0829 58.118 4
12 -26.4378 50.9174 -18.7222 57.9746 4
13 -28.1429 52.1298 -19.8958 59.7521 4
14 -25.003 45.2786 -18.2819 53.3146 4
15 -25.8371 44.896 -18.9019 53.031 4
16 -26.8244 45.0641 -19.6226 53.4533 4
17 -28.0812 45.6913 -20.535 54.5412 4
18 -23.8832 39.9533 -17.8821 47.967 4
19 -24.7284 39.9558 -18.4911 48.0763 4
20 -25.7366 40.6674 -19.1952 48.9485 4
21 -26.9756 41.4124 -20.07 49.9267 4
22 -26.5748 34.5497 -19.9296 41.6198 4
23 -27.4453 34.7789 -20.5328 41.805 4
24 -28.6536 34.9676 -21.3686 41.9184 4
25 -29.9472 35.3986 -22.2733 42.3498 4
26 -32.327 26.6913 -24.8933 31.5514 4
27 -33.5679 26.6801 -25.7675 31.5351 4
28 -35.1138 26.7425 -26.7478 31.5957 4
29 -37.023 27.025 -28.0711 31.9664 4
30 -35.2231 19.5853 -27.0879 24.0258 4
31 -36.822 19.1973 -28.1182 23.6067 4
32 -38.5136 18.9262 -29.2131 23.3277 4
33 -40.5767 19.0313 -30.6561 23.5357 4
34 -33.9702 11.8502 -25.331 14.918 4
35 -34.8309 12.0962 -25.9754 15.2843 4
36 -36.0911 11.8001 -26.7783 14.934 4
37 -37.8165 11.5891 -27.9421 14.7218 4
38 RANDOM
39 -36.9288 6.36251 -26.8758 8.56447 4
40 -38.6006 6.91253 -28.0207 9.25529 4
41 -40.6393 7.3165 -29.5922 9.89876 4
42 -32.0612 3.44969 -22.3767 4.09215 4
43 -33.1195 3.29714 -23.1246 3.94334 4
44 -34.3529 3.25867 -24.0382 4.01547 4
45 -36.1254 3.33528 -25.4722 4.27034 4
46 -33.1464 2.07956 -21.6556 0.720264 2
47 -17.3938 2.53813 -11.2751 1.46447 2
48 -16.002 2.50178 -10.388 1.54783 2
49 -14.7808 2.40293 -9.70653 1.62297 2
50 -13.431 1.86468 -8.85125 1.27307 2
51 -13.3194 3.94611 -7.96267 3.0109 2
52 -11.5468 3.23767 -6.94224 2.68436 2
53 -10.3598 2.70281 -6.42087 2.48404 2
54 -9.79876 2.30786 -6.48062 2.3666 4
55 -26.5044 4.81427 -14.7326 3.22171 2
56 -9.79876 2.30786 -6.48062 2.3666 4
57 -26.5044 4.81427 -14.7326 3.22171 2
58 -9.79876 2.30786 -6.48062 2.3666 4
59 -26.5044 4.81427 -14.7326 3.22171 2
60 -9.79876 2.30786 -6.48062 2.3666 4
61 -26.5044 4.81427 -14.7326 3.22171 2
62 -9.79876 2.30786 -6.48062 2.3666 4
63 -26.5044 4.81427 -14.7326 3.22171 2
64 -9.79876 2.30786 -6.48062 2.3666 4
65 -26.5044 4.81427 -14.7326 3.22171 2
66 -9.79876 2.30786 -6.48062 2.3666 4
67 RANDOM
68 -28.1032 5.06503 -15.8361 3.46065 2
69 -10.3598 2.70281 -6.42087 2.48404 2
70 -9.79876 2.30786 -6.48062 2.3666 4
71 -26.5044 4.81427 -14.7326 3.22171 2
72 -9.79876 2.30786 -6.48062 2.3666 4
73 -26.5044 4.81427 -14.7326 3.22171 2
74 -9.79876 2.30786 -6.48062 2.3666 4
75 -26.5044 4.81427 -14.7326 3.22171 2
76 -9.79876 2.30786 -6.48062 2.3666 4
77 -26.5044 4.81427 -14.7326 3.22171 2
78 -9.79876 2.30786 -6.48062 2.3666 4
79 -26.5044 4.81427 -14.7326 3.22171 2
80 -9.79876 2.30786 -6.48062 2.3666 4
81 -26.5044 4.81427 -14.7326 3.22171 2
82 -9.79876 2.30786 -6.48062 2.3666 4
83 RANDOM
84 -28.1032 5.06503 -15.8361 3.46065 2
85 -10.3598 2.70281 -6.42087 2.48404 2
86 -9.79876 2.30786 -6.48062 2.3666 4
87 -26.5044 4.81427 -14.7326 3.22171 2
88 RANDOM
89 -9.79831 2.273 -6.03191 2.16581 2
90 -9.57184 2.16541 -6.37168 2.36671 4
91 -22.3695 6.24975 -9.10793 4.18981 2
92 -9.57184 2.16541 -6.37168 2.36671 4
93 -22.3695 6.24975 -9.10793 4.18981 2
94 RANDOM
95 -9.85826 2.79116 -7.04113 3.07452 4
96 -21.1917 5.9346 -8.98191 3.91285 2
97 -9.85826 2.79116 -7.04113 3.07452 4
98 -21.1917 5.9346 -8.98191 3.91285 2
99 -9.85826 2.79116 -7.04113 3.07452 4
100 -21.7925 5.3468 -10.2688 3.43664 2
101 -10.4729 2.50367 -7.70241 2.78598 4
102 -21.7925 5.3468 -10.2688 3.43664 2
103 -10.4729 2.50367 -7.70241 2.78598 4
104 -21.7925 5.3468 -10.2688 3.43664 2
105 -10.4729 2.50367 -7.70241 2.78598 4
106 -21.7925 5.3468 -10.2688 3.43664 2
107 -10.4729 2.50367 -7.70241 2.78598 4
108 -21.7925 5.3468 -10.2688 3.43664 2
109 -10.4729 2.50367 -7.70241 2.78598 4
110 -21.7925 5.3468 -10.2688 3.43664 2
111 -10.4729 2.50367 -7.70241 2.78598 4
112 -21.7925 5.3468 -10.2688 3.43664 2
113 -10.4729 2.50367 -7.70241 2.78598 4
114 -21.7925 5.3468 -10.2688 3.43664 2
115 -10.4729 2.50367 -7.70241 2.78598 4
116 -21.7925 5.3468 -10.2688 3.43664 2
117 -10.4729 2.50367 -7.70241 2.78598 4
118 RANDOM
119 -22.898 5.62394 -10.3853 3.61431 2
120 -10.2071 1.82675 -7.11735 2.03314 4
121 -22.898 5.62394 -10.3853 3.61431 2
122 -10.2071 1.82675 -7.11735 2.03314 4
123 -22.898 5.62394 -10.3853 3.61431 2
124 -10.2071 1.82675 -7.11735 2.03314 4
125 -22.898 5.62394 -10.3853 3.61431 2
126 -10.2071 1.82675 -7.11735 2.03314 4
127 -22.898 5.62394 -10.3853 3.61431 2
128 -10.2071 1.82675 -7.11735 2.03314 4
129 -22.898 5.62394 -10.3853 3.61431 2
130 -10.2071 1.82675 -7.11735 2.03314 4
131 -22.898 5.62394 -10.3853 3.61431 2
132 -10.2071 1.82675 -7.11735 2.03314 4
133 -22.898 5.62394 -10.3853 3.61431 2
134 -10.2071 1.82675 -7.11735 2.03314 4
135 -22.898 5.62394 -10.3853 3.61431 2
136 -10.2071 1.82675 -7.11735 2.03314 4
137 -22.898 5.62394 -10.3853 3.61431 2
138 -10.2071 1.82675 -7.11735 2.03314 4
139 -22.898 5.62394 -10.3853 3.61431 2
140 -10.2071 1.82675 -7.11735 2.03314 4
141 -22.898 5.62394 -10.3853 3.61431 2
142 -10.2071 1.82675 -7.11735 2.03314 4
143 -22.898 5.62394 -10.3853 3.61431 2
144 RANDOM
145 RANDOM
146 -10.7158 3.3623 -8.13669 3.57181 4
147 -21.1297 5.10347 -10.6656 3.36947 2
148 -10.7158 3.3623 -8.13669 3.57181 4
149 -21.1297 5.10347 -10.6656 3.36947 2
150 -10.7158 3.3623 -8.13669 3.57181 4
151 -21.1297 5.10347 -10.6656 3.36947 2
152 -10.7158 3.3623 -8.13669 3.57181 4
153 RANDOM
154 -21.7925 5.3468 -10.2688 3.43664 2
155 RANDOM
156 RANDOM
157 -9.80281 4.00915 -7.06228 3.76195 2
158 -8.96857 3.85857 -6.63076 3.65324 2
159 -8.80228 4.46081 -6.70615 4.20504 2
160 -9.00921 5.36294 -7.00647 5.00391 2
161 -10.5655 9.26591 -7.76433 8.08485 2
162 -10.0077 9.29892 -7.52457 8.18062 2
163 -9.56836 10.0277 -7.33536 8.89589 2
164 -9.11104 10.9508 -7.02733 9.71205 2
165 -11.3462 12.1526 -8.17972 11.0113 2
166 -10.0463 12.2255 -7.40191 10.6328 2
167 -8.78542 12.1459 -6.49064 10.4028 2
168 -8.15776 11.5601 -6.00323 9.94544 2
169 -9.3435 17.3296 -6.78286 15.9146 2
170 -8.70411 17.1629 -6.26367 15.837 2
171 -8.47056 16.3018 -6.16407 15.0939 2
172 -8.32748 14.3888 -6.14459 13.0819 2
173 -10.2179 16.0105 -7.10919 13.5678 2
174 -9.22003 16.7848 -6.56951 14.6391 2
175 -8.67207 17.7351 -6.19853 15.993 2
176 -8.37964 18.3176 -5.99043 16.8123 2
177 RANDOM
178 -9.17651 19.217 -6.19946 16.2921 2
179 -8.85365 19.9993 -5.93475 17.2574 2
180 -8.50152 19.5657 -5.70885 16.9568 2
181 -10.271 19.9355 -6.62391 16.3144 2
182 RANDOM
183 -8.93933 23.7705 -5.40535 19.6451 2
184 -8.64889 24.7114 -4.98254 20.4047 2
185 -11.5462 22.2786 -7.4153 19.1024 2
186 -10.9149 24.2401 -6.91652 20.6608 2
187 -10.1715 26.5831 -6.21046 22.684 2
188 -9.70182 28.293 -5.58901 24.0448 2
189 -11.8851 31.9939 -5.0093 25.3924 2
190 -9.96691 34.5842 -2.50994 26.7415 2
191 -8.24873 37.346 0.0905869 28.4344 2
192 -7.15122 39.3731 2.01182 29.7273 2
193 -4.10365 51.2261 11.2265 37.2767 2
194 -3.12001 48.206 11.2861 34.7393 2
195 -2.4075 45.0544 11.0447 32.1444 2
196 -2.20092 37.8211 8.96327 26.32 2
197 -0.57575 49.9993 14.5716 35.9171 2
198 -0.263132 47.0709 13.7913 33.6512 2
199 -0.495277 44.1525 12.5439 31.3888 2
200 -0.774184 37.9608 10.1906 26.5377 2
201 -0.282859 45.8798 13.4936 32.5144 2
202 -0.0148832 43.2194 12.7532 30.4991 2
203 -0.254249 40.5366 11.5663 28.4504 2
204 -0.697132 34.8189 9.25 23.9885 2
205 -4.66018 39.7695 7.82259 27.5652 2
206 -4.41415 38.1924 7.41907 26.4461 2
207 -4.25245 37.1099 7.13631 25.6993 2
208 -4.07207 31.9715 5.45703 21.7137 2
209 -7.20205 33.2391 4.07398 22.1617 2
210 -6.79109 30.3616 3.28438 20.1203 2
211 -6.54922 29.2468 2.9741 19.3848 2
212 -5.74586 24.635 1.87392 16.062 2
213 -7.65386 29.404 2.53678 19.2686 2
214 -7.67988 25.9705 1.37617 16.8285 2
215 -7.75301 23.7473 0.569646 15.2772 2
216 -7.18734 18.093 -1.09227 11.2071 2
217 -7.81537 22.0422 0.127203 13.8109 2
218 -7.62226 17.9905 -1.09744 10.9504 2
219 -7.55632 14.9833 -2.00061 8.88231 2
220 -7.07635 11.5224 -2.82426 6.37595 2
221 -9.06402 10.9196 -3.78532 5.51451 2
222 -8.52742 8.91696 -4.10626 4.15261 2
223 -8.21395 6.48594 -4.66408 2.42485 2
224 RANDOM
225 RANDOM
226 -7.99431 -0.450465 -6.29802 -2.46765 2
227 -7.80378 -2.80152 -6.7319 -3.92503 2
228 -7.32903 -3.98392 -6.3801 -4.58048 2
229 -8.37416 -8.58783 -7.70432 -6.60789 4
230 -12.4232 32.5987 2.10231 20.2434 2
231 -8.37416 -8.58783 -7.70432 -6.60789 4
232 -12.4232 32.5987 2.10231 20.2434 2
233 -8.37416 -8.58783 -7.70432 -6.60789 4
234 -12.4232 32.5987 2.10231 20.2434 2
235 -8.37416 -8.58783 -7.70432 -6.60789 4
236 -12.4232 32.5987 2.10231 20.2434 2
237 -8.37416 -8.58783 -7.70432 -6.60789 4
238 -12.4232 32.5987 2.10231 20.2434 2
239 -8.37416 -8.58783 -7.70432 -6.60789 4
240 -12.4232 32.5987 2.10231 20.2434 2
241 -8.37416 -8.58783 -7.70432 -6.60789 4
242 -12.4232 32.5987 2.10231 20.2434 2
243 -8.37416 -8.58783 -7.70432 -6.60789 4
244 -12.4232 32.5987 2.10231 20.2434 2
245 -8.37416 -8.58783 -7.70432 -6.60789 4
246 -12.4232 32.5987 2.10231 20.2434 2
247 -8.37416 -8.58783 -7.70432 -6.60789 4
248 -12.4232 32.5987 2.10231 20.2434 2
249 -8.37416 -8.58783 -7.70432 -6.60789 4
250 -12.4232 32.5987 2.10231 20.2434 2
251 -8.37416 -8.58783 -7.70432 -6.60789 4
252 -12.4232 32.5987 2.10231 20.2434 2
253 -8.37416 -8.58783 -7.70432 -6.60789 4
254 -12.4232 32.5987 2.10231 20.2434 2
255 -8.37416 -8.58783 -7.70432 -6.60789 4
256 -12.4232 32.5987 2.10231 20.2434 2
257 -8.37416 -8.58783 -7.70432 -6.60789 4
258 -12.4232 32.5987 2.10231 20.2434 2
259 -8.37416 -8.58783 -7.70432 -6.60789 4
260 -12.4232 32.5987 2.10231 20.2434 2
261 -8.37416 -8.58783 -7.70432 -6.60789 4
262 -12.4232 32.5987 2.10231 20.2434 2
263 -8.37416 -8.58783 -7.70432 -6.60789 4
264 -12.4232 32.5987 2.10231 20.2434 2
265 -8.37416 -8.58783 -7.70432 -6.60789 4
266 -12.4232 32.5987 2.10231 20.2434 2
267 -8.37416 -8.58783 -7.70432 -6.60789 4
268 -12.4232 32.5987 2.10231 20.2434 2
269 RANDOM
270 -7.89851 -7.70129 -7.14709 -6.01959 4
271 19.1565 16.7387 30.7484 22.0201 3
272 -3.53403 -6.7045 -3.84959 -2.61814 4
