0 -258.719 241.664 -893.609 213.576 2
1 -227.215 240.737 -916.673 211.676 2
2 RANDOM
3 -337.652 216.44 -792.969 222.263 4
4 -335.142 202.903 -996.966 243.692 4
5 -376.156 201.493 -966.522 244.921 4
6 -422.194 203.753 -937.066 251.041 4
7 -470.326 208.068 -894.008 258.944 4
8 197.28 239.958 -1477.58 184.104 2
9 -300.407 254.398 -869.041 226.701 2
10 -258.719 241.664 -893.609 213.576 2
11 -227.215 240.737 -916.673 211.676 2
12 -205.694 254.3 -924.933 222.442 2
13 -337.652 216.44 -792.969 222.263 4
14 -335.142 202.903 -996.966 243.692 4
15 RANDOM
16 -422.194 203.753 -937.066 251.041 4
17 -470.326 208.068 -894.008 258.944 4
18 197.28 239.958 -1477.58 184.104 2
19 RANDOM
20 -258.719 241.664 -893.609 213.576 2
21 -227.215 240.737 -916.673 211.676 2
22 -205.694 254.3 -924.933 222.442 2
23 -337.652 216.44 -792.969 222.263 4
24 -335.142 202.903 -996.966 243.692 4
25 -376.156 201.493 -966.522 244.921 4
26 -422.194 203.753 -937.066 251.041 4
27 RANDOM
28 197.28 239.958 -1477.58 184.104 2
29 -300.407 254.398 -869.041 226.701 2
30 RANDOM
31 -227.215 240.737 -916.673 211.676 2
32 -205.694 254.3 -924.933 222.442 2
33 -337.652 216.44 -792.969 222.263 4
34 -335.142 202.903 -996.966 243.692 4
35 -376.156 201.493 -966.522 244.921 4
36 -422.194 203.753 -937.066 251.041 4
37 -470.326 208.068 -894.008 258.944 4
38 197.28 239.958 -1477.58 184.104 2
39 -300.407 254.398 -869.041 226.701 2
40 -265.368 217.49 -871.058 191.003 2
41 -234.943 215.753 -890.16 188.781 2
42 -215.525 224.221 -895.454 193.699 2
43 -342.284 196.386 -773.23 204.44 4
44 -354.266 177.522 -972.56 217.042 4
45 -395.653 179.054 -939.644 221.897 4
46 -441.951 187.447 -907.892 235.571 4
47 -490.75 198.94 -870.24 250.256 4
48 179.518 224.915 -1467.64 161.566 2
49 -306.016 239.446 -851.035 213.557 2
50 -265.368 217.49 -871.058 191.003 2
51 -234.943 215.753 -890.16 188.781 2
52 -215.525 224.221 -895.454 193.699 2
53 -342.284 196.386 -773.23 204.44 4
54 -354.266 177.522 -972.56 217.042 4
55 -395.653 179.054 -939.644 221.897 4
56 -441.951 187.447 -907.892 235.571 4
57 -490.75 198.94 -870.24 250.256 4
58 179.518 224.915 -1467.64 161.566 2
59 -306.016 239.446 -851.035 213.557 2
60 -265.368 217.49 -871.058 191.003 2
61 -234.943 215.753 -890.16 188.781 2
62 -215.525 224.221 -895.454 193.699 2
63 -342.284 196.386 -773.23 204.44 4
64 -354.266 177.522 -972.56 217.042 4
65 -395.653 179.054 -939.644 221.897 4
66 -441.951 187.447 -907.892 235.571 4
67 -490.75 198.94 -870.24 250.256 4
68 179.518 224.915 -1467.64 161.566 2
69 -306.016 239.446 -851.035 213.557 2
70 -265.368 217.49 -871.058 191.003 2
71 -234.943 215.753 -890.16 188.781 2
72 -215.525 224.221 -895.454 193.699 2
73 -342.284 196.386 -773.23 204.44 4
74 -354.266 177.522 -972.56 217.042 4
75 -395.653 179.054 -939.644 221.897 4
76 -441.951 187.447 -907.892 235.571 4
77 -490.75 198.94 -870.24 250.256 4
78 179.518 224.915 -1467.64 161.566 2
79 -306.016 239.446 -851.035 213.557 2
80 -265.368 217.49 -871.058 191.003 2
81 -234.943 215.753 -890.16 188.781 2
82 -215.525 224.221 -895.454 193.699 2
83 RANDOM
84 -306.392 180.351 -768.123 171.542 2
85 -293.239 196.337 -745.816 172.803 2
86 -204.855 173.825 -781.816 153.286 2
87 -305.839 208.398 -719.857 221.305 4
88 -286.783 122.386 -820.704 142.821 4
89 -327.616 141.904 -840.762 177.312 4
90 -363.333 170.952 -853.666 227.129 4
91 -416.059 206.13 -851.244 287.99 4
92 -297.099 132.689 -1005.47 164.381 4
93 -341.246 151.906 -971.147 187.797 4
94 -390.714 160.446 -936.632 200.145 4
95 -452.935 167.075 -889.924 204.776 4
96 233.88 210.795 -1484.82 130.791 1
97 17.0521 268.109 -1247.61 250.177 2
