0 148.359 150.513 149.43 163.534 4
1 RANDOM
2 150.656 152.449 151.033 165.746 4
3 151.335 153.089 151.661 166.418 4
4 152.216 153.897 152.452 167.277 4
5 153.528 155.057 153.584 168.527 4
6 149.495 151.297 149.931 164.54 4
7 150.452 152.184 150.781 165.485 4
8 RANDOM
9 156.187 157.532 155.933 171.205 4
10 151.349 153.205 151.737 166.564 4
11 151.904 153.732 152.253 167.116 4
12 153.086 154.831 153.307 168.289 4
13 155.696 157.281 155.651 170.904 4
14 150.707 152.631 151.232 165.955 4
15 151.27 153.17 151.737 166.547 4
16 RANDOM
17 154.094 155.842 154.254 169.454 4
18 150.676 152.675 151.223 166.051 4
19 152.317 154.328 152.737 167.88 4
20 154.848 156.87 155.065 170.693 4
21 159.331 161.356 159.184 175.646 4
22 152.829 154.925 153.288 168.554 4
23 154.123 156.244 154.491 170.014 4
24 156.868 158.998 156.994 173.078 4
25 161.095 163.215 160.854 177.747 4
26 154.672 156.85 155.079 170.677 4
27 155.643 157.827 155.971 171.766 4
28 157.402 159.596 157.593 173.729 4
29 160.648 162.853 160.583 177.331 4
30 155.513 157.754 155.93 171.789 4
31 157.39 159.635 157.629 173.883 4
32 160.684 162.928 160.628 177.541 4
33 166.256 168.484 165.712 183.708 4
34 161.613 163.98 161.64 178.796 4
35 163.349 165.763 163.247 180.783 4
36 166.74 169.202 166.377 184.624 4
37 175.611 178.269 174.715 194.73 4
38 167.258 169.647 166.978 185.309 4
39 172.068 174.589 171.532 190.846 4
40 181.66 184.448 180.623 201.889 4
41 195.134 198.284 193.382 217.382 4
42 183.852 186.478 182.826 204.373 4
43 190.038 192.916 188.724 211.539 4
44 200.043 203.256 198.238 223.088 4
45 214.046 217.682 211.537 239.225 4
46 188.819 191.342 187.91 210.15 4
47 195.873 198.611 194.58 218.306 4
48 208.924 212.026 206.951 233.351 4
49 227.081 230.679 224.186 254.267 4
50 232.208 235.558 230.012 260.162 4
51 RANDOM
