0 -11.3405 50.8099 -7.13117 48.7049 2
1 -9.78013 51.9521 -6.02664 48.9481 2
2 -8.37263 52.7186 -4.93748 48.8505 2
3 -5.76341 59.9226 0.760203 49.1142 2
4 -4.06842 58.4151 2.56241 47.4279 2
5 -2.87495 56.6416 3.84558 45.5767 2
6 -2.5056 48.6037 2.9668 39.1733 2
7 2.50818 53.5629 14.3951 36.8698 2
8 3.26381 51.9421 14.382 35.9538 2
9 3.44016 49.436 13.7109 34.3486 2
10 3.01351 44.0317 11.7277 30.6811 2
11 3.18511 46.9449 12.9281 32.5222 2
12 3.57218 44.531 12.4526 31.043 2
13 3.60657 41.9177 11.661 29.3401 2
14 2.86522 36.4341 9.41896 25.5909 2
15 1.47659 44.3618 10.5293 30.5899 2
16 1.59039 42.1741 9.96371 29.1656 2
17 1.62725 40.4324 9.45879 28.0427 2
18 1.25668 34.0687 7.27571 23.7807 2
19 0.853067 42.5425 9.46145 28.932 2
20 RANDOM
21 0.263308 34.9694 6.67025 23.9534 2
22 0.344715 28.1639 4.87729 19.5583 2
23 -0.681085 35.8232 6.27194 23.9616 2
24 -0.693084 33.8664 5.64422 22.6905 2
25 -1.00726 31.4846 4.69372 21.068 2
26 -1.23785 24.3549 2.65057 16.521 2
27 -1.02005 28.5427 4.16546 18.7049 2
28 -1.26248 24.2011 2.85948 15.8765 2
29 -1.4628 21.2783 1.95589 13.9686 2
30 -0.918575 16.7344 1.43915 11.2394 2
31 -2.67073 20.8699 1.18533 13.0707 2
32 -2.35612 18.4155 0.759934 11.56 2
33 -2.41546 15.6552 0.0273842 9.72686 2
34 -2.16228 13.9778 -0.126268 8.97222 2
35 -2.00855 12.3772 -0.216312 7.23133 2
36 -2.07829 9.74237 -0.802331 5.94782 2
37 RANDOM
38 -1.63114 7.43889 -0.593904 5.29449 2
39 -1.643 0.854664 -1.67579 0.571166 2
40 -1.5583 1.06886 -1.56199 0.808113 2
41 -1.7228 1.17292 -1.64353 1.0059 2
42 -1.16245 3.57502 -0.490713 3.47946 2
43 -1.11213 1.61353 -0.977142 1.32988 2
44 -1.16233 2.14499 -0.851767 2.05519 2
45 -1.35507 2.24851 -0.980328 2.24335 2
46 0.0730403 5.96232 1.1911 5.407 2
47 -1.655 0.699702 -1.59621 0.269122 2
48 -1.77887 0.782097 -1.66941 0.454171 2
49 -1.92877 0.829978 -1.78264 0.564312 2
50 -1.89884 2.59543 -1.28097 2.47896 2
51 -1.89884 2.59543 -1.28097 2.47896 2
