0 -150.634 150.371 -220.488 129.423 2
1 -152.136 149.319 -231.86 138.06 2
2 -159.781 159.441 -223.877 153.055 2
3 -199.441 155.852 -189.207 170.557 4
4 -215.527 172.941 -213.549 192.448 4
5 -210.292 175.645 -207.361 193.748 4
6 -208.751 190.771 -183.346 207.669 4
7 -207.971 215.452 -146.426 232.722 4
8 49.3596 176.948 -378.901 201.482 4
9 29.8741 159.493 -388.107 190.8 4
10 8.25568 150.537 -386.523 186.505 4
11 0.861637 155.966 -377.252 194.456 4
12 -35.3294 126.453 -439.911 145.184 4
13 -67.9931 122.79 -408.108 139.728 4
14 -93.7704 128.624 -368.445 143.397 4
15 -102.047 134.574 -338.49 144.851 4
16 -33.5108 186.497 -348.316 222.952 4
17 -113.116 188.865 -234.642 216.169 4
18 -184.924 186.187 -128.597 200.255 4
19 -241.215 187.737 -27.4888 183.919 2
20 -114.438 213.953 -167.757 191.756 2
21 -69.498 196.853 -284.156 195.439 2
22 -23.1142 188.742 -387.702 207.94 4
23 -113.116 188.865 -234.642 216.169 4
24 -184.924 186.187 -128.597 200.255 4
25 -241.215 187.737 -27.4888 183.919 2
26 -114.438 213.953 -167.757 191.756 2
27 -69.498 196.853 -284.156 195.439 2
28 -23.1142 188.742 -387.702 207.94 4
29 -113.116 188.865 -234.642 216.169 4
30 -184.924 186.187 -128.597 200.255 4
31 -241.215 187.737 -27.4888 183.919 2
32 -114.438 213.953 -167.757 191.756 2
33 -69.498 196.853 -284.156 195.439 2
34 -23.1142 188.742 -387.702 207.94 4
35 -113.116 188.865 -234.642 216.169 4
36 -184.924 186.187 -128.597 200.255 4
37 -241.215 187.737 -27.4888 183.919 2
38 -114.438 213.953 -167.757 191.756 2
39 -69.498 196.853 -284.156 195.439 2
40 -28.451 170.173 -390.494 182.653 4
41 -119.016 168.548 -236.829 188.285 4
42 -190.915 166.733 -131.552 173.807 4
43 RANDOM
44 -44.3936 204.217 -275.334 184.432 2
45 -72.9653 203.493 -77.3655 176.125 2
46 -48.4138 200.329 -180.221 166.59 2
47 RANDOM
48 44.7509 191.371 -393.13 198.207 4
49 RANDOM
50 -125.383 181.167 -147.189 164.412 2
51 -7.92083 188.014 -288.823 169.082 2
52 44.7509 191.371 -393.13 198.207 4
53 -39.1607 183.484 -262.789 175.469 2
54 44.7509 191.371 -393.13 198.207 4
55 -39.1607 183.484 -262.789 175.469 2
56 44.7509 191.371 -393.13 198.207 4
57 -39.1607 183.484 -262.789 175.469 2
58 44.7509 191.371 -393.13 198.207 4
59 -39.1607 183.484 -262.789 175.469 2
60 44.7509 191.371 -393.13 198.207 4
61 -39.1607 183.484 -262.789 175.469 2
62 44.7509 191.371 -393.13 198.207 4
63 -39.1607 183.484 -262.789 175.469 2
64 44.7509 191.371 -393.13 198.207 4
65 -39.1607 183.484 -262.789 175.469 2
66 44.7509 191.371 -393.13 198.207 4
67 -39.1607 183.484 -262.789 175.469 2
68 44.7509 191.371 -393.13 198.207 4
69 -39.1607 183.484 -262.789 175.469 2
70 44.7509 191.371 -393.13 198.207 4
71 -39.1607 183.484 -262.789 175.469 2
72 44.7509 191.371 -393.13 198.207 4
73 -39.1607 183.484 -262.789 175.469 2
74 44.7509 191.371 -393.13 198.207 4
75 -39.1607 183.484 -262.789 175.469 2
76 44.7509 191.371 -393.13 198.207 4
77 -39.1607 183.484 -262.789 175.469 2
78 44.7509 191.371 -393.13 198.207 4
79 -39.1607 183.484 -262.789 175.469 2
80 44.7509 191.371 -393.13 198.207 4
81 -39.1607 183.484 -262.789 175.469 2
82 44.7509 191.371 -393.13 198.207 4
83 RANDOM
84 -125.383 181.167 -147.189 164.412 2
85 -7.92083 188.014 -288.823 169.082 2
86 44.7509 191.371 -393.13 198.207 4
87 -39.1607 183.484 -262.789 175.469 2
88 44.7509 191.371 -393.13 198.207 4
89 RANDOM
90 -125.383 181.167 -147.189 164.412 2
91 -7.92083 188.014 -288.823 169.082 2
92 44.7509 191.371 -393.13 198.207 4
93 -39.1607 183.484 -262.789 175.469 2
94 44.7509 191.371 -393.13 198.207 4
95 -39.1607 183.484 -262.789 175.469 2
96 44.7509 191.371 -393.13 198.207 4
97 -39.1607 183.484 -262.789 175.469 2
98 44.7509 191.371 -393.13 198.207 4
99 -39.1607 183.484 -262.789 175.469 2
100 59.846 188.71 -413.45 199.589 4
101 -21.5076 195.663 -276.577 204.642 4
102 -104.242 200.029 -158.973 198.662 2
103 10.9318 192.821 -307.355 176.261 2
104 59.846 188.71 -413.45 199.589 4
105 -21.5076 195.663 -276.577 204.642 4
106 -104.242 200.029 -158.973 198.662 2
107 10.9318 192.821 -307.355 176.261 2
108 RANDOM
109 121.687 237.027 -381.495 294.685 4
110 92.7979 238.652 -388.611 233.296 2
111 121.687 237.027 -381.495 294.685 4
112 92.7979 238.652 -388.611 233.296 2
113 121.687 237.027 -381.495 294.685 4
114 92.7979 238.652 -388.611 233.296 2
115 121.687 237.027 -381.495 294.685 4
116 92.7979 238.652 -388.611 233.296 2
117 121.687 237.027 -381.495 294.685 4
118 92.7979 238.652 -388.611 233.296 2
119 121.687 237.027 -381.495 294.685 4
120 92.7979 238.652 -388.611 233.296 2
121 121.687 237.027 -381.495 294.685 4
122 92.7979 238.652 -388.611 233.296 2
123 121.687 237.027 -381.495 294.685 4
124 92.7979 238.652 -388.611 233.296 2
125 121.687 237.027 -381.495 294.685 4
126 92.7979 238.652 -388.611 233.296 2
127 121.687 237.027 -381.495 294.685 4
128 92.7979 238.652 -388.611 233.296 2
129 121.687 237.027 -381.495 294.685 4
130 92.7979 238.652 -388.611 233.296 2
131 121.687 237.027 -381.495 294.685 4
132 92.7979 238.652 -388.611 233.296 2
133 121.687 237.027 -381.495 294.685 4
134 92.7979 238.652 -388.611 233.296 2
135 121.687 237.027 -381.495 294.685 4
136 92.7979 238.652 -388.611 233.296 2
137 121.687 237.027 -381.495 294.685 4
138 92.7979 238.652 -388.611 233.296 2
139 121.687 237.027 -381.495 294.685 4
140 92.7979 238.652 -388.611 233.296 2
141 121.687 237.027 -381.495 294.685 4
142 92.7979 238.652 -388.611 233.296 2
143 121.687 237.027 -381.495 294.685 4
144 92.7979 238.652 -388.611 233.296 2
145 121.687 237.027 -381.495 294.685 4
146 92.7979 238.652 -388.611 233.296 2
147 121.687 237.027 -381.495 294.685 4
148 92.7979 238.652 -388.611 233.296 2
149 121.687 237.027 -381.495 294.685 4
150 92.7979 238.652 -388.611 233.296 2
151 121.687 237.027 -381.495 294.685 4
152 92.7979 238.652 -388.611 233.296 2
153 121.687 237.027 -381.495 294.685 4
154 92.7979 238.652 -388.611 233.296 2
155 121.687 237.027 -381.495 294.685 4
156 92.7979 238.652 -388.611 233.296 2
157 121.687 237.027 -381.495 294.685 4
158 92.7979 238.652 -388.611 233.296 2
159 RANDOM
160 121.958 232.37 -405.751 297.722 4
161 167.077 263.747 -414.0 245.632 2
162 121.958 232.37 -405.751 297.722 4
163 167.077 263.747 -414.0 245.632 2
164 121.958 232.37 -405.751 297.722 4
165 167.077 263.747 -414.0 245.632 2
166 121.958 232.37 -405.751 297.722 4
167 167.077 263.747 -414.0 245.632 2
168 121.958 232.37 -405.751 297.722 4
169 167.077 263.747 -414.0 245.632 2
170 121.958 232.37 -405.751 297.722 4
171 167.077 263.747 -414.0 245.632 2
172 121.958 232.37 -405.751 297.722 4
173 167.077 263.747 -414.0 245.632 2
174 121.958 232.37 -405.751 297.722 4
175 167.077 263.747 -414.0 245.632 2
176 121.958 232.37 -405.751 297.722 4
177 167.077 263.747 -414.0 245.632 2
178 121.958 232.37 -405.751 297.722 4
179 167.077 263.747 -414.0 245.632 2
180 121.958 232.37 -405.751 297.722 4
181 167.077 263.747 -414.0 245.632 2
182 121.958 232.37 -405.751 297.722 4
183 167.077 263.747 -414.0 245.632 2
184 121.958 232.37 -405.751 297.722 4
185 167.077 263.747 -414.0 245.632 2
186 121.958 232.37 -405.751 297.722 4
187 167.077 263.747 -414.0 245.632 2
188 121.958 232.37 -405.751 297.722 4
189 167.077 263.747 -414.0 245.632 2
190 121.958 232.37 -405.751 297.722 4
191 167.077 263.747 -414.0 245.632 2
192 121.958 232.37 -405.751 297.722 4
193 167.077 263.747 -414.0 245.632 2
194 121.958 232.37 -405.751 297.722 4
195 167.077 263.747 -414.0 245.632 2
196 121.958 232.37 -405.751 297.722 4
197 167.077 263.747 -414.0 245.632 2
198 121.958 232.37 -405.751 297.722 4
199 167.077 263.747 -414.0 245.632 2
200 121.958 232.37 -405.751 297.722 4
201 167.077 263.747 -414.0 245.632 2
202 121.958 232.37 -405.751 297.722 4
203 167.077 263.747 -414.0 245.632 2
204 121.958 232.37 -405.751 297.722 4
205 167.077 263.747 -414.0 245.632 2
206 121.958 232.37 -405.751 297.722 4
207 167.077 263.747 -414.0 245.632 2
208 121.958 232.37 -405.751 297.722 4
209 167.077 263.747 -414.0 245.632 2
210 121.958 232.37 -405.751 297.722 4
211 167.077 263.747 -414.0 245.632 2
212 121.958 232.37 -405.751 297.722 4
213 167.077 263.747 -414.0 245.632 2
214 121.958 232.37 -405.751 297.722 4
215 167.077 263.747 -414.0 245.632 2
216 121.958 232.37 -405.751 297.722 4
217 167.077 263.747 -414.0 245.632 2
218 121.958 232.37 -405.751 297.722 4
219 167.077 263.747 -414.0 245.632 2
220 121.958 232.37 -405.751 297.722 4
221 167.077 263.747 -414.0 245.632 2
222 121.958 232.37 -405.751 297.722 4
223 167.077 263.747 -414.0 245.632 2
224 121.958 232.37 -405.751 297.722 4
225 167.077 263.747 -414.0 245.632 2
226 121.958 232.37 -405.751 297.722 4
227 167.077 263.747 -414.0 245.632 2
228 121.958 232.37 -405.751 297.722 4
229 167.077 263.747 -414.0 245.632 2
230 121.958 232.37 -405.751 297.722 4
231 167.077 263.747 -414.0 245.632 2
232 121.958 232.37 -405.751 297.722 4
233 167.077 263.747 -414.0 245.632 2
234 121.958 232.37 -405.751 297.722 4
235 167.077 263.747 -414.0 245.632 2
236 121.958 232.37 -405.751 297.722 4
237 167.077 263.747 -414.0 245.632 2
238 121.958 232.37 -405.751 297.722 4
239 167.077 263.747 -414.0 245.632 2
240 121.958 232.37 -405.751 297.722 4
241 167.077 263.747 -414.0 245.632 2
242 121.958 232.37 -405.751 297.722 4
243 167.077 263.747 -414.0 245.632 2
244 121.958 232.37 -405.751 297.722 4
245 167.077 263.747 -414.0 245.632 2
246 121.958 232.37 -405.751 297.722 4
247 167.077 263.747 -414.0 245.632 2
248 121.958 232.37 -405.751 297.722 4
249 167.077 263.747 -414.0 245.632 2
250 121.958 232.37 -405.751 297.722 4
251 167.077 263.747 -414.0 245.632 2
252 121.958 232.37 -405.751 297.722 4
253 167.077 263.747 -414.0 245.632 2
254 121.958 232.37 -405.751 297.722 4
255 167.077 263.747 -414.0 245.632 2
256 121.958 232.37 -405.751 297.722 4
257 167.077 263.747 -414.0 245.632 2
258 121.958 232.37 -405.751 297.722 4
259 RANDOM
260 92.7979 238.652 -388.611 233.296 2
261 121.687 237.027 -381.495 294.685 4
262 92.7979 238.652 -388.611 233.296 2
263 121.687 237.027 -381.495 294.685 4
264 92.7979 238.652 -388.611 233.296 2
265 121.687 237.027 -381.495 294.685 4
266 92.7979 238.652 -388.611 233.296 2
267 121.687 237.027 -381.495 294.685 4
268 92.7979 238.652 -388.611 233.296 2
269 121.687 237.027 -381.495 294.685 4
270 92.7979 238.652 -388.611 233.296 2
271 121.687 237.027 -381.495 294.685 4
272 92.7979 238.652 -388.611 233.296 2
273 121.687 237.027 -381.495 294.685 4
274 92.7979 238.652 -388.611 233.296 2
275 121.687 237.027 -381.495 294.685 4
276 92.7979 238.652 -388.611 233.296 2
277 121.687 237.027 -381.495 294.685 4
278 92.7979 238.652 -388.611 233.296 2
279 121.687 237.027 -381.495 294.685 4
280 92.7979 238.652 -388.611 233.296 2
281 121.687 237.027 -381.495 294.685 4
282 92.7979 238.652 -388.611 233.296 2
283 121.687 237.027 -381.495 294.685 4
284 92.7979 238.652 -388.611 233.296 2
285 121.687 237.027 -381.495 294.685 4
286 92.7979 238.652 -388.611 233.296 2
287 121.687 237.027 -381.495 294.685 4
288 92.7979 238.652 -388.611 233.296 2
289 121.687 237.027 -381.495 294.685 4
290 92.7979 238.652 -388.611 233.296 2
291 121.687 237.027 -381.495 294.685 4
292 92.7979 238.652 -388.611 233.296 2
293 121.687 237.027 -381.495 294.685 4
294 92.7979 238.652 -388.611 233.296 2
295 121.687 237.027 -381.495 294.685 4
296 92.7979 238.652 -388.611 233.296 2
297 121.687 237.027 -381.495 294.685 4
298 92.7979 238.652 -388.611 233.296 2
299 121.687 237.027 -381.495 294.685 4
300 92.7979 238.652 -388.611 233.296 2
301 121.687 237.027 -381.495 294.685 4
302 92.7979 238.652 -388.611 233.296 2
303 121.687 237.027 -381.495 294.685 4
304 92.7979 238.652 -388.611 233.296 2
305 121.687 237.027 -381.495 294.685 4
306 92.7979 238.652 -388.611 233.296 2
307 121.687 237.027 -381.495 294.685 4
308 92.7979 238.652 -388.611 233.296 2
309 121.687 237.027 -381.495 294.685 4
310 92.7979 238.652 -388.611 233.296 2
311 121.687 237.027 -381.495 294.685 4
312 92.7979 238.652 -388.611 233.296 2
313 121.687 237.027 -381.495 294.685 4
314 92.7979 238.652 -388.611 233.296 2
315 121.687 237.027 -381.495 294.685 4
316 92.7979 238.652 -388.611 233.296 2
317 121.687 237.027 -381.495 294.685 4
318 92.7979 238.652 -388.611 233.296 2
319 121.687 237.027 -381.495 294.685 4
320 RANDOM
321 -21.5076 195.663 -276.577 204.642 4
322 -104.242 200.029 -158.973 198.662 2
323 10.9318 192.821 -307.355 176.261 2
324 59.846 188.71 -413.45 199.589 4
325 -21.5076 195.663 -276.577 204.642 4
326 -104.242 200.029 -158.973 198.662 2
327 10.9318 192.821 -307.355 176.261 2
328 59.846 188.71 -413.45 199.589 4
329 -21.5076 195.663 -276.577 204.642 4
330 -104.242 200.029 -158.973 198.662 2
331 10.9318 192.821 -307.355 176.261 2
332 59.846 188.71 -413.45 199.589 4
333 -21.5076 195.663 -276.577 204.642 4
334 -104.242 200.029 -158.973 198.662 2
335 10.9318 192.821 -307.355 176.261 2
336 59.846 188.71 -413.45 199.589 4
337 -21.5076 195.663 -276.577 204.642 4
338 -104.242 200.029 -158.973 198.662 2
339 10.9318 192.821 -307.355 176.261 2
340 59.846 188.71 -413.45 199.589 4
341 -21.5076 195.663 -276.577 204.642 4
342 -104.242 200.029 -158.973 198.662 2
343 10.9318 192.821 -307.355 176.261 2
344 59.846 188.71 -413.45 199.589 4
345 -21.5076 195.663 -276.577 204.642 4
346 RANDOM
347 -159.6 200.722 -55.133 183.38 2
348 -26.5372 217.771 -193.948 198.874 2
349 10.9318 192.821 -307.355 176.261 2
350 RANDOM
351 121.687 237.027 -381.495 294.685 4
352 RANDOM
353 -21.5076 195.663 -276.577 204.642 4
354 -104.242 200.029 -158.973 198.662 2
355 10.9318 192.821 -307.355 176.261 2
356 59.846 188.71 -413.45 199.589 4
357 -21.5076 195.663 -276.577 204.642 4
358 -104.242 200.029 -158.973 198.662 2
359 10.9318 192.821 -307.355 176.261 2
360 59.846 188.71 -413.45 199.589 4
361 -21.5076 195.663 -276.577 204.642 4
362 -104.242 200.029 -158.973 198.662 2
363 10.9318 192.821 -307.355 176.261 2
364 59.846 188.71 -413.45 199.589 4
365 -21.5076 195.663 -276.577 204.642 4
366 -104.242 200.029 -158.973 198.662 2
367 10.9318 192.821 -307.355 176.261 2
368 59.846 188.71 -413.45 199.589 4
369 -21.5076 195.663 -276.577 204.642 4
370 -104.242 200.029 -158.973 198.662 2
371 10.9318 192.821 -307.355 176.261 2
372 59.846 188.71 -413.45 199.589 4
373 -21.5076 195.663 -276.577 204.642 4
374 -104.242 200.029 -158.973 198.662 2
375 10.9318 192.821 -307.355 176.261 2
376 59.846 188.71 -413.45 199.589 4
377 -21.5076 195.663 -276.577 204.642 4
378 -104.242 200.029 -158.973 198.662 2
379 10.9318 192.821 -307.355 176.261 2
380 59.846 188.71 -413.45 199.589 4
381 -21.5076 195.663 -276.577 204.642 4
382 -104.242 200.029 -158.973 198.662 2
383 10.9318 192.821 -307.355 176.261 2
384 59.846 188.71 -413.45 199.589 4
385 -21.5076 195.663 -276.577 204.642 4
386 -104.242 200.029 -158.973 198.662 2
387 10.9318 192.821 -307.355 176.261 2
388 RANDOM
389 121.687 237.027 -381.495 294.685 4
390 92.7979 238.652 -388.611 233.296 2
391 121.687 237.027 -381.495 294.685 4
392 92.7979 238.652 -388.611 233.296 2
393 121.687 237.027 -381.495 294.685 4
394 92.7979 238.652 -388.611 233.296 2
395 121.687 237.027 -381.495 294.685 4
396 92.7979 238.652 -388.611 233.296 2
397 121.687 237.027 -381.495 294.685 4
398 92.7979 238.652 -388.611 233.296 2
399 121.687 237.027 -381.495 294.685 4
400 92.7979 238.652 -388.611 233.296 2
401 121.687 237.027 -381.495 294.685 4
402 92.7979 238.652 -388.611 233.296 2
403 121.687 237.027 -381.495 294.685 4
404 92.7979 238.652 -388.611 233.296 2
405 121.687 237.027 -381.495 294.685 4
406 92.7979 238.652 -388.611 233.296 2
407 121.687 237.027 -381.495 294.685 4
408 92.7979 238.652 -388.611 233.296 2
409 121.687 237.027 -381.495 294.685 4
410 RANDOM
411 -21.5076 195.663 -276.577 204.642 4
412 -104.242 200.029 -158.973 198.662 2
413 10.9318 192.821 -307.355 176.261 2
414 59.846 188.71 -413.45 199.589 4
415 -21.5076 195.663 -276.577 204.642 4
416 -104.242 200.029 -158.973 198.662 2
417 10.9318 192.821 -307.355 176.261 2
418 59.846 188.71 -413.45 199.589 4
419 -21.5076 195.663 -276.577 204.642 4
420 -104.242 200.029 -158.973 198.662 2
421 10.9318 192.821 -307.355 176.261 2
422 59.846 188.71 -413.45 199.589 4
423 -21.5076 195.663 -276.577 204.642 4
424 -104.242 200.029 -158.973 198.662 2
425 10.9318 192.821 -307.355 176.261 2
426 59.846 188.71 -413.45 199.589 4
427 -21.5076 195.663 -276.577 204.642 4
428 -104.242 200.029 -158.973 198.662 2
429 10.9318 192.821 -307.355 176.261 2
430 59.846 188.71 -413.45 199.589 4
431 -21.5076 195.663 -276.577 204.642 4
432 -104.242 200.029 -158.973 198.662 2
433 10.9318 192.821 -307.355 176.261 2
434 59.846 188.71 -413.45 199.589 4
435 -21.5076 195.663 -276.577 204.642 4
436 -104.242 200.029 -158.973 198.662 2
437 10.9318 192.821 -307.355 176.261 2
438 RANDOM
439 121.687 237.027 -381.495 294.685 4
440 92.7979 238.652 -388.611 233.296 2
441 121.687 237.027 -381.495 294.685 4
442 92.7979 238.652 -388.611 233.296 2
443 121.687 237.027 -381.495 294.685 4
444 92.7979 238.652 -388.611 233.296 2
445 121.687 237.027 -381.495 294.685 4
446 92.7979 238.652 -388.611 233.296 2
447 121.687 237.027 -381.495 294.685 4
448 92.7979 238.652 -388.611 233.296 2
449 121.687 237.027 -381.495 294.685 4
450 92.7979 238.652 -388.611 233.296 2
451 121.687 237.027 -381.495 294.685 4
452 92.7979 238.652 -388.611 233.296 2
453 121.687 237.027 -381.495 294.685 4
454 92.7979 238.652 -388.611 233.296 2
455 121.687 237.027 -381.495 294.685 4
456 RANDOM
457 -21.5076 195.663 -276.577 204.642 4
458 -104.242 200.029 -158.973 198.662 2
459 10.9318 192.821 -307.355 176.261 2
460 59.846 188.71 -413.45 199.589 4
461 -21.5076 195.663 -276.577 204.642 4
462 -104.242 200.029 -158.973 198.662 2
463 10.9318 192.821 -307.355 176.261 2
464 59.846 188.71 -413.45 199.589 4
465 -21.5076 195.663 -276.577 204.642 4
466 -104.242 200.029 -158.973 198.662 2
467 10.9318 192.821 -307.355 176.261 2
468 59.846 188.71 -413.45 199.589 4
469 -21.5076 195.663 -276.577 204.642 4
470 -104.242 200.029 -158.973 198.662 2
471 10.9318 192.821 -307.355 176.261 2
472 59.846 188.71 -413.45 199.589 4
473 -21.5076 195.663 -276.577 204.642 4
474 RANDOM
475 -159.6 200.722 -55.133 183.38 2
476 -26.5372 217.771 -193.948 198.874 2
477 10.9318 192.821 -307.355 176.261 2
478 59.846 188.71 -413.45 199.589 4
479 -21.5076 195.663 -276.577 204.642 4
480 -104.242 200.029 -158.973 198.662 2
481 10.9318 192.821 -307.355 176.261 2
482 59.846 188.71 -413.45 199.589 4
483 -21.5076 195.663 -276.577 204.642 4
484 -104.242 200.029 -158.973 198.662 2
485 10.9318 192.821 -307.355 176.261 2
486 59.846 188.71 -413.45 199.589 4
487 -21.5076 195.663 -276.577 204.642 4
488 -104.242 200.029 -158.973 198.662 2
489 10.9318 192.821 -307.355 176.261 2
490 59.846 188.71 -413.45 199.589 4
491 -21.5076 195.663 -276.577 204.642 4
492 -104.242 200.029 -158.973 198.662 2
493 10.9318 192.821 -307.355 176.261 2
494 59.846 188.71 -413.45 199.589 4
495 -21.5076 195.663 -276.577 204.642 4
496 -104.242 200.029 -158.973 198.662 2
497 10.9318 192.821 -307.355 176.261 2
498 59.846 188.71 -413.45 199.589 4
499 -21.5076 195.663 -276.577 204.642 4
500 -104.242 200.029 -158.973 198.662 2
501 RANDOM
502 59.846 188.71 -413.45 199.589 4
503 -21.5076 195.663 -276.577 204.642 4
504 -104.242 200.029 -158.973 198.662 2
505 10.9318 192.821 -307.355 176.261 2
506 59.846 188.71 -413.45 199.589 4
507 -21.5076 195.663 -276.577 204.642 4
508 -104.242 200.029 -158.973 198.662 2
509 10.9318 192.821 -307.355 176.261 2
510 59.846 188.71 -413.45 199.589 4
511 RANDOM
512 -104.242 200.029 -158.973 198.662 2
513 10.9318 192.821 -307.355 176.261 2
514 59.846 188.71 -413.45 199.589 4
515 -21.5076 195.663 -276.577 204.642 4
516 -104.242 200.029 -158.973 198.662 2
517 10.9318 192.821 -307.355 176.261 2
518 59.846 188.71 -413.45 199.589 4
519 -21.5076 195.663 -276.577 204.642 4
520 -104.242 200.029 -158.973 198.662 2
521 10.9318 192.821 -307.355 176.261 2
522 59.846 188.71 -413.45 199.589 4
523 -21.5076 195.663 -276.577 204.642 4
524 -104.242 200.029 -158.973 198.662 2
525 10.9318 192.821 -307.355 176.261 2
526 59.846 188.71 -413.45 199.589 4
527 -21.5076 195.663 -276.577 204.642 4
528 -104.242 200.029 -158.973 198.662 2
529 10.9318 192.821 -307.355 176.261 2
530 59.846 188.71 -413.45 199.589 4
531 -21.5076 195.663 -276.577 204.642 4
532 -104.242 200.029 -158.973 198.662 2
533 10.9318 192.821 -307.355 176.261 2
534 59.846 188.71 -413.45 199.589 4
535 -21.5076 195.663 -276.577 204.642 4
536 -104.242 200.029 -158.973 198.662 2
537 10.9318 192.821 -307.355 176.261 2
538 59.846 188.71 -413.45 199.589 4
539 -21.5076 195.663 -276.577 204.642 4
540 -104.242 200.029 -158.973 198.662 2
541 10.9318 192.821 -307.355 176.261 2
542 59.846 188.71 -413.45 199.589 4
543 -21.5076 195.663 -276.577 204.642 4
544 -104.242 200.029 -158.973 198.662 2
545 10.9318 192.821 -307.355 176.261 2
546 59.846 188.71 -413.45 199.589 4
547 -21.5076 195.663 -276.577 204.642 4
548 -104.242 200.029 -158.973 198.662 2
549 10.9318 192.821 -307.355 176.261 2
550 59.846 188.71 -413.45 199.589 4
551 -21.5076 195.663 -276.577 204.642 4
552 RANDOM
553 -159.6 200.722 -55.133 183.38 2
554 -26.5372 217.771 -193.948 198.874 2
555 10.9318 192.821 -307.355 176.261 2
556 59.846 188.71 -413.45 199.589 4
557 -21.5076 195.663 -276.577 204.642 4
558 -104.242 200.029 -158.973 198.662 2
559 10.9318 192.821 -307.355 176.261 2
560 59.846 188.71 -413.45 199.589 4
561 -21.5076 195.663 -276.577 204.642 4
562 -104.242 200.029 -158.973 198.662 2
563 10.9318 192.821 -307.355 176.261 2
564 59.846 188.71 -413.45 199.589 4
565 -21.5076 195.663 -276.577 204.642 4
566 -104.242 200.029 -158.973 198.662 2
567 10.9318 192.821 -307.355 176.261 2
568 59.846 188.71 -413.45 199.589 4
569 -21.5076 195.663 -276.577 204.642 4
570 RANDOM
571 -159.6 200.722 -55.133 183.38 2
572 -26.5372 217.771 -193.948 198.874 2
573 10.9318 192.821 -307.355 176.261 2
574 59.846 188.71 -413.45 199.589 4
575 -21.5076 195.663 -276.577 204.642 4
576 -104.242 200.029 -158.973 198.662 2
577 10.9318 192.821 -307.355 176.261 2
578 59.846 188.71 -413.45 199.589 4
579 -21.5076 195.663 -276.577 204.642 4
580 -104.242 200.029 -158.973 198.662 2
581 10.9318 192.821 -307.355 176.261 2
582 59.846 188.71 -413.45 199.589 4
583 -21.5076 195.663 -276.577 204.642 4
584 -104.242 200.029 -158.973 198.662 2
585 10.9318 192.821 -307.355 176.261 2
586 59.846 188.71 -413.45 199.589 4
587 -21.5076 195.663 -276.577 204.642 4
588 -104.242 200.029 -158.973 198.662 2
589 10.9318 192.821 -307.355 176.261 2
590 59.846 188.71 -413.45 199.589 4
591 -21.5076 195.663 -276.577 204.642 4
592 -104.242 200.029 -158.973 198.662 2
593 10.9318 192.821 -307.355 176.261 2
594 59.846 188.71 -413.45 199.589 4
595 -21.5076 195.663 -276.577 204.642 4
596 -104.242 200.029 -158.973 198.662 2
597 10.9318 192.821 -307.355 176.261 2
598 59.846 188.71 -413.45 199.589 4
599 -21.5076 195.663 -276.577 204.642 4
600 -104.242 200.029 -158.973 198.662 2
601 10.9318 192.821 -307.355 176.261 2
602 59.846 188.71 -413.45 199.589 4
603 -21.5076 195.663 -276.577 204.642 4
604 -104.242 200.029 -158.973 198.662 2
605 10.9318 192.821 -307.355 176.261 2
606 59.846 188.71 -413.45 199.589 4
607 -21.5076 195.663 -276.577 204.642 4
608 -104.242 200.029 -158.973 198.662 2
609 10.9318 192.821 -307.355 176.261 2
610 59.846 188.71 -413.45 199.589 4
611 -21.5076 195.663 -276.577 204.642 4
612 -104.242 200.029 -158.973 198.662 2
613 RANDOM
614 59.846 188.71 -413.45 199.589 4
615 -21.5076 195.663 -276.577 204.642 4
616 -104.242 200.029 -158.973 198.662 2
617 10.9318 192.821 -307.355 176.261 2
618 59.846 188.71 -413.45 199.589 4
619 -21.5076 195.663 -276.577 204.642 4
620 -104.242 200.029 -158.973 198.662 2
621 10.9318 192.821 -307.355 176.261 2
622 59.846 188.71 -413.45 199.589 4
623 -21.5076 195.663 -276.577 204.642 4
624 -104.242 200.029 -158.973 198.662 2
625 10.9318 192.821 -307.355 176.261 2
626 59.846 188.71 -413.45 199.589 4
627 -21.5076 195.663 -276.577 204.642 4
628 -104.242 200.029 -158.973 198.662 2
629 10.9318 192.821 -307.355 176.261 2
630 59.846 188.71 -413.45 199.589 4
631 -21.5076 195.663 -276.577 204.642 4
632 -104.242 200.029 -158.973 198.662 2
633 10.9318 192.821 -307.355 176.261 2
634 RANDOM
635 121.687 237.027 -381.495 294.685 4
636 92.7979 238.652 -388.611 233.296 2
637 121.687 237.027 -381.495 294.685 4
638 92.7979 238.652 -388.611 233.296 2
639 121.687 237.027 -381.495 294.685 4
640 92.7979 238.652 -388.611 233.296 2
641 121.687 237.027 -381.495 294.685 4
642 92.7979 238.652 -388.611 233.296 2
643 121.687 237.027 -381.495 294.685 4
644 92.7979 238.652 -388.611 233.296 2
645 121.687 237.027 -381.495 294.685 4
646 92.7979 238.652 -388.611 233.296 2
647 121.687 237.027 -381.495 294.685 4
648 92.7979 238.652 -388.611 233.296 2
649 121.687 237.027 -381.495 294.685 4
650 92.7979 238.652 -388.611 233.296 2
651 121.687 237.027 -381.495 294.685 4
652 92.7979 238.652 -388.611 233.296 2
653 121.687 237.027 -381.495 294.685 4
654 92.7979 238.652 -388.611 233.296 2
655 121.687 237.027 -381.495 294.685 4
656 92.7979 238.652 -388.611 233.296 2
657 121.687 237.027 -381.495 294.685 4
658 92.7979 238.652 -388.611 233.296 2
659 121.687 237.027 -381.495 294.685 4
660 92.7979 238.652 -388.611 233.296 2
661 121.687 237.027 -381.495 294.685 4
662 92.7979 238.652 -388.611 233.296 2
663 121.687 237.027 -381.495 294.685 4
664 92.7979 238.652 -388.611 233.296 2
665 121.687 237.027 -381.495 294.685 4
666 RANDOM
667 -21.5076 195.663 -276.577 204.642 4
668 -104.242 200.029 -158.973 198.662 2
669 RANDOM
670 59.846 188.71 -413.45 199.589 4
671 -21.5076 195.663 -276.577 204.642 4
672 -104.242 200.029 -158.973 198.662 2
673 10.9318 192.821 -307.355 176.261 2
674 59.846 188.71 -413.45 199.589 4
675 -21.5076 195.663 -276.577 204.642 4
676 -104.242 200.029 -158.973 198.662 2
677 10.9318 192.821 -307.355 176.261 2
678 59.846 188.71 -413.45 199.589 4
679 -21.5076 195.663 -276.577 204.642 4
680 -104.242 200.029 -158.973 198.662 2
681 10.9318 192.821 -307.355 176.261 2
682 59.846 188.71 -413.45 199.589 4
683 -21.5076 195.663 -276.577 204.642 4
684 -104.242 200.029 -158.973 198.662 2
685 10.9318 192.821 -307.355 176.261 2
686 59.846 188.71 -413.45 199.589 4
687 -21.5076 195.663 -276.577 204.642 4
688 -104.242 200.029 -158.973 198.662 2
689 10.9318 192.821 -307.355 176.261 2
690 RANDOM
691 121.687 237.027 -381.495 294.685 4
692 92.7979 238.652 -388.611 233.296 2
693 121.687 237.027 -381.495 294.685 4
694 92.7979 238.652 -388.611 233.296 2
695 121.687 237.027 -381.495 294.685 4
696 92.7979 238.652 -388.611 233.296 2
697 121.687 237.027 -381.495 294.685 4
698 92.7979 238.652 -388.611 233.296 2
699 121.687 237.027 -381.495 294.685 4
700 92.7979 238.652 -388.611 233.296 2
701 121.687 237.027 -381.495 294.685 4
702 92.7979 238.652 -388.611 233.296 2
703 121.687 237.027 -381.495 294.685 4
704 92.7979 238.652 -388.611 233.296 2
705 121.687 237.027 -381.495 294.685 4
706 RANDOM
707 -21.5076 195.663 -276.577 204.642 4
708 -104.242 200.029 -158.973 198.662 2
709 10.9318 192.821 -307.355 176.261 2
710 59.846 188.71 -413.45 199.589 4
711 -21.5076 195.663 -276.577 204.642 4
712 -104.242 200.029 -158.973 198.662 2
713 10.9318 192.821 -307.355 176.261 2
714 59.846 188.71 -413.45 199.589 4
715 -21.5076 195.663 -276.577 204.642 4
716 -104.242 200.029 -158.973 198.662 2
717 10.9318 192.821 -307.355 176.261 2
718 59.846 188.71 -413.45 199.589 4
719 -21.5076 195.663 -276.577 204.642 4
720 -104.242 200.029 -158.973 198.662 2
721 10.9318 192.821 -307.355 176.261 2
722 59.846 188.71 -413.45 199.589 4
723 -21.5076 195.663 -276.577 204.642 4
724 -104.242 200.029 -158.973 198.662 2
725 10.9318 192.821 -307.355 176.261 2
726 59.846 188.71 -413.45 199.589 4
727 -21.5076 195.663 -276.577 204.642 4
728 -104.242 200.029 -158.973 198.662 2
729 10.9318 192.821 -307.355 176.261 2
730 59.846 188.71 -413.45 199.589 4
731 -21.5076 195.663 -276.577 204.642 4
732 -104.242 200.029 -158.973 198.662 2
733 10.9318 192.821 -307.355 176.261 2
734 59.846 188.71 -413.45 199.589 4
735 -21.5076 195.663 -276.577 204.642 4
736 -104.242 200.029 -158.973 198.662 2
737 10.9318 192.821 -307.355 176.261 2
738 59.846 188.71 -413.45 199.589 4
739 -21.5076 195.663 -276.577 204.642 4
740 -104.242 200.029 -158.973 198.662 2
741 10.9318 192.821 -307.355 176.261 2
742 59.846 188.71 -413.45 199.589 4
743 -21.5076 195.663 -276.577 204.642 4
744 -104.242 200.029 -158.973 198.662 2
745 10.9318 192.821 -307.355 176.261 2
746 59.846 188.71 -413.45 199.589 4
747 -21.5076 195.663 -276.577 204.642 4
748 -104.242 200.029 -158.973 198.662 2
749 10.9318 192.821 -307.355 176.261 2
750 RANDOM
751 121.687 237.027 -381.495 294.685 4
752 92.7979 238.652 -388.611 233.296 2
753 121.687 237.027 -381.495 294.685 4
754 92.7979 238.652 -388.611 233.296 2
755 121.687 237.027 -381.495 294.685 4
756 92.7979 238.652 -388.611 233.296 2
757 121.687 237.027 -381.495 294.685 4
758 92.7979 238.652 -388.611 233.296 2
759 121.687 237.027 -381.495 294.685 4
760 92.7979 238.652 -388.611 233.296 2
761 121.687 237.027 -381.495 294.685 4
762 92.7979 238.652 -388.611 233.296 2
763 121.687 237.027 -381.495 294.685 4
764 92.7979 238.652 -388.611 233.296 2
765 121.687 237.027 -381.495 294.685 4
766 92.7979 238.652 -388.611 233.296 2
767 121.687 237.027 -381.495 294.685 4
768 92.7979 238.652 -388.611 233.296 2
769 121.687 237.027 -381.495 294.685 4
770 92.7979 238.652 -388.611 233.296 2
771 121.687 237.027 -381.495 294.685 4
772 92.7979 238.652 -388.611 233.296 2
773 121.687 237.027 -381.495 294.685 4
774 92.7979 238.652 -388.611 233.296 2
775 121.687 237.027 -381.495 294.685 4
776 92.7979 238.652 -388.611 233.296 2
777 RANDOM
778 121.958 232.37 -405.751 297.722 4
779 167.077 263.747 -414.0 245.632 2
780 121.958 232.37 -405.751 297.722 4
781 167.077 263.747 -414.0 245.632 2
782 121.958 232.37 -405.751 297.722 4
783 167.077 263.747 -414.0 245.632 2
784 121.958 232.37 -405.751 297.722 4
785 167.077 263.747 -414.0 245.632 2
786 121.958 232.37 -405.751 297.722 4
787 167.077 263.747 -414.0 245.632 2
788 121.958 232.37 -405.751 297.722 4
789 167.077 263.747 -414.0 245.632 2
790 121.958 232.37 -405.751 297.722 4
791 167.077 263.747 -414.0 245.632 2
792 121.958 232.37 -405.751 297.722 4
793 167.077 263.747 -414.0 245.632 2
794 121.958 232.37 -405.751 297.722 4
795 167.077 263.747 -414.0 245.632 2
796 121.958 232.37 -405.751 297.722 4
797 167.077 263.747 -414.0 245.632 2
798 121.958 232.37 -405.751 297.722 4
799 167.077 263.747 -414.0 245.632 2
800 121.958 232.37 -405.751 297.722 4
801 167.077 263.747 -414.0 245.632 2
802 121.958 232.37 -405.751 297.722 4
803 167.077 263.747 -414.0 245.632 2
804 121.958 232.37 -405.751 297.722 4
805 167.077 263.747 -414.0 245.632 2
806 121.958 232.37 -405.751 297.722 4
807 167.077 263.747 -414.0 245.632 2
808 121.958 232.37 -405.751 297.722 4
809 167.077 263.747 -414.0 245.632 2
810 121.958 232.37 -405.751 297.722 4
811 167.077 263.747 -414.0 245.632 2
812 121.958 232.37 -405.751 297.722 4
813 167.077 263.747 -414.0 245.632 2
814 121.958 232.37 -405.751 297.722 4
815 167.077 263.747 -414.0 245.632 2
816 121.958 232.37 -405.751 297.722 4
817 167.077 263.747 -414.0 245.632 2
818 121.958 232.37 -405.751 297.722 4
819 167.077 263.747 -414.0 245.632 2
820 121.958 232.37 -405.751 297.722 4
821 167.077 263.747 -414.0 245.632 2
822 121.958 232.37 -405.751 297.722 4
823 167.077 263.747 -414.0 245.632 2
824 121.958 232.37 -405.751 297.722 4
825 167.077 263.747 -414.0 245.632 2
826 121.958 232.37 -405.751 297.722 4
827 167.077 263.747 -414.0 245.632 2
828 121.958 232.37 -405.751 297.722 4
829 167.077 263.747 -414.0 245.632 2
830 121.958 232.37 -405.751 297.722 4
831 167.077 263.747 -414.0 245.632 2
832 121.958 232.37 -405.751 297.722 4
833 167.077 263.747 -414.0 245.632 2
834 121.958 232.37 -405.751 297.722 4
835 167.077 263.747 -414.0 245.632 2
836 121.958 232.37 -405.751 297.722 4
837 167.077 263.747 -414.0 245.632 2
838 121.958 232.37 -405.751 297.722 4
839 167.077 263.747 -414.0 245.632 2
840 RANDOM
841 114.721 217.75 -424.949 280.658 4
842 163.234 241.972 -442.492 232.206 2
843 114.721 217.75 -424.949 280.658 4
844 163.234 241.972 -442.492 232.206 2
845 114.721 217.75 -424.949 280.658 4
846 163.234 241.972 -442.492 232.206 2
847 114.721 217.75 -424.949 280.658 4
848 163.234 241.972 -442.492 232.206 2
849 114.721 217.75 -424.949 280.658 4
850 163.234 241.972 -442.492 232.206 2
851 RANDOM
852 101.597 201.9 -434.203 252.249 4
853 165.699 227.098 -468.0 223.143 2
854 101.597 201.9 -434.203 252.249 4
855 165.699 227.098 -468.0 223.143 2
856 101.597 201.9 -434.203 252.249 4
857 165.699 227.098 -468.0 223.143 2
858 101.597 201.9 -434.203 252.249 4
859 165.699 227.098 -468.0 223.143 2
860 101.597 201.9 -434.203 252.249 4
861 165.699 227.098 -468.0 223.143 2
862 101.597 201.9 -434.203 252.249 4
863 165.699 227.098 -468.0 223.143 2
864 101.597 201.9 -434.203 252.249 4
865 165.699 227.098 -468.0 223.143 2
866 RANDOM
867 7.15216 152.679 -420.664 153.691 4
868 107.281 179.421 -483.708 190.446 4
