0 -192.775 363.265 -566.938 311.033 2
1 -176.125 359.179 -578.705 308.938 2
2 -166.171 367.787 -576.21 314.615 2
3 -295.654 358.942 -441.219 312.777 2
4 -268.082 351.867 -435.817 287.798 2
5 -262.561 348.99 -422.645 270.138 2
6 -174.788 343.017 -485.078 279.687 2
7 -214.778 362.518 -430.388 289.705 2
8 -207.269 355.986 -429.976 273.767 2
9 RANDOM
10 -184.231 391.022 -426.081 311.338 2
11 -139.892 318.411 -394.428 202.032 2
12 -126.449 312.12 -396.81 187.707 2
13 -111.124 319.409 -396.612 189.636 2
14 -59.3782 342.753 -374.646 201.292 2
15 -112.285 329.825 -475.953 223.814 2
16 -100.775 324.919 -442.535 195.637 2
17 -104.209 339.571 -419.275 198.407 2
18 -56.0797 358.868 -364.351 196.474 2
19 -95.6175 368.791 -400.332 278.873 2
20 -73.5262 389.637 -385.691 289.744 2
21 -68.6524 406.506 -366.258 302.115 2
22 -0.797181 406.962 -301.284 258.458 2
23 40.6171 395.847 -149.155 207.463 2
24 98.2751 380.058 -127.926 155.039 2
25 94.3085 379.013 -141.325 148.46 2
26 115.531 374.779 -117.994 117.579 2
27 111.832 348.579 -79.0198 87.2718 2
28 212.74 347.01 -22.3501 39.0194 2
29 219.112 349.062 -7.85963 35.2555 2
30 284.47 367.995 98.208 15.1332 2
31 70.8049 381.391 4.93212 187.672 2
32 183.523 371.267 90.3513 123.143 2
33 198.456 385.674 140.299 125.093 2
34 293.344 412.236 275.601 102.815 2
35 -10.9095 431.956 -31.7346 290.838 2
36 62.2907 450.372 62.4575 275.318 2
37 125.55 457.133 147.116 256.495 2
38 256.987 452.613 316.017 208.392 2
39 166.625 402.694 187.532 212.213 2
40 RANDOM
41 RANDOM
42 371.459 451.106 344.506 172.307 2
43 278.759 404.711 307.004 181.085 2
44 334.122 433.991 335.781 183.409 2
45 375.114 456.13 353.912 185.485 2
46 476.779 504.115 444.669 205.776 2
47 453.501 463.492 264.668 136.718 2
48 438.983 454.297 244.373 122.676 2
49 374.996 444.492 198.498 127.376 2
50 338.435 437.767 175.122 127.172 2
51 338.435 437.767 175.122 127.172 2
