0 -35.2747 77.8825 -21.3008 69.3642 2
1 -32.8025 76.7919 -19.4045 67.7151 2
2 -30.6555 75.2785 -17.8122 65.799 2
3 -25.553 87.6245 -8.39866 71.7879 2
4 -23.3681 82.1932 -7.52008 66.9892 2
5 -21.5685 77.1933 -6.83953 62.6114 2
6 -20.1065 67.4124 -7.36634 54.6666 2
7 -12.2479 78.037 8.31607 60.0668 2
8 -11.9763 73.6835 6.81745 56.8256 2
9 -11.7029 69.6685 5.52164 53.7833 2
10 RANDOM
11 -12.0438 74.7173 7.16698 57.7518 2
12 -11.5927 70.0467 5.73068 54.2082 2
13 -11.2533 66.1794 4.55818 51.2839 2
14 -11.7128 56.8989 0.960761 44.3915 2
15 -11.4537 71.5034 6.37843 55.7544 2
16 -11.2721 66.6109 4.73484 52.1182 2
17 -11.3035 61.5052 2.88816 48.3231 2
18 -11.3455 52.8886 -0.0796998 42.0752 2
19 -13.2406 65.6445 3.3529 53.1486 2
20 -12.9848 58.9472 1.11709 48.1332 2
21 -12.8699 53.795 -0.644456 44.2463 2
22 -12.2445 45.3356 -3.08028 37.7306 2
23 -15.3275 55.8821 -1.35121 47.3454 2
24 -14.9891 52.751 -2.2365 45.3143 2
25 -14.8272 50.5761 -2.91585 43.8119 2
26 RANDOM
27 RANDOM
28 -15.7479 44.7514 -5.39273 40.7218 2
29 -15.1663 41.0381 -6.32284 37.8304 2
30 -14.2423 35.7683 -7.4751 33.1238 2
31 -18.58 31.0659 -11.676 33.4411 4
32 -22.2166 53.7647 -4.08288 45.0211 2
33 -18.58 31.0659 -11.676 33.4411 4
34 -22.2166 53.7647 -4.08288 45.0211 2
35 -18.58 31.0659 -11.676 33.4411 4
36 -22.2166 53.7647 -4.08288 45.0211 2
37 -18.58 31.0659 -11.676 33.4411 4
38 -22.2166 53.7647 -4.08288 45.0211 2
39 -18.58 31.0659 -11.676 33.4411 4
40 -20.7788 56.6936 -2.52245 47.1667 2
41 -17.405 32.8688 -10.3701 34.7908 4
42 -20.7788 56.6936 -2.52245 47.1667 2
43 -17.405 32.8688 -10.3701 34.7908 4
44 -20.7788 56.6936 -2.52245 47.1667 2
45 -17.405 32.8688 -10.3701 34.7908 4
46 -20.7788 56.6936 -2.52245 47.1667 2
47 -17.405 32.8688 -10.3701 34.7908 4
48 -20.7788 56.6936 -2.52245 47.1667 2
49 -17.405 32.8688 -10.3701 34.7908 4
50 -20.7788 56.6936 -2.52245 47.1667 2
51 -17.405 32.8688 -10.3701 34.7908 4
52 -20.7788 56.6936 -2.52245 47.1667 2
53 -17.405 32.8688 -10.3701 34.7908 4
54 -20.7788 56.6936 -2.52245 47.1667 2
55 -17.405 32.8688 -10.3701 34.7908 4
56 -20.7788 56.6936 -2.52245 47.1667 2
57 -17.405 32.8688 -10.3701 34.7908 4
58 -20.7788 56.6936 -2.52245 47.1667 2
59 -17.405 32.8688 -10.3701 34.7908 4
60 -20.7788 56.6936 -2.52245 47.1667 2
61 -17.405 32.8688 -10.3701 34.7908 4
62 -20.7788 56.6936 -2.52245 47.1667 2
63 -17.405 32.8688 -10.3701 34.7908 4
64 -20.7788 56.6936 -2.52245 47.1667 2
65 -17.405 32.8688 -10.3701 34.7908 4
66 -20.7788 56.6936 -2.52245 47.1667 2
67 -17.405 32.8688 -10.3701 34.7908 4
68 -20.7788 56.6936 -2.52245 47.1667 2
69 -17.405 32.8688 -10.3701 34.7908 4
70 -20.7788 56.6936 -2.52245 47.1667 2
71 -17.405 32.8688 -10.3701 34.7908 4
72 -20.7788 56.6936 -2.52245 47.1667 2
73 -17.405 32.8688 -10.3701 34.7908 4
74 -20.7788 56.6936 -2.52245 47.1667 2
75 -17.405 32.8688 -10.3701 34.7908 4
76 -20.7788 56.6936 -2.52245 47.1667 2
77 -17.405 32.8688 -10.3701 34.7908 4
78 -20.7788 56.6936 -2.52245 47.1667 2
79 -17.405 32.8688 -10.3701 34.7908 4
80 -20.7788 56.6936 -2.52245 47.1667 2
81 -17.405 32.8688 -10.3701 34.7908 4
82 -20.7788 56.6936 -2.52245 47.1667 2
83 -17.405 32.8688 -10.3701 34.7908 4
84 -20.7788 56.6936 -2.52245 47.1667 2
85 -17.405 32.8688 -10.3701 34.7908 4
86 -20.7788 56.6936 -2.52245 47.1667 2
87 -17.405 32.8688 -10.3701 34.7908 4
88 -20.7788 56.6936 -2.52245 47.1667 2
89 -17.405 32.8688 -10.3701 34.7908 4
90 -20.7788 56.6936 -2.52245 47.1667 2
91 -17.405 32.8688 -10.3701 34.7908 4
92 -20.7788 56.6936 -2.52245 47.1667 2
93 -17.405 32.8688 -10.3701 34.7908 4
94 -20.7788 56.6936 -2.52245 47.1667 2
95 -17.405 32.8688 -10.3701 34.7908 4
96 -20.7788 56.6936 -2.52245 47.1667 2
97 -17.405 32.8688 -10.3701 34.7908 4
98 -20.7788 56.6936 -2.52245 47.1667 2
99 -17.405 32.8688 -10.3701 34.7908 4
100 -21.6461 54.4011 -3.58195 45.7033 2
101 -17.9866 31.0069 -11.3412 33.6605 4
102 -21.6461 54.4011 -3.58195 45.7033 2
103 -17.9866 31.0069 -11.3412 33.6605 4
104 -21.6461 54.4011 -3.58195 45.7033 2
105 -17.9866 31.0069 -11.3412 33.6605 4
106 -21.6461 54.4011 -3.58195 45.7033 2
107 -17.9866 31.0069 -11.3412 33.6605 4
108 -21.6461 54.4011 -3.58195 45.7033 2
109 -17.9866 31.0069 -11.3412 33.6605 4
110 -21.6461 54.4011 -3.58195 45.7033 2
111 -17.9866 31.0069 -11.3412 33.6605 4
112 -21.6461 54.4011 -3.58195 45.7033 2
113 -17.9866 31.0069 -11.3412 33.6605 4
114 -21.6461 54.4011 -3.58195 45.7033 2
115 -17.9866 31.0069 -11.3412 33.6605 4
116 -21.6461 54.4011 -3.58195 45.7033 2
117 -17.9866 31.0069 -11.3412 33.6605 4
118 -21.6461 54.4011 -3.58195 45.7033 2
119 -17.9866 31.0069 -11.3412 33.6605 4
120 -21.6461 54.4011 -3.58195 45.7033 2
121 -17.9866 31.0069 -11.3412 33.6605 4
122 -21.6461 54.4011 -3.58195 45.7033 2
123 -17.9866 31.0069 -11.3412 33.6605 4
124 -21.6461 54.4011 -3.58195 45.7033 2
125 -17.9866 31.0069 -11.3412 33.6605 4
126 -21.6461 54.4011 -3.58195 45.7033 2
127 -17.9866 31.0069 -11.3412 33.6605 4
128 -21.6461 54.4011 -3.58195 45.7033 2
129 -17.9866 31.0069 -11.3412 33.6605 4
130 -21.6461 54.4011 -3.58195 45.7033 2
131 -17.9866 31.0069 -11.3412 33.6605 4
132 -21.6461 54.4011 -3.58195 45.7033 2
133 -17.9866 31.0069 -11.3412 33.6605 4
134 -21.6461 54.4011 -3.58195 45.7033 2
135 -17.9866 31.0069 -11.3412 33.6605 4
136 -21.6461 54.4011 -3.58195 45.7033 2
137 -17.9866 31.0069 -11.3412 33.6605 4
138 -21.6461 54.4011 -3.58195 45.7033 2
139 -17.9866 31.0069 -11.3412 33.6605 4
140 -21.6461 54.4011 -3.58195 45.7033 2
141 -17.9866 31.0069 -11.3412 33.6605 4
142 -21.6461 54.4011 -3.58195 45.7033 2
143 -17.9866 31.0069 -11.3412 33.6605 4
144 -21.6461 54.4011 -3.58195 45.7033 2
145 -17.9866 31.0069 -11.3412 33.6605 4
146 -21.6461 54.4011 -3.58195 45.7033 2
147 RANDOM
148 -16.8869 29.9875 -11.0443 32.5495 4
149 -28.8303 39.2556 -11.6127 40.9773 4
150 -21.6461 54.4011 -3.58195 45.7033 2
151 -17.9866 31.0069 -11.3412 33.6605 4
152 -21.6461 54.4011 -3.58195 45.7033 2
153 -17.9866 31.0069 -11.3412 33.6605 4
154 -21.6461 54.4011 -3.58195 45.7033 2
155 -17.9866 31.0069 -11.3412 33.6605 4
156 -21.6461 54.4011 -3.58195 45.7033 2
157 -17.9866 31.0069 -11.3412 33.6605 4
158 -21.6461 54.4011 -3.58195 45.7033 2
159 -17.9866 31.0069 -11.3412 33.6605 4
160 -21.6461 54.4011 -3.58195 45.7033 2
161 -17.9866 31.0069 -11.3412 33.6605 4
162 -21.6461 54.4011 -3.58195 45.7033 2
163 -17.9866 31.0069 -11.3412 33.6605 4
164 -21.6461 54.4011 -3.58195 45.7033 2
165 -17.9866 31.0069 -11.3412 33.6605 4
166 -21.6461 54.4011 -3.58195 45.7033 2
167 -17.9866 31.0069 -11.3412 33.6605 4
168 -21.6461 54.4011 -3.58195 45.7033 2
169 -17.9866 31.0069 -11.3412 33.6605 4
170 -21.6461 54.4011 -3.58195 45.7033 2
171 -17.9866 31.0069 -11.3412 33.6605 4
172 RANDOM
173 -11.3638 20.8295 -8.80373 20.2067 2
174 -12.6744 33.2038 -7.18333 30.2661 2
