0 95.7006 94.8397 92.0296 96.9979 4
1 111.088 109.815 106.595 111.199 4
2 105.695 104.545 100.957 106.714 4
3 RANDOM
4 111.348 110.012 105.947 112.197 4
5 115.542 114.075 109.706 116.23 4
6 104.696 103.56 99.9985 105.839 4
7 107.421 106.209 102.398 108.535 4
8 111.291 109.952 105.776 112.32 4
9 116.801 115.289 110.608 117.7 4
10 RANDOM
11 106.737 105.573 101.897 107.966 4
12 110.071 108.832 104.853 111.292 4
13 115.338 113.981 109.492 116.518 4
14 103.616 102.543 99.1231 105.001 4
15 106.175 105.053 101.399 107.622 4
16 109.599 108.409 104.435 111.125 4
17 113.771 112.496 108.136 115.385 4
18 103.02 102.006 98.3095 104.697 4
19 105.072 104.017 100.095 106.836 4
20 108.84 107.713 103.36 110.766 4
21 115.117 113.889 108.782 117.338 4
22 103.624 102.593 98.8425 105.336 4
23 105.859 104.791 100.782 107.683 4
24 109.705 108.562 104.095 111.71 4
25 115.581 114.336 109.131 117.882 4
26 103.055 102.061 98.3076 104.776 4
27 104.613 103.576 99.6436 106.386 4
28 RANDOM
29 113.271 112.058 107.095 115.431 4
30 101.883 100.808 96.9872 103.728 4
31 104.931 103.802 99.6159 106.946 4
32 109.145 107.944 103.16 111.413 4
33 RANDOM
34 106.786 105.643 100.849 109.222 4
35 110.976 109.839 104.413 113.822 4
36 RANDOM
37 129.529 128.491 119.995 134.357 4
38 114.942 113.348 107.344 117.889 4
39 120.021 118.431 111.613 123.495 4
40 127.824 126.225 118.087 132.15 4
41 139.809 138.373 128.112 145.651 4
42 117.991 115.754 108.246 121.243 4
43 123.882 121.649 112.984 127.843 4
44 132.892 130.696 120.309 137.958 4
45 146.483 144.5 131.499 153.4 4
46 109.335 106.278 97.2942 112.045 4
47 115.864 112.696 102.427 119.248 4
48 127.118 123.823 111.527 131.659 4
49 143.019 139.698 124.47 149.406 4
50 RANDOM
51 103.946 102.752 98.1494 106.277 4
52 149.974 146.002 128.885 156.765 4
