0 -15.044 36.4237 27.344 37.8814 4
1 -15.044 36.4237 27.344 37.8814 4
2 -15.044 36.4237 27.344 37.8814 4
3 -15.044 36.4237 27.344 37.8814 4
4 -15.044 36.4237 27.344 37.8814 4
5 -15.044 36.4237 27.344 37.8814 4
6 -15.044 36.4237 27.344 37.8814 4
7 -15.044 36.4237 27.344 37.8814 4
8 -15.044 36.4237 27.344 37.8814 4
9 -15.044 36.4237 27.344 37.8814 4
10 -15.044 36.4237 27.344 37.8814 4
11 -15.044 36.4237 27.344 37.8814 4
12 -15.044 36.4237 27.344 37.8814 4
13 -15.044 36.4237 27.344 37.8814 4
14 -15.044 36.4237 27.344 37.8814 4
15 -15.044 36.4237 27.344 37.8814 4
16 -15.044 36.4237 27.344 37.8814 4
17 -15.044 36.4237 27.344 37.8814 4
18 -15.044 36.4237 27.344 37.8814 4
19 -15.044 36.4237 27.344 37.8814 4
20 -15.044 36.4237 27.344 37.8814 4
21 -15.044 36.4237 27.344 37.8814 4
22 -15.044 36.4237 27.344 37.8814 4
23 -15.044 36.4237 27.344 37.8814 4
24 -15.044 36.4237 27.344 37.8814 4
25 -15.044 36.4237 27.344 37.8814 4
26 -15.044 36.4237 27.344 37.8814 4
27 -15.044 36.4237 27.344 37.8814 4
28 -15.044 36.4237 27.344 37.8814 4
29 -15.044 36.4237 27.344 37.8814 4
30 -15.044 36.4237 27.344 37.8814 4
31 -15.044 36.4237 27.344 37.8814 4
32 -15.044 36.4237 27.344 37.8814 4
33 -15.044 36.4237 27.344 37.8814 4
34 -15.044 36.4237 27.344 37.8814 4
35 -15.044 36.4237 27.344 37.8814 4
36 -15.044 36.4237 27.344 37.8814 4
37 -15.044 36.4237 27.344 37.8814 4
38 -15.044 36.4237 27.344 37.8814 4
39 -15.044 36.4237 27.344 37.8814 4
40 -15.044 36.4237 27.344 37.8814 4
41 -15.044 36.4237 27.344 37.8814 4
42 -13.5278 34.2061 -61.1884 33.0178 2
43 -15.044 36.4237 27.344 37.8814 4
44 -13.5278 34.2061 -61.1884 33.0178 2
45 -15.044 36.4237 27.344 37.8814 4
46 -13.5278 34.2061 -61.1884 33.0178 2
47 -15.044 36.4237 27.344 37.8814 4
48 -13.5278 34.2061 -61.1884 33.0178 2
49 -15.044 36.4237 27.344 37.8814 4
50 -13.5278 34.2061 -61.1884 33.0178 2
51 -15.044 36.4237 27.344 37.8814 4
52 -13.5278 34.2061 -61.1884 33.0178 2
53 -15.044 36.4237 27.344 37.8814 4
54 RANDOM
55 -10.454 34.0582 -68.2496 32.9424 2
56 -14.2867 18.5402 -30.2492 19.0147 4
57 -10.454 34.0582 -68.2496 32.9424 2
58 -14.2867 18.5402 -30.2492 19.0147 4
59 -10.454 34.0582 -68.2496 32.9424 2
60 -14.2867 18.5402 -30.2492 19.0147 4
61 -10.454 34.0582 -68.2496 32.9424 2
62 -14.2867 18.5402 -30.2492 19.0147 4
63 -10.454 34.0582 -68.2496 32.9424 2
64 -14.2867 18.5402 -30.2492 19.0147 4
65 -10.454 34.0582 -68.2496 32.9424 2
66 RANDOM
67 -15.044 36.4237 27.344 37.8814 4
68 -13.5278 34.2061 -61.1884 33.0178 2
69 -15.044 36.4237 27.344 37.8814 4
70 -13.5278 34.2061 -61.1884 33.0178 2
71 -15.044 36.4237 27.344 37.8814 4
72 -13.5278 34.2061 -61.1884 33.0178 2
73 -15.044 36.4237 27.344 37.8814 4
74 -13.5278 34.2061 -61.1884 33.0178 2
75 -15.044 36.4237 27.344 37.8814 4
76 -13.5278 34.2061 -61.1884 33.0178 2
77 -15.044 36.4237 27.344 37.8814 4
78 -13.5278 34.2061 -61.1884 33.0178 2
79 -15.044 36.4237 27.344 37.8814 4
80 -13.5278 34.2061 -61.1884 33.0178 2
81 -15.044 36.4237 27.344 37.8814 4
82 -13.5278 34.2061 -61.1884 33.0178 2
83 -15.044 36.4237 27.344 37.8814 4
84 -13.5278 34.2061 -61.1884 33.0178 2
85 -15.044 36.4237 27.344 37.8814 4
86 -13.5278 34.2061 -61.1884 33.0178 2
87 -15.044 36.4237 27.344 37.8814 4
88 -13.5278 34.2061 -61.1884 33.0178 2
89 -15.044 36.4237 27.344 37.8814 4
90 -13.5278 34.2061 -61.1884 33.0178 2
91 -15.044 36.4237 27.344 37.8814 4
92 -13.5278 34.2061 -61.1884 33.0178 2
93 -15.044 36.4237 27.344 37.8814 4
94 -13.5278 34.2061 -61.1884 33.0178 2
95 -15.044 36.4237 27.344 37.8814 4
96 -13.5278 34.2061 -61.1884 33.0178 2
97 -15.044 36.4237 27.344 37.8814 4
98 -13.5278 34.2061 -61.1884 33.0178 2
99 -15.044 36.4237 27.344 37.8814 4
100 RANDOM
101 -10.454 34.0582 -68.2496 32.9424 2
102 -14.2867 18.5402 -30.2492 19.0147 4
103 -10.454 34.0582 -68.2496 32.9424 2
104 -14.2867 18.5402 -30.2492 19.0147 4
105 -10.454 34.0582 -68.2496 32.9424 2
106 -14.2867 18.5402 -30.2492 19.0147 4
107 -10.454 34.0582 -68.2496 32.9424 2
108 RANDOM
109 -15.044 36.4237 27.344 37.8814 4
110 -13.5278 34.2061 -61.1884 33.0178 2
111 -15.044 36.4237 27.344 37.8814 4
112 -13.5278 34.2061 -61.1884 33.0178 2
113 -15.044 36.4237 27.344 37.8814 4
114 -13.5278 34.2061 -61.1884 33.0178 2
115 -15.044 36.4237 27.344 37.8814 4
116 RANDOM
117 -10.454 34.0582 -68.2496 32.9424 2
118 -14.2867 18.5402 -30.2492 19.0147 4
119 -10.454 34.0582 -68.2496 32.9424 2
120 -14.2867 18.5402 -30.2492 19.0147 4
121 -10.454 34.0582 -68.2496 32.9424 2
122 -14.2867 18.5402 -30.2492 19.0147 4
123 -10.454 34.0582 -68.2496 32.9424 2
124 -14.2867 18.5402 -30.2492 19.0147 4
125 -10.454 34.0582 -68.2496 32.9424 2
126 -14.2867 18.5402 -30.2492 19.0147 4
127 -10.454 34.0582 -68.2496 32.9424 2
128 -14.2867 18.5402 -30.2492 19.0147 4
129 -10.454 34.0582 -68.2496 32.9424 2
130 -14.2867 18.5402 -30.2492 19.0147 4
131 -10.454 34.0582 -68.2496 32.9424 2
132 -14.2867 18.5402 -30.2492 19.0147 4
133 -10.454 34.0582 -68.2496 32.9424 2
134 -14.2867 18.5402 -30.2492 19.0147 4
135 -10.454 34.0582 -68.2496 32.9424 2
136 RANDOM
137 -17.3024 -21.5077 -45.9102 -42.0349 1
138 -16.1362 6.66874 -19.775 5.1261 2
139 -15.044 36.4237 27.344 37.8814 4
140 -13.5278 34.2061 -61.1884 33.0178 2
141 -15.044 36.4237 27.344 37.8814 4
142 -13.5278 34.2061 -61.1884 33.0178 2
143 -15.044 36.4237 27.344 37.8814 4
144 -13.5278 34.2061 -61.1884 33.0178 2
145 -15.044 36.4237 27.344 37.8814 4
146 -13.5278 34.2061 -61.1884 33.0178 2
147 -15.044 36.4237 27.344 37.8814 4
148 -13.5278 34.2061 -61.1884 33.0178 2
149 -15.044 36.4237 27.344 37.8814 4
150 -13.5278 34.2061 -61.1884 33.0178 2
151 -15.044 36.4237 27.344 37.8814 4
152 -13.5278 34.2061 -61.1884 33.0178 2
153 -15.044 36.4237 27.344 37.8814 4
154 -13.5278 34.2061 -61.1884 33.0178 2
155 -15.044 36.4237 27.344 37.8814 4
156 -13.5278 34.2061 -61.1884 33.0178 2
157 -15.044 36.4237 27.344 37.8814 4
158 -13.5278 34.2061 -61.1884 33.0178 2
159 -15.044 36.4237 27.344 37.8814 4
160 -13.5278 34.2061 -61.1884 33.0178 2
161 -15.044 36.4237 27.344 37.8814 4
162 -13.5278 34.2061 -61.1884 33.0178 2
163 -15.044 36.4237 27.344 37.8814 4
164 -13.5278 34.2061 -61.1884 33.0178 2
165 -15.044 36.4237 27.344 37.8814 4
166 -13.5278 34.2061 -61.1884 33.0178 2
167 -15.044 36.4237 27.344 37.8814 4
168 -13.5278 34.2061 -61.1884 33.0178 2
169 -15.044 36.4237 27.344 37.8814 4
170 -13.5278 34.2061 -61.1884 33.0178 2
171 -15.044 36.4237 27.344 37.8814 4
172 -13.5278 34.2061 -61.1884 33.0178 2
173 -15.044 36.4237 27.344 37.8814 4
174 -13.5278 34.2061 -61.1884 33.0178 2
175 -15.044 36.4237 27.344 37.8814 4
176 -13.5278 34.2061 -61.1884 33.0178 2
177 -15.044 36.4237 27.344 37.8814 4
178 -13.5278 34.2061 -61.1884 33.0178 2
179 -15.044 36.4237 27.344 37.8814 4
180 RANDOM
181 -10.454 34.0582 -68.2496 32.9424 2
182 -14.2867 18.5402 -30.2492 19.0147 4
183 -10.454 34.0582 -68.2496 32.9424 2
184 -14.2867 18.5402 -30.2492 19.0147 4
185 -10.454 34.0582 -68.2496 32.9424 2
186 -14.2867 18.5402 -30.2492 19.0147 4
187 -10.454 34.0582 -68.2496 32.9424 2
188 -14.2867 18.5402 -30.2492 19.0147 4
189 -10.454 34.0582 -68.2496 32.9424 2
190 -14.2867 18.5402 -30.2492 19.0147 4
191 -10.454 34.0582 -68.2496 32.9424 2
192 -14.2867 18.5402 -30.2492 19.0147 4
193 -10.454 34.0582 -68.2496 32.9424 2
194 -14.2867 18.5402 -30.2492 19.0147 4
195 -10.454 34.0582 -68.2496 32.9424 2
196 -14.2867 18.5402 -30.2492 19.0147 4
197 -10.454 34.0582 -68.2496 32.9424 2
198 -14.2867 18.5402 -30.2492 19.0147 4
199 -10.454 34.0582 -68.2496 32.9424 2
200 -14.2867 18.5402 -30.2492 19.0147 4
201 -10.454 34.0582 -68.2496 32.9424 2
202 -14.2867 18.5402 -30.2492 19.0147 4
203 -10.454 34.0582 -68.2496 32.9424 2
204 -14.2867 18.5402 -30.2492 19.0147 4
205 -10.454 34.0582 -68.2496 32.9424 2
206 -14.2867 18.5402 -30.2492 19.0147 4
207 -10.454 34.0582 -68.2496 32.9424 2
208 -14.2867 18.5402 -30.2492 19.0147 4
209 -10.454 34.0582 -68.2496 32.9424 2
210 -14.2867 18.5402 -30.2492 19.0147 4
211 -10.454 34.0582 -68.2496 32.9424 2
212 -14.2867 18.5402 -30.2492 19.0147 4
213 -10.454 34.0582 -68.2496 32.9424 2
214 -14.2867 18.5402 -30.2492 19.0147 4
215 -10.454 34.0582 -68.2496 32.9424 2
216 -14.2867 18.5402 -30.2492 19.0147 4
217 -10.454 34.0582 -68.2496 32.9424 2
218 -14.2867 18.5402 -30.2492 19.0147 4
219 -10.454 34.0582 -68.2496 32.9424 2
220 -14.2867 18.5402 -30.2492 19.0147 4
221 -10.454 34.0582 -68.2496 32.9424 2
222 -14.2867 18.5402 -30.2492 19.0147 4
223 -10.454 34.0582 -68.2496 32.9424 2
224 -14.2867 18.5402 -30.2492 19.0147 4
225 -10.454 34.0582 -68.2496 32.9424 2
226 -14.2867 18.5402 -30.2492 19.0147 4
227 -10.454 34.0582 -68.2496 32.9424 2
228 -14.2867 18.5402 -30.2492 19.0147 4
229 -10.454 34.0582 -68.2496 32.9424 2
230 -14.2867 18.5402 -30.2492 19.0147 4
231 -10.454 34.0582 -68.2496 32.9424 2
232 -14.2867 18.5402 -30.2492 19.0147 4
233 -10.454 34.0582 -68.2496 32.9424 2
234 RANDOM
235 -15.044 36.4237 27.344 37.8814 4
236 -13.5278 34.2061 -61.1884 33.0178 2
237 -15.044 36.4237 27.344 37.8814 4
238 -13.5278 34.2061 -61.1884 33.0178 2
239 -15.044 36.4237 27.344 37.8814 4
240 -13.5278 34.2061 -61.1884 33.0178 2
241 -15.044 36.4237 27.344 37.8814 4
242 -13.5278 34.2061 -61.1884 33.0178 2
243 -15.044 36.4237 27.344 37.8814 4
244 RANDOM
245 -10.454 34.0582 -68.2496 32.9424 2
246 -14.2867 18.5402 -30.2492 19.0147 4
247 -10.454 34.0582 -68.2496 32.9424 2
248 -14.2867 18.5402 -30.2492 19.0147 4
249 -10.454 34.0582 -68.2496 32.9424 2
250 -14.2867 18.5402 -30.2492 19.0147 4
251 -10.454 34.0582 -68.2496 32.9424 2
252 -14.2867 18.5402 -30.2492 19.0147 4
253 RANDOM
254 -9.58249 31.0003 -75.614 28.1544 2
255 RANDOM
256 -14.2867 18.5402 -30.2492 19.0147 4
257 -10.454 34.0582 -68.2496 32.9424 2
258 -14.2867 18.5402 -30.2492 19.0147 4
259 -10.454 34.0582 -68.2496 32.9424 2
260 -14.2867 18.5402 -30.2492 19.0147 4
261 -10.454 34.0582 -68.2496 32.9424 2
262 -14.2867 18.5402 -30.2492 19.0147 4
263 -10.454 34.0582 -68.2496 32.9424 2
264 -14.2867 18.5402 -30.2492 19.0147 4
265 -10.454 34.0582 -68.2496 32.9424 2
266 -14.2867 18.5402 -30.2492 19.0147 4
267 -10.454 34.0582 -68.2496 32.9424 2
268 -14.2867 18.5402 -30.2492 19.0147 4
269 -10.454 34.0582 -68.2496 32.9424 2
270 -14.2867 18.5402 -30.2492 19.0147 4
271 -10.454 34.0582 -68.2496 32.9424 2
272 -14.2867 18.5402 -30.2492 19.0147 4
273 -10.454 34.0582 -68.2496 32.9424 2
274 -14.2867 18.5402 -30.2492 19.0147 4
275 -10.454 34.0582 -68.2496 32.9424 2
276 -14.2867 18.5402 -30.2492 19.0147 4
277 -10.454 34.0582 -68.2496 32.9424 2
278 -14.2867 18.5402 -30.2492 19.0147 4
279 -10.454 34.0582 -68.2496 32.9424 2
280 -14.2867 18.5402 -30.2492 19.0147 4
281 -10.454 34.0582 -68.2496 32.9424 2
282 -14.2867 18.5402 -30.2492 19.0147 4
283 -10.454 34.0582 -68.2496 32.9424 2
284 RANDOM
285 -17.3024 -21.5077 -45.9102 -42.0349 1
286 -16.1362 6.66874 -19.775 5.1261 2
287 -15.044 36.4237 27.344 37.8814 4
288 -13.5278 34.2061 -61.1884 33.0178 2
289 -15.044 36.4237 27.344 37.8814 4
290 -13.5278 34.2061 -61.1884 33.0178 2
291 -15.044 36.4237 27.344 37.8814 4
292 -13.5278 34.2061 -61.1884 33.0178 2
293 -15.044 36.4237 27.344 37.8814 4
294 RANDOM
295 -10.454 34.0582 -68.2496 32.9424 2
296 -14.2867 18.5402 -30.2492 19.0147 4
297 RANDOM
298 -9.58249 31.0003 -75.614 28.1544 2
299 -14.1839 20.9532 -33.2708 21.4697 4
300 -9.58249 31.0003 -75.614 28.1544 2
301 -14.1839 20.9532 -33.2708 21.4697 4
302 -9.58249 31.0003 -75.614 28.1544 2
303 -14.1839 20.9532 -33.2708 21.4697 4
304 -9.58249 31.0003 -75.614 28.1544 2
305 RANDOM
306 -14.2867 18.5402 -30.2492 19.0147 4
307 -10.454 34.0582 -68.2496 32.9424 2
308 -14.2867 18.5402 -30.2492 19.0147 4
309 -10.454 34.0582 -68.2496 32.9424 2
310 -14.2867 18.5402 -30.2492 19.0147 4
311 -10.454 34.0582 -68.2496 32.9424 2
312 -14.2867 18.5402 -30.2492 19.0147 4
313 -10.454 34.0582 -68.2496 32.9424 2
314 -14.2867 18.5402 -30.2492 19.0147 4
315 -10.454 34.0582 -68.2496 32.9424 2
316 -14.2867 18.5402 -30.2492 19.0147 4
317 -10.454 34.0582 -68.2496 32.9424 2
318 -14.2867 18.5402 -30.2492 19.0147 4
319 -10.454 34.0582 -68.2496 32.9424 2
320 -14.2867 18.5402 -30.2492 19.0147 4
321 -10.454 34.0582 -68.2496 32.9424 2
322 -14.2867 18.5402 -30.2492 19.0147 4
323 -10.454 34.0582 -68.2496 32.9424 2
324 -14.2867 18.5402 -30.2492 19.0147 4
325 -10.454 34.0582 -68.2496 32.9424 2
326 -14.2867 18.5402 -30.2492 19.0147 4
327 -10.454 34.0582 -68.2496 32.9424 2
328 -14.2867 18.5402 -30.2492 19.0147 4
329 RANDOM
330 -9.58249 31.0003 -75.614 28.1544 2
331 -14.1839 20.9532 -33.2708 21.4697 4
332 -9.58249 31.0003 -75.614 28.1544 2
333 -14.1839 20.9532 -33.2708 21.4697 4
334 -9.58249 31.0003 -75.614 28.1544 2
335 -14.1839 20.9532 -33.2708 21.4697 4
336 -9.58249 31.0003 -75.614 28.1544 2
337 -14.1839 20.9532 -33.2708 21.4697 4
338 -9.58249 31.0003 -75.614 28.1544 2
339 -14.1839 20.9532 -33.2708 21.4697 4
340 -9.58249 31.0003 -75.614 28.1544 2
341 -14.1839 20.9532 -33.2708 21.4697 4
342 -9.58249 31.0003 -75.614 28.1544 2
343 -14.1839 20.9532 -33.2708 21.4697 4
344 -9.58249 31.0003 -75.614 28.1544 2
345 -14.1839 20.9532 -33.2708 21.4697 4
346 -9.58249 31.0003 -75.614 28.1544 2
347 -14.1839 20.9532 -33.2708 21.4697 4
348 -9.58249 31.0003 -75.614 28.1544 2
349 -14.1839 20.9532 -33.2708 21.4697 4
350 -9.58249 31.0003 -75.614 28.1544 2
351 -14.1839 20.9532 -33.2708 21.4697 4
352 -9.58249 31.0003 -75.614 28.1544 2
353 -14.1839 20.9532 -33.2708 21.4697 4
354 -9.58249 31.0003 -75.614 28.1544 2
355 -14.1839 20.9532 -33.2708 21.4697 4
356 -9.58249 31.0003 -75.614 28.1544 2
357 -14.1839 20.9532 -33.2708 21.4697 4
358 -9.58249 31.0003 -75.614 28.1544 2
359 -14.1839 20.9532 -33.2708 21.4697 4
360 -9.58249 31.0003 -75.614 28.1544 2
361 RANDOM
362 -14.2867 18.5402 -30.2492 19.0147 4
363 -10.454 34.0582 -68.2496 32.9424 2
364 -14.2867 18.5402 -30.2492 19.0147 4
365 -10.454 34.0582 -68.2496 32.9424 2
366 RANDOM
367 -17.3024 -21.5077 -45.9102 -42.0349 1
368 -16.1362 6.66874 -19.775 5.1261 2
369 -15.044 36.4237 27.344 37.8814 4
370 -13.5278 34.2061 -61.1884 33.0178 2
371 -15.044 36.4237 27.344 37.8814 4
372 RANDOM
373 -10.454 34.0582 -68.2496 32.9424 2
374 -14.2867 18.5402 -30.2492 19.0147 4
375 -10.454 34.0582 -68.2496 32.9424 2
376 -14.2867 18.5402 -30.2492 19.0147 4
377 -10.454 34.0582 -68.2496 32.9424 2
378 -14.2867 18.5402 -30.2492 19.0147 4
379 -10.454 34.0582 -68.2496 32.9424 2
380 -14.2867 18.5402 -30.2492 19.0147 4
381 -10.454 34.0582 -68.2496 32.9424 2
382 -14.2867 18.5402 -30.2492 19.0147 4
383 -10.454 34.0582 -68.2496 32.9424 2
384 -14.2867 18.5402 -30.2492 19.0147 4
385 -10.454 34.0582 -68.2496 32.9424 2
386 -14.2867 18.5402 -30.2492 19.0147 4
387 -10.454 34.0582 -68.2496 32.9424 2
388 -14.2867 18.5402 -30.2492 19.0147 4
389 -10.454 34.0582 -68.2496 32.9424 2
390 -14.2867 18.5402 -30.2492 19.0147 4
391 -10.454 34.0582 -68.2496 32.9424 2
392 -14.2867 18.5402 -30.2492 19.0147 4
393 -10.454 34.0582 -68.2496 32.9424 2
394 -14.2867 18.5402 -30.2492 19.0147 4
395 -10.454 34.0582 -68.2496 32.9424 2
396 -14.2867 18.5402 -30.2492 19.0147 4
397 RANDOM
398 -9.58249 31.0003 -75.614 28.1544 2
399 -14.1839 20.9532 -33.2708 21.4697 4
400 -9.58249 31.0003 -75.614 28.1544 2
401 -14.1839 20.9532 -33.2708 21.4697 4
402 -9.58249 31.0003 -75.614 28.1544 2
403 -14.1839 20.9532 -33.2708 21.4697 4
404 -9.58249 31.0003 -75.614 28.1544 2
405 -14.1839 20.9532 -33.2708 21.4697 4
406 -9.58249 31.0003 -75.614 28.1544 2
407 -14.1839 20.9532 -33.2708 21.4697 4
408 -9.58249 31.0003 -75.614 28.1544 2
409 -14.1839 20.9532 -33.2708 21.4697 4
410 RANDOM
411 -9.21643 26.2762 -84.1856 20.258 2
412 -14.105 23.6488 -36.7877 24.1575 4
413 -9.21643 26.2762 -84.1856 20.258 2
414 -14.105 23.6488 -36.7877 24.1575 4
415 -9.21643 26.2762 -84.1856 20.258 2
416 -14.105 23.6488 -36.7877 24.1575 4
417 -9.21643 26.2762 -84.1856 20.258 2
418 -14.105 23.6488 -36.7877 24.1575 4
419 -9.21643 26.2762 -84.1856 20.258 2
420 RANDOM
421 -14.1839 20.9532 -33.2708 21.4697 4
422 -9.58249 31.0003 -75.614 28.1544 2
423 -14.1839 20.9532 -33.2708 21.4697 4
424 -9.58249 31.0003 -75.614 28.1544 2
425 -14.1839 20.9532 -33.2708 21.4697 4
426 -9.58249 31.0003 -75.614 28.1544 2
427 -14.1839 20.9532 -33.2708 21.4697 4
428 -9.58249 31.0003 -75.614 28.1544 2
429 -14.1839 20.9532 -33.2708 21.4697 4
430 -9.58249 31.0003 -75.614 28.1544 2
431 -14.1839 20.9532 -33.2708 21.4697 4
432 -9.58249 31.0003 -75.614 28.1544 2
433 RANDOM
434 -14.2867 18.5402 -30.2492 19.0147 4
435 -10.454 34.0582 -68.2496 32.9424 2
436 RANDOM
437 -15.044 36.4237 27.344 37.8814 4
438 -13.5278 34.2061 -61.1884 33.0178 2
439 -15.044 36.4237 27.344 37.8814 4
440 -13.5278 34.2061 -61.1884 33.0178 2
441 -15.044 36.4237 27.344 37.8814 4
442 -13.5278 34.2061 -61.1884 33.0178 2
443 -15.044 36.4237 27.344 37.8814 4
444 -13.5278 34.2061 -61.1884 33.0178 2
445 -15.044 36.4237 27.344 37.8814 4
446 -13.5278 34.2061 -61.1884 33.0178 2
447 -15.044 36.4237 27.344 37.8814 4
448 -13.5278 34.2061 -61.1884 33.0178 2
449 -15.044 36.4237 27.344 37.8814 4
450 -13.5278 34.2061 -61.1884 33.0178 2
451 -15.044 36.4237 27.344 37.8814 4
452 -13.5278 34.2061 -61.1884 33.0178 2
453 -15.044 36.4237 27.344 37.8814 4
454 -13.5278 34.2061 -61.1884 33.0178 2
455 -15.044 36.4237 27.344 37.8814 4
456 -13.5278 34.2061 -61.1884 33.0178 2
457 -15.044 36.4237 27.344 37.8814 4
458 -13.5278 34.2061 -61.1884 33.0178 2
459 -15.044 36.4237 27.344 37.8814 4
460 -13.5278 34.2061 -61.1884 33.0178 2
461 -15.044 36.4237 27.344 37.8814 4
462 -13.5278 34.2061 -61.1884 33.0178 2
463 -15.044 36.4237 27.344 37.8814 4
464 -13.5278 34.2061 -61.1884 33.0178 2
465 RANDOM
466 -15.044 36.4237 27.344 37.8814 4
467 -15.044 36.4237 27.344 37.8814 4
468 -13.5278 34.2061 -61.1884 33.0178 2
469 -15.044 36.4237 27.344 37.8814 4
470 -13.5278 34.2061 -61.1884 33.0178 2
471 -15.044 36.4237 27.344 37.8814 4
472 -13.5278 34.2061 -61.1884 33.0178 2
473 -15.044 36.4237 27.344 37.8814 4
474 -13.5278 34.2061 -61.1884 33.0178 2
475 -15.044 36.4237 27.344 37.8814 4
476 -13.5278 34.2061 -61.1884 33.0178 2
477 -15.044 36.4237 27.344 37.8814 4
478 -13.5278 34.2061 -61.1884 33.0178 2
479 -15.044 36.4237 27.344 37.8814 4
480 -13.5278 34.2061 -61.1884 33.0178 2
481 -15.044 36.4237 27.344 37.8814 4
482 -13.5278 34.2061 -61.1884 33.0178 2
483 -15.044 36.4237 27.344 37.8814 4
484 -13.5278 34.2061 -61.1884 33.0178 2
485 -15.044 36.4237 27.344 37.8814 4
486 -13.5278 34.2061 -61.1884 33.0178 2
487 -15.044 36.4237 27.344 37.8814 4
488 RANDOM
489 -17.3024 -21.5077 -45.9102 -42.0349 1
490 -16.1362 6.66874 -19.775 5.1261 2
491 -15.044 36.4237 27.344 37.8814 4
492 -13.5278 34.2061 -61.1884 33.0178 2
493 -15.044 36.4237 27.344 37.8814 4
494 -13.5278 34.2061 -61.1884 33.0178 2
495 -15.044 36.4237 27.344 37.8814 4
496 -13.5278 34.2061 -61.1884 33.0178 2
497 -15.044 36.4237 27.344 37.8814 4
498 -13.5278 34.2061 -61.1884 33.0178 2
499 -15.044 36.4237 27.344 37.8814 4
500 -13.5278 34.2061 -61.1884 33.0178 2
501 -15.044 36.4237 27.344 37.8814 4
502 -13.5278 34.2061 -61.1884 33.0178 2
503 -15.044 36.4237 27.344 37.8814 4
504 -13.5278 34.2061 -61.1884 33.0178 2
505 -15.044 36.4237 27.344 37.8814 4
506 -13.5278 34.2061 -61.1884 33.0178 2
507 -15.044 36.4237 27.344 37.8814 4
508 -13.5278 34.2061 -61.1884 33.0178 2
509 -15.044 36.4237 27.344 37.8814 4
510 -13.5278 34.2061 -61.1884 33.0178 2
511 -15.044 36.4237 27.344 37.8814 4
512 RANDOM
513 -10.454 34.0582 -68.2496 32.9424 2
514 -14.2867 18.5402 -30.2492 19.0147 4
515 -10.454 34.0582 -68.2496 32.9424 2
516 -14.2867 18.5402 -30.2492 19.0147 4
517 -10.454 34.0582 -68.2496 32.9424 2
518 -14.2867 18.5402 -30.2492 19.0147 4
519 -10.454 34.0582 -68.2496 32.9424 2
520 -14.2867 18.5402 -30.2492 19.0147 4
521 -10.454 34.0582 -68.2496 32.9424 2
522 -14.2867 18.5402 -30.2492 19.0147 4
523 -10.454 34.0582 -68.2496 32.9424 2
524 -14.2867 18.5402 -30.2492 19.0147 4
525 -10.454 34.0582 -68.2496 32.9424 2
526 -14.2867 18.5402 -30.2492 19.0147 4
527 -10.454 34.0582 -68.2496 32.9424 2
528 -14.2867 18.5402 -30.2492 19.0147 4
529 -10.454 34.0582 -68.2496 32.9424 2
530 -14.2867 18.5402 -30.2492 19.0147 4
531 -10.454 34.0582 -68.2496 32.9424 2
532 -14.2867 18.5402 -30.2492 19.0147 4
533 -10.454 34.0582 -68.2496 32.9424 2
534 -14.2867 18.5402 -30.2492 19.0147 4
535 -10.454 34.0582 -68.2496 32.9424 2
536 -14.2867 18.5402 -30.2492 19.0147 4
537 -10.454 34.0582 -68.2496 32.9424 2
538 -14.2867 18.5402 -30.2492 19.0147 4
539 -10.454 34.0582 -68.2496 32.9424 2
540 -14.2867 18.5402 -30.2492 19.0147 4
541 -10.454 34.0582 -68.2496 32.9424 2
542 -14.2867 18.5402 -30.2492 19.0147 4
543 RANDOM
544 -9.58249 31.0003 -75.614 28.1544 2
545 -14.1839 20.9532 -33.2708 21.4697 4
546 -9.58249 31.0003 -75.614 28.1544 2
547 -14.1839 20.9532 -33.2708 21.4697 4
548 -9.58249 31.0003 -75.614 28.1544 2
549 -14.1839 20.9532 -33.2708 21.4697 4
550 -9.58249 31.0003 -75.614 28.1544 2
551 RANDOM
552 -14.2867 18.5402 -30.2492 19.0147 4
553 -10.454 34.0582 -68.2496 32.9424 2
554 -14.2867 18.5402 -30.2492 19.0147 4
555 -10.454 34.0582 -68.2496 32.9424 2
556 -14.2867 18.5402 -30.2492 19.0147 4
557 -10.454 34.0582 -68.2496 32.9424 2
558 -14.2867 18.5402 -30.2492 19.0147 4
559 -10.454 34.0582 -68.2496 32.9424 2
560 -14.2867 18.5402 -30.2492 19.0147 4
561 -10.454 34.0582 -68.2496 32.9424 2
562 -14.2867 18.5402 -30.2492 19.0147 4
563 -10.454 34.0582 -68.2496 32.9424 2
564 -14.2867 18.5402 -30.2492 19.0147 4
565 -10.454 34.0582 -68.2496 32.9424 2
566 -14.2867 18.5402 -30.2492 19.0147 4
567 -10.454 34.0582 -68.2496 32.9424 2
568 -14.2867 18.5402 -30.2492 19.0147 4
569 -10.454 34.0582 -68.2496 32.9424 2
570 -14.2867 18.5402 -30.2492 19.0147 4
571 -10.454 34.0582 -68.2496 32.9424 2
572 -14.2867 18.5402 -30.2492 19.0147 4
573 -10.454 34.0582 -68.2496 32.9424 2
574 RANDOM
575 -17.3024 -21.5077 -45.9102 -42.0349 1
576 -16.1362 6.66874 -19.775 5.1261 2
577 RANDOM
578 -15.044 36.4237 27.344 37.8814 4
579 -15.044 36.4237 27.344 37.8814 4
580 -13.5278 34.2061 -61.1884 33.0178 2
581 -15.044 36.4237 27.344 37.8814 4
582 -13.5278 34.2061 -61.1884 33.0178 2
583 RANDOM
584 -15.044 36.4237 27.344 37.8814 4
585 -15.044 36.4237 27.344 37.8814 4
586 -13.5278 34.2061 -61.1884 33.0178 2
587 RANDOM
588 -15.044 36.4237 27.344 37.8814 4
589 -15.044 36.4237 27.344 37.8814 4
590 -13.5278 34.2061 -61.1884 33.0178 2
591 -15.044 36.4237 27.344 37.8814 4
592 -13.5278 34.2061 -61.1884 33.0178 2
593 -15.044 36.4237 27.344 37.8814 4
594 -13.5278 34.2061 -61.1884 33.0178 2
595 -15.044 36.4237 27.344 37.8814 4
596 -13.5278 34.2061 -61.1884 33.0178 2
597 -15.044 36.4237 27.344 37.8814 4
598 -13.5278 34.2061 -61.1884 33.0178 2
599 -15.044 36.4237 27.344 37.8814 4
600 -13.5278 34.2061 -61.1884 33.0178 2
601 -15.044 36.4237 27.344 37.8814 4
602 -13.5278 34.2061 -61.1884 33.0178 2
603 -15.044 36.4237 27.344 37.8814 4
604 -13.5278 34.2061 -61.1884 33.0178 2
605 -15.044 36.4237 27.344 37.8814 4
606 -13.5278 34.2061 -61.1884 33.0178 2
607 -15.044 36.4237 27.344 37.8814 4
608 -13.5278 34.2061 -61.1884 33.0178 2
609 -15.044 36.4237 27.344 37.8814 4
610 -13.5278 34.2061 -61.1884 33.0178 2
611 -15.044 36.4237 27.344 37.8814 4
612 -13.5278 34.2061 -61.1884 33.0178 2
613 -15.044 36.4237 27.344 37.8814 4
614 -13.5278 34.2061 -61.1884 33.0178 2
615 -15.044 36.4237 27.344 37.8814 4
616 -13.5278 34.2061 -61.1884 33.0178 2
617 -15.044 36.4237 27.344 37.8814 4
618 -13.5278 34.2061 -61.1884 33.0178 2
619 -15.044 36.4237 27.344 37.8814 4
620 -13.5278 34.2061 -61.1884 33.0178 2
621 -15.044 36.4237 27.344 37.8814 4
622 -13.5278 34.2061 -61.1884 33.0178 2
623 -15.044 36.4237 27.344 37.8814 4
624 -13.5278 34.2061 -61.1884 33.0178 2
625 -15.044 36.4237 27.344 37.8814 4
626 -13.5278 34.2061 -61.1884 33.0178 2
627 -15.044 36.4237 27.344 37.8814 4
628 -13.5278 34.2061 -61.1884 33.0178 2
629 -15.044 36.4237 27.344 37.8814 4
630 -13.5278 34.2061 -61.1884 33.0178 2
631 RANDOM
632 -15.044 36.4237 27.344 37.8814 4
633 -15.044 36.4237 27.344 37.8814 4
634 -13.5278 34.2061 -61.1884 33.0178 2
635 -15.044 36.4237 27.344 37.8814 4
636 -13.5278 34.2061 -61.1884 33.0178 2
637 -15.044 36.4237 27.344 37.8814 4
638 -13.5278 34.2061 -61.1884 33.0178 2
639 -15.044 36.4237 27.344 37.8814 4
640 -13.5278 34.2061 -61.1884 33.0178 2
641 -15.044 36.4237 27.344 37.8814 4
642 -13.5278 34.2061 -61.1884 33.0178 2
643 -15.044 36.4237 27.344 37.8814 4
644 -13.5278 34.2061 -61.1884 33.0178 2
645 -15.044 36.4237 27.344 37.8814 4
646 -13.5278 34.2061 -61.1884 33.0178 2
647 -15.044 36.4237 27.344 37.8814 4
648 -13.5278 34.2061 -61.1884 33.0178 2
649 -15.044 36.4237 27.344 37.8814 4
650 -13.5278 34.2061 -61.1884 33.0178 2
651 -15.044 36.4237 27.344 37.8814 4
652 -13.5278 34.2061 -61.1884 33.0178 2
653 -15.044 36.4237 27.344 37.8814 4
654 -13.5278 34.2061 -61.1884 33.0178 2
655 -15.044 36.4237 27.344 37.8814 4
656 -13.5278 34.2061 -61.1884 33.0178 2
657 -15.044 36.4237 27.344 37.8814 4
658 -13.5278 34.2061 -61.1884 33.0178 2
659 -15.044 36.4237 27.344 37.8814 4
660 RANDOM
661 RANDOM
662 -17.7371 -15.2124 -40.8695 -31.1396 2
663 -24.8147 -11.7898 -18.3436 -22.1949 2
