0 -240.284 194.808 -877.595 171.827 2
1 -214.813 196.554 -894.117 174.164 2
2 RANDOM
3 -329.063 180.475 -762.834 187.393 4
4 -326.423 165.426 -961.906 208.167 4
5 RANDOM
6 -400.728 154.309 -921.171 202.719 4
7 -446.712 151.917 -888.905 203.608 4
8 175.236 220.363 -1391.78 166.791 2
9 -274.148 206.746 -860.946 184.276 2
10 -240.284 194.808 -877.595 171.827 2
11 -214.813 196.554 -894.117 174.164 2
12 -196.941 211.149 -894.324 186.7 2
13 -329.063 180.475 -762.834 187.393 4
14 -326.423 165.426 -961.906 208.167 4
15 -360.845 158.581 -940.726 203.668 4
16 -400.728 154.309 -921.171 202.719 4
17 -446.712 151.917 -888.905 203.608 4
18 175.236 220.363 -1391.78 166.791 2
19 -274.148 206.746 -860.946 184.276 2
20 -240.284 194.808 -877.595 171.827 2
21 -214.813 196.554 -894.117 174.164 2
22 -196.941 211.149 -894.324 186.7 2
23 -329.063 180.475 -762.834 187.393 4
24 -326.423 165.426 -961.906 208.167 4
25 -360.845 158.581 -940.726 203.668 4
26 -400.728 154.309 -921.171 202.719 4
27 -446.712 151.917 -888.905 203.608 4
28 175.236 220.363 -1391.78 166.791 2
29 -274.148 206.746 -860.946 184.276 2
30 -240.284 194.808 -877.595 171.827 2
31 -214.813 196.554 -894.117 174.164 2
32 -196.941 211.149 -894.324 186.7 2
33 -329.063 180.475 -762.834 187.393 4
34 -326.423 165.426 -961.906 208.167 4
35 -360.845 158.581 -940.726 203.668 4
36 -400.728 154.309 -921.171 202.719 4
37 -446.712 151.917 -888.905 203.608 4
38 175.236 220.363 -1391.78 166.791 2
39 -274.148 206.746 -860.946 184.276 2
40 -248.104 171.141 -854.537 148.843 2
41 RANDOM
42 -207.859 181.34 -866.32 156.318 2
43 -334.76 157.638 -744.127 165.09 4
44 -344.754 144.136 -937.417 185.17 4
45 -380.281 137.836 -915.711 180.975 4
46 -420.266 136.668 -893.785 183.931 4
47 -467.535 134.639 -865.087 183.71 4
48 146.512 175.626 -1391.63 112.446 2
49 -281.73 186.977 -841.797 164.671 2
50 -248.104 171.141 -854.537 148.843 2
51 -223.569 172.242 -867.15 150.581 2
52 -207.859 181.34 -866.32 156.318 2
53 RANDOM
54 -301.435 146.708 -737.058 137.084 2
55 -288.791 159.606 -717.235 134.881 2
56 -203.763 153.938 -751.239 134.193 2
57 -284.957 193.864 -693.957 195.368 4
58 -284.421 101.79 -787.719 120.025 4
59 -321.983 114.897 -808.156 148.395 4
60 -355.042 135.375 -822.534 188.128 4
61 -404.047 162.263 -822.95 239.168 4
62 -292.622 105.263 -967.465 140.216 4
63 -329.126 114.467 -943.802 152.027 4
64 -370.991 116.59 -920.726 157.064 4
65 -428.709 109.268 -884.302 146.184 4
66 RANDOM
67 121.215 98.7564 -1384.39 45.1331 1
68 20.6697 197.689 -1218.57 167.578 2
