0 -0.714829 23.6505 1.54253 24.5351 4
1 -0.714829 23.6505 1.54253 24.5351 4
2 -0.714829 23.6505 1.54253 24.5351 4
3 -0.714829 23.6505 1.54253 24.5351 4
4 -0.714829 23.6505 1.54253 24.5351 4
5 -0.714829 23.6505 1.54253 24.5351 4
6 -0.714829 23.6505 1.54253 24.5351 4
7 -0.714829 23.6505 1.54253 24.5351 4
8 -0.714829 23.6505 1.54253 24.5351 4
9 -0.714829 23.6505 1.54253 24.5351 4
10 -0.714829 23.6505 1.54253 24.5351 4
11 -0.714829 23.6505 1.54253 24.5351 4
12 -0.714829 23.6505 1.54253 24.5351 4
13 -0.714829 23.6505 1.54253 24.5351 4
14 -0.714829 23.6505 1.54253 24.5351 4
15 -0.714829 23.6505 1.54253 24.5351 4
16 -0.714829 23.6505 1.54253 24.5351 4
17 -0.714829 23.6505 1.54253 24.5351 4
18 -0.714829 23.6505 1.54253 24.5351 4
19 -0.714829 23.6505 1.54253 24.5351 4
20 -0.714829 23.6505 1.54253 24.5351 4
21 -0.714829 23.6505 1.54253 24.5351 4
22 -0.714829 23.6505 1.54253 24.5351 4
23 RANDOM
24 -0.714829 23.6505 1.54253 24.5351 4
25 -0.714829 23.6505 1.54253 24.5351 4
26 -0.714829 23.6505 1.54253 24.5351 4
27 RANDOM
28 -0.714829 23.6505 1.54253 24.5351 4
29 -0.714829 23.6505 1.54253 24.5351 4
30 -0.714829 23.6505 1.54253 24.5351 4
31 -0.714829 23.6505 1.54253 24.5351 4
32 -0.714829 23.6505 1.54253 24.5351 4
33 -0.714829 23.6505 1.54253 24.5351 4
34 -0.714829 23.6505 1.54253 24.5351 4
35 -0.714829 23.6505 1.54253 24.5351 4
36 -0.714829 23.6505 1.54253 24.5351 4
37 -0.714829 23.6505 1.54253 24.5351 4
38 -0.714829 23.6505 1.54253 24.5351 4
39 -0.714829 23.6505 1.54253 24.5351 4
40 -0.714829 23.6505 1.54253 24.5351 4
41 -0.714829 23.6505 1.54253 24.5351 4
42 10.2379 22.6604 -54.8391 39.9077 4
43 RANDOM
44 14.1937 27.8458 -61.582 38.81 4
45 16.4661 31.1352 -65.9237 39.6368 4
46 7.86956 18.9231 -49.962 38.7636 4
47 6.76435 16.3671 -45.2785 34.8877 4
48 6.36321 15.3046 -40.6721 32.9157 4
49 6.10532 14.5017 -36.1538 31.2742 4
50 16.7205 22.8257 -27.5701 16.0475 2
51 -0.714829 23.6505 1.54253 24.5351 4
52 RANDOM
53 -0.714829 23.6505 1.54253 24.5351 4
54 17.0995 25.6969 -36.2419 20.9508 2
