0 53.0831 57.1295 45.9234 69.0784 4
1 54.2456 62.3767 42.1678 90.6814 4
2 62.1261 67.7871 51.2802 92.7933 4
3 62.7593 68.4811 51.7225 94.0577 4
4 63.29 69.1345 52.0155 95.4529 4
5 63.6354 69.7331 51.958 97.2473 4
6 63.4467 67.7998 53.5147 88.4565 4
7 63.8221 68.3142 53.6701 89.822 4
8 64.2484 68.9253 53.7944 91.5127 4
9 64.5432 69.555 53.775 93.4444 4
10 63.0241 66.6558 53.8043 83.9115 4
11 63.2244 67.0482 53.8222 85.1881 4
12 63.4084 67.4582 53.8053 86.6151 4
13 63.417 67.803 53.5647 88.307 4
14 69.7766 72.1029 58.8815 90.2104 4
15 69.9852 72.3908 58.9216 91.1156 4
16 70.3401 72.8472 59.0556 92.3657 4
17 70.8962 73.5111 59.3622 93.8838 4
18 67.7348 69.7532 56.9936 86.8342 4
19 67.9604 70.0693 57.0013 87.8511 4
20 68.3206 70.5366 57.0868 89.1903 4
21 68.8996 71.2666 57.3201 90.9548 4
22 67.8046 69.9701 56.7145 88.0416 4
23 68.2141 70.4434 56.8819 89.1977 4
24 68.8906 71.2155 57.2312 90.823 4
25 RANDOM
26 54.1631 58.4855 45.1353 65.1501 4
27 53.8693 58.4091 44.8678 64.7514 4
28 53.8726 58.727 44.7956 65.0341 4
29 54.0678 59.3023 44.8595 65.7472 4
30 47.7153 52.9536 39.2775 54.4179 4
31 47.6961 53.2628 39.0302 54.5894 4
32 47.9914 53.9249 39.0649 55.2118 4
33 48.3232 54.6644 39.2103 55.9049 4
34 50.0211 53.314 41.8995 52.0589 2
35 55.3809 55.5514 49.1708 55.6108 4
36 50.0211 53.314 41.8995 52.0589 2
37 55.3809 55.5514 49.1708 55.6108 4
38 50.0211 53.314 41.8995 52.0589 2
39 55.3809 55.5514 49.1708 55.6108 4
40 50.2859 53.5579 42.2168 52.2614 2
41 55.7512 55.9138 49.5879 55.9067 2
42 56.7667 56.5636 50.5725 56.5074 1
43 63.6493 62.8153 58.2167 62.3077 1
