0 4482.83 5341.5 5118.64 5705.77 4
1 4874.13 6052.78 5617.62 6371.47 4
2 7082.56 10183.5 8542.73 11216.5 4
3 7005.2 10122.6 8455.04 11098.6 4
4 6952.99 10081.0 8385.44 11003.4 4
5 6908.64 10038.0 8325.25 10897.5 4
6 6758.79 9852.41 8162.05 10876.4 4
7 6665.15 9702.54 8025.36 10657.7 4
8 6577.43 9564.06 7902.19 10453.4 4
9 6547.5 9535.39 7863.99 10383.6 4
10 6500.34 9350.2 7799.94 10165.8 4
11 5335.84 7185.7 6276.15 7594.29 4
12 4450.86 5508.71 5088.74 5728.67 4
13 3763.83 4208.89 4204.11 4260.13 4
14 4642.07 5850.92 5393.74 6167.49 4
15 4347.62 5300.5 4994.15 5550.41 4
16 4116.49 4868.41 4675.9 5064.68 4
17 3979.57 4612.78 4484.39 4772.15 4
18 4715.45 5993.92 5493.97 6319.24 4
19 4559.33 5707.93 5282.47 5994.9 4
20 4400.34 5427.55 5063.79 5671.12 4
21 4261.4 5185.1 4870.88 5389.39 4
22 4602.77 5819.86 5355.72 6151.56 4
23 4456.75 5566.82 5159.47 5860.18 4
24 4329.78 5347.67 4985.91 5607.35 4
25 4214.66 5147.59 4826.35 5375.88 4
26 4628.56 5911.37 5655.71 6021.73 4
27 4080.64 4924.86 4939.15 4914.65 3
28 4165.11 5036.85 5013.17 5106.97 4
