0 -437.778 146.553 -720.003 121.027 2
1 -425.648 148.222 -729.79 127.394 2
2 -419.478 161.3 -721.174 135.806 2
3 -549.034 146.248 -622.081 130.106 2
4 -528.18 135.304 -613.84 104.12 2
5 -518.924 142.774 -599.297 96.6704 2
6 -441.673 122.144 -664.674 100.491 2
7 -471.059 127.312 -616.685 88.4941 2
8 -470.257 119.992 -616.154 72.9753 2
9 -477.701 123.656 -619.728 78.666 2
10 -457.581 149.948 -620.483 110.109 2
11 -410.948 84.6799 -587.206 3.17086 2
12 -401.366 74.7634 -590.935 -12.99 2
13 -389.461 76.8699 -597.326 -12.6348 2
14 -346.751 95.7456 -585.82 -1.35013 2
15 -374.73 82.8611 -669.39 20.2055 2
16 -365.692 74.9619 -642.778 -9.8079 2
17 -370.534 77.6182 -627.354 -19.4092 2
18 -340.778 93.8801 -599.582 -15.1475 2
19 -362.512 107.012 -602.734 51.5847 2
20 -344.881 118.019 -601.205 56.219 2
21 -342.968 126.023 -595.099 62.0962 2
22 -293.872 140.692 -549.249 44.1196 2
23 -238.207 123.727 -418.079 -27.9881 2
24 -193.218 109.072 -404.897 -72.9229 2
25 -198.593 110.871 -417.803 -72.6907 2
26 -179.386 118.197 -391.969 -87.1902 2
27 -187.335 96.6096 -359.991 -119.306 2
28 -93.404 91.115 -311.483 -168.269 2
29 -88.3539 97.3074 -299.231 -165.356 2
30 -39.2404 115.051 -215.88 -179.652 2
31 -231.011 127.204 -292.383 -30.1978 2
32 -132.631 117.784 -223.883 -86.91 2
33 -127.644 125.354 -190.691 -86.9663 2
34 -64.933 142.238 -90.7684 -105.265 2
35 -313.721 162.847 -336.01 54.7351 2
36 -257.999 171.68 -269.663 35.9338 2
37 -204.654 163.119 -204.779 3.90573 2
38 -105.2 147.037 -70.461 -49.0288 2
39 RANDOM
40 -115.004 65.4573 -138.556 -112.048 2
41 -68.4225 58.8589 -115.604 -139.472 2
42 4.30892 89.0608 -51.1798 -135.278 2
43 -70.3395 57.4958 -80.2723 -124.775 2
44 -24.0007 80.7034 -59.0926 -123.737 2
45 10.6427 92.6929 -46.9171 -129.485 2
46 96.5911 126.737 30.6872 -117.171 2
47 103.988 91.1982 -113.265 -188.543 1
48 50.0225 98.6765 -155.938 -171.742 2
