0 39.2304 53.8401 30.6682 61.6473 4
1 37.6439 57.2547 24.5831 70.1389 4
2 36.653 52.2652 25.4905 63.1645 4
3 36.6838 52.4259 25.5156 63.3998 4
4 36.9557 53.0132 25.6735 64.2018 4
5 37.5312 54.1106 26.0122 65.6723 4
6 33.6801 46.9914 24.0009 56.1272 4
7 33.3776 46.8332 23.7931 56.0688 4
8 33.3564 47.1733 23.741 56.6427 4
9 33.2573 47.4181 23.6016 57.1287 4
10 28.0607 40.3514 20.2081 49.2078 4
11 28.4672 41.0445 20.3647 50.1532 4
12 28.7483 41.575 20.3957 50.925 4
13 29.0894 42.2104 20.4749 51.8233 4
14 25.3497 35.4707 16.5885 43.5377 4
15 25.1218 35.3691 16.3166 43.5606 4
16 24.9525 35.3795 16.0865 43.7267 4
17 24.8279 35.4888 15.8815 44.0244 4
18 23.201 31.3904 15.6119 37.9053 4
19 23.155 31.5428 15.4396 38.2211 4
20 23.2603 32.0412 15.3186 39.0444 4
21 23.4122 32.608 15.251 39.9434 4
22 21.0072 28.464 14.488 34.089 4
23 20.7725 28.2678 14.3043 33.8985 4
24 20.6743 28.3738 14.1283 34.1565 4
25 20.6834 28.6545 14.0284 34.646 4
26 17.9475 25.909 10.5449 29.7973 4
27 RANDOM
28 18.0081 26.0343 10.3996 30.0659 4
29 18.3279 26.5484 10.4814 30.7587 4
30 16.8952 23.6703 9.41866 26.8471 4
31 17.1455 23.9993 9.4833 27.1997 4
32 17.5283 24.4776 9.61606 27.7211 4
33 18.0781 25.2019 9.78677 28.5587 4
34 16.3293 20.082 11.7711 21.6447 4
35 17.046 21.0402 12.0142 22.9021 4
36 17.8275 22.1122 12.2769 24.2511 4
37 18.644 23.2528 12.5358 25.6728 4
38 18.0655 21.2034 14.2217 22.6662 4
39 18.3848 21.3828 14.6546 22.7749 4
40 18.5826 21.5878 14.6553 23.0509 4
41 19.1705 22.2642 14.9295 23.8638 4
42 12.374 15.7845 9.47076 15.6535 2
43 21.9083 22.1458 21.3413 20.8672 2
44 22.1578 22.5889 21.5545 21.0894 2
45 22.3473 22.9417 21.6133 21.2456 2
46 RANDOM
47 22.369 23.0729 20.4528 21.6782 2
48 23.0651 23.8551 21.2929 22.1488 2
49 23.4548 24.3341 21.8713 22.4766 2
50 23.7307 24.6843 22.2114 22.759 2
51 21.4209 22.5319 19.2173 21.6021 2
52 22.2124 23.2556 20.0904 22.0515 2
53 22.8925 23.9345 20.8948 22.505 2
54 23.1704 24.2675 21.1537 22.869 2
55 24.3866 26.0696 22.5587 25.067 2
56 25.4517 27.2206 23.7907 25.9884 2
57 26.5214 28.3821 25.1219 26.8435 2
58 27.4848 29.3874 26.2305 27.6765 2
59 25.5896 27.4608 23.9333 26.4755 2
60 26.8859 28.772 25.4989 27.3779 2
61 28.1288 30.0005 26.9436 28.3568 2
62 29.0397 30.9167 27.9479 29.1517 2
63 28.3002 30.1215 26.9429 28.6065 2
64 29.413 31.0257 28.3393 29.1576 2
65 30.8692 32.2775 29.9329 30.323 2
66 31.8827 33.1571 30.9685 31.2255 2
67 28.0786 30.0085 26.3835 28.8432 2
68 29.3649 31.041 27.9137 29.4671 2
69 30.7167 32.1615 29.4489 30.3699 2
70 32.0513 33.3847 30.8 31.568 2
71 32.5306 34.7317 30.6314 33.521 2
72 33.7365 35.4636 31.8922 34.0949 2
73 34.7623 36.2079 32.9547 34.7998 2
74 36.188 37.3983 34.4304 36.0656 2
75 34.3349 36.5598 31.5992 36.0028 2
76 35.3009 37.0637 32.8142 36.2251 2
77 RANDOM
78 36.6102 38.0094 34.2811 37.1214 2
79 33.9206 38.6322 31.1644 39.0967 4
80 25.8694 31.8146 20.9171 35.6068 4
81 25.4239 31.3452 20.5539 35.1589 4
82 25.1383 31.2675 20.2179 35.2726 4
83 24.9396 31.5264 19.8788 35.8794 4
84 22.7967 27.9854 18.7073 31.3551 4
85 22.5872 28.0287 18.3792 31.6542 4
86 RANDOM
87 22.3594 28.8246 17.805 33.2861 4
88 21.5164 27.3033 15.9798 31.928 4
89 21.2358 27.1207 15.6834 31.8085 4
90 21.0069 27.0558 15.3865 31.8597 4
91 RANDOM
92 20.9755 25.4944 16.4668 29.0423 4
93 20.7748 25.4451 16.1717 29.1222 4
94 20.6659 25.654 15.9048 29.5872 4
95 20.6791 26.0576 15.709 30.2967 4
96 19.005 23.4568 15.0158 26.6766 4
97 18.6675 23.1888 14.7061 26.4608 4
98 18.4147 23.0905 14.4037 26.5178 4
99 18.315 23.2651 14.1614 26.9301 4
100 17.5104 21.5271 13.8717 23.0911 4
101 17.3858 21.3284 13.7275 22.9249 4
102 17.4188 21.4477 13.6061 23.1761 4
103 17.5194 21.7691 13.4577 23.7109 4
104 15.9476 19.66 11.3036 21.4338 4
105 15.9271 19.7623 11.0859 21.6135 4
106 15.9691 19.8943 10.9411 21.7856 4
107 16.2301 20.343 10.8939 22.3249 4
108 16.5667 18.8236 13.7423 19.1713 4
109 16.9205 19.371 13.8102 20.0021 4
110 17.3732 20.0305 13.8866 20.9768 4
111 18.0758 20.9838 14.0575 22.2631 4
112 17.8384 20.2359 15.0602 20.9796 4
113 18.1234 20.4289 15.5478 21.0507 4
114 18.4823 20.8257 15.7723 21.5232 4
115 18.9979 21.4342 15.98 22.2998 4
116 12.4629 15.8676 9.61263 15.7062 2
117 22.2466 22.4326 21.7239 21.0925 2
118 22.4813 22.8593 21.9148 21.3104 2
119 22.6462 23.1956 21.9484 21.4627 2
120 22.6365 23.2542 21.7044 21.4205 2
121 22.6489 23.3196 20.7702 21.884 2
122 23.3685 24.1123 21.6504 22.3455 2
123 RANDOM
124 24.0628 24.9522 22.586 22.9781 2
125 21.6536 22.7309 19.4885 21.7622 2
126 22.4917 23.5075 20.4119 22.2614 2
127 23.1713 24.1805 21.2244 22.6957 2
128 23.4515 24.5126 21.4861 23.0577 2
129 24.6945 26.3496 22.9199 25.3042 2
130 25.7592 27.5006 24.1538 26.2241 2
131 RANDOM
132 27.812 29.6977 26.6209 27.9305 2
133 25.8756 27.7161 24.2573 26.6959 2
134 27.168 29.0286 25.8251 27.5969 2
135 28.4574 30.3059 27.3163 28.6189 2
136 29.3822 31.2339 28.3339 29.4256 2
137 28.6493 30.4482 27.338 28.8867 2
138 29.7795 31.3656 28.7528 29.4519 2
139 31.2909 32.6651 30.4077 30.6688 2
140 32.3132 33.5549 31.4571 31.5816 2
141 28.7856 30.6773 27.1655 29.421 2
142 30.0498 31.6946 28.6797 30.0315 2
143 31.332 32.7503 30.1424 30.8872 2
144 32.7234 34.0211 31.5499 32.1478 2
145 33.08 35.2129 31.2239 33.9198 2
146 34.1719 35.8314 32.3634 34.4013 2
147 RANDOM
148 36.9538 38.0852 35.2699 36.7399 2
149 35.2087 37.2821 32.6624 36.5037 2
150 36.1222 37.7374 33.7748 36.7886 2
151 RANDOM
152 37.4711 38.7131 35.2327 37.7789 2
153 34.5812 39.295 32.0831 39.5277 4
154 26.477 32.3234 21.5272 36.006 4
155 25.9453 31.7839 21.08 35.4849 4
156 25.5882 31.6614 20.6931 35.5595 4
157 25.3384 31.8978 20.3142 36.1575 4
158 23.1778 28.3892 19.0864 31.746 4
159 22.9199 28.3869 18.7154 32.0054 4
160 22.7362 28.6045 18.3882 32.5663 4
161 22.6783 29.1567 18.1263 33.6054 4
162 21.5972 27.374 16.0719 31.986 4
163 21.3168 27.1917 15.7756 31.8667 4
164 21.0939 27.1318 15.4858 31.9209 4
165 20.9864 27.2478 15.2658 32.1992 4
166 21.0845 25.5944 16.5883 29.1287 4
167 20.894 25.5547 16.3032 29.2161 4
168 20.8099 25.7825 16.0603 29.6944 4
169 20.8312 26.1866 15.8745 30.3975 4
170 19.1393 23.5773 15.1646 26.7776 4
171 18.7943 23.3045 14.8474 26.5617 4
172 18.5374 23.2024 14.5391 26.6135 4
173 18.4386 23.3775 14.2974 27.0267 4
174 17.5104 21.5271 13.8717 23.0911 4
175 17.3858 21.3284 13.7275 22.9249 4
176 17.4188 21.4477 13.6061 23.1761 4
177 17.5194 21.7691 13.4577 23.7109 4
178 15.9476 19.66 11.3036 21.4338 4
179 15.9271 19.7623 11.0859 21.6135 4
180 15.9691 19.8943 10.9411 21.7856 4
181 16.2301 20.343 10.8939 22.3249 4
182 16.5667 18.8236 13.7423 19.1713 4
183 16.9205 19.371 13.8102 20.0021 4
184 17.3732 20.0305 13.8866 20.9768 4
185 18.0758 20.9838 14.0575 22.2631 4
186 17.8384 20.2359 15.0602 20.9796 4
187 18.1234 20.4289 15.5478 21.0507 4
188 18.4823 20.8257 15.7723 21.5232 4
189 18.9979 21.4342 15.98 22.2998 4
190 RANDOM
191 12.7952 16.3965 9.65011 16.4583 4
192 13.293 17.1554 9.70541 17.5377 4
193 13.9562 18.1736 9.84236 18.9942 4
194 10.2534 14.3382 7.24518 11.3659 2
195 16.8482 17.1435 16.1876 15.1405 2
196 17.8989 18.0956 17.1632 16.0965 2
197 18.8427 18.9911 18.0606 16.9917 2
198 19.7166 19.8845 18.9764 17.8878 2
199 24.0196 24.6458 23.539 22.8163 2
200 24.4499 25.3023 23.9057 23.2541 2
201 24.7255 25.7347 24.0995 23.5772 2
202 24.698 25.7651 23.9704 23.5415 2
203 24.655 25.381 23.1216 23.3433 2
204 25.0441 25.92 23.7043 23.7795 2
205 RANDOM
206 25.4597 26.4946 24.2564 24.3049 2
207 24.4082 25.4495 22.871 23.5975 2
208 25.0421 26.1013 23.6465 24.1305 2
209 25.4971 26.5919 24.1742 24.5661 2
210 25.9326 27.0628 24.663 25.0314 2
211 25.1498 26.6631 23.7861 25.0709 2
212 26.2943 27.9238 25.1858 26.0477 2
213 27.6835 29.3538 26.7792 27.3033 2
214 28.8153 30.4604 27.9885 28.3595 2
215 26.2055 27.7279 24.948 26.308 2
216 RANDOM
217 28.923 30.452 28.0566 28.5854 2
218 29.8799 31.4407 29.0966 29.53 2
219 29.085 30.4886 28.1125 28.6419 2
220 30.6451 31.8731 29.8328 29.9246 2
221 32.2232 33.3124 31.529 31.4022 2
222 33.09 34.1449 32.4302 32.2928 2
223 28.9151 30.4972 27.6887 28.9229 2
224 30.0961 31.4145 29.1042 29.5577 2
225 31.5584 32.7197 30.6437 30.8323 2
226 32.7228 33.8551 31.7685 32.021 2
227 32.7373 34.7992 31.2823 33.4393 2
228 33.969 35.5618 32.519 34.16 2
229 35.2829 36.551 33.8656 35.1845 2
230 36.6895 37.7428 35.2854 36.4858 2
231 34.6555 36.7825 32.4814 36.0451 2
232 35.6221 37.2957 33.6092 36.4353 2
233 36.5763 37.9324 34.6292 37.0565 2
234 37.0557 38.3346 35.1238 37.4916 2
235 34.1254 38.93 32.0005 39.1228 4
236 25.8106 31.5853 21.1496 35.2846 4
237 25.2933 31.0582 20.7116 34.7807 4
238 24.9817 30.9618 20.3442 34.8869 4
239 24.7525 31.2017 19.9729 35.4851 4
240 22.6685 27.5069 18.9039 30.7163 4
241 22.4197 27.5171 18.5373 30.9807 4
242 22.217 27.7215 18.1817 31.5345 4
243 22.1539 28.272 17.9161 32.5704 4
244 21.0939 26.4999 15.9063 30.8984 4
245 20.8217 26.3228 15.6209 30.7803 4
246 20.6143 26.2815 15.3433 30.8551 4
247 20.5021 26.3985 15.1176 31.1385 4
248 20.6056 24.7061 16.4776 27.9592 4
249 20.4157 24.6693 16.195 28.05 4
250 20.3178 24.8796 15.938 28.5142 4
251 20.3267 25.2696 15.7417 29.2113 4
252 18.6412 22.6804 15.0331 25.6786 4
253 18.2947 22.3978 14.7193 25.4806 4
254 18.0329 22.2933 14.4003 25.5328 4
255 17.915 22.447 14.1451 25.9258 4
256 17.1304 20.838 13.8339 22.1746 4
257 17.0118 20.6821 13.6716 22.0864 4
258 17.0479 20.8193 13.5451 22.3666 4
259 17.1291 21.1621 13.3706 22.9373 4
260 RANDOM
261 37.5473 38.3554 36.4602 37.0097 2
262 27.0799 28.2842 25.9835 26.1696 2
