0 -4.04489 29.0309 5.23678 31.1983 4
1 -4.04489 29.0309 5.23678 31.1983 4
2 -4.04489 29.0309 5.23678 31.1983 4
3 -4.04489 29.0309 5.23678 31.1983 4
4 -4.04489 29.0309 5.23678 31.1983 4
5 -4.04489 29.0309 5.23678 31.1983 4
6 -4.04489 29.0309 5.23678 31.1983 4
7 -4.04489 29.0309 5.23678 31.1983 4
8 -4.04489 29.0309 5.23678 31.1983 4
9 -4.04489 29.0309 5.23678 31.1983 4
10 -4.04489 29.0309 5.23678 31.1983 4
11 -4.04489 29.0309 5.23678 31.1983 4
12 -4.04489 29.0309 5.23678 31.1983 4
13 -4.04489 29.0309 5.23678 31.1983 4
14 RANDOM
15 -4.04489 29.0309 5.23678 31.1983 4
16 -4.04489 29.0309 5.23678 31.1983 4
17 -4.04489 29.0309 5.23678 31.1983 4
18 -4.04489 29.0309 5.23678 31.1983 4
19 -4.04489 29.0309 5.23678 31.1983 4
20 -4.04489 29.0309 5.23678 31.1983 4
21 -4.04489 29.0309 5.23678 31.1983 4
22 -4.04489 29.0309 5.23678 31.1983 4
23 -4.04489 29.0309 5.23678 31.1983 4
24 -4.04489 29.0309 5.23678 31.1983 4
25 -4.04489 29.0309 5.23678 31.1983 4
26 -4.04489 29.0309 5.23678 31.1983 4
27 -4.04489 29.0309 5.23678 31.1983 4
28 -4.04489 29.0309 5.23678 31.1983 4
29 -4.04489 29.0309 5.23678 31.1983 4
30 -4.04489 29.0309 5.23678 31.1983 4
31 -4.04489 29.0309 5.23678 31.1983 4
32 -4.04489 29.0309 5.23678 31.1983 4
33 -4.04489 29.0309 5.23678 31.1983 4
34 RANDOM
35 -4.04489 29.0309 5.23678 31.1983 4
36 -4.04489 29.0309 5.23678 31.1983 4
37 -4.04489 29.0309 5.23678 31.1983 4
38 -4.04489 29.0309 5.23678 31.1983 4
39 -4.04489 29.0309 5.23678 31.1983 4
40 -4.04489 29.0309 5.23678 31.1983 4
41 -4.04489 29.0309 5.23678 31.1983 4
42 16.9551 24.6134 -96.1143 38.8746 4
43 19.7106 26.9991 -103.368 38.8017 4
44 22.5453 29.2763 -113.016 38.3627 4
45 25.7371 32.3059 -124.131 40.6715 4
46 12.0046 19.3777 -81.696 37.6241 4
47 10.8358 17.8327 -74.5175 35.8684 4
48 9.92499 16.3119 -69.8517 33.6787 4
49 9.29607 15.0492 -65.8961 31.3873 4
50 22.5464 22.0947 -93.5425 18.4188 1
51 -2.2165 11.6918 -18.3604 20.1851 4
52 26.1217 29.1645 -114.904 28.8479 2
