0 52.9252 56.0763 45.6432 66.4954 4
1 53.5 60.6316 41.0799 87.948 4
2 62.264 66.8917 51.0 90.8691 4
3 62.8797 67.5853 51.4159 92.1668 4
4 63.3793 68.2259 51.6506 93.5909 4
5 63.6635 68.7843 51.4992 95.3977 4
6 64.1877 67.3855 54.1591 86.3031 4
7 64.5094 67.8462 54.276 87.5972 4
8 64.8749 68.4108 54.3608 89.2948 4
9 65.0456 68.8901 54.1858 91.2455 4
10 63.6723 66.1357 54.4019 81.4221 4
11 63.8104 66.4693 54.3661 82.632 4
12 64.0028 66.8751 54.3743 84.0106 4
13 64.0336 67.2167 54.1796 85.6206 4
14 70.4906 71.8548 59.5061 88.4214 4
15 70.7244 72.1689 59.5739 89.3493 4
16 71.057 72.6056 59.6891 90.5767 4
17 71.621 73.2701 60.0182 92.0953 4
18 67.9181 69.1706 57.0358 85.2805 4
19 68.1727 69.5017 57.069 86.2901 4
20 RANDOM
21 69.1491 70.6816 57.4311 89.3247 4
22 68.0533 69.441 56.842 86.4927 4
23 68.4668 69.9134 57.0181 87.6307 4
24 69.146 70.6684 57.3862 89.2408 4
25 70.0476 71.6745 57.9266 91.1606 4
26 54.4341 57.8444 45.3095 63.8693 4
27 54.1538 57.7626 45.0392 63.4411 4
28 54.0798 57.9869 44.9023 63.5759 4
29 54.3373 58.6087 45.0218 64.2918 4
30 48.1479 52.2848 39.5415 52.8563 4
31 48.0596 52.5284 39.2291 52.9598 4
32 48.2979 53.1623 39.1993 53.5621 4
33 48.533 53.829 39.2105 54.1721 4
34 50.7924 52.8777 42.4357 50.7488 2
35 55.6398 54.9863 49.0919 53.9621 1
36 62.1994 60.523 55.7961 59.0279 1
