0 1118.41 2564.88 -649.484 2446.45 2
1 1155.85 2530.94 -671.008 2421.29 2
2 1175.22 2543.21 -667.045 2444.45 2
3 RANDOM
4 1036.52 2518.02 -487.893 2352.0 2
5 1056.68 2522.98 -463.775 2361.45 2
6 1187.49 2409.04 -503.958 2269.17 2
7 1051.21 2470.04 -407.124 2319.45 2
8 1067.06 2404.28 -359.188 2208.2 2
9 RANDOM
10 1109.88 2300.09 -272.307 2079.88 2
11 1116.06 2333.33 -297.458 2087.16 2
12 1123.75 2318.7 -256.793 2042.77 2
13 1129.16 2314.89 -229.309 2021.6 2
14 1213.61 2140.5 -122.183 1802.66 2
15 1125.45 2490.89 -313.069 2277.46 2
16 1129.4 2473.04 -200.614 2199.41 2
17 1119.37 2488.81 -130.898 2190.63 2
18 1159.81 2366.03 -39.3818 2027.51 2
19 1215.08 2538.39 -286.483 2493.29 2
20 1227.59 2491.48 -205.976 2385.54 2
21 1240.2 2456.07 -99.8896 2296.14 2
22 1331.91 2187.03 89.4929 1920.07 2
23 1256.81 2672.91 168.894 2610.75 2
24 1309.47 2535.37 262.203 2365.26 2
25 1311.4 2468.72 265.654 2250.04 2
26 1310.99 2274.6 312.41 1982.09 2
27 1343.13 2380.85 314.573 2231.72 2
28 1395.22 2275.11 415.928 2021.86 2
29 1442.96 2246.26 497.844 1914.59 2
30 1614.54 2177.2 754.506 1737.61 2
31 1292.5 2487.46 517.67 2380.21 2
32 1376.39 2313.14 719.33 2057.36 2
33 1440.75 2260.36 880.2 1913.99 2
34 1628.5 2288.71 1166.43 1822.22 2
35 1320.41 2643.53 601.033 2624.4 2
36 1368.26 2586.0 776.301 2477.34 2
37 1406.64 2545.1 938.829 2350.49 2
38 1527.58 2414.06 1271.92 2062.24 2
39 1407.23 2839.53 1028.05 2674.07 2
40 1457.52 2701.04 1110.73 2438.02 2
41 1501.57 2611.75 1188.9 2269.69 2
42 1649.62 2585.39 1365.32 2192.96 2
43 RANDOM
44 1570.2 2580.61 1346.67 2246.98 2
45 1640.68 2595.2 1377.58 2223.54 2
46 1850.52 2669.38 1589.75 2266.26 2
47 1711.37 2688.34 1160.95 2290.14 2
48 1628.79 2622.25 1059.87 2191.38 2
49 1547.01 2573.84 965.344 2139.24 2
50 1507.21 2533.17 932.959 2060.81 2
51 1507.21 2533.17 932.959 2060.81 2
