0 RANDOM
1 22.8769 26.5432 17.8736 30.6868 4
2 22.0003 30.1589 13.1268 40.7143 4
3 21.9919 30.3971 12.99 41.1878 4
4 22.201 27.3792 15.0505 34.6724 4
5 22.3093 27.6034 15.1517 35.0301 4
6 22.5477 28.0495 15.3094 35.7369 4
7 22.8926 28.7725 15.5097 36.9155 4
8 20.8869 24.7959 14.8669 30.2621 4
9 20.7514 24.7549 14.7502 30.314 4
10 20.7729 24.9936 14.7205 30.8086 4
11 20.9394 25.5211 14.7547 31.7772 4
12 19.4147 22.1122 13.7609 26.4203 4
13 19.6029 22.649 13.7528 27.4003 4
14 19.7857 23.1468 13.7244 28.292 4
15 20.0212 23.7697 13.7439 29.417 4
16 18.1931 20.4883 11.5525 24.0676 4
17 18.0791 20.4687 11.4178 24.0921 4
18 18.0069 20.5405 11.3154 24.2366 4
19 17.9751 20.6816 11.2254 24.487 4
20 17.2902 18.609 11.8126 20.5012 4
21 17.2268 18.6639 11.6565 20.6691 4
22 17.1814 18.7689 11.4988 20.9152 4
23 17.1923 18.9681 11.3775 21.3138 4
24 16.313 17.4767 11.4491 18.2488 4
25 16.1983 17.4188 11.361 18.1117 4
26 16.1224 17.4831 11.2632 18.2261 4
27 16.0737 17.6184 11.1656 18.4862 4
28 14.5996 16.5167 9.22357 15.2715 2
29 19.4329 18.5688 15.939 17.7772 1
30 25.5975 23.8841 22.3733 21.3311 1
