0 RANDOM
1 4058.02 4400.13 4285.12 4745.81 4
2 3946.19 4292.64 4186.62 4383.28 4
3 3803.64 4115.43 4047.0 4125.1 4
4 4965.77 6171.3 5548.53 6457.64 4
5 4741.87 5933.05 5327.4 6119.01 4
6 4491.93 5630.08 5063.16 5721.33 4
7 4297.76 5380.53 4851.6 5400.78 4
8 4361.66 5501.68 4920.96 5655.94 4
9 4123.55 5165.71 4645.42 5239.62 4
10 3919.36 4864.92 4421.0 4875.32 4
11 3791.53 4668.5 4274.36 4640.33 2
12 3876.76 4608.26 4274.13 4763.88 4
13 3791.53 4668.5 4274.36 4640.33 2
14 3876.76 4608.26 4274.13 4763.88 4
15 3791.53 4668.5 4274.36 4640.33 2
16 3876.76 4608.26 4274.13 4763.88 4
17 3791.53 4668.5 4274.36 4640.33 2
18 3876.76 4608.26 4274.13 4763.88 4
19 3791.53 4668.5 4274.36 4640.33 2
20 3876.76 4608.26 4274.13 4763.88 4
21 3791.53 4668.5 4274.36 4640.33 2
22 3876.76 4608.26 4274.13 4763.88 4
23 3791.53 4668.5 4274.36 4640.33 2
24 3876.76 4608.26 4274.13 4763.88 4
25 3791.53 4668.5 4274.36 4640.33 2
26 RANDOM
27 4116.56 4967.28 4563.04 5216.5 4
28 3919.36 4864.92 4421.0 4875.32 4
29 3791.53 4668.5 4274.36 4640.33 2
30 3876.76 4608.26 4274.13 4763.88 4
31 3791.53 4668.5 4274.36 4640.33 2
32 3876.76 4608.26 4274.13 4763.88 4
33 3791.53 4668.5 4274.36 4640.33 2
34 3876.76 4608.26 4274.13 4763.88 4
35 3791.53 4668.5 4274.36 4640.33 2
36 3876.76 4608.26 4274.13 4763.88 4
37 3791.53 4668.5 4274.36 4640.33 2
38 3876.76 4608.26 4274.13 4763.88 4
39 3791.53 4668.5 4274.36 4640.33 2
40 3947.02 4691.75 4346.85 4868.37 4
41 3849.37 4751.16 4339.77 4735.87 2
42 3947.02 4691.75 4346.85 4868.37 4
43 3849.37 4751.16 4339.77 4735.87 2
44 3947.02 4691.75 4346.85 4868.37 4
45 3849.37 4751.16 4339.77 4735.87 2
46 3947.02 4691.75 4346.85 4868.37 4
47 3849.37 4751.16 4339.77 4735.87 2
48 3947.02 4691.75 4346.85 4868.37 4
49 3849.37 4751.16 4339.77 4735.87 2
50 3947.02 4691.75 4346.85 4868.37 4
51 3849.37 4751.16 4339.77 4735.87 2
52 3947.02 4691.75 4346.85 4868.37 4
53 3849.37 4751.16 4339.77 4735.87 2
54 3947.02 4691.75 4346.85 4868.37 4
55 3849.37 4751.16 4339.77 4735.87 2
56 3947.02 4691.75 4346.85 4868.37 4
57 3849.37 4751.16 4339.77 4735.87 2
58 3947.02 4691.75 4346.85 4868.37 4
59 3849.37 4751.16 4339.77 4735.87 2
60 3947.02 4691.75 4346.85 4868.37 4
61 3849.37 4751.16 4339.77 4735.87 2
62 3947.02 4691.75 4346.85 4868.37 4
63 3849.37 4751.16 4339.77 4735.87 2
64 3947.02 4691.75 4346.85 4868.37 4
65 3849.37 4751.16 4339.77 4735.87 2
66 3947.02 4691.75 4346.85 4868.37 4
67 3849.37 4751.16 4339.77 4735.87 2
68 3947.02 4691.75 4346.85 4868.37 4
69 3849.37 4751.16 4339.77 4735.87 2
70 3947.02 4691.75 4346.85 4868.37 4
71 3849.37 4751.16 4339.77 4735.87 2
72 3947.02 4691.75 4346.85 4868.37 4
73 3849.37 4751.16 4339.77 4735.87 2
74 3947.02 4691.75 4346.85 4868.37 4
75 RANDOM
76 RANDOM
77 3443.38 3876.57 3790.56 3704.99 2
78 4340.54 5295.25 4830.41 5564.9 4
79 3443.38 3876.57 3790.56 3704.99 2
80 4340.54 5295.25 4830.41 5564.9 4
81 3443.38 3876.57 3790.56 3704.99 2
82 4340.54 5295.25 4830.41 5564.9 4
83 3443.38 3876.57 3790.56 3704.99 2
84 4340.54 5295.25 4830.41 5564.9 4
85 3443.38 3876.57 3790.56 3704.99 2
86 4340.54 5295.25 4830.41 5564.9 4
87 3443.38 3876.57 3790.56 3704.99 2
88 4340.54 5295.25 4830.41 5564.9 4
89 3443.38 3876.57 3790.56 3704.99 2
90 4340.54 5295.25 4830.41 5564.9 4
91 3443.38 3876.57 3790.56 3704.99 2
92 4340.54 5295.25 4830.41 5564.9 4
93 3443.38 3876.57 3790.56 3704.99 2
94 4340.54 5295.25 4830.41 5564.9 4
95 3443.38 3876.57 3790.56 3704.99 2
96 4340.54 5295.25 4830.41 5564.9 4
97 3443.38 3876.57 3790.56 3704.99 2
98 4340.54 5295.25 4830.41 5564.9 4
99 3443.38 3876.57 3790.56 3704.99 2
100 4304.61 5255.4 4791.73 5525.23 4
101 3421.81 3857.25 3769.54 3685.85 2
102 4304.61 5255.4 4791.73 5525.23 4
103 3421.81 3857.25 3769.54 3685.85 2
104 4304.61 5255.4 4791.73 5525.23 4
105 3421.81 3857.25 3769.54 3685.85 2
106 4304.61 5255.4 4791.73 5525.23 4
107 3421.81 3857.25 3769.54 3685.85 2
108 4304.61 5255.4 4791.73 5525.23 4
109 3421.81 3857.25 3769.54 3685.85 2
110 4304.61 5255.4 4791.73 5525.23 4
111 3421.81 3857.25 3769.54 3685.85 2
112 4304.61 5255.4 4791.73 5525.23 4
113 3421.81 3857.25 3769.54 3685.85 2
114 4304.61 5255.4 4791.73 5525.23 4
115 3421.81 3857.25 3769.54 3685.85 2
116 4304.61 5255.4 4791.73 5525.23 4
117 3421.81 3857.25 3769.54 3685.85 2
118 4304.61 5255.4 4791.73 5525.23 4
119 3421.81 3857.25 3769.54 3685.85 2
120 4304.61 5255.4 4791.73 5525.23 4
121 3421.81 3857.25 3769.54 3685.85 2
122 RANDOM
123 3952.67 4835.12 4410.26 4968.92 4
124 3998.3 4880.23 4486.23 4882.5 4
125 3421.81 3857.25 3769.54 3685.85 2
126 4304.61 5255.4 4791.73 5525.23 4
127 3421.81 3857.25 3769.54 3685.85 2
128 4304.61 5255.4 4791.73 5525.23 4
129 3421.81 3857.25 3769.54 3685.85 2
130 4304.61 5255.4 4791.73 5525.23 4
131 3421.81 3857.25 3769.54 3685.85 2
132 4304.61 5255.4 4791.73 5525.23 4
133 3421.81 3857.25 3769.54 3685.85 2
134 4304.61 5255.4 4791.73 5525.23 4
135 3421.81 3857.25 3769.54 3685.85 2
136 4304.61 5255.4 4791.73 5525.23 4
137 3421.81 3857.25 3769.54 3685.85 2
138 4304.61 5255.4 4791.73 5525.23 4
139 3421.81 3857.25 3769.54 3685.85 2
140 4304.61 5255.4 4791.73 5525.23 4
141 3421.81 3857.25 3769.54 3685.85 2
142 4304.61 5255.4 4791.73 5525.23 4
143 3421.81 3857.25 3769.54 3685.85 2
144 4304.61 5255.4 4791.73 5525.23 4
145 3421.81 3857.25 3769.54 3685.85 2
146 4304.61 5255.4 4791.73 5525.23 4
147 3421.81 3857.25 3769.54 3685.85 2
148 4304.61 5255.4 4791.73 5525.23 4
149 3421.81 3857.25 3769.54 3685.85 2
150 4304.61 5255.4 4791.73 5525.23 4
151 3421.81 3857.25 3769.54 3685.85 2
152 4304.61 5255.4 4791.73 5525.23 4
153 3421.81 3857.25 3769.54 3685.85 2
154 4304.61 5255.4 4791.73 5525.23 4
155 3421.81 3857.25 3769.54 3685.85 2
156 4304.61 5255.4 4791.73 5525.23 4
157 3421.81 3857.25 3769.54 3685.85 2
158 4304.61 5255.4 4791.73 5525.23 4
159 3421.81 3857.25 3769.54 3685.85 2
160 4304.61 5255.4 4791.73 5525.23 4
161 3421.81 3857.25 3769.54 3685.85 2
162 4304.61 5255.4 4791.73 5525.23 4
163 3421.81 3857.25 3769.54 3685.85 2
164 4304.61 5255.4 4791.73 5525.23 4
165 3421.81 3857.25 3769.54 3685.85 2
166 4304.61 5255.4 4791.73 5525.23 4
167 3421.81 3857.25 3769.54 3685.85 2
168 4304.61 5255.4 4791.73 5525.23 4
169 3421.81 3857.25 3769.54 3685.85 2
170 4304.61 5255.4 4791.73 5525.23 4
171 3421.81 3857.25 3769.54 3685.85 2
172 4304.61 5255.4 4791.73 5525.23 4
173 3421.81 3857.25 3769.54 3685.85 2
174 4304.61 5255.4 4791.73 5525.23 4
175 3421.81 3857.25 3769.54 3685.85 2
176 4304.61 5255.4 4791.73 5525.23 4
177 3421.81 3857.25 3769.54 3685.85 2
178 4304.61 5255.4 4791.73 5525.23 4
179 3421.81 3857.25 3769.54 3685.85 2
180 4304.61 5255.4 4791.73 5525.23 4
181 3421.81 3857.25 3769.54 3685.85 2
182 4304.61 5255.4 4791.73 5525.23 4
183 3421.81 3857.25 3769.54 3685.85 2
184 4304.61 5255.4 4791.73 5525.23 4
185 3421.81 3857.25 3769.54 3685.85 2
186 4304.61 5255.4 4791.73 5525.23 4
187 3421.81 3857.25 3769.54 3685.85 2
188 4304.61 5255.4 4791.73 5525.23 4
189 3421.81 3857.25 3769.54 3685.85 2
190 4304.61 5255.4 4791.73 5525.23 4
191 3421.81 3857.25 3769.54 3685.85 2
192 4304.61 5255.4 4791.73 5525.23 4
193 3421.81 3857.25 3769.54 3685.85 2
194 4304.61 5255.4 4791.73 5525.23 4
195 3421.81 3857.25 3769.54 3685.85 2
196 4304.61 5255.4 4791.73 5525.23 4
197 3421.81 3857.25 3769.54 3685.85 2
198 RANDOM
199 3952.67 4835.12 4410.26 4968.92 4
200 3998.3 4880.23 4486.23 4882.5 4
201 3421.81 3857.25 3769.54 3685.85 2
202 4304.61 5255.4 4791.73 5525.23 4
203 3421.81 3857.25 3769.54 3685.85 2
204 4304.61 5255.4 4791.73 5525.23 4
205 3421.81 3857.25 3769.54 3685.85 2
206 4304.61 5255.4 4791.73 5525.23 4
207 3421.81 3857.25 3769.54 3685.85 2
208 4304.61 5255.4 4791.73 5525.23 4
209 RANDOM
210 3012.99 3175.01 3293.51 2896.49 3
211 3226.31 3485.93 3505.86 3342.57 3
