0 -1.56489 25.1002 4.94007 26.4922 4
1 -1.56489 25.1002 4.94007 26.4922 4
2 -1.56489 25.1002 4.94007 26.4922 4
3 -1.56489 25.1002 4.94007 26.4922 4
4 -1.56489 25.1002 4.94007 26.4922 4
5 -1.56489 25.1002 4.94007 26.4922 4
6 -1.56489 25.1002 4.94007 26.4922 4
7 -1.56489 25.1002 4.94007 26.4922 4
8 RANDOM
9 -1.56489 25.1002 4.94007 26.4922 4
10 -1.56489 25.1002 4.94007 26.4922 4
11 -1.56489 25.1002 4.94007 26.4922 4
12 -1.56489 25.1002 4.94007 26.4922 4
13 -1.56489 25.1002 4.94007 26.4922 4
14 -1.56489 25.1002 4.94007 26.4922 4
15 -1.56489 25.1002 4.94007 26.4922 4
16 -1.56489 25.1002 4.94007 26.4922 4
17 -1.56489 25.1002 4.94007 26.4922 4
18 -1.56489 25.1002 4.94007 26.4922 4
19 -1.56489 25.1002 4.94007 26.4922 4
20 -1.56489 25.1002 4.94007 26.4922 4
21 -1.56489 25.1002 4.94007 26.4922 4
22 -1.56489 25.1002 4.94007 26.4922 4
23 -1.56489 25.1002 4.94007 26.4922 4
24 -1.56489 25.1002 4.94007 26.4922 4
25 -1.56489 25.1002 4.94007 26.4922 4
26 -1.56489 25.1002 4.94007 26.4922 4
27 -1.56489 25.1002 4.94007 26.4922 4
28 -1.56489 25.1002 4.94007 26.4922 4
29 -1.56489 25.1002 4.94007 26.4922 4
30 -1.56489 25.1002 4.94007 26.4922 4
31 -1.56489 25.1002 4.94007 26.4922 4
32 -1.56489 25.1002 4.94007 26.4922 4
33 -1.56489 25.1002 4.94007 26.4922 4
34 -1.56489 25.1002 4.94007 26.4922 4
35 -1.56489 25.1002 4.94007 26.4922 4
36 -1.56489 25.1002 4.94007 26.4922 4
37 -1.56489 25.1002 4.94007 26.4922 4
38 -1.56489 25.1002 4.94007 26.4922 4
39 RANDOM
40 -1.56489 25.1002 4.94007 26.4922 4
41 -1.56489 25.1002 4.94007 26.4922 4
42 -4.72114 24.7277 -39.9488 44.1916 4
43 -4.16642 27.8984 -41.002 45.0315 4
44 -4.24264 30.9832 -43.1948 44.6231 4
45 -4.36519 34.366 -45.4655 45.3048 4
46 -4.46173 21.3658 -37.5768 42.6073 4
47 RANDOM
48 -3.62973 17.9442 -29.5271 36.7916 4
49 -2.9849 16.7951 -25.5666 34.5972 4
50 3.6702 24.0745 -6.46676 16.8015 2
51 -1.56489 25.1002 4.94007 26.4922 4
52 3.6702 24.0745 -6.46676 16.8015 2
53 -1.56489 25.1002 4.94007 26.4922 4
54 3.6702 24.0745 -6.46676 16.8015 2
55 -1.56489 25.1002 4.94007 26.4922 4
56 3.6702 24.0745 -6.46676 16.8015 2
57 -1.56489 25.1002 4.94007 26.4922 4
58 3.6702 24.0745 -6.46676 16.8015 2
59 -1.56489 25.1002 4.94007 26.4922 4
60 3.6702 24.0745 -6.46676 16.8015 2
61 -1.56489 25.1002 4.94007 26.4922 4
62 3.6702 24.0745 -6.46676 16.8015 2
63 -1.56489 25.1002 4.94007 26.4922 4
64 3.6702 24.0745 -6.46676 16.8015 2
65 -1.56489 25.1002 4.94007 26.4922 4
66 3.6702 24.0745 -6.46676 16.8015 2
67 -1.56489 25.1002 4.94007 26.4922 4
68 3.6702 24.0745 -6.46676 16.8015 2
69 -1.56489 25.1002 4.94007 26.4922 4
70 3.6702 24.0745 -6.46676 16.8015 2
71 -1.56489 25.1002 4.94007 26.4922 4
72 3.6702 24.0745 -6.46676 16.8015 2
73 -1.56489 25.1002 4.94007 26.4922 4
74 3.6702 24.0745 -6.46676 16.8015 2
75 -1.56489 25.1002 4.94007 26.4922 4
76 3.6702 24.0745 -6.46676 16.8015 2
77 -1.56489 25.1002 4.94007 26.4922 4
78 3.6702 24.0745 -6.46676 16.8015 2
79 -1.56489 25.1002 4.94007 26.4922 4
80 3.6702 24.0745 -6.46676 16.8015 2
81 -1.56489 25.1002 4.94007 26.4922 4
82 3.6702 24.0745 -6.46676 16.8015 2
83 -1.56489 25.1002 4.94007 26.4922 4
84 3.6702 24.0745 -6.46676 16.8015 2
85 -1.56489 25.1002 4.94007 26.4922 4
86 3.6702 24.0745 -6.46676 16.8015 2
87 -1.56489 25.1002 4.94007 26.4922 4
88 3.6702 24.0745 -6.46676 16.8015 2
89 -1.56489 25.1002 4.94007 26.4922 4
90 3.6702 24.0745 -6.46676 16.8015 2
91 -1.56489 25.1002 4.94007 26.4922 4
92 3.6702 24.0745 -6.46676 16.8015 2
93 -1.56489 25.1002 4.94007 26.4922 4
94 3.6702 24.0745 -6.46676 16.8015 2
95 -1.56489 25.1002 4.94007 26.4922 4
96 RANDOM
97 -1.56489 25.1002 4.94007 26.4922 4
98 1.49729 25.4544 -14.2392 20.3244 2
