0 -5.5938 20.5776 6.50747 21.7383 4
1 -5.5938 20.5776 6.50747 21.7383 4
2 -5.5938 20.5776 6.50747 21.7383 4
3 -5.5938 20.5776 6.50747 21.7383 4
4 -5.5938 20.5776 6.50747 21.7383 4
5 -5.5938 20.5776 6.50747 21.7383 4
6 -5.5938 20.5776 6.50747 21.7383 4
7 -5.5938 20.5776 6.50747 21.7383 4
8 -5.5938 20.5776 6.50747 21.7383 4
9 -5.5938 20.5776 6.50747 21.7383 4
10 -5.5938 20.5776 6.50747 21.7383 4
11 -5.5938 20.5776 6.50747 21.7383 4
12 -5.5938 20.5776 6.50747 21.7383 4
13 -5.5938 20.5776 6.50747 21.7383 4
14 -5.5938 20.5776 6.50747 21.7383 4
15 -5.5938 20.5776 6.50747 21.7383 4
16 RANDOM
17 -5.5938 20.5776 6.50747 21.7383 4
18 -5.5938 20.5776 6.50747 21.7383 4
19 -5.5938 20.5776 6.50747 21.7383 4
20 -5.5938 20.5776 6.50747 21.7383 4
21 -5.5938 20.5776 6.50747 21.7383 4
22 -5.5938 20.5776 6.50747 21.7383 4
23 -5.5938 20.5776 6.50747 21.7383 4
24 -5.5938 20.5776 6.50747 21.7383 4
25 -5.5938 20.5776 6.50747 21.7383 4
26 -5.5938 20.5776 6.50747 21.7383 4
27 -5.5938 20.5776 6.50747 21.7383 4
28 -5.5938 20.5776 6.50747 21.7383 4
29 -5.5938 20.5776 6.50747 21.7383 4
30 -5.5938 20.5776 6.50747 21.7383 4
31 -5.5938 20.5776 6.50747 21.7383 4
32 -5.5938 20.5776 6.50747 21.7383 4
33 -5.5938 20.5776 6.50747 21.7383 4
34 -5.5938 20.5776 6.50747 21.7383 4
35 -5.5938 20.5776 6.50747 21.7383 4
36 -5.5938 20.5776 6.50747 21.7383 4
37 -5.5938 20.5776 6.50747 21.7383 4
38 -5.5938 20.5776 6.50747 21.7383 4
39 -5.5938 20.5776 6.50747 21.7383 4
40 -5.5938 20.5776 6.50747 21.7383 4
41 -5.5938 20.5776 6.50747 21.7383 4
42 -16.2726 22.2546 -30.2899 47.3234 4
43 -17.0269 24.9127 -30.6078 48.3568 4
44 -18.858 27.5783 -31.676 48.2997 4
45 -21.1826 30.2865 -32.9276 48.0562 4
46 -14.2273 19.8919 -29.1869 46.0295 4
47 -13.6427 16.8117 -26.2781 41.0208 4
48 -12.4603 15.3621 -23.0865 38.0387 4
49 -11.1635 14.1982 -19.7034 35.3934 4
50 -7.70361 19.1453 3.71269 14.1578 2
51 -5.5938 20.5776 6.50747 21.7383 4
52 -7.70361 19.1453 3.71269 14.1578 2
53 -5.5938 20.5776 6.50747 21.7383 4
54 -7.70361 19.1453 3.71269 14.1578 2
55 -5.5938 20.5776 6.50747 21.7383 4
56 -7.70361 19.1453 3.71269 14.1578 2
57 -5.5938 20.5776 6.50747 21.7383 4
58 -7.70361 19.1453 3.71269 14.1578 2
59 -5.5938 20.5776 6.50747 21.7383 4
60 -7.70361 19.1453 3.71269 14.1578 2
61 -5.5938 20.5776 6.50747 21.7383 4
62 -7.70361 19.1453 3.71269 14.1578 2
63 -5.5938 20.5776 6.50747 21.7383 4
64 -7.70361 19.1453 3.71269 14.1578 2
65 -5.5938 20.5776 6.50747 21.7383 4
66 -7.70361 19.1453 3.71269 14.1578 2
67 -5.5938 20.5776 6.50747 21.7383 4
68 -7.70361 19.1453 3.71269 14.1578 2
69 -5.5938 20.5776 6.50747 21.7383 4
70 -7.70361 19.1453 3.71269 14.1578 2
71 RANDOM
72 -5.5938 20.5776 6.50747 21.7383 4
73 -9.37557 14.3445 -15.9454 32.6361 4
74 -7.70361 19.1453 3.71269 14.1578 2
75 -5.5938 20.5776 6.50747 21.7383 4
76 -7.70361 19.1453 3.71269 14.1578 2
77 RANDOM
78 -5.5938 20.5776 6.50747 21.7383 4
79 -9.37557 14.3445 -15.9454 32.6361 4
80 -7.70361 19.1453 3.71269 14.1578 2
81 -5.5938 20.5776 6.50747 21.7383 4
82 -7.70361 19.1453 3.71269 14.1578 2
83 -5.5938 20.5776 6.50747 21.7383 4
84 -7.70361 19.1453 3.71269 14.1578 2
85 -5.5938 20.5776 6.50747 21.7383 4
86 -7.70361 19.1453 3.71269 14.1578 2
87 -5.5938 20.5776 6.50747 21.7383 4
88 -7.70361 19.1453 3.71269 14.1578 2
89 -5.5938 20.5776 6.50747 21.7383 4
90 -7.70361 19.1453 3.71269 14.1578 2
91 -5.5938 20.5776 6.50747 21.7383 4
92 -7.70361 19.1453 3.71269 14.1578 2
93 -5.5938 20.5776 6.50747 21.7383 4
94 -7.70361 19.1453 3.71269 14.1578 2
95 -5.5938 20.5776 6.50747 21.7383 4
96 -7.70361 19.1453 3.71269 14.1578 2
97 -5.5938 20.5776 6.50747 21.7383 4
98 -7.70361 19.1453 3.71269 14.1578 2
99 -5.5938 20.5776 6.50747 21.7383 4
100 -7.70361 19.1453 3.71269 14.1578 2
101 RANDOM
102 -5.5938 20.5776 6.50747 21.7383 4
103 -9.37557 14.3445 -15.9454 32.6361 4
104 -7.70361 19.1453 3.71269 14.1578 2
105 -5.5938 20.5776 6.50747 21.7383 4
106 -7.70361 19.1453 3.71269 14.1578 2
107 -5.5938 20.5776 6.50747 21.7383 4
108 -7.70361 19.1453 3.71269 14.1578 2
109 -5.5938 20.5776 6.50747 21.7383 4
110 -7.70361 19.1453 3.71269 14.1578 2
111 -5.5938 20.5776 6.50747 21.7383 4
112 -7.70361 19.1453 3.71269 14.1578 2
113 -5.5938 20.5776 6.50747 21.7383 4
114 -7.70361 19.1453 3.71269 14.1578 2
115 -5.5938 20.5776 6.50747 21.7383 4
116 -7.70361 19.1453 3.71269 14.1578 2
117 -5.5938 20.5776 6.50747 21.7383 4
118 -7.70361 19.1453 3.71269 14.1578 2
119 -5.5938 20.5776 6.50747 21.7383 4
120 -7.70361 19.1453 3.71269 14.1578 2
121 -5.5938 20.5776 6.50747 21.7383 4
122 -7.70361 19.1453 3.71269 14.1578 2
123 -5.5938 20.5776 6.50747 21.7383 4
124 -7.70361 19.1453 3.71269 14.1578 2
125 -5.5938 20.5776 6.50747 21.7383 4
126 -7.70361 19.1453 3.71269 14.1578 2
127 -5.5938 20.5776 6.50747 21.7383 4
128 RANDOM
129 -5.5938 20.5776 6.50747 21.7383 4
130 -11.6861 19.664 -3.53099 17.7473 2
