0 5.39477 72.96 -11.0416 76.258 4
1 0.482904 82.1406 -13.9572 88.802 4
2 2.55271 73.6168 -9.37591 80.0055 4
3 RANDOM
4 1.73164 77.0311 -9.97911 84.1094 4
5 1.06739 78.5044 -10.551 86.0105 4
6 0.425707 66.2987 -7.2992 72.6816 4
7 0.147278 67.5302 -6.77008 74.4365 4
8 -0.26943 68.3061 -6.16 75.8399 4
9 -0.821894 68.8151 -5.53087 77.1765 4
10 3.31626 62.7075 1.82719 69.1722 4
11 3.47692 65.8308 1.44708 72.5494 4
12 3.41745 68.0209 1.26585 75.1674 4
13 3.05534 69.7772 0.836128 77.4088 4
14 1.39056 63.3336 -0.778676 71.2459 4
15 1.51285 65.0463 0.0478235 73.7029 4
16 1.59138 67.01 0.751267 76.483 4
17 RANDOM
18 -0.173057 56.5653 4.01071 67.1828 4
19 -0.336301 58.3671 4.01609 69.3885 4
20 -0.606359 60.3632 3.74711 71.8664 4
21 -0.972553 62.4092 3.17851 74.2764 4
22 -0.86849 53.2193 7.03392 66.5487 4
23 -0.785499 54.0947 8.23532 69.2409 4
24 -0.955215 55.4037 8.90953 71.7264 4
25 -1.27956 57.0344 9.27096 74.1392 4
26 3.31863 57.3665 28.2248 58.7964 4
27 1.99254 57.833 27.1008 57.8922 4
28 0.68841 58.4758 26.2516 57.3414 2
29 4.16699 46.3755 15.16 47.8 4
30 0.68841 58.4758 26.2516 57.3414 2
31 4.16699 46.3755 15.16 47.8 4
32 0.68841 58.4758 26.2516 57.3414 2
33 4.16699 46.3755 15.16 47.8 4
34 0.68841 58.4758 26.2516 57.3414 2
35 4.16699 46.3755 15.16 47.8 4
36 0.68841 58.4758 26.2516 57.3414 2
37 4.16699 46.3755 15.16 47.8 4
38 0.68841 58.4758 26.2516 57.3414 2
39 4.16699 46.3755 15.16 47.8 4
40 0.652651 58.4228 26.2189 57.259 2
41 4.11727 46.3001 15.0976 47.6898 4
42 0.652651 58.4228 26.2189 57.259 2
43 4.11727 46.3001 15.0976 47.6898 4
44 0.652651 58.4228 26.2189 57.259 2
45 4.11727 46.3001 15.0976 47.6898 4
46 0.652651 58.4228 26.2189 57.259 2
47 RANDOM
48 4.8738 45.4582 15.2277 48.1105 4
49 1.95767 57.781 27.0662 57.8076 4
50 0.652651 58.4228 26.2189 57.259 2
51 4.11727 46.3001 15.0976 47.6898 4
52 0.652651 58.4228 26.2189 57.259 2
53 4.11727 46.3001 15.0976 47.6898 4
54 0.652651 58.4228 26.2189 57.259 2
55 4.11727 46.3001 15.0976 47.6898 4
56 0.652651 58.4228 26.2189 57.259 2
57 4.11727 46.3001 15.0976 47.6898 4
58 0.652651 58.4228 26.2189 57.259 2
59 4.11727 46.3001 15.0976 47.6898 4
60 0.652651 58.4228 26.2189 57.259 2
61 4.11727 46.3001 15.0976 47.6898 4
62 0.652651 58.4228 26.2189 57.259 2
63 4.11727 46.3001 15.0976 47.6898 4
64 0.652651 58.4228 26.2189 57.259 2
65 4.11727 46.3001 15.0976 47.6898 4
66 0.652651 58.4228 26.2189 57.259 2
67 4.11727 46.3001 15.0976 47.6898 4
68 0.652651 58.4228 26.2189 57.259 2
69 4.11727 46.3001 15.0976 47.6898 4
70 0.652651 58.4228 26.2189 57.259 2
71 4.11727 46.3001 15.0976 47.6898 4
72 0.652651 58.4228 26.2189 57.259 2
73 4.11727 46.3001 15.0976 47.6898 4
74 0.652651 58.4228 26.2189 57.259 2
75 4.11727 46.3001 15.0976 47.6898 4
76 0.652651 58.4228 26.2189 57.259 2
77 4.11727 46.3001 15.0976 47.6898 4
78 0.652651 58.4228 26.2189 57.259 2
79 4.11727 46.3001 15.0976 47.6898 4
80 0.652651 58.4228 26.2189 57.259 2
81 4.11727 46.3001 15.0976 47.6898 4
82 0.652651 58.4228 26.2189 57.259 2
83 4.11727 46.3001 15.0976 47.6898 4
84 0.652651 58.4228 26.2189 57.259 2
85 4.11727 46.3001 15.0976 47.6898 4
86 0.652651 58.4228 26.2189 57.259 2
87 4.11727 46.3001 15.0976 47.6898 4
88 0.652651 58.4228 26.2189 57.259 2
89 4.11727 46.3001 15.0976 47.6898 4
90 RANDOM
91 -1.03477 58.8316 24.6408 56.6578 2
92 3.1417 47.0541 14.8639 47.583 4
93 -1.03477 58.8316 24.6408 56.6578 2
94 3.1417 47.0541 14.8639 47.583 4
95 -1.03477 58.8316 24.6408 56.6578 2
96 3.1417 47.0541 14.8639 47.583 4
97 -1.03477 58.8316 24.6408 56.6578 2
98 3.1417 47.0541 14.8639 47.583 4
99 -1.03477 58.8316 24.6408 56.6578 2
100 1.61651 44.8605 12.59 45.1645 4
101 -2.53364 56.69 22.5153 54.3608 2
102 1.61651 44.8605 12.59 45.1645 4
103 -2.53364 56.69 22.5153 54.3608 2
104 1.61651 44.8605 12.59 45.1645 4
105 -2.53364 56.69 22.5153 54.3608 2
106 1.61651 44.8605 12.59 45.1645 4
107 -2.53364 56.69 22.5153 54.3608 2
108 1.61651 44.8605 12.59 45.1645 4
109 RANDOM
110 -6.09429 48.685 15.4966 44.5649 2
111 7.05935 49.369 26.7009 51.7852 4
112 -6.09429 48.685 15.4966 44.5649 2
113 7.05935 49.369 26.7009 51.7852 4
114 -6.09429 48.685 15.4966 44.5649 2
115 7.05935 49.369 26.7009 51.7852 4
116 -6.09429 48.685 15.4966 44.5649 2
117 7.05935 49.369 26.7009 51.7852 4
118 -6.09429 48.685 15.4966 44.5649 2
119 7.05935 49.369 26.7009 51.7852 4
120 -6.09429 48.685 15.4966 44.5649 2
121 7.05935 49.369 26.7009 51.7852 4
122 -6.09429 48.685 15.4966 44.5649 2
123 7.05935 49.369 26.7009 51.7852 4
124 -6.09429 48.685 15.4966 44.5649 2
125 7.05935 49.369 26.7009 51.7852 4
126 -6.09429 48.685 15.4966 44.5649 2
127 7.05935 49.369 26.7009 51.7852 4
128 -6.09429 48.685 15.4966 44.5649 2
129 7.05935 49.369 26.7009 51.7852 4
130 RANDOM
131 -7.26964 49.6086 15.164 44.461 2
132 0.954848 40.6762 9.95263 40.1235 2
133 7.05935 49.369 26.7009 51.7852 4
134 -6.09429 48.685 15.4966 44.5649 2
135 7.05935 49.369 26.7009 51.7852 4
136 -6.09429 48.685 15.4966 44.5649 2
137 7.05935 49.369 26.7009 51.7852 4
138 -6.09429 48.685 15.4966 44.5649 2
139 7.05935 49.369 26.7009 51.7852 4
140 -6.09429 48.685 15.4966 44.5649 2
141 RANDOM
142 8.30993 48.3941 27.334 52.5586 4
143 4.12316 60.9355 37.4726 60.5618 2
144 8.30993 48.3941 27.334 52.5586 4
145 4.12316 60.9355 37.4726 60.5618 2
146 8.30993 48.3941 27.334 52.5586 4
147 4.12316 60.9355 37.4726 60.5618 2
148 8.30993 48.3941 27.334 52.5586 4
149 4.12316 60.9355 37.4726 60.5618 2
150 8.30993 48.3941 27.334 52.5586 4
151 4.12316 60.9355 37.4726 60.5618 2
152 8.30993 48.3941 27.334 52.5586 4
153 4.12316 60.9355 37.4726 60.5618 2
154 8.30993 48.3941 27.334 52.5586 4
155 4.12316 60.9355 37.4726 60.5618 2
156 8.30993 48.3941 27.334 52.5586 4
157 4.12316 60.9355 37.4726 60.5618 2
158 8.30993 48.3941 27.334 52.5586 4
159 RANDOM
160 -6.09429 48.685 15.4966 44.5649 2
161 7.05935 49.369 26.7009 51.7852 4
162 RANDOM
163 -7.26964 49.6086 15.164 44.461 2
164 0.954848 40.6762 9.95263 40.1235 2
165 7.05935 49.369 26.7009 51.7852 4
166 -6.09429 48.685 15.4966 44.5649 2
167 7.05935 49.369 26.7009 51.7852 4
168 -6.09429 48.685 15.4966 44.5649 2
169 7.05935 49.369 26.7009 51.7852 4
170 -6.09429 48.685 15.4966 44.5649 2
171 7.05935 49.369 26.7009 51.7852 4
172 -6.09429 48.685 15.4966 44.5649 2
173 7.05935 49.369 26.7009 51.7852 4
174 -6.09429 48.685 15.4966 44.5649 2
175 7.05935 49.369 26.7009 51.7852 4
176 -6.09429 48.685 15.4966 44.5649 2
177 7.05935 49.369 26.7009 51.7852 4
178 RANDOM
179 9.13739 39.3296 13.3095 46.4376 4
180 -3.0748 50.007 21.8581 46.6539 2
