0 -1.27988 23.1093 2.91193 23.7159 4
1 -1.27988 23.1093 2.91193 23.7159 4
2 -1.27988 23.1093 2.91193 23.7159 4
3 -1.27988 23.1093 2.91193 23.7159 4
4 -1.27988 23.1093 2.91193 23.7159 4
5 -1.27988 23.1093 2.91193 23.7159 4
6 -1.27988 23.1093 2.91193 23.7159 4
7 -1.27988 23.1093 2.91193 23.7159 4
8 -1.27988 23.1093 2.91193 23.7159 4
9 -1.27988 23.1093 2.91193 23.7159 4
10 -1.27988 23.1093 2.91193 23.7159 4
11 -1.27988 23.1093 2.91193 23.7159 4
12 -1.27988 23.1093 2.91193 23.7159 4
13 -1.27988 23.1093 2.91193 23.7159 4
14 -1.27988 23.1093 2.91193 23.7159 4
15 -1.27988 23.1093 2.91193 23.7159 4
16 -1.27988 23.1093 2.91193 23.7159 4
17 -1.27988 23.1093 2.91193 23.7159 4
18 -1.27988 23.1093 2.91193 23.7159 4
19 -1.27988 23.1093 2.91193 23.7159 4
20 -1.27988 23.1093 2.91193 23.7159 4
21 -1.27988 23.1093 2.91193 23.7159 4
22 RANDOM
23 -1.27988 23.1093 2.91193 23.7159 4
24 -1.27988 23.1093 2.91193 23.7159 4
25 -1.27988 23.1093 2.91193 23.7159 4
26 RANDOM
27 -1.27988 23.1093 2.91193 23.7159 4
28 -1.27988 23.1093 2.91193 23.7159 4
29 -1.27988 23.1093 2.91193 23.7159 4
30 -1.27988 23.1093 2.91193 23.7159 4
31 -1.27988 23.1093 2.91193 23.7159 4
32 -1.27988 23.1093 2.91193 23.7159 4
33 -1.27988 23.1093 2.91193 23.7159 4
34 -1.27988 23.1093 2.91193 23.7159 4
35 -1.27988 23.1093 2.91193 23.7159 4
36 -1.27988 23.1093 2.91193 23.7159 4
37 -1.27988 23.1093 2.91193 23.7159 4
38 -1.27988 23.1093 2.91193 23.7159 4
39 -1.27988 23.1093 2.91193 23.7159 4
40 -1.27988 23.1093 2.91193 23.7159 4
41 -1.27988 23.1093 2.91193 23.7159 4
42 -0.848129 22.3536 -44.1962 38.225 4
43 0.105494 25.3545 -45.6437 38.5717 4
44 0.619492 28.2154 -48.3654 37.5056 4
45 1.25623 31.5625 -51.0823 38.5704 4
46 -1.22792 19.0298 -41.2034 37.2269 4
47 -1.54797 16.4721 -37.1063 33.442 4
48 -1.1604 15.4632 -32.9039 31.6428 4
49 -0.741397 14.5388 -28.7228 29.9257 4
50 6.66592 21.7531 -12.5675 12.6335 2
51 -1.27988 23.1093 2.91193 23.7159 4
52 6.66592 21.7531 -12.5675 12.6335 2
53 -1.27988 23.1093 2.91193 23.7159 4
54 6.66592 21.7531 -12.5675 12.6335 2
55 RANDOM
56 RANDOM
57 -1.85377 15.6357 -5.54195 20.3166 4
58 -0.192071 15.3152 -28.2652 30.1562 4
59 0.709984 14.6014 -24.2783 26.6696 4
60 6.66592 21.7531 -12.5675 12.6335 2
61 RANDOM
62 -1.27988 23.1093 2.91193 23.7159 4
63 0.709984 14.6014 -24.2783 26.6696 4
64 6.66592 21.7531 -12.5675 12.6335 2
65 -1.27988 23.1093 2.91193 23.7159 4
66 6.66592 21.7531 -12.5675 12.6335 2
67 -1.27988 23.1093 2.91193 23.7159 4
68 6.66592 21.7531 -12.5675 12.6335 2
69 -1.27988 23.1093 2.91193 23.7159 4
70 6.66592 21.7531 -12.5675 12.6335 2
71 -1.27988 23.1093 2.91193 23.7159 4
72 6.66592 21.7531 -12.5675 12.6335 2
73 -1.27988 23.1093 2.91193 23.7159 4
74 6.66592 21.7531 -12.5675 12.6335 2
75 RANDOM
76 -1.27988 23.1093 2.91193 23.7159 4
77 0.709984 14.6014 -24.2783 26.6696 4
78 6.66592 21.7531 -12.5675 12.6335 2
79 RANDOM
80 -1.27988 23.1093 2.91193 23.7159 4
81 0.709984 14.6014 -24.2783 26.6696 4
82 6.66592 21.7531 -12.5675 12.6335 2
83 -1.27988 23.1093 2.91193 23.7159 4
84 6.66592 21.7531 -12.5675 12.6335 2
85 -1.27988 23.1093 2.91193 23.7159 4
86 RANDOM
87 -1.27988 23.1093 2.91193 23.7159 4
88 5.34084 23.9576 -20.0797 16.6097 2
