0 73.0932 73.6013 72.9385 75.0567 4
1 81.0457 81.1476 80.0881 82.5931 4
2 77.6668 77.9386 77.0491 79.3878 4
3 78.1059 78.3627 77.4568 79.812 4
4 78.8342 79.0563 78.1194 80.5036 4
5 80.1563 80.3083 79.3074 81.7514 4
6 76.9842 77.2875 76.4326 78.7369 4
7 77.8931 78.1575 77.2599 79.6067 4
8 79.279 79.475 78.5101 80.9208 4
9 81.608 81.6813 80.5953 83.1216 4
10 78.7904 79.0138 78.0642 80.468 4
11 78.9526 79.1714 78.218 80.6246 4
12 79.7327 79.9127 78.9225 81.3633 4
13 81.4215 81.5149 80.4404 82.9608 4
14 77.7271 78.0139 77.1237 79.4822 4
15 78.1662 78.4305 77.5227 79.8959 4
16 79.1162 79.3338 78.3826 80.7962 4
17 80.9858 81.1095 80.0623 82.5713 4
18 76.9498 77.2799 76.414 78.7588 4
19 77.3798 77.6947 76.8087 79.1778 4
20 79.126 79.3886 78.4096 80.8992 4
21 82.1881 82.3515 81.2018 83.9099 4
22 77.7377 78.0627 77.1542 79.5712 4
23 77.885 78.2058 77.2904 79.7157 4
24 79.2147 79.4942 78.5055 81.0238 4
25 81.8195 82.0103 80.874 83.5786 4
26 79.3468 79.655 78.6639 81.2113 4
27 80.1066 80.3934 79.3608 81.9642 4
28 81.6501 81.8905 80.7717 83.489 4
29 84.0574 84.2227 82.9693 85.863 4
30 78.9775 79.3466 78.4108 80.9214 4
31 80.4048 80.7292 79.7117 82.3271 4
32 82.9987 83.2404 82.0756 84.8822 4
33 86.6632 86.7864 85.4149 88.4889 4
34 83.4101 83.7224 82.6031 85.4034 4
35 83.9147 84.2169 83.0621 85.9106 4
36 85.507 85.7674 84.5244 87.4923 4
37 88.7658 88.9533 87.5435 90.7459 4
38 85.1113 85.4865 84.4242 87.2215 4
39 86.5065 86.8597 85.7245 88.6284 4
40 90.9308 91.277 89.9539 93.1717 4
41 98.0888 98.4236 96.806 100.519 4
42 94.9587 95.4246 94.3404 97.3397 4
43 97.2769 97.7582 96.534 99.7633 4
44 101.867 102.369 100.926 104.523 4
45 108.119 108.647 106.934 110.996 4
46 96.7866 97.5572 96.961 99.4258 4
47 99.7995 100.594 99.8662 102.559 4
48 106.639 107.476 106.503 109.643 4
49 116.191 117.081 115.779 119.524 4
50 125.442 126.738 126.103 129.235 4
51 125.442 126.738 126.103 129.235 4
