0 146.973 152.316 145.095 157.51 4
1 119.33 124.044 118.226 128.254 4
2 123.769 129.357 122.007 134.342 4
3 124.748 130.4 122.854 135.433 4
4 126.047 131.759 123.974 136.852 4
5 128.112 133.884 125.77 139.058 4
6 123.891 129.539 122.054 134.602 4
7 125.157 130.886 123.147 136.018 4
8 127.324 133.14 125.017 138.371 4
9 130.684 136.588 127.926 141.958 4
10 132.731 138.982 130.732 144.591 4
11 133.375 139.703 131.246 145.392 4
12 134.359 140.779 132.011 146.582 4
13 136.384 142.938 133.677 148.926 4
14 141.623 148.124 139.453 154.319 4
15 143.159 149.871 140.759 156.245 4
16 144.702 151.643 141.983 158.238 4
17 146.799 153.999 143.673 160.861 4
18 148.004 155.208 145.201 162.16 4
19 150.51 158.051 147.343 165.34 4
20 153.724 161.694 150.007 169.423 4
21 158.308 166.83 153.851 175.134 4
22 145.795 153.121 142.794 160.326 4
23 148.234 155.805 144.958 163.264 4
24 151.003 158.903 147.292 166.735 4
25 154.534 162.881 150.216 171.217 4
26 157.939 165.509 154.976 172.677 4
27 159.759 167.585 156.589 174.997 4
28 161.795 169.94 158.342 177.659 4
29 164.578 173.142 160.708 181.279 4
30 162.961 170.643 159.682 178.342 4
31 164.872 172.957 161.269 181.024 4
32 167.433 176.002 163.372 184.537 4
33 172.125 181.373 167.361 190.559 4
34 175.887 185.549 170.776 195.184 4
35 181.902 192.271 176.19 202.553 4
36 RANDOM
37 200.471 213.036 192.773 225.363 4
38 183.237 194.011 176.89 205.107 4
39 191.582 203.303 184.414 215.27 4
40 202.108 214.972 193.908 228.013 4
41 214.282 228.486 204.869 242.784 4
42 190.335 202.099 183.446 214.292 4
43 198.229 210.904 190.619 223.903 4
44 208.938 222.838 200.32 236.943 4
45 222.868 238.367 212.923 253.923 4
46 186.753 198.262 180.615 210.528 4
47 191.828 204.044 185.188 216.953 4
48 RANDOM
49 216.58 231.868 207.573 247.566 4
50 202.086 216.105 194.87 230.952 4
51 202.086 216.105 194.87 230.952 4
