0 -4.49941 19.8119 5.44223 20.6098 4
1 -4.49941 19.8119 5.44223 20.6098 4
2 -4.49941 19.8119 5.44223 20.6098 4
3 -4.49941 19.8119 5.44223 20.6098 4
4 -4.49941 19.8119 5.44223 20.6098 4
5 -4.49941 19.8119 5.44223 20.6098 4
6 -4.49941 19.8119 5.44223 20.6098 4
7 -4.49941 19.8119 5.44223 20.6098 4
8 -4.49941 19.8119 5.44223 20.6098 4
9 -4.49941 19.8119 5.44223 20.6098 4
10 -4.49941 19.8119 5.44223 20.6098 4
11 -4.49941 19.8119 5.44223 20.6098 4
12 -4.49941 19.8119 5.44223 20.6098 4
13 -4.49941 19.8119 5.44223 20.6098 4
14 -4.49941 19.8119 5.44223 20.6098 4
15 -4.49941 19.8119 5.44223 20.6098 4
16 -4.49941 19.8119 5.44223 20.6098 4
17 -4.49941 19.8119 5.44223 20.6098 4
18 -4.49941 19.8119 5.44223 20.6098 4
19 -4.49941 19.8119 5.44223 20.6098 4
20 -4.49941 19.8119 5.44223 20.6098 4
21 -4.49941 19.8119 5.44223 20.6098 4
22 -4.49941 19.8119 5.44223 20.6098 4
23 -4.49941 19.8119 5.44223 20.6098 4
24 -4.49941 19.8119 5.44223 20.6098 4
25 -4.49941 19.8119 5.44223 20.6098 4
26 -4.49941 19.8119 5.44223 20.6098 4
27 -4.49941 19.8119 5.44223 20.6098 4
28 -4.49941 19.8119 5.44223 20.6098 4
29 -4.49941 19.8119 5.44223 20.6098 4
30 -4.49941 19.8119 5.44223 20.6098 4
31 -4.49941 19.8119 5.44223 20.6098 4
32 -4.49941 19.8119 5.44223 20.6098 4
33 -4.49941 19.8119 5.44223 20.6098 4
34 -4.49941 19.8119 5.44223 20.6098 4
35 -4.49941 19.8119 5.44223 20.6098 4
36 -4.49941 19.8119 5.44223 20.6098 4
37 -4.49941 19.8119 5.44223 20.6098 4
38 -4.49941 19.8119 5.44223 20.6098 4
39 -4.49941 19.8119 5.44223 20.6098 4
40 -4.49941 19.8119 5.44223 20.6098 4
41 -4.49941 19.8119 5.44223 20.6098 4
42 -13.4357 19.3722 -33.2437 38.9196 4
43 -13.8262 21.9285 -33.7539 39.2796 4
44 -15.1396 24.369 -35.122 38.2656 4
45 -16.622 27.1669 -36.5947 38.6666 4
46 -11.9569 16.9703 -31.6909 38.1319 4
47 -11.4841 14.1598 -28.4992 33.8243 4
48 -10.3575 13.0714 -24.9901 31.6356 4
49 -9.15349 12.1655 -21.3554 29.6345 4
50 -3.93962 18.3324 1.28371 10.0043 2
51 -4.49941 19.8119 5.44223 20.6098 4
52 -3.93962 18.3324 1.28371 10.0043 2
53 -4.49941 19.8119 5.44223 20.6098 4
54 RANDOM
55 -4.49941 19.8119 5.44223 20.6098 4
56 -7.53635 18.4519 -6.18313 12.4819 2
