0 729.76 927.986 742.653 810.934 2
1 770.167 985.538 782.304 865.181 2
2 825.221 1072.46 846.435 963.337 2
3 677.826 795.366 691.087 648.224 2
4 752.15 933.09 773.213 796.592 2
5 829.953 1069.66 858.431 971.413 2
6 941.814 1249.14 968.69 1197.54 2
7 957.961 1220.52 1015.36 1142.55 2
8 959.602 1244.12 1014.4 1178.27 2
9 974.036 1286.9 1031.75 1233.29 2
10 974.847 1275.33 1024.31 1232.3 2
11 927.776 1198.1 970.277 1132.13 2
12 916.295 1197.97 955.466 1142.52 2
13 916.831 1215.17 955.572 1171.75 2
14 926.171 1223.66 956.83 1194.06 2
15 890.205 1143.26 909.777 1093.48 2
16 879.254 1144.7 898.897 1102.09 2
17 877.993 1162.63 899.164 1130.06 2
18 908.199 1205.39 927.2 1189.79 2
19 927.8 1176.31 955.891 1120.52 2
20 930.796 1193.75 955.026 1151.9 2
21 932.502 1202.8 958.126 1170.29 2
22 962.024 1200.42 982.646 1183.07 2
23 863.896 969.055 879.515 905.988 2
24 885.371 1025.16 901.238 976.896 2
25 918.844 1098.96 937.967 1064.99 2
26 952.651 1126.82 968.894 1109.76 2
27 910.826 988.737 929.447 929.762 2
28 931.53 1039.93 947.223 999.85 2
29 965.249 1110.14 983.918 1085.67 2
30 1003.61 1123.32 1015.97 1112.34 2
31 1011.37 1087.8 1027.8 1043.63 2
32 1021.1 1125.12 1037.14 1095.55 2
33 1039.33 1170.35 1054.81 1157.02 2
34 1053.14 1145.29 1057.28 1136.15 2
35 1088.18 1243.33 1126.67 1212.81 2
36 1074.09 1230.01 1098.38 1214.77 2
37 1076.12 1243.16 1089.3 1244.76 4
38 1251.13 1356.24 1344.38 1268.1 2
39 1076.12 1243.16 1089.3 1244.76 4
40 1271.57 1374.14 1369.11 1286.54 2
41 1102.08 1272.14 1114.51 1277.57 4
42 1271.57 1374.14 1369.11 1286.54 2
43 1102.08 1272.14 1114.51 1277.57 4
44 1271.57 1374.14 1369.11 1286.54 2
45 1102.08 1272.14 1114.51 1277.57 4
46 1271.57 1374.14 1369.11 1286.54 2
47 1102.08 1272.14 1114.51 1277.57 4
48 1271.57 1374.14 1369.11 1286.54 2
49 1102.08 1272.14 1114.51 1277.57 4
50 1271.57 1374.14 1369.11 1286.54 2
51 1102.08 1272.14 1114.51 1277.57 4
52 1271.57 1374.14 1369.11 1286.54 2
53 1102.08 1272.14 1114.51 1277.57 4
54 1271.57 1374.14 1369.11 1286.54 2
55 1102.08 1272.14 1114.51 1277.57 4
56 1271.57 1374.14 1369.11 1286.54 2
57 RANDOM
58 1086.76 1185.18 1083.32 1174.04 2
59 1075.64 1270.37 1064.33 1277.11 4
60 1225.86 1234.27 1280.64 1146.8 3
61 1141.02 1187.19 1164.79 1133.6 2
