0 22.5812 49.7606 25.1823 57.3055 4
1 22.5812 49.7606 25.1823 57.3055 4
2 22.5812 49.7606 25.1823 57.3055 4
3 22.5812 49.7606 25.1823 57.3055 4
4 22.5812 49.7606 25.1823 57.3055 4
5 22.5812 49.7606 25.1823 57.3055 4
6 22.5812 49.7606 25.1823 57.3055 4
7 22.5812 49.7606 25.1823 57.3055 4
8 22.5812 49.7606 25.1823 57.3055 4
9 22.5812 49.7606 25.1823 57.3055 4
10 22.5812 49.7606 25.1823 57.3055 4
11 22.5812 49.7606 25.1823 57.3055 4
12 22.5812 49.7606 25.1823 57.3055 4
13 22.5812 49.7606 25.1823 57.3055 4
14 22.5812 49.7606 25.1823 57.3055 4
15 22.5812 49.7606 25.1823 57.3055 4
16 22.5812 49.7606 25.1823 57.3055 4
17 22.5812 49.7606 25.1823 57.3055 4
18 22.5812 49.7606 25.1823 57.3055 4
19 22.5812 49.7606 25.1823 57.3055 4
20 22.5812 49.7606 25.1823 57.3055 4
21 22.5812 49.7606 25.1823 57.3055 4
22 22.5812 49.7606 25.1823 57.3055 4
23 22.5812 49.7606 25.1823 57.3055 4
24 22.5812 49.7606 25.1823 57.3055 4
25 22.5812 49.7606 25.1823 57.3055 4
26 22.5812 49.7606 25.1823 57.3055 4
27 22.5812 49.7606 25.1823 57.3055 4
28 22.5812 49.7606 25.1823 57.3055 4
29 22.5812 49.7606 25.1823 57.3055 4
30 22.5812 49.7606 25.1823 57.3055 4
31 22.5812 49.7606 25.1823 57.3055 4
32 22.5812 49.7606 25.1823 57.3055 4
33 22.5812 49.7606 25.1823 57.3055 4
34 22.5812 49.7606 25.1823 57.3055 4
35 22.5812 49.7606 25.1823 57.3055 4
36 22.5812 49.7606 25.1823 57.3055 4
37 22.5812 49.7606 25.1823 57.3055 4
38 22.5812 49.7606 25.1823 57.3055 4
39 RANDOM
40 22.5812 49.7606 25.1823 57.3055 4
41 RANDOM
42 135.533 336.137 125.773 314.294 2
43 22.5812 49.7606 25.1823 57.3055 4
44 135.533 336.137 125.773 314.294 2
45 22.5812 49.7606 25.1823 57.3055 4
46 135.533 336.137 125.773 314.294 2
47 22.5812 49.7606 25.1823 57.3055 4
48 135.533 336.137 125.773 314.294 2
49 22.5812 49.7606 25.1823 57.3055 4
50 135.533 336.137 125.773 314.294 2
51 22.5812 49.7606 25.1823 57.3055 4
52 135.533 336.137 125.773 314.294 2
53 22.5812 49.7606 25.1823 57.3055 4
54 135.533 336.137 125.773 314.294 2
55 22.5812 49.7606 25.1823 57.3055 4
56 135.533 336.137 125.773 314.294 2
57 22.5812 49.7606 25.1823 57.3055 4
58 135.533 336.137 125.773 314.294 2
59 22.5812 49.7606 25.1823 57.3055 4
60 135.533 336.137 125.773 314.294 2
61 22.5812 49.7606 25.1823 57.3055 4
62 135.533 336.137 125.773 314.294 2
63 RANDOM
64 22.5812 49.7606 25.1823 57.3055 4
65 22.5812 49.7606 25.1823 57.3055 4
66 135.533 336.137 125.773 314.294 2
67 22.5812 49.7606 25.1823 57.3055 4
68 135.533 336.137 125.773 314.294 2
69 22.5812 49.7606 25.1823 57.3055 4
70 135.533 336.137 125.773 314.294 2
71 22.5812 49.7606 25.1823 57.3055 4
72 135.533 336.137 125.773 314.294 2
73 22.5812 49.7606 25.1823 57.3055 4
74 135.533 336.137 125.773 314.294 2
75 22.5812 49.7606 25.1823 57.3055 4
76 135.533 336.137 125.773 314.294 2
77 22.5812 49.7606 25.1823 57.3055 4
78 135.533 336.137 125.773 314.294 2
79 22.5812 49.7606 25.1823 57.3055 4
80 135.533 336.137 125.773 314.294 2
81 22.5812 49.7606 25.1823 57.3055 4
82 135.533 336.137 125.773 314.294 2
83 22.5812 49.7606 25.1823 57.3055 4
84 135.533 336.137 125.773 314.294 2
85 22.5812 49.7606 25.1823 57.3055 4
86 135.533 336.137 125.773 314.294 2
87 22.5812 49.7606 25.1823 57.3055 4
88 135.533 336.137 125.773 314.294 2
89 22.5812 49.7606 25.1823 57.3055 4
90 135.533 336.137 125.773 314.294 2
91 22.5812 49.7606 25.1823 57.3055 4
92 135.533 336.137 125.773 314.294 2
93 22.5812 49.7606 25.1823 57.3055 4
94 135.533 336.137 125.773 314.294 2
95 22.5812 49.7606 25.1823 57.3055 4
96 135.533 336.137 125.773 314.294 2
97 22.5812 49.7606 25.1823 57.3055 4
98 135.533 336.137 125.773 314.294 2
99 22.5812 49.7606 25.1823 57.3055 4
100 RANDOM
101 62.2161 156.39 52.962 160.408 4
102 141.8 336.557 157.361 295.679 2
