0 -0.0604713 20.9536 1.96513 22.0142 4
1 -0.0604713 20.9536 1.96513 22.0142 4
2 -0.0604713 20.9536 1.96513 22.0142 4
3 -0.0604713 20.9536 1.96513 22.0142 4
4 -0.0604713 20.9536 1.96513 22.0142 4
5 -0.0604713 20.9536 1.96513 22.0142 4
6 -0.0604713 20.9536 1.96513 22.0142 4
7 -0.0604713 20.9536 1.96513 22.0142 4
8 -0.0604713 20.9536 1.96513 22.0142 4
9 -0.0604713 20.9536 1.96513 22.0142 4
10 -0.0604713 20.9536 1.96513 22.0142 4
11 -0.0604713 20.9536 1.96513 22.0142 4
12 -0.0604713 20.9536 1.96513 22.0142 4
13 -0.0604713 20.9536 1.96513 22.0142 4
14 -0.0604713 20.9536 1.96513 22.0142 4
15 -0.0604713 20.9536 1.96513 22.0142 4
16 -0.0604713 20.9536 1.96513 22.0142 4
17 -0.0604713 20.9536 1.96513 22.0142 4
18 -0.0604713 20.9536 1.96513 22.0142 4
19 -0.0604713 20.9536 1.96513 22.0142 4
20 -0.0604713 20.9536 1.96513 22.0142 4
21 -0.0604713 20.9536 1.96513 22.0142 4
22 -0.0604713 20.9536 1.96513 22.0142 4
23 -0.0604713 20.9536 1.96513 22.0142 4
24 -0.0604713 20.9536 1.96513 22.0142 4
25 -0.0604713 20.9536 1.96513 22.0142 4
26 -0.0604713 20.9536 1.96513 22.0142 4
27 -0.0604713 20.9536 1.96513 22.0142 4
28 -0.0604713 20.9536 1.96513 22.0142 4
29 -0.0604713 20.9536 1.96513 22.0142 4
30 -0.0604713 20.9536 1.96513 22.0142 4
31 -0.0604713 20.9536 1.96513 22.0142 4
32 -0.0604713 20.9536 1.96513 22.0142 4
33 -0.0604713 20.9536 1.96513 22.0142 4
34 -0.0604713 20.9536 1.96513 22.0142 4
35 -0.0604713 20.9536 1.96513 22.0142 4
36 -0.0604713 20.9536 1.96513 22.0142 4
37 -0.0604713 20.9536 1.96513 22.0142 4
38 -0.0604713 20.9536 1.96513 22.0142 4
39 -0.0604713 20.9536 1.96513 22.0142 4
40 -0.0604713 20.9536 1.96513 22.0142 4
41 -0.0604713 20.9536 1.96513 22.0142 4
42 5.02144 20.5675 -44.6219 37.2345 4
43 6.48531 23.3576 -46.1466 37.4704 4
44 7.80726 26.0556 -48.906 36.3749 4
45 9.32582 29.2259 -51.6647 37.3234 4
46 3.69102 17.1689 -41.4647 35.9507 4
47 2.98539 14.7006 -37.3116 32.1316 4
48 2.99381 13.7676 -33.0702 30.3311 4
49 3.03109 12.9151 -28.8877 28.6284 4
50 12.1964 20.4017 -13.6175 12.0201 2
51 -0.0604713 20.9536 1.96513 22.0142 4
52 12.1964 20.4017 -13.6175 12.0201 2
53 -0.0604713 20.9536 1.96513 22.0142 4
54 12.1964 20.4017 -13.6175 12.0201 2
55 -0.0604713 20.9536 1.96513 22.0142 4
56 12.1964 20.4017 -13.6175 12.0201 2
57 -0.0604713 20.9536 1.96513 22.0142 4
58 12.1964 20.4017 -13.6175 12.0201 2
59 -0.0604713 20.9536 1.96513 22.0142 4
60 12.1964 20.4017 -13.6175 12.0201 2
61 -0.0604713 20.9536 1.96513 22.0142 4
62 12.1964 20.4017 -13.6175 12.0201 2
63 -0.0604713 20.9536 1.96513 22.0142 4
64 12.1964 20.4017 -13.6175 12.0201 2
65 -0.0604713 20.9536 1.96513 22.0142 4
66 12.1964 20.4017 -13.6175 12.0201 2
67 -0.0604713 20.9536 1.96513 22.0142 4
68 12.1964 20.4017 -13.6175 12.0201 2
69 -0.0604713 20.9536 1.96513 22.0142 4
70 12.1964 20.4017 -13.6175 12.0201 2
71 -0.0604713 20.9536 1.96513 22.0142 4
72 RANDOM
73 -0.0604713 20.9536 1.96513 22.0142 4
74 11.7594 22.6815 -21.0644 16.1861 2
