0 29.5171 405.77 -694.481 426.571 4
1 -162.324 387.456 -695.702 483.62 4
2 339.516 409.218 -1235.74 418.047 4
3 288.404 360.097 -1215.38 389.265 4
4 214.418 301.137 -1178.81 355.602 4
5 153.139 260.77 -1142.93 337.594 4
6 189.403 308.665 -1306.18 346.807 4
7 87.4024 215.415 -1221.19 258.628 4
8 7.52957 163.656 -1123.1 206.319 4
9 -53.3064 125.771 -1030.63 163.7 4
10 164.432 474.317 -1204.51 552.65 4
11 -29.7749 338.325 -1029.24 432.507 4
12 -157.895 311.071 -819.197 385.271 4
13 -257.063 280.113 -616.641 326.77 4
14 165.296 530.38 -1016.63 519.666 2
15 45.1631 370.762 -687.866 226.554 2
16 141.256 388.776 -899.743 286.844 2
17 259.95 479.093 -1088.81 416.913 2
18 424.16 679.38 -1210.69 635.432 2
19 485.605 642.186 -1067.43 560.586 2
20 591.107 777.76 -1104.75 722.632 2
21 663.464 869.905 -1140.28 868.09 2
22 669.43 884.259 -1165.28 896.854 4
23 768.3 1027.66 -1133.16 914.36 2
24 RANDOM
25 561.174 670.707 -1159.92 604.389 2
26 656.279 785.638 -1152.61 721.38 2
27 756.838 937.835 -1128.71 931.28 2
28 785.171 1006.56 -1121.83 1034.06 4
29 1227.13 2012.06 -795.334 1930.82 2
30 785.171 1006.56 -1121.83 1034.06 4
31 1227.13 2012.06 -795.334 1930.82 2
32 785.171 1006.56 -1121.83 1034.06 4
33 1227.13 2012.06 -795.334 1930.82 2
34 785.171 1006.56 -1121.83 1034.06 4
35 1227.13 2012.06 -795.334 1930.82 2
36 785.171 1006.56 -1121.83 1034.06 4
37 1227.13 2012.06 -795.334 1930.82 2
38 785.171 1006.56 -1121.83 1034.06 4
39 1227.13 2012.06 -795.334 1930.82 2
40 760.324 964.607 -1128.4 987.35 4
41 1200.09 1971.78 -802.417 1891.3 2
42 760.324 964.607 -1128.4 987.35 4
43 1200.09 1971.78 -802.417 1891.3 2
44 760.324 964.607 -1128.4 987.35 4
45 1200.09 1971.78 -802.417 1891.3 2
46 760.324 964.607 -1128.4 987.35 4
47 1200.09 1971.78 -802.417 1891.3 2
48 760.324 964.607 -1128.4 987.35 4
49 1200.09 1971.78 -802.417 1891.3 2
50 760.324 964.607 -1128.4 987.35 4
51 1200.09 1971.78 -802.417 1891.3 2
52 760.324 964.607 -1128.4 987.35 4
53 1200.09 1971.78 -802.417 1891.3 2
54 760.324 964.607 -1128.4 987.35 4
55 1200.09 1971.78 -802.417 1891.3 2
56 760.324 964.607 -1128.4 987.35 4
57 RANDOM
58 1012.26 1502.85 -955.831 1382.19 2
59 736.685 891.603 -1140.41 879.029 2
60 760.324 964.607 -1128.4 987.35 4
61 1200.09 1971.78 -802.417 1891.3 2
62 760.324 964.607 -1128.4 987.35 4
63 1200.09 1971.78 -802.417 1891.3 2
64 760.324 964.607 -1128.4 987.35 4
65 1200.09 1971.78 -802.417 1891.3 2
66 760.324 964.607 -1128.4 987.35 4
67 1200.09 1971.78 -802.417 1891.3 2
68 760.324 964.607 -1128.4 987.35 4
69 1200.09 1971.78 -802.417 1891.3 2
70 760.324 964.607 -1128.4 987.35 4
71 1200.09 1971.78 -802.417 1891.3 2
72 760.324 964.607 -1128.4 987.35 4
73 1200.09 1971.78 -802.417 1891.3 2
74 760.324 964.607 -1128.4 987.35 4
75 1200.09 1971.78 -802.417 1891.3 2
76 760.324 964.607 -1128.4 987.35 4
77 1200.09 1971.78 -802.417 1891.3 2
78 760.324 964.607 -1128.4 987.35 4
79 1200.09 1971.78 -802.417 1891.3 2
80 760.324 964.607 -1128.4 987.35 4
81 RANDOM
82 1012.26 1502.85 -955.831 1382.19 2
83 736.685 891.603 -1140.41 879.029 2
84 760.324 964.607 -1128.4 987.35 4
85 1200.09 1971.78 -802.417 1891.3 2
86 760.324 964.607 -1128.4 987.35 4
87 1200.09 1971.78 -802.417 1891.3 2
88 760.324 964.607 -1128.4 987.35 4
89 1200.09 1971.78 -802.417 1891.3 2
90 760.324 964.607 -1128.4 987.35 4
91 1200.09 1971.78 -802.417 1891.3 2
92 760.324 964.607 -1128.4 987.35 4
93 1200.09 1971.78 -802.417 1891.3 2
94 760.324 964.607 -1128.4 987.35 4
95 1200.09 1971.78 -802.417 1891.3 2
96 760.324 964.607 -1128.4 987.35 4
97 1200.09 1971.78 -802.417 1891.3 2
98 760.324 964.607 -1128.4 987.35 4
99 1200.09 1971.78 -802.417 1891.3 2
100 783.173 1005.65 -1146.93 1038.33 4
101 1226.05 2005.67 -821.117 1935.85 2
102 783.173 1005.65 -1146.93 1038.33 4
103 1226.05 2005.67 -821.117 1935.85 2
104 783.173 1005.65 -1146.93 1038.33 4
105 1226.05 2005.67 -821.117 1935.85 2
106 783.173 1005.65 -1146.93 1038.33 4
107 1226.05 2005.67 -821.117 1935.85 2
108 783.173 1005.65 -1146.93 1038.33 4
109 RANDOM
110 1042.57 1542.71 -973.891 1432.43 2
111 762.74 932.285 -1157.9 925.742 2
112 783.173 1005.65 -1146.93 1038.33 4
113 1226.05 2005.67 -821.117 1935.85 2
114 783.173 1005.65 -1146.93 1038.33 4
115 1226.05 2005.67 -821.117 1935.85 2
116 783.173 1005.65 -1146.93 1038.33 4
117 1226.05 2005.67 -821.117 1935.85 2
118 783.173 1005.65 -1146.93 1038.33 4
119 1226.05 2005.67 -821.117 1935.85 2
120 783.173 1005.65 -1146.93 1038.33 4
121 1226.05 2005.67 -821.117 1935.85 2
122 783.173 1005.65 -1146.93 1038.33 4
123 1226.05 2005.67 -821.117 1935.85 2
124 783.173 1005.65 -1146.93 1038.33 4
125 1226.05 2005.67 -821.117 1935.85 2
126 783.173 1005.65 -1146.93 1038.33 4
127 1226.05 2005.67 -821.117 1935.85 2
128 783.173 1005.65 -1146.93 1038.33 4
129 1226.05 2005.67 -821.117 1935.85 2
130 783.173 1005.65 -1146.93 1038.33 4
131 1226.05 2005.67 -821.117 1935.85 2
132 783.173 1005.65 -1146.93 1038.33 4
133 1226.05 2005.67 -821.117 1935.85 2
134 783.173 1005.65 -1146.93 1038.33 4
135 1226.05 2005.67 -821.117 1935.85 2
136 783.173 1005.65 -1146.93 1038.33 4
137 1226.05 2005.67 -821.117 1935.85 2
138 783.173 1005.65 -1146.93 1038.33 4
139 1226.05 2005.67 -821.117 1935.85 2
140 783.173 1005.65 -1146.93 1038.33 4
141 1226.05 2005.67 -821.117 1935.85 2
142 783.173 1005.65 -1146.93 1038.33 4
143 1226.05 2005.67 -821.117 1935.85 2
144 RANDOM
145 255.566 401.699 -771.311 432.64 4
146 1358.1 2353.53 -700.999 2315.93 2
147 255.566 401.699 -771.311 432.64 4
148 1358.1 2353.53 -700.999 2315.93 2
149 255.566 401.699 -771.311 432.64 4
150 1358.1 2353.53 -700.999 2315.93 2
151 255.566 401.699 -771.311 432.64 4
152 1358.1 2353.53 -700.999 2315.93 2
153 255.566 401.699 -771.311 432.64 4
154 1358.1 2353.53 -700.999 2315.93 2
155 255.566 401.699 -771.311 432.64 4
156 1358.1 2353.53 -700.999 2315.93 2
157 255.566 401.699 -771.311 432.64 4
158 1358.1 2353.53 -700.999 2315.93 2
159 255.566 401.699 -771.311 432.64 4
160 1358.1 2353.53 -700.999 2315.93 2
161 255.566 401.699 -771.311 432.64 4
162 1358.1 2353.53 -700.999 2315.93 2
163 255.566 401.699 -771.311 432.64 4
164 1358.1 2353.53 -700.999 2315.93 2
165 255.566 401.699 -771.311 432.64 4
166 1358.1 2353.53 -700.999 2315.93 2
167 255.566 401.699 -771.311 432.64 4
168 1358.1 2353.53 -700.999 2315.93 2
169 255.566 401.699 -771.311 432.64 4
170 1358.1 2353.53 -700.999 2315.93 2
171 255.566 401.699 -771.311 432.64 4
172 1358.1 2353.53 -700.999 2315.93 2
173 255.566 401.699 -771.311 432.64 4
174 1358.1 2353.53 -700.999 2315.93 2
175 255.566 401.699 -771.311 432.64 4
176 1358.1 2353.53 -700.999 2315.93 2
177 RANDOM
178 290.676 416.455 -799.032 467.528 4
179 20.6729 307.349 -658.77 193.201 2
180 290.676 416.455 -799.032 467.528 4
181 20.6729 307.349 -658.77 193.201 2
182 290.676 416.455 -799.032 467.528 4
183 20.6729 307.349 -658.77 193.201 2
184 290.676 416.455 -799.032 467.528 4
185 20.6729 307.349 -658.77 193.201 2
186 290.676 416.455 -799.032 467.528 4
187 20.6729 307.349 -658.77 193.201 2
188 290.676 416.455 -799.032 467.528 4
189 20.6729 307.349 -658.77 193.201 2
190 290.676 416.455 -799.032 467.528 4
191 20.6729 307.349 -658.77 193.201 2
192 290.676 416.455 -799.032 467.528 4
193 20.6729 307.349 -658.77 193.201 2
194 290.676 416.455 -799.032 467.528 4
195 20.6729 307.349 -658.77 193.201 2
196 290.676 416.455 -799.032 467.528 4
197 20.6729 307.349 -658.77 193.201 2
198 290.676 416.455 -799.032 467.528 4
199 20.6729 307.349 -658.77 193.201 2
200 290.676 416.455 -799.032 467.528 4
201 20.6729 307.349 -658.77 193.201 2
202 290.676 416.455 -799.032 467.528 4
203 20.6729 307.349 -658.77 193.201 2
204 290.676 416.455 -799.032 467.528 4
205 20.6729 307.349 -658.77 193.201 2
206 290.676 416.455 -799.032 467.528 4
207 RANDOM
208 1358.1 2353.53 -700.999 2315.93 2
209 255.566 401.699 -771.311 432.64 4
210 1358.1 2353.53 -700.999 2315.93 2
211 255.566 401.699 -771.311 432.64 4
212 1358.1 2353.53 -700.999 2315.93 2
213 255.566 401.699 -771.311 432.64 4
214 1358.1 2353.53 -700.999 2315.93 2
215 255.566 401.699 -771.311 432.64 4
216 1358.1 2353.53 -700.999 2315.93 2
217 255.566 401.699 -771.311 432.64 4
218 1358.1 2353.53 -700.999 2315.93 2
219 255.566 401.699 -771.311 432.64 4
220 1358.1 2353.53 -700.999 2315.93 2
221 255.566 401.699 -771.311 432.64 4
222 1358.1 2353.53 -700.999 2315.93 2
223 255.566 401.699 -771.311 432.64 4
224 1358.1 2353.53 -700.999 2315.93 2
225 255.566 401.699 -771.311 432.64 4
226 1358.1 2353.53 -700.999 2315.93 2
227 255.566 401.699 -771.311 432.64 4
228 1358.1 2353.53 -700.999 2315.93 2
229 255.566 401.699 -771.311 432.64 4
230 1358.1 2353.53 -700.999 2315.93 2
231 255.566 401.699 -771.311 432.64 4
232 1358.1 2353.53 -700.999 2315.93 2
233 255.566 401.699 -771.311 432.64 4
234 1358.1 2353.53 -700.999 2315.93 2
235 255.566 401.699 -771.311 432.64 4
236 1358.1 2353.53 -700.999 2315.93 2
237 255.566 401.699 -771.311 432.64 4
238 1358.1 2353.53 -700.999 2315.93 2
239 RANDOM
240 290.676 416.455 -799.032 467.528 4
241 20.6729 307.349 -658.77 193.201 2
242 290.676 416.455 -799.032 467.528 4
243 20.6729 307.349 -658.77 193.201 2
244 290.676 416.455 -799.032 467.528 4
245 20.6729 307.349 -658.77 193.201 2
246 290.676 416.455 -799.032 467.528 4
247 20.6729 307.349 -658.77 193.201 2
248 290.676 416.455 -799.032 467.528 4
249 20.6729 307.349 -658.77 193.201 2
250 290.676 416.455 -799.032 467.528 4
251 20.6729 307.349 -658.77 193.201 2
252 290.676 416.455 -799.032 467.528 4
253 20.6729 307.349 -658.77 193.201 2
254 290.676 416.455 -799.032 467.528 4
255 20.6729 307.349 -658.77 193.201 2
256 290.676 416.455 -799.032 467.528 4
257 20.6729 307.349 -658.77 193.201 2
258 290.676 416.455 -799.032 467.528 4
259 20.6729 307.349 -658.77 193.201 2
260 290.676 416.455 -799.032 467.528 4
261 20.6729 307.349 -658.77 193.201 2
262 290.676 416.455 -799.032 467.528 4
263 20.6729 307.349 -658.77 193.201 2
264 290.676 416.455 -799.032 467.528 4
265 20.6729 307.349 -658.77 193.201 2
266 290.676 416.455 -799.032 467.528 4
267 20.6729 307.349 -658.77 193.201 2
268 290.676 416.455 -799.032 467.528 4
269 20.6729 307.349 -658.77 193.201 2
270 290.676 416.455 -799.032 467.528 4
271 20.6729 307.349 -658.77 193.201 2
272 290.676 416.455 -799.032 467.528 4
273 20.6729 307.349 -658.77 193.201 2
274 290.676 416.455 -799.032 467.528 4
275 20.6729 307.349 -658.77 193.201 2
276 290.676 416.455 -799.032 467.528 4
277 20.6729 307.349 -658.77 193.201 2
278 290.676 416.455 -799.032 467.528 4
279 20.6729 307.349 -658.77 193.201 2
280 290.676 416.455 -799.032 467.528 4
281 20.6729 307.349 -658.77 193.201 2
282 290.676 416.455 -799.032 467.528 4
283 20.6729 307.349 -658.77 193.201 2
284 290.676 416.455 -799.032 467.528 4
285 RANDOM
286 1358.1 2353.53 -700.999 2315.93 2
287 255.566 401.699 -771.311 432.64 4
288 1358.1 2353.53 -700.999 2315.93 2
289 255.566 401.699 -771.311 432.64 4
290 1358.1 2353.53 -700.999 2315.93 2
291 255.566 401.699 -771.311 432.64 4
292 1358.1 2353.53 -700.999 2315.93 2
293 255.566 401.699 -771.311 432.64 4
294 1358.1 2353.53 -700.999 2315.93 2
295 255.566 401.699 -771.311 432.64 4
296 1358.1 2353.53 -700.999 2315.93 2
297 255.566 401.699 -771.311 432.64 4
298 1358.1 2353.53 -700.999 2315.93 2
299 255.566 401.699 -771.311 432.64 4
300 1358.1 2353.53 -700.999 2315.93 2
301 255.566 401.699 -771.311 432.64 4
302 1358.1 2353.53 -700.999 2315.93 2
303 255.566 401.699 -771.311 432.64 4
304 1358.1 2353.53 -700.999 2315.93 2
305 255.566 401.699 -771.311 432.64 4
306 1358.1 2353.53 -700.999 2315.93 2
307 255.566 401.699 -771.311 432.64 4
308 1358.1 2353.53 -700.999 2315.93 2
309 255.566 401.699 -771.311 432.64 4
310 1358.1 2353.53 -700.999 2315.93 2
311 255.566 401.699 -771.311 432.64 4
312 1358.1 2353.53 -700.999 2315.93 2
313 255.566 401.699 -771.311 432.64 4
314 RANDOM
315 1226.05 2005.67 -821.117 1935.85 2
316 783.173 1005.65 -1146.93 1038.33 4
317 1226.05 2005.67 -821.117 1935.85 2
318 RANDOM
319 255.566 401.699 -771.311 432.64 4
320 1358.1 2353.53 -700.999 2315.93 2
321 255.566 401.699 -771.311 432.64 4
322 1358.1 2353.53 -700.999 2315.93 2
323 255.566 401.699 -771.311 432.64 4
324 1358.1 2353.53 -700.999 2315.93 2
325 255.566 401.699 -771.311 432.64 4
326 1358.1 2353.53 -700.999 2315.93 2
327 255.566 401.699 -771.311 432.64 4
328 RANDOM
329 RANDOM
330 1042.57 1542.71 -973.891 1432.43 2
331 762.74 932.285 -1157.9 925.742 2
332 783.173 1005.65 -1146.93 1038.33 4
333 1226.05 2005.67 -821.117 1935.85 2
334 783.173 1005.65 -1146.93 1038.33 4
335 1226.05 2005.67 -821.117 1935.85 2
336 783.173 1005.65 -1146.93 1038.33 4
337 1226.05 2005.67 -821.117 1935.85 2
338 783.173 1005.65 -1146.93 1038.33 4
339 1226.05 2005.67 -821.117 1935.85 2
340 783.173 1005.65 -1146.93 1038.33 4
341 RANDOM
342 1042.57 1542.71 -973.891 1432.43 2
343 762.74 932.285 -1157.9 925.742 2
344 783.173 1005.65 -1146.93 1038.33 4
345 1226.05 2005.67 -821.117 1935.85 2
346 783.173 1005.65 -1146.93 1038.33 4
347 1226.05 2005.67 -821.117 1935.85 2
348 783.173 1005.65 -1146.93 1038.33 4
349 1226.05 2005.67 -821.117 1935.85 2
350 783.173 1005.65 -1146.93 1038.33 4
351 1226.05 2005.67 -821.117 1935.85 2
352 783.173 1005.65 -1146.93 1038.33 4
353 1226.05 2005.67 -821.117 1935.85 2
354 RANDOM
355 255.566 401.699 -771.311 432.64 4
356 1358.1 2353.53 -700.999 2315.93 2
357 255.566 401.699 -771.311 432.64 4
358 1358.1 2353.53 -700.999 2315.93 2
359 RANDOM
360 290.676 416.455 -799.032 467.528 4
361 20.6729 307.349 -658.77 193.201 2
362 290.676 416.455 -799.032 467.528 4
363 20.6729 307.349 -658.77 193.201 2
364 290.676 416.455 -799.032 467.528 4
365 20.6729 307.349 -658.77 193.201 2
366 290.676 416.455 -799.032 467.528 4
367 20.6729 307.349 -658.77 193.201 2
368 290.676 416.455 -799.032 467.528 4
369 20.6729 307.349 -658.77 193.201 2
370 290.676 416.455 -799.032 467.528 4
371 20.6729 307.349 -658.77 193.201 2
372 290.676 416.455 -799.032 467.528 4
373 20.6729 307.349 -658.77 193.201 2
374 290.676 416.455 -799.032 467.528 4
375 20.6729 307.349 -658.77 193.201 2
376 290.676 416.455 -799.032 467.528 4
377 20.6729 307.349 -658.77 193.201 2
378 290.676 416.455 -799.032 467.528 4
379 20.6729 307.349 -658.77 193.201 2
380 290.676 416.455 -799.032 467.528 4
381 20.6729 307.349 -658.77 193.201 2
382 290.676 416.455 -799.032 467.528 4
383 20.6729 307.349 -658.77 193.201 2
384 290.676 416.455 -799.032 467.528 4
385 20.6729 307.349 -658.77 193.201 2
386 290.676 416.455 -799.032 467.528 4
387 20.6729 307.349 -658.77 193.201 2
388 290.676 416.455 -799.032 467.528 4
389 20.6729 307.349 -658.77 193.201 2
390 290.676 416.455 -799.032 467.528 4
391 20.6729 307.349 -658.77 193.201 2
392 290.676 416.455 -799.032 467.528 4
393 20.6729 307.349 -658.77 193.201 2
394 290.676 416.455 -799.032 467.528 4
395 20.6729 307.349 -658.77 193.201 2
396 290.676 416.455 -799.032 467.528 4
397 20.6729 307.349 -658.77 193.201 2
398 290.676 416.455 -799.032 467.528 4
399 20.6729 307.349 -658.77 193.201 2
400 290.676 416.455 -799.032 467.528 4
401 20.6729 307.349 -658.77 193.201 2
402 290.676 416.455 -799.032 467.528 4
403 20.6729 307.349 -658.77 193.201 2
404 290.676 416.455 -799.032 467.528 4
405 20.6729 307.349 -658.77 193.201 2
406 290.676 416.455 -799.032 467.528 4
407 20.6729 307.349 -658.77 193.201 2
408 290.676 416.455 -799.032 467.528 4
409 20.6729 307.349 -658.77 193.201 2
410 290.676 416.455 -799.032 467.528 4
411 20.6729 307.349 -658.77 193.201 2
412 290.676 416.455 -799.032 467.528 4
413 20.6729 307.349 -658.77 193.201 2
414 RANDOM
415 305.526 438.44 -812.568 502.546 4
416 71.2283 321.998 -718.196 209.855 2
417 305.526 438.44 -812.568 502.546 4
418 71.2283 321.998 -718.196 209.855 2
419 305.526 438.44 -812.568 502.546 4
420 71.2283 321.998 -718.196 209.855 2
421 305.526 438.44 -812.568 502.546 4
422 71.2283 321.998 -718.196 209.855 2
423 305.526 438.44 -812.568 502.546 4
424 71.2283 321.998 -718.196 209.855 2
425 305.526 438.44 -812.568 502.546 4
426 71.2283 321.998 -718.196 209.855 2
427 305.526 438.44 -812.568 502.546 4
428 71.2283 321.998 -718.196 209.855 2
429 305.526 438.44 -812.568 502.546 4
430 71.2283 321.998 -718.196 209.855 2
431 305.526 438.44 -812.568 502.546 4
432 71.2283 321.998 -718.196 209.855 2
433 RANDOM
434 310.044 461.98 -804.766 530.494 4
435 110.248 336.184 -753.313 241.262 2
436 310.044 461.98 -804.766 530.494 4
437 110.248 336.184 -753.313 241.262 2
438 310.044 461.98 -804.766 530.494 4
439 110.248 336.184 -753.313 241.262 2
440 310.044 461.98 -804.766 530.494 4
441 110.248 336.184 -753.313 241.262 2
442 RANDOM
443 252.664 385.448 -760.24 376.832 2
444 278.811 368.875 -773.985 365.161 2
445 276.459 376.642 -767.841 369.426 2
446 359.066 381.79 -749.905 428.582 4
447 211.52 346.328 -723.225 311.196 2
448 359.066 381.79 -749.905 428.582 4
449 211.52 346.328 -723.225 311.196 2
450 359.066 381.79 -749.905 428.582 4
451 211.52 346.328 -723.225 311.196 2
452 359.066 381.79 -749.905 428.582 4
453 211.52 346.328 -723.225 311.196 2
454 359.066 381.79 -749.905 428.582 4
455 211.52 346.328 -723.225 311.196 2
456 359.066 381.79 -749.905 428.582 4
457 211.52 346.328 -723.225 311.196 2
458 359.066 381.79 -749.905 428.582 4
459 211.52 346.328 -723.225 311.196 2
460 359.066 381.79 -749.905 428.582 4
461 211.52 346.328 -723.225 311.196 2
462 359.066 381.79 -749.905 428.582 4
463 211.52 346.328 -723.225 311.196 2
464 359.066 381.79 -749.905 428.582 4
465 211.52 346.328 -723.225 311.196 2
466 359.066 381.79 -749.905 428.582 4
467 211.52 346.328 -723.225 311.196 2
468 359.066 381.79 -749.905 428.582 4
469 211.52 346.328 -723.225 311.196 2
470 359.066 381.79 -749.905 428.582 4
471 211.52 346.328 -723.225 311.196 2
472 359.066 381.79 -749.905 428.582 4
473 211.52 346.328 -723.225 311.196 2
474 359.066 381.79 -749.905 428.582 4
475 211.52 346.328 -723.225 311.196 2
476 359.066 381.79 -749.905 428.582 4
477 211.52 346.328 -723.225 311.196 2
478 359.066 381.79 -749.905 428.582 4
479 211.52 346.328 -723.225 311.196 2
480 359.066 381.79 -749.905 428.582 4
481 211.52 346.328 -723.225 311.196 2
482 359.066 381.79 -749.905 428.582 4
483 211.52 346.328 -723.225 311.196 2
484 359.066 381.79 -749.905 428.582 4
485 211.52 346.328 -723.225 311.196 2
486 359.066 381.79 -749.905 428.582 4
487 211.52 346.328 -723.225 311.196 2
488 359.066 381.79 -749.905 428.582 4
489 211.52 346.328 -723.225 311.196 2
490 359.066 381.79 -749.905 428.582 4
491 211.52 346.328 -723.225 311.196 2
492 359.066 381.79 -749.905 428.582 4
493 211.52 346.328 -723.225 311.196 2
494 359.066 381.79 -749.905 428.582 4
495 RANDOM
496 170.319 333.961 -721.213 262.726 2
497 361.698 338.69 -789.262 380.267 4
498 170.319 333.961 -721.213 262.726 2
499 361.698 338.69 -789.262 380.267 4
500 170.319 333.961 -721.213 262.726 2
501 361.698 338.69 -789.262 380.267 4
502 170.319 333.961 -721.213 262.726 2
503 361.698 338.69 -789.262 380.267 4
504 170.319 333.961 -721.213 262.726 2
505 361.698 338.69 -789.262 380.267 4
506 170.319 333.961 -721.213 262.726 2
507 361.698 338.69 -789.262 380.267 4
508 170.319 333.961 -721.213 262.726 2
509 361.698 338.69 -789.262 380.267 4
510 170.319 333.961 -721.213 262.726 2
511 361.698 338.69 -789.262 380.267 4
512 170.319 333.961 -721.213 262.726 2
513 361.698 338.69 -789.262 380.267 4
514 170.319 333.961 -721.213 262.726 2
515 361.698 338.69 -789.262 380.267 4
516 170.319 333.961 -721.213 262.726 2
517 361.698 338.69 -789.262 380.267 4
518 RANDOM
519 120.253 326.226 -707.139 235.03 2
520 353.392 325.263 -809.759 364.703 4
521 120.253 326.226 -707.139 235.03 2
522 353.392 325.263 -809.759 364.703 4
523 120.253 326.226 -707.139 235.03 2
524 353.392 325.263 -809.759 364.703 4
525 RANDOM
526 195.402 326.86 -816.43 272.006 2
527 313.225 358.515 -797.411 384.805 4
528 195.402 326.86 -816.43 272.006 2
529 313.225 358.515 -797.411 384.805 4
530 195.402 326.86 -816.43 272.006 2
531 313.225 358.515 -797.411 384.805 4
532 195.402 326.86 -816.43 272.006 2
533 313.225 358.515 -797.411 384.805 4
534 195.402 326.86 -816.43 272.006 2
535 313.225 358.515 -797.411 384.805 4
536 195.402 326.86 -816.43 272.006 2
537 313.225 358.515 -797.411 384.805 4
538 195.402 326.86 -816.43 272.006 2
539 313.225 358.515 -797.411 384.805 4
540 195.402 326.86 -816.43 272.006 2
541 313.225 358.515 -797.411 384.805 4
542 195.402 326.86 -816.43 272.006 2
543 RANDOM
544 353.392 325.263 -809.759 364.703 4
545 120.253 326.226 -707.139 235.03 2
546 353.392 325.263 -809.759 364.703 4
547 RANDOM
548 195.402 326.86 -816.43 272.006 2
549 313.225 358.515 -797.411 384.805 4
550 195.402 326.86 -816.43 272.006 2
551 313.225 358.515 -797.411 384.805 4
552 195.402 326.86 -816.43 272.006 2
553 313.225 358.515 -797.411 384.805 4
554 195.402 326.86 -816.43 272.006 2
555 313.225 358.515 -797.411 384.805 4
556 195.402 326.86 -816.43 272.006 2
557 313.225 358.515 -797.411 384.805 4
558 RANDOM
559 RANDOM
560 106.516 296.049 -744.476 177.542 2
561 354.681 404.938 -827.136 482.475 4
562 106.516 296.049 -744.476 177.542 2
563 354.681 404.938 -827.136 482.475 4
564 106.516 296.049 -744.476 177.542 2
565 354.681 404.938 -827.136 482.475 4
566 106.516 296.049 -744.476 177.542 2
567 354.681 404.938 -827.136 482.475 4
568 106.516 296.049 -744.476 177.542 2
569 354.681 404.938 -827.136 482.475 4
570 106.516 296.049 -744.476 177.542 2
571 354.681 404.938 -827.136 482.475 4
572 106.516 296.049 -744.476 177.542 2
573 354.681 404.938 -827.136 482.475 4
574 106.516 296.049 -744.476 177.542 2
575 354.681 404.938 -827.136 482.475 4
576 106.516 296.049 -744.476 177.542 2
577 354.681 404.938 -827.136 482.475 4
578 106.516 296.049 -744.476 177.542 2
579 354.681 404.938 -827.136 482.475 4
580 106.516 296.049 -744.476 177.542 2
581 354.681 404.938 -827.136 482.475 4
582 106.516 296.049 -744.476 177.542 2
583 354.681 404.938 -827.136 482.475 4
584 106.516 296.049 -744.476 177.542 2
585 354.681 404.938 -827.136 482.475 4
586 106.516 296.049 -744.476 177.542 2
587 354.681 404.938 -827.136 482.475 4
588 106.516 296.049 -744.476 177.542 2
589 354.681 404.938 -827.136 482.475 4
590 106.516 296.049 -744.476 177.542 2
591 354.681 404.938 -827.136 482.475 4
592 106.516 296.049 -744.476 177.542 2
593 354.681 404.938 -827.136 482.475 4
594 106.516 296.049 -744.476 177.542 2
595 354.681 404.938 -827.136 482.475 4
596 106.516 296.049 -744.476 177.542 2
597 354.681 404.938 -827.136 482.475 4
598 106.516 296.049 -744.476 177.542 2
599 354.681 404.938 -827.136 482.475 4
600 106.516 296.049 -744.476 177.542 2
601 354.681 404.938 -827.136 482.475 4
602 106.516 296.049 -744.476 177.542 2
603 354.681 404.938 -827.136 482.475 4
604 106.516 296.049 -744.476 177.542 2
605 354.681 404.938 -827.136 482.475 4
606 106.516 296.049 -744.476 177.542 2
607 354.681 404.938 -827.136 482.475 4
608 106.516 296.049 -744.476 177.542 2
609 354.681 404.938 -827.136 482.475 4
610 106.516 296.049 -744.476 177.542 2
611 354.681 404.938 -827.136 482.475 4
612 106.516 296.049 -744.476 177.542 2
613 354.681 404.938 -827.136 482.475 4
614 106.516 296.049 -744.476 177.542 2
615 354.681 404.938 -827.136 482.475 4
616 106.516 296.049 -744.476 177.542 2
617 354.681 404.938 -827.136 482.475 4
618 106.516 296.049 -744.476 177.542 2
619 354.681 404.938 -827.136 482.475 4
620 106.516 296.049 -744.476 177.542 2
621 354.681 404.938 -827.136 482.475 4
622 106.516 296.049 -744.476 177.542 2
623 354.681 404.938 -827.136 482.475 4
624 106.516 296.049 -744.476 177.542 2
625 354.681 404.938 -827.136 482.475 4
626 106.516 296.049 -744.476 177.542 2
627 354.681 404.938 -827.136 482.475 4
628 106.516 296.049 -744.476 177.542 2
629 RANDOM
630 361.002 429.716 -812.856 511.256 4
631 155.714 314.483 -783.884 231.966 2
632 361.002 429.716 -812.856 511.256 4
633 155.714 314.483 -783.884 231.966 2
634 361.002 429.716 -812.856 511.256 4
635 155.714 314.483 -783.884 231.966 2
636 361.002 429.716 -812.856 511.256 4
637 155.714 314.483 -783.884 231.966 2
638 361.002 429.716 -812.856 511.256 4
639 155.714 314.483 -783.884 231.966 2
640 361.002 429.716 -812.856 511.256 4
641 155.714 314.483 -783.884 231.966 2
642 361.002 429.716 -812.856 511.256 4
643 155.714 314.483 -783.884 231.966 2
644 361.002 429.716 -812.856 511.256 4
645 155.714 314.483 -783.884 231.966 2
646 361.002 429.716 -812.856 511.256 4
647 155.714 314.483 -783.884 231.966 2
648 361.002 429.716 -812.856 511.256 4
649 155.714 314.483 -783.884 231.966 2
650 361.002 429.716 -812.856 511.256 4
651 155.714 314.483 -783.884 231.966 2
652 361.002 429.716 -812.856 511.256 4
653 155.714 314.483 -783.884 231.966 2
654 361.002 429.716 -812.856 511.256 4
655 155.714 314.483 -783.884 231.966 2
656 361.002 429.716 -812.856 511.256 4
657 155.714 314.483 -783.884 231.966 2
658 361.002 429.716 -812.856 511.256 4
659 155.714 314.483 -783.884 231.966 2
660 361.002 429.716 -812.856 511.256 4
661 155.714 314.483 -783.884 231.966 2
662 361.002 429.716 -812.856 511.256 4
663 155.714 314.483 -783.884 231.966 2
664 361.002 429.716 -812.856 511.256 4
665 155.714 314.483 -783.884 231.966 2
666 361.002 429.716 -812.856 511.256 4
667 155.714 314.483 -783.884 231.966 2
668 361.002 429.716 -812.856 511.256 4
669 155.714 314.483 -783.884 231.966 2
670 361.002 429.716 -812.856 511.256 4
671 155.714 314.483 -783.884 231.966 2
672 361.002 429.716 -812.856 511.256 4
673 155.714 314.483 -783.884 231.966 2
674 RANDOM
675 313.225 358.515 -797.411 384.805 4
676 195.402 326.86 -816.43 272.006 2
677 313.225 358.515 -797.411 384.805 4
678 195.402 326.86 -816.43 272.006 2
679 313.225 358.515 -797.411 384.805 4
680 195.402 326.86 -816.43 272.006 2
681 313.225 358.515 -797.411 384.805 4
682 195.402 326.86 -816.43 272.006 2
683 313.225 358.515 -797.411 384.805 4
684 195.402 326.86 -816.43 272.006 2
685 313.225 358.515 -797.411 384.805 4
686 195.402 326.86 -816.43 272.006 2
687 313.225 358.515 -797.411 384.805 4
688 195.402 326.86 -816.43 272.006 2
689 313.225 358.515 -797.411 384.805 4
690 195.402 326.86 -816.43 272.006 2
691 313.225 358.515 -797.411 384.805 4
692 195.402 326.86 -816.43 272.006 2
693 313.225 358.515 -797.411 384.805 4
694 195.402 326.86 -816.43 272.006 2
695 313.225 358.515 -797.411 384.805 4
696 195.402 326.86 -816.43 272.006 2
697 313.225 358.515 -797.411 384.805 4
698 195.402 326.86 -816.43 272.006 2
699 313.225 358.515 -797.411 384.805 4
700 195.402 326.86 -816.43 272.006 2
701 313.225 358.515 -797.411 384.805 4
702 195.402 326.86 -816.43 272.006 2
703 313.225 358.515 -797.411 384.805 4
704 195.402 326.86 -816.43 272.006 2
705 313.225 358.515 -797.411 384.805 4
706 195.402 326.86 -816.43 272.006 2
707 313.225 358.515 -797.411 384.805 4
708 195.402 326.86 -816.43 272.006 2
709 313.225 358.515 -797.411 384.805 4
710 195.402 326.86 -816.43 272.006 2
711 313.225 358.515 -797.411 384.805 4
712 195.402 326.86 -816.43 272.006 2
713 313.225 358.515 -797.411 384.805 4
714 195.402 326.86 -816.43 272.006 2
715 313.225 358.515 -797.411 384.805 4
716 195.402 326.86 -816.43 272.006 2
717 313.225 358.515 -797.411 384.805 4
718 195.402 326.86 -816.43 272.006 2
719 313.225 358.515 -797.411 384.805 4
720 195.402 326.86 -816.43 272.006 2
721 313.225 358.515 -797.411 384.805 4
722 195.402 326.86 -816.43 272.006 2
723 313.225 358.515 -797.411 384.805 4
724 195.402 326.86 -816.43 272.006 2
725 313.225 358.515 -797.411 384.805 4
726 195.402 326.86 -816.43 272.006 2
727 RANDOM
728 353.392 325.263 -809.759 364.703 4
729 120.253 326.226 -707.139 235.03 2
730 353.392 325.263 -809.759 364.703 4
731 120.253 326.226 -707.139 235.03 2
732 353.392 325.263 -809.759 364.703 4
733 120.253 326.226 -707.139 235.03 2
734 353.392 325.263 -809.759 364.703 4
735 120.253 326.226 -707.139 235.03 2
736 353.392 325.263 -809.759 364.703 4
737 120.253 326.226 -707.139 235.03 2
738 353.392 325.263 -809.759 364.703 4
739 120.253 326.226 -707.139 235.03 2
740 353.392 325.263 -809.759 364.703 4
741 120.253 326.226 -707.139 235.03 2
742 353.392 325.263 -809.759 364.703 4
743 120.253 326.226 -707.139 235.03 2
744 353.392 325.263 -809.759 364.703 4
745 120.253 326.226 -707.139 235.03 2
746 353.392 325.263 -809.759 364.703 4
747 120.253 326.226 -707.139 235.03 2
748 353.392 325.263 -809.759 364.703 4
749 120.253 326.226 -707.139 235.03 2
750 353.392 325.263 -809.759 364.703 4
751 120.253 326.226 -707.139 235.03 2
752 353.392 325.263 -809.759 364.703 4
753 120.253 326.226 -707.139 235.03 2
754 353.392 325.263 -809.759 364.703 4
755 120.253 326.226 -707.139 235.03 2
756 353.392 325.263 -809.759 364.703 4
757 120.253 326.226 -707.139 235.03 2
758 353.392 325.263 -809.759 364.703 4
759 120.253 326.226 -707.139 235.03 2
760 353.392 325.263 -809.759 364.703 4
761 120.253 326.226 -707.139 235.03 2
762 353.392 325.263 -809.759 364.703 4
763 120.253 326.226 -707.139 235.03 2
764 353.392 325.263 -809.759 364.703 4
765 120.253 326.226 -707.139 235.03 2
766 353.392 325.263 -809.759 364.703 4
767 120.253 326.226 -707.139 235.03 2
768 353.392 325.263 -809.759 364.703 4
769 120.253 326.226 -707.139 235.03 2
770 353.392 325.263 -809.759 364.703 4
771 120.253 326.226 -707.139 235.03 2
772 353.392 325.263 -809.759 364.703 4
773 120.253 326.226 -707.139 235.03 2
774 353.392 325.263 -809.759 364.703 4
775 120.253 326.226 -707.139 235.03 2
776 353.392 325.263 -809.759 364.703 4
777 120.253 326.226 -707.139 235.03 2
778 353.392 325.263 -809.759 364.703 4
779 120.253 326.226 -707.139 235.03 2
780 353.392 325.263 -809.759 364.703 4
781 120.253 326.226 -707.139 235.03 2
782 353.392 325.263 -809.759 364.703 4
783 120.253 326.226 -707.139 235.03 2
784 RANDOM
785 361.698 338.69 -789.262 380.267 4
786 170.319 333.961 -721.213 262.726 2
787 361.698 338.69 -789.262 380.267 4
788 170.319 333.961 -721.213 262.726 2
789 361.698 338.69 -789.262 380.267 4
790 170.319 333.961 -721.213 262.726 2
791 361.698 338.69 -789.262 380.267 4
792 170.319 333.961 -721.213 262.726 2
793 361.698 338.69 -789.262 380.267 4
794 170.319 333.961 -721.213 262.726 2
795 361.698 338.69 -789.262 380.267 4
796 170.319 333.961 -721.213 262.726 2
797 361.698 338.69 -789.262 380.267 4
798 170.319 333.961 -721.213 262.726 2
799 361.698 338.69 -789.262 380.267 4
800 170.319 333.961 -721.213 262.726 2
801 361.698 338.69 -789.262 380.267 4
802 170.319 333.961 -721.213 262.726 2
803 361.698 338.69 -789.262 380.267 4
804 170.319 333.961 -721.213 262.726 2
805 361.698 338.69 -789.262 380.267 4
806 170.319 333.961 -721.213 262.726 2
807 361.698 338.69 -789.262 380.267 4
808 170.319 333.961 -721.213 262.726 2
809 361.698 338.69 -789.262 380.267 4
810 170.319 333.961 -721.213 262.726 2
811 361.698 338.69 -789.262 380.267 4
812 170.319 333.961 -721.213 262.726 2
813 361.698 338.69 -789.262 380.267 4
814 170.319 333.961 -721.213 262.726 2
815 361.698 338.69 -789.262 380.267 4
816 170.319 333.961 -721.213 262.726 2
817 361.698 338.69 -789.262 380.267 4
818 170.319 333.961 -721.213 262.726 2
819 RANDOM
820 359.066 381.79 -749.905 428.582 4
821 211.52 346.328 -723.225 311.196 2
822 359.066 381.79 -749.905 428.582 4
823 211.52 346.328 -723.225 311.196 2
824 359.066 381.79 -749.905 428.582 4
825 211.52 346.328 -723.225 311.196 2
826 359.066 381.79 -749.905 428.582 4
827 211.52 346.328 -723.225 311.196 2
828 359.066 381.79 -749.905 428.582 4
829 211.52 346.328 -723.225 311.196 2
830 359.066 381.79 -749.905 428.582 4
831 211.52 346.328 -723.225 311.196 2
832 359.066 381.79 -749.905 428.582 4
833 211.52 346.328 -723.225 311.196 2
834 359.066 381.79 -749.905 428.582 4
835 211.52 346.328 -723.225 311.196 2
836 359.066 381.79 -749.905 428.582 4
837 211.52 346.328 -723.225 311.196 2
838 359.066 381.79 -749.905 428.582 4
839 RANDOM
840 170.319 333.961 -721.213 262.726 2
841 RANDOM
842 359.066 381.79 -749.905 428.582 4
843 211.52 346.328 -723.225 311.196 2
844 359.066 381.79 -749.905 428.582 4
845 211.52 346.328 -723.225 311.196 2
846 359.066 381.79 -749.905 428.582 4
847 211.52 346.328 -723.225 311.196 2
848 359.066 381.79 -749.905 428.582 4
849 211.52 346.328 -723.225 311.196 2
850 359.066 381.79 -749.905 428.582 4
851 211.52 346.328 -723.225 311.196 2
852 359.066 381.79 -749.905 428.582 4
853 211.52 346.328 -723.225 311.196 2
854 359.066 381.79 -749.905 428.582 4
855 211.52 346.328 -723.225 311.196 2
856 359.066 381.79 -749.905 428.582 4
857 211.52 346.328 -723.225 311.196 2
858 359.066 381.79 -749.905 428.582 4
859 RANDOM
860 170.319 333.961 -721.213 262.726 2
861 361.698 338.69 -789.262 380.267 4
862 170.319 333.961 -721.213 262.726 2
863 361.698 338.69 -789.262 380.267 4
864 170.319 333.961 -721.213 262.726 2
865 361.698 338.69 -789.262 380.267 4
866 170.319 333.961 -721.213 262.726 2
867 361.698 338.69 -789.262 380.267 4
868 170.319 333.961 -721.213 262.726 2
869 361.698 338.69 -789.262 380.267 4
870 170.319 333.961 -721.213 262.726 2
871 361.698 338.69 -789.262 380.267 4
872 170.319 333.961 -721.213 262.726 2
873 361.698 338.69 -789.262 380.267 4
874 170.319 333.961 -721.213 262.726 2
875 361.698 338.69 -789.262 380.267 4
876 170.319 333.961 -721.213 262.726 2
877 361.698 338.69 -789.262 380.267 4
878 170.319 333.961 -721.213 262.726 2
879 361.698 338.69 -789.262 380.267 4
880 170.319 333.961 -721.213 262.726 2
881 361.698 338.69 -789.262 380.267 4
882 170.319 333.961 -721.213 262.726 2
883 361.698 338.69 -789.262 380.267 4
884 170.319 333.961 -721.213 262.726 2
885 361.698 338.69 -789.262 380.267 4
886 170.319 333.961 -721.213 262.726 2
887 361.698 338.69 -789.262 380.267 4
888 170.319 333.961 -721.213 262.726 2
889 361.698 338.69 -789.262 380.267 4
890 170.319 333.961 -721.213 262.726 2
891 361.698 338.69 -789.262 380.267 4
892 170.319 333.961 -721.213 262.726 2
893 361.698 338.69 -789.262 380.267 4
894 170.319 333.961 -721.213 262.726 2
895 361.698 338.69 -789.262 380.267 4
896 170.319 333.961 -721.213 262.726 2
897 361.698 338.69 -789.262 380.267 4
898 170.319 333.961 -721.213 262.726 2
899 RANDOM
900 359.066 381.79 -749.905 428.582 4
901 211.52 346.328 -723.225 311.196 2
902 359.066 381.79 -749.905 428.582 4
903 211.52 346.328 -723.225 311.196 2
904 359.066 381.79 -749.905 428.582 4
905 211.52 346.328 -723.225 311.196 2
906 359.066 381.79 -749.905 428.582 4
907 211.52 346.328 -723.225 311.196 2
908 359.066 381.79 -749.905 428.582 4
909 211.52 346.328 -723.225 311.196 2
910 359.066 381.79 -749.905 428.582 4
911 211.52 346.328 -723.225 311.196 2
912 359.066 381.79 -749.905 428.582 4
913 211.52 346.328 -723.225 311.196 2
914 359.066 381.79 -749.905 428.582 4
915 211.52 346.328 -723.225 311.196 2
916 359.066 381.79 -749.905 428.582 4
917 211.52 346.328 -723.225 311.196 2
918 359.066 381.79 -749.905 428.582 4
919 211.52 346.328 -723.225 311.196 2
920 359.066 381.79 -749.905 428.582 4
921 211.52 346.328 -723.225 311.196 2
922 359.066 381.79 -749.905 428.582 4
923 211.52 346.328 -723.225 311.196 2
924 359.066 381.79 -749.905 428.582 4
925 211.52 346.328 -723.225 311.196 2
926 359.066 381.79 -749.905 428.582 4
927 211.52 346.328 -723.225 311.196 2
928 359.066 381.79 -749.905 428.582 4
929 211.52 346.328 -723.225 311.196 2
930 359.066 381.79 -749.905 428.582 4
931 211.52 346.328 -723.225 311.196 2
932 359.066 381.79 -749.905 428.582 4
933 211.52 346.328 -723.225 311.196 2
934 359.066 381.79 -749.905 428.582 4
935 211.52 346.328 -723.225 311.196 2
936 359.066 381.79 -749.905 428.582 4
937 211.52 346.328 -723.225 311.196 2
938 359.066 381.79 -749.905 428.582 4
939 211.52 346.328 -723.225 311.196 2
940 359.066 381.79 -749.905 428.582 4
941 211.52 346.328 -723.225 311.196 2
942 359.066 381.79 -749.905 428.582 4
943 211.52 346.328 -723.225 311.196 2
944 359.066 381.79 -749.905 428.582 4
945 211.52 346.328 -723.225 311.196 2
946 359.066 381.79 -749.905 428.582 4
947 211.52 346.328 -723.225 311.196 2
948 359.066 381.79 -749.905 428.582 4
949 211.52 346.328 -723.225 311.196 2
950 359.066 381.79 -749.905 428.582 4
951 211.52 346.328 -723.225 311.196 2
952 359.066 381.79 -749.905 428.582 4
953 211.52 346.328 -723.225 311.196 2
954 359.066 381.79 -749.905 428.582 4
955 211.52 346.328 -723.225 311.196 2
956 359.066 381.79 -749.905 428.582 4
957 211.52 346.328 -723.225 311.196 2
958 359.066 381.79 -749.905 428.582 4
959 211.52 346.328 -723.225 311.196 2
960 359.066 381.79 -749.905 428.582 4
961 211.52 346.328 -723.225 311.196 2
962 359.066 381.79 -749.905 428.582 4
963 211.52 346.328 -723.225 311.196 2
964 359.066 381.79 -749.905 428.582 4
965 211.52 346.328 -723.225 311.196 2
966 359.066 381.79 -749.905 428.582 4
967 211.52 346.328 -723.225 311.196 2
968 359.066 381.79 -749.905 428.582 4
969 211.52 346.328 -723.225 311.196 2
970 359.066 381.79 -749.905 428.582 4
971 211.52 346.328 -723.225 311.196 2
972 359.066 381.79 -749.905 428.582 4
973 211.52 346.328 -723.225 311.196 2
974 359.066 381.79 -749.905 428.582 4
975 211.52 346.328 -723.225 311.196 2
976 359.066 381.79 -749.905 428.582 4
977 211.52 346.328 -723.225 311.196 2
978 359.066 381.79 -749.905 428.582 4
979 211.52 346.328 -723.225 311.196 2
980 359.066 381.79 -749.905 428.582 4
981 211.52 346.328 -723.225 311.196 2
982 359.066 381.79 -749.905 428.582 4
983 211.52 346.328 -723.225 311.196 2
984 359.066 381.79 -749.905 428.582 4
985 RANDOM
986 170.319 333.961 -721.213 262.726 2
987 361.698 338.69 -789.262 380.267 4
988 170.319 333.961 -721.213 262.726 2
989 RANDOM
990 359.066 381.79 -749.905 428.582 4
991 211.52 346.328 -723.225 311.196 2
992 359.066 381.79 -749.905 428.582 4
993 211.52 346.328 -723.225 311.196 2
994 359.066 381.79 -749.905 428.582 4
995 211.52 346.328 -723.225 311.196 2
996 359.066 381.79 -749.905 428.582 4
997 211.52 346.328 -723.225 311.196 2
998 359.066 381.79 -749.905 428.582 4
999 211.52 346.328 -723.225 311.196 2
1000 359.066 381.79 -749.905 428.582 4
1001 211.52 346.328 -723.225 311.196 2
1002 359.066 381.79 -749.905 428.582 4
1003 211.52 346.328 -723.225 311.196 2
1004 359.066 381.79 -749.905 428.582 4
1005 211.52 346.328 -723.225 311.196 2
1006 359.066 381.79 -749.905 428.582 4
1007 211.52 346.328 -723.225 311.196 2
1008 359.066 381.79 -749.905 428.582 4
1009 211.52 346.328 -723.225 311.196 2
1010 359.066 381.79 -749.905 428.582 4
1011 211.52 346.328 -723.225 311.196 2
1012 359.066 381.79 -749.905 428.582 4
1013 211.52 346.328 -723.225 311.196 2
1014 359.066 381.79 -749.905 428.582 4
1015 211.52 346.328 -723.225 311.196 2
1016 359.066 381.79 -749.905 428.582 4
1017 211.52 346.328 -723.225 311.196 2
1018 359.066 381.79 -749.905 428.582 4
1019 211.52 346.328 -723.225 311.196 2
1020 359.066 381.79 -749.905 428.582 4
1021 211.52 346.328 -723.225 311.196 2
1022 359.066 381.79 -749.905 428.582 4
1023 211.52 346.328 -723.225 311.196 2
1024 359.066 381.79 -749.905 428.582 4
1025 211.52 346.328 -723.225 311.196 2
1026 359.066 381.79 -749.905 428.582 4
1027 211.52 346.328 -723.225 311.196 2
1028 359.066 381.79 -749.905 428.582 4
1029 211.52 346.328 -723.225 311.196 2
1030 359.066 381.79 -749.905 428.582 4
1031 211.52 346.328 -723.225 311.196 2
1032 359.066 381.79 -749.905 428.582 4
1033 211.52 346.328 -723.225 311.196 2
1034 359.066 381.79 -749.905 428.582 4
1035 211.52 346.328 -723.225 311.196 2
1036 359.066 381.79 -749.905 428.582 4
1037 211.52 346.328 -723.225 311.196 2
1038 359.066 381.79 -749.905 428.582 4
1039 211.52 346.328 -723.225 311.196 2
1040 359.066 381.79 -749.905 428.582 4
1041 211.52 346.328 -723.225 311.196 2
1042 359.066 381.79 -749.905 428.582 4
1043 211.52 346.328 -723.225 311.196 2
1044 359.066 381.79 -749.905 428.582 4
1045 211.52 346.328 -723.225 311.196 2
1046 359.066 381.79 -749.905 428.582 4
1047 211.52 346.328 -723.225 311.196 2
1048 359.066 381.79 -749.905 428.582 4
1049 211.52 346.328 -723.225 311.196 2
1050 359.066 381.79 -749.905 428.582 4
1051 211.52 346.328 -723.225 311.196 2
1052 359.066 381.79 -749.905 428.582 4
1053 RANDOM
1054 170.319 333.961 -721.213 262.726 2
1055 361.698 338.69 -789.262 380.267 4
1056 170.319 333.961 -721.213 262.726 2
1057 361.698 338.69 -789.262 380.267 4
1058 170.319 333.961 -721.213 262.726 2
1059 361.698 338.69 -789.262 380.267 4
1060 170.319 333.961 -721.213 262.726 2
1061 361.698 338.69 -789.262 380.267 4
1062 170.319 333.961 -721.213 262.726 2
1063 361.698 338.69 -789.262 380.267 4
1064 170.319 333.961 -721.213 262.726 2
1065 361.698 338.69 -789.262 380.267 4
1066 170.319 333.961 -721.213 262.726 2
1067 361.698 338.69 -789.262 380.267 4
1068 170.319 333.961 -721.213 262.726 2
1069 361.698 338.69 -789.262 380.267 4
1070 170.319 333.961 -721.213 262.726 2
1071 361.698 338.69 -789.262 380.267 4
1072 170.319 333.961 -721.213 262.726 2
1073 361.698 338.69 -789.262 380.267 4
1074 170.319 333.961 -721.213 262.726 2
1075 361.698 338.69 -789.262 380.267 4
1076 170.319 333.961 -721.213 262.726 2
1077 361.698 338.69 -789.262 380.267 4
1078 170.319 333.961 -721.213 262.726 2
1079 361.698 338.69 -789.262 380.267 4
1080 170.319 333.961 -721.213 262.726 2
1081 361.698 338.69 -789.262 380.267 4
1082 170.319 333.961 -721.213 262.726 2
1083 361.698 338.69 -789.262 380.267 4
1084 170.319 333.961 -721.213 262.726 2
1085 361.698 338.69 -789.262 380.267 4
1086 170.319 333.961 -721.213 262.726 2
1087 361.698 338.69 -789.262 380.267 4
1088 170.319 333.961 -721.213 262.726 2
1089 361.698 338.69 -789.262 380.267 4
1090 RANDOM
1091 120.253 326.226 -707.139 235.03 2
1092 353.392 325.263 -809.759 364.703 4
1093 120.253 326.226 -707.139 235.03 2
1094 353.392 325.263 -809.759 364.703 4
1095 120.253 326.226 -707.139 235.03 2
1096 353.392 325.263 -809.759 364.703 4
1097 120.253 326.226 -707.139 235.03 2
1098 353.392 325.263 -809.759 364.703 4
1099 120.253 326.226 -707.139 235.03 2
1100 353.392 325.263 -809.759 364.703 4
1101 120.253 326.226 -707.139 235.03 2
1102 RANDOM
1103 361.698 338.69 -789.262 380.267 4
1104 170.319 333.961 -721.213 262.726 2
1105 RANDOM
1106 359.066 381.79 -749.905 428.582 4
1107 211.52 346.328 -723.225 311.196 2
1108 359.066 381.79 -749.905 428.582 4
1109 211.52 346.328 -723.225 311.196 2
1110 359.066 381.79 -749.905 428.582 4
1111 211.52 346.328 -723.225 311.196 2
1112 359.066 381.79 -749.905 428.582 4
1113 211.52 346.328 -723.225 311.196 2
1114 359.066 381.79 -749.905 428.582 4
1115 211.52 346.328 -723.225 311.196 2
1116 359.066 381.79 -749.905 428.582 4
1117 211.52 346.328 -723.225 311.196 2
1118 359.066 381.79 -749.905 428.582 4
1119 211.52 346.328 -723.225 311.196 2
1120 359.066 381.79 -749.905 428.582 4
1121 211.52 346.328 -723.225 311.196 2
1122 359.066 381.79 -749.905 428.582 4
1123 211.52 346.328 -723.225 311.196 2
1124 359.066 381.79 -749.905 428.582 4
1125 211.52 346.328 -723.225 311.196 2
1126 359.066 381.79 -749.905 428.582 4
1127 211.52 346.328 -723.225 311.196 2
1128 359.066 381.79 -749.905 428.582 4
1129 211.52 346.328 -723.225 311.196 2
1130 359.066 381.79 -749.905 428.582 4
1131 211.52 346.328 -723.225 311.196 2
1132 RANDOM
1133 344.23 432.833 -741.112 462.359 4
1134 198.551 337.831 -692.442 296.419 2
