0 75.5403 75.5841 72.8216 81.331 4
1 78.6324 77.3784 68.6384 87.3929 4
2 82.0825 81.2628 73.9926 90.4422 4
3 82.6562 81.7904 74.0583 91.4253 4
4 83.3917 82.4685 74.1984 92.6382 4
5 84.5115 83.5026 74.5316 94.4101 4
6 81.2027 80.4167 73.7152 89.3389 4
7 81.9213 81.0876 73.8107 90.601 4
8 82.8521 81.9533 73.9896 92.2069 4
9 84.1269 83.1544 74.3712 94.2911 4
10 87.0664 86.3353 77.8995 98.5099 4
11 88.6981 87.9194 78.8448 100.894 4
12 90.7682 89.9429 80.1029 103.942 4
13 RANDOM
14 89.4487 88.7645 79.7801 102.008 4
15 RANDOM
16 92.4799 91.7494 81.591 106.495 4
17 94.5737 93.8102 82.8537 109.639 4
18 85.926 85.3354 78.4083 96.9932 4
19 87.4378 86.8523 79.3259 99.2965 4
20 89.471 88.8883 80.583 102.375 4
21 92.2937 91.695 82.3839 106.588 4
22 88.1197 87.5272 79.7049 100.148 4
23 89.5709 88.9704 80.6177 102.307 4
24 91.7064 91.087 81.9803 105.469 4
25 94.4543 93.8069 83.7624 109.52 4
26 85.4167 85.987 79.2047 97.2186 4
27 86.5683 87.2559 79.9877 99.0997 4
28 88.1074 88.9435 81.0451 101.584 4
29 90.5801 91.6064 82.8638 105.413 4
30 89.7723 91.2017 83.5941 103.362 4
31 92.0766 93.7503 85.3736 106.849 4
32 95.2662 97.2615 87.9793 111.522 4
33 99.4647 101.887 91.4591 117.643 4
34 90.5119 93.5014 86.1338 105.067 4
35 92.6236 95.9921 87.8277 108.412 4
36 96.4027 100.29 90.8928 114.065 4
37 101.47 105.96 95.0193 121.469 4
38 91.1893 94.3854 86.6058 106.216 4
39 93.4944 97.0377 88.5272 109.613 4
40 97.3338 101.297 91.8839 114.841 4
41 102.204 106.693 95.9655 121.676 4
42 92.9137 99.0792 89.0324 113.374 4
43 96.1046 102.784 91.6161 118.009 4
44 100.769 108.093 95.4562 124.548 4
45 107.136 115.23 100.776 133.232 4
46 100.433 109.093 96.4855 126.369 4
47 103.433 112.557 98.8491 130.602 4
48 108.773 118.604 103.222 137.92 4
49 117.413 128.002 110.353 149.038 4
50 122.088 133.483 116.226 155.382 4
51 122.088 133.483 116.226 155.382 4
