0 3784.48 4069.82 3952.17 4249.43 4
1 3655.67 3972.01 3894.49 3858.86 2
2 3784.48 4069.82 3952.17 4249.43 4
3 3655.67 3972.01 3894.49 3858.86 2
4 3784.48 4069.82 3952.17 4249.43 4
5 3655.67 3972.01 3894.49 3858.86 2
6 3784.48 4069.82 3952.17 4249.43 4
7 3655.67 3972.01 3894.49 3858.86 2
8 3784.48 4069.82 3952.17 4249.43 4
9 3655.67 3972.01 3894.49 3858.86 2
10 3784.48 4069.82 3952.17 4249.43 4
11 3655.67 3972.01 3894.49 3858.86 2
12 3784.48 4069.82 3952.17 4249.43 4
13 3655.67 3972.01 3894.49 3858.86 2
14 3784.48 4069.82 3952.17 4249.43 4
15 3655.67 3972.01 3894.49 3858.86 2
16 3784.48 4069.82 3952.17 4249.43 4
17 3655.67 3972.01 3894.49 3858.86 2
18 3784.48 4069.82 3952.17 4249.43 4
19 3655.67 3972.01 3894.49 3858.86 2
20 3784.48 4069.82 3952.17 4249.43 4
21 3655.67 3972.01 3894.49 3858.86 2
22 3784.48 4069.82 3952.17 4249.43 4
23 3655.67 3972.01 3894.49 3858.86 2
24 3784.48 4069.82 3952.17 4249.43 4
25 3655.67 3972.01 3894.49 3858.86 2
26 3784.48 4069.82 3952.17 4249.43 4
27 3655.67 3972.01 3894.49 3858.86 2
28 3784.48 4069.82 3952.17 4249.43 4
29 3655.67 3972.01 3894.49 3858.86 2
30 3784.48 4069.82 3952.17 4249.43 4
31 3655.67 3972.01 3894.49 3858.86 2
32 3784.48 4069.82 3952.17 4249.43 4
33 3655.67 3972.01 3894.49 3858.86 2
34 3784.48 4069.82 3952.17 4249.43 4
35 3655.67 3972.01 3894.49 3858.86 2
36 3784.48 4069.82 3952.17 4249.43 4
37 3655.67 3972.01 3894.49 3858.86 2
38 3784.48 4069.82 3952.17 4249.43 4
39 3655.67 3972.01 3894.49 3858.86 2
40 3859.12 4153.0 4025.44 4354.5 4
41 3726.12 4047.29 3958.73 3954.56 2
42 3859.12 4153.0 4025.44 4354.5 4
43 3726.12 4047.29 3958.73 3954.56 2
44 3859.12 4153.0 4025.44 4354.5 4
45 3726.12 4047.29 3958.73 3954.56 2
46 3859.12 4153.0 4025.44 4354.5 4
47 3726.12 4047.29 3958.73 3954.56 2
48 3859.12 4153.0 4025.44 4354.5 4
49 3726.12 4047.29 3958.73 3954.56 2
50 3859.12 4153.0 4025.44 4354.5 4
51 3726.12 4047.29 3958.73 3954.56 2
52 RANDOM
53 4012.76 4357.35 4197.92 4636.7 4
54 3869.1 4223.97 4093.5 4214.08 2
55 4012.76 4357.35 4197.92 4636.7 4
56 3869.1 4223.97 4093.5 4214.08 2
57 4012.76 4357.35 4197.92 4636.7 4
58 3869.1 4223.97 4093.5 4214.08 2
59 4012.76 4357.35 4197.92 4636.7 4
60 3869.1 4223.97 4093.5 4214.08 2
61 4012.76 4357.35 4197.92 4636.7 4
62 3869.1 4223.97 4093.5 4214.08 2
63 4012.76 4357.35 4197.92 4636.7 4
64 3869.1 4223.97 4093.5 4214.08 2
65 4012.76 4357.35 4197.92 4636.7 4
66 3869.1 4223.97 4093.5 4214.08 2
67 4012.76 4357.35 4197.92 4636.7 4
68 3869.1 4223.97 4093.5 4214.08 2
69 4012.76 4357.35 4197.92 4636.7 4
70 3869.1 4223.97 4093.5 4214.08 2
71 4012.76 4357.35 4197.92 4636.7 4
72 3869.1 4223.97 4093.5 4214.08 2
73 4012.76 4357.35 4197.92 4636.7 4
74 3869.1 4223.97 4093.5 4214.08 2
75 4012.76 4357.35 4197.92 4636.7 4
76 3869.1 4223.97 4093.5 4214.08 2
77 4012.76 4357.35 4197.92 4636.7 4
78 3869.1 4223.97 4093.5 4214.08 2
79 4012.76 4357.35 4197.92 4636.7 4
80 3869.1 4223.97 4093.5 4214.08 2
81 4012.76 4357.35 4197.92 4636.7 4
82 3869.1 4223.97 4093.5 4214.08 2
83 4012.76 4357.35 4197.92 4636.7 4
84 3869.1 4223.97 4093.5 4214.08 2
85 4012.76 4357.35 4197.92 4636.7 4
86 3869.1 4223.97 4093.5 4214.08 2
87 4012.76 4357.35 4197.92 4636.7 4
88 3869.1 4223.97 4093.5 4214.08 2
89 4012.76 4357.35 4197.92 4636.7 4
90 3869.1 4223.97 4093.5 4214.08 2
91 4012.76 4357.35 4197.92 4636.7 4
92 3869.1 4223.97 4093.5 4214.08 2
93 4012.76 4357.35 4197.92 4636.7 4
94 3869.1 4223.97 4093.5 4214.08 2
95 4012.76 4357.35 4197.92 4636.7 4
96 3869.1 4223.97 4093.5 4214.08 2
97 4012.76 4357.35 4197.92 4636.7 4
98 3869.1 4223.97 4093.5 4214.08 2
99 RANDOM
100 4067.73 4472.75 4282.89 4794.0 4
101 3957.32 4368.2 4190.47 4421.99 4
102 3785.08 4150.56 4022.86 4114.68 2
103 3926.58 4278.66 4121.17 4531.23 4
104 3785.08 4150.56 4022.86 4114.68 2
105 3926.58 4278.66 4121.17 4531.23 4
106 3785.08 4150.56 4022.86 4114.68 2
107 3926.58 4278.66 4121.17 4531.23 4
108 3785.08 4150.56 4022.86 4114.68 2
109 3926.58 4278.66 4121.17 4531.23 4
110 3785.08 4150.56 4022.86 4114.68 2
111 3926.58 4278.66 4121.17 4531.23 4
112 3785.08 4150.56 4022.86 4114.68 2
113 3926.58 4278.66 4121.17 4531.23 4
114 3785.08 4150.56 4022.86 4114.68 2
115 3926.58 4278.66 4121.17 4531.23 4
116 RANDOM
117 3642.92 3974.68 3888.78 3856.34 2
118 3772.89 4073.92 3948.49 4248.5 4
119 3642.92 3974.68 3888.78 3856.34 2
120 3772.89 4073.92 3948.49 4248.5 4
121 3642.92 3974.68 3888.78 3856.34 2
122 3772.89 4073.92 3948.49 4248.5 4
123 3642.92 3974.68 3888.78 3856.34 2
124 3772.89 4073.92 3948.49 4248.5 4
125 3642.92 3974.68 3888.78 3856.34 2
126 3772.89 4073.92 3948.49 4248.5 4
127 3642.92 3974.68 3888.78 3856.34 2
128 3772.89 4073.92 3948.49 4248.5 4
129 3642.92 3974.68 3888.78 3856.34 2
130 3772.89 4073.92 3948.49 4248.5 4
131 RANDOM
132 4753.89 5901.5 5297.8 6070.14 4
133 4542.68 5673.87 5097.59 5762.27 4
134 4312.44 5375.97 4851.3 5386.92 4
135 4140.17 5131.5 4656.64 5085.65 2
136 RANDOM
137 4465.51 5372.78 4896.85 5700.34 4
138 4312.44 5375.97 4851.3 5386.92 4
139 4140.17 5131.5 4656.64 5085.65 2
140 RANDOM
141 4465.51 5372.78 4896.85 5700.34 4
142 4312.44 5375.97 4851.3 5386.92 4
143 4140.17 5131.5 4656.64 5085.65 2
144 4225.78 5052.92 4636.26 5244.5 4
145 4140.17 5131.5 4656.64 5085.65 2
146 4225.78 5052.92 4636.26 5244.5 4
147 4140.17 5131.5 4656.64 5085.65 2
148 4225.78 5052.92 4636.26 5244.5 4
149 4140.17 5131.5 4656.64 5085.65 2
150 4225.78 5052.92 4636.26 5244.5 4
151 4140.17 5131.5 4656.64 5085.65 2
152 4225.78 5052.92 4636.26 5244.5 4
153 4140.17 5131.5 4656.64 5085.65 2
154 4225.78 5052.92 4636.26 5244.5 4
155 4140.17 5131.5 4656.64 5085.65 2
156 RANDOM
157 4465.51 5372.78 4896.85 5700.34 4
158 4312.44 5375.97 4851.3 5386.92 4
159 4140.17 5131.5 4656.64 5085.65 2
160 4225.78 5052.92 4636.26 5244.5 4
161 4140.17 5131.5 4656.64 5085.65 2
162 4225.78 5052.92 4636.26 5244.5 4
163 4140.17 5131.5 4656.64 5085.65 2
164 4225.78 5052.92 4636.26 5244.5 4
165 4140.17 5131.5 4656.64 5085.65 2
166 4225.78 5052.92 4636.26 5244.5 4
167 4140.17 5131.5 4656.64 5085.65 2
168 4225.78 5052.92 4636.26 5244.5 4
169 4140.17 5131.5 4656.64 5085.65 2
170 4225.78 5052.92 4636.26 5244.5 4
171 4140.17 5131.5 4656.64 5085.65 2
172 4225.78 5052.92 4636.26 5244.5 4
173 4140.17 5131.5 4656.64 5085.65 2
174 4225.78 5052.92 4636.26 5244.5 4
175 4140.17 5131.5 4656.64 5085.65 2
176 4225.78 5052.92 4636.26 5244.5 4
177 4140.17 5131.5 4656.64 5085.65 2
178 4225.78 5052.92 4636.26 5244.5 4
179 4140.17 5131.5 4656.64 5085.65 2
180 4225.78 5052.92 4636.26 5244.5 4
181 4140.17 5131.5 4656.64 5085.65 2
182 4225.78 5052.92 4636.26 5244.5 4
183 4140.17 5131.5 4656.64 5085.65 2
184 4225.78 5052.92 4636.26 5244.5 4
185 4140.17 5131.5 4656.64 5085.65 2
186 4225.78 5052.92 4636.26 5244.5 4
187 4140.17 5131.5 4656.64 5085.65 2
188 4225.78 5052.92 4636.26 5244.5 4
189 4140.17 5131.5 4656.64 5085.65 2
190 4225.78 5052.92 4636.26 5244.5 4
191 4140.17 5131.5 4656.64 5085.65 2
192 4225.78 5052.92 4636.26 5244.5 4
193 4140.17 5131.5 4656.64 5085.65 2
194 4225.78 5052.92 4636.26 5244.5 4
195 4140.17 5131.5 4656.64 5085.65 2
196 4225.78 5052.92 4636.26 5244.5 4
197 4140.17 5131.5 4656.64 5085.65 2
198 4225.78 5052.92 4636.26 5244.5 4
199 4140.17 5131.5 4656.64 5085.65 2
200 4225.78 5052.92 4636.26 5244.5 4
201 4140.17 5131.5 4656.64 5085.65 2
202 4225.78 5052.92 4636.26 5244.5 4
203 4140.17 5131.5 4656.64 5085.65 2
204 4225.78 5052.92 4636.26 5244.5 4
205 4140.17 5131.5 4656.64 5085.65 2
206 4225.78 5052.92 4636.26 5244.5 4
207 4140.17 5131.5 4656.64 5085.65 2
208 4225.78 5052.92 4636.26 5244.5 4
209 4140.17 5131.5 4656.64 5085.65 2
210 4225.78 5052.92 4636.26 5244.5 4
211 4140.17 5131.5 4656.64 5085.65 2
212 4225.78 5052.92 4636.26 5244.5 4
213 4140.17 5131.5 4656.64 5085.65 2
214 4225.78 5052.92 4636.26 5244.5 4
215 4140.17 5131.5 4656.64 5085.65 2
216 4225.78 5052.92 4636.26 5244.5 4
217 4140.17 5131.5 4656.64 5085.65 2
218 4225.78 5052.92 4636.26 5244.5 4
219 4140.17 5131.5 4656.64 5085.65 2
220 RANDOM
221 4465.51 5372.78 4896.85 5700.34 4
222 4312.44 5375.97 4851.3 5386.92 4
223 4140.17 5131.5 4656.64 5085.65 2
224 4225.78 5052.92 4636.26 5244.5 4
225 4140.17 5131.5 4656.64 5085.65 2
226 4225.78 5052.92 4636.26 5244.5 4
227 4140.17 5131.5 4656.64 5085.65 2
228 4225.78 5052.92 4636.26 5244.5 4
229 4140.17 5131.5 4656.64 5085.65 2
230 4225.78 5052.92 4636.26 5244.5 4
231 4140.17 5131.5 4656.64 5085.65 2
232 4225.78 5052.92 4636.26 5244.5 4
233 4140.17 5131.5 4656.64 5085.65 2
234 4225.78 5052.92 4636.26 5244.5 4
235 4140.17 5131.5 4656.64 5085.65 2
236 4225.78 5052.92 4636.26 5244.5 4
237 4140.17 5131.5 4656.64 5085.65 2
238 4225.78 5052.92 4636.26 5244.5 4
239 4140.17 5131.5 4656.64 5085.65 2
240 4225.78 5052.92 4636.26 5244.5 4
241 4140.17 5131.5 4656.64 5085.65 2
242 4225.78 5052.92 4636.26 5244.5 4
243 4140.17 5131.5 4656.64 5085.65 2
244 4225.78 5052.92 4636.26 5244.5 4
245 4140.17 5131.5 4656.64 5085.65 2
246 4225.78 5052.92 4636.26 5244.5 4
247 4140.17 5131.5 4656.64 5085.65 2
248 4225.78 5052.92 4636.26 5244.5 4
249 4140.17 5131.5 4656.64 5085.65 2
250 4225.78 5052.92 4636.26 5244.5 4
251 4140.17 5131.5 4656.64 5085.65 2
252 4225.78 5052.92 4636.26 5244.5 4
253 4140.17 5131.5 4656.64 5085.65 2
254 4225.78 5052.92 4636.26 5244.5 4
255 4140.17 5131.5 4656.64 5085.65 2
256 4225.78 5052.92 4636.26 5244.5 4
257 RANDOM
258 RANDOM
259 4255.24 5148.39 4687.61 5530.5 4
260 4286.33 5439.99 4846.4 5531.58 4
