0 60397.9 109618.0 80733.0 119627.0 4
1 79589.1 146916.0 106638.0 163216.0 4
2 98504.2 183725.0 132677.0 206747.0 4
3 101080.0 188779.0 136247.0 212562.0 4
4 103466.0 193428.0 139528.0 217874.0 4
5 105538.0 197446.0 142358.0 222422.0 4
6 104783.0 196134.0 141323.0 221924.0 4
7 108155.0 202636.0 145947.0 229520.0 4
8 111274.0 208575.0 150196.0 236422.0 4
9 113985.0 213736.0 153877.0 242380.0 4
10 100311.0 187203.0 135081.0 210652.0 4
11 RANDOM
12 88044.3 163112.0 118129.0 181723.0 4
13 81186.4 149588.0 108741.0 165340.0 4
14 77928.0 143303.0 104450.0 158035.0 4
15 77459.1 142366.0 103777.0 156678.0 4
16 76681.1 140819.0 102663.0 154547.0 4
17 76667.5 140756.0 102578.0 154136.0 4
18 RANDOM
19 96112.6 178869.0 129388.0 199941.0 4
20 97945.5 182453.0 131917.0 203984.0 4
21 99992.4 186464.0 134739.0 208511.0 4
22 97101.6 180643.0 130665.0 202362.0 4
23 100280.0 186857.0 135043.0 209640.0 4
24 103472.0 193094.0 139437.0 216934.0 4
25 106768.0 199537.0 143975.0 224462.0 4
26 96817.1 180817.0 136380.0 193769.0 4
27 89886.9 167129.0 127170.0 176934.0 4
28 82746.9 153042.0 117608.0 159676.0 4
29 76275.0 140203.0 108859.0 143952.0 4
30 36809.4 60628.6 53386.8 53830.5 2
31 57108.0 101889.0 81579.3 100727.0 2
32 63178.6 114134.0 89639.6 115921.0 4
33 75970.3 139399.0 108780.0 142501.0 4
34 36809.4 60628.6 53386.8 53830.5 2
35 57108.0 101889.0 81579.3 100727.0 2
36 63178.6 114134.0 89639.6 115921.0 4
37 75970.3 139399.0 108780.0 142501.0 4
38 36809.4 60628.6 53386.8 53830.5 2
39 RANDOM
40 63066.5 113820.0 89470.6 115459.0 4
41 75863.1 139117.0 108627.0 142086.0 4
42 36792.1 60496.1 53342.4 53639.7 2
43 56991.9 101572.0 81408.2 100260.0 2
44 63066.5 113820.0 89470.6 115459.0 4
45 75863.1 139117.0 108627.0 142086.0 4
46 36792.1 60496.1 53342.4 53639.7 2
47 56991.9 101572.0 81408.2 100260.0 2
48 63066.5 113820.0 89470.6 115459.0 4
49 75863.1 139117.0 108627.0 142086.0 4
50 36792.1 60496.1 53342.4 53639.7 2
51 56991.9 101572.0 81408.2 100260.0 2
52 63066.5 113820.0 89470.6 115459.0 4
53 75863.1 139117.0 108627.0 142086.0 4
54 36792.1 60496.1 53342.4 53639.7 2
55 56991.9 101572.0 81408.2 100260.0 2
56 63066.5 113820.0 89470.6 115459.0 4
57 75863.1 139117.0 108627.0 142086.0 4
58 36792.1 60496.1 53342.4 53639.7 2
59 56991.9 101572.0 81408.2 100260.0 2
60 63066.5 113820.0 89470.6 115459.0 4
61 RANDOM
62 36792.1 60496.1 53342.4 53639.7 2
63 56991.9 101572.0 81408.2 100260.0 2
64 63066.5 113820.0 89470.6 115459.0 4
65 75863.1 139117.0 108627.0 142086.0 4
66 36792.1 60496.1 53342.4 53639.7 2
67 56991.9 101572.0 81408.2 100260.0 2
68 63066.5 113820.0 89470.6 115459.0 4
69 75863.1 139117.0 108627.0 142086.0 4
70 36792.1 60496.1 53342.4 53639.7 2
71 56991.9 101572.0 81408.2 100260.0 2
72 63066.5 113820.0 89470.6 115459.0 4
73 75863.1 139117.0 108627.0 142086.0 4
74 36792.1 60496.1 53342.4 53639.7 2
75 56991.9 101572.0 81408.2 100260.0 2
76 63066.5 113820.0 89470.6 115459.0 4
77 75863.1 139117.0 108627.0 142086.0 4
78 36792.1 60496.1 53342.4 53639.7 2
79 56991.9 101572.0 81408.2 100260.0 2
80 63066.5 113820.0 89470.6 115459.0 4
81 75863.1 139117.0 108627.0 142086.0 4
82 36792.1 60496.1 53342.4 53639.7 2
83 56991.9 101572.0 81408.2 100260.0 2
84 63066.5 113820.0 89470.6 115459.0 4
85 75863.1 139117.0 108627.0 142086.0 4
86 36792.1 60496.1 53342.4 53639.7 2
87 56991.9 101572.0 81408.2 100260.0 2
88 63066.5 113820.0 89470.6 115459.0 4
89 75863.1 139117.0 108627.0 142086.0 4
90 36792.1 60496.1 53342.4 53639.7 2
91 56991.9 101572.0 81408.2 100260.0 2
92 63066.5 113820.0 89470.6 115459.0 4
93 75863.1 139117.0 108627.0 142086.0 4
94 36792.1 60496.1 53342.4 53639.7 2
95 56991.9 101572.0 81408.2 100260.0 2
96 63066.5 113820.0 89470.6 115459.0 4
97 75863.1 139117.0 108627.0 142086.0 4
98 36792.1 60496.1 53342.4 53639.7 2
99 56991.9 101572.0 81408.2 100260.0 2
100 64367.0 117140.0 91347.9 120174.0 4
101 77232.9 142388.0 110509.0 146668.0 4
102 37370.7 62548.8 54327.0 56364.7 2
103 58409.4 105126.0 83431.0 105256.0 4
104 37370.7 62548.8 54327.0 56364.7 2
105 58409.4 105126.0 83431.0 105256.0 4
106 37370.7 62548.8 54327.0 56364.7 2
107 58409.4 105126.0 83431.0 105256.0 4
108 37370.7 62548.8 54327.0 56364.7 2
109 58409.4 105126.0 83431.0 105256.0 4
110 37370.7 62548.8 54327.0 56364.7 2
111 58409.4 105126.0 83431.0 105256.0 4
112 37370.7 62548.8 54327.0 56364.7 2
113 58409.4 105126.0 83431.0 105256.0 4
114 37370.7 62548.8 54327.0 56364.7 2
115 RANDOM
116 64367.0 117140.0 91347.9 120174.0 4
117 77232.9 142388.0 110509.0 146668.0 4
118 37370.7 62548.8 54327.0 56364.7 2
119 58409.4 105126.0 83431.0 105256.0 4
120 37370.7 62548.8 54327.0 56364.7 2
121 58409.4 105126.0 83431.0 105256.0 4
122 37370.7 62548.8 54327.0 56364.7 2
123 RANDOM
124 64367.0 117140.0 91347.9 120174.0 4
125 77232.9 142388.0 110509.0 146668.0 4
126 RANDOM
127 31733.8 51167.8 46780.8 43540.2 2
128 33715.2 55698.5 47669.9 50728.2 2
129 58409.4 105126.0 83431.0 105256.0 4
130 37370.7 62548.8 54327.0 56364.7 2
131 58409.4 105126.0 83431.0 105256.0 4
132 37370.7 62548.8 54327.0 56364.7 2
133 58409.4 105126.0 83431.0 105256.0 4
134 37370.7 62548.8 54327.0 56364.7 2
135 58409.4 105126.0 83431.0 105256.0 4
136 37370.7 62548.8 54327.0 56364.7 2
137 58409.4 105126.0 83431.0 105256.0 4
138 37370.7 62548.8 54327.0 56364.7 2
139 58409.4 105126.0 83431.0 105256.0 4
140 37370.7 62548.8 54327.0 56364.7 2
141 58409.4 105126.0 83431.0 105256.0 4
142 37370.7 62548.8 54327.0 56364.7 2
143 58409.4 105126.0 83431.0 105256.0 4
144 37370.7 62548.8 54327.0 56364.7 2
145 58409.4 105126.0 83431.0 105256.0 4
146 37370.7 62548.8 54327.0 56364.7 2
147 58409.4 105126.0 83431.0 105256.0 4
148 37370.7 62548.8 54327.0 56364.7 2
149 58409.4 105126.0 83431.0 105256.0 4
150 37370.7 62548.8 54327.0 56364.7 2
151 58409.4 105126.0 83431.0 105256.0 4
152 37370.7 62548.8 54327.0 56364.7 2
153 58409.4 105126.0 83431.0 105256.0 4
154 RANDOM
155 34845.4 58193.3 48634.6 54188.0 2
156 RANDOM
