0 142.334 150.958 131.572 160.447 4
1 155.263 165.777 144.63 170.611 4
2 148.986 158.509 138.351 165.238 4
3 151.917 161.712 141.133 168.546 4
4 156.019 166.191 144.916 173.199 4
5 162.531 173.278 150.78 180.631 4
6 150.03 159.586 139.219 167.005 4
7 153.511 163.373 142.516 170.996 4
8 159.579 169.966 148.073 178.07 4
9 168.529 179.654 155.973 188.703 4
10 158.654 168.154 146.334 178.896 4
11 162.24 171.931 149.492 183.143 4
12 168.788 178.86 155.299 190.912 4
13 180.237 190.961 165.366 204.669 4
14 158.163 167.238 145.323 178.385 4
15 161.802 171.071 148.498 182.779 4
16 167.751 177.327 153.703 189.936 4
17 176.581 186.571 161.32 200.606 4
18 158.015 166.67 144.489 178.987 4
19 161.772 170.587 147.686 183.638 4
20 168.884 177.998 153.729 192.429 4
21 181.015 190.595 163.905 207.452 4
22 159.941 168.576 145.999 181.275 4
23 164.098 172.898 149.524 186.46 4
24 172.139 181.221 156.23 196.502 4
25 184.694 194.243 166.731 212.239 4
26 158.804 167.318 144.765 180.806 4
27 161.847 170.456 147.24 184.623 4
28 167.108 175.91 151.607 191.235 4
29 178.553 187.764 161.135 205.665 4
30 156.061 164.037 141.915 177.592 4
31 162.281 170.457 146.986 185.553 4
32 178.908 187.574 160.531 206.733 4
33 202.719 212.056 179.964 237.069 4
34 166.55 174.347 149.498 191.295 4
35 177.163 185.382 158.333 204.938 4
36 195.279 204.208 173.398 228.325 4
37 221.999 231.901 195.559 262.895 4
38 168.197 175.975 151.198 193.505 4
39 177.73 185.998 159.192 206.019 4
40 195.096 204.131 173.696 228.624 4
41 222.31 232.413 196.336 263.906 4
42 166.385 175.581 151.361 194.531 4
43 180.43 190.556 163.312 212.923 4
44 203.043 214.529 182.479 242.46 4
45 RANDOM
46 RANDOM
47 193.325 206.548 178.0 232.26 4
48 219.713 234.637 200.685 266.148 4
49 254.619 271.742 230.61 311.088 4
50 230.066 248.748 216.725 282.598 4
51 230.066 248.748 216.725 282.598 4
