0 -8.85514 65.1004 -2.19016 57.9234 2
1 -6.80566 66.0066 -0.628851 58.4307 2
2 -5.24485 66.8963 0.839653 58.857 2
3 -0.631236 82.5812 13.6131 64.5093 2
4 0.885015 80.5542 14.4907 63.0259 2
5 2.24212 78.7288 15.3306 61.6428 2
6 2.46148 71.3813 13.5656 56.4726 2
7 12.7537 79.7296 29.2619 56.9876 2
8 13.2081 77.4794 28.7818 55.6855 2
9 12.8981 74.7195 27.6481 53.828 2
10 11.5171 68.3956 24.6815 49.3334 2
11 12.4654 69.7656 25.9664 50.0356 2
12 RANDOM
13 15.1235 68.7122 27.418 50.2214 2
14 13.0806 63.1846 24.209 46.1408 2
15 9.17669 68.0546 23.1349 47.9785 2
16 9.74285 63.7293 22.0767 45.3995 2
17 11.0732 62.0544 22.4252 44.7389 2
18 12.1294 56.9137 21.5939 41.6663 2
19 8.59375 65.2601 22.5516 44.8381 2
20 8.01959 58.5555 19.7561 40.5842 2
21 7.79646 53.5024 17.8955 37.4766 2
22 9.29261 47.2882 16.9278 33.9698 2
23 6.85795 48.8231 16.2208 32.7427 2
24 6.40844 46.7977 15.1484 31.7244 2
25 6.12452 44.7855 14.2511 30.5625 2
26 6.31635 38.6101 12.4573 26.6829 2
27 7.0743 42.0071 14.44 27.3565 2
28 6.45256 39.2923 13.062 25.9067 2
29 6.10794 37.9236 12.2986 25.346 2
30 6.36935 34.3116 11.336 23.4224 2
31 6.24257 31.4526 10.9909 19.6048 2
32 6.0365 28.4047 9.89545 17.7845 2
33 5.82099 25.8611 8.99241 16.2244 2
34 5.40617 24.2784 8.13862 15.6684 2
35 7.23671 19.9391 8.86406 11.5739 2
36 RANDOM
37 6.1024 16.3794 7.17129 10.1279 2
38 7.01221 19.0903 8.44779 12.8281 2
39 7.43216 13.7638 7.72314 7.94572 2
40 6.68816 13.3647 6.93448 7.75578 2
41 6.27807 13.3317 6.50707 7.87539 2
42 6.53798 17.1915 7.48542 11.7297 2
43 7.28983 13.762 7.53768 8.16219 2
44 RANDOM
45 6.24848 13.8216 6.62714 8.43402 2
46 7.01306 18.4732 8.13526 12.7768 2
47 6.38941 13.3839 6.75301 7.86622 2
48 6.04086 13.3634 6.434 7.91946 2
49 5.7066 13.277 6.15218 7.93099 2
50 5.74073 16.5948 6.84814 11.0758 2
51 5.74073 16.5948 6.84814 11.0758 2
