0 -6.62482 18.7945 5.36071 19.1494 4
1 -6.62482 18.7945 5.36071 19.1494 4
2 -6.62482 18.7945 5.36071 19.1494 4
3 -6.62482 18.7945 5.36071 19.1494 4
4 -6.62482 18.7945 5.36071 19.1494 4
5 -6.62482 18.7945 5.36071 19.1494 4
6 -6.62482 18.7945 5.36071 19.1494 4
7 -6.62482 18.7945 5.36071 19.1494 4
8 -6.62482 18.7945 5.36071 19.1494 4
9 -6.62482 18.7945 5.36071 19.1494 4
10 -6.62482 18.7945 5.36071 19.1494 4
11 -6.62482 18.7945 5.36071 19.1494 4
12 -6.62482 18.7945 5.36071 19.1494 4
13 -6.62482 18.7945 5.36071 19.1494 4
14 -6.62482 18.7945 5.36071 19.1494 4
15 -6.62482 18.7945 5.36071 19.1494 4
16 -6.62482 18.7945 5.36071 19.1494 4
17 -6.62482 18.7945 5.36071 19.1494 4
18 -6.62482 18.7945 5.36071 19.1494 4
19 -6.62482 18.7945 5.36071 19.1494 4
20 -6.62482 18.7945 5.36071 19.1494 4
21 -6.62482 18.7945 5.36071 19.1494 4
22 -6.62482 18.7945 5.36071 19.1494 4
23 -6.62482 18.7945 5.36071 19.1494 4
24 -6.62482 18.7945 5.36071 19.1494 4
25 -6.62482 18.7945 5.36071 19.1494 4
26 -6.62482 18.7945 5.36071 19.1494 4
27 -6.62482 18.7945 5.36071 19.1494 4
28 -6.62482 18.7945 5.36071 19.1494 4
29 -6.62482 18.7945 5.36071 19.1494 4
30 -6.62482 18.7945 5.36071 19.1494 4
31 -6.62482 18.7945 5.36071 19.1494 4
32 -6.62482 18.7945 5.36071 19.1494 4
33 RANDOM
34 -6.62482 18.7945 5.36071 19.1494 4
35 -6.62482 18.7945 5.36071 19.1494 4
36 -6.62482 18.7945 5.36071 19.1494 4
37 -6.62482 18.7945 5.36071 19.1494 4
38 -6.62482 18.7945 5.36071 19.1494 4
39 -6.62482 18.7945 5.36071 19.1494 4
40 -6.62482 18.7945 5.36071 19.1494 4
41 -6.62482 18.7945 5.36071 19.1494 4
42 -17.0611 20.5615 -31.4297 43.553 4
43 -17.8035 23.1757 -31.8221 44.3731 4
44 -19.6419 25.7313 -32.9952 43.9459 4
45 -21.8991 28.4224 -34.3337 43.8383 4
46 -15.0064 18.3308 -30.1518 42.5528 4
47 RANDOM
48 -13.2662 13.6431 -24.0959 34.6168 4
49 -11.9667 12.485 -20.6634 32.1091 4
50 -8.28481 17.5306 2.48191 11.1349 2
51 -6.62482 18.7945 5.36071 19.1494 4
52 RANDOM
53 -6.62482 18.7945 5.36071 19.1494 4
54 -12.1908 18.0901 -4.6378 14.4754 2
