0 -99.9375 339.985 -514.576 300.676 2
1 -78.8023 341.166 -527.069 303.438 2
2 -66.3294 353.685 -524.009 314.197 2
3 -174.541 321.122 -373.327 303.832 2
4 -141.715 324.96 -362.261 289.882 2
5 -136.561 327.558 -345.603 277.227 2
6 -41.9834 343.269 -397.794 301.285 2
7 -91.7542 392.506 -329.988 363.215 2
8 RANDOM
9 -75.2971 400.305 -322.616 358.338 2
10 -32.6555 435.574 -303.045 391.511 2
11 15.6157 361.157 -276.468 287.874 2
12 32.04 361.116 -274.715 277.546 2
13 48.4673 375.647 -268.683 283.239 2
14 RANDOM
15 17.2175 377.417 -366.748 306.984 2
16 33.6548 389.239 -319.109 295.816 2
17 39.7676 413.823 -282.115 305.74 2
18 117.101 457.578 -204.502 329.71 2
19 56.4053 464.277 -258.275 417.315 2
20 86.333 494.997 -233.431 435.575 2
21 96.9199 514.226 -206.181 448.247 2
22 196.289 530.109 -109.947 419.575 2
23 223.292 552.746 61.9187 422.845 2
24 288.896 545.458 89.8386 379.079 2
25 286.311 543.196 76.4734 368.206 2
26 328.162 541.332 114.642 335.593 2
27 339.655 532.423 168.254 330.898 2
28 450.224 537.948 231.715 291.485 2
29 459.503 532.978 245.952 279.673 2
30 555.081 578.43 388.278 287.301 2
31 302.746 529.324 258.064 396.993 2
32 435.489 533.293 361.95 347.195 2
33 461.409 558.742 429.42 357.83 2
34 604.255 609.025 604.323 359.335 2
35 202.73 578.312 214.181 498.434 2
36 300.015 611.144 332.081 497.078 2
37 384.78 631.263 437.283 491.152 2
38 569.384 654.833 652.663 474.645 2
39 422.965 588.876 470.859 461.764 2
40 511.059 590.639 536.355 430.531 2
41 586.761 612.591 588.193 425.962 2
42 705.15 675.155 688.888 452.347 1
43 731.861 681.909 602.841 404.172 1
