0 28.803 47.8936 23.7118 54.6692 4
1 26.4197 51.2015 17.7223 64.2939 4
2 27.2839 47.4267 19.5567 58.8895 4
3 27.2199 47.5194 19.5089 59.0822 4
4 27.4434 48.1257 19.6344 59.9113 4
5 28.1811 49.6358 20.1181 61.8376 4
6 24.7267 41.5527 18.0129 51.478 4
7 24.6219 41.5809 17.8844 51.6822 4
8 24.7899 42.2893 17.9345 52.7121 4
9 24.8319 42.7395 17.8585 53.483 4
10 22.0968 36.9036 15.8854 46.3526 4
11 22.3389 37.559 15.965 47.2592 4
12 22.4911 38.0767 15.9557 48.0157 4
13 22.6425 38.6273 15.9366 48.8245 4
14 20.5355 33.4488 13.3607 42.7525 4
15 20.2497 33.3589 13.0612 42.8197 4
16 19.9906 33.3313 12.7678 42.9884 4
17 19.7625 33.3745 12.499 43.2487 4
18 19.3233 30.1709 12.738 38.2555 4
19 19.2047 30.3547 12.5332 38.6566 4
20 19.1144 30.7484 12.3472 39.3768 4
21 19.1089 31.3058 12.2442 40.3085 4
22 17.3779 27.0648 11.855 34.3371 4
23 17.1959 26.9771 11.7112 34.2951 4
24 17.0244 27.0892 11.4882 34.6148 4
25 RANDOM
26 14.8927 24.4502 8.90343 30.4939 4
27 14.8544 24.4978 8.85605 30.5839 4
28 14.9023 24.7762 8.81961 30.9959 4
29 15.12 25.4034 8.85454 31.8759 4
30 15.0312 23.3291 8.7351 28.8782 4
31 15.2982 23.738 8.84897 29.4098 4
32 15.6802 24.2716 9.05131 30.0725 4
33 16.1446 25.0387 9.2296 31.0741 4
34 16.24 21.0442 11.8546 24.3689 4
35 16.7919 21.9357 12.0198 25.6389 4
36 17.3421 22.886 12.1596 26.9619 4
37 17.9125 23.9281 12.2608 28.4024 4
38 18.5233 22.6943 15.0024 25.6818 4
39 18.906 22.9726 15.5429 25.8341 4
40 18.8229 22.9631 15.3704 25.8957 4
41 19.2692 23.6217 15.5641 26.7705 4
42 12.8063 16.8509 10.1576 17.9869 4
43 13.0134 17.2679 10.1283 18.6334 4
44 13.3934 17.9454 10.1267 19.6792 4
45 13.9199 18.8916 10.1433 21.1485 4
46 11.5004 16.5465 8.78752 15.1493 2
47 17.4186 17.5077 17.3398 15.8942 2
48 18.3573 18.1799 18.2896 16.592 1
49 27.9047 28.5053 28.1297 26.5294 2
