0 -13.9281 73.0785 -6.63606 65.8184 2
1 -12.1493 73.2683 -5.35724 65.4879 2
2 -10.9147 72.6218 -4.52121 64.5423 2
3 -9.39128 78.5688 2.18134 62.095 2
4 -7.87409 77.0937 3.02369 60.7971 2
5 -6.45859 74.8367 3.60355 59.0201 2
6 -5.96845 67.0377 2.11427 53.5029 2
7 -0.743371 69.1923 13.6288 48.5709 2
8 0.358933 67.8914 13.8335 48.1621 2
9 1.01026 66.3171 13.6761 47.3994 2
10 0.828726 61.3281 11.9288 44.1972 2
11 -0.778147 59.3081 10.4044 42.1728 2
12 0.861426 59.0983 11.4051 42.6006 2
13 1.9913 58.7178 12.0436 42.6858 2
14 1.96607 55.4504 10.9368 40.6731 2
15 -1.79272 57.0316 8.96579 40.3725 2
16 -0.926692 54.044 8.58739 38.7719 2
17 -0.122567 51.6771 8.36758 37.478 2
18 1.04124 46.5926 7.58885 34.6163 2
19 -1.81 53.1069 8.47042 36.7318 2
20 -1.60871 48.4373 6.82511 34.0714 2
21 -1.39126 44.1571 5.50837 31.6317 2
22 -0.580305 38.1126 4.0541 28.3005 2
23 -2.203 42.887 4.88379 29.5708 2
24 -2.04919 40.5979 4.19086 28.3377 2
25 -2.0945 38.8277 3.54357 27.3536 2
26 -1.81949 33.394 1.87146 24.3692 2
27 -1.85463 35.7587 3.26809 24.4395 2
28 -1.86013 33.3047 2.34912 23.243 2
29 RANDOM
30 -1.72511 28.0996 0.648575 20.8135 2
31 -2.77969 24.3655 -0.249616 16.481 2
32 -2.37646 22.3196 -0.664633 15.4214 2
33 -2.08634 20.1547 -1.11487 14.1544 2
34 -2.0489 19.5562 -1.29039 14.2722 2
35 -0.801683 16.6341 -0.632892 10.9789 2
36 -1.09407 15.5807 -1.03767 10.6841 2
37 -1.17447 14.8636 -1.11797 10.4874 2
38 -1.21973 16.4427 -0.773461 12.2677 2
39 0.23541 10.2409 -0.689054 6.3014 2
40 -0.101034 11.0542 -0.840632 7.30195 2
41 -0.555719 12.1217 -1.02986 8.42692 2
42 -0.685588 16.4643 -0.395164 12.496 2
43 0.523396 11.198 -0.292186 7.29552 2
44 -0.208832 12.1807 -0.721601 8.38547 2
45 -0.636895 12.9684 -0.949997 9.2275 2
46 -0.607129 17.1046 -0.200948 13.0434 2
47 RANDOM
48 -0.298049 11.2858 -0.830795 7.37819 2
49 RANDOM
50 -0.992196 15.3889 -0.701736 11.333 2
51 -0.992196 15.3889 -0.701736 11.333 2
