0 -259.382 297.237 -473.678 288.473 2
1 -245.154 295.149 -486.882 289.235 2
2 -237.816 307.471 -482.076 297.317 2
3 -368.232 285.698 -347.837 285.158 2
4 -343.591 280.095 -342.175 262.165 2
5 -337.723 278.895 -330.148 247.106 2
6 -255.652 267.941 -400.59 253.706 2
7 -288.373 283.337 -346.588 255.404 2
8 -284.285 276.95 -346.249 240.571 2
9 -290.209 280.954 -349.777 246.518 2
10 -268.424 304.667 -349.233 273.417 2
11 -221.294 245.392 -310.363 174.475 2
12 -209.177 238.06 -313.903 160.421 2
13 -196.726 243.716 -316.258 162.841 2
14 -150.488 260.425 -301.729 169.544 2
15 -189.89 248.575 -394.842 190.591 2
16 -179.235 245.259 -362.984 165.027 2
17 -183.32 249.883 -346.705 157.609 2
18 -146.055 265.698 -303.334 156.352 2
19 -177.623 255.548 -332.304 207.005 2
20 -158.184 271.123 -326.002 214.199 2
21 -154.823 286.328 -311.254 226.443 2
22 -99.0325 292.331 -254.708 193.978 2
23 -51.5611 269.884 -111.913 123.365 2
24 0.30075 256.859 -93.7533 76.8396 2
25 -3.94388 257.412 -107.531 73.584 2
26 13.9858 257.544 -84.8964 50.5076 2
27 5.98288 225.1 -51.3998 10.4568 2
28 103.932 229.314 4.64881 -29.935 2
29 110.728 239.818 20.4713 -23.3874 2
30 166.811 257.038 116.273 -41.3667 2
31 -32.9009 281.018 37.3429 133.945 2
32 73.4045 279.496 117.891 82.2092 2
33 83.156 296.62 162.378 91.0022 2
34 158.449 323.948 283.194 77.7163 2
35 RANDOM
36 -46.1714 350.194 82.3226 225.242 2
37 10.8005 363.118 163.434 216.139 2
38 128.146 370.091 325.707 186.078 2
39 59.4326 320.042 215.409 184.212 2
40 107.671 314.003 250.781 152.365 2
41 156.712 331.209 282.773 149.116 2
42 235.991 377.235 358.861 166.683 2
43 151.561 332.781 320.814 171.087 2
44 204.074 363.103 349.266 176.166 2
45 241.964 381.776 365.321 175.316 2
46 335.377 432.807 454.871 203.257 3
47 307.042 404.953 499.768 202.656 3
