0 -233.706 388.409 -570.417 367.222 2
1 -223.26 388.865 -581.352 372.773 2
2 -218.406 399.948 -573.159 379.301 2
3 -330.613 399.662 -464.535 382.129 2
4 RANDOM
5 -304.599 393.381 -444.204 347.111 2
6 -233.848 367.267 -514.725 347.143 2
7 -259.098 374.986 -463.088 337.255 2
8 -261.909 361.932 -463.064 316.44 2
9 -266.513 371.842 -466.271 327.251 2
10 -251.238 388.497 -469.165 349.471 2
11 -202.854 328.898 -432.825 247.948 2
12 -194.913 317.883 -437.139 230.735 2
13 RANDOM
14 -142.603 336.231 -434.466 239.454 2
15 -168.614 322.954 -519.381 263.971 2
16 -159.183 315.318 -494.12 234.561 2
17 -165.996 316.484 -479.7 223.358 2
18 -137.441 332.261 -453.387 226.312 2
19 -154.893 345.83 -456.114 294.012 2
20 -140.899 355.535 -454.89 296.954 2
21 -139.481 361.698 -449.556 300.047 2
22 -89.9237 376.332 -403.476 279.807 2
23 -28.8697 364.506 -273.3 212.227 2
24 14.8322 350.616 -260.332 168.362 2
25 8.62831 351.902 -273.669 168.726 2
26 29.3986 361.038 -244.768 155.095 2
27 21.0355 341.426 -213.36 123.894 2
28 115.668 337.345 -162.543 75.1452 2
29 122.395 343.372 -149.156 76.8674 2
30 173.42 364.309 -62.5341 64.062 2
31 -20.6485 371.364 -143.75 206.439 2
32 77.9193 365.463 -73.0046 152.387 2
33 83.9557 372.402 -39.09 150.719 2
34 146.912 392.035 62.7266 133.491 2
35 -107.266 403.57 -192.118 289.677 2
36 -52.1969 412.673 -125.753 269.689 2
37 2.04897 404.869 -58.8674 236.439 2
38 103.92 392.295 79.5557 183.08 2
39 53.5692 310.91 -20.7038 146.442 2
40 93.3065 307.488 8.92681 119.456 2
41 137.485 308.806 33.115 101.252 2
42 211.64 340.292 100.079 105.406 2
43 138.459 309.694 70.7723 116.053 2
44 183.839 332.311 91.8836 117.058 2
45 219.18 344.572 105.072 111.604 2
46 307.299 380.998 186.439 123.997 2
47 307.2 338.091 32.719 52.6364 2
48 299.586 333.934 23.8958 46.259 2
49 241.615 338.127 -12.6542 67.0278 2
50 203.692 337.316 -34.5166 73.8161 2
51 203.692 337.316 -34.5166 73.8161 2
