0 42.4258 45.9466 35.9506 53.3429 4
1 42.1899 50.8486 32.3928 67.7665 4
2 44.5225 50.4252 35.8294 63.3469 4
3 44.7573 50.8281 35.9855 64.0328 4
4 45.076 51.419 36.1644 65.0936 4
5 45.5574 52.3851 36.4517 66.8451 4
6 42.8438 47.3977 35.0177 57.8101 4
7 42.8819 47.644 34.9832 58.3897 4
8 43.0377 48.1054 35.0265 59.3394 4
9 43.2786 48.7664 35.1357 60.6619 4
10 RANDOM
11 39.9984 44.6558 32.8281 54.9151 4
12 40.2763 45.2836 32.9226 56.1681 4
13 40.7153 46.2015 33.1539 57.9044 4
14 39.6044 43.1854 31.2045 53.2309 4
15 39.5808 43.2485 31.0882 53.4904 4
16 39.6608 43.4571 31.0336 53.9908 4
17 39.8584 43.8203 31.0568 54.7331 4
18 37.6935 40.336 30.5407 48.4187 4
19 37.8754 40.6617 30.5389 49.0528 4
20 38.1098 41.0794 30.5293 49.8755 4
21 38.4535 41.6612 30.581 50.9585 4
22 36.4995 39.0 29.7378 46.5199 4
23 36.5023 39.0736 29.654 46.7526 4
24 36.6697 39.4024 29.6499 47.4261 4
25 36.9143 39.869 29.6819 48.3482 4
26 33.9871 36.4326 26.964 39.6786 4
27 34.0787 36.5892 26.9279 39.8804 4
28 34.3337 37.0195 26.9804 40.4906 4
29 34.8933 37.8151 27.2232 41.583 4
30 33.1235 35.0573 25.1625 37.7624 4
31 33.4828 35.5511 25.2605 38.4099 4
32 34.1417 36.341 25.592 39.3866 4
33 34.829 37.1726 25.9129 40.4371 4
34 35.176 35.3511 28.54 36.9747 4
35 35.8627 36.2671 28.8068 38.1293 4
36 36.7111 37.3768 29.2058 39.5003 4
37 37.7706 38.6996 29.7048 41.0813 4
38 34.8929 35.0098 29.268 36.4183 4
39 35.3318 35.3908 29.6986 36.8396 4
40 35.7636 35.8557 29.9347 37.3839 4
41 36.6137 36.766 30.4216 38.4501 4
42 28.4087 28.5627 23.6447 28.6741 4
43 28.8032 29.0999 23.7556 29.4473 4
44 29.4939 29.9598 24.0355 30.6661 4
45 30.6186 31.3354 24.6118 32.5077 4
46 25.1424 26.5026 19.8057 25.5904 2
47 34.5252 32.8486 31.1358 31.7982 1
48 41.9252 41.1756 38.9048 39.0298 1
