0 -348.475 188.83 -465.442 138.727 2
1 -344.788 188.285 -477.885 148.17 2
2 -345.072 196.954 -473.742 156.578 2
3 -437.125 179.045 -395.827 152.741 2
4 -427.112 166.758 -393.055 130.461 2
5 -426.931 169.675 -380.805 122.793 2
6 -363.175 176.438 -443.471 154.748 2
7 -370.483 162.512 -408.876 129.181 2
8 -378.464 142.348 -403.325 100.925 2
9 -389.34 152.964 -400.499 107.502 2
10 -388.87 155.523 -404.917 116.98 2
11 -356.057 83.8456 -373.84 8.25702 2
12 -353.046 76.0268 -376.095 -6.10529 2
13 RANDOM
14 -320.087 91.6129 -388.584 4.02362 2
15 -312.782 105.203 -454.149 48.3627 2
16 -310.496 92.3097 -437.588 16.5021 2
17 -320.567 87.9279 -431.352 0.402036 2
18 -309.986 91.5353 -418.749 -2.33771 2
19 -299.137 101.124 -419.183 37.2597 2
20 -296.561 110.971 -426.03 45.8095 2
21 -302.965 116.279 -425.273 49.6611 2
22 -275.181 123.239 -394.956 40.0883 2
23 -220.505 87.1269 -312.906 -43.5806 2
24 -168.708 71.6906 -291.683 -91.2825 2
25 -176.784 75.0639 -300.011 -88.1985 2
26 -175.772 82.2165 -274.507 -88.4075 2
27 RANDOM
28 RANDOM
29 RANDOM
30 -74.2325 55.0512 -151.809 -169.962 2
31 -263.239 87.8576 -221.646 -44.076 2
32 -176.465 66.8905 -162.402 -100.28 2
33 -165.995 58.3273 -132.384 -111.538 2
34 -120.039 84.5253 -52.5276 -93.0252 2
35 -303.305 114.985 -250.544 16.9672 2
36 -278.281 108.256 -209.635 -4.85675 2
37 -250.94 83.9301 -171.693 -40.4915 2
38 -198.139 72.4025 -73.7745 -63.4654 2
39 RANDOM
40 -149.759 8.53701 -110.428 -130.052 2
41 -125.82 17.0524 -96.5848 -129.255 2
42 -78.9603 16.8361 -49.1933 -143.539 2
43 -109.906 7.12417 -53.3835 -136.86 2
44 RANDOM
45 -69.2635 19.9069 -46.2624 -141.956 2
46 9.76972 27.4594 28.8304 -150.798 3
47 -10.1089 5.95278 64.3262 -158.509 3
