0 175.896 179.198 156.364 185.237 4
1 178.657 182.753 159.888 183.113 4
2 176.064 179.642 157.157 182.403 4
3 RANDOM
4 181.854 185.764 162.555 188.388 4
5 186.313 190.452 166.474 193.008 4
6 177.6 181.231 158.378 184.86 4
7 180.47 184.274 161.089 187.957 4
8 184.828 188.882 165.112 192.718 4
9 191.755 196.138 171.073 200.514 4
10 188.033 191.288 167.057 197.922 4
11 191.389 194.687 169.873 201.725 4
12 196.018 199.405 173.835 206.883 4
13 204.492 208.012 180.917 216.519 4
14 186.402 189.009 164.929 195.806 4
15 189.83 192.455 167.705 199.787 4
16 193.912 196.548 171.019 204.473 4
17 200.447 203.063 176.156 212.017 4
18 187.106 189.265 164.702 197.203 4
19 190.256 192.399 167.167 200.905 4
20 194.887 196.973 170.78 206.284 4
21 203.686 205.6 177.31 216.679 4
22 189.793 191.66 166.433 200.119 4
23 192.589 194.354 168.447 203.36 4
24 198.151 199.762 172.493 209.905 4
25 207.944 209.334 179.826 221.574 4
26 189.097 190.948 165.516 199.947 4
27 191.082 192.826 166.799 202.268 4
28 193.911 195.515 168.701 205.575 4
29 201.209 202.603 174.061 214.231 4
30 183.248 184.201 159.747 192.687 4
31 186.202 187.022 161.861 196.211 4
32 196.236 196.811 169.29 208.249 4
33 216.115 216.218 184.051 232.019 4
34 189.63 189.373 163.2 199.688 4
35 197.738 197.229 169.199 209.267 4
36 211.251 210.337 179.218 225.354 4
37 233.499 232.164 196.262 251.982 4
38 184.529 183.425 158.999 193.404 4
39 191.222 190.123 164.273 201.43 4
40 202.502 201.344 173.091 214.922 4
41 223.174 221.817 189.097 239.641 4
42 171.302 170.653 150.375 179.582 4
43 180.774 180.264 158.047 190.755 4
44 197.332 196.984 171.306 210.232 4
45 223.369 223.102 192.013 240.803 4
46 169.318 170.21 152.392 179.788 4
47 181.428 182.432 162.444 193.518 4
48 199.833 200.943 177.487 214.319 4
49 227.181 228.449 199.596 245.464 4
50 201.57 205.258 187.24 220.543 4
51 201.57 205.258 187.24 220.543 4
