0 -247.918 276.68 -814.993 247.062 2
1 -218.976 275.803 -836.602 245.714 2
2 -198.7 287.354 -842.454 254.928 2
3 -328.823 261.203 -707.904 265.265 4
4 -329.895 240.782 -910.025 279.149 4
5 -367.745 237.138 -882.82 277.759 4
6 -410.969 237.771 -856.631 282.03 4
7 -458.396 238.502 -815.54 286.675 4
8 192.976 295.272 -1370.08 226.208 2
9 -286.18 289.635 -792.158 260.819 2
10 -247.918 276.68 -814.993 247.062 2
11 -218.976 275.803 -836.602 245.714 2
12 -198.7 287.354 -842.454 254.928 2
13 -328.823 261.203 -707.904 265.265 4
14 -329.895 240.782 -910.025 279.149 4
15 -367.745 237.138 -882.82 277.759 4
16 -410.969 237.771 -856.631 282.03 4
17 -458.396 238.502 -815.54 286.675 4
18 192.976 295.272 -1370.08 226.208 2
19 -286.18 289.635 -792.158 260.819 2
20 -247.918 276.68 -814.993 247.062 2
21 -218.976 275.803 -836.602 245.714 2
22 -198.7 287.354 -842.454 254.928 2
23 -328.823 261.203 -707.904 265.265 4
24 -329.895 240.782 -910.025 279.149 4
25 -367.745 237.138 -882.82 277.759 4
26 RANDOM
27 -458.396 238.502 -815.54 286.675 4
28 RANDOM
29 107.374 213.52 -1346.82 173.215 2
30 29.7671 241.247 -1296.62 211.887 2
31 -286.18 289.635 -792.158 260.819 2
32 RANDOM
33 -218.976 275.803 -836.602 245.714 2
34 -198.7 287.354 -842.454 254.928 2
35 -328.823 261.203 -707.904 265.265 4
36 -329.895 240.782 -910.025 279.149 4
37 -367.745 237.138 -882.82 277.759 4
38 -410.969 237.771 -856.631 282.03 4
39 -458.396 238.502 -815.54 286.675 4
40 166.873 259.262 -1367.58 183.083 2
41 -292.753 272.818 -774.381 245.218 2
42 -254.901 253.353 -792.546 225.2 2
43 -226.498 252.864 -810.084 224.876 2
44 -208.002 258.812 -814.289 227.328 2
45 -334.186 239.748 -688.873 245.351 4
46 -348.35 218.889 -885.606 256.417 4
47 -386.799 217.06 -856.523 257.234 4
48 RANDOM
49 -478.388 228.347 -791.774 276.387 4
50 166.873 259.262 -1367.58 183.083 2
51 -292.753 272.818 -774.381 245.218 2
52 -254.901 253.353 -792.546 225.2 2
53 -226.498 252.864 -810.084 224.876 2
54 -208.002 258.812 -814.289 227.328 2
55 -334.186 239.748 -688.873 245.351 4
56 -348.35 218.889 -885.606 256.417 4
57 RANDOM
58 -430.143 221.749 -827.802 266.578 4
59 -478.388 228.347 -791.774 276.387 4
60 166.873 259.262 -1367.58 183.083 2
61 -292.753 272.818 -774.381 245.218 2
62 -254.901 253.353 -792.546 225.2 2
63 -226.498 252.864 -810.084 224.876 2
64 -208.002 258.812 -814.289 227.328 2
65 -334.186 239.748 -688.873 245.351 4
66 -348.35 218.889 -885.606 256.417 4
67 -386.799 217.06 -856.523 257.234 4
68 -430.143 221.749 -827.802 266.578 4
69 -478.388 228.347 -791.774 276.387 4
70 RANDOM
71 91.3452 192.763 -1345.42 143.433 2
72 22.2661 225.666 -1286.76 192.153 2
73 -292.753 272.818 -774.381 245.218 2
74 RANDOM
75 -226.498 252.864 -810.084 224.876 2
76 -208.002 258.812 -814.289 227.328 2
77 -334.186 239.748 -688.873 245.351 4
78 -348.35 218.889 -885.606 256.417 4
79 -386.799 217.06 -856.523 257.234 4
80 -430.143 221.749 -827.802 266.578 4
81 -478.388 228.347 -791.774 276.387 4
82 166.873 259.262 -1367.58 183.083 2
83 -292.753 272.818 -774.381 245.218 2
84 -254.901 253.353 -792.546 225.2 2
85 -226.498 252.864 -810.084 224.876 2
86 -208.002 258.812 -814.289 227.328 2
87 -334.186 239.748 -688.873 245.351 4
88 -348.35 218.889 -885.606 256.417 4
89 -386.799 217.06 -856.523 257.234 4
90 -430.143 221.749 -827.802 266.578 4
91 -478.388 228.347 -791.774 276.387 4
92 166.873 259.262 -1367.58 183.083 2
93 -292.753 272.818 -774.381 245.218 2
94 -254.901 253.353 -792.546 225.2 2
95 -226.498 252.864 -810.084 224.876 2
96 -208.002 258.812 -814.289 227.328 2
97 -334.186 239.748 -688.873 245.351 4
98 -348.35 218.889 -885.606 256.417 4
99 -386.799 217.06 -856.523 257.234 4
100 -422.551 221.539 -834.084 270.062 4
101 -472.916 221.895 -798.151 271.891 4
102 177.641 259.167 -1380.31 191.206 2
103 -282.497 272.569 -798.026 247.456 2
104 RANDOM
105 -222.359 251.862 -830.771 226.48 2
106 -202.524 264.108 -835.093 238.262 2
107 -319.542 242.385 -727.411 247.551 4
108 -339.952 219.808 -892.341 260.928 4
109 -378.629 217.875 -862.805 261.89 4
110 -422.551 221.539 -834.084 270.062 4
111 RANDOM
112 177.641 259.167 -1380.31 191.206 2
113 -282.497 272.569 -798.026 247.456 2
114 -247.636 254.689 -815.521 229.043 2
115 -222.359 251.862 -830.771 226.48 2
116 -202.524 264.108 -835.093 238.262 2
117 -319.542 242.385 -727.411 247.551 4
118 -339.952 219.808 -892.341 260.928 4
119 -378.629 217.875 -862.805 261.89 4
120 -422.551 221.539 -834.084 270.062 4
121 -472.916 221.895 -798.151 271.891 4
122 177.641 259.167 -1380.31 191.206 2
123 -282.497 272.569 -798.026 247.456 2
124 -247.636 254.689 -815.521 229.043 2
125 RANDOM
126 -202.524 264.108 -835.093 238.262 2
127 -319.542 242.385 -727.411 247.551 4
128 -339.952 219.808 -892.341 260.928 4
129 -378.629 217.875 -862.805 261.89 4
130 -422.551 221.539 -834.084 270.062 4
131 -472.916 221.895 -798.151 271.891 4
132 177.641 259.167 -1380.31 191.206 2
133 -282.497 272.569 -798.026 247.456 2
134 -247.636 254.689 -815.521 229.043 2
135 -222.359 251.862 -830.771 226.48 2
136 -202.524 264.108 -835.093 238.262 2
137 -319.542 242.385 -727.411 247.551 4
138 -339.952 219.808 -892.341 260.928 4
139 -378.629 217.875 -862.805 261.89 4
140 -422.551 221.539 -834.084 270.062 4
141 -472.916 221.895 -798.151 271.891 4
142 177.641 259.167 -1380.31 191.206 2
143 -282.497 272.569 -798.026 247.456 2
144 -247.636 254.689 -815.521 229.043 2
145 -222.359 251.862 -830.771 226.48 2
146 -202.524 264.108 -835.093 238.262 2
147 -319.542 242.385 -727.411 247.551 4
148 RANDOM
149 -378.629 217.875 -862.805 261.89 4
150 -422.551 221.539 -834.084 270.062 4
151 -472.916 221.895 -798.151 271.891 4
152 177.641 259.167 -1380.31 191.206 2
153 -282.497 272.569 -798.026 247.456 2
154 -247.636 254.689 -815.521 229.043 2
155 -222.359 251.862 -830.771 226.48 2
156 -202.524 264.108 -835.093 238.262 2
157 -319.542 242.385 -727.411 247.551 4
158 -339.952 219.808 -892.341 260.928 4
159 -378.629 217.875 -862.805 261.89 4
160 -422.551 221.539 -834.084 270.062 4
161 -472.916 221.895 -798.151 271.891 4
162 177.641 259.167 -1380.31 191.206 2
163 -282.497 272.569 -798.026 247.456 2
164 -247.636 254.689 -815.521 229.043 2
165 -222.359 251.862 -830.771 226.48 2
166 -202.524 264.108 -835.093 238.262 2
167 -319.542 242.385 -727.411 247.551 4
168 -339.952 219.808 -892.341 260.928 4
169 -378.629 217.875 -862.805 261.89 4
170 -422.551 221.539 -834.084 270.062 4
171 -472.916 221.895 -798.151 271.891 4
172 177.641 259.167 -1380.31 191.206 2
173 -282.497 272.569 -798.026 247.456 2
174 -247.636 254.689 -815.521 229.043 2
175 -222.359 251.862 -830.771 226.48 2
176 -202.524 264.108 -835.093 238.262 2
177 -319.542 242.385 -727.411 247.551 4
178 -339.952 219.808 -892.341 260.928 4
179 -378.629 217.875 -862.805 261.89 4
180 -422.551 221.539 -834.084 270.062 4
181 RANDOM
182 177.641 259.167 -1380.31 191.206 2
183 -282.497 272.569 -798.026 247.456 2
184 -247.636 254.689 -815.521 229.043 2
185 -222.359 251.862 -830.771 226.48 2
186 RANDOM
187 -319.542 242.385 -727.411 247.551 4
188 -339.952 219.808 -892.341 260.928 4
189 -378.629 217.875 -862.805 261.89 4
190 -422.551 221.539 -834.084 270.062 4
191 -472.916 221.895 -798.151 271.891 4
192 177.641 259.167 -1380.31 191.206 2
193 -282.497 272.569 -798.026 247.456 2
194 -247.636 254.689 -815.521 229.043 2
195 -222.359 251.862 -830.771 226.48 2
196 -202.524 264.108 -835.093 238.262 2
197 -319.542 242.385 -727.411 247.551 4
198 -339.952 219.808 -892.341 260.928 4
199 -378.629 217.875 -862.805 261.89 4
200 -422.551 221.539 -834.084 270.062 4
201 -472.916 221.895 -798.151 271.891 4
202 177.641 259.167 -1380.31 191.206 2
203 -282.497 272.569 -798.026 247.456 2
204 -247.636 254.689 -815.521 229.043 2
205 -222.359 251.862 -830.771 226.48 2
206 RANDOM
207 -319.542 242.385 -727.411 247.551 4
208 -339.952 219.808 -892.341 260.928 4
209 -378.629 217.875 -862.805 261.89 4
210 -422.551 221.539 -834.084 270.062 4
211 -472.916 221.895 -798.151 271.891 4
212 177.641 259.167 -1380.31 191.206 2
213 -282.497 272.569 -798.026 247.456 2
214 -247.636 254.689 -815.521 229.043 2
215 -222.359 251.862 -830.771 226.48 2
216 -202.524 264.108 -835.093 238.262 2
217 -319.542 242.385 -727.411 247.551 4
218 -339.952 219.808 -892.341 260.928 4
219 -378.629 217.875 -862.805 261.89 4
220 -422.551 221.539 -834.084 270.062 4
221 -472.916 221.895 -798.151 271.891 4
222 177.641 259.167 -1380.31 191.206 2
223 -282.497 272.569 -798.026 247.456 2
224 -247.636 254.689 -815.521 229.043 2
225 -222.359 251.862 -830.771 226.48 2
226 -202.524 264.108 -835.093 238.262 2
227 -319.542 242.385 -727.411 247.551 4
228 -339.952 219.808 -892.341 260.928 4
229 -378.629 217.875 -862.805 261.89 4
230 -422.551 221.539 -834.084 270.062 4
231 -472.916 221.895 -798.151 271.891 4
232 177.641 259.167 -1380.31 191.206 2
233 -282.497 272.569 -798.026 247.456 2
234 -247.636 254.689 -815.521 229.043 2
235 -222.359 251.862 -830.771 226.48 2
236 -202.524 264.108 -835.093 238.262 2
237 -319.542 242.385 -727.411 247.551 4
238 -339.952 219.808 -892.341 260.928 4
239 -378.629 217.875 -862.805 261.89 4
240 -422.551 221.539 -834.084 270.062 4
241 -472.916 221.895 -798.151 271.891 4
242 177.641 259.167 -1380.31 191.206 2
243 RANDOM
244 -247.636 254.689 -815.521 229.043 2
245 -222.359 251.862 -830.771 226.48 2
246 -202.524 264.108 -835.093 238.262 2
247 RANDOM
248 -287.022 230.897 -717.741 220.572 2
249 -278.538 242.579 -694.151 217.97 2
250 -196.136 230.097 -724.311 209.763 2
251 -284.138 261.748 -661.627 270.512 4
252 -272.812 178.1 -752.398 196.69 4
253 -309.319 193.282 -769.994 227.453 4
254 -345.955 216.586 -776.208 270.994 4
255 -397.572 248.719 -774.301 328.533 4
256 -285.17 177.917 -923.576 210.795 4
257 -326.268 193.836 -892.383 230.864 4
258 -373.382 197.047 -860.463 237.228 4
259 -434.773 192.325 -817.182 228.524 4
260 231.706 245.198 -1397.21 162.62 2
261 -235.107 235.414 -817.166 198.475 2
262 -196.716 214.964 -831.922 178.251 2
263 -170.144 214.049 -846.519 178.831 2
264 -143.193 227.678 -848.005 194.502 2
265 RANDOM
266 -201.21 173.957 -790.022 164.245 2
267 RANDOM
268 -196.136 230.097 -724.311 209.763 2
269 -284.138 261.748 -661.627 270.512 4
270 -272.812 178.1 -752.398 196.69 4
271 -309.319 193.282 -769.994 227.453 4
272 -345.955 216.586 -776.208 270.994 4
273 -397.572 248.719 -774.301 328.533 4
274 -285.17 177.917 -923.576 210.795 4
275 -326.268 193.836 -892.383 230.864 4
276 -373.382 197.047 -860.463 237.228 4
277 -434.773 192.325 -817.182 228.524 4
278 231.706 245.198 -1397.21 162.62 2
279 -235.107 235.414 -817.166 198.475 2
280 -196.716 214.964 -831.922 178.251 2
281 -170.144 214.049 -846.519 178.831 2
282 -143.193 227.678 -848.005 194.502 2
283 -239.443 200.479 -791.657 206.509 4
284 -285.17 177.917 -923.576 210.795 4
285 -326.268 193.836 -892.383 230.864 4
286 -373.382 197.047 -860.463 237.228 4
287 -434.773 192.325 -817.182 228.524 4
288 231.706 245.198 -1397.21 162.62 2
289 -235.107 235.414 -817.166 198.475 2
290 -196.716 214.964 -831.922 178.251 2
291 -170.144 214.049 -846.519 178.831 2
292 -143.193 227.678 -848.005 194.502 2
293 -239.443 200.479 -791.657 206.509 4
294 -285.17 177.917 -923.576 210.795 4
295 -326.268 193.836 -892.383 230.864 4
296 -373.382 197.047 -860.463 237.228 4
297 -434.773 192.325 -817.182 228.524 4
298 231.706 245.198 -1397.21 162.62 2
299 -235.107 235.414 -817.166 198.475 2
300 -196.716 214.964 -831.922 178.251 2
301 -170.144 214.049 -846.519 178.831 2
302 -143.193 227.678 -848.005 194.502 2
303 -239.443 200.479 -791.657 206.509 4
304 -285.17 177.917 -923.576 210.795 4
305 -326.268 193.836 -892.383 230.864 4
306 -373.382 197.047 -860.463 237.228 4
307 -434.773 192.325 -817.182 228.524 4
308 231.706 245.198 -1397.21 162.62 2
309 -235.107 235.414 -817.166 198.475 2
310 -196.716 214.964 -831.922 178.251 2
311 -170.144 214.049 -846.519 178.831 2
312 -143.193 227.678 -848.005 194.502 2
313 -239.443 200.479 -791.657 206.509 4
314 -285.17 177.917 -923.576 210.795 4
315 -326.268 193.836 -892.383 230.864 4
316 -373.382 197.047 -860.463 237.228 4
317 -434.773 192.325 -817.182 228.524 4
318 231.706 245.198 -1397.21 162.62 2
319 -235.107 235.414 -817.166 198.475 2
320 -196.716 214.964 -831.922 178.251 2
321 -170.144 214.049 -846.519 178.831 2
322 -143.193 227.678 -848.005 194.502 2
323 -239.443 200.479 -791.657 206.509 4
324 -285.17 177.917 -923.576 210.795 4
325 -326.268 193.836 -892.383 230.864 4
326 RANDOM
327 -434.773 192.325 -817.182 228.524 4
328 231.706 245.198 -1397.21 162.62 2
329 -235.107 235.414 -817.166 198.475 2
330 -196.716 214.964 -831.922 178.251 2
331 -170.144 214.049 -846.519 178.831 2
332 -143.193 227.678 -848.005 194.502 2
333 -239.443 200.479 -791.657 206.509 4
334 -285.17 177.917 -923.576 210.795 4
335 -326.268 193.836 -892.383 230.864 4
336 -373.382 197.047 -860.463 237.228 4
337 -434.773 192.325 -817.182 228.524 4
338 231.706 245.198 -1397.21 162.62 2
339 -235.107 235.414 -817.166 198.475 2
340 -196.716 214.964 -831.922 178.251 2
341 -170.144 214.049 -846.519 178.831 2
342 RANDOM
343 -239.443 200.479 -791.657 206.509 4
344 -285.17 177.917 -923.576 210.795 4
345 -326.268 193.836 -892.383 230.864 4
346 -373.382 197.047 -860.463 237.228 4
347 -434.773 192.325 -817.182 228.524 4
348 RANDOM
349 146.421 169.15 -1366.62 116.073 2
350 97.2881 235.387 -1324.43 206.712 2
351 -235.107 235.414 -817.166 198.475 2
352 -196.716 214.964 -831.922 178.251 2
353 -170.144 214.049 -846.519 178.831 2
354 -143.193 227.678 -848.005 194.502 2
355 -239.443 200.479 -791.657 206.509 4
356 -285.17 177.917 -923.576 210.795 4
357 -326.268 193.836 -892.383 230.864 4
358 -373.382 197.047 -860.463 237.228 4
359 -434.773 192.325 -817.182 228.524 4
360 231.706 245.198 -1397.21 162.62 2
361 -235.107 235.414 -817.166 198.475 2
362 -196.716 214.964 -831.922 178.251 2
363 -170.144 214.049 -846.519 178.831 2
364 -143.193 227.678 -848.005 194.502 2
365 -239.443 200.479 -791.657 206.509 4
366 -285.17 177.917 -923.576 210.795 4
367 -326.268 193.836 -892.383 230.864 4
368 -373.382 197.047 -860.463 237.228 4
369 -434.773 192.325 -817.182 228.524 4
370 231.706 245.198 -1397.21 162.62 2
371 -235.107 235.414 -817.166 198.475 2
372 -196.716 214.964 -831.922 178.251 2
373 -170.144 214.049 -846.519 178.831 2
374 -143.193 227.678 -848.005 194.502 2
375 -239.443 200.479 -791.657 206.509 4
376 -285.17 177.917 -923.576 210.795 4
377 -326.268 193.836 -892.383 230.864 4
378 RANDOM
379 -434.773 192.325 -817.182 228.524 4
380 231.706 245.198 -1397.21 162.62 2
381 RANDOM
382 -196.716 214.964 -831.922 178.251 2
383 -170.144 214.049 -846.519 178.831 2
384 -143.193 227.678 -848.005 194.502 2
385 -239.443 200.479 -791.657 206.509 4
386 -285.17 177.917 -923.576 210.795 4
387 -326.268 193.836 -892.383 230.864 4
388 -373.382 197.047 -860.463 237.228 4
389 -434.773 192.325 -817.182 228.524 4
390 RANDOM
391 146.421 169.15 -1366.62 116.073 2
392 97.2881 235.387 -1324.43 206.712 2
393 -235.107 235.414 -817.166 198.475 2
394 -196.716 214.964 -831.922 178.251 2
395 -170.144 214.049 -846.519 178.831 2
396 -143.193 227.678 -848.005 194.502 2
397 -239.443 200.479 -791.657 206.509 4
398 -285.17 177.917 -923.576 210.795 4
399 -326.268 193.836 -892.383 230.864 4
400 RANDOM
401 -434.773 192.325 -817.182 228.524 4
402 231.706 245.198 -1397.21 162.62 2
403 -235.107 235.414 -817.166 198.475 2
404 -196.716 214.964 -831.922 178.251 2
405 -170.144 214.049 -846.519 178.831 2
406 -143.193 227.678 -848.005 194.502 2
407 -239.443 200.479 -791.657 206.509 4
408 -285.17 177.917 -923.576 210.795 4
409 -326.268 193.836 -892.383 230.864 4
410 -373.382 197.047 -860.463 237.228 4
411 -434.773 192.325 -817.182 228.524 4
412 231.706 245.198 -1397.21 162.62 2
413 -235.107 235.414 -817.166 198.475 2
414 -196.716 214.964 -831.922 178.251 2
415 -170.144 214.049 -846.519 178.831 2
416 -143.193 227.678 -848.005 194.502 2
417 -239.443 200.479 -791.657 206.509 4
418 RANDOM
419 -326.268 193.836 -892.383 230.864 4
420 -373.382 197.047 -860.463 237.228 4
421 -434.773 192.325 -817.182 228.524 4
422 231.706 245.198 -1397.21 162.62 2
423 -235.107 235.414 -817.166 198.475 2
424 -196.716 214.964 -831.922 178.251 2
425 -170.144 214.049 -846.519 178.831 2
426 -143.193 227.678 -848.005 194.502 2
427 -239.443 200.479 -791.657 206.509 4
428 -285.17 177.917 -923.576 210.795 4
429 -326.268 193.836 -892.383 230.864 4
430 -373.382 197.047 -860.463 237.228 4
431 -434.773 192.325 -817.182 228.524 4
432 231.706 245.198 -1397.21 162.62 2
433 RANDOM
434 -196.716 214.964 -831.922 178.251 2
435 -170.144 214.049 -846.519 178.831 2
436 -143.193 227.678 -848.005 194.502 2
437 -239.443 200.479 -791.657 206.509 4
438 -285.17 177.917 -923.576 210.795 4
439 -326.268 193.836 -892.383 230.864 4
440 -373.382 197.047 -860.463 237.228 4
441 -434.773 192.325 -817.182 228.524 4
442 231.706 245.198 -1397.21 162.62 2
443 -235.107 235.414 -817.166 198.475 2
444 -196.716 214.964 -831.922 178.251 2
445 RANDOM
446 -143.193 227.678 -848.005 194.502 2
447 -239.443 200.479 -791.657 206.509 4
448 -285.17 177.917 -923.576 210.795 4
449 -326.268 193.836 -892.383 230.864 4
450 RANDOM
451 -434.773 192.325 -817.182 228.524 4
452 231.706 245.198 -1397.21 162.62 2
453 -235.107 235.414 -817.166 198.475 2
454 -196.716 214.964 -831.922 178.251 2
455 -170.144 214.049 -846.519 178.831 2
456 RANDOM
457 RANDOM
458 -201.21 173.957 -790.022 164.245 2
459 -186.103 184.191 -767.151 163.334 2
460 -196.136 230.097 -724.311 209.763 2
461 -284.138 261.748 -661.627 270.512 4
462 -272.812 178.1 -752.398 196.69 4
463 -309.319 193.282 -769.994 227.453 4
464 -345.955 216.586 -776.208 270.994 4
465 -397.572 248.719 -774.301 328.533 4
466 -285.17 177.917 -923.576 210.795 4
467 -326.268 193.836 -892.383 230.864 4
468 -373.382 197.047 -860.463 237.228 4
469 -434.773 192.325 -817.182 228.524 4
470 231.706 245.198 -1397.21 162.62 2
471 -235.107 235.414 -817.166 198.475 2
472 -196.716 214.964 -831.922 178.251 2
473 -170.144 214.049 -846.519 178.831 2
474 -143.193 227.678 -848.005 194.502 2
475 -239.443 200.479 -791.657 206.509 4
476 -285.17 177.917 -923.576 210.795 4
477 -326.268 193.836 -892.383 230.864 4
478 -373.382 197.047 -860.463 237.228 4
479 -434.773 192.325 -817.182 228.524 4
480 231.706 245.198 -1397.21 162.62 2
481 -235.107 235.414 -817.166 198.475 2
482 -196.716 214.964 -831.922 178.251 2
483 -170.144 214.049 -846.519 178.831 2
484 -143.193 227.678 -848.005 194.502 2
485 -239.443 200.479 -791.657 206.509 4
486 -285.17 177.917 -923.576 210.795 4
487 -326.268 193.836 -892.383 230.864 4
488 -373.382 197.047 -860.463 237.228 4
489 -434.773 192.325 -817.182 228.524 4
490 231.706 245.198 -1397.21 162.62 2
491 -235.107 235.414 -817.166 198.475 2
492 -196.716 214.964 -831.922 178.251 2
493 -170.144 214.049 -846.519 178.831 2
494 -143.193 227.678 -848.005 194.502 2
495 -239.443 200.479 -791.657 206.509 4
496 -285.17 177.917 -923.576 210.795 4
497 -326.268 193.836 -892.383 230.864 4
498 -373.382 197.047 -860.463 237.228 4
499 -434.773 192.325 -817.182 228.524 4
500 231.706 245.198 -1397.21 162.62 2
501 -235.107 235.414 -817.166 198.475 2
502 -196.716 214.964 -831.922 178.251 2
503 -170.144 214.049 -846.519 178.831 2
504 -143.193 227.678 -848.005 194.502 2
505 -239.443 200.479 -791.657 206.509 4
506 -285.17 177.917 -923.576 210.795 4
507 -326.268 193.836 -892.383 230.864 4
508 -373.382 197.047 -860.463 237.228 4
509 -434.773 192.325 -817.182 228.524 4
510 231.706 245.198 -1397.21 162.62 2
511 RANDOM
512 -196.716 214.964 -831.922 178.251 2
513 -170.144 214.049 -846.519 178.831 2
514 -143.193 227.678 -848.005 194.502 2
515 -239.443 200.479 -791.657 206.509 4
516 -285.17 177.917 -923.576 210.795 4
517 -326.268 193.836 -892.383 230.864 4
518 -373.382 197.047 -860.463 237.228 4
519 -434.773 192.325 -817.182 228.524 4
520 231.706 245.198 -1397.21 162.62 2
521 -235.107 235.414 -817.166 198.475 2
522 -196.716 214.964 -831.922 178.251 2
523 -170.144 214.049 -846.519 178.831 2
524 -143.193 227.678 -848.005 194.502 2
525 -239.443 200.479 -791.657 206.509 4
526 -285.17 177.917 -923.576 210.795 4
527 -326.268 193.836 -892.383 230.864 4
528 -373.382 197.047 -860.463 237.228 4
529 -434.773 192.325 -817.182 228.524 4
530 231.706 245.198 -1397.21 162.62 2
531 -235.107 235.414 -817.166 198.475 2
532 -196.716 214.964 -831.922 178.251 2
533 -170.144 214.049 -846.519 178.831 2
534 -143.193 227.678 -848.005 194.502 2
535 -239.443 200.479 -791.657 206.509 4
536 -285.17 177.917 -923.576 210.795 4
537 -326.268 193.836 -892.383 230.864 4
538 -373.382 197.047 -860.463 237.228 4
539 -434.773 192.325 -817.182 228.524 4
540 231.706 245.198 -1397.21 162.62 2
541 -235.107 235.414 -817.166 198.475 2
542 -196.716 214.964 -831.922 178.251 2
543 -170.144 214.049 -846.519 178.831 2
544 -143.193 227.678 -848.005 194.502 2
545 -239.443 200.479 -791.657 206.509 4
546 -285.17 177.917 -923.576 210.795 4
547 -326.268 193.836 -892.383 230.864 4
548 -373.382 197.047 -860.463 237.228 4
549 -434.773 192.325 -817.182 228.524 4
550 231.706 245.198 -1397.21 162.62 2
551 -235.107 235.414 -817.166 198.475 2
552 -196.716 214.964 -831.922 178.251 2
553 -170.144 214.049 -846.519 178.831 2
554 RANDOM
555 -239.443 200.479 -791.657 206.509 4
556 -285.17 177.917 -923.576 210.795 4
557 -326.268 193.836 -892.383 230.864 4
558 -373.382 197.047 -860.463 237.228 4
559 -434.773 192.325 -817.182 228.524 4
560 231.706 245.198 -1397.21 162.62 2
561 -235.107 235.414 -817.166 198.475 2
562 -196.716 214.964 -831.922 178.251 2
563 -170.144 214.049 -846.519 178.831 2
564 -143.193 227.678 -848.005 194.502 2
565 -239.443 200.479 -791.657 206.509 4
566 -285.17 177.917 -923.576 210.795 4
567 -326.268 193.836 -892.383 230.864 4
568 -373.382 197.047 -860.463 237.228 4
569 -434.773 192.325 -817.182 228.524 4
570 231.706 245.198 -1397.21 162.62 2
571 -235.107 235.414 -817.166 198.475 2
572 -196.716 214.964 -831.922 178.251 2
573 -170.144 214.049 -846.519 178.831 2
574 -143.193 227.678 -848.005 194.502 2
575 -239.443 200.479 -791.657 206.509 4
576 -285.17 177.917 -923.576 210.795 4
577 -326.268 193.836 -892.383 230.864 4
578 -373.382 197.047 -860.463 237.228 4
579 -434.773 192.325 -817.182 228.524 4
580 RANDOM
581 146.421 169.15 -1366.62 116.073 2
582 97.2881 235.387 -1324.43 206.712 2
583 -235.107 235.414 -817.166 198.475 2
584 -196.716 214.964 -831.922 178.251 2
585 -170.144 214.049 -846.519 178.831 2
586 -143.193 227.678 -848.005 194.502 2
587 -239.443 200.479 -791.657 206.509 4
588 -285.17 177.917 -923.576 210.795 4
589 -326.268 193.836 -892.383 230.864 4
590 -373.382 197.047 -860.463 237.228 4
591 -434.773 192.325 -817.182 228.524 4
592 231.706 245.198 -1397.21 162.62 2
593 -235.107 235.414 -817.166 198.475 2
594 -196.716 214.964 -831.922 178.251 2
595 -170.144 214.049 -846.519 178.831 2
596 -143.193 227.678 -848.005 194.502 2
597 -239.443 200.479 -791.657 206.509 4
598 -285.17 177.917 -923.576 210.795 4
599 -326.268 193.836 -892.383 230.864 4
600 -373.382 197.047 -860.463 237.228 4
601 -434.773 192.325 -817.182 228.524 4
602 231.706 245.198 -1397.21 162.62 2
603 -235.107 235.414 -817.166 198.475 2
604 -196.716 214.964 -831.922 178.251 2
605 -170.144 214.049 -846.519 178.831 2
606 -143.193 227.678 -848.005 194.502 2
607 -239.443 200.479 -791.657 206.509 4
608 -285.17 177.917 -923.576 210.795 4
609 -326.268 193.836 -892.383 230.864 4
610 -373.382 197.047 -860.463 237.228 4
611 -434.773 192.325 -817.182 228.524 4
612 231.706 245.198 -1397.21 162.62 2
613 -235.107 235.414 -817.166 198.475 2
614 -196.716 214.964 -831.922 178.251 2
615 -170.144 214.049 -846.519 178.831 2
616 -143.193 227.678 -848.005 194.502 2
617 -239.443 200.479 -791.657 206.509 4
618 -285.17 177.917 -923.576 210.795 4
619 -326.268 193.836 -892.383 230.864 4
620 -373.382 197.047 -860.463 237.228 4
621 -434.773 192.325 -817.182 228.524 4
622 231.706 245.198 -1397.21 162.62 2
623 -235.107 235.414 -817.166 198.475 2
624 -196.716 214.964 -831.922 178.251 2
625 -170.144 214.049 -846.519 178.831 2
626 -143.193 227.678 -848.005 194.502 2
627 -239.443 200.479 -791.657 206.509 4
628 -285.17 177.917 -923.576 210.795 4
629 -326.268 193.836 -892.383 230.864 4
630 -373.382 197.047 -860.463 237.228 4
631 -434.773 192.325 -817.182 228.524 4
632 RANDOM
633 146.421 169.15 -1366.62 116.073 2
634 97.2881 235.387 -1324.43 206.712 2
635 -235.107 235.414 -817.166 198.475 2
636 -196.716 214.964 -831.922 178.251 2
637 -170.144 214.049 -846.519 178.831 2
638 -143.193 227.678 -848.005 194.502 2
639 -239.443 200.479 -791.657 206.509 4
640 -285.17 177.917 -923.576 210.795 4
641 -326.268 193.836 -892.383 230.864 4
642 -373.382 197.047 -860.463 237.228 4
643 -434.773 192.325 -817.182 228.524 4
644 231.706 245.198 -1397.21 162.62 2
645 -235.107 235.414 -817.166 198.475 2
646 -196.716 214.964 -831.922 178.251 2
647 -170.144 214.049 -846.519 178.831 2
648 -143.193 227.678 -848.005 194.502 2
649 -239.443 200.479 -791.657 206.509 4
650 -285.17 177.917 -923.576 210.795 4
651 -326.268 193.836 -892.383 230.864 4
652 -373.382 197.047 -860.463 237.228 4
653 -434.773 192.325 -817.182 228.524 4
654 231.706 245.198 -1397.21 162.62 2
655 -235.107 235.414 -817.166 198.475 2
656 -196.716 214.964 -831.922 178.251 2
657 -170.144 214.049 -846.519 178.831 2
658 -143.193 227.678 -848.005 194.502 2
659 -239.443 200.479 -791.657 206.509 4
660 -285.17 177.917 -923.576 210.795 4
661 -326.268 193.836 -892.383 230.864 4
662 -373.382 197.047 -860.463 237.228 4
663 -434.773 192.325 -817.182 228.524 4
664 231.706 245.198 -1397.21 162.62 2
665 -235.107 235.414 -817.166 198.475 2
666 -196.716 214.964 -831.922 178.251 2
667 -170.144 214.049 -846.519 178.831 2
668 -143.193 227.678 -848.005 194.502 2
669 -239.443 200.479 -791.657 206.509 4
670 -285.17 177.917 -923.576 210.795 4
671 -326.268 193.836 -892.383 230.864 4
672 -373.382 197.047 -860.463 237.228 4
673 RANDOM
674 231.706 245.198 -1397.21 162.62 2
675 -235.107 235.414 -817.166 198.475 2
676 -196.716 214.964 -831.922 178.251 2
677 RANDOM
678 -143.193 227.678 -848.005 194.502 2
679 -239.443 200.479 -791.657 206.509 4
680 -285.17 177.917 -923.576 210.795 4
681 -326.268 193.836 -892.383 230.864 4
682 -373.382 197.047 -860.463 237.228 4
683 -434.773 192.325 -817.182 228.524 4
684 231.706 245.198 -1397.21 162.62 2
685 -235.107 235.414 -817.166 198.475 2
686 -196.716 214.964 -831.922 178.251 2
687 -170.144 214.049 -846.519 178.831 2
688 -143.193 227.678 -848.005 194.502 2
689 -239.443 200.479 -791.657 206.509 4
690 -285.17 177.917 -923.576 210.795 4
691 -326.268 193.836 -892.383 230.864 4
692 -373.382 197.047 -860.463 237.228 4
693 -434.773 192.325 -817.182 228.524 4
694 231.706 245.198 -1397.21 162.62 2
695 -235.107 235.414 -817.166 198.475 2
696 -196.716 214.964 -831.922 178.251 2
697 -170.144 214.049 -846.519 178.831 2
698 RANDOM
699 -239.443 200.479 -791.657 206.509 4
700 -285.17 177.917 -923.576 210.795 4
701 -326.268 193.836 -892.383 230.864 4
702 -373.382 197.047 -860.463 237.228 4
703 -434.773 192.325 -817.182 228.524 4
704 231.706 245.198 -1397.21 162.62 2
705 -235.107 235.414 -817.166 198.475 2
706 -196.716 214.964 -831.922 178.251 2
707 -170.144 214.049 -846.519 178.831 2
708 -143.193 227.678 -848.005 194.502 2
709 -239.443 200.479 -791.657 206.509 4
710 -285.17 177.917 -923.576 210.795 4
711 -326.268 193.836 -892.383 230.864 4
712 RANDOM
713 -434.773 192.325 -817.182 228.524 4
714 RANDOM
715 146.421 169.15 -1366.62 116.073 2
716 97.2881 235.387 -1324.43 206.712 2
717 -235.107 235.414 -817.166 198.475 2
718 -196.716 214.964 -831.922 178.251 2
719 -170.144 214.049 -846.519 178.831 2
720 -143.193 227.678 -848.005 194.502 2
721 -239.443 200.479 -791.657 206.509 4
722 RANDOM
723 -326.268 193.836 -892.383 230.864 4
724 -373.382 197.047 -860.463 237.228 4
725 -434.773 192.325 -817.182 228.524 4
726 231.706 245.198 -1397.21 162.62 2
727 -235.107 235.414 -817.166 198.475 2
728 -196.716 214.964 -831.922 178.251 2
729 -170.144 214.049 -846.519 178.831 2
730 -143.193 227.678 -848.005 194.502 2
731 -239.443 200.479 -791.657 206.509 4
732 -285.17 177.917 -923.576 210.795 4
733 -326.268 193.836 -892.383 230.864 4
734 -373.382 197.047 -860.463 237.228 4
735 -434.773 192.325 -817.182 228.524 4
736 231.706 245.198 -1397.21 162.62 2
737 -235.107 235.414 -817.166 198.475 2
738 RANDOM
739 -170.144 214.049 -846.519 178.831 2
740 -143.193 227.678 -848.005 194.502 2
741 -239.443 200.479 -791.657 206.509 4
742 -285.17 177.917 -923.576 210.795 4
743 -326.268 193.836 -892.383 230.864 4
744 -373.382 197.047 -860.463 237.228 4
745 -434.773 192.325 -817.182 228.524 4
746 231.706 245.198 -1397.21 162.62 2
747 -235.107 235.414 -817.166 198.475 2
748 -196.716 214.964 -831.922 178.251 2
749 -170.144 214.049 -846.519 178.831 2
750 -143.193 227.678 -848.005 194.502 2
751 -239.443 200.479 -791.657 206.509 4
752 -285.17 177.917 -923.576 210.795 4
753 -326.268 193.836 -892.383 230.864 4
754 -373.382 197.047 -860.463 237.228 4
755 -434.773 192.325 -817.182 228.524 4
756 231.706 245.198 -1397.21 162.62 2
757 -235.107 235.414 -817.166 198.475 2
758 -196.716 214.964 -831.922 178.251 2
759 -170.144 214.049 -846.519 178.831 2
760 -143.193 227.678 -848.005 194.502 2
761 -239.443 200.479 -791.657 206.509 4
762 -285.17 177.917 -923.576 210.795 4
763 -326.268 193.836 -892.383 230.864 4
764 -373.382 197.047 -860.463 237.228 4
765 -434.773 192.325 -817.182 228.524 4
766 231.706 245.198 -1397.21 162.62 2
767 -235.107 235.414 -817.166 198.475 2
768 -196.716 214.964 -831.922 178.251 2
769 -170.144 214.049 -846.519 178.831 2
770 -143.193 227.678 -848.005 194.502 2
771 -239.443 200.479 -791.657 206.509 4
772 -285.17 177.917 -923.576 210.795 4
773 -326.268 193.836 -892.383 230.864 4
774 -373.382 197.047 -860.463 237.228 4
775 -434.773 192.325 -817.182 228.524 4
776 RANDOM
777 146.421 169.15 -1366.62 116.073 2
778 97.2881 235.387 -1324.43 206.712 2
779 -235.107 235.414 -817.166 198.475 2
780 -196.716 214.964 -831.922 178.251 2
781 -170.144 214.049 -846.519 178.831 2
782 -143.193 227.678 -848.005 194.502 2
783 -239.443 200.479 -791.657 206.509 4
784 -285.17 177.917 -923.576 210.795 4
785 -326.268 193.836 -892.383 230.864 4
786 -373.382 197.047 -860.463 237.228 4
787 -434.773 192.325 -817.182 228.524 4
788 231.706 245.198 -1397.21 162.62 2
789 -235.107 235.414 -817.166 198.475 2
790 -196.716 214.964 -831.922 178.251 2
791 -170.144 214.049 -846.519 178.831 2
792 -143.193 227.678 -848.005 194.502 2
793 -239.443 200.479 -791.657 206.509 4
794 -285.17 177.917 -923.576 210.795 4
795 -326.268 193.836 -892.383 230.864 4
796 -373.382 197.047 -860.463 237.228 4
797 -434.773 192.325 -817.182 228.524 4
798 231.706 245.198 -1397.21 162.62 2
799 -235.107 235.414 -817.166 198.475 2
800 -196.716 214.964 -831.922 178.251 2
801 -170.144 214.049 -846.519 178.831 2
802 -143.193 227.678 -848.005 194.502 2
803 -239.443 200.479 -791.657 206.509 4
804 -285.17 177.917 -923.576 210.795 4
805 -326.268 193.836 -892.383 230.864 4
806 -373.382 197.047 -860.463 237.228 4
807 -434.773 192.325 -817.182 228.524 4
808 231.706 245.198 -1397.21 162.62 2
809 RANDOM
810 -196.716 214.964 -831.922 178.251 2
811 -170.144 214.049 -846.519 178.831 2
812 -143.193 227.678 -848.005 194.502 2
813 -239.443 200.479 -791.657 206.509 4
814 -285.17 177.917 -923.576 210.795 4
815 -326.268 193.836 -892.383 230.864 4
816 -373.382 197.047 -860.463 237.228 4
817 -434.773 192.325 -817.182 228.524 4
818 231.706 245.198 -1397.21 162.62 2
819 -235.107 235.414 -817.166 198.475 2
820 RANDOM
821 -170.144 214.049 -846.519 178.831 2
822 -143.193 227.678 -848.005 194.502 2
823 -239.443 200.479 -791.657 206.509 4
824 -285.17 177.917 -923.576 210.795 4
825 RANDOM
826 -373.382 197.047 -860.463 237.228 4
827 -434.773 192.325 -817.182 228.524 4
828 231.706 245.198 -1397.21 162.62 2
829 -235.107 235.414 -817.166 198.475 2
830 -196.716 214.964 -831.922 178.251 2
831 -170.144 214.049 -846.519 178.831 2
832 -143.193 227.678 -848.005 194.502 2
833 -239.443 200.479 -791.657 206.509 4
834 -285.17 177.917 -923.576 210.795 4
835 -326.268 193.836 -892.383 230.864 4
836 -373.382 197.047 -860.463 237.228 4
837 -434.773 192.325 -817.182 228.524 4
838 231.706 245.198 -1397.21 162.62 2
839 -235.107 235.414 -817.166 198.475 2
840 -196.716 214.964 -831.922 178.251 2
841 -170.144 214.049 -846.519 178.831 2
842 -143.193 227.678 -848.005 194.502 2
843 -239.443 200.479 -791.657 206.509 4
844 -285.17 177.917 -923.576 210.795 4
845 -326.268 193.836 -892.383 230.864 4
846 -373.382 197.047 -860.463 237.228 4
847 -434.773 192.325 -817.182 228.524 4
848 231.706 245.198 -1397.21 162.62 2
849 -235.107 235.414 -817.166 198.475 2
850 -196.716 214.964 -831.922 178.251 2
851 -170.144 214.049 -846.519 178.831 2
852 RANDOM
853 -239.443 200.479 -791.657 206.509 4
854 -285.17 177.917 -923.576 210.795 4
855 -326.268 193.836 -892.383 230.864 4
856 RANDOM
857 -434.773 192.325 -817.182 228.524 4
858 231.706 245.198 -1397.21 162.62 2
859 -235.107 235.414 -817.166 198.475 2
860 -196.716 214.964 -831.922 178.251 2
861 -170.144 214.049 -846.519 178.831 2
862 -143.193 227.678 -848.005 194.502 2
863 -239.443 200.479 -791.657 206.509 4
864 -285.17 177.917 -923.576 210.795 4
865 -326.268 193.836 -892.383 230.864 4
866 -373.382 197.047 -860.463 237.228 4
867 -434.773 192.325 -817.182 228.524 4
868 231.706 245.198 -1397.21 162.62 2
869 -235.107 235.414 -817.166 198.475 2
870 -196.716 214.964 -831.922 178.251 2
871 -170.144 214.049 -846.519 178.831 2
872 -143.193 227.678 -848.005 194.502 2
873 RANDOM
874 -201.21 173.957 -790.022 164.245 2
875 -186.103 184.191 -767.151 163.334 2
876 -196.136 230.097 -724.311 209.763 2
877 -284.138 261.748 -661.627 270.512 4
878 -272.812 178.1 -752.398 196.69 4
879 -309.319 193.282 -769.994 227.453 4
880 -345.955 216.586 -776.208 270.994 4
881 -397.572 248.719 -774.301 328.533 4
882 -285.17 177.917 -923.576 210.795 4
883 -326.268 193.836 -892.383 230.864 4
884 -373.382 197.047 -860.463 237.228 4
885 -434.773 192.325 -817.182 228.524 4
886 231.706 245.198 -1397.21 162.62 2
887 -235.107 235.414 -817.166 198.475 2
888 -196.716 214.964 -831.922 178.251 2
889 -170.144 214.049 -846.519 178.831 2
890 -143.193 227.678 -848.005 194.502 2
891 -239.443 200.479 -791.657 206.509 4
892 -285.17 177.917 -923.576 210.795 4
893 -326.268 193.836 -892.383 230.864 4
894 -373.382 197.047 -860.463 237.228 4
895 -434.773 192.325 -817.182 228.524 4
896 231.706 245.198 -1397.21 162.62 2
897 -235.107 235.414 -817.166 198.475 2
898 -196.716 214.964 -831.922 178.251 2
899 -170.144 214.049 -846.519 178.831 2
900 -143.193 227.678 -848.005 194.502 2
901 -239.443 200.479 -791.657 206.509 4
902 -285.17 177.917 -923.576 210.795 4
903 -326.268 193.836 -892.383 230.864 4
904 -373.382 197.047 -860.463 237.228 4
905 -434.773 192.325 -817.182 228.524 4
906 231.706 245.198 -1397.21 162.62 2
907 -235.107 235.414 -817.166 198.475 2
908 -196.716 214.964 -831.922 178.251 2
909 -170.144 214.049 -846.519 178.831 2
910 RANDOM
911 -239.443 200.479 -791.657 206.509 4
912 -285.17 177.917 -923.576 210.795 4
913 -326.268 193.836 -892.383 230.864 4
914 -373.382 197.047 -860.463 237.228 4
915 -434.773 192.325 -817.182 228.524 4
916 231.706 245.198 -1397.21 162.62 2
917 -235.107 235.414 -817.166 198.475 2
918 -196.716 214.964 -831.922 178.251 2
919 -170.144 214.049 -846.519 178.831 2
920 -143.193 227.678 -848.005 194.502 2
921 -239.443 200.479 -791.657 206.509 4
922 -285.17 177.917 -923.576 210.795 4
923 -326.268 193.836 -892.383 230.864 4
924 -373.382 197.047 -860.463 237.228 4
925 -434.773 192.325 -817.182 228.524 4
926 231.706 245.198 -1397.21 162.62 2
927 -235.107 235.414 -817.166 198.475 2
928 -196.716 214.964 -831.922 178.251 2
929 -170.144 214.049 -846.519 178.831 2
930 -143.193 227.678 -848.005 194.502 2
931 -239.443 200.479 -791.657 206.509 4
932 -285.17 177.917 -923.576 210.795 4
933 -326.268 193.836 -892.383 230.864 4
934 -373.382 197.047 -860.463 237.228 4
935 -434.773 192.325 -817.182 228.524 4
936 231.706 245.198 -1397.21 162.62 2
937 -235.107 235.414 -817.166 198.475 2
938 RANDOM
939 -170.144 214.049 -846.519 178.831 2
940 -143.193 227.678 -848.005 194.502 2
941 -239.443 200.479 -791.657 206.509 4
942 -285.17 177.917 -923.576 210.795 4
943 -326.268 193.836 -892.383 230.864 4
944 RANDOM
945 -434.773 192.325 -817.182 228.524 4
946 RANDOM
947 146.421 169.15 -1366.62 116.073 2
948 97.2881 235.387 -1324.43 206.712 2
949 -235.107 235.414 -817.166 198.475 2
950 -196.716 214.964 -831.922 178.251 2
951 -170.144 214.049 -846.519 178.831 2
952 -143.193 227.678 -848.005 194.502 2
953 RANDOM
954 -201.21 173.957 -790.022 164.245 2
955 -186.103 184.191 -767.151 163.334 2
956 -196.136 230.097 -724.311 209.763 2
957 -284.138 261.748 -661.627 270.512 4
958 -272.812 178.1 -752.398 196.69 4
959 -309.319 193.282 -769.994 227.453 4
960 -345.955 216.586 -776.208 270.994 4
961 -397.572 248.719 -774.301 328.533 4
962 -285.17 177.917 -923.576 210.795 4
963 -326.268 193.836 -892.383 230.864 4
964 -373.382 197.047 -860.463 237.228 4
965 -434.773 192.325 -817.182 228.524 4
966 231.706 245.198 -1397.21 162.62 2
967 -235.107 235.414 -817.166 198.475 2
968 -196.716 214.964 -831.922 178.251 2
969 -170.144 214.049 -846.519 178.831 2
970 RANDOM
971 -239.443 200.479 -791.657 206.509 4
972 -285.17 177.917 -923.576 210.795 4
973 -326.268 193.836 -892.383 230.864 4
974 -373.382 197.047 -860.463 237.228 4
975 -434.773 192.325 -817.182 228.524 4
976 231.706 245.198 -1397.21 162.62 2
977 RANDOM
978 -196.716 214.964 -831.922 178.251 2
979 -170.144 214.049 -846.519 178.831 2
980 -143.193 227.678 -848.005 194.502 2
981 -239.443 200.479 -791.657 206.509 4
982 -285.17 177.917 -923.576 210.795 4
983 -326.268 193.836 -892.383 230.864 4
984 -373.382 197.047 -860.463 237.228 4
985 -434.773 192.325 -817.182 228.524 4
986 231.706 245.198 -1397.21 162.62 2
987 RANDOM
988 -196.716 214.964 -831.922 178.251 2
989 -170.144 214.049 -846.519 178.831 2
990 -143.193 227.678 -848.005 194.502 2
991 -239.443 200.479 -791.657 206.509 4
992 -285.17 177.917 -923.576 210.795 4
993 -326.268 193.836 -892.383 230.864 4
994 -373.382 197.047 -860.463 237.228 4
995 -434.773 192.325 -817.182 228.524 4
996 231.706 245.198 -1397.21 162.62 2
997 -235.107 235.414 -817.166 198.475 2
998 -196.716 214.964 -831.922 178.251 2
999 -170.144 214.049 -846.519 178.831 2
1000 -143.193 227.678 -848.005 194.502 2
1001 -239.443 200.479 -791.657 206.509 4
1002 -285.17 177.917 -923.576 210.795 4
1003 -326.268 193.836 -892.383 230.864 4
1004 -373.382 197.047 -860.463 237.228 4
1005 -434.773 192.325 -817.182 228.524 4
1006 231.706 245.198 -1397.21 162.62 2
1007 -235.107 235.414 -817.166 198.475 2
1008 -196.716 214.964 -831.922 178.251 2
1009 -170.144 214.049 -846.519 178.831 2
1010 -143.193 227.678 -848.005 194.502 2
1011 -239.443 200.479 -791.657 206.509 4
1012 -285.17 177.917 -923.576 210.795 4
1013 -326.268 193.836 -892.383 230.864 4
1014 -373.382 197.047 -860.463 237.228 4
1015 -434.773 192.325 -817.182 228.524 4
1016 231.706 245.198 -1397.21 162.62 2
1017 -235.107 235.414 -817.166 198.475 2
1018 -196.716 214.964 -831.922 178.251 2
1019 -170.144 214.049 -846.519 178.831 2
1020 -143.193 227.678 -848.005 194.502 2
1021 -239.443 200.479 -791.657 206.509 4
1022 -285.17 177.917 -923.576 210.795 4
1023 -326.268 193.836 -892.383 230.864 4
1024 -373.382 197.047 -860.463 237.228 4
1025 -434.773 192.325 -817.182 228.524 4
1026 231.706 245.198 -1397.21 162.62 2
1027 -235.107 235.414 -817.166 198.475 2
1028 -196.716 214.964 -831.922 178.251 2
1029 -170.144 214.049 -846.519 178.831 2
1030 -143.193 227.678 -848.005 194.502 2
1031 -239.443 200.479 -791.657 206.509 4
1032 -285.17 177.917 -923.576 210.795 4
1033 -326.268 193.836 -892.383 230.864 4
1034 -373.382 197.047 -860.463 237.228 4
1035 -434.773 192.325 -817.182 228.524 4
1036 231.706 245.198 -1397.21 162.62 2
1037 -235.107 235.414 -817.166 198.475 2
1038 -196.716 214.964 -831.922 178.251 2
1039 -170.144 214.049 -846.519 178.831 2
1040 -143.193 227.678 -848.005 194.502 2
1041 -239.443 200.479 -791.657 206.509 4
1042 -285.17 177.917 -923.576 210.795 4
1043 -326.268 193.836 -892.383 230.864 4
1044 -373.382 197.047 -860.463 237.228 4
1045 -434.773 192.325 -817.182 228.524 4
1046 231.706 245.198 -1397.21 162.62 2
1047 -235.107 235.414 -817.166 198.475 2
1048 -196.716 214.964 -831.922 178.251 2
1049 -170.144 214.049 -846.519 178.831 2
1050 -143.193 227.678 -848.005 194.502 2
1051 -239.443 200.479 -791.657 206.509 4
1052 -285.17 177.917 -923.576 210.795 4
1053 -326.268 193.836 -892.383 230.864 4
1054 -373.382 197.047 -860.463 237.228 4
1055 -434.773 192.325 -817.182 228.524 4
1056 231.706 245.198 -1397.21 162.62 2
1057 -235.107 235.414 -817.166 198.475 2
1058 -196.716 214.964 -831.922 178.251 2
1059 -170.144 214.049 -846.519 178.831 2
1060 RANDOM
1061 -239.443 200.479 -791.657 206.509 4
1062 -285.17 177.917 -923.576 210.795 4
1063 -326.268 193.836 -892.383 230.864 4
1064 -373.382 197.047 -860.463 237.228 4
1065 -434.773 192.325 -817.182 228.524 4
1066 231.706 245.198 -1397.21 162.62 2
1067 -235.107 235.414 -817.166 198.475 2
1068 -196.716 214.964 -831.922 178.251 2
1069 -170.144 214.049 -846.519 178.831 2
1070 -143.193 227.678 -848.005 194.502 2
1071 -239.443 200.479 -791.657 206.509 4
1072 -285.17 177.917 -923.576 210.795 4
1073 -326.268 193.836 -892.383 230.864 4
1074 -373.382 197.047 -860.463 237.228 4
1075 -434.773 192.325 -817.182 228.524 4
1076 231.706 245.198 -1397.21 162.62 2
1077 -235.107 235.414 -817.166 198.475 2
1078 -196.716 214.964 -831.922 178.251 2
1079 -170.144 214.049 -846.519 178.831 2
1080 -143.193 227.678 -848.005 194.502 2
1081 -239.443 200.479 -791.657 206.509 4
1082 -285.17 177.917 -923.576 210.795 4
1083 -326.268 193.836 -892.383 230.864 4
1084 -373.382 197.047 -860.463 237.228 4
1085 -434.773 192.325 -817.182 228.524 4
1086 231.706 245.198 -1397.21 162.62 2
1087 -235.107 235.414 -817.166 198.475 2
1088 -196.716 214.964 -831.922 178.251 2
1089 -170.144 214.049 -846.519 178.831 2
1090 -143.193 227.678 -848.005 194.502 2
1091 -239.443 200.479 -791.657 206.509 4
1092 -285.17 177.917 -923.576 210.795 4
1093 -326.268 193.836 -892.383 230.864 4
1094 -373.382 197.047 -860.463 237.228 4
1095 -434.773 192.325 -817.182 228.524 4
1096 231.706 245.198 -1397.21 162.62 2
1097 RANDOM
1098 -196.716 214.964 -831.922 178.251 2
1099 -170.144 214.049 -846.519 178.831 2
1100 -143.193 227.678 -848.005 194.502 2
1101 -239.443 200.479 -791.657 206.509 4
1102 RANDOM
1103 RANDOM
1104 -373.382 197.047 -860.463 237.228 4
1105 -434.773 192.325 -817.182 228.524 4
1106 231.706 245.198 -1397.21 162.62 2
1107 -235.107 235.414 -817.166 198.475 2
1108 -196.716 214.964 -831.922 178.251 2
1109 -170.144 214.049 -846.519 178.831 2
1110 -143.193 227.678 -848.005 194.502 2
1111 -239.443 200.479 -791.657 206.509 4
1112 -285.17 177.917 -923.576 210.795 4
1113 -326.268 193.836 -892.383 230.864 4
1114 -373.382 197.047 -860.463 237.228 4
1115 -434.773 192.325 -817.182 228.524 4
1116 231.706 245.198 -1397.21 162.62 2
1117 -235.107 235.414 -817.166 198.475 2
1118 -196.716 214.964 -831.922 178.251 2
1119 -170.144 214.049 -846.519 178.831 2
1120 -143.193 227.678 -848.005 194.502 2
1121 -239.443 200.479 -791.657 206.509 4
1122 -285.17 177.917 -923.576 210.795 4
1123 -326.268 193.836 -892.383 230.864 4
1124 -373.382 197.047 -860.463 237.228 4
1125 -434.773 192.325 -817.182 228.524 4
1126 RANDOM
1127 146.421 169.15 -1366.62 116.073 2
1128 97.2881 235.387 -1324.43 206.712 2
1129 -235.107 235.414 -817.166 198.475 2
1130 -196.716 214.964 -831.922 178.251 2
1131 -170.144 214.049 -846.519 178.831 2
1132 -143.193 227.678 -848.005 194.502 2
1133 -239.443 200.479 -791.657 206.509 4
1134 -285.17 177.917 -923.576 210.795 4
1135 RANDOM
1136 -373.382 197.047 -860.463 237.228 4
1137 -434.773 192.325 -817.182 228.524 4
1138 231.706 245.198 -1397.21 162.62 2
1139 RANDOM
1140 -196.716 214.964 -831.922 178.251 2
1141 -170.144 214.049 -846.519 178.831 2
1142 -143.193 227.678 -848.005 194.502 2
1143 -239.443 200.479 -791.657 206.509 4
1144 -285.17 177.917 -923.576 210.795 4
1145 -326.268 193.836 -892.383 230.864 4
1146 -373.382 197.047 -860.463 237.228 4
1147 -434.773 192.325 -817.182 228.524 4
1148 231.706 245.198 -1397.21 162.62 2
1149 -235.107 235.414 -817.166 198.475 2
1150 -196.716 214.964 -831.922 178.251 2
1151 -170.144 214.049 -846.519 178.831 2
1152 -143.193 227.678 -848.005 194.502 2
1153 -239.443 200.479 -791.657 206.509 4
1154 RANDOM
1155 -326.268 193.836 -892.383 230.864 4
1156 -373.382 197.047 -860.463 237.228 4
1157 -434.773 192.325 -817.182 228.524 4
1158 231.706 245.198 -1397.21 162.62 2
1159 -235.107 235.414 -817.166 198.475 2
1160 -196.716 214.964 -831.922 178.251 2
1161 -170.144 214.049 -846.519 178.831 2
1162 -143.193 227.678 -848.005 194.502 2
1163 -239.443 200.479 -791.657 206.509 4
1164 -285.17 177.917 -923.576 210.795 4
1165 -326.268 193.836 -892.383 230.864 4
1166 -373.382 197.047 -860.463 237.228 4
1167 -434.773 192.325 -817.182 228.524 4
1168 231.706 245.198 -1397.21 162.62 2
1169 -235.107 235.414 -817.166 198.475 2
1170 -196.716 214.964 -831.922 178.251 2
1171 -170.144 214.049 -846.519 178.831 2
1172 -143.193 227.678 -848.005 194.502 2
1173 -239.443 200.479 -791.657 206.509 4
1174 -285.17 177.917 -923.576 210.795 4
1175 -326.268 193.836 -892.383 230.864 4
1176 -373.382 197.047 -860.463 237.228 4
1177 -434.773 192.325 -817.182 228.524 4
1178 231.706 245.198 -1397.21 162.62 2
1179 -235.107 235.414 -817.166 198.475 2
1180 -196.716 214.964 -831.922 178.251 2
1181 -170.144 214.049 -846.519 178.831 2
1182 -143.193 227.678 -848.005 194.502 2
1183 -239.443 200.479 -791.657 206.509 4
1184 -285.17 177.917 -923.576 210.795 4
1185 RANDOM
1186 -373.382 197.047 -860.463 237.228 4
1187 -434.773 192.325 -817.182 228.524 4
1188 231.706 245.198 -1397.21 162.62 2
1189 -235.107 235.414 -817.166 198.475 2
1190 -196.716 214.964 -831.922 178.251 2
1191 -170.144 214.049 -846.519 178.831 2
1192 -143.193 227.678 -848.005 194.502 2
1193 -239.443 200.479 -791.657 206.509 4
1194 -285.17 177.917 -923.576 210.795 4
1195 -326.268 193.836 -892.383 230.864 4
1196 -373.382 197.047 -860.463 237.228 4
1197 -434.773 192.325 -817.182 228.524 4
1198 231.706 245.198 -1397.21 162.62 2
1199 RANDOM
1200 -196.716 214.964 -831.922 178.251 2
1201 -170.144 214.049 -846.519 178.831 2
1202 -143.193 227.678 -848.005 194.502 2
1203 -239.443 200.479 -791.657 206.509 4
1204 -285.17 177.917 -923.576 210.795 4
1205 -326.268 193.836 -892.383 230.864 4
1206 -373.382 197.047 -860.463 237.228 4
1207 -434.773 192.325 -817.182 228.524 4
1208 RANDOM
1209 146.421 169.15 -1366.62 116.073 2
1210 97.2881 235.387 -1324.43 206.712 2
1211 -235.107 235.414 -817.166 198.475 2
1212 -196.716 214.964 -831.922 178.251 2
1213 -170.144 214.049 -846.519 178.831 2
1214 -143.193 227.678 -848.005 194.502 2
1215 -239.443 200.479 -791.657 206.509 4
1216 -285.17 177.917 -923.576 210.795 4
1217 -326.268 193.836 -892.383 230.864 4
1218 -373.382 197.047 -860.463 237.228 4
1219 -434.773 192.325 -817.182 228.524 4
1220 231.706 245.198 -1397.21 162.62 2
1221 -235.107 235.414 -817.166 198.475 2
1222 -196.716 214.964 -831.922 178.251 2
1223 -170.144 214.049 -846.519 178.831 2
1224 -143.193 227.678 -848.005 194.502 2
1225 -239.443 200.479 -791.657 206.509 4
1226 -285.17 177.917 -923.576 210.795 4
1227 -326.268 193.836 -892.383 230.864 4
1228 -373.382 197.047 -860.463 237.228 4
1229 -434.773 192.325 -817.182 228.524 4
1230 231.706 245.198 -1397.21 162.62 2
1231 -235.107 235.414 -817.166 198.475 2
1232 -196.716 214.964 -831.922 178.251 2
1233 -170.144 214.049 -846.519 178.831 2
1234 -143.193 227.678 -848.005 194.502 2
1235 -239.443 200.479 -791.657 206.509 4
1236 -285.17 177.917 -923.576 210.795 4
1237 -326.268 193.836 -892.383 230.864 4
1238 -373.382 197.047 -860.463 237.228 4
1239 -434.773 192.325 -817.182 228.524 4
1240 231.706 245.198 -1397.21 162.62 2
1241 -235.107 235.414 -817.166 198.475 2
1242 -196.716 214.964 -831.922 178.251 2
1243 -170.144 214.049 -846.519 178.831 2
1244 -143.193 227.678 -848.005 194.502 2
1245 -239.443 200.479 -791.657 206.509 4
1246 -285.17 177.917 -923.576 210.795 4
1247 -326.268 193.836 -892.383 230.864 4
1248 -373.382 197.047 -860.463 237.228 4
1249 -434.773 192.325 -817.182 228.524 4
1250 231.706 245.198 -1397.21 162.62 2
1251 -235.107 235.414 -817.166 198.475 2
1252 -196.716 214.964 -831.922 178.251 2
1253 -170.144 214.049 -846.519 178.831 2
1254 -143.193 227.678 -848.005 194.502 2
1255 RANDOM
1256 -201.21 173.957 -790.022 164.245 2
1257 -186.103 184.191 -767.151 163.334 2
1258 -196.136 230.097 -724.311 209.763 2
1259 -284.138 261.748 -661.627 270.512 4
1260 -272.812 178.1 -752.398 196.69 4
1261 -309.319 193.282 -769.994 227.453 4
1262 RANDOM
1263 -397.572 248.719 -774.301 328.533 4
1264 -285.17 177.917 -923.576 210.795 4
1265 -326.268 193.836 -892.383 230.864 4
1266 -373.382 197.047 -860.463 237.228 4
1267 -434.773 192.325 -817.182 228.524 4
1268 231.706 245.198 -1397.21 162.62 2
1269 -235.107 235.414 -817.166 198.475 2
1270 -196.716 214.964 -831.922 178.251 2
1271 -170.144 214.049 -846.519 178.831 2
1272 -143.193 227.678 -848.005 194.502 2
1273 -239.443 200.479 -791.657 206.509 4
1274 -285.17 177.917 -923.576 210.795 4
1275 -326.268 193.836 -892.383 230.864 4
1276 -373.382 197.047 -860.463 237.228 4
1277 -434.773 192.325 -817.182 228.524 4
1278 231.706 245.198 -1397.21 162.62 2
1279 RANDOM
1280 -196.716 214.964 -831.922 178.251 2
1281 -170.144 214.049 -846.519 178.831 2
1282 -143.193 227.678 -848.005 194.502 2
1283 -239.443 200.479 -791.657 206.509 4
1284 -285.17 177.917 -923.576 210.795 4
1285 RANDOM
1286 -373.382 197.047 -860.463 237.228 4
1287 -434.773 192.325 -817.182 228.524 4
1288 231.706 245.198 -1397.21 162.62 2
1289 -235.107 235.414 -817.166 198.475 2
1290 -196.716 214.964 -831.922 178.251 2
1291 -170.144 214.049 -846.519 178.831 2
1292 -143.193 227.678 -848.005 194.502 2
1293 -239.443 200.479 -791.657 206.509 4
1294 -285.17 177.917 -923.576 210.795 4
1295 -326.268 193.836 -892.383 230.864 4
1296 -373.382 197.047 -860.463 237.228 4
1297 RANDOM
1298 231.706 245.198 -1397.21 162.62 2
1299 -235.107 235.414 -817.166 198.475 2
1300 -196.716 214.964 -831.922 178.251 2
1301 -170.144 214.049 -846.519 178.831 2
1302 -143.193 227.678 -848.005 194.502 2
1303 -239.443 200.479 -791.657 206.509 4
1304 -285.17 177.917 -923.576 210.795 4
1305 -326.268 193.836 -892.383 230.864 4
1306 -373.382 197.047 -860.463 237.228 4
1307 -434.773 192.325 -817.182 228.524 4
1308 231.706 245.198 -1397.21 162.62 2
1309 -235.107 235.414 -817.166 198.475 2
1310 -196.716 214.964 -831.922 178.251 2
1311 RANDOM
1312 -143.193 227.678 -848.005 194.502 2
1313 -239.443 200.479 -791.657 206.509 4
1314 -285.17 177.917 -923.576 210.795 4
1315 -326.268 193.836 -892.383 230.864 4
1316 -373.382 197.047 -860.463 237.228 4
1317 -434.773 192.325 -817.182 228.524 4
1318 231.706 245.198 -1397.21 162.62 2
1319 -235.107 235.414 -817.166 198.475 2
1320 -196.716 214.964 -831.922 178.251 2
1321 -170.144 214.049 -846.519 178.831 2
1322 -143.193 227.678 -848.005 194.502 2
1323 -239.443 200.479 -791.657 206.509 4
1324 -285.17 177.917 -923.576 210.795 4
1325 -326.268 193.836 -892.383 230.864 4
1326 -373.382 197.047 -860.463 237.228 4
1327 -434.773 192.325 -817.182 228.524 4
1328 231.706 245.198 -1397.21 162.62 2
1329 -235.107 235.414 -817.166 198.475 2
1330 -196.716 214.964 -831.922 178.251 2
1331 -170.144 214.049 -846.519 178.831 2
1332 -143.193 227.678 -848.005 194.502 2
1333 RANDOM
1334 -201.21 173.957 -790.022 164.245 2
1335 -186.103 184.191 -767.151 163.334 2
1336 -196.136 230.097 -724.311 209.763 2
1337 -284.138 261.748 -661.627 270.512 4
1338 -272.812 178.1 -752.398 196.69 4
1339 -309.319 193.282 -769.994 227.453 4
1340 -345.955 216.586 -776.208 270.994 4
1341 -397.572 248.719 -774.301 328.533 4
1342 -285.17 177.917 -923.576 210.795 4
1343 -326.268 193.836 -892.383 230.864 4
1344 -373.382 197.047 -860.463 237.228 4
1345 RANDOM
1346 231.706 245.198 -1397.21 162.62 2
1347 -235.107 235.414 -817.166 198.475 2
1348 -196.716 214.964 -831.922 178.251 2
1349 -170.144 214.049 -846.519 178.831 2
1350 -143.193 227.678 -848.005 194.502 2
1351 -239.443 200.479 -791.657 206.509 4
1352 -285.17 177.917 -923.576 210.795 4
1353 -326.268 193.836 -892.383 230.864 4
1354 -373.382 197.047 -860.463 237.228 4
1355 -434.773 192.325 -817.182 228.524 4
1356 231.706 245.198 -1397.21 162.62 2
1357 -235.107 235.414 -817.166 198.475 2
1358 -196.716 214.964 -831.922 178.251 2
1359 -170.144 214.049 -846.519 178.831 2
1360 -143.193 227.678 -848.005 194.502 2
1361 -239.443 200.479 -791.657 206.509 4
1362 RANDOM
1363 -326.268 193.836 -892.383 230.864 4
1364 RANDOM
1365 -434.773 192.325 -817.182 228.524 4
1366 231.706 245.198 -1397.21 162.62 2
1367 -235.107 235.414 -817.166 198.475 2
1368 -196.716 214.964 -831.922 178.251 2
1369 -170.144 214.049 -846.519 178.831 2
1370 -143.193 227.678 -848.005 194.502 2
1371 -239.443 200.479 -791.657 206.509 4
1372 -285.17 177.917 -923.576 210.795 4
1373 -326.268 193.836 -892.383 230.864 4
1374 -373.382 197.047 -860.463 237.228 4
1375 -434.773 192.325 -817.182 228.524 4
1376 231.706 245.198 -1397.21 162.62 2
1377 -235.107 235.414 -817.166 198.475 2
1378 -196.716 214.964 -831.922 178.251 2
1379 -170.144 214.049 -846.519 178.831 2
1380 -143.193 227.678 -848.005 194.502 2
1381 -239.443 200.479 -791.657 206.509 4
1382 -285.17 177.917 -923.576 210.795 4
1383 -326.268 193.836 -892.383 230.864 4
1384 -373.382 197.047 -860.463 237.228 4
1385 -434.773 192.325 -817.182 228.524 4
1386 231.706 245.198 -1397.21 162.62 2
1387 -235.107 235.414 -817.166 198.475 2
1388 -196.716 214.964 -831.922 178.251 2
1389 -170.144 214.049 -846.519 178.831 2
1390 -143.193 227.678 -848.005 194.502 2
1391 -239.443 200.479 -791.657 206.509 4
1392 -285.17 177.917 -923.576 210.795 4
1393 -326.268 193.836 -892.383 230.864 4
1394 -373.382 197.047 -860.463 237.228 4
1395 -434.773 192.325 -817.182 228.524 4
1396 231.706 245.198 -1397.21 162.62 2
1397 -235.107 235.414 -817.166 198.475 2
1398 -196.716 214.964 -831.922 178.251 2
1399 -170.144 214.049 -846.519 178.831 2
1400 -143.193 227.678 -848.005 194.502 2
1401 -239.443 200.479 -791.657 206.509 4
1402 -285.17 177.917 -923.576 210.795 4
1403 -326.268 193.836 -892.383 230.864 4
1404 -373.382 197.047 -860.463 237.228 4
1405 -434.773 192.325 -817.182 228.524 4
1406 231.706 245.198 -1397.21 162.62 2
1407 RANDOM
1408 -196.716 214.964 -831.922 178.251 2
1409 -170.144 214.049 -846.519 178.831 2
1410 -143.193 227.678 -848.005 194.502 2
1411 -239.443 200.479 -791.657 206.509 4
1412 -285.17 177.917 -923.576 210.795 4
1413 -326.268 193.836 -892.383 230.864 4
1414 -373.382 197.047 -860.463 237.228 4
1415 RANDOM
1416 231.706 245.198 -1397.21 162.62 2
1417 -235.107 235.414 -817.166 198.475 2
1418 -196.716 214.964 -831.922 178.251 2
1419 -170.144 214.049 -846.519 178.831 2
1420 -143.193 227.678 -848.005 194.502 2
1421 -239.443 200.479 -791.657 206.509 4
1422 -285.17 177.917 -923.576 210.795 4
1423 -326.268 193.836 -892.383 230.864 4
1424 -373.382 197.047 -860.463 237.228 4
1425 -434.773 192.325 -817.182 228.524 4
1426 231.706 245.198 -1397.21 162.62 2
1427 -235.107 235.414 -817.166 198.475 2
1428 -196.716 214.964 -831.922 178.251 2
1429 -170.144 214.049 -846.519 178.831 2
1430 -143.193 227.678 -848.005 194.502 2
1431 -239.443 200.479 -791.657 206.509 4
1432 -285.17 177.917 -923.576 210.795 4
1433 -326.268 193.836 -892.383 230.864 4
1434 -373.382 197.047 -860.463 237.228 4
1435 -434.773 192.325 -817.182 228.524 4
1436 231.706 245.198 -1397.21 162.62 2
1437 -235.107 235.414 -817.166 198.475 2
1438 -196.716 214.964 -831.922 178.251 2
1439 -170.144 214.049 -846.519 178.831 2
1440 -143.193 227.678 -848.005 194.502 2
1441 -239.443 200.479 -791.657 206.509 4
1442 -285.17 177.917 -923.576 210.795 4
1443 -326.268 193.836 -892.383 230.864 4
1444 -373.382 197.047 -860.463 237.228 4
1445 -434.773 192.325 -817.182 228.524 4
1446 231.706 245.198 -1397.21 162.62 2
1447 -235.107 235.414 -817.166 198.475 2
1448 RANDOM
1449 -170.144 214.049 -846.519 178.831 2
1450 -143.193 227.678 -848.005 194.502 2
1451 -239.443 200.479 -791.657 206.509 4
1452 -285.17 177.917 -923.576 210.795 4
1453 -326.268 193.836 -892.383 230.864 4
1454 -373.382 197.047 -860.463 237.228 4
1455 -434.773 192.325 -817.182 228.524 4
1456 231.706 245.198 -1397.21 162.62 2
1457 -235.107 235.414 -817.166 198.475 2
1458 -196.716 214.964 -831.922 178.251 2
1459 -170.144 214.049 -846.519 178.831 2
1460 -143.193 227.678 -848.005 194.502 2
1461 -239.443 200.479 -791.657 206.509 4
1462 -285.17 177.917 -923.576 210.795 4
1463 -326.268 193.836 -892.383 230.864 4
1464 -373.382 197.047 -860.463 237.228 4
1465 -434.773 192.325 -817.182 228.524 4
1466 231.706 245.198 -1397.21 162.62 2
1467 RANDOM
1468 -196.716 214.964 -831.922 178.251 2
1469 -170.144 214.049 -846.519 178.831 2
1470 -143.193 227.678 -848.005 194.502 2
1471 -239.443 200.479 -791.657 206.509 4
1472 -285.17 177.917 -923.576 210.795 4
1473 -326.268 193.836 -892.383 230.864 4
1474 -373.382 197.047 -860.463 237.228 4
1475 -434.773 192.325 -817.182 228.524 4
1476 231.706 245.198 -1397.21 162.62 2
1477 -235.107 235.414 -817.166 198.475 2
1478 -196.716 214.964 -831.922 178.251 2
1479 -170.144 214.049 -846.519 178.831 2
1480 -143.193 227.678 -848.005 194.502 2
1481 -239.443 200.479 -791.657 206.509 4
1482 -285.17 177.917 -923.576 210.795 4
1483 -326.268 193.836 -892.383 230.864 4
1484 -373.382 197.047 -860.463 237.228 4
1485 -434.773 192.325 -817.182 228.524 4
1486 231.706 245.198 -1397.21 162.62 2
1487 -235.107 235.414 -817.166 198.475 2
1488 -196.716 214.964 -831.922 178.251 2
1489 -170.144 214.049 -846.519 178.831 2
1490 -143.193 227.678 -848.005 194.502 2
1491 -239.443 200.479 -791.657 206.509 4
1492 -285.17 177.917 -923.576 210.795 4
1493 -326.268 193.836 -892.383 230.864 4
1494 -373.382 197.047 -860.463 237.228 4
1495 -434.773 192.325 -817.182 228.524 4
1496 231.706 245.198 -1397.21 162.62 2
1497 -235.107 235.414 -817.166 198.475 2
1498 -196.716 214.964 -831.922 178.251 2
1499 -170.144 214.049 -846.519 178.831 2
1500 -143.193 227.678 -848.005 194.502 2
1501 -239.443 200.479 -791.657 206.509 4
1502 -285.17 177.917 -923.576 210.795 4
1503 -326.268 193.836 -892.383 230.864 4
1504 -373.382 197.047 -860.463 237.228 4
1505 -434.773 192.325 -817.182 228.524 4
1506 231.706 245.198 -1397.21 162.62 2
1507 -235.107 235.414 -817.166 198.475 2
1508 -196.716 214.964 -831.922 178.251 2
1509 -170.144 214.049 -846.519 178.831 2
1510 -143.193 227.678 -848.005 194.502 2
1511 -239.443 200.479 -791.657 206.509 4
1512 -285.17 177.917 -923.576 210.795 4
1513 RANDOM
1514 -373.382 197.047 -860.463 237.228 4
1515 -434.773 192.325 -817.182 228.524 4
1516 231.706 245.198 -1397.21 162.62 2
1517 -235.107 235.414 -817.166 198.475 2
1518 -196.716 214.964 -831.922 178.251 2
1519 -170.144 214.049 -846.519 178.831 2
1520 -143.193 227.678 -848.005 194.502 2
1521 -239.443 200.479 -791.657 206.509 4
1522 -285.17 177.917 -923.576 210.795 4
1523 -326.268 193.836 -892.383 230.864 4
1524 -373.382 197.047 -860.463 237.228 4
1525 -434.773 192.325 -817.182 228.524 4
1526 231.706 245.198 -1397.21 162.62 2
1527 -235.107 235.414 -817.166 198.475 2
1528 -196.716 214.964 -831.922 178.251 2
1529 -170.144 214.049 -846.519 178.831 2
1530 -143.193 227.678 -848.005 194.502 2
1531 -239.443 200.479 -791.657 206.509 4
1532 -285.17 177.917 -923.576 210.795 4
1533 -326.268 193.836 -892.383 230.864 4
1534 -373.382 197.047 -860.463 237.228 4
1535 -434.773 192.325 -817.182 228.524 4
1536 231.706 245.198 -1397.21 162.62 2
1537 -235.107 235.414 -817.166 198.475 2
1538 -196.716 214.964 -831.922 178.251 2
1539 -170.144 214.049 -846.519 178.831 2
1540 -143.193 227.678 -848.005 194.502 2
1541 -239.443 200.479 -791.657 206.509 4
1542 -285.17 177.917 -923.576 210.795 4
1543 -326.268 193.836 -892.383 230.864 4
1544 -373.382 197.047 -860.463 237.228 4
1545 -434.773 192.325 -817.182 228.524 4
1546 231.706 245.198 -1397.21 162.62 2
1547 -235.107 235.414 -817.166 198.475 2
1548 -196.716 214.964 -831.922 178.251 2
1549 -170.144 214.049 -846.519 178.831 2
1550 -143.193 227.678 -848.005 194.502 2
1551 -239.443 200.479 -791.657 206.509 4
1552 -285.17 177.917 -923.576 210.795 4
1553 -326.268 193.836 -892.383 230.864 4
1554 -373.382 197.047 -860.463 237.228 4
1555 -434.773 192.325 -817.182 228.524 4
1556 231.706 245.198 -1397.21 162.62 2
1557 -235.107 235.414 -817.166 198.475 2
1558 -196.716 214.964 -831.922 178.251 2
1559 -170.144 214.049 -846.519 178.831 2
1560 -143.193 227.678 -848.005 194.502 2
1561 -239.443 200.479 -791.657 206.509 4
1562 -285.17 177.917 -923.576 210.795 4
1563 -326.268 193.836 -892.383 230.864 4
1564 -373.382 197.047 -860.463 237.228 4
1565 -434.773 192.325 -817.182 228.524 4
1566 231.706 245.198 -1397.21 162.62 2
1567 -235.107 235.414 -817.166 198.475 2
1568 -196.716 214.964 -831.922 178.251 2
1569 -170.144 214.049 -846.519 178.831 2
1570 -143.193 227.678 -848.005 194.502 2
1571 -239.443 200.479 -791.657 206.509 4
1572 -285.17 177.917 -923.576 210.795 4
1573 -326.268 193.836 -892.383 230.864 4
1574 -373.382 197.047 -860.463 237.228 4
1575 -434.773 192.325 -817.182 228.524 4
1576 231.706 245.198 -1397.21 162.62 2
1577 -235.107 235.414 -817.166 198.475 2
1578 -196.716 214.964 -831.922 178.251 2
1579 RANDOM
1580 RANDOM
1581 -239.443 200.479 -791.657 206.509 4
1582 -285.17 177.917 -923.576 210.795 4
1583 -326.268 193.836 -892.383 230.864 4
1584 -373.382 197.047 -860.463 237.228 4
1585 -434.773 192.325 -817.182 228.524 4
1586 231.706 245.198 -1397.21 162.62 2
1587 -235.107 235.414 -817.166 198.475 2
1588 -196.716 214.964 -831.922 178.251 2
1589 -170.144 214.049 -846.519 178.831 2
1590 -143.193 227.678 -848.005 194.502 2
1591 -239.443 200.479 -791.657 206.509 4
1592 -285.17 177.917 -923.576 210.795 4
1593 -326.268 193.836 -892.383 230.864 4
1594 -373.382 197.047 -860.463 237.228 4
1595 -434.773 192.325 -817.182 228.524 4
1596 231.706 245.198 -1397.21 162.62 2
1597 -235.107 235.414 -817.166 198.475 2
1598 -196.716 214.964 -831.922 178.251 2
1599 -170.144 214.049 -846.519 178.831 2
1600 -143.193 227.678 -848.005 194.502 2
1601 -239.443 200.479 -791.657 206.509 4
1602 -285.17 177.917 -923.576 210.795 4
1603 -326.268 193.836 -892.383 230.864 4
1604 -373.382 197.047 -860.463 237.228 4
1605 -434.773 192.325 -817.182 228.524 4
1606 231.706 245.198 -1397.21 162.62 2
1607 -235.107 235.414 -817.166 198.475 2
1608 -196.716 214.964 -831.922 178.251 2
1609 -170.144 214.049 -846.519 178.831 2
1610 -143.193 227.678 -848.005 194.502 2
1611 -239.443 200.479 -791.657 206.509 4
1612 -285.17 177.917 -923.576 210.795 4
1613 -326.268 193.836 -892.383 230.864 4
1614 -373.382 197.047 -860.463 237.228 4
1615 -434.773 192.325 -817.182 228.524 4
1616 231.706 245.198 -1397.21 162.62 2
1617 -235.107 235.414 -817.166 198.475 2
1618 RANDOM
1619 -170.144 214.049 -846.519 178.831 2
1620 -143.193 227.678 -848.005 194.502 2
1621 -239.443 200.479 -791.657 206.509 4
1622 -285.17 177.917 -923.576 210.795 4
1623 -326.268 193.836 -892.383 230.864 4
1624 -373.382 197.047 -860.463 237.228 4
1625 -434.773 192.325 -817.182 228.524 4
1626 231.706 245.198 -1397.21 162.62 2
1627 -235.107 235.414 -817.166 198.475 2
1628 -196.716 214.964 -831.922 178.251 2
1629 -170.144 214.049 -846.519 178.831 2
1630 -143.193 227.678 -848.005 194.502 2
1631 -239.443 200.479 -791.657 206.509 4
1632 -285.17 177.917 -923.576 210.795 4
1633 -326.268 193.836 -892.383 230.864 4
1634 -373.382 197.047 -860.463 237.228 4
1635 -434.773 192.325 -817.182 228.524 4
1636 231.706 245.198 -1397.21 162.62 2
1637 -235.107 235.414 -817.166 198.475 2
1638 -196.716 214.964 -831.922 178.251 2
1639 -170.144 214.049 -846.519 178.831 2
1640 RANDOM
1641 -239.443 200.479 -791.657 206.509 4
1642 -285.17 177.917 -923.576 210.795 4
1643 -326.268 193.836 -892.383 230.864 4
1644 -373.382 197.047 -860.463 237.228 4
1645 -434.773 192.325 -817.182 228.524 4
1646 231.706 245.198 -1397.21 162.62 2
1647 -235.107 235.414 -817.166 198.475 2
1648 RANDOM
1649 -170.144 214.049 -846.519 178.831 2
1650 -143.193 227.678 -848.005 194.502 2
1651 -239.443 200.479 -791.657 206.509 4
1652 -285.17 177.917 -923.576 210.795 4
1653 -326.268 193.836 -892.383 230.864 4
1654 -373.382 197.047 -860.463 237.228 4
1655 -434.773 192.325 -817.182 228.524 4
1656 231.706 245.198 -1397.21 162.62 2
1657 -235.107 235.414 -817.166 198.475 2
1658 -196.716 214.964 -831.922 178.251 2
1659 -170.144 214.049 -846.519 178.831 2
1660 -143.193 227.678 -848.005 194.502 2
1661 -239.443 200.479 -791.657 206.509 4
1662 -285.17 177.917 -923.576 210.795 4
1663 -326.268 193.836 -892.383 230.864 4
1664 RANDOM
1665 -434.773 192.325 -817.182 228.524 4
1666 231.706 245.198 -1397.21 162.62 2
1667 -235.107 235.414 -817.166 198.475 2
1668 -196.716 214.964 -831.922 178.251 2
1669 -170.144 214.049 -846.519 178.831 2
1670 -143.193 227.678 -848.005 194.502 2
1671 -239.443 200.479 -791.657 206.509 4
1672 -285.17 177.917 -923.576 210.795 4
1673 -326.268 193.836 -892.383 230.864 4
1674 -373.382 197.047 -860.463 237.228 4
1675 -434.773 192.325 -817.182 228.524 4
1676 231.706 245.198 -1397.21 162.62 2
1677 -235.107 235.414 -817.166 198.475 2
1678 -196.716 214.964 -831.922 178.251 2
1679 RANDOM
1680 -143.193 227.678 -848.005 194.502 2
1681 -239.443 200.479 -791.657 206.509 4
1682 -285.17 177.917 -923.576 210.795 4
1683 -326.268 193.836 -892.383 230.864 4
1684 -373.382 197.047 -860.463 237.228 4
1685 RANDOM
1686 231.706 245.198 -1397.21 162.62 2
1687 -235.107 235.414 -817.166 198.475 2
1688 -196.716 214.964 -831.922 178.251 2
1689 -170.144 214.049 -846.519 178.831 2
1690 -143.193 227.678 -848.005 194.502 2
1691 -239.443 200.479 -791.657 206.509 4
1692 -285.17 177.917 -923.576 210.795 4
1693 -326.268 193.836 -892.383 230.864 4
1694 -373.382 197.047 -860.463 237.228 4
1695 -434.773 192.325 -817.182 228.524 4
1696 231.706 245.198 -1397.21 162.62 2
1697 -235.107 235.414 -817.166 198.475 2
1698 -196.716 214.964 -831.922 178.251 2
1699 -170.144 214.049 -846.519 178.831 2
1700 -143.193 227.678 -848.005 194.502 2
1701 -239.443 200.479 -791.657 206.509 4
1702 -285.17 177.917 -923.576 210.795 4
1703 -326.268 193.836 -892.383 230.864 4
1704 -373.382 197.047 -860.463 237.228 4
1705 -434.773 192.325 -817.182 228.524 4
1706 231.706 245.198 -1397.21 162.62 2
1707 -235.107 235.414 -817.166 198.475 2
1708 -196.716 214.964 -831.922 178.251 2
1709 -170.144 214.049 -846.519 178.831 2
1710 -143.193 227.678 -848.005 194.502 2
1711 -239.443 200.479 -791.657 206.509 4
1712 -285.17 177.917 -923.576 210.795 4
1713 RANDOM
1714 -373.382 197.047 -860.463 237.228 4
1715 -434.773 192.325 -817.182 228.524 4
1716 231.706 245.198 -1397.21 162.62 2
1717 -235.107 235.414 -817.166 198.475 2
1718 -196.716 214.964 -831.922 178.251 2
1719 -170.144 214.049 -846.519 178.831 2
1720 -143.193 227.678 -848.005 194.502 2
1721 -239.443 200.479 -791.657 206.509 4
1722 -285.17 177.917 -923.576 210.795 4
1723 -326.268 193.836 -892.383 230.864 4
1724 -373.382 197.047 -860.463 237.228 4
1725 -434.773 192.325 -817.182 228.524 4
1726 231.706 245.198 -1397.21 162.62 2
1727 -235.107 235.414 -817.166 198.475 2
1728 -196.716 214.964 -831.922 178.251 2
1729 -170.144 214.049 -846.519 178.831 2
1730 -143.193 227.678 -848.005 194.502 2
1731 -239.443 200.479 -791.657 206.509 4
1732 -285.17 177.917 -923.576 210.795 4
1733 -326.268 193.836 -892.383 230.864 4
1734 -373.382 197.047 -860.463 237.228 4
1735 -434.773 192.325 -817.182 228.524 4
1736 231.706 245.198 -1397.21 162.62 2
1737 -235.107 235.414 -817.166 198.475 2
1738 -196.716 214.964 -831.922 178.251 2
1739 -170.144 214.049 -846.519 178.831 2
1740 -143.193 227.678 -848.005 194.502 2
1741 -239.443 200.479 -791.657 206.509 4
1742 -285.17 177.917 -923.576 210.795 4
1743 -326.268 193.836 -892.383 230.864 4
1744 -373.382 197.047 -860.463 237.228 4
1745 -434.773 192.325 -817.182 228.524 4
1746 231.706 245.198 -1397.21 162.62 2
1747 -235.107 235.414 -817.166 198.475 2
1748 -196.716 214.964 -831.922 178.251 2
1749 -170.144 214.049 -846.519 178.831 2
1750 -143.193 227.678 -848.005 194.502 2
1751 -239.443 200.479 -791.657 206.509 4
1752 -285.17 177.917 -923.576 210.795 4
1753 -326.268 193.836 -892.383 230.864 4
1754 -373.382 197.047 -860.463 237.228 4
1755 -434.773 192.325 -817.182 228.524 4
1756 231.706 245.198 -1397.21 162.62 2
1757 -235.107 235.414 -817.166 198.475 2
1758 -196.716 214.964 -831.922 178.251 2
1759 -170.144 214.049 -846.519 178.831 2
1760 -143.193 227.678 -848.005 194.502 2
1761 -239.443 200.479 -791.657 206.509 4
1762 -285.17 177.917 -923.576 210.795 4
1763 -326.268 193.836 -892.383 230.864 4
1764 -373.382 197.047 -860.463 237.228 4
1765 -434.773 192.325 -817.182 228.524 4
1766 RANDOM
1767 146.421 169.15 -1366.62 116.073 2
1768 97.2881 235.387 -1324.43 206.712 2
1769 -235.107 235.414 -817.166 198.475 2
1770 -196.716 214.964 -831.922 178.251 2
1771 -170.144 214.049 -846.519 178.831 2
1772 -143.193 227.678 -848.005 194.502 2
1773 -239.443 200.479 -791.657 206.509 4
1774 -285.17 177.917 -923.576 210.795 4
1775 -326.268 193.836 -892.383 230.864 4
1776 -373.382 197.047 -860.463 237.228 4
1777 -434.773 192.325 -817.182 228.524 4
1778 RANDOM
1779 146.421 169.15 -1366.62 116.073 2
1780 97.2881 235.387 -1324.43 206.712 2
1781 -235.107 235.414 -817.166 198.475 2
1782 RANDOM
1783 -170.144 214.049 -846.519 178.831 2
1784 -143.193 227.678 -848.005 194.502 2
1785 -239.443 200.479 -791.657 206.509 4
1786 -285.17 177.917 -923.576 210.795 4
1787 -326.268 193.836 -892.383 230.864 4
1788 RANDOM
1789 -434.773 192.325 -817.182 228.524 4
1790 231.706 245.198 -1397.21 162.62 2
1791 -235.107 235.414 -817.166 198.475 2
1792 -196.716 214.964 -831.922 178.251 2
1793 -170.144 214.049 -846.519 178.831 2
1794 -143.193 227.678 -848.005 194.502 2
1795 -239.443 200.479 -791.657 206.509 4
1796 -285.17 177.917 -923.576 210.795 4
1797 -326.268 193.836 -892.383 230.864 4
1798 -373.382 197.047 -860.463 237.228 4
1799 -434.773 192.325 -817.182 228.524 4
1800 231.706 245.198 -1397.21 162.62 2
1801 RANDOM
1802 -196.716 214.964 -831.922 178.251 2
1803 -170.144 214.049 -846.519 178.831 2
1804 -143.193 227.678 -848.005 194.502 2
1805 -239.443 200.479 -791.657 206.509 4
1806 -285.17 177.917 -923.576 210.795 4
1807 -326.268 193.836 -892.383 230.864 4
1808 -373.382 197.047 -860.463 237.228 4
1809 RANDOM
1810 231.706 245.198 -1397.21 162.62 2
1811 -235.107 235.414 -817.166 198.475 2
1812 -196.716 214.964 -831.922 178.251 2
1813 -170.144 214.049 -846.519 178.831 2
1814 RANDOM
1815 -239.443 200.479 -791.657 206.509 4
1816 -285.17 177.917 -923.576 210.795 4
1817 -326.268 193.836 -892.383 230.864 4
1818 -373.382 197.047 -860.463 237.228 4
1819 -434.773 192.325 -817.182 228.524 4
1820 231.706 245.198 -1397.21 162.62 2
1821 -235.107 235.414 -817.166 198.475 2
1822 -196.716 214.964 -831.922 178.251 2
1823 -170.144 214.049 -846.519 178.831 2
1824 -143.193 227.678 -848.005 194.502 2
1825 -239.443 200.479 -791.657 206.509 4
1826 -285.17 177.917 -923.576 210.795 4
1827 -326.268 193.836 -892.383 230.864 4
1828 -373.382 197.047 -860.463 237.228 4
1829 -434.773 192.325 -817.182 228.524 4
1830 231.706 245.198 -1397.21 162.62 2
1831 -235.107 235.414 -817.166 198.475 2
1832 -196.716 214.964 -831.922 178.251 2
1833 -170.144 214.049 -846.519 178.831 2
1834 -143.193 227.678 -848.005 194.502 2
1835 -239.443 200.479 -791.657 206.509 4
1836 -285.17 177.917 -923.576 210.795 4
1837 -326.268 193.836 -892.383 230.864 4
1838 -373.382 197.047 -860.463 237.228 4
1839 -434.773 192.325 -817.182 228.524 4
1840 231.706 245.198 -1397.21 162.62 2
1841 -235.107 235.414 -817.166 198.475 2
1842 -196.716 214.964 -831.922 178.251 2
1843 -170.144 214.049 -846.519 178.831 2
1844 -143.193 227.678 -848.005 194.502 2
1845 -239.443 200.479 -791.657 206.509 4
1846 -285.17 177.917 -923.576 210.795 4
1847 -326.268 193.836 -892.383 230.864 4
1848 -373.382 197.047 -860.463 237.228 4
1849 -434.773 192.325 -817.182 228.524 4
1850 231.706 245.198 -1397.21 162.62 2
1851 -235.107 235.414 -817.166 198.475 2
1852 RANDOM
1853 -170.144 214.049 -846.519 178.831 2
1854 -143.193 227.678 -848.005 194.502 2
1855 -239.443 200.479 -791.657 206.509 4
1856 -285.17 177.917 -923.576 210.795 4
1857 -326.268 193.836 -892.383 230.864 4
1858 -373.382 197.047 -860.463 237.228 4
1859 -434.773 192.325 -817.182 228.524 4
1860 231.706 245.198 -1397.21 162.62 2
1861 -235.107 235.414 -817.166 198.475 2
1862 -196.716 214.964 -831.922 178.251 2
1863 -170.144 214.049 -846.519 178.831 2
1864 -143.193 227.678 -848.005 194.502 2
1865 -239.443 200.479 -791.657 206.509 4
1866 -285.17 177.917 -923.576 210.795 4
1867 -326.268 193.836 -892.383 230.864 4
1868 -373.382 197.047 -860.463 237.228 4
1869 -434.773 192.325 -817.182 228.524 4
1870 231.706 245.198 -1397.21 162.62 2
1871 -235.107 235.414 -817.166 198.475 2
1872 -196.716 214.964 -831.922 178.251 2
1873 -170.144 214.049 -846.519 178.831 2
1874 -143.193 227.678 -848.005 194.502 2
1875 -239.443 200.479 -791.657 206.509 4
1876 -285.17 177.917 -923.576 210.795 4
1877 -326.268 193.836 -892.383 230.864 4
1878 -373.382 197.047 -860.463 237.228 4
1879 -434.773 192.325 -817.182 228.524 4
1880 231.706 245.198 -1397.21 162.62 2
1881 -235.107 235.414 -817.166 198.475 2
1882 -196.716 214.964 -831.922 178.251 2
1883 -170.144 214.049 -846.519 178.831 2
1884 -143.193 227.678 -848.005 194.502 2
1885 -239.443 200.479 -791.657 206.509 4
1886 -285.17 177.917 -923.576 210.795 4
1887 -326.268 193.836 -892.383 230.864 4
1888 -373.382 197.047 -860.463 237.228 4
1889 -434.773 192.325 -817.182 228.524 4
1890 231.706 245.198 -1397.21 162.62 2
1891 -235.107 235.414 -817.166 198.475 2
1892 -196.716 214.964 -831.922 178.251 2
1893 -170.144 214.049 -846.519 178.831 2
1894 -143.193 227.678 -848.005 194.502 2
1895 -239.443 200.479 -791.657 206.509 4
1896 -285.17 177.917 -923.576 210.795 4
1897 -326.268 193.836 -892.383 230.864 4
1898 -373.382 197.047 -860.463 237.228 4
1899 -434.773 192.325 -817.182 228.524 4
1900 231.706 245.198 -1397.21 162.62 2
1901 -235.107 235.414 -817.166 198.475 2
1902 -196.716 214.964 -831.922 178.251 2
1903 -170.144 214.049 -846.519 178.831 2
1904 -143.193 227.678 -848.005 194.502 2
1905 -239.443 200.479 -791.657 206.509 4
1906 -285.17 177.917 -923.576 210.795 4
1907 -326.268 193.836 -892.383 230.864 4
1908 -373.382 197.047 -860.463 237.228 4
1909 -434.773 192.325 -817.182 228.524 4
1910 231.706 245.198 -1397.21 162.62 2
1911 -235.107 235.414 -817.166 198.475 2
1912 -196.716 214.964 -831.922 178.251 2
1913 -170.144 214.049 -846.519 178.831 2
1914 -143.193 227.678 -848.005 194.502 2
1915 -239.443 200.479 -791.657 206.509 4
1916 -285.17 177.917 -923.576 210.795 4
1917 -326.268 193.836 -892.383 230.864 4
1918 -373.382 197.047 -860.463 237.228 4
1919 -434.773 192.325 -817.182 228.524 4
1920 231.706 245.198 -1397.21 162.62 2
1921 -235.107 235.414 -817.166 198.475 2
1922 -196.716 214.964 -831.922 178.251 2
1923 -170.144 214.049 -846.519 178.831 2
1924 -143.193 227.678 -848.005 194.502 2
1925 -239.443 200.479 -791.657 206.509 4
1926 -285.17 177.917 -923.576 210.795 4
1927 -326.268 193.836 -892.383 230.864 4
1928 -373.382 197.047 -860.463 237.228 4
1929 -434.773 192.325 -817.182 228.524 4
1930 231.706 245.198 -1397.21 162.62 2
1931 -235.107 235.414 -817.166 198.475 2
1932 -196.716 214.964 -831.922 178.251 2
1933 -170.144 214.049 -846.519 178.831 2
1934 -143.193 227.678 -848.005 194.502 2
1935 -239.443 200.479 -791.657 206.509 4
1936 -285.17 177.917 -923.576 210.795 4
1937 -326.268 193.836 -892.383 230.864 4
1938 -373.382 197.047 -860.463 237.228 4
1939 -434.773 192.325 -817.182 228.524 4
1940 231.706 245.198 -1397.21 162.62 2
1941 -235.107 235.414 -817.166 198.475 2
1942 -196.716 214.964 -831.922 178.251 2
1943 -170.144 214.049 -846.519 178.831 2
1944 -143.193 227.678 -848.005 194.502 2
1945 -239.443 200.479 -791.657 206.509 4
1946 -285.17 177.917 -923.576 210.795 4
1947 -326.268 193.836 -892.383 230.864 4
1948 -373.382 197.047 -860.463 237.228 4
1949 -434.773 192.325 -817.182 228.524 4
1950 231.706 245.198 -1397.21 162.62 2
1951 -235.107 235.414 -817.166 198.475 2
1952 -196.716 214.964 -831.922 178.251 2
1953 -170.144 214.049 -846.519 178.831 2
1954 -143.193 227.678 -848.005 194.502 2
1955 -239.443 200.479 -791.657 206.509 4
1956 -285.17 177.917 -923.576 210.795 4
1957 -326.268 193.836 -892.383 230.864 4
1958 -373.382 197.047 -860.463 237.228 4
1959 -434.773 192.325 -817.182 228.524 4
1960 231.706 245.198 -1397.21 162.62 2
1961 -235.107 235.414 -817.166 198.475 2
1962 -196.716 214.964 -831.922 178.251 2
1963 -170.144 214.049 -846.519 178.831 2
1964 -143.193 227.678 -848.005 194.502 2
1965 -239.443 200.479 -791.657 206.509 4
1966 -285.17 177.917 -923.576 210.795 4
1967 -326.268 193.836 -892.383 230.864 4
1968 -373.382 197.047 -860.463 237.228 4
1969 -434.773 192.325 -817.182 228.524 4
1970 231.706 245.198 -1397.21 162.62 2
1971 -235.107 235.414 -817.166 198.475 2
1972 -196.716 214.964 -831.922 178.251 2
1973 -170.144 214.049 -846.519 178.831 2
1974 -143.193 227.678 -848.005 194.502 2
1975 -239.443 200.479 -791.657 206.509 4
1976 -285.17 177.917 -923.576 210.795 4
1977 -326.268 193.836 -892.383 230.864 4
1978 -373.382 197.047 -860.463 237.228 4
1979 -434.773 192.325 -817.182 228.524 4
1980 231.706 245.198 -1397.21 162.62 2
1981 -235.107 235.414 -817.166 198.475 2
1982 -196.716 214.964 -831.922 178.251 2
1983 -170.144 214.049 -846.519 178.831 2
1984 -143.193 227.678 -848.005 194.502 2
1985 RANDOM
1986 -201.21 173.957 -790.022 164.245 2
1987 -186.103 184.191 -767.151 163.334 2
1988 -196.136 230.097 -724.311 209.763 2
1989 -284.138 261.748 -661.627 270.512 4
1990 -272.812 178.1 -752.398 196.69 4
1991 -309.319 193.282 -769.994 227.453 4
1992 -345.955 216.586 -776.208 270.994 4
1993 -397.572 248.719 -774.301 328.533 4
1994 -285.17 177.917 -923.576 210.795 4
1995 -326.268 193.836 -892.383 230.864 4
1996 -373.382 197.047 -860.463 237.228 4
1997 -434.773 192.325 -817.182 228.524 4
1998 231.706 245.198 -1397.21 162.62 2
1999 -235.107 235.414 -817.166 198.475 2
2000 RANDOM
2001 -170.144 214.049 -846.519 178.831 2
2002 -143.193 227.678 -848.005 194.502 2
2003 -239.443 200.479 -791.657 206.509 4
2004 -285.17 177.917 -923.576 210.795 4
2005 -326.268 193.836 -892.383 230.864 4
2006 -373.382 197.047 -860.463 237.228 4
2007 -434.773 192.325 -817.182 228.524 4
2008 231.706 245.198 -1397.21 162.62 2
2009 -235.107 235.414 -817.166 198.475 2
2010 -196.716 214.964 -831.922 178.251 2
2011 -170.144 214.049 -846.519 178.831 2
2012 -143.193 227.678 -848.005 194.502 2
2013 -239.443 200.479 -791.657 206.509 4
2014 -285.17 177.917 -923.576 210.795 4
2015 -326.268 193.836 -892.383 230.864 4
2016 -373.382 197.047 -860.463 237.228 4
2017 -434.773 192.325 -817.182 228.524 4
2018 231.706 245.198 -1397.21 162.62 2
2019 -235.107 235.414 -817.166 198.475 2
2020 -196.716 214.964 -831.922 178.251 2
2021 RANDOM
2022 -143.193 227.678 -848.005 194.502 2
2023 -239.443 200.479 -791.657 206.509 4
2024 -285.17 177.917 -923.576 210.795 4
2025 -326.268 193.836 -892.383 230.864 4
2026 -373.382 197.047 -860.463 237.228 4
2027 -434.773 192.325 -817.182 228.524 4
2028 231.706 245.198 -1397.21 162.62 2
2029 -235.107 235.414 -817.166 198.475 2
2030 -196.716 214.964 -831.922 178.251 2
2031 -170.144 214.049 -846.519 178.831 2
2032 -143.193 227.678 -848.005 194.502 2
2033 -239.443 200.479 -791.657 206.509 4
2034 -285.17 177.917 -923.576 210.795 4
2035 -326.268 193.836 -892.383 230.864 4
2036 -373.382 197.047 -860.463 237.228 4
2037 -434.773 192.325 -817.182 228.524 4
2038 231.706 245.198 -1397.21 162.62 2
2039 -235.107 235.414 -817.166 198.475 2
2040 -196.716 214.964 -831.922 178.251 2
2041 -170.144 214.049 -846.519 178.831 2
2042 -143.193 227.678 -848.005 194.502 2
2043 -239.443 200.479 -791.657 206.509 4
2044 -285.17 177.917 -923.576 210.795 4
2045 -326.268 193.836 -892.383 230.864 4
2046 -373.382 197.047 -860.463 237.228 4
2047 -434.773 192.325 -817.182 228.524 4
2048 231.706 245.198 -1397.21 162.62 2
2049 -235.107 235.414 -817.166 198.475 2
2050 -196.716 214.964 -831.922 178.251 2
2051 -170.144 214.049 -846.519 178.831 2
2052 -143.193 227.678 -848.005 194.502 2
2053 -239.443 200.479 -791.657 206.509 4
2054 -285.17 177.917 -923.576 210.795 4
2055 -326.268 193.836 -892.383 230.864 4
2056 -373.382 197.047 -860.463 237.228 4
2057 -434.773 192.325 -817.182 228.524 4
2058 231.706 245.198 -1397.21 162.62 2
2059 -235.107 235.414 -817.166 198.475 2
2060 -196.716 214.964 -831.922 178.251 2
2061 -170.144 214.049 -846.519 178.831 2
2062 -143.193 227.678 -848.005 194.502 2
2063 -239.443 200.479 -791.657 206.509 4
2064 -285.17 177.917 -923.576 210.795 4
2065 RANDOM
2066 -373.382 197.047 -860.463 237.228 4
2067 -434.773 192.325 -817.182 228.524 4
2068 RANDOM
2069 146.421 169.15 -1366.62 116.073 2
2070 97.2881 235.387 -1324.43 206.712 2
2071 -235.107 235.414 -817.166 198.475 2
2072 -196.716 214.964 -831.922 178.251 2
2073 -170.144 214.049 -846.519 178.831 2
2074 -143.193 227.678 -848.005 194.502 2
2075 -239.443 200.479 -791.657 206.509 4
2076 -285.17 177.917 -923.576 210.795 4
2077 -326.268 193.836 -892.383 230.864 4
2078 -373.382 197.047 -860.463 237.228 4
2079 -434.773 192.325 -817.182 228.524 4
2080 231.706 245.198 -1397.21 162.62 2
2081 -235.107 235.414 -817.166 198.475 2
2082 -196.716 214.964 -831.922 178.251 2
2083 -170.144 214.049 -846.519 178.831 2
2084 -143.193 227.678 -848.005 194.502 2
2085 -239.443 200.479 -791.657 206.509 4
2086 -285.17 177.917 -923.576 210.795 4
2087 -326.268 193.836 -892.383 230.864 4
2088 -373.382 197.047 -860.463 237.228 4
2089 -434.773 192.325 -817.182 228.524 4
2090 231.706 245.198 -1397.21 162.62 2
2091 -235.107 235.414 -817.166 198.475 2
2092 -196.716 214.964 -831.922 178.251 2
2093 -170.144 214.049 -846.519 178.831 2
2094 -143.193 227.678 -848.005 194.502 2
2095 -239.443 200.479 -791.657 206.509 4
2096 -285.17 177.917 -923.576 210.795 4
2097 -326.268 193.836 -892.383 230.864 4
2098 RANDOM
2099 -434.773 192.325 -817.182 228.524 4
2100 231.706 245.198 -1397.21 162.62 2
2101 -235.107 235.414 -817.166 198.475 2
2102 -196.716 214.964 -831.922 178.251 2
2103 -170.144 214.049 -846.519 178.831 2
2104 -143.193 227.678 -848.005 194.502 2
2105 -239.443 200.479 -791.657 206.509 4
2106 -285.17 177.917 -923.576 210.795 4
2107 -326.268 193.836 -892.383 230.864 4
2108 -373.382 197.047 -860.463 237.228 4
2109 -434.773 192.325 -817.182 228.524 4
2110 231.706 245.198 -1397.21 162.62 2
2111 -235.107 235.414 -817.166 198.475 2
2112 -196.716 214.964 -831.922 178.251 2
2113 -170.144 214.049 -846.519 178.831 2
2114 -143.193 227.678 -848.005 194.502 2
2115 -239.443 200.479 -791.657 206.509 4
2116 -285.17 177.917 -923.576 210.795 4
2117 -326.268 193.836 -892.383 230.864 4
2118 -373.382 197.047 -860.463 237.228 4
2119 -434.773 192.325 -817.182 228.524 4
2120 231.706 245.198 -1397.21 162.62 2
2121 -235.107 235.414 -817.166 198.475 2
2122 -196.716 214.964 -831.922 178.251 2
2123 -170.144 214.049 -846.519 178.831 2
2124 RANDOM
2125 -239.443 200.479 -791.657 206.509 4
2126 -285.17 177.917 -923.576 210.795 4
2127 -326.268 193.836 -892.383 230.864 4
2128 -373.382 197.047 -860.463 237.228 4
2129 -434.773 192.325 -817.182 228.524 4
2130 231.706 245.198 -1397.21 162.62 2
2131 -235.107 235.414 -817.166 198.475 2
2132 -196.716 214.964 -831.922 178.251 2
2133 -170.144 214.049 -846.519 178.831 2
2134 -143.193 227.678 -848.005 194.502 2
2135 RANDOM
2136 -201.21 173.957 -790.022 164.245 2
2137 -186.103 184.191 -767.151 163.334 2
2138 -196.136 230.097 -724.311 209.763 2
2139 RANDOM
2140 -261.625 262.399 -655.761 259.807 2
2141 -253.172 274.448 -650.766 268.52 2
2142 -196.189 322.166 -625.194 313.386 2
2143 -157.688 235.134 -599.258 195.649 2
2144 -134.689 236.548 -593.328 184.924 2
2145 -117.589 250.69 -589.61 189.807 2
2146 -27.9675 305.412 -543.267 229.913 2
2147 -167.022 235.685 -699.636 193.718 2
2148 -143.982 252.084 -646.575 186.065 2
2149 -133.737 280.025 -605.172 198.755 2
2150 RANDOM
2151 -189.554 392.17 -502.95 373.671 2
2152 RANDOM
