0 2008.99 2861.84 1386.24 2797.01 2
1 2046.43 2904.54 1430.65 2842.02 2
2 2082.61 2946.13 1483.66 2877.79 2
3 1736.63 2327.56 1114.49 2170.73 2
4 1817.86 2475.14 1203.88 2327.09 2
5 1960.73 2726.14 1375.53 2588.02 2
6 2256.67 3194.29 1708.96 3182.0 2
7 2131.43 2900.55 1605.23 2785.32 2
8 2176.46 3004.51 1658.13 2914.76 2
9 2237.49 3128.98 1727.3 3083.44 2
10 2251.32 3137.62 1734.72 3108.07 2
11 2087.72 2861.09 1539.74 2745.73 2
12 2118.42 2947.95 1572.06 2862.73 2
13 2178.07 3072.58 1637.96 3042.95 2
14 2180.91 3067.02 1627.86 3057.56 2
15 2008.37 2751.94 1412.33 2655.82 2
16 2048.91 2851.77 1458.68 2780.2 2
17 2109.64 2977.71 1531.34 2955.99 2
18 2162.43 3056.6 1586.42 3072.33 4
19 2058.23 2690.51 1480.44 2557.51 2
20 2162.43 3056.6 1586.42 3072.33 4
21 2058.23 2690.51 1480.44 2557.51 2
22 2162.43 3056.6 1586.42 3072.33 4
23 2058.23 2690.51 1480.44 2557.51 2
24 2162.43 3056.6 1586.42 3072.33 4
25 2058.23 2690.51 1480.44 2557.51 2
26 2162.43 3056.6 1586.42 3072.33 4
27 2058.23 2690.51 1480.44 2557.51 2
28 2162.43 3056.6 1586.42 3072.33 4
29 2058.23 2690.51 1480.44 2557.51 2
30 2162.43 3056.6 1586.42 3072.33 4
31 2058.23 2690.51 1480.44 2557.51 2
32 2162.43 3056.6 1586.42 3072.33 4
33 2058.23 2690.51 1480.44 2557.51 2
34 2162.43 3056.6 1586.42 3072.33 4
35 2058.23 2690.51 1480.44 2557.51 2
36 2162.43 3056.6 1586.42 3072.33 4
37 2058.23 2690.51 1480.44 2557.51 2
38 2162.43 3056.6 1586.42 3072.33 4
39 2058.23 2690.51 1480.44 2557.51 2
40 2176.38 3072.41 1601.1 3085.91 4
41 2072.98 2707.22 1494.71 2573.38 2
42 2176.38 3072.41 1601.1 3085.91 4
43 2072.98 2707.22 1494.71 2573.38 2
44 RANDOM
45 2095.64 2824.08 1506.46 2762.88 2
46 2131.15 2953.27 1541.54 2958.07 4
