0 45.7741 52.9138 40.1995 59.9873 4
1 43.5035 56.644 34.2948 74.5209 4
2 47.226 56.6039 38.733 71.0581 4
3 47.4612 56.991 38.8408 71.7952 4
4 47.6994 57.5123 38.8722 72.8843 4
5 47.9223 58.2464 38.7755 74.5333 4
6 48.5284 56.6938 40.7265 69.1873 4
7 48.6114 56.9524 40.6654 69.8071 4
8 48.7647 57.4089 40.5982 70.8542 4
9 RANDOM
10 47.1567 54.244 39.9743 65.4031 4
11 RANDOM
12 47.4257 55.1906 39.7025 67.6846 4
13 47.6526 55.9054 39.5694 69.3142 4
14 47.6622 52.0848 39.3062 61.0684 4
15 47.457 52.0122 39.0192 61.2597 4
16 47.3829 52.1301 38.7941 61.7787 4
17 47.4081 52.431 38.6277 62.6231 4
18 45.9429 49.0005 38.145 55.7515 4
19 45.8973 49.1866 37.9556 56.3721 4
20 45.9404 49.5454 37.7851 57.3325 4
21 46.2457 50.271 37.8249 58.8238 4
22 44.7299 47.7711 36.953 54.3329 4
23 44.7161 47.8353 36.8014 54.6108 4
24 44.8487 48.1835 36.7242 55.4426 4
25 45.0015 48.6876 36.6353 56.6694 4
26 41.0623 46.3184 34.2501 46.6936 4
27 40.9801 46.5121 34.1431 46.8373 4
28 41.0991 46.9939 34.1687 47.3744 4
29 41.2912 47.6565 34.2335 48.1835 4
30 37.8349 44.3634 31.3068 43.3332 2
31 45.9823 46.9125 41.6517 44.4101 2
32 47.0285 47.7923 42.9272 44.87 2
33 47.9319 48.616 44.0229 45.3855 2
34 48.6829 49.3042 44.8176 45.9801 2
35 50.237 51.4487 46.6615 49.696 2
36 51.6745 52.899 48.7332 50.3604 2
37 RANDOM
38 54.6542 55.8777 52.8958 52.3463 2
39 56.1764 57.2551 55.0268 53.1384 2
40 57.7906 58.6332 57.1742 53.9369 2
41 58.9799 59.7142 58.7917 54.618 2
42 59.7022 60.3424 59.6365 55.1052 2
43 56.4118 57.7933 55.4405 53.8613 2
44 57.715 58.8136 57.2647 54.2851 2
45 59.0052 59.9215 59.0227 54.892 2
46 60.0962 60.906 60.2949 55.6842 2
47 57.6701 59.7186 56.5954 56.4002 2
48 59.1982 60.6311 58.6591 56.4727 2
49 60.3076 61.4529 60.1945 56.7713 2
50 61.2323 62.2024 61.3312 57.217 2
51 57.5416 60.1658 55.5195 58.1525 2
52 59.2678 61.2075 58.1141 57.9947 2
53 60.2403 61.8625 59.4871 58.0881 2
54 60.5767 62.1 59.9384 58.1327 2
55 56.1889 60.0219 53.3229 59.6014 2
56 58.1077 60.8537 56.0916 58.8559 2
57 59.2535 61.3641 57.7752 58.4641 2
58 59.7921 61.5916 58.5801 58.2401 2
59 50.116 55.8083 46.5967 57.8986 4
60 48.9333 55.7559 42.4709 65.0085 4
61 48.9983 56.0303 42.4018 65.7148 4
62 49.1049 56.4412 42.2922 66.7686 4
63 49.2215 57.0302 42.0968 68.3515 4
64 50.077 55.9806 44.1685 63.1459 4
65 RANDOM
66 49.6082 55.9197 43.4298 64.1086 4
67 49.2185 56.0193 42.7155 65.31 4
68 49.1244 53.8478 43.7716 59.0106 4
69 48.9552 54.1102 43.4829 60.0584 4
70 48.7116 54.4581 43.0278 61.4971 4
71 48.3634 54.6482 42.4028 62.792 4
72 47.7731 50.8034 41.2312 55.9536 4
73 47.3039 50.4689 40.6916 55.9551 4
74 46.835 50.2204 40.1001 56.1536 4
75 46.5252 50.2167 39.6236 56.7735 4
76 46.3144 48.5627 39.9148 52.6064 4
77 46.0745 48.497 39.5339 53.0037 4
78 45.8451 48.5234 39.0941 53.6342 4
79 45.7628 48.7755 38.7911 54.5872 4
80 44.799 47.4155 37.8489 52.6033 4
81 44.7142 47.4053 37.6234 52.8684 4
82 44.7265 47.6217 37.4191 53.561 4
83 44.8346 48.0824 37.2767 54.7318 4
84 41.6737 46.4114 35.1967 46.552 4
85 41.5486 46.5436 35.0602 46.6385 4
86 41.4954 46.8347 34.9551 46.9538 4
87 RANDOM
88 37.9585 44.4715 31.442 43.4151 2
89 46.1447 47.0646 41.8383 44.5341 2
90 47.1922 47.9456 43.1154 44.9948 2
91 48.0996 48.7791 44.2335 45.5136 2
92 48.8501 49.4668 45.0279 46.1079 2
93 50.397 51.6018 46.8608 49.8016 2
94 51.8501 53.072 48.9569 50.4858 2
95 53.4513 54.6728 51.2205 51.4907 2
96 54.8545 56.0833 53.1792 52.4943 2
97 56.4022 57.4838 55.3401 53.3088 2
98 57.7906 58.6332 57.1742 53.9369 2
99 58.9799 59.7142 58.7917 54.618 2
100 60.6463 61.3358 60.9089 55.9165 2
101 57.9926 59.285 57.4064 54.9958 2
102 59.2023 60.2907 59.1931 55.4174 2
103 60.5139 61.4445 60.9632 56.1361 2
104 61.5929 62.4267 62.2441 56.9487 2
105 58.9489 60.8977 58.2228 57.2089 2
106 60.6406 61.9956 60.5509 57.4061 2
107 62.0019 63.0702 62.3865 57.9442 2
108 63.0696 63.9653 63.6906 58.556 2
109 58.8743 61.4655 57.248 59.0518 2
110 60.622 62.5103 59.8699 58.8928 2
111 61.54 63.1011 61.1809 58.9311 2
112 61.8308 63.278 61.6033 58.888 2
113 57.2128 61.0496 54.5859 60.3562 2
114 58.9142 61.655 57.1299 59.4082 2
115 RANDOM
116 60.6889 62.477 59.754 58.8403 2
117 53.2307 58.9565 50.1581 60.3969 4
118 RANDOM
119 51.0814 57.9676 44.4949 67.4922 4
120 51.0923 58.2725 44.2922 68.471 4
121 51.031 58.7136 43.9068 69.9145 4
122 51.5318 57.3435 45.6221 64.3025 4
123 51.2561 57.1926 45.2632 64.5041 4
124 51.0083 57.2372 44.8273 65.235 4
125 50.679 57.4008 44.1727 66.5105 4
126 50.0146 54.6992 44.632 59.7867 4
127 49.7493 54.8922 44.25 60.7935 4
128 49.483 55.2226 43.7811 62.2204 4
129 RANDOM
130 48.1033 51.0466 41.5509 56.0986 4
131 47.591 50.6741 40.9677 56.069 4
132 47.1238 50.426 40.3784 56.2764 4
133 46.7725 50.3928 39.861 56.8719 4
134 46.832 48.9902 40.4349 52.9171 4
135 46.5954 48.9268 40.0582 53.3135 4
136 46.348 48.9131 39.5996 53.8927 4
137 46.2002 49.0958 39.2315 54.7617 4
138 45.1987 47.7522 38.2618 52.8521 4
139 45.1023 47.7343 38.0251 53.1169 4
140 45.1064 47.942 37.8129 53.8008 4
141 45.2035 48.4059 37.6606 54.9953 4
142 41.9536 46.6594 35.4845 46.7736 4
143 41.82 46.7861 35.3401 46.8574 4
144 41.759 47.0701 35.2278 47.1651 4
145 41.799 47.5538 35.1743 47.7701 4
146 38.2929 44.7595 31.8021 43.648 2
147 46.7666 47.6388 42.5227 45.0068 2
148 47.8267 48.5395 43.8373 45.4757 2
149 48.7474 49.3922 44.9964 46.0023 2
150 49.4966 50.0776 45.7885 46.5953 2
151 50.9976 52.1599 47.5757 50.2076 2
152 52.5164 53.7163 49.752 50.982 2
153 54.1563 55.3844 52.1583 52.0259 2
154 55.5745 56.811 54.1409 53.0375 2
155 57.2234 58.2879 56.4194 53.9046 2
156 58.6456 59.5062 58.2852 54.6432 2
157 59.9061 60.6894 60.0375 55.4151 2
158 60.6463 61.3358 60.9089 55.9165 2
159 57.9926 59.285 57.4064 54.9958 2
160 59.2023 60.2907 59.1931 55.4174 2
161 60.5139 61.4445 60.9632 56.1361 2
162 61.5929 62.4267 62.2441 56.9487 2
163 58.9489 60.8977 58.2228 57.2089 2
164 60.6406 61.9956 60.5509 57.4061 2
165 62.0019 63.0702 62.3865 57.9442 2
166 63.0696 63.9653 63.6906 58.556 2
167 58.8743 61.4655 57.248 59.0518 2
168 60.622 62.5103 59.8699 58.8928 2
169 61.54 63.1011 61.1809 58.9311 2
170 61.8308 63.278 61.6033 58.888 2
171 57.2128 61.0496 54.5859 60.3562 2
172 58.9142 61.655 57.1299 59.4082 2
173 60.1389 62.242 58.9059 59.0925 2
174 60.6889 62.477 59.754 58.8403 2
175 53.2307 58.9565 50.1581 60.3969 4
176 51.0899 57.7748 44.6422 66.848 4
177 51.0814 57.9676 44.4949 67.4922 4
178 RANDOM
179 51.031 58.7136 43.9068 69.9145 4
180 51.5318 57.3435 45.6221 64.3025 4
181 51.2561 57.1926 45.2632 64.5041 4
182 51.0083 57.2372 44.8273 65.235 4
183 50.679 57.4008 44.1727 66.5105 4
184 50.0146 54.6992 44.632 59.7867 4
185 49.7493 54.8922 44.25 60.7935 4
186 49.483 55.2226 43.7811 62.2204 4
187 49.15 55.4231 43.169 63.519 4
188 48.1033 51.0466 41.5509 56.0986 4
189 47.591 50.6741 40.9677 56.069 4
190 47.1238 50.426 40.3784 56.2764 4
191 RANDOM
192 46.832 48.9902 40.4349 52.9171 4
193 46.5954 48.9268 40.0582 53.3135 4
194 46.348 48.9131 39.5996 53.8927 4
195 46.2002 49.0958 39.2315 54.7617 4
196 45.1987 47.7522 38.2618 52.8521 4
197 RANDOM
198 45.1064 47.942 37.8129 53.8008 4
199 45.2035 48.4059 37.6606 54.9953 4
200 41.9536 46.6594 35.4845 46.7736 4
201 41.82 46.7861 35.3401 46.8574 4
202 41.759 47.0701 35.2278 47.1651 4
203 41.799 47.5538 35.1743 47.7701 4
204 38.2929 44.7595 31.8021 43.648 2
205 46.7666 47.6388 42.5227 45.0068 2
206 47.8267 48.5395 43.8373 45.4757 2
207 48.7474 49.3922 44.9964 46.0023 2
208 49.4966 50.0776 45.7885 46.5953 2
209 50.9976 52.1599 47.5757 50.2076 2
210 52.5164 53.7163 49.752 50.982 2
211 54.1563 55.3844 52.1583 52.0259 2
212 55.5745 56.811 54.1409 53.0375 2
213 57.2234 58.2879 56.4194 53.9046 2
214 58.6456 59.5062 58.2852 54.6432 2
215 59.9061 60.6894 60.0375 55.4151 2
216 60.6463 61.3358 60.9089 55.9165 2
217 57.9926 59.285 57.4064 54.9958 2
218 59.2023 60.2907 59.1931 55.4174 2
219 60.5139 61.4445 60.9632 56.1361 2
220 61.5929 62.4267 62.2441 56.9487 2
221 58.9489 60.8977 58.2228 57.2089 2
222 60.6406 61.9956 60.5509 57.4061 2
223 62.0019 63.0702 62.3865 57.9442 2
224 63.0696 63.9653 63.6906 58.556 2
225 58.8743 61.4655 57.248 59.0518 2
226 60.622 62.5103 59.8699 58.8928 2
227 61.54 63.1011 61.1809 58.9311 2
228 61.8308 63.278 61.6033 58.888 2
229 57.2128 61.0496 54.5859 60.3562 2
230 58.9142 61.655 57.1299 59.4082 2
231 60.1389 62.242 58.9059 59.0925 2
232 60.6889 62.477 59.754 58.8403 2
233 53.2307 58.9565 50.1581 60.3969 4
234 51.0899 57.7748 44.6422 66.848 4
235 51.0814 57.9676 44.4949 67.4922 4
236 51.0923 58.2725 44.2922 68.471 4
237 51.031 58.7136 43.9068 69.9145 4
238 51.5318 57.3435 45.6221 64.3025 4
239 51.2561 57.1926 45.2632 64.5041 4
240 51.0083 57.2372 44.8273 65.235 4
241 50.679 57.4008 44.1727 66.5105 4
242 50.0146 54.6992 44.632 59.7867 4
243 49.7493 54.8922 44.25 60.7935 4
244 49.483 55.2226 43.7811 62.2204 4
245 49.15 55.4231 43.169 63.519 4
246 48.1033 51.0466 41.5509 56.0986 4
247 47.591 50.6741 40.9677 56.069 4
248 47.1238 50.426 40.3784 56.2764 4
249 46.7725 50.3928 39.861 56.8719 4
250 46.832 48.9902 40.4349 52.9171 4
251 46.5954 48.9268 40.0582 53.3135 4
252 46.348 48.9131 39.5996 53.8927 4
253 46.2002 49.0958 39.2315 54.7617 4
254 45.1987 47.7522 38.2618 52.8521 4
255 45.1023 47.7343 38.0251 53.1169 4
256 45.1064 47.942 37.8129 53.8008 4
257 45.2035 48.4059 37.6606 54.9953 4
258 RANDOM
259 41.82 46.7861 35.3401 46.8574 4
260 41.759 47.0701 35.2278 47.1651 4
261 41.799 47.5538 35.1743 47.7701 4
262 38.2929 44.7595 31.8021 43.648 2
263 46.7666 47.6388 42.5227 45.0068 2
264 47.8267 48.5395 43.8373 45.4757 2
265 48.7474 49.3922 44.9964 46.0023 2
266 49.4966 50.0776 45.7885 46.5953 2
267 50.9976 52.1599 47.5757 50.2076 2
268 52.5164 53.7163 49.752 50.982 2
269 54.1563 55.3844 52.1583 52.0259 2
270 55.5745 56.811 54.1409 53.0375 2
271 57.2234 58.2879 56.4194 53.9046 2
272 58.6456 59.5062 58.2852 54.6432 2
273 59.9061 60.6894 60.0375 55.4151 2
274 60.6463 61.3358 60.9089 55.9165 2
275 57.9926 59.285 57.4064 54.9958 2
276 59.2023 60.2907 59.1931 55.4174 2
277 60.5139 61.4445 60.9632 56.1361 2
278 61.5929 62.4267 62.2441 56.9487 2
279 58.9489 60.8977 58.2228 57.2089 2
280 60.6406 61.9956 60.5509 57.4061 2
281 62.0019 63.0702 62.3865 57.9442 2
282 63.0696 63.9653 63.6906 58.556 2
283 58.8743 61.4655 57.248 59.0518 2
284 60.622 62.5103 59.8699 58.8928 2
285 61.54 63.1011 61.1809 58.9311 2
286 61.8308 63.278 61.6033 58.888 2
287 RANDOM
288 58.9142 61.655 57.1299 59.4082 2
289 RANDOM
290 60.6889 62.477 59.754 58.8403 2
291 53.2307 58.9565 50.1581 60.3969 4
292 51.0899 57.7748 44.6422 66.848 4
293 51.0814 57.9676 44.4949 67.4922 4
294 51.0923 58.2725 44.2922 68.471 4
295 51.031 58.7136 43.9068 69.9145 4
296 51.5318 57.3435 45.6221 64.3025 4
297 51.2561 57.1926 45.2632 64.5041 4
298 51.0083 57.2372 44.8273 65.235 4
299 50.679 57.4008 44.1727 66.5105 4
300 50.0146 54.6992 44.632 59.7867 4
301 49.7493 54.8922 44.25 60.7935 4
302 49.483 55.2226 43.7811 62.2204 4
303 49.15 55.4231 43.169 63.519 4
304 48.1033 51.0466 41.5509 56.0986 4
305 47.591 50.6741 40.9677 56.069 4
306 47.1238 50.426 40.3784 56.2764 4
307 46.7725 50.3928 39.861 56.8719 4
308 46.832 48.9902 40.4349 52.9171 4
309 46.5954 48.9268 40.0582 53.3135 4
310 46.348 48.9131 39.5996 53.8927 4
311 46.2002 49.0958 39.2315 54.7617 4
312 RANDOM
313 45.1023 47.7343 38.0251 53.1169 4
314 45.1064 47.942 37.8129 53.8008 4
315 RANDOM
316 41.9536 46.6594 35.4845 46.7736 4
317 41.82 46.7861 35.3401 46.8574 4
318 41.759 47.0701 35.2278 47.1651 4
319 41.799 47.5538 35.1743 47.7701 4
320 38.2929 44.7595 31.8021 43.648 2
321 46.7666 47.6388 42.5227 45.0068 2
322 47.8267 48.5395 43.8373 45.4757 2
323 48.7474 49.3922 44.9964 46.0023 2
324 49.4966 50.0776 45.7885 46.5953 2
325 50.9976 52.1599 47.5757 50.2076 2
326 52.5164 53.7163 49.752 50.982 2
327 54.1563 55.3844 52.1583 52.0259 2
328 55.5745 56.811 54.1409 53.0375 2
329 57.2234 58.2879 56.4194 53.9046 2
330 58.6456 59.5062 58.2852 54.6432 2
331 59.9061 60.6894 60.0375 55.4151 2
332 60.6463 61.3358 60.9089 55.9165 2
333 57.9926 59.285 57.4064 54.9958 2
334 59.2023 60.2907 59.1931 55.4174 2
335 60.5139 61.4445 60.9632 56.1361 2
336 61.5929 62.4267 62.2441 56.9487 2
337 58.9489 60.8977 58.2228 57.2089 2
338 60.6406 61.9956 60.5509 57.4061 2
339 62.0019 63.0702 62.3865 57.9442 2
340 63.0696 63.9653 63.6906 58.556 2
341 58.8743 61.4655 57.248 59.0518 2
342 60.622 62.5103 59.8699 58.8928 2
343 61.54 63.1011 61.1809 58.9311 2
344 61.8308 63.278 61.6033 58.888 2
345 RANDOM
346 58.9142 61.655 57.1299 59.4082 2
347 60.1389 62.242 58.9059 59.0925 2
348 60.6889 62.477 59.754 58.8403 2
349 53.2307 58.9565 50.1581 60.3969 4
350 51.0899 57.7748 44.6422 66.848 4
351 51.0814 57.9676 44.4949 67.4922 4
352 51.0923 58.2725 44.2922 68.471 4
353 51.031 58.7136 43.9068 69.9145 4
354 51.5318 57.3435 45.6221 64.3025 4
355 51.2561 57.1926 45.2632 64.5041 4
356 51.0083 57.2372 44.8273 65.235 4
357 50.679 57.4008 44.1727 66.5105 4
358 50.0146 54.6992 44.632 59.7867 4
359 49.7493 54.8922 44.25 60.7935 4
360 49.483 55.2226 43.7811 62.2204 4
361 49.15 55.4231 43.169 63.519 4
362 48.1033 51.0466 41.5509 56.0986 4
363 47.591 50.6741 40.9677 56.069 4
364 47.1238 50.426 40.3784 56.2764 4
365 46.7725 50.3928 39.861 56.8719 4
366 46.832 48.9902 40.4349 52.9171 4
367 46.5954 48.9268 40.0582 53.3135 4
368 46.348 48.9131 39.5996 53.8927 4
369 46.2002 49.0958 39.2315 54.7617 4
370 45.1987 47.7522 38.2618 52.8521 4
371 45.1023 47.7343 38.0251 53.1169 4
372 45.1064 47.942 37.8129 53.8008 4
373 45.2035 48.4059 37.6606 54.9953 4
374 41.9536 46.6594 35.4845 46.7736 4
375 41.82 46.7861 35.3401 46.8574 4
376 41.759 47.0701 35.2278 47.1651 4
377 41.799 47.5538 35.1743 47.7701 4
378 38.2929 44.7595 31.8021 43.648 2
379 46.7666 47.6388 42.5227 45.0068 2
380 RANDOM
381 48.7474 49.3922 44.9964 46.0023 2
382 49.4966 50.0776 45.7885 46.5953 2
383 50.9976 52.1599 47.5757 50.2076 2
384 52.5164 53.7163 49.752 50.982 2
385 54.1563 55.3844 52.1583 52.0259 2
386 55.5745 56.811 54.1409 53.0375 2
387 57.2234 58.2879 56.4194 53.9046 2
388 58.6456 59.5062 58.2852 54.6432 2
389 59.9061 60.6894 60.0375 55.4151 2
390 60.6463 61.3358 60.9089 55.9165 2
391 57.9926 59.285 57.4064 54.9958 2
392 59.2023 60.2907 59.1931 55.4174 2
393 60.5139 61.4445 60.9632 56.1361 2
394 61.5929 62.4267 62.2441 56.9487 2
395 58.9489 60.8977 58.2228 57.2089 2
396 RANDOM
397 62.0019 63.0702 62.3865 57.9442 2
398 63.0696 63.9653 63.6906 58.556 2
399 58.8743 61.4655 57.248 59.0518 2
400 60.622 62.5103 59.8699 58.8928 2
401 61.54 63.1011 61.1809 58.9311 2
402 61.8308 63.278 61.6033 58.888 2
403 57.2128 61.0496 54.5859 60.3562 2
404 58.9142 61.655 57.1299 59.4082 2
405 60.1389 62.242 58.9059 59.0925 2
406 60.6889 62.477 59.754 58.8403 2
407 53.2307 58.9565 50.1581 60.3969 4
408 51.0899 57.7748 44.6422 66.848 4
409 51.0814 57.9676 44.4949 67.4922 4
410 51.0923 58.2725 44.2922 68.471 4
411 51.031 58.7136 43.9068 69.9145 4
412 51.5318 57.3435 45.6221 64.3025 4
413 51.2561 57.1926 45.2632 64.5041 4
414 51.0083 57.2372 44.8273 65.235 4
415 50.679 57.4008 44.1727 66.5105 4
416 50.0146 54.6992 44.632 59.7867 4
417 49.7493 54.8922 44.25 60.7935 4
418 49.483 55.2226 43.7811 62.2204 4
419 49.15 55.4231 43.169 63.519 4
420 48.1033 51.0466 41.5509 56.0986 4
421 47.591 50.6741 40.9677 56.069 4
422 47.1238 50.426 40.3784 56.2764 4
423 46.7725 50.3928 39.861 56.8719 4
424 46.832 48.9902 40.4349 52.9171 4
425 RANDOM
426 46.348 48.9131 39.5996 53.8927 4
427 46.2002 49.0958 39.2315 54.7617 4
428 45.1987 47.7522 38.2618 52.8521 4
429 45.1023 47.7343 38.0251 53.1169 4
430 45.1064 47.942 37.8129 53.8008 4
431 45.2035 48.4059 37.6606 54.9953 4
432 41.9536 46.6594 35.4845 46.7736 4
433 41.82 46.7861 35.3401 46.8574 4
434 41.759 47.0701 35.2278 47.1651 4
435 41.799 47.5538 35.1743 47.7701 4
436 38.2929 44.7595 31.8021 43.648 2
437 46.7666 47.6388 42.5227 45.0068 2
438 47.8267 48.5395 43.8373 45.4757 2
439 48.7474 49.3922 44.9964 46.0023 2
440 49.4966 50.0776 45.7885 46.5953 2
441 50.9976 52.1599 47.5757 50.2076 2
442 52.5164 53.7163 49.752 50.982 2
443 54.1563 55.3844 52.1583 52.0259 2
444 55.5745 56.811 54.1409 53.0375 2
445 57.2234 58.2879 56.4194 53.9046 2
446 58.6456 59.5062 58.2852 54.6432 2
447 59.9061 60.6894 60.0375 55.4151 2
448 60.6463 61.3358 60.9089 55.9165 2
449 57.9926 59.285 57.4064 54.9958 2
450 59.2023 60.2907 59.1931 55.4174 2
451 60.5139 61.4445 60.9632 56.1361 2
452 61.5929 62.4267 62.2441 56.9487 2
453 58.9489 60.8977 58.2228 57.2089 2
454 60.6406 61.9956 60.5509 57.4061 2
455 62.0019 63.0702 62.3865 57.9442 2
456 63.0696 63.9653 63.6906 58.556 2
457 58.8743 61.4655 57.248 59.0518 2
458 60.622 62.5103 59.8699 58.8928 2
459 61.54 63.1011 61.1809 58.9311 2
460 61.8308 63.278 61.6033 58.888 2
461 57.2128 61.0496 54.5859 60.3562 2
462 58.9142 61.655 57.1299 59.4082 2
463 60.1389 62.242 58.9059 59.0925 2
464 60.6889 62.477 59.754 58.8403 2
465 53.2307 58.9565 50.1581 60.3969 4
466 51.0899 57.7748 44.6422 66.848 4
467 51.0814 57.9676 44.4949 67.4922 4
468 51.0923 58.2725 44.2922 68.471 4
469 51.031 58.7136 43.9068 69.9145 4
470 51.5318 57.3435 45.6221 64.3025 4
471 51.2561 57.1926 45.2632 64.5041 4
472 51.0083 57.2372 44.8273 65.235 4
473 50.679 57.4008 44.1727 66.5105 4
474 50.0146 54.6992 44.632 59.7867 4
475 49.7493 54.8922 44.25 60.7935 4
476 49.483 55.2226 43.7811 62.2204 4
477 49.15 55.4231 43.169 63.519 4
478 48.1033 51.0466 41.5509 56.0986 4
479 47.591 50.6741 40.9677 56.069 4
480 47.1238 50.426 40.3784 56.2764 4
481 46.7725 50.3928 39.861 56.8719 4
482 46.832 48.9902 40.4349 52.9171 4
483 46.5954 48.9268 40.0582 53.3135 4
484 46.348 48.9131 39.5996 53.8927 4
485 46.2002 49.0958 39.2315 54.7617 4
486 45.1987 47.7522 38.2618 52.8521 4
487 45.1023 47.7343 38.0251 53.1169 4
488 45.1064 47.942 37.8129 53.8008 4
489 45.2035 48.4059 37.6606 54.9953 4
490 41.9536 46.6594 35.4845 46.7736 4
491 41.82 46.7861 35.3401 46.8574 4
492 RANDOM
493 41.799 47.5538 35.1743 47.7701 4
494 38.2929 44.7595 31.8021 43.648 2
495 46.7666 47.6388 42.5227 45.0068 2
496 47.8267 48.5395 43.8373 45.4757 2
497 48.7474 49.3922 44.9964 46.0023 2
498 49.4966 50.0776 45.7885 46.5953 2
499 50.9976 52.1599 47.5757 50.2076 2
500 52.5164 53.7163 49.752 50.982 2
501 54.1563 55.3844 52.1583 52.0259 2
502 55.5745 56.811 54.1409 53.0375 2
503 57.2234 58.2879 56.4194 53.9046 2
504 58.6456 59.5062 58.2852 54.6432 2
505 59.9061 60.6894 60.0375 55.4151 2
506 60.6463 61.3358 60.9089 55.9165 2
507 57.9926 59.285 57.4064 54.9958 2
508 59.2023 60.2907 59.1931 55.4174 2
509 RANDOM
510 61.5929 62.4267 62.2441 56.9487 2
511 58.9489 60.8977 58.2228 57.2089 2
512 60.6406 61.9956 60.5509 57.4061 2
513 62.0019 63.0702 62.3865 57.9442 2
514 63.0696 63.9653 63.6906 58.556 2
515 58.8743 61.4655 57.248 59.0518 2
516 60.622 62.5103 59.8699 58.8928 2
517 61.54 63.1011 61.1809 58.9311 2
518 RANDOM
519 65.7991 65.9588 65.9895 60.7649 3
520 55.5381 59.1477 51.7155 59.7632 4
521 RANDOM
522 51.0083 57.2372 44.8273 65.235 4
523 50.679 57.4008 44.1727 66.5105 4
524 RANDOM
525 49.7493 54.8922 44.25 60.7935 4
526 49.483 55.2226 43.7811 62.2204 4
527 49.15 55.4231 43.169 63.519 4
528 48.1033 51.0466 41.5509 56.0986 4
529 47.591 50.6741 40.9677 56.069 4
530 47.1238 50.426 40.3784 56.2764 4
531 46.7725 50.3928 39.861 56.8719 4
532 46.832 48.9902 40.4349 52.9171 4
533 46.5954 48.9268 40.0582 53.3135 4
534 46.348 48.9131 39.5996 53.8927 4
535 46.2002 49.0958 39.2315 54.7617 4
536 45.1987 47.7522 38.2618 52.8521 4
537 45.1023 47.7343 38.0251 53.1169 4
538 45.1064 47.942 37.8129 53.8008 4
539 45.2035 48.4059 37.6606 54.9953 4
540 41.9536 46.6594 35.4845 46.7736 4
541 41.82 46.7861 35.3401 46.8574 4
542 41.759 47.0701 35.2278 47.1651 4
543 41.799 47.5538 35.1743 47.7701 4
544 38.2929 44.7595 31.8021 43.648 2
545 46.7666 47.6388 42.5227 45.0068 2
546 47.8267 48.5395 43.8373 45.4757 2
547 48.7474 49.3922 44.9964 46.0023 2
548 49.4966 50.0776 45.7885 46.5953 2
549 50.9976 52.1599 47.5757 50.2076 2
550 52.5164 53.7163 49.752 50.982 2
551 54.1563 55.3844 52.1583 52.0259 2
552 55.5745 56.811 54.1409 53.0375 2
553 57.2234 58.2879 56.4194 53.9046 2
554 58.6456 59.5062 58.2852 54.6432 2
555 59.9061 60.6894 60.0375 55.4151 2
556 60.6463 61.3358 60.9089 55.9165 2
557 57.9926 59.285 57.4064 54.9958 2
558 59.2023 60.2907 59.1931 55.4174 2
559 60.5139 61.4445 60.9632 56.1361 2
560 61.5929 62.4267 62.2441 56.9487 2
561 58.9489 60.8977 58.2228 57.2089 2
562 60.6406 61.9956 60.5509 57.4061 2
563 62.0019 63.0702 62.3865 57.9442 2
564 63.0696 63.9653 63.6906 58.556 2
565 RANDOM
566 60.622 62.5103 59.8699 58.8928 2
567 61.54 63.1011 61.1809 58.9311 2
568 61.8308 63.278 61.6033 58.888 2
569 57.2128 61.0496 54.5859 60.3562 2
570 58.9142 61.655 57.1299 59.4082 2
571 60.1389 62.242 58.9059 59.0925 2
572 60.6889 62.477 59.754 58.8403 2
573 53.2307 58.9565 50.1581 60.3969 4
574 51.0899 57.7748 44.6422 66.848 4
575 51.0814 57.9676 44.4949 67.4922 4
576 51.0923 58.2725 44.2922 68.471 4
577 RANDOM
578 51.5318 57.3435 45.6221 64.3025 4
579 51.2561 57.1926 45.2632 64.5041 4
580 51.0083 57.2372 44.8273 65.235 4
581 50.679 57.4008 44.1727 66.5105 4
582 RANDOM
583 49.7493 54.8922 44.25 60.7935 4
584 49.483 55.2226 43.7811 62.2204 4
585 49.15 55.4231 43.169 63.519 4
586 48.1033 51.0466 41.5509 56.0986 4
587 47.591 50.6741 40.9677 56.069 4
588 47.1238 50.426 40.3784 56.2764 4
589 RANDOM
590 46.832 48.9902 40.4349 52.9171 4
591 46.5954 48.9268 40.0582 53.3135 4
592 46.348 48.9131 39.5996 53.8927 4
593 46.2002 49.0958 39.2315 54.7617 4
594 45.1987 47.7522 38.2618 52.8521 4
595 45.1023 47.7343 38.0251 53.1169 4
596 45.1064 47.942 37.8129 53.8008 4
597 45.2035 48.4059 37.6606 54.9953 4
598 41.9536 46.6594 35.4845 46.7736 4
599 41.82 46.7861 35.3401 46.8574 4
600 41.759 47.0701 35.2278 47.1651 4
601 41.799 47.5538 35.1743 47.7701 4
602 38.2929 44.7595 31.8021 43.648 2
603 46.7666 47.6388 42.5227 45.0068 2
604 47.8267 48.5395 43.8373 45.4757 2
605 48.7474 49.3922 44.9964 46.0023 2
606 49.4966 50.0776 45.7885 46.5953 2
607 50.9976 52.1599 47.5757 50.2076 2
608 52.5164 53.7163 49.752 50.982 2
609 54.1563 55.3844 52.1583 52.0259 2
610 55.5745 56.811 54.1409 53.0375 2
611 57.2234 58.2879 56.4194 53.9046 2
612 58.6456 59.5062 58.2852 54.6432 2
613 59.9061 60.6894 60.0375 55.4151 2
614 60.6463 61.3358 60.9089 55.9165 2
615 57.9926 59.285 57.4064 54.9958 2
616 59.2023 60.2907 59.1931 55.4174 2
617 60.5139 61.4445 60.9632 56.1361 2
618 61.5929 62.4267 62.2441 56.9487 2
619 58.9489 60.8977 58.2228 57.2089 2
620 60.6406 61.9956 60.5509 57.4061 2
621 62.0019 63.0702 62.3865 57.9442 2
622 63.0696 63.9653 63.6906 58.556 2
623 58.8743 61.4655 57.248 59.0518 2
624 60.622 62.5103 59.8699 58.8928 2
625 61.54 63.1011 61.1809 58.9311 2
626 61.8308 63.278 61.6033 58.888 2
627 57.2128 61.0496 54.5859 60.3562 2
628 58.9142 61.655 57.1299 59.4082 2
629 60.1389 62.242 58.9059 59.0925 2
630 60.6889 62.477 59.754 58.8403 2
631 53.2307 58.9565 50.1581 60.3969 4
632 51.0899 57.7748 44.6422 66.848 4
633 51.0814 57.9676 44.4949 67.4922 4
634 51.0923 58.2725 44.2922 68.471 4
635 51.031 58.7136 43.9068 69.9145 4
636 51.5318 57.3435 45.6221 64.3025 4
637 RANDOM
638 51.0083 57.2372 44.8273 65.235 4
639 50.679 57.4008 44.1727 66.5105 4
640 50.0146 54.6992 44.632 59.7867 4
641 49.7493 54.8922 44.25 60.7935 4
642 49.483 55.2226 43.7811 62.2204 4
643 49.15 55.4231 43.169 63.519 4
644 48.1033 51.0466 41.5509 56.0986 4
645 47.591 50.6741 40.9677 56.069 4
646 47.1238 50.426 40.3784 56.2764 4
647 46.7725 50.3928 39.861 56.8719 4
648 46.832 48.9902 40.4349 52.9171 4
649 46.5954 48.9268 40.0582 53.3135 4
650 46.348 48.9131 39.5996 53.8927 4
651 46.2002 49.0958 39.2315 54.7617 4
652 45.1987 47.7522 38.2618 52.8521 4
653 45.1023 47.7343 38.0251 53.1169 4
654 45.1064 47.942 37.8129 53.8008 4
655 45.2035 48.4059 37.6606 54.9953 4
656 41.9536 46.6594 35.4845 46.7736 4
657 41.82 46.7861 35.3401 46.8574 4
658 41.759 47.0701 35.2278 47.1651 4
659 RANDOM
660 38.2929 44.7595 31.8021 43.648 2
661 46.7666 47.6388 42.5227 45.0068 2
662 47.8267 48.5395 43.8373 45.4757 2
663 48.7474 49.3922 44.9964 46.0023 2
664 49.4966 50.0776 45.7885 46.5953 2
665 50.9976 52.1599 47.5757 50.2076 2
666 52.5164 53.7163 49.752 50.982 2
667 54.1563 55.3844 52.1583 52.0259 2
668 55.5745 56.811 54.1409 53.0375 2
669 57.2234 58.2879 56.4194 53.9046 2
670 58.6456 59.5062 58.2852 54.6432 2
671 59.9061 60.6894 60.0375 55.4151 2
672 60.6463 61.3358 60.9089 55.9165 2
673 57.9926 59.285 57.4064 54.9958 2
674 59.2023 60.2907 59.1931 55.4174 2
675 60.5139 61.4445 60.9632 56.1361 2
676 61.5929 62.4267 62.2441 56.9487 2
677 58.9489 60.8977 58.2228 57.2089 2
678 60.6406 61.9956 60.5509 57.4061 2
679 62.0019 63.0702 62.3865 57.9442 2
680 63.0696 63.9653 63.6906 58.556 2
681 58.8743 61.4655 57.248 59.0518 2
682 60.622 62.5103 59.8699 58.8928 2
683 61.54 63.1011 61.1809 58.9311 2
684 61.8308 63.278 61.6033 58.888 2
685 57.2128 61.0496 54.5859 60.3562 2
686 58.9142 61.655 57.1299 59.4082 2
687 60.1389 62.242 58.9059 59.0925 2
688 60.6889 62.477 59.754 58.8403 2
689 53.2307 58.9565 50.1581 60.3969 4
690 51.0899 57.7748 44.6422 66.848 4
691 51.0814 57.9676 44.4949 67.4922 4
692 51.0923 58.2725 44.2922 68.471 4
693 51.031 58.7136 43.9068 69.9145 4
694 51.5318 57.3435 45.6221 64.3025 4
695 51.2561 57.1926 45.2632 64.5041 4
696 51.0083 57.2372 44.8273 65.235 4
697 50.679 57.4008 44.1727 66.5105 4
698 50.0146 54.6992 44.632 59.7867 4
699 49.7493 54.8922 44.25 60.7935 4
700 49.483 55.2226 43.7811 62.2204 4
701 49.15 55.4231 43.169 63.519 4
702 48.1033 51.0466 41.5509 56.0986 4
703 47.591 50.6741 40.9677 56.069 4
704 47.1238 50.426 40.3784 56.2764 4
705 46.7725 50.3928 39.861 56.8719 4
706 46.832 48.9902 40.4349 52.9171 4
707 46.5954 48.9268 40.0582 53.3135 4
708 46.348 48.9131 39.5996 53.8927 4
709 46.2002 49.0958 39.2315 54.7617 4
710 45.1987 47.7522 38.2618 52.8521 4
711 45.1023 47.7343 38.0251 53.1169 4
712 45.1064 47.942 37.8129 53.8008 4
713 45.2035 48.4059 37.6606 54.9953 4
714 41.9536 46.6594 35.4845 46.7736 4
715 41.82 46.7861 35.3401 46.8574 4
716 41.759 47.0701 35.2278 47.1651 4
717 41.799 47.5538 35.1743 47.7701 4
718 38.2929 44.7595 31.8021 43.648 2
719 46.7666 47.6388 42.5227 45.0068 2
720 47.8267 48.5395 43.8373 45.4757 2
721 48.7474 49.3922 44.9964 46.0023 2
722 49.4966 50.0776 45.7885 46.5953 2
723 50.9976 52.1599 47.5757 50.2076 2
724 52.5164 53.7163 49.752 50.982 2
725 54.1563 55.3844 52.1583 52.0259 2
726 55.5745 56.811 54.1409 53.0375 2
727 57.2234 58.2879 56.4194 53.9046 2
728 58.6456 59.5062 58.2852 54.6432 2
729 59.9061 60.6894 60.0375 55.4151 2
730 60.6463 61.3358 60.9089 55.9165 2
731 57.9926 59.285 57.4064 54.9958 2
732 59.2023 60.2907 59.1931 55.4174 2
733 60.5139 61.4445 60.9632 56.1361 2
734 61.5929 62.4267 62.2441 56.9487 2
735 58.9489 60.8977 58.2228 57.2089 2
736 60.6406 61.9956 60.5509 57.4061 2
737 62.0019 63.0702 62.3865 57.9442 2
738 63.0696 63.9653 63.6906 58.556 2
739 58.8743 61.4655 57.248 59.0518 2
740 60.622 62.5103 59.8699 58.8928 2
741 61.54 63.1011 61.1809 58.9311 2
742 RANDOM
743 57.2128 61.0496 54.5859 60.3562 2
744 58.9142 61.655 57.1299 59.4082 2
745 60.1389 62.242 58.9059 59.0925 2
746 60.6889 62.477 59.754 58.8403 2
747 53.2307 58.9565 50.1581 60.3969 4
748 51.0899 57.7748 44.6422 66.848 4
749 51.0814 57.9676 44.4949 67.4922 4
750 51.0923 58.2725 44.2922 68.471 4
751 51.031 58.7136 43.9068 69.9145 4
752 51.5318 57.3435 45.6221 64.3025 4
753 51.2561 57.1926 45.2632 64.5041 4
754 51.0083 57.2372 44.8273 65.235 4
755 50.679 57.4008 44.1727 66.5105 4
756 50.0146 54.6992 44.632 59.7867 4
757 49.7493 54.8922 44.25 60.7935 4
758 49.483 55.2226 43.7811 62.2204 4
759 49.15 55.4231 43.169 63.519 4
760 48.1033 51.0466 41.5509 56.0986 4
761 47.591 50.6741 40.9677 56.069 4
762 47.1238 50.426 40.3784 56.2764 4
763 46.7725 50.3928 39.861 56.8719 4
764 46.832 48.9902 40.4349 52.9171 4
765 46.5954 48.9268 40.0582 53.3135 4
766 46.348 48.9131 39.5996 53.8927 4
767 46.2002 49.0958 39.2315 54.7617 4
768 45.1987 47.7522 38.2618 52.8521 4
769 45.1023 47.7343 38.0251 53.1169 4
770 45.1064 47.942 37.8129 53.8008 4
771 45.2035 48.4059 37.6606 54.9953 4
772 41.9536 46.6594 35.4845 46.7736 4
773 41.82 46.7861 35.3401 46.8574 4
774 41.759 47.0701 35.2278 47.1651 4
775 41.799 47.5538 35.1743 47.7701 4
776 38.2929 44.7595 31.8021 43.648 2
777 46.7666 47.6388 42.5227 45.0068 2
778 47.8267 48.5395 43.8373 45.4757 2
779 48.7474 49.3922 44.9964 46.0023 2
780 49.4966 50.0776 45.7885 46.5953 2
781 50.9976 52.1599 47.5757 50.2076 2
782 52.5164 53.7163 49.752 50.982 2
783 54.1563 55.3844 52.1583 52.0259 2
784 55.5745 56.811 54.1409 53.0375 2
785 57.2234 58.2879 56.4194 53.9046 2
786 RANDOM
787 59.9061 60.6894 60.0375 55.4151 2
788 60.6463 61.3358 60.9089 55.9165 2
789 57.9926 59.285 57.4064 54.9958 2
790 59.2023 60.2907 59.1931 55.4174 2
791 60.5139 61.4445 60.9632 56.1361 2
792 61.5929 62.4267 62.2441 56.9487 2
793 58.9489 60.8977 58.2228 57.2089 2
794 60.6406 61.9956 60.5509 57.4061 2
795 62.0019 63.0702 62.3865 57.9442 2
796 63.0696 63.9653 63.6906 58.556 2
797 58.8743 61.4655 57.248 59.0518 2
798 60.622 62.5103 59.8699 58.8928 2
799 61.54 63.1011 61.1809 58.9311 2
800 61.8308 63.278 61.6033 58.888 2
801 57.2128 61.0496 54.5859 60.3562 2
802 RANDOM
803 60.1389 62.242 58.9059 59.0925 2
804 60.6889 62.477 59.754 58.8403 2
805 53.2307 58.9565 50.1581 60.3969 4
806 51.0899 57.7748 44.6422 66.848 4
807 51.0814 57.9676 44.4949 67.4922 4
808 51.0923 58.2725 44.2922 68.471 4
809 51.031 58.7136 43.9068 69.9145 4
810 51.5318 57.3435 45.6221 64.3025 4
811 51.2561 57.1926 45.2632 64.5041 4
812 51.0083 57.2372 44.8273 65.235 4
813 50.679 57.4008 44.1727 66.5105 4
814 50.0146 54.6992 44.632 59.7867 4
815 49.7493 54.8922 44.25 60.7935 4
816 49.483 55.2226 43.7811 62.2204 4
817 49.15 55.4231 43.169 63.519 4
818 48.1033 51.0466 41.5509 56.0986 4
819 47.591 50.6741 40.9677 56.069 4
820 47.1238 50.426 40.3784 56.2764 4
821 46.7725 50.3928 39.861 56.8719 4
822 RANDOM
823 46.5954 48.9268 40.0582 53.3135 4
824 46.348 48.9131 39.5996 53.8927 4
825 46.2002 49.0958 39.2315 54.7617 4
826 45.1987 47.7522 38.2618 52.8521 4
827 45.1023 47.7343 38.0251 53.1169 4
828 45.1064 47.942 37.8129 53.8008 4
829 45.2035 48.4059 37.6606 54.9953 4
830 41.9536 46.6594 35.4845 46.7736 4
831 41.82 46.7861 35.3401 46.8574 4
832 41.759 47.0701 35.2278 47.1651 4
833 41.799 47.5538 35.1743 47.7701 4
834 38.2929 44.7595 31.8021 43.648 2
835 46.7666 47.6388 42.5227 45.0068 2
836 47.8267 48.5395 43.8373 45.4757 2
837 48.7474 49.3922 44.9964 46.0023 2
838 RANDOM
839 RANDOM
840 52.5164 53.7163 49.752 50.982 2
841 54.1563 55.3844 52.1583 52.0259 2
842 55.5745 56.811 54.1409 53.0375 2
843 57.2234 58.2879 56.4194 53.9046 2
844 58.6456 59.5062 58.2852 54.6432 2
845 59.9061 60.6894 60.0375 55.4151 2
846 60.6463 61.3358 60.9089 55.9165 2
847 57.9926 59.285 57.4064 54.9958 2
848 59.2023 60.2907 59.1931 55.4174 2
849 60.5139 61.4445 60.9632 56.1361 2
850 61.5929 62.4267 62.2441 56.9487 2
851 58.9489 60.8977 58.2228 57.2089 2
852 60.6406 61.9956 60.5509 57.4061 2
853 62.0019 63.0702 62.3865 57.9442 2
854 63.0696 63.9653 63.6906 58.556 2
855 58.8743 61.4655 57.248 59.0518 2
856 60.622 62.5103 59.8699 58.8928 2
857 61.54 63.1011 61.1809 58.9311 2
858 61.8308 63.278 61.6033 58.888 2
859 57.2128 61.0496 54.5859 60.3562 2
860 RANDOM
861 60.1389 62.242 58.9059 59.0925 2
862 60.6889 62.477 59.754 58.8403 2
863 53.2307 58.9565 50.1581 60.3969 4
864 51.0899 57.7748 44.6422 66.848 4
865 51.0814 57.9676 44.4949 67.4922 4
866 51.0923 58.2725 44.2922 68.471 4
867 51.031 58.7136 43.9068 69.9145 4
868 51.5318 57.3435 45.6221 64.3025 4
869 51.2561 57.1926 45.2632 64.5041 4
870 51.0083 57.2372 44.8273 65.235 4
871 50.679 57.4008 44.1727 66.5105 4
872 50.0146 54.6992 44.632 59.7867 4
873 49.7493 54.8922 44.25 60.7935 4
874 49.483 55.2226 43.7811 62.2204 4
875 49.15 55.4231 43.169 63.519 4
876 48.1033 51.0466 41.5509 56.0986 4
877 47.591 50.6741 40.9677 56.069 4
878 47.1238 50.426 40.3784 56.2764 4
879 46.7725 50.3928 39.861 56.8719 4
880 46.832 48.9902 40.4349 52.9171 4
881 46.5954 48.9268 40.0582 53.3135 4
882 46.348 48.9131 39.5996 53.8927 4
883 46.2002 49.0958 39.2315 54.7617 4
884 45.1987 47.7522 38.2618 52.8521 4
885 45.1023 47.7343 38.0251 53.1169 4
886 45.1064 47.942 37.8129 53.8008 4
887 45.2035 48.4059 37.6606 54.9953 4
888 41.9536 46.6594 35.4845 46.7736 4
889 41.82 46.7861 35.3401 46.8574 4
890 41.759 47.0701 35.2278 47.1651 4
891 41.799 47.5538 35.1743 47.7701 4
892 38.2929 44.7595 31.8021 43.648 2
893 46.7666 47.6388 42.5227 45.0068 2
894 47.8267 48.5395 43.8373 45.4757 2
895 48.7474 49.3922 44.9964 46.0023 2
896 49.4966 50.0776 45.7885 46.5953 2
897 50.9976 52.1599 47.5757 50.2076 2
898 52.5164 53.7163 49.752 50.982 2
899 54.1563 55.3844 52.1583 52.0259 2
900 55.5745 56.811 54.1409 53.0375 2
901 57.2234 58.2879 56.4194 53.9046 2
902 58.6456 59.5062 58.2852 54.6432 2
903 59.9061 60.6894 60.0375 55.4151 2
904 60.6463 61.3358 60.9089 55.9165 2
905 57.9926 59.285 57.4064 54.9958 2
906 59.2023 60.2907 59.1931 55.4174 2
907 60.5139 61.4445 60.9632 56.1361 2
908 61.5929 62.4267 62.2441 56.9487 2
909 58.9489 60.8977 58.2228 57.2089 2
910 60.6406 61.9956 60.5509 57.4061 2
911 62.0019 63.0702 62.3865 57.9442 2
912 63.0696 63.9653 63.6906 58.556 2
913 58.8743 61.4655 57.248 59.0518 2
914 60.622 62.5103 59.8699 58.8928 2
915 61.54 63.1011 61.1809 58.9311 2
916 61.8308 63.278 61.6033 58.888 2
917 57.2128 61.0496 54.5859 60.3562 2
918 58.9142 61.655 57.1299 59.4082 2
919 60.1389 62.242 58.9059 59.0925 2
920 60.6889 62.477 59.754 58.8403 2
921 53.2307 58.9565 50.1581 60.3969 4
922 51.0899 57.7748 44.6422 66.848 4
923 51.0814 57.9676 44.4949 67.4922 4
924 51.0923 58.2725 44.2922 68.471 4
925 51.031 58.7136 43.9068 69.9145 4
926 51.5318 57.3435 45.6221 64.3025 4
927 51.2561 57.1926 45.2632 64.5041 4
928 51.0083 57.2372 44.8273 65.235 4
929 50.679 57.4008 44.1727 66.5105 4
930 50.0146 54.6992 44.632 59.7867 4
931 49.7493 54.8922 44.25 60.7935 4
932 49.483 55.2226 43.7811 62.2204 4
933 49.15 55.4231 43.169 63.519 4
934 48.1033 51.0466 41.5509 56.0986 4
935 47.591 50.6741 40.9677 56.069 4
936 47.1238 50.426 40.3784 56.2764 4
937 46.7725 50.3928 39.861 56.8719 4
938 46.832 48.9902 40.4349 52.9171 4
939 46.5954 48.9268 40.0582 53.3135 4
940 46.348 48.9131 39.5996 53.8927 4
941 46.2002 49.0958 39.2315 54.7617 4
942 45.1987 47.7522 38.2618 52.8521 4
943 45.1023 47.7343 38.0251 53.1169 4
944 45.1064 47.942 37.8129 53.8008 4
945 45.2035 48.4059 37.6606 54.9953 4
946 41.9536 46.6594 35.4845 46.7736 4
947 41.82 46.7861 35.3401 46.8574 4
948 41.759 47.0701 35.2278 47.1651 4
949 41.799 47.5538 35.1743 47.7701 4
950 38.2929 44.7595 31.8021 43.648 2
951 46.7666 47.6388 42.5227 45.0068 2
952 47.8267 48.5395 43.8373 45.4757 2
953 48.7474 49.3922 44.9964 46.0023 2
954 49.4966 50.0776 45.7885 46.5953 2
955 50.9976 52.1599 47.5757 50.2076 2
956 52.5164 53.7163 49.752 50.982 2
957 54.1563 55.3844 52.1583 52.0259 2
958 55.5745 56.811 54.1409 53.0375 2
959 57.2234 58.2879 56.4194 53.9046 2
960 58.6456 59.5062 58.2852 54.6432 2
961 59.9061 60.6894 60.0375 55.4151 2
962 60.6463 61.3358 60.9089 55.9165 2
963 RANDOM
964 59.2023 60.2907 59.1931 55.4174 2
965 RANDOM
966 61.5929 62.4267 62.2441 56.9487 2
967 58.9489 60.8977 58.2228 57.2089 2
968 60.6406 61.9956 60.5509 57.4061 2
969 62.0019 63.0702 62.3865 57.9442 2
970 63.0696 63.9653 63.6906 58.556 2
971 58.8743 61.4655 57.248 59.0518 2
972 60.622 62.5103 59.8699 58.8928 2
973 61.54 63.1011 61.1809 58.9311 2
974 61.8308 63.278 61.6033 58.888 2
975 57.2128 61.0496 54.5859 60.3562 2
976 58.9142 61.655 57.1299 59.4082 2
977 60.1389 62.242 58.9059 59.0925 2
978 60.6889 62.477 59.754 58.8403 2
979 53.2307 58.9565 50.1581 60.3969 4
980 RANDOM
981 51.0814 57.9676 44.4949 67.4922 4
982 51.0923 58.2725 44.2922 68.471 4
983 51.031 58.7136 43.9068 69.9145 4
984 51.5318 57.3435 45.6221 64.3025 4
985 51.2561 57.1926 45.2632 64.5041 4
986 51.0083 57.2372 44.8273 65.235 4
987 50.679 57.4008 44.1727 66.5105 4
988 50.0146 54.6992 44.632 59.7867 4
989 49.7493 54.8922 44.25 60.7935 4
990 49.483 55.2226 43.7811 62.2204 4
991 49.15 55.4231 43.169 63.519 4
992 48.1033 51.0466 41.5509 56.0986 4
993 47.591 50.6741 40.9677 56.069 4
994 47.1238 50.426 40.3784 56.2764 4
995 46.7725 50.3928 39.861 56.8719 4
996 46.832 48.9902 40.4349 52.9171 4
997 46.5954 48.9268 40.0582 53.3135 4
998 46.348 48.9131 39.5996 53.8927 4
999 46.2002 49.0958 39.2315 54.7617 4
1000 45.1987 47.7522 38.2618 52.8521 4
1001 RANDOM
1002 45.1064 47.942 37.8129 53.8008 4
1003 45.2035 48.4059 37.6606 54.9953 4
1004 41.9536 46.6594 35.4845 46.7736 4
1005 41.82 46.7861 35.3401 46.8574 4
1006 41.759 47.0701 35.2278 47.1651 4
1007 41.799 47.5538 35.1743 47.7701 4
1008 38.2929 44.7595 31.8021 43.648 2
1009 46.7666 47.6388 42.5227 45.0068 2
1010 47.8267 48.5395 43.8373 45.4757 2
1011 48.7474 49.3922 44.9964 46.0023 2
1012 49.4966 50.0776 45.7885 46.5953 2
1013 50.9976 52.1599 47.5757 50.2076 2
1014 52.5164 53.7163 49.752 50.982 2
1015 54.1563 55.3844 52.1583 52.0259 2
1016 55.5745 56.811 54.1409 53.0375 2
1017 57.2234 58.2879 56.4194 53.9046 2
1018 58.6456 59.5062 58.2852 54.6432 2
1019 59.9061 60.6894 60.0375 55.4151 2
1020 60.6463 61.3358 60.9089 55.9165 2
1021 57.9926 59.285 57.4064 54.9958 2
1022 59.2023 60.2907 59.1931 55.4174 2
1023 60.5139 61.4445 60.9632 56.1361 2
1024 61.5929 62.4267 62.2441 56.9487 2
1025 58.9489 60.8977 58.2228 57.2089 2
1026 60.6406 61.9956 60.5509 57.4061 2
1027 62.0019 63.0702 62.3865 57.9442 2
1028 63.0696 63.9653 63.6906 58.556 2
1029 58.8743 61.4655 57.248 59.0518 2
1030 RANDOM
1031 61.54 63.1011 61.1809 58.9311 2
1032 61.8308 63.278 61.6033 58.888 2
1033 57.2128 61.0496 54.5859 60.3562 2
1034 58.9142 61.655 57.1299 59.4082 2
1035 60.1389 62.242 58.9059 59.0925 2
1036 60.6889 62.477 59.754 58.8403 2
1037 53.2307 58.9565 50.1581 60.3969 4
1038 51.0899 57.7748 44.6422 66.848 4
1039 51.0814 57.9676 44.4949 67.4922 4
1040 RANDOM
1041 51.031 58.7136 43.9068 69.9145 4
1042 51.5318 57.3435 45.6221 64.3025 4
1043 51.2561 57.1926 45.2632 64.5041 4
1044 51.0083 57.2372 44.8273 65.235 4
1045 50.679 57.4008 44.1727 66.5105 4
1046 50.0146 54.6992 44.632 59.7867 4
1047 49.7493 54.8922 44.25 60.7935 4
1048 49.483 55.2226 43.7811 62.2204 4
1049 49.15 55.4231 43.169 63.519 4
1050 48.1033 51.0466 41.5509 56.0986 4
1051 47.591 50.6741 40.9677 56.069 4
1052 47.1238 50.426 40.3784 56.2764 4
1053 46.7725 50.3928 39.861 56.8719 4
1054 46.832 48.9902 40.4349 52.9171 4
1055 46.5954 48.9268 40.0582 53.3135 4
1056 46.348 48.9131 39.5996 53.8927 4
1057 46.2002 49.0958 39.2315 54.7617 4
1058 45.1987 47.7522 38.2618 52.8521 4
1059 45.1023 47.7343 38.0251 53.1169 4
1060 45.1064 47.942 37.8129 53.8008 4
1061 45.2035 48.4059 37.6606 54.9953 4
1062 41.9536 46.6594 35.4845 46.7736 4
1063 41.82 46.7861 35.3401 46.8574 4
1064 41.759 47.0701 35.2278 47.1651 4
1065 41.799 47.5538 35.1743 47.7701 4
1066 38.2929 44.7595 31.8021 43.648 2
1067 46.7666 47.6388 42.5227 45.0068 2
1068 47.8267 48.5395 43.8373 45.4757 2
1069 48.7474 49.3922 44.9964 46.0023 2
1070 49.4966 50.0776 45.7885 46.5953 2
1071 50.9976 52.1599 47.5757 50.2076 2
1072 RANDOM
1073 54.1563 55.3844 52.1583 52.0259 2
1074 55.5745 56.811 54.1409 53.0375 2
1075 57.2234 58.2879 56.4194 53.9046 2
1076 RANDOM
1077 59.9061 60.6894 60.0375 55.4151 2
1078 60.6463 61.3358 60.9089 55.9165 2
1079 57.9926 59.285 57.4064 54.9958 2
1080 59.2023 60.2907 59.1931 55.4174 2
1081 60.5139 61.4445 60.9632 56.1361 2
1082 61.5929 62.4267 62.2441 56.9487 2
1083 58.9489 60.8977 58.2228 57.2089 2
1084 60.6406 61.9956 60.5509 57.4061 2
1085 62.0019 63.0702 62.3865 57.9442 2
1086 63.0696 63.9653 63.6906 58.556 2
1087 58.8743 61.4655 57.248 59.0518 2
1088 60.622 62.5103 59.8699 58.8928 2
1089 61.54 63.1011 61.1809 58.9311 2
1090 61.8308 63.278 61.6033 58.888 2
1091 57.2128 61.0496 54.5859 60.3562 2
1092 58.9142 61.655 57.1299 59.4082 2
1093 60.1389 62.242 58.9059 59.0925 2
1094 60.6889 62.477 59.754 58.8403 2
1095 53.2307 58.9565 50.1581 60.3969 4
1096 RANDOM
1097 51.0814 57.9676 44.4949 67.4922 4
1098 51.0923 58.2725 44.2922 68.471 4
1099 51.031 58.7136 43.9068 69.9145 4
1100 51.5318 57.3435 45.6221 64.3025 4
1101 51.2561 57.1926 45.2632 64.5041 4
1102 RANDOM
1103 50.679 57.4008 44.1727 66.5105 4
1104 50.0146 54.6992 44.632 59.7867 4
1105 49.7493 54.8922 44.25 60.7935 4
1106 49.483 55.2226 43.7811 62.2204 4
1107 49.15 55.4231 43.169 63.519 4
1108 RANDOM
1109 47.591 50.6741 40.9677 56.069 4
1110 47.1238 50.426 40.3784 56.2764 4
1111 46.7725 50.3928 39.861 56.8719 4
1112 46.832 48.9902 40.4349 52.9171 4
1113 46.5954 48.9268 40.0582 53.3135 4
1114 46.348 48.9131 39.5996 53.8927 4
1115 46.2002 49.0958 39.2315 54.7617 4
1116 45.1987 47.7522 38.2618 52.8521 4
1117 45.1023 47.7343 38.0251 53.1169 4
1118 45.1064 47.942 37.8129 53.8008 4
1119 45.2035 48.4059 37.6606 54.9953 4
1120 41.9536 46.6594 35.4845 46.7736 4
1121 41.82 46.7861 35.3401 46.8574 4
1122 41.759 47.0701 35.2278 47.1651 4
1123 41.799 47.5538 35.1743 47.7701 4
1124 38.2929 44.7595 31.8021 43.648 2
1125 46.7666 47.6388 42.5227 45.0068 2
1126 47.8267 48.5395 43.8373 45.4757 2
1127 48.7474 49.3922 44.9964 46.0023 2
1128 49.4966 50.0776 45.7885 46.5953 2
1129 50.9976 52.1599 47.5757 50.2076 2
1130 52.5164 53.7163 49.752 50.982 2
1131 54.1563 55.3844 52.1583 52.0259 2
1132 55.5745 56.811 54.1409 53.0375 2
1133 57.2234 58.2879 56.4194 53.9046 2
1134 58.6456 59.5062 58.2852 54.6432 2
1135 59.9061 60.6894 60.0375 55.4151 2
1136 60.6463 61.3358 60.9089 55.9165 2
1137 57.9926 59.285 57.4064 54.9958 2
1138 59.2023 60.2907 59.1931 55.4174 2
1139 60.5139 61.4445 60.9632 56.1361 2
1140 61.5929 62.4267 62.2441 56.9487 2
1141 58.9489 60.8977 58.2228 57.2089 2
1142 60.6406 61.9956 60.5509 57.4061 2
1143 62.0019 63.0702 62.3865 57.9442 2
1144 63.0696 63.9653 63.6906 58.556 2
1145 58.8743 61.4655 57.248 59.0518 2
1146 60.622 62.5103 59.8699 58.8928 2
1147 61.54 63.1011 61.1809 58.9311 2
1148 61.8308 63.278 61.6033 58.888 2
1149 57.2128 61.0496 54.5859 60.3562 2
1150 58.9142 61.655 57.1299 59.4082 2
1151 60.1389 62.242 58.9059 59.0925 2
1152 60.6889 62.477 59.754 58.8403 2
1153 53.2307 58.9565 50.1581 60.3969 4
1154 51.0899 57.7748 44.6422 66.848 4
1155 51.0814 57.9676 44.4949 67.4922 4
1156 51.0923 58.2725 44.2922 68.471 4
1157 51.031 58.7136 43.9068 69.9145 4
1158 51.5318 57.3435 45.6221 64.3025 4
1159 51.2561 57.1926 45.2632 64.5041 4
1160 51.0083 57.2372 44.8273 65.235 4
1161 50.679 57.4008 44.1727 66.5105 4
1162 50.0146 54.6992 44.632 59.7867 4
1163 49.7493 54.8922 44.25 60.7935 4
1164 49.483 55.2226 43.7811 62.2204 4
1165 49.15 55.4231 43.169 63.519 4
1166 48.1033 51.0466 41.5509 56.0986 4
1167 47.591 50.6741 40.9677 56.069 4
1168 47.1238 50.426 40.3784 56.2764 4
1169 46.7725 50.3928 39.861 56.8719 4
1170 46.832 48.9902 40.4349 52.9171 4
1171 46.5954 48.9268 40.0582 53.3135 4
1172 46.348 48.9131 39.5996 53.8927 4
1173 46.2002 49.0958 39.2315 54.7617 4
1174 45.1987 47.7522 38.2618 52.8521 4
1175 45.1023 47.7343 38.0251 53.1169 4
1176 45.1064 47.942 37.8129 53.8008 4
1177 45.2035 48.4059 37.6606 54.9953 4
1178 41.9536 46.6594 35.4845 46.7736 4
1179 41.82 46.7861 35.3401 46.8574 4
1180 41.759 47.0701 35.2278 47.1651 4
1181 41.799 47.5538 35.1743 47.7701 4
1182 38.2929 44.7595 31.8021 43.648 2
1183 46.7666 47.6388 42.5227 45.0068 2
1184 47.8267 48.5395 43.8373 45.4757 2
1185 48.7474 49.3922 44.9964 46.0023 2
1186 49.4966 50.0776 45.7885 46.5953 2
1187 50.9976 52.1599 47.5757 50.2076 2
1188 52.5164 53.7163 49.752 50.982 2
1189 54.1563 55.3844 52.1583 52.0259 2
1190 55.5745 56.811 54.1409 53.0375 2
1191 57.2234 58.2879 56.4194 53.9046 2
1192 58.6456 59.5062 58.2852 54.6432 2
1193 59.9061 60.6894 60.0375 55.4151 2
1194 60.6463 61.3358 60.9089 55.9165 2
1195 57.9926 59.285 57.4064 54.9958 2
1196 59.2023 60.2907 59.1931 55.4174 2
1197 60.5139 61.4445 60.9632 56.1361 2
1198 61.5929 62.4267 62.2441 56.9487 2
1199 58.9489 60.8977 58.2228 57.2089 2
1200 60.6406 61.9956 60.5509 57.4061 2
1201 62.0019 63.0702 62.3865 57.9442 2
1202 63.0696 63.9653 63.6906 58.556 2
1203 58.8743 61.4655 57.248 59.0518 2
1204 60.622 62.5103 59.8699 58.8928 2
1205 61.54 63.1011 61.1809 58.9311 2
1206 61.8308 63.278 61.6033 58.888 2
1207 57.2128 61.0496 54.5859 60.3562 2
1208 58.9142 61.655 57.1299 59.4082 2
1209 60.1389 62.242 58.9059 59.0925 2
1210 60.6889 62.477 59.754 58.8403 2
1211 53.2307 58.9565 50.1581 60.3969 4
1212 51.0899 57.7748 44.6422 66.848 4
1213 51.0814 57.9676 44.4949 67.4922 4
1214 51.0923 58.2725 44.2922 68.471 4
1215 51.031 58.7136 43.9068 69.9145 4
1216 51.5318 57.3435 45.6221 64.3025 4
1217 51.2561 57.1926 45.2632 64.5041 4
1218 51.0083 57.2372 44.8273 65.235 4
1219 50.679 57.4008 44.1727 66.5105 4
1220 50.0146 54.6992 44.632 59.7867 4
1221 49.7493 54.8922 44.25 60.7935 4
1222 49.483 55.2226 43.7811 62.2204 4
1223 49.15 55.4231 43.169 63.519 4
1224 48.1033 51.0466 41.5509 56.0986 4
1225 47.591 50.6741 40.9677 56.069 4
1226 47.1238 50.426 40.3784 56.2764 4
1227 46.7725 50.3928 39.861 56.8719 4
1228 46.832 48.9902 40.4349 52.9171 4
1229 46.5954 48.9268 40.0582 53.3135 4
1230 46.348 48.9131 39.5996 53.8927 4
1231 46.2002 49.0958 39.2315 54.7617 4
1232 45.1987 47.7522 38.2618 52.8521 4
1233 45.1023 47.7343 38.0251 53.1169 4
1234 RANDOM
1235 45.2035 48.4059 37.6606 54.9953 4
1236 41.9536 46.6594 35.4845 46.7736 4
1237 41.82 46.7861 35.3401 46.8574 4
1238 41.759 47.0701 35.2278 47.1651 4
1239 41.799 47.5538 35.1743 47.7701 4
1240 38.2929 44.7595 31.8021 43.648 2
1241 46.7666 47.6388 42.5227 45.0068 2
1242 47.8267 48.5395 43.8373 45.4757 2
1243 48.7474 49.3922 44.9964 46.0023 2
1244 49.4966 50.0776 45.7885 46.5953 2
1245 50.9976 52.1599 47.5757 50.2076 2
1246 52.5164 53.7163 49.752 50.982 2
1247 54.1563 55.3844 52.1583 52.0259 2
1248 55.5745 56.811 54.1409 53.0375 2
1249 57.2234 58.2879 56.4194 53.9046 2
1250 58.6456 59.5062 58.2852 54.6432 2
1251 59.9061 60.6894 60.0375 55.4151 2
1252 60.6463 61.3358 60.9089 55.9165 2
1253 57.9926 59.285 57.4064 54.9958 2
1254 59.2023 60.2907 59.1931 55.4174 2
1255 60.5139 61.4445 60.9632 56.1361 2
1256 61.5929 62.4267 62.2441 56.9487 2
1257 58.9489 60.8977 58.2228 57.2089 2
1258 60.6406 61.9956 60.5509 57.4061 2
1259 62.0019 63.0702 62.3865 57.9442 2
1260 63.0696 63.9653 63.6906 58.556 2
1261 58.8743 61.4655 57.248 59.0518 2
1262 60.622 62.5103 59.8699 58.8928 2
1263 61.54 63.1011 61.1809 58.9311 2
1264 61.8308 63.278 61.6033 58.888 2
1265 57.2128 61.0496 54.5859 60.3562 2
1266 58.9142 61.655 57.1299 59.4082 2
1267 60.1389 62.242 58.9059 59.0925 2
1268 60.6889 62.477 59.754 58.8403 2
1269 53.2307 58.9565 50.1581 60.3969 4
1270 51.0899 57.7748 44.6422 66.848 4
1271 51.0814 57.9676 44.4949 67.4922 4
1272 51.0923 58.2725 44.2922 68.471 4
1273 51.031 58.7136 43.9068 69.9145 4
1274 51.5318 57.3435 45.6221 64.3025 4
1275 51.2561 57.1926 45.2632 64.5041 4
1276 51.0083 57.2372 44.8273 65.235 4
1277 50.679 57.4008 44.1727 66.5105 4
1278 50.0146 54.6992 44.632 59.7867 4
1279 49.7493 54.8922 44.25 60.7935 4
1280 49.483 55.2226 43.7811 62.2204 4
1281 49.15 55.4231 43.169 63.519 4
1282 48.1033 51.0466 41.5509 56.0986 4
1283 47.591 50.6741 40.9677 56.069 4
1284 RANDOM
1285 46.7725 50.3928 39.861 56.8719 4
1286 46.832 48.9902 40.4349 52.9171 4
1287 46.5954 48.9268 40.0582 53.3135 4
1288 46.348 48.9131 39.5996 53.8927 4
1289 46.2002 49.0958 39.2315 54.7617 4
1290 45.1987 47.7522 38.2618 52.8521 4
1291 45.1023 47.7343 38.0251 53.1169 4
1292 45.1064 47.942 37.8129 53.8008 4
1293 45.2035 48.4059 37.6606 54.9953 4
1294 41.9536 46.6594 35.4845 46.7736 4
1295 41.82 46.7861 35.3401 46.8574 4
1296 41.759 47.0701 35.2278 47.1651 4
1297 41.799 47.5538 35.1743 47.7701 4
1298 38.2929 44.7595 31.8021 43.648 2
1299 46.7666 47.6388 42.5227 45.0068 2
1300 47.8267 48.5395 43.8373 45.4757 2
1301 RANDOM
1302 49.4966 50.0776 45.7885 46.5953 2
1303 50.9976 52.1599 47.5757 50.2076 2
1304 52.5164 53.7163 49.752 50.982 2
1305 54.1563 55.3844 52.1583 52.0259 2
1306 55.5745 56.811 54.1409 53.0375 2
1307 57.2234 58.2879 56.4194 53.9046 2
1308 58.6456 59.5062 58.2852 54.6432 2
1309 59.9061 60.6894 60.0375 55.4151 2
1310 60.6463 61.3358 60.9089 55.9165 2
1311 57.9926 59.285 57.4064 54.9958 2
1312 59.2023 60.2907 59.1931 55.4174 2
1313 60.5139 61.4445 60.9632 56.1361 2
1314 61.5929 62.4267 62.2441 56.9487 2
1315 58.9489 60.8977 58.2228 57.2089 2
1316 60.6406 61.9956 60.5509 57.4061 2
1317 62.0019 63.0702 62.3865 57.9442 2
1318 63.0696 63.9653 63.6906 58.556 2
1319 58.8743 61.4655 57.248 59.0518 2
1320 60.622 62.5103 59.8699 58.8928 2
1321 61.54 63.1011 61.1809 58.9311 2
1322 61.8308 63.278 61.6033 58.888 2
1323 57.2128 61.0496 54.5859 60.3562 2
1324 RANDOM
1325 60.1389 62.242 58.9059 59.0925 2
1326 60.6889 62.477 59.754 58.8403 2
1327 53.2307 58.9565 50.1581 60.3969 4
1328 51.0899 57.7748 44.6422 66.848 4
1329 51.0814 57.9676 44.4949 67.4922 4
1330 51.0923 58.2725 44.2922 68.471 4
1331 51.031 58.7136 43.9068 69.9145 4
1332 51.5318 57.3435 45.6221 64.3025 4
1333 51.2561 57.1926 45.2632 64.5041 4
1334 51.0083 57.2372 44.8273 65.235 4
1335 50.679 57.4008 44.1727 66.5105 4
1336 50.0146 54.6992 44.632 59.7867 4
1337 49.7493 54.8922 44.25 60.7935 4
1338 49.483 55.2226 43.7811 62.2204 4
1339 49.15 55.4231 43.169 63.519 4
1340 48.1033 51.0466 41.5509 56.0986 4
1341 47.591 50.6741 40.9677 56.069 4
1342 47.1238 50.426 40.3784 56.2764 4
1343 46.7725 50.3928 39.861 56.8719 4
1344 46.832 48.9902 40.4349 52.9171 4
1345 46.5954 48.9268 40.0582 53.3135 4
1346 RANDOM
1347 46.2002 49.0958 39.2315 54.7617 4
1348 45.1987 47.7522 38.2618 52.8521 4
1349 45.1023 47.7343 38.0251 53.1169 4
1350 45.1064 47.942 37.8129 53.8008 4
1351 45.2035 48.4059 37.6606 54.9953 4
1352 41.9536 46.6594 35.4845 46.7736 4
1353 41.82 46.7861 35.3401 46.8574 4
1354 41.759 47.0701 35.2278 47.1651 4
1355 41.799 47.5538 35.1743 47.7701 4
1356 38.2929 44.7595 31.8021 43.648 2
1357 46.7666 47.6388 42.5227 45.0068 2
1358 47.8267 48.5395 43.8373 45.4757 2
1359 48.7474 49.3922 44.9964 46.0023 2
1360 49.4966 50.0776 45.7885 46.5953 2
1361 50.9976 52.1599 47.5757 50.2076 2
1362 52.5164 53.7163 49.752 50.982 2
1363 54.1563 55.3844 52.1583 52.0259 2
1364 55.5745 56.811 54.1409 53.0375 2
1365 57.2234 58.2879 56.4194 53.9046 2
1366 58.6456 59.5062 58.2852 54.6432 2
1367 59.9061 60.6894 60.0375 55.4151 2
1368 60.6463 61.3358 60.9089 55.9165 2
1369 57.9926 59.285 57.4064 54.9958 2
1370 59.2023 60.2907 59.1931 55.4174 2
1371 60.5139 61.4445 60.9632 56.1361 2
1372 61.5929 62.4267 62.2441 56.9487 2
1373 58.9489 60.8977 58.2228 57.2089 2
1374 60.6406 61.9956 60.5509 57.4061 2
1375 62.0019 63.0702 62.3865 57.9442 2
1376 63.0696 63.9653 63.6906 58.556 2
1377 58.8743 61.4655 57.248 59.0518 2
1378 60.622 62.5103 59.8699 58.8928 2
1379 61.54 63.1011 61.1809 58.9311 2
1380 61.8308 63.278 61.6033 58.888 2
1381 57.2128 61.0496 54.5859 60.3562 2
1382 58.9142 61.655 57.1299 59.4082 2
1383 60.1389 62.242 58.9059 59.0925 2
1384 60.6889 62.477 59.754 58.8403 2
1385 53.2307 58.9565 50.1581 60.3969 4
1386 51.0899 57.7748 44.6422 66.848 4
1387 51.0814 57.9676 44.4949 67.4922 4
1388 51.0923 58.2725 44.2922 68.471 4
1389 51.031 58.7136 43.9068 69.9145 4
1390 RANDOM
1391 51.2561 57.1926 45.2632 64.5041 4
1392 51.0083 57.2372 44.8273 65.235 4
1393 50.679 57.4008 44.1727 66.5105 4
1394 50.0146 54.6992 44.632 59.7867 4
1395 49.7493 54.8922 44.25 60.7935 4
1396 49.483 55.2226 43.7811 62.2204 4
1397 49.15 55.4231 43.169 63.519 4
1398 48.1033 51.0466 41.5509 56.0986 4
1399 47.591 50.6741 40.9677 56.069 4
1400 47.1238 50.426 40.3784 56.2764 4
1401 46.7725 50.3928 39.861 56.8719 4
1402 46.832 48.9902 40.4349 52.9171 4
1403 46.5954 48.9268 40.0582 53.3135 4
1404 46.348 48.9131 39.5996 53.8927 4
1405 46.2002 49.0958 39.2315 54.7617 4
1406 45.1987 47.7522 38.2618 52.8521 4
1407 RANDOM
1408 45.1064 47.942 37.8129 53.8008 4
1409 45.2035 48.4059 37.6606 54.9953 4
1410 41.9536 46.6594 35.4845 46.7736 4
1411 41.82 46.7861 35.3401 46.8574 4
1412 41.759 47.0701 35.2278 47.1651 4
1413 41.799 47.5538 35.1743 47.7701 4
1414 38.2929 44.7595 31.8021 43.648 2
1415 46.7666 47.6388 42.5227 45.0068 2
1416 47.8267 48.5395 43.8373 45.4757 2
1417 48.7474 49.3922 44.9964 46.0023 2
1418 49.4966 50.0776 45.7885 46.5953 2
1419 50.9976 52.1599 47.5757 50.2076 2
1420 52.5164 53.7163 49.752 50.982 2
1421 54.1563 55.3844 52.1583 52.0259 2
1422 55.5745 56.811 54.1409 53.0375 2
1423 57.2234 58.2879 56.4194 53.9046 2
1424 RANDOM
1425 59.9061 60.6894 60.0375 55.4151 2
1426 60.6463 61.3358 60.9089 55.9165 2
1427 57.9926 59.285 57.4064 54.9958 2
1428 59.2023 60.2907 59.1931 55.4174 2
1429 60.5139 61.4445 60.9632 56.1361 2
1430 RANDOM
1431 58.9489 60.8977 58.2228 57.2089 2
1432 60.6406 61.9956 60.5509 57.4061 2
1433 62.0019 63.0702 62.3865 57.9442 2
1434 63.0696 63.9653 63.6906 58.556 2
1435 58.8743 61.4655 57.248 59.0518 2
1436 60.622 62.5103 59.8699 58.8928 2
1437 61.54 63.1011 61.1809 58.9311 2
1438 61.8308 63.278 61.6033 58.888 2
1439 57.2128 61.0496 54.5859 60.3562 2
1440 58.9142 61.655 57.1299 59.4082 2
1441 60.1389 62.242 58.9059 59.0925 2
1442 60.6889 62.477 59.754 58.8403 2
1443 53.2307 58.9565 50.1581 60.3969 4
1444 51.0899 57.7748 44.6422 66.848 4
1445 51.0814 57.9676 44.4949 67.4922 4
1446 51.0923 58.2725 44.2922 68.471 4
1447 51.031 58.7136 43.9068 69.9145 4
1448 51.5318 57.3435 45.6221 64.3025 4
1449 51.2561 57.1926 45.2632 64.5041 4
1450 51.0083 57.2372 44.8273 65.235 4
1451 50.679 57.4008 44.1727 66.5105 4
1452 50.0146 54.6992 44.632 59.7867 4
1453 49.7493 54.8922 44.25 60.7935 4
1454 49.483 55.2226 43.7811 62.2204 4
1455 49.15 55.4231 43.169 63.519 4
1456 48.1033 51.0466 41.5509 56.0986 4
1457 47.591 50.6741 40.9677 56.069 4
1458 47.1238 50.426 40.3784 56.2764 4
1459 46.7725 50.3928 39.861 56.8719 4
1460 46.832 48.9902 40.4349 52.9171 4
1461 46.5954 48.9268 40.0582 53.3135 4
1462 46.348 48.9131 39.5996 53.8927 4
1463 46.2002 49.0958 39.2315 54.7617 4
1464 45.1987 47.7522 38.2618 52.8521 4
1465 45.1023 47.7343 38.0251 53.1169 4
1466 45.1064 47.942 37.8129 53.8008 4
1467 45.2035 48.4059 37.6606 54.9953 4
1468 41.9536 46.6594 35.4845 46.7736 4
1469 41.82 46.7861 35.3401 46.8574 4
1470 41.759 47.0701 35.2278 47.1651 4
1471 41.799 47.5538 35.1743 47.7701 4
1472 38.2929 44.7595 31.8021 43.648 2
1473 46.7666 47.6388 42.5227 45.0068 2
1474 47.8267 48.5395 43.8373 45.4757 2
1475 48.7474 49.3922 44.9964 46.0023 2
1476 49.4966 50.0776 45.7885 46.5953 2
1477 50.9976 52.1599 47.5757 50.2076 2
1478 52.5164 53.7163 49.752 50.982 2
1479 54.1563 55.3844 52.1583 52.0259 2
1480 55.5745 56.811 54.1409 53.0375 2
1481 57.2234 58.2879 56.4194 53.9046 2
1482 58.6456 59.5062 58.2852 54.6432 2
1483 59.9061 60.6894 60.0375 55.4151 2
1484 60.6463 61.3358 60.9089 55.9165 2
1485 57.9926 59.285 57.4064 54.9958 2
1486 59.2023 60.2907 59.1931 55.4174 2
1487 60.5139 61.4445 60.9632 56.1361 2
1488 61.5929 62.4267 62.2441 56.9487 2
1489 58.9489 60.8977 58.2228 57.2089 2
1490 60.6406 61.9956 60.5509 57.4061 2
1491 62.0019 63.0702 62.3865 57.9442 2
1492 63.0696 63.9653 63.6906 58.556 2
1493 58.8743 61.4655 57.248 59.0518 2
1494 60.622 62.5103 59.8699 58.8928 2
1495 61.54 63.1011 61.1809 58.9311 2
1496 61.8308 63.278 61.6033 58.888 2
1497 57.2128 61.0496 54.5859 60.3562 2
1498 58.9142 61.655 57.1299 59.4082 2
1499 60.1389 62.242 58.9059 59.0925 2
1500 RANDOM
1501 53.2307 58.9565 50.1581 60.3969 4
1502 51.0899 57.7748 44.6422 66.848 4
1503 51.0814 57.9676 44.4949 67.4922 4
1504 51.0923 58.2725 44.2922 68.471 4
1505 51.031 58.7136 43.9068 69.9145 4
1506 51.5318 57.3435 45.6221 64.3025 4
1507 51.2561 57.1926 45.2632 64.5041 4
1508 51.0083 57.2372 44.8273 65.235 4
1509 50.679 57.4008 44.1727 66.5105 4
1510 50.0146 54.6992 44.632 59.7867 4
1511 49.7493 54.8922 44.25 60.7935 4
1512 49.483 55.2226 43.7811 62.2204 4
1513 49.15 55.4231 43.169 63.519 4
1514 48.1033 51.0466 41.5509 56.0986 4
1515 47.591 50.6741 40.9677 56.069 4
1516 47.1238 50.426 40.3784 56.2764 4
1517 46.7725 50.3928 39.861 56.8719 4
1518 46.832 48.9902 40.4349 52.9171 4
1519 46.5954 48.9268 40.0582 53.3135 4
1520 46.348 48.9131 39.5996 53.8927 4
1521 46.2002 49.0958 39.2315 54.7617 4
1522 45.1987 47.7522 38.2618 52.8521 4
1523 45.1023 47.7343 38.0251 53.1169 4
1524 45.1064 47.942 37.8129 53.8008 4
1525 45.2035 48.4059 37.6606 54.9953 4
1526 41.9536 46.6594 35.4845 46.7736 4
1527 41.82 46.7861 35.3401 46.8574 4
1528 41.759 47.0701 35.2278 47.1651 4
1529 41.799 47.5538 35.1743 47.7701 4
1530 RANDOM
1531 38.571 45.408 31.9573 44.2859 2
1532 46.2227 46.7553 41.6043 43.6522 2
1533 46.7666 47.6388 42.5227 45.0068 2
1534 47.8267 48.5395 43.8373 45.4757 2
1535 48.7474 49.3922 44.9964 46.0023 2
1536 49.4966 50.0776 45.7885 46.5953 2
1537 50.9976 52.1599 47.5757 50.2076 2
1538 52.5164 53.7163 49.752 50.982 2
1539 54.1563 55.3844 52.1583 52.0259 2
1540 55.5745 56.811 54.1409 53.0375 2
1541 57.2234 58.2879 56.4194 53.9046 2
1542 58.6456 59.5062 58.2852 54.6432 2
1543 59.9061 60.6894 60.0375 55.4151 2
1544 60.6463 61.3358 60.9089 55.9165 2
1545 57.9926 59.285 57.4064 54.9958 2
1546 59.2023 60.2907 59.1931 55.4174 2
1547 60.5139 61.4445 60.9632 56.1361 2
1548 61.5929 62.4267 62.2441 56.9487 2
1549 58.9489 60.8977 58.2228 57.2089 2
1550 60.6406 61.9956 60.5509 57.4061 2
1551 62.0019 63.0702 62.3865 57.9442 2
1552 63.0696 63.9653 63.6906 58.556 2
1553 RANDOM
1554 60.622 62.5103 59.8699 58.8928 2
1555 61.54 63.1011 61.1809 58.9311 2
1556 61.8308 63.278 61.6033 58.888 2
1557 57.2128 61.0496 54.5859 60.3562 2
1558 58.9142 61.655 57.1299 59.4082 2
1559 60.1389 62.242 58.9059 59.0925 2
1560 RANDOM
1561 RANDOM
1562 54.6677 59.7338 52.0464 59.9909 4
1563 45.198 55.7275 37.2361 70.2223 4
1564 51.0899 57.7748 44.6422 66.848 4
1565 51.0814 57.9676 44.4949 67.4922 4
1566 51.0923 58.2725 44.2922 68.471 4
1567 51.031 58.7136 43.9068 69.9145 4
1568 51.5318 57.3435 45.6221 64.3025 4
1569 51.2561 57.1926 45.2632 64.5041 4
1570 RANDOM
1571 50.679 57.4008 44.1727 66.5105 4
1572 50.0146 54.6992 44.632 59.7867 4
1573 49.7493 54.8922 44.25 60.7935 4
1574 49.483 55.2226 43.7811 62.2204 4
1575 49.15 55.4231 43.169 63.519 4
1576 48.1033 51.0466 41.5509 56.0986 4
1577 47.591 50.6741 40.9677 56.069 4
1578 RANDOM
1579 46.7725 50.3928 39.861 56.8719 4
1580 46.832 48.9902 40.4349 52.9171 4
1581 46.5954 48.9268 40.0582 53.3135 4
1582 46.348 48.9131 39.5996 53.8927 4
1583 RANDOM
1584 45.1987 47.7522 38.2618 52.8521 4
1585 45.1023 47.7343 38.0251 53.1169 4
1586 RANDOM
1587 45.2035 48.4059 37.6606 54.9953 4
1588 41.9536 46.6594 35.4845 46.7736 4
1589 RANDOM
1590 41.759 47.0701 35.2278 47.1651 4
1591 41.799 47.5538 35.1743 47.7701 4
1592 38.2929 44.7595 31.8021 43.648 2
1593 46.7666 47.6388 42.5227 45.0068 2
1594 47.8267 48.5395 43.8373 45.4757 2
1595 48.7474 49.3922 44.9964 46.0023 2
1596 49.4966 50.0776 45.7885 46.5953 2
1597 50.9976 52.1599 47.5757 50.2076 2
1598 52.5164 53.7163 49.752 50.982 2
1599 RANDOM
1600 55.5745 56.811 54.1409 53.0375 2
1601 57.2234 58.2879 56.4194 53.9046 2
1602 58.6456 59.5062 58.2852 54.6432 2
1603 59.9061 60.6894 60.0375 55.4151 2
1604 60.6463 61.3358 60.9089 55.9165 2
1605 57.9926 59.285 57.4064 54.9958 2
1606 59.2023 60.2907 59.1931 55.4174 2
1607 60.5139 61.4445 60.9632 56.1361 2
1608 61.5929 62.4267 62.2441 56.9487 2
1609 58.9489 60.8977 58.2228 57.2089 2
1610 60.6406 61.9956 60.5509 57.4061 2
1611 62.0019 63.0702 62.3865 57.9442 2
1612 63.0696 63.9653 63.6906 58.556 2
1613 58.8743 61.4655 57.248 59.0518 2
1614 60.622 62.5103 59.8699 58.8928 2
1615 61.54 63.1011 61.1809 58.9311 2
1616 61.8308 63.278 61.6033 58.888 2
1617 57.2128 61.0496 54.5859 60.3562 2
1618 58.9142 61.655 57.1299 59.4082 2
1619 60.1389 62.242 58.9059 59.0925 2
1620 60.6889 62.477 59.754 58.8403 2
1621 53.2307 58.9565 50.1581 60.3969 4
1622 51.0899 57.7748 44.6422 66.848 4
1623 51.0814 57.9676 44.4949 67.4922 4
1624 51.0923 58.2725 44.2922 68.471 4
1625 51.031 58.7136 43.9068 69.9145 4
1626 51.5318 57.3435 45.6221 64.3025 4
1627 51.2561 57.1926 45.2632 64.5041 4
1628 51.0083 57.2372 44.8273 65.235 4
1629 50.679 57.4008 44.1727 66.5105 4
1630 50.0146 54.6992 44.632 59.7867 4
1631 49.7493 54.8922 44.25 60.7935 4
1632 49.483 55.2226 43.7811 62.2204 4
1633 49.15 55.4231 43.169 63.519 4
1634 48.1033 51.0466 41.5509 56.0986 4
1635 47.591 50.6741 40.9677 56.069 4
1636 47.1238 50.426 40.3784 56.2764 4
1637 46.7725 50.3928 39.861 56.8719 4
1638 46.832 48.9902 40.4349 52.9171 4
1639 46.5954 48.9268 40.0582 53.3135 4
1640 46.348 48.9131 39.5996 53.8927 4
1641 46.2002 49.0958 39.2315 54.7617 4
1642 45.1987 47.7522 38.2618 52.8521 4
1643 45.1023 47.7343 38.0251 53.1169 4
1644 45.1064 47.942 37.8129 53.8008 4
1645 45.2035 48.4059 37.6606 54.9953 4
1646 41.9536 46.6594 35.4845 46.7736 4
1647 41.82 46.7861 35.3401 46.8574 4
1648 41.759 47.0701 35.2278 47.1651 4
1649 41.799 47.5538 35.1743 47.7701 4
1650 38.2929 44.7595 31.8021 43.648 2
1651 46.7666 47.6388 42.5227 45.0068 2
1652 47.8267 48.5395 43.8373 45.4757 2
1653 RANDOM
1654 49.4966 50.0776 45.7885 46.5953 2
1655 50.9976 52.1599 47.5757 50.2076 2
1656 52.5164 53.7163 49.752 50.982 2
1657 RANDOM
1658 55.5745 56.811 54.1409 53.0375 2
1659 57.2234 58.2879 56.4194 53.9046 2
1660 58.6456 59.5062 58.2852 54.6432 2
1661 59.9061 60.6894 60.0375 55.4151 2
1662 60.6463 61.3358 60.9089 55.9165 2
1663 57.9926 59.285 57.4064 54.9958 2
1664 59.2023 60.2907 59.1931 55.4174 2
1665 60.5139 61.4445 60.9632 56.1361 2
1666 61.5929 62.4267 62.2441 56.9487 2
1667 58.9489 60.8977 58.2228 57.2089 2
1668 60.6406 61.9956 60.5509 57.4061 2
1669 62.0019 63.0702 62.3865 57.9442 2
1670 63.0696 63.9653 63.6906 58.556 2
1671 58.8743 61.4655 57.248 59.0518 2
1672 60.622 62.5103 59.8699 58.8928 2
1673 61.54 63.1011 61.1809 58.9311 2
1674 61.8308 63.278 61.6033 58.888 2
1675 57.2128 61.0496 54.5859 60.3562 2
1676 58.9142 61.655 57.1299 59.4082 2
1677 60.1389 62.242 58.9059 59.0925 2
1678 60.6889 62.477 59.754 58.8403 2
1679 53.2307 58.9565 50.1581 60.3969 4
1680 51.0899 57.7748 44.6422 66.848 4
1681 51.0814 57.9676 44.4949 67.4922 4
1682 51.0923 58.2725 44.2922 68.471 4
1683 51.031 58.7136 43.9068 69.9145 4
1684 51.5318 57.3435 45.6221 64.3025 4
1685 51.2561 57.1926 45.2632 64.5041 4
1686 51.0083 57.2372 44.8273 65.235 4
1687 50.679 57.4008 44.1727 66.5105 4
1688 50.0146 54.6992 44.632 59.7867 4
1689 49.7493 54.8922 44.25 60.7935 4
1690 49.483 55.2226 43.7811 62.2204 4
1691 49.15 55.4231 43.169 63.519 4
1692 48.1033 51.0466 41.5509 56.0986 4
1693 RANDOM
1694 47.1238 50.426 40.3784 56.2764 4
1695 46.7725 50.3928 39.861 56.8719 4
1696 46.832 48.9902 40.4349 52.9171 4
1697 46.5954 48.9268 40.0582 53.3135 4
1698 46.348 48.9131 39.5996 53.8927 4
1699 46.2002 49.0958 39.2315 54.7617 4
1700 45.1987 47.7522 38.2618 52.8521 4
1701 45.1023 47.7343 38.0251 53.1169 4
1702 45.1064 47.942 37.8129 53.8008 4
1703 45.2035 48.4059 37.6606 54.9953 4
1704 41.9536 46.6594 35.4845 46.7736 4
1705 41.82 46.7861 35.3401 46.8574 4
1706 41.759 47.0701 35.2278 47.1651 4
1707 41.799 47.5538 35.1743 47.7701 4
1708 38.2929 44.7595 31.8021 43.648 2
1709 46.7666 47.6388 42.5227 45.0068 2
1710 47.8267 48.5395 43.8373 45.4757 2
1711 48.7474 49.3922 44.9964 46.0023 2
1712 49.4966 50.0776 45.7885 46.5953 2
1713 50.9976 52.1599 47.5757 50.2076 2
1714 52.5164 53.7163 49.752 50.982 2
1715 54.1563 55.3844 52.1583 52.0259 2
1716 55.5745 56.811 54.1409 53.0375 2
1717 57.2234 58.2879 56.4194 53.9046 2
1718 58.6456 59.5062 58.2852 54.6432 2
1719 59.9061 60.6894 60.0375 55.4151 2
1720 60.6463 61.3358 60.9089 55.9165 2
1721 57.9926 59.285 57.4064 54.9958 2
1722 59.2023 60.2907 59.1931 55.4174 2
1723 60.5139 61.4445 60.9632 56.1361 2
1724 61.5929 62.4267 62.2441 56.9487 2
1725 58.9489 60.8977 58.2228 57.2089 2
1726 60.6406 61.9956 60.5509 57.4061 2
1727 62.0019 63.0702 62.3865 57.9442 2
1728 63.0696 63.9653 63.6906 58.556 2
1729 58.8743 61.4655 57.248 59.0518 2
1730 60.622 62.5103 59.8699 58.8928 2
1731 61.54 63.1011 61.1809 58.9311 2
1732 61.8308 63.278 61.6033 58.888 2
1733 57.2128 61.0496 54.5859 60.3562 2
1734 58.9142 61.655 57.1299 59.4082 2
1735 60.1389 62.242 58.9059 59.0925 2
1736 60.6889 62.477 59.754 58.8403 2
1737 53.2307 58.9565 50.1581 60.3969 4
1738 51.0899 57.7748 44.6422 66.848 4
1739 51.0814 57.9676 44.4949 67.4922 4
1740 51.0923 58.2725 44.2922 68.471 4
1741 51.031 58.7136 43.9068 69.9145 4
1742 51.5318 57.3435 45.6221 64.3025 4
1743 51.2561 57.1926 45.2632 64.5041 4
1744 51.0083 57.2372 44.8273 65.235 4
1745 50.679 57.4008 44.1727 66.5105 4
1746 50.0146 54.6992 44.632 59.7867 4
1747 49.7493 54.8922 44.25 60.7935 4
1748 49.483 55.2226 43.7811 62.2204 4
1749 49.15 55.4231 43.169 63.519 4
1750 48.1033 51.0466 41.5509 56.0986 4
1751 RANDOM
1752 47.1238 50.426 40.3784 56.2764 4
1753 46.7725 50.3928 39.861 56.8719 4
1754 46.832 48.9902 40.4349 52.9171 4
1755 46.5954 48.9268 40.0582 53.3135 4
1756 46.348 48.9131 39.5996 53.8927 4
1757 46.2002 49.0958 39.2315 54.7617 4
1758 45.1987 47.7522 38.2618 52.8521 4
1759 45.1023 47.7343 38.0251 53.1169 4
1760 45.1064 47.942 37.8129 53.8008 4
1761 45.2035 48.4059 37.6606 54.9953 4
1762 41.9536 46.6594 35.4845 46.7736 4
1763 41.82 46.7861 35.3401 46.8574 4
1764 41.759 47.0701 35.2278 47.1651 4
1765 41.799 47.5538 35.1743 47.7701 4
1766 38.2929 44.7595 31.8021 43.648 2
1767 46.7666 47.6388 42.5227 45.0068 2
1768 47.8267 48.5395 43.8373 45.4757 2
1769 48.7474 49.3922 44.9964 46.0023 2
1770 49.4966 50.0776 45.7885 46.5953 2
1771 50.9976 52.1599 47.5757 50.2076 2
1772 52.5164 53.7163 49.752 50.982 2
1773 54.1563 55.3844 52.1583 52.0259 2
1774 55.5745 56.811 54.1409 53.0375 2
1775 57.2234 58.2879 56.4194 53.9046 2
1776 58.6456 59.5062 58.2852 54.6432 2
1777 59.9061 60.6894 60.0375 55.4151 2
1778 60.6463 61.3358 60.9089 55.9165 2
1779 57.9926 59.285 57.4064 54.9958 2
1780 59.2023 60.2907 59.1931 55.4174 2
1781 60.5139 61.4445 60.9632 56.1361 2
1782 61.5929 62.4267 62.2441 56.9487 2
1783 58.9489 60.8977 58.2228 57.2089 2
1784 60.6406 61.9956 60.5509 57.4061 2
1785 62.0019 63.0702 62.3865 57.9442 2
1786 63.0696 63.9653 63.6906 58.556 2
1787 58.8743 61.4655 57.248 59.0518 2
1788 60.622 62.5103 59.8699 58.8928 2
1789 61.54 63.1011 61.1809 58.9311 2
1790 61.8308 63.278 61.6033 58.888 2
1791 57.2128 61.0496 54.5859 60.3562 2
1792 58.9142 61.655 57.1299 59.4082 2
1793 60.1389 62.242 58.9059 59.0925 2
1794 60.6889 62.477 59.754 58.8403 2
1795 53.2307 58.9565 50.1581 60.3969 4
1796 51.0899 57.7748 44.6422 66.848 4
1797 51.0814 57.9676 44.4949 67.4922 4
1798 51.0923 58.2725 44.2922 68.471 4
1799 51.031 58.7136 43.9068 69.9145 4
1800 51.5318 57.3435 45.6221 64.3025 4
1801 51.2561 57.1926 45.2632 64.5041 4
1802 51.0083 57.2372 44.8273 65.235 4
1803 50.679 57.4008 44.1727 66.5105 4
1804 50.0146 54.6992 44.632 59.7867 4
1805 49.7493 54.8922 44.25 60.7935 4
1806 49.483 55.2226 43.7811 62.2204 4
1807 49.15 55.4231 43.169 63.519 4
1808 48.1033 51.0466 41.5509 56.0986 4
1809 47.591 50.6741 40.9677 56.069 4
1810 47.1238 50.426 40.3784 56.2764 4
1811 46.7725 50.3928 39.861 56.8719 4
1812 RANDOM
1813 50.6522 51.4301 46.7401 50.1676 2
1814 56.5822 57.0188 55.651 52.5429 2
