0 817.693 1798.52 -663.358 1718.28 2
1 859.66 1766.12 -690.887 1696.28 2
2 884.185 1782.89 -689.186 1725.7 2
3 646.034 1826.71 -446.034 1705.19 2
4 700.989 1770.77 -466.866 1650.59 2
5 720.022 1779.69 -443.926 1661.89 2
6 RANDOM
7 680.807 1719.34 -340.974 1609.38 2
8 686.895 1656.96 -307.059 1506.47 2
9 677.758 1660.97 -275.761 1498.63 2
10 729.216 1568.07 -214.706 1400.69 2
11 738.068 1581.32 -246.162 1385.15 2
12 744.356 1570.64 -208.697 1346.15 2
13 750.549 1567.03 -182.492 1324.13 2
14 873.847 1506.48 -58.3803 1222.17 2
15 764.645 1692.97 -283.741 1513.13 2
16 762.963 1680.4 -173.302 1441.16 2
17 754.786 1697.96 -100.866 1433.32 2
18 815.543 1637.49 12.4942 1336.83 2
19 866.225 1750.67 -220.544 1745.62 2
20 RANDOM
21 878.061 1693.07 -56.6361 1587.88 2
22 1022.9 1597.66 163.962 1381.38 2
23 885.351 1876.48 246.55 1845.26 2
24 941.339 1779.64 348.39 1648.28 2
25 959.766 1763.84 355.354 1585.13 2
26 995.345 1692.05 415.729 1443.36 2
27 986.239 1709.2 413.147 1598.93 2
28 1081.06 1711.42 526.501 1488.95 2
29 1125.74 1697.32 606.242 1401.5 2
30 1261.66 1674.08 878.084 1295.87 2
31 902.162 1708.46 579.687 1643.65 2
32 1026.5 1665.61 793.431 1446.65 2
33 1119.1 1707.26 970.506 1439.52 2
34 1291.99 1775.15 1254.18 1476.24 2
35 931.325 1843.82 653.822 1852.59 4
36 1250.8 1559.79 1325.49 1364.64 2
37 931.325 1843.82 653.822 1852.59 4
38 1250.8 1559.79 1325.49 1364.64 2
39 931.325 1843.82 653.822 1852.59 4
40 1316.38 1533.8 1392.54 1333.25 2
41 946.811 1804.33 670.851 1811.62 4
42 1316.38 1533.8 1392.54 1333.25 2
43 946.811 1804.33 670.851 1811.62 4
44 1316.38 1533.8 1392.54 1333.25 2
45 946.811 1804.33 670.851 1811.62 4
46 1316.38 1533.8 1392.54 1333.25 2
47 946.811 1804.33 670.851 1811.62 4
48 1316.38 1533.8 1392.54 1333.25 2
49 946.811 1804.33 670.851 1811.62 4
50 1316.38 1533.8 1392.54 1333.25 2
51 946.811 1804.33 670.851 1811.62 4
52 1316.38 1533.8 1392.54 1333.25 2
53 946.811 1804.33 670.851 1811.62 4
54 1316.38 1533.8 1392.54 1333.25 2
55 946.811 1804.33 670.851 1811.62 4
56 1316.38 1533.8 1392.54 1333.25 2
57 946.811 1804.33 670.851 1811.62 4
58 1316.38 1533.8 1392.54 1333.25 2
59 946.811 1804.33 670.851 1811.62 4
60 1316.38 1533.8 1392.54 1333.25 2
61 946.811 1804.33 670.851 1811.62 4
62 1316.38 1533.8 1392.54 1333.25 2
63 946.811 1804.33 670.851 1811.62 4
64 1316.38 1533.8 1392.54 1333.25 2
65 946.811 1804.33 670.851 1811.62 4
66 1316.38 1533.8 1392.54 1333.25 2
67 946.811 1804.33 670.851 1811.62 4
68 1316.38 1533.8 1392.54 1333.25 2
69 946.811 1804.33 670.851 1811.62 4
70 1316.38 1533.8 1392.54 1333.25 2
71 946.811 1804.33 670.851 1811.62 4
72 1316.38 1533.8 1392.54 1333.25 2
73 946.811 1804.33 670.851 1811.62 4
74 1316.38 1533.8 1392.54 1333.25 2
75 RANDOM
76 987.085 1754.34 848.578 1676.63 2
77 1044.31 1769.71 1021.36 1605.87 2
78 1235.41 1843.54 1367.23 1643.57 2
79 1032.87 1956.62 1076.85 1826.18 2
80 1094.51 1915.23 1161.13 1754.73 2
81 1181.13 1935.6 1238.69 1742.28 2
82 1345.19 1980.84 1427.21 1748.18 2
83 1187.96 1917.62 1344.13 1772.31 2
84 1261.2 1947.3 1394.86 1767.14 2
85 1331.43 1980.07 1431.08 1765.25 2
86 1517.22 2039.64 1638.15 1798.5 2
87 1392.6 2068.31 1215.49 1767.61 2
88 1317.06 2019.14 1117.59 1703.11 2
89 1240.38 1982.26 1024.21 1663.06 2
90 1206.25 1960.2 990.96 1637.67 2
91 1206.25 1960.2 990.96 1637.67 2
