0 -3.95567 22.6658 0.321733 23.3962 4
1 -3.95567 22.6658 0.321733 23.3962 4
2 -3.95567 22.6658 0.321733 23.3962 4
3 -3.95567 22.6658 0.321733 23.3962 4
4 -3.95567 22.6658 0.321733 23.3962 4
5 -3.95567 22.6658 0.321733 23.3962 4
6 -3.95567 22.6658 0.321733 23.3962 4
7 -3.95567 22.6658 0.321733 23.3962 4
8 -3.95567 22.6658 0.321733 23.3962 4
9 -3.95567 22.6658 0.321733 23.3962 4
10 -3.95567 22.6658 0.321733 23.3962 4
11 -3.95567 22.6658 0.321733 23.3962 4
12 -3.95567 22.6658 0.321733 23.3962 4
13 -3.95567 22.6658 0.321733 23.3962 4
14 -3.95567 22.6658 0.321733 23.3962 4
15 -3.95567 22.6658 0.321733 23.3962 4
16 -3.95567 22.6658 0.321733 23.3962 4
17 -3.95567 22.6658 0.321733 23.3962 4
18 -3.95567 22.6658 0.321733 23.3962 4
19 -3.95567 22.6658 0.321733 23.3962 4
20 -3.95567 22.6658 0.321733 23.3962 4
21 -3.95567 22.6658 0.321733 23.3962 4
22 -3.95567 22.6658 0.321733 23.3962 4
23 -3.95567 22.6658 0.321733 23.3962 4
24 -3.95567 22.6658 0.321733 23.3962 4
25 -3.95567 22.6658 0.321733 23.3962 4
26 -3.95567 22.6658 0.321733 23.3962 4
27 -3.95567 22.6658 0.321733 23.3962 4
28 -3.95567 22.6658 0.321733 23.3962 4
29 -3.95567 22.6658 0.321733 23.3962 4
30 -3.95567 22.6658 0.321733 23.3962 4
31 -3.95567 22.6658 0.321733 23.3962 4
32 -3.95567 22.6658 0.321733 23.3962 4
33 -3.95567 22.6658 0.321733 23.3962 4
34 -3.95567 22.6658 0.321733 23.3962 4
35 -3.95567 22.6658 0.321733 23.3962 4
36 -3.95567 22.6658 0.321733 23.3962 4
37 -3.95567 22.6658 0.321733 23.3962 4
38 -3.95567 22.6658 0.321733 23.3962 4
39 -3.95567 22.6658 0.321733 23.3962 4
40 -3.95567 22.6658 0.321733 23.3962 4
41 -3.95567 22.6658 0.321733 23.3962 4
42 11.3779 22.1033 -63.5488 40.9029 4
43 13.2768 24.0643 -67.5463 40.5457 4
44 15.4136 26.1761 -73.3407 39.2832 4
45 17.954 28.9891 -79.5768 38.7979 4
46 8.14404 17.5167 -55.9938 38.6034 4
47 6.96779 15.1988 -50.7467 34.8366 4
48 6.27291 13.9129 -46.0277 32.5022 4
49 5.30975 13.0932 -41.0164 30.6113 4
50 RANDOM
51 -3.95567 22.6658 0.321733 23.3962 4
52 18.3583 25.21 -52.5215 22.3029 2
