0 24.346 33.0846 18.9724 41.9391 4
1 26.1606 39.2942 16.6932 55.0228 4
2 25.7411 35.6127 17.5296 48.4075 4
3 25.8539 35.8576 17.6054 48.8098 4
4 26.1814 36.424 17.8235 49.6734 4
5 26.7194 37.4084 18.1896 51.1889 4
6 23.7546 32.3091 16.7842 43.2141 4
7 23.7011 32.3783 16.7151 43.4237 4
8 23.8307 32.7468 16.7484 44.0896 4
9 24.0128 33.2386 16.7757 44.9836 4
10 21.6323 29.1225 15.0179 39.1312 4
11 22.108 29.9093 15.2378 40.3561 4
12 22.4236 30.4761 15.3257 41.2926 4
13 22.7262 31.0478 15.405 42.2649 4
14 RANDOM
15 20.2525 27.0493 12.6115 36.2679 4
16 20.1439 27.1537 12.4478 36.541 4
17 20.1235 27.3716 12.356 36.972 4
18 19.155 24.287 12.7669 31.3428 4
19 19.134 24.4585 12.6308 31.7054 4
20 19.1578 24.7715 12.4963 32.3256 4
21 19.2452 25.1722 12.3964 33.0712 4
22 17.7567 22.5488 12.2088 28.4108 4
23 17.6311 22.4985 12.0958 28.3536 4
24 RANDOM
25 17.5326 22.8449 11.8341 29.0453 4
26 14.7175 20.4704 9.03974 23.7693 4
27 14.722 20.5732 9.00121 23.8428 4
28 14.7862 20.8304 9.0033 24.1366 4
29 14.9897 21.346 9.06874 24.7722 4
30 RANDOM
31 15.0612 20.4426 8.71391 22.4634 4
32 15.3565 20.8659 8.82084 22.9238 4
33 15.7281 21.4246 8.94516 23.5769 4
34 RANDOM
35 16.0675 18.7826 11.3399 19.4422 4
36 16.5853 19.5527 11.5278 20.4598 4
37 17.1533 20.4064 11.7133 21.5784 4
38 17.4206 19.2963 13.6538 19.7911 4
39 17.8094 19.5985 14.1113 20.0794 4
40 RANDOM
41 18.4521 20.4038 14.3308 21.0726 4
42 11.2138 13.2251 8.5566 11.5272 2
43 20.2411 19.1296 19.0716 18.4356 1
44 23.5857 22.8822 21.9831 21.4534 1
