0 78.2464 88.2949 75.6078 85.6127 2
1 82.6125 92.6023 80.2537 89.4147 2
2 87.7464 97.5691 85.3032 94.0503 2
3 88.0519 99.3209 86.3237 94.1751 2
4 RANDOM
5 103.591 113.195 99.9128 108.777 2
6 114.183 122.354 109.373 118.636 2
7 119.497 130.771 115.656 124.745 2
8 122.809 132.857 118.514 127.632 2
9 128.029 136.768 123.306 132.242 2
10 135.891 143.207 131.077 139.447 2
11 125.532 135.643 121.309 130.108 2
12 132.346 140.755 127.58 136.198 2
13 140.771 148.093 136.515 143.991 2
14 149.561 155.788 146.099 152.004 2
15 126.543 136.253 122.755 130.362 2
16 146.723 154.795 142.831 150.397 2
17 158.143 164.981 155.067 161.107 2
18 166.968 172.608 165.498 169.003 2
19 108.601 119.646 107.149 110.052 2
20 129.446 138.584 126.754 131.704 2
21 151.731 158.939 149.247 153.944 2
22 170.263 175.768 169.913 171.943 2
23 118.802 128.724 117.711 119.455 2
24 139.584 147.596 137.63 140.68 2
25 RANDOM
26 183.192 188.084 184.183 184.795 2
27 113.663 124.667 113.259 113.819 2
28 126.79 136.53 125.738 127.765 2
29 146.063 153.949 144.705 147.23 2
30 171.626 177.829 172.069 173.254 2
31 125.413 134.737 129.623 122.401 2
32 136.268 144.243 140.08 133.386 2
33 149.126 155.555 152.585 146.348 2
34 168.54 173.783 173.065 166.521 2
35 139.659 149.477 150.324 135.378 3
36 120.654 135.175 134.255 115.435 2
