0 -331.044 332.888 -686.807 281.736 2
1 -316.344 331.678 -698.003 283.437 2
2 -308.797 345.629 -691.281 293.38 2
3 -441.288 330.156 -577.908 281.115 2
4 -416.119 325.09 -570.065 259.207 2
5 -410.325 324.227 -556.306 244.941 2
6 -326.601 315.175 -620.424 255.653 2
7 -360.547 329.534 -572.158 254.251 2
8 -356.322 323.659 -571.537 240.229 2
9 -362.367 327.955 -574.396 247.01 2
10 -339.977 355.321 -573.282 277.584 2
11 -293.24 294.927 -539.252 175.368 2
12 -280.951 287.944 -541.843 162.213 2
13 -268.668 294.176 -543.235 165.946 2
14 -222.245 314.886 -529.257 176.393 2
15 -260.711 294.608 -617.859 189.959 2
16 -250.546 292.682 -586.41 166.045 2
17 -254.498 297.776 -569.23 159.561 2
18 -218.104 319.593 -528.829 164.198 2
19 -247.464 309.987 -551.159 216.339 2
20 -228.183 326.557 -545.264 224.517 2
21 -224.742 343.216 -531.204 238.125 2
22 -169.922 358.109 -478.937 213.599 2
23 -122.042 342.153 -339.122 148.048 2
24 -70.504 331.196 -322.385 103.619 2
25 -74.7413 331.474 -335.6 100.726 2
26 -57.2127 335.729 -315.114 81.1848 2
27 -64.6062 308.407 -281.81 45.6016 2
28 32.7014 314.637 -229.892 5.7505 2
29 39.1105 325.295 -216.126 11.8811 2
30 94.0861 350.221 -125.834 -0.311998 2
31 -104.167 358.574 -200.806 159.668 2
32 0.544629 362.237 -126.215 111.583 2
33 9.36152 380.76 -84.7878 121.223 2
34 82.413 414.029 27.5247 111.255 2
35 -182.515 398.999 -234.849 252.023 2
36 -118.457 425.403 -158.386 248.585 2
37 -62.1546 439.318 -82.7202 238.367 2
38 51.6904 451.507 66.5777 208.478 2
39 -14.9783 386.6 -35.8716 194.094 2
40 32.33 384.077 -3.87034 164.968 2
41 82.5122 395.445 24.8508 153.669 2
42 160.472 444.823 93.9507 171.94 2
43 77.5112 397.784 60.2036 174.8 2
44 129.565 429.929 86.2715 180.899 2
45 166.179 449.278 100.124 180.62 2
46 257.846 502.493 181.418 207.543 2
47 255.395 432.844 25.8657 107.224 2
48 242.127 424.225 8.29055 94.8989 2
49 180.09 416.848 -34.5119 103.06 2
50 143.729 414.735 -55.831 108.616 2
51 143.729 414.735 -55.831 108.616 2
