0 67.0801 67.5372 63.7737 71.4877 4
1 68.4825 68.112 59.0007 73.9484 4
2 71.7005 71.7804 63.7379 77.3226 4
3 71.9674 71.996 63.5733 77.8237 4
4 72.3826 72.3442 63.488 78.4921 4
5 72.9767 72.8499 63.4151 79.4866 4
6 71.1897 71.2881 63.8409 76.7184 4
7 71.5455 71.5924 63.669 77.3896 4
8 72.0941 72.0694 63.5351 78.3757 4
9 73.0274 72.8973 63.5598 79.9742 4
10 74.5293 74.6058 65.8166 82.2787 4
11 75.6626 75.6859 66.4251 83.9158 4
12 77.1476 77.1068 67.2371 86.0739 4
13 79.1721 79.0493 68.3389 89.0643 4
14 76.3861 76.4452 67.367 84.8793 4
15 77.3689 77.3997 67.9148 86.3091 4
16 RANDOM
17 80.0294 79.9812 69.3897 90.2613 4
18 74.0035 74.1722 66.6385 81.7439 4
19 75.1974 75.3375 67.3444 83.4892 4
20 76.7437 76.8551 68.2647 85.7556 4
21 78.981 79.0438 69.6522 89.009 4
22 75.747 75.8628 67.6082 84.1731 4
23 76.7922 76.8814 68.2359 85.6881 4
24 78.3934 78.4368 69.2304 88.0029 4
25 80.691 80.6741 70.7144 91.3388 4
26 73.0419 74.1211 67.2059 81.5242 4
27 73.8729 75.0155 67.7937 82.795 4
28 74.9646 76.1873 68.5641 84.4728 4
29 76.8541 78.174 69.9401 87.2628 4
30 76.0116 77.698 70.2287 86.0917 4
31 77.8169 79.6372 71.6674 88.7157 4
32 80.5508 82.5331 73.8845 92.6289 4
33 84.2109 86.4043 76.8605 97.8208 4
34 77.2537 80.3183 72.4794 89.1893 4
35 79.0712 82.4018 74.0257 91.9249 4
36 RANDOM
37 87.7313 91.97 81.3249 104.024 4
38 78.0612 81.4113 73.1586 90.6705 4
39 79.9247 83.5502 74.7875 93.4067 4
40 83.6966 87.6892 78.1764 98.3932 4
41 88.9458 93.4319 82.7322 105.435 4
42 81.4033 87.6695 76.3147 99.7038 4
43 84.2572 90.9578 78.5137 103.775 4
44 89.1684 96.4543 82.5769 110.374 4
45 96.295 104.295 88.6845 119.6 4
46 89.6755 98.3244 84.0695 112.842 4
47 92.5469 101.54 86.2028 116.658 4
48 98.8051 108.178 91.0154 124.312 4
49 108.473 118.403 98.7108 136.064 4
50 116.225 127.31 106.789 146.226 4
51 116.225 127.31 106.789 146.226 4
