0 -0.402755 20.7017 -0.0417365 21.7158 4
1 -0.402755 20.7017 -0.0417365 21.7158 4
2 -0.402755 20.7017 -0.0417365 21.7158 4
3 -0.402755 20.7017 -0.0417365 21.7158 4
4 -0.402755 20.7017 -0.0417365 21.7158 4
5 -0.402755 20.7017 -0.0417365 21.7158 4
6 -0.402755 20.7017 -0.0417365 21.7158 4
7 -0.402755 20.7017 -0.0417365 21.7158 4
8 -0.402755 20.7017 -0.0417365 21.7158 4
9 -0.402755 20.7017 -0.0417365 21.7158 4
10 -0.402755 20.7017 -0.0417365 21.7158 4
11 -0.402755 20.7017 -0.0417365 21.7158 4
12 -0.402755 20.7017 -0.0417365 21.7158 4
13 -0.402755 20.7017 -0.0417365 21.7158 4
14 -0.402755 20.7017 -0.0417365 21.7158 4
15 -0.402755 20.7017 -0.0417365 21.7158 4
16 -0.402755 20.7017 -0.0417365 21.7158 4
17 -0.402755 20.7017 -0.0417365 21.7158 4
18 -0.402755 20.7017 -0.0417365 21.7158 4
19 -0.402755 20.7017 -0.0417365 21.7158 4
20 RANDOM
21 -0.402755 20.7017 -0.0417365 21.7158 4
22 -0.402755 20.7017 -0.0417365 21.7158 4
23 -0.402755 20.7017 -0.0417365 21.7158 4
24 -0.402755 20.7017 -0.0417365 21.7158 4
25 -0.402755 20.7017 -0.0417365 21.7158 4
26 -0.402755 20.7017 -0.0417365 21.7158 4
27 -0.402755 20.7017 -0.0417365 21.7158 4
28 -0.402755 20.7017 -0.0417365 21.7158 4
29 -0.402755 20.7017 -0.0417365 21.7158 4
30 -0.402755 20.7017 -0.0417365 21.7158 4
31 -0.402755 20.7017 -0.0417365 21.7158 4
32 -0.402755 20.7017 -0.0417365 21.7158 4
33 -0.402755 20.7017 -0.0417365 21.7158 4
34 -0.402755 20.7017 -0.0417365 21.7158 4
35 -0.402755 20.7017 -0.0417365 21.7158 4
36 -0.402755 20.7017 -0.0417365 21.7158 4
37 -0.402755 20.7017 -0.0417365 21.7158 4
38 -0.402755 20.7017 -0.0417365 21.7158 4
39 -0.402755 20.7017 -0.0417365 21.7158 4
40 RANDOM
41 RANDOM
42 14.6451 21.0551 -57.5454 39.1861 4
43 16.7792 23.0907 -60.8871 38.907 4
44 19.4073 25.4767 -65.6637 37.7382 4
45 22.3364 28.3789 -70.807 37.7493 4
46 11.1151 16.6736 -51.3829 36.8849 4
47 9.69907 14.2011 -46.4767 32.9323 4
48 8.92296 12.705 -42.083 30.2584 4
49 8.30458 11.7676 -37.5068 28.3623 4
50 20.7689 20.0194 -34.2715 14.3869 1
51 -0.402755 20.7017 -0.0417365 21.7158 4
52 22.0343 23.4323 -42.5663 19.6407 2
