0 189.18 570.823 -382.659 471.978 2
1 217.665 562.801 -417.133 466.169 2
2 235.859 576.117 -436.847 478.067 2
3 145.841 590.486 -189.028 546.849 2
4 185.505 563.225 -197.46 503.521 2
5 198.129 587.229 -173.131 513.109 2
6 293.371 569.081 -231.569 502.496 2
7 226.157 681.348 -87.182 669.747 2
8 252.825 685.239 -66.1407 661.011 2
9 266.081 706.171 -45.3839 678.57 2
10 342.455 776.738 32.2035 753.923 2
11 368.057 645.771 -6.03843 588.82 2
12 392.528 646.518 5.59218 574.576 2
13 410.165 666.187 21.0504 583.742 2
14 528.96 757.351 141.58 671.644 2
15 352.105 647.405 -118.907 575.648 2
16 376.405 677.78 -40.3758 580.714 2
17 384.94 719.591 21.2533 607.759 2
18 495.337 808.447 162.881 690.872 2
19 410.835 850.284 73.4791 843.024 2
20 446.107 882.33 115.878 857.602 2
21 478.165 903.813 178.446 861.804 2
22 652.393 975.67 391.398 905.299 2
23 576.711 1077.07 550.486 1036.04 2
24 677.598 1080.08 618.925 993.477 2
25 688.603 1074.43 616.757 971.21 2
26 758.816 1098.33 703.333 972.398 2
27 RANDOM
28 866.658 1135.26 835.442 1003.95 2
29 907.202 1120.15 877.038 969.484 2
30 1063.77 1222.61 1129.22 1051.88 2
31 685.78 1080.81 832.99 1067.23 2
32 864.447 1098.3 1003.36 1028.25 2
33 954.36 1138.86 1141.59 1043.29 3
34 890.814 1118.17 1134.12 1087.35 3
