0 4211.75 4936.9 4763.07 5271.56 4
1 4489.63 5468.6 5124.87 5717.11 4
2 6560.84 9337.4 7870.58 10224.6 4
3 6472.95 9257.19 7767.28 10085.2 4
4 6401.68 9183.81 7676.04 9949.39 4
5 6356.26 9136.8 7615.99 9847.71 4
6 6211.24 8946.44 7446.81 9805.75 4
7 6093.1 8765.67 7290.78 9553.96 4
8 5990.12 8606.3 7157.7 9330.34 4
9 5943.34 8547.41 7099.36 9228.67 4
10 5924.85 8417.93 7069.37 9065.83 4
11 4841.54 6400.66 5645.42 6706.85 4
12 3998.98 4804.21 4520.62 4930.99 4
13 3417.19 3721.89 3792.41 3688.94 3
14 3436.84 3735.84 3810.36 3769.21 3
