0 1720.74 3910.12 -641.669 3730.83 2
1 RANDOM
2 1780.35 3934.45 -634.27 3769.4 2
3 1546.45 3779.14 -545.826 3578.12 2
4 1598.72 3717.91 -559.29 3519.44 2
5 1624.69 3742.81 -524.852 3539.15 2
6 1739.04 3665.68 -525.727 3481.57 2
7 1611.07 3664.48 -515.521 3506.27 2
8 1625.49 3586.6 -454.762 3375.48 2
9 1614.02 3606.22 -416.175 3376.77 2
10 1666.63 3513.39 -346.226 3276.51 2
11 1651.96 3486.56 -406.666 3223.3 2
12 1666.64 3468.13 -359.243 3173.03 2
13 1675.52 3483.43 -321.34 3168.92 2
14 1750.24 3323.88 -209.391 2977.74 2
15 1665.93 3771.32 -364.371 3530.93 2
16 1680.3 3744.1 -249.492 3431.88 2
17 1677.09 3777.34 -182.457 3436.92 2
18 1712.02 3676.12 -88.224 3300.41 2
19 1743.02 3896.77 -322.723 3817.42 2
20 1760.51 3834.2 -226.749 3682.17 2
21 1787.12 3806.1 -112.473 3592.77 2
22 1876.17 3534.31 55.7101 3226.77 2
23 1848.67 4212.17 146.458 4124.0 2
24 1892.33 4014.69 212.637 3811.99 2
25 1886.66 3905.57 206.69 3639.81 2
26 1890.13 3677.07 261.923 3334.77 2
27 1939.24 3874.89 272.368 3709.48 2
28 1996.92 3724.45 365.193 3450.64 2
29 2013.13 3607.34 428.658 3251.98 2
30 2103.84 3263.25 644.208 2802.36 2
31 1871.26 3954.77 514.713 3815.06 2
32 1946.26 3705.83 679.984 3412.64 2
33 1998.43 3569.8 807.161 3182.51 2
34 2129.61 3387.99 1068.62 2889.61 2
35 1889.69 4138.75 604.057 4101.9 2
36 1928.94 4022.44 744.212 3885.11 2
37 1967.64 3954.04 886.786 3717.51 2
38 2080.67 3746.75 1189.59 3349.95 2
39 1982.73 4357.85 992.52 4172.81 2
40 2036.79 4189.0 1057.78 3898.99 2
41 2084.66 4071.83 1127.05 3697.75 2
42 2179.75 3854.67 1274.68 3335.24 2
43 2121.44 4115.77 1256.26 3792.68 2
44 2154.96 4012.78 1282.69 3611.99 2
45 2193.88 3919.15 1301.4 3443.86 2
46 2337.38 3782.64 1503.56 3208.4 2
47 2290.72 4043.29 1098.19 3600.03 2
48 2212.43 3974.52 997.829 3489.88 2
49 2143.86 3942.41 910.33 3441.05 2
50 2097.64 3866.54 870.669 3316.9 2
51 2097.64 3866.54 870.669 3316.9 2
