0 -492.945 273.658 -699.986 229.509 2
1 -480.368 274.872 -709.925 235.563 2
2 -474.041 287.525 -701.013 243.569 2
3 RANDOM
4 -585.039 269.539 -593.632 214.745 2
5 -576.14 275.884 -578.734 206.612 2
6 -497.602 251.725 -645.277 208.752 2
7 -524.893 266.753 -595.87 204.577 2
8 -524.294 259.33 -595.604 189.161 2
9 -531.46 262.369 -599.347 194.313 2
10 -511.737 288.564 -600.314 225.565 2
11 -466.663 225.3 -567.452 120.117 2
12 -457.078 214.809 -571.341 103.682 2
13 -445.023 216.439 -577.659 103.898 2
14 -403.131 235.004 -566.579 114.625 2
15 -428.461 220.594 -649.607 136.441 2
16 -419.551 213.25 -623.232 107.074 2
17 -424.725 216.026 -608.036 97.8759 2
18 -396.604 231.964 -581.433 101.119 2
19 -416.088 248.536 -582.398 172.383 2
20 -399.619 258.634 -581.305 176.069 2
21 -398.273 265.829 -575.788 180.7 2
22 -351.056 282.223 -530.047 162.816 2
23 -295.297 270.029 -398.082 94.153 2
24 -251.711 256.175 -385.498 50.422 2
25 -256.695 257.665 -398.562 50.6757 2
26 -238.331 266.66 -372.175 36.9123 2
27 -246.527 247.562 -339.874 6.55802 2
28 -154.279 242.471 -291.425 -42.995 2
29 -149.287 248.003 -279.13 -41.4532 2
30 RANDOM
31 -135.656 262.135 -239.358 -50.8829 2
32 RANDOM
