0 RANDOM
1 31.8539 43.2307 24.7965 49.1599 4
2 31.9087 48.4503 20.8359 59.4864 4
3 32.0065 48.9559 20.8019 60.1989 4
4 31.4987 44.6668 21.6214 53.8711 4
5 31.6098 44.9168 21.7097 54.2067 4
6 31.9763 45.5559 21.9338 55.0529 4
7 32.6165 46.6611 22.3343 56.5131 4
8 28.7415 40.1029 20.2593 47.6745 4
9 28.5469 40.0123 20.1009 47.6467 4
10 28.6758 40.433 20.1327 48.2788 4
11 28.7971 40.8706 20.1376 48.9564 4
12 24.8078 34.3125 17.2862 40.7419 4
13 25.1294 35.0935 17.4005 41.8998 4
14 25.3403 35.7323 17.4202 42.8838 4
15 25.5737 36.404 17.4836 43.9077 4
16 23.4123 32.1722 14.8537 38.3457 4
17 23.2607 32.144 14.6765 38.4173 4
18 23.1123 32.1522 14.492 38.5451 4
19 23.0287 32.2819 14.3379 38.8409 4
20 21.5095 28.5659 14.3214 33.2514 4
21 21.5119 28.7613 14.2026 33.6004 4
22 21.5878 29.1365 14.0998 34.2259 4
23 21.7542 29.657 14.0807 35.0322 4
24 RANDOM
25 19.4977 25.9592 13.3656 29.7242 4
26 19.432 26.0642 13.2428 29.942 4
27 19.457 26.3334 13.1801 30.336 4
28 15.0792 22.8324 9.21703 23.8121 4
29 14.9999 22.8333 9.14668 23.7294 4
30 15.0223 23.0542 9.12657 23.9276 4
31 15.2502 23.5789 9.21571 24.474 4
32 13.7584 20.8522 8.06124 20.2634 2
33 17.6633 20.0046 14.6208 19.5438 2
34 18.1368 20.2819 15.1229 19.6627 2
35 18.6787 20.7316 15.6246 20.039 2
36 19.1773 21.2355 16.0357 20.5702 2
37 20.7566 22.9193 17.5002 22.4176 2
38 21.4996 23.4397 18.2837 22.5754 2
39 22.3608 24.1275 19.1272 23.0061 2
40 22.8799 24.5848 19.5561 23.4181 2
41 23.7751 25.258 20.6459 23.7873 2
42 24.2873 25.5499 21.5189 23.5706 2
43 24.7927 25.806 22.3069 23.3672 2
44 25.2294 26.0817 22.8815 23.3602 2
45 24.7783 26.3677 21.657 24.6913 2
46 25.2491 26.5866 22.367 24.5136 2
47 25.799 26.8878 23.0923 24.4471 2
48 26.4845 27.4089 23.8467 24.7082 2
49 27.1664 28.7136 23.9028 26.4828 2
50 27.7214 29.054 24.5407 26.6049 2
51 28.3369 29.4199 25.2023 26.7531 2
52 29.0672 29.792 26.0359 26.8334 2
53 28.8424 30.5783 24.9751 28.5674 2
54 29.3852 30.6368 25.7352 28.1927 2
55 29.8792 30.8846 26.4016 28.2077 2
56 30.2 31.125 26.791 28.3611 2
57 29.5749 33.349 25.3259 32.6941 2
58 29.3163 32.2786 25.4016 30.9449 2
59 29.301 31.7025 25.6053 29.8919 2
60 29.4148 31.5092 25.9361 29.3616 2
61 29.3279 35.0832 25.0815 35.4782 4
62 26.0794 33.7376 19.6569 38.1763 4
63 25.9881 33.7137 19.5942 38.1669 4
64 26.16 34.1203 19.7004 38.7289 4
65 26.6743 35.1062 20.0258 40.0658 4
66 24.1203 29.9231 18.5191 32.7902 4
67 23.737 29.556 18.2448 32.4156 4
68 23.5414 29.595 18.0441 32.6247 4
69 23.478 29.97 17.8795 33.3446 4
70 21.8201 26.6727 16.943 29.0625 4
71 21.7286 26.819 16.7635 29.4296 4
72 21.6601 27.1144 16.5657 30.0301 4
73 21.6199 27.4909 16.3573 30.7577 4
74 21.0687 26.7707 14.9358 30.2657 4
75 20.8498 26.6679 14.6923 30.2374 4
76 20.7078 26.6911 14.4891 30.3734 4
77 20.6379 26.8171 14.3306 30.6339 4
78 20.0911 24.9823 14.6599 27.7863 4
79 19.9672 25.0054 14.4691 27.9107 4
80 19.9583 25.261 14.2982 28.3765 4
81 19.9855 25.6322 14.1328 29.0113 4
82 18.7441 24.0508 13.4699 26.8803 4
83 18.5538 23.941 13.2944 26.801 4
84 18.4224 23.9583 13.1025 26.9176 4
85 RANDOM
86 14.5354 21.2296 9.236 21.8693 4
87 14.4287 21.2147 9.15109 21.7749 4
88 14.4335 21.4094 9.13523 21.9342 4
89 14.515 21.7184 9.16897 22.2107 4
90 13.5847 20.6861 7.85378 20.1141 2
91 17.291 19.6524 14.2358 19.2348 2
92 17.7589 19.9263 14.7351 19.3503 2
93 18.305 20.3731 15.232 19.725 2
94 18.801 20.8745 15.6399 20.254 2
95 20.4055 22.5825 17.1278 22.1466 2
96 21.1105 23.0819 17.8708 22.2885 2
97 21.9627 23.7566 18.7067 22.7026 2
98 RANDOM
99 23.7751 25.258 20.6459 23.7873 2
100 24.7431 25.9645 22.031 23.9212 2
101 25.2677 26.2362 22.8408 23.7297 2
102 25.7021 26.51 23.413 23.7203 2
103 25.4892 26.9994 22.458 25.2095 2
104 25.9553 27.2253 23.1474 25.0553 2
105 26.4322 27.4675 23.7992 24.9344 2
106 27.0439 27.9162 24.4707 25.1319 2
107 RANDOM
108 28.1999 29.4602 25.0733 26.9345 2
109 28.8139 29.7986 25.7529 27.0298 2
110 29.6804 30.2796 26.7101 27.2211 2
111 29.5179 31.1231 25.8306 28.8428 2
112 30.0601 31.2085 26.5938 28.5478 2
113 30.5228 31.4222 27.2024 28.5706 2
114 30.8056 31.6404 27.5384 28.7293 2
115 30.1043 33.9135 26.1066 33.0143 2
116 29.7649 32.7508 26.0853 31.1884 2
117 29.6984 32.1794 26.2225 30.1842 2
118 29.8764 32.0453 26.607 29.7194 2
119 30.7322 36.3371 26.8114 36.237 2
120 31.0199 36.2437 27.635 35.4244 2
121 31.2206 36.0159 28.2658 34.6048 2
122 31.3412 36.0263 28.7417 34.234 2
123 33.3162 38.2183 31.3978 35.8521 2
124 33.7184 37.6496 31.6492 35.015 2
125 33.9618 37.2098 31.7611 34.4638 2
126 34.0483 35.9276 31.5114 33.0858 2
127 RANDOM
128 35.2853 39.8653 34.1749 36.6256 2
129 34.8393 38.529 33.4482 35.2067 2
130 34.6457 37.2521 32.9387 33.8574 2
131 36.821 41.0957 35.989 37.3207 2
132 35.3785 38.7363 34.3721 34.8268 2
133 34.953 37.458 33.6775 33.6051 2
134 35.0681 36.9283 33.4934 33.2331 2
135 41.0517 44.7286 38.926 41.8738 2
136 40.079 42.3886 37.6229 39.421 2
137 39.7606 41.5535 37.1619 38.5888 2
138 39.4833 40.4402 36.7015 37.4847 2
139 37.823 43.6846 37.0694 40.2956 2
140 41.3624 44.3045 38.962 41.3657 2
141 41.3012 42.8918 38.4479 40.0142 2
142 40.2035 40.6201 37.1842 37.7227 2
143 41.6646 45.0233 39.6874 41.7366 2
144 43.8522 45.5551 40.9498 42.561 2
145 44.8164 45.4554 41.4742 42.6412 2
146 48.2896 47.3631 44.2377 45.0783 1
147 41.0404 39.2624 37.444 36.9467 1
