0 54.5868 55.5336 53.6328 58.4141 4
1 55.736 56.0906 49.8073 60.2064 4
2 58.1475 58.9519 53.6273 62.7928 4
3 58.2436 59.0169 53.4264 63.0583 4
4 58.4125 59.135 53.2325 63.4104 4
5 58.6709 59.3314 53.0324 63.9115 4
6 57.7618 58.5667 53.7065 62.3588 4
7 57.9903 58.7501 53.5298 62.8067 4
8 58.3263 59.0244 53.3536 63.4408 4
9 58.8013 59.4169 53.1687 64.3434 4
10 RANDOM
11 60.7404 61.5063 55.3121 67.4208 4
12 61.8072 62.5367 55.92 68.9585 4
13 63.238 63.9192 56.7248 71.1134 4
14 61.1578 61.951 55.9024 68.0529 4
15 61.8116 62.587 56.2638 69.0039 4
16 62.6378 63.3897 56.7184 70.229 4
17 63.774 64.4907 57.3638 71.9216 4
18 59.1534 60.0383 55.2052 65.5292 4
19 59.8928 60.7671 55.6588 66.6204 4
20 61.0063 61.8661 56.32 68.2768 4
21 62.5425 63.3747 57.263 70.5435 4
22 RANDOM
23 61.5202 62.3589 56.5487 68.9476 4
24 62.6227 63.4315 57.2376 70.5568 4
25 64.4245 65.1924 58.4173 73.2109 4
26 57.4274 59.0319 54.9436 64.2163 4
27 57.916 59.5644 55.2882 64.9912 4
28 58.5864 60.2935 55.7684 66.0607 4
29 59.8971 61.685 56.7744 68.0302 4
30 59.4834 61.5621 57.0454 67.7404 4
31 60.7584 62.9405 58.1273 69.6017 4
32 62.8182 65.1365 59.8856 72.5764 4
33 65.6344 68.1422 62.2963 76.6683 4
34 59.7259 62.9982 58.2446 70.2217 4
35 60.8786 64.3098 59.266 71.9847 4
36 63.5054 67.2598 61.617 75.7682 4
37 67.452 71.6304 65.1512 81.3285 4
38 60.3301 63.9097 58.787 71.5018 4
39 61.6158 65.3745 59.9408 73.4444 4
40 64.4293 68.5004 62.5995 77.2746 4
41 68.3186 72.8094 66.1555 82.6736 4
42 62.2804 68.4802 60.9621 78.9988 4
43 64.2064 70.6939 62.5555 81.8201 4
44 67.7102 74.6304 65.5783 86.7479 4
45 73.2731 80.7354 70.4977 93.9462 4
46 70.4185 78.3891 68.7257 91.0113 4
47 72.7877 80.9435 70.4662 94.0238 4
48 77.5161 85.971 74.2466 99.9059 4
49 85.3831 94.3461 80.7167 109.601 4
50 93.159 103.34 88.9673 120.001 4
51 93.159 103.34 88.9673 120.001 4
