0 -236.728 106.178 -326.268 68.1311 2
1 -237.443 109.382 -335.823 83.5832 2
2 -245.129 120.495 -326.651 98.0009 2
3 -288.62 104.18 -292.629 97.9415 2
4 -287.991 102.311 -286.137 87.6932 2
5 -297.995 100.449 -271.666 78.411 2
6 -258.873 101.122 -316.402 96.3784 2
7 -244.325 111.556 -294.689 101.727 2
8 -253.096 104.631 -284.08 84.7723 2
9 -269.241 99.0681 -279.131 74.3852 2
10 -275.22 104.178 -283.766 81.4227 2
11 -233.523 100.602 -256.878 50.2631 2
12 -236.906 94.4077 -258.4 36.5321 2
13 -241.362 90.7788 -265.587 27.0668 2
14 -227.351 98.1536 -270.585 30.0051 2
15 -202.974 112.686 -336.998 74.8081 2
16 -207.66 108.462 -320.431 54.6033 2
17 -222.749 99.6819 -315.065 36.9628 2
18 -221.954 104.651 -309.671 37.9692 2
19 -199.677 108.724 -315.568 70.4825 2
20 -202.854 111.48 -323.901 68.4257 2
21 -210.183 107.113 -325.628 57.398 2
22 -193.286 107.496 -302.323 41.9665 2
23 -170.139 101.689 -231.916 3.83577 2
24 RANDOM
25 -118.106 85.7156 -216.026 -48.4454 2
26 -122.397 89.1018 -197.378 -48.3631 2
27 -182.486 85.5623 -212.149 -40.2291 2
28 -130.624 49.0269 -192.306 -111.897 2
29 -70.299 48.708 -162.406 -133.089 2
30 -49.7293 78.187 -125.14 -105.775 2
31 -207.924 80.0628 -185.851 -30.4408 2
32 -153.051 71.8094 -143.934 -68.3232 2
33 -144.147 89.0027 -114.067 -53.1568 2
34 -131.972 117.493 -64.6349 -24.764 2
35 -221.029 93.1455 -197.162 4.04695 2
36 -214.843 78.1829 -171.961 -22.6856 2
37 -216.671 77.7146 -151.134 -26.3102 2
38 -205.152 101.699 -87.5408 -5.9865 2
39 -92.6255 40.8894 -82.4959 -93.0483 2
40 RANDOM
41 -89.113 47.4475 -78.8547 -88.8447 2
42 RANDOM
43 -47.0298 31.9114 -24.8802 -117.373 2
44 -45.8697 32.614 -29.9865 -119.401 2
45 -43.4222 39.2354 -36.852 -113.052 2
46 8.97085 26.2408 16.0668 -141.178 2
47 14.9137 30.8626 -112.97 -154.031 2
48 -14.5119 31.2771 -131.562 -146.325 2
49 -55.4575 36.6775 -155.343 -127.777 2
50 -83.6722 45.149 -161.83 -107.783 2
51 -83.6722 45.149 -161.83 -107.783 2
