0 1.26315 28.196 4.00516 29.4605 4
1 1.26315 28.196 4.00516 29.4605 4
2 1.26315 28.196 4.00516 29.4605 4
3 1.26315 28.196 4.00516 29.4605 4
4 1.26315 28.196 4.00516 29.4605 4
5 1.26315 28.196 4.00516 29.4605 4
6 1.26315 28.196 4.00516 29.4605 4
7 1.26315 28.196 4.00516 29.4605 4
8 1.26315 28.196 4.00516 29.4605 4
9 1.26315 28.196 4.00516 29.4605 4
10 1.26315 28.196 4.00516 29.4605 4
11 1.26315 28.196 4.00516 29.4605 4
12 1.26315 28.196 4.00516 29.4605 4
13 1.26315 28.196 4.00516 29.4605 4
14 1.26315 28.196 4.00516 29.4605 4
15 1.26315 28.196 4.00516 29.4605 4
16 1.26315 28.196 4.00516 29.4605 4
17 1.26315 28.196 4.00516 29.4605 4
18 1.26315 28.196 4.00516 29.4605 4
19 1.26315 28.196 4.00516 29.4605 4
20 1.26315 28.196 4.00516 29.4605 4
21 1.26315 28.196 4.00516 29.4605 4
22 1.26315 28.196 4.00516 29.4605 4
23 1.26315 28.196 4.00516 29.4605 4
24 1.26315 28.196 4.00516 29.4605 4
25 1.26315 28.196 4.00516 29.4605 4
26 1.26315 28.196 4.00516 29.4605 4
27 1.26315 28.196 4.00516 29.4605 4
28 1.26315 28.196 4.00516 29.4605 4
29 1.26315 28.196 4.00516 29.4605 4
30 1.26315 28.196 4.00516 29.4605 4
31 1.26315 28.196 4.00516 29.4605 4
32 1.26315 28.196 4.00516 29.4605 4
33 1.26315 28.196 4.00516 29.4605 4
34 1.26315 28.196 4.00516 29.4605 4
35 1.26315 28.196 4.00516 29.4605 4
36 1.26315 28.196 4.00516 29.4605 4
37 1.26315 28.196 4.00516 29.4605 4
38 1.26315 28.196 4.00516 29.4605 4
39 1.26315 28.196 4.00516 29.4605 4
40 1.26315 28.196 4.00516 29.4605 4
41 1.26315 28.196 4.00516 29.4605 4
42 11.193 27.103 -51.5119 44.3199 4
43 13.1272 29.9936 -53.875 44.6031 4
44 15.1083 32.922 -57.7077 43.7405 4
45 17.414 36.5163 -61.6718 44.4102 4
46 8.80158 22.7978 -47.1511 42.6294 4
47 7.84802 20.5874 -42.2966 39.2698 4
48 7.54701 19.5145 -37.7566 37.3332 4
49 7.25681 18.4811 -33.3924 35.4676 4
50 17.8128 27.6381 -23.9191 20.4683 2
51 1.26315 28.196 4.00516 29.4605 4
52 17.8128 27.6381 -23.9191 20.4683 2
53 1.26315 28.196 4.00516 29.4605 4
54 17.8128 27.6381 -23.9191 20.4683 2
55 1.26315 28.196 4.00516 29.4605 4
56 17.8128 27.6381 -23.9191 20.4683 2
57 1.26315 28.196 4.00516 29.4605 4
58 17.8128 27.6381 -23.9191 20.4683 2
59 1.26315 28.196 4.00516 29.4605 4
60 17.8128 27.6381 -23.9191 20.4683 2
61 1.26315 28.196 4.00516 29.4605 4
62 17.8128 27.6381 -23.9191 20.4683 2
63 1.26315 28.196 4.00516 29.4605 4
64 17.8128 27.6381 -23.9191 20.4683 2
65 1.26315 28.196 4.00516 29.4605 4
66 17.8128 27.6381 -23.9191 20.4683 2
67 1.26315 28.196 4.00516 29.4605 4
68 17.8128 27.6381 -23.9191 20.4683 2
69 1.26315 28.196 4.00516 29.4605 4
70 17.8128 27.6381 -23.9191 20.4683 2
71 1.26315 28.196 4.00516 29.4605 4
72 17.8128 27.6381 -23.9191 20.4683 2
73 1.26315 28.196 4.00516 29.4605 4
74 RANDOM
75 1.26315 28.196 4.00516 29.4605 4
76 18.1232 30.775 -32.2994 25.5459 2
