0 -24.9069 53.5977 -16.3289 56.1731 4
1 -46.7105 55.31 -31.9945 65.4809 4
2 -34.8884 60.2569 -23.5237 68.5694 4
3 -35.6384 59.9982 -24.0819 68.4855 4
4 -36.8373 60.9417 -24.8903 69.7372 4
5 -38.4333 61.2678 -26.0143 70.5536 4
6 -33.1981 52.1537 -22.7144 60.1582 4
7 -33.9737 52.0276 -23.2799 60.2191 4
8 RANDOM
9 -36.8317 53.8537 -25.255 62.99 4
10 RANDOM
11 -28.4763 45.6788 -19.7838 52.2855 4
12 RANDOM
13 -31.1029 47.5377 -21.568 55.0368 4
14 -28.154 40.9398 -20.1254 49.208 4
15 -29.1178 40.7787 -20.8224 49.2178 4
16 -30.3087 41.3857 -21.6539 50.168 4
17 -31.6294 42.4415 -22.5676 51.7029 4
18 -26.9827 34.9164 -19.7583 43.1386 4
19 -27.9462 35.2808 -20.4139 43.5786 4
20 -29.0931 36.1826 -21.1889 44.6873 4
21 -30.4037 37.4174 -22.0796 46.2296 4
22 RANDOM
23 -30.5792 32.3339 -22.3505 39.7164 4
24 -31.8345 32.4635 -23.2146 39.7882 4
25 -33.2184 33.055 -24.1675 40.477 4
26 -33.0096 24.5059 -24.8945 29.9753 4
27 -34.3147 24.8892 -25.8322 30.4727 4
28 -35.9747 25.4226 -27.0278 31.1777 4
29 RANDOM
30 -35.6419 20.3938 -27.0957 26.0027 4
31 -37.2427 20.3971 -28.2943 26.134 4
32 -38.9953 20.5628 -29.6102 26.4804 4
33 -41.1588 20.9997 -31.2202 27.1495 4
34 -33.2338 13.6324 -25.0806 17.9232 4
35 -34.1275 14.23 -25.7529 18.7499 4
36 -35.3693 14.4074 -26.5636 19.0277 4
37 -37.0174 14.7436 -27.7175 19.5346 4
38 -34.905 10.2534 -25.8512 13.8896 4
39 -36.2655 10.7487 -26.8721 14.5841 4
40 -38.0042 11.6609 -28.1547 15.7722 4
41 -40.1137 12.5604 -29.9234 17.064 4
42 -30.7483 8.09849 -21.9724 10.5321 4
43 -31.8306 8.23121 -22.8203 10.8293 4
44 -33.1991 8.54177 -23.9457 11.3603 4
45 -34.9984 9.01317 -25.5316 12.1504 4
46 -32.8874 6.27232 -22.0925 6.77484 4
47 -33.4993 6.37195 -22.4144 6.8844 4
48 -34.597 6.56826 -23.2023 7.22352 4
49 -36.0922 6.89387 -24.4912 7.87962 4
50 -33.2356 7.07799 -21.3716 7.72768 4
51 -33.2356 7.07799 -21.3716 7.72768 4
