0 -7.28267 21.7628 15.0043 22.7602 4
1 -7.28267 21.7628 15.0043 22.7602 4
2 -7.28267 21.7628 15.0043 22.7602 4
3 -7.28267 21.7628 15.0043 22.7602 4
4 -7.28267 21.7628 15.0043 22.7602 4
5 -7.28267 21.7628 15.0043 22.7602 4
6 -7.28267 21.7628 15.0043 22.7602 4
7 -7.28267 21.7628 15.0043 22.7602 4
8 -7.28267 21.7628 15.0043 22.7602 4
9 -7.28267 21.7628 15.0043 22.7602 4
10 RANDOM
11 -7.28267 21.7628 15.0043 22.7602 4
12 -7.28267 21.7628 15.0043 22.7602 4
13 -7.28267 21.7628 15.0043 22.7602 4
14 -7.28267 21.7628 15.0043 22.7602 4
15 -7.28267 21.7628 15.0043 22.7602 4
16 -7.28267 21.7628 15.0043 22.7602 4
17 -7.28267 21.7628 15.0043 22.7602 4
18 -7.28267 21.7628 15.0043 22.7602 4
19 -7.28267 21.7628 15.0043 22.7602 4
20 -7.28267 21.7628 15.0043 22.7602 4
21 -7.28267 21.7628 15.0043 22.7602 4
22 -7.28267 21.7628 15.0043 22.7602 4
23 -7.28267 21.7628 15.0043 22.7602 4
24 -7.28267 21.7628 15.0043 22.7602 4
25 -7.28267 21.7628 15.0043 22.7602 4
26 RANDOM
27 -7.28267 21.7628 15.0043 22.7602 4
28 -7.28267 21.7628 15.0043 22.7602 4
29 -7.28267 21.7628 15.0043 22.7602 4
30 -7.28267 21.7628 15.0043 22.7602 4
31 -7.28267 21.7628 15.0043 22.7602 4
32 -7.28267 21.7628 15.0043 22.7602 4
33 -7.28267 21.7628 15.0043 22.7602 4
34 -7.28267 21.7628 15.0043 22.7602 4
35 -7.28267 21.7628 15.0043 22.7602 4
36 -7.28267 21.7628 15.0043 22.7602 4
37 -7.28267 21.7628 15.0043 22.7602 4
38 -7.28267 21.7628 15.0043 22.7602 4
39 -7.28267 21.7628 15.0043 22.7602 4
40 -7.28267 21.7628 15.0043 22.7602 4
41 -7.28267 21.7628 15.0043 22.7602 4
42 -19.8583 24.5672 -8.42887 63.1915 4
43 -21.4358 27.0295 -7.04651 65.2083 4
44 -24.1205 29.7919 -5.46168 67.1052 4
45 -27.5321 32.6021 -3.43887 68.7196 4
46 -17.1 22.3328 -10.4301 60.8291 4
47 -16.1833 19.2864 -8.78819 54.8228 4
48 -14.9687 17.3424 -6.9402 50.452 4
49 -13.6016 15.8106 -4.84729 46.4009 4
50 -9.84966 24.3583 32.0805 24.324 3
51 -9.62187 23.8725 22.1915 22.2274 2
