0 1796.81 13018.0 2148.07 12543.5 2
1 1781.84 13238.2 2200.75 12757.0 2
2 1779.31 13572.4 2286.06 13091.5 2
3 1700.73 13156.1 2169.2 12625.2 2
4 1695.12 13214.9 2190.7 12681.3 2
5 1696.82 13489.0 2261.06 12957.0 2
6 1674.26 13137.1 2192.35 12591.7 2
7 RANDOM
8 1629.41 13350.8 2163.45 12724.4 2
9 1632.38 13483.6 2216.35 12883.3 2
10 1633.37 13468.3 2231.6 12868.7 2
11 1598.59 13194.4 2139.28 12505.1 2
12 1599.8 13213.8 2170.04 12522.4 2
13 1604.74 13277.5 2208.98 12596.4 2
14 1596.12 13232.7 2196.92 12557.0 2
15 1579.04 12765.1 2012.39 12020.0 2
16 1582.5 12857.0 2052.06 12121.9 2
17 1592.49 13007.3 2110.11 12299.4 2
18 1577.3 12974.4 2116.99 12266.0 2
19 RANDOM
20 1555.07 12859.6 2102.32 12143.8 2
21 RANDOM
22 1545.12 12868.4 2138.09 12149.0 2
23 1520.82 12840.0 2216.61 12033.1 2
24 1525.43 12873.5 2219.51 12083.5 2
25 1533.83 12969.0 2227.77 12219.2 2
26 1524.76 12891.5 2222.06 12104.7 2
27 1503.74 12700.5 2222.57 11834.6 2
28 1507.63 12601.9 2224.83 11697.3 2
29 1515.44 12646.6 2228.53 11757.3 2
30 1521.78 12562.0 2240.87 11629.0 2
31 1502.51 12755.6 2253.73 11924.1 2
32 1509.43 12678.0 2268.28 11806.9 2
33 RANDOM
34 RANDOM
35 1542.35 12881.9 2286.48 12088.1 2
36 1532.56 12789.6 2296.48 11959.9 2
37 1528.09 12727.8 2312.73 11872.2 2
38 1513.61 12599.9 2348.5 11679.9 2
39 1570.2 12547.8 2370.31 11593.3 2
40 RANDOM
41 1558.29 12498.6 2361.91 11521.9 2
42 1564.91 12408.0 2376.79 11385.5 2
43 1567.73 12512.1 2423.1 11527.0 2
44 1566.04 12463.8 2406.96 11461.6 2
45 1563.36 12468.1 2385.45 11470.3 2
46 1575.66 12310.6 2414.5 11237.6 2
47 1572.23 12299.8 2299.5 11248.5 2
48 1572.56 12265.0 2299.37 11199.9 2
49 1569.62 12314.8 2290.15 11270.3 2
50 1563.68 12355.2 2270.58 11329.8 2
51 1563.68 12355.2 2270.58 11329.8 2
