0 -4.08458 70.9193 -19.3246 71.3931 4
1 -11.1842 64.1182 -23.7257 64.8948 4
2 -8.98379 61.1183 -22.7215 62.2571 4
3 -9.67009 61.4396 -23.0109 62.4822 4
4 RANDOM
5 -11.5985 61.1572 -23.8144 62.1102 4
6 -11.1457 51.9257 -21.6441 52.7588 4
7 -12.0635 51.036 -21.6787 51.692 4
8 -13.1312 49.4569 -21.578 49.8914 4
9 -14.331 47.9064 -21.6263 48.1587 4
10 -10.4037 46.3873 -17.6768 46.1107 2
11 RANDOM
12 -5.80272 40.5002 -14.9158 40.9941 4
13 -14.7353 37.3883 -17.8068 36.85 2
14 -5.80272 40.5002 -14.9158 40.9941 4
15 -14.7353 37.3883 -17.8068 36.85 2
16 -5.80272 40.5002 -14.9158 40.9941 4
17 -14.7353 37.3883 -17.8068 36.85 2
18 -5.80272 40.5002 -14.9158 40.9941 4
19 -14.7353 37.3883 -17.8068 36.85 2
20 -5.80272 40.5002 -14.9158 40.9941 4
21 -14.7353 37.3883 -17.8068 36.85 2
22 -5.80272 40.5002 -14.9158 40.9941 4
23 -14.7353 37.3883 -17.8068 36.85 2
24 -5.80272 40.5002 -14.9158 40.9941 4
25 RANDOM
26 -10.4037 46.3873 -17.6768 46.1107 2
27 -6.86751 38.9941 -14.8726 39.3255 4
28 -10.4037 46.3873 -17.6768 46.1107 2
29 -6.86751 38.9941 -14.8726 39.3255 4
30 -10.4037 46.3873 -17.6768 46.1107 2
31 -6.86751 38.9941 -14.8726 39.3255 4
32 -10.4037 46.3873 -17.6768 46.1107 2
33 -6.86751 38.9941 -14.8726 39.3255 4
34 RANDOM
35 -10.7409 47.7933 -17.9576 47.4513 2
36 -5.77629 45.2216 -16.5243 46.0705 4
37 -10.7409 47.7933 -17.9576 47.4513 2
38 -5.77629 45.2216 -16.5243 46.0705 4
39 -10.7409 47.7933 -17.9576 47.4513 2
40 -5.52784 45.6262 -16.4419 46.585 4
41 -10.3986 48.1557 -17.7668 47.7156 2
42 -5.52784 45.6262 -16.4419 46.585 4
43 -10.3986 48.1557 -17.7668 47.7156 2
44 -5.52784 45.6262 -16.4419 46.585 4
45 -10.3986 48.1557 -17.7668 47.7156 2
46 -5.52784 45.6262 -16.4419 46.585 4
47 -10.3986 48.1557 -17.7668 47.7156 2
48 -5.52784 45.6262 -16.4419 46.585 4
49 -10.3986 48.1557 -17.7668 47.7156 2
50 -5.52784 45.6262 -16.4419 46.585 4
51 -10.3986 48.1557 -17.7668 47.7156 2
52 -5.52784 45.6262 -16.4419 46.585 4
53 -10.3986 48.1557 -17.7668 47.7156 2
54 -5.52784 45.6262 -16.4419 46.585 4
55 -10.3986 48.1557 -17.7668 47.7156 2
56 -5.52784 45.6262 -16.4419 46.585 4
57 -10.3986 48.1557 -17.7668 47.7156 2
58 -5.52784 45.6262 -16.4419 46.585 4
59 -10.3986 48.1557 -17.7668 47.7156 2
60 -5.52784 45.6262 -16.4419 46.585 4
61 -10.3986 48.1557 -17.7668 47.7156 2
62 -5.52784 45.6262 -16.4419 46.585 4
63 -10.3986 48.1557 -17.7668 47.7156 2
64 -5.52784 45.6262 -16.4419 46.585 4
65 -10.3986 48.1557 -17.7668 47.7156 2
66 -5.52784 45.6262 -16.4419 46.585 4
67 -10.3986 48.1557 -17.7668 47.7156 2
68 -5.52784 45.6262 -16.4419 46.585 4
69 -10.3986 48.1557 -17.7668 47.7156 2
70 -5.52784 45.6262 -16.4419 46.585 4
71 -10.3986 48.1557 -17.7668 47.7156 2
72 -5.52784 45.6262 -16.4419 46.585 4
73 -10.3986 48.1557 -17.7668 47.7156 2
74 -5.52784 45.6262 -16.4419 46.585 4
75 -10.3986 48.1557 -17.7668 47.7156 2
76 -5.52784 45.6262 -16.4419 46.585 4
77 -10.3986 48.1557 -17.7668 47.7156 2
78 -5.52784 45.6262 -16.4419 46.585 4
79 -10.3986 48.1557 -17.7668 47.7156 2
80 -5.52784 45.6262 -16.4419 46.585 4
81 RANDOM
82 -10.9441 48.7603 -18.0484 48.2759 2
83 -6.00323 45.8514 -16.6631 46.4664 4
84 -10.9441 48.7603 -18.0484 48.2759 2
85 -6.00323 45.8514 -16.6631 46.4664 4
86 -10.9441 48.7603 -18.0484 48.2759 2
87 -6.00323 45.8514 -16.6631 46.4664 4
88 -10.9441 48.7603 -18.0484 48.2759 2
89 -6.00323 45.8514 -16.6631 46.4664 4
90 RANDOM
91 -11.5353 49.5737 -18.4538 49.0667 2
92 -6.41178 45.2834 -16.3427 45.7157 4
93 -11.5353 49.5737 -18.4538 49.0667 2
94 -6.41178 45.2834 -16.3427 45.7157 4
95 -11.5353 49.5737 -18.4538 49.0667 2
96 -6.41178 45.2834 -16.3427 45.7157 4
97 -11.5353 49.5737 -18.4538 49.0667 2
98 -6.41178 45.2834 -16.3427 45.7157 4
99 -11.5353 49.5737 -18.4538 49.0667 2
100 -7.45557 44.0305 -17.2729 44.4815 4
101 -12.6623 48.1693 -19.4249 47.7212 2
102 -7.45557 44.0305 -17.2729 44.4815 4
103 -12.6623 48.1693 -19.4249 47.7212 2
104 -7.45557 44.0305 -17.2729 44.4815 4
105 -12.6623 48.1693 -19.4249 47.7212 2
106 -7.45557 44.0305 -17.2729 44.4815 4
107 -12.6623 48.1693 -19.4249 47.7212 2
108 -7.45557 44.0305 -17.2729 44.4815 4
109 -12.6623 48.1693 -19.4249 47.7212 2
110 -7.45557 44.0305 -17.2729 44.4815 4
111 -12.6623 48.1693 -19.4249 47.7212 2
112 -7.45557 44.0305 -17.2729 44.4815 4
113 -12.6623 48.1693 -19.4249 47.7212 2
114 -7.45557 44.0305 -17.2729 44.4815 4
115 -12.6623 48.1693 -19.4249 47.7212 2
116 -7.45557 44.0305 -17.2729 44.4815 4
117 -12.6623 48.1693 -19.4249 47.7212 2
118 -7.45557 44.0305 -17.2729 44.4815 4
119 -12.6623 48.1693 -19.4249 47.7212 2
120 -7.45557 44.0305 -17.2729 44.4815 4
121 -12.6623 48.1693 -19.4249 47.7212 2
122 -7.45557 44.0305 -17.2729 44.4815 4
123 -12.6623 48.1693 -19.4249 47.7212 2
124 -7.45557 44.0305 -17.2729 44.4815 4
125 -12.6623 48.1693 -19.4249 47.7212 2
126 -7.45557 44.0305 -17.2729 44.4815 4
127 -12.6623 48.1693 -19.4249 47.7212 2
128 -7.45557 44.0305 -17.2729 44.4815 4
129 -12.6623 48.1693 -19.4249 47.7212 2
130 -7.45557 44.0305 -17.2729 44.4815 4
131 -12.6623 48.1693 -19.4249 47.7212 2
132 -7.45557 44.0305 -17.2729 44.4815 4
133 -12.6623 48.1693 -19.4249 47.7212 2
134 -7.45557 44.0305 -17.2729 44.4815 4
135 -12.6623 48.1693 -19.4249 47.7212 2
136 -7.45557 44.0305 -17.2729 44.4815 4
137 -12.6623 48.1693 -19.4249 47.7212 2
138 -7.45557 44.0305 -17.2729 44.4815 4
139 -12.6623 48.1693 -19.4249 47.7212 2
140 -7.45557 44.0305 -17.2729 44.4815 4
141 -12.6623 48.1693 -19.4249 47.7212 2
142 -7.45557 44.0305 -17.2729 44.4815 4
143 -12.6623 48.1693 -19.4249 47.7212 2
144 -7.45557 44.0305 -17.2729 44.4815 4
145 -12.6623 48.1693 -19.4249 47.7212 2
146 -7.45557 44.0305 -17.2729 44.4815 4
147 -12.6623 48.1693 -19.4249 47.7212 2
148 -7.45557 44.0305 -17.2729 44.4815 4
149 -12.6623 48.1693 -19.4249 47.7212 2
150 -7.45557 44.0305 -17.2729 44.4815 4
151 -12.6623 48.1693 -19.4249 47.7212 2
152 -7.45557 44.0305 -17.2729 44.4815 4
153 -12.6623 48.1693 -19.4249 47.7212 2
154 -7.45557 44.0305 -17.2729 44.4815 4
155 -12.6623 48.1693 -19.4249 47.7212 2
156 -7.45557 44.0305 -17.2729 44.4815 4
157 -12.6623 48.1693 -19.4249 47.7212 2
158 -7.45557 44.0305 -17.2729 44.4815 4
159 -12.6623 48.1693 -19.4249 47.7212 2
160 -7.45557 44.0305 -17.2729 44.4815 4
161 RANDOM
162 -13.4083 44.4418 -20.6773 44.512 4
163 -13.8299 44.407 -20.4664 44.306 2
164 -7.83113 40.1189 -17.3658 40.9004 4
165 -13.8299 44.407 -20.4664 44.306 2
166 -7.83113 40.1189 -17.3658 40.9004 4
167 -13.8299 44.407 -20.4664 44.306 2
168 -7.83113 40.1189 -17.3658 40.9004 4
169 -13.8299 44.407 -20.4664 44.306 2
170 -7.83113 40.1189 -17.3658 40.9004 4
171 -13.8299 44.407 -20.4664 44.306 2
172 -7.83113 40.1189 -17.3658 40.9004 4
173 -13.8299 44.407 -20.4664 44.306 2
174 -7.83113 40.1189 -17.3658 40.9004 4
175 -13.8299 44.407 -20.4664 44.306 2
176 -7.83113 40.1189 -17.3658 40.9004 4
177 -13.8299 44.407 -20.4664 44.306 2
178 -7.83113 40.1189 -17.3658 40.9004 4
179 -13.8299 44.407 -20.4664 44.306 2
180 -7.83113 40.1189 -17.3658 40.9004 4
181 -13.8299 44.407 -20.4664 44.306 2
182 -7.83113 40.1189 -17.3658 40.9004 4
183 -13.8299 44.407 -20.4664 44.306 2
184 -7.83113 40.1189 -17.3658 40.9004 4
185 RANDOM
186 -14.317 44.5565 -20.4102 44.312 2
187 -8.24202 40.6806 -17.4904 41.3577 4
188 RANDOM
189 -14.9426 44.5216 -20.4539 44.1497 2
190 RANDOM
191 -8.24202 40.6806 -17.4904 41.3577 4
192 -14.317 44.5565 -20.4102 44.312 2
193 -8.24202 40.6806 -17.4904 41.3577 4
194 -14.317 44.5565 -20.4102 44.312 2
195 -8.24202 40.6806 -17.4904 41.3577 4
196 -14.317 44.5565 -20.4102 44.312 2
197 -8.24202 40.6806 -17.4904 41.3577 4
198 -14.317 44.5565 -20.4102 44.312 2
199 -8.24202 40.6806 -17.4904 41.3577 4
200 -14.317 44.5565 -20.4102 44.312 2
201 -8.24202 40.6806 -17.4904 41.3577 4
202 -14.317 44.5565 -20.4102 44.312 2
203 -8.24202 40.6806 -17.4904 41.3577 4
204 -14.317 44.5565 -20.4102 44.312 2
205 -8.24202 40.6806 -17.4904 41.3577 4
206 -14.317 44.5565 -20.4102 44.312 2
207 -8.24202 40.6806 -17.4904 41.3577 4
208 -14.317 44.5565 -20.4102 44.312 2
209 -8.24202 40.6806 -17.4904 41.3577 4
210 -14.317 44.5565 -20.4102 44.312 2
211 -8.24202 40.6806 -17.4904 41.3577 4
212 -14.317 44.5565 -20.4102 44.312 2
213 -8.24202 40.6806 -17.4904 41.3577 4
214 -14.317 44.5565 -20.4102 44.312 2
215 -8.24202 40.6806 -17.4904 41.3577 4
216 -14.317 44.5565 -20.4102 44.312 2
217 -8.24202 40.6806 -17.4904 41.3577 4
218 -14.317 44.5565 -20.4102 44.312 2
219 -8.24202 40.6806 -17.4904 41.3577 4
220 -14.317 44.5565 -20.4102 44.312 2
221 -8.24202 40.6806 -17.4904 41.3577 4
222 -14.317 44.5565 -20.4102 44.312 2
223 RANDOM
224 -7.83113 40.1189 -17.3658 40.9004 4
225 -13.8299 44.407 -20.4664 44.306 2
226 -7.83113 40.1189 -17.3658 40.9004 4
227 RANDOM
228 -14.317 44.5565 -20.4102 44.312 2
229 -8.24202 40.6806 -17.4904 41.3577 4
230 -14.317 44.5565 -20.4102 44.312 2
231 -8.24202 40.6806 -17.4904 41.3577 4
232 -14.317 44.5565 -20.4102 44.312 2
233 -8.24202 40.6806 -17.4904 41.3577 4
234 -14.317 44.5565 -20.4102 44.312 2
235 -8.24202 40.6806 -17.4904 41.3577 4
236 -14.317 44.5565 -20.4102 44.312 2
237 -8.24202 40.6806 -17.4904 41.3577 4
238 -14.317 44.5565 -20.4102 44.312 2
239 -8.24202 40.6806 -17.4904 41.3577 4
240 -14.317 44.5565 -20.4102 44.312 2
241 -8.24202 40.6806 -17.4904 41.3577 4
242 -14.317 44.5565 -20.4102 44.312 2
243 -8.24202 40.6806 -17.4904 41.3577 4
244 -14.317 44.5565 -20.4102 44.312 2
245 -8.24202 40.6806 -17.4904 41.3577 4
246 -14.317 44.5565 -20.4102 44.312 2
247 -8.24202 40.6806 -17.4904 41.3577 4
248 -14.317 44.5565 -20.4102 44.312 2
249 -8.24202 40.6806 -17.4904 41.3577 4
250 -14.317 44.5565 -20.4102 44.312 2
251 -8.24202 40.6806 -17.4904 41.3577 4
252 -14.317 44.5565 -20.4102 44.312 2
253 -8.24202 40.6806 -17.4904 41.3577 4
254 -14.317 44.5565 -20.4102 44.312 2
255 -8.24202 40.6806 -17.4904 41.3577 4
256 -14.317 44.5565 -20.4102 44.312 2
257 -8.24202 40.6806 -17.4904 41.3577 4
258 -14.317 44.5565 -20.4102 44.312 2
259 -8.24202 40.6806 -17.4904 41.3577 4
260 -14.317 44.5565 -20.4102 44.312 2
261 -8.24202 40.6806 -17.4904 41.3577 4
262 -14.317 44.5565 -20.4102 44.312 2
263 -8.24202 40.6806 -17.4904 41.3577 4
264 -14.317 44.5565 -20.4102 44.312 2
265 -8.24202 40.6806 -17.4904 41.3577 4
266 -14.317 44.5565 -20.4102 44.312 2
267 -8.24202 40.6806 -17.4904 41.3577 4
268 -14.317 44.5565 -20.4102 44.312 2
269 -8.24202 40.6806 -17.4904 41.3577 4
270 -14.317 44.5565 -20.4102 44.312 2
271 -8.24202 40.6806 -17.4904 41.3577 4
272 -14.317 44.5565 -20.4102 44.312 2
273 -8.24202 40.6806 -17.4904 41.3577 4
274 -14.317 44.5565 -20.4102 44.312 2
275 -8.24202 40.6806 -17.4904 41.3577 4
276 -14.317 44.5565 -20.4102 44.312 2
277 RANDOM
278 -7.83113 40.1189 -17.3658 40.9004 4
279 -13.8299 44.407 -20.4664 44.306 2
280 -7.83113 40.1189 -17.3658 40.9004 4
281 -13.8299 44.407 -20.4664 44.306 2
282 -7.83113 40.1189 -17.3658 40.9004 4
283 -13.8299 44.407 -20.4664 44.306 2
284 -7.83113 40.1189 -17.3658 40.9004 4
285 -13.8299 44.407 -20.4664 44.306 2
286 -7.83113 40.1189 -17.3658 40.9004 4
287 -13.8299 44.407 -20.4664 44.306 2
288 RANDOM
289 -7.82115 35.6311 -14.0929 35.3679 2
290 -7.18581 35.4885 -13.9098 35.3151 2
291 -6.67945 36.078 -14.1218 36.0697 2
292 -6.2162 37.3831 -14.638 37.6088 4
293 -11.4614 38.4411 -15.664 37.4437 2
294 -6.2162 37.3831 -14.638 37.6088 4
295 -11.4614 38.4411 -15.664 37.4437 2
296 -6.2162 37.3831 -14.638 37.6088 4
297 -11.4614 38.4411 -15.664 37.4437 2
298 -6.2162 37.3831 -14.638 37.6088 4
299 -11.4614 38.4411 -15.664 37.4437 2
300 -6.2162 37.3831 -14.638 37.6088 4
301 -11.4614 38.4411 -15.664 37.4437 2
302 RANDOM
303 -7.44392 32.1419 -13.489 32.113 2
304 -6.28348 33.8861 -13.5416 34.0286 4
305 -14.9319 29.3345 -15.8695 28.2741 2
306 -6.28348 33.8861 -13.5416 34.0286 4
307 -14.9319 29.3345 -15.8695 28.2741 2
308 -6.28348 33.8861 -13.5416 34.0286 4
309 -14.9319 29.3345 -15.8695 28.2741 2
310 -6.28348 33.8861 -13.5416 34.0286 4
311 -14.9319 29.3345 -15.8695 28.2741 2
312 -6.28348 33.8861 -13.5416 34.0286 4
313 -14.9319 29.3345 -15.8695 28.2741 2
314 -6.28348 33.8861 -13.5416 34.0286 4
315 -14.9319 29.3345 -15.8695 28.2741 2
316 -6.28348 33.8861 -13.5416 34.0286 4
317 -14.9319 29.3345 -15.8695 28.2741 2
318 -6.28348 33.8861 -13.5416 34.0286 4
319 -14.9319 29.3345 -15.8695 28.2741 2
320 -6.28348 33.8861 -13.5416 34.0286 4
321 -14.9319 29.3345 -15.8695 28.2741 2
322 RANDOM
323 RANDOM
324 -4.03329 37.9293 -13.34 38.7121 4
325 -13.1265 30.8065 -15.6249 30.0877 2
326 RANDOM
327 -5.88315 36.8716 -13.7262 36.9799 4
328 -12.2224 31.6195 -15.614 31.0591 2
329 -5.88315 36.8716 -13.7262 36.9799 4
330 -12.2224 31.6195 -15.614 31.0591 2
331 -5.88315 36.8716 -13.7262 36.9799 4
332 -12.2224 31.6195 -15.614 31.0591 2
333 -5.88315 36.8716 -13.7262 36.9799 4
334 -12.2224 31.6195 -15.614 31.0591 2
335 -5.88315 36.8716 -13.7262 36.9799 4
336 -12.2224 31.6195 -15.614 31.0591 2
337 -5.88315 36.8716 -13.7262 36.9799 4
338 -12.2224 31.6195 -15.614 31.0591 2
339 -5.88315 36.8716 -13.7262 36.9799 4
340 -12.2224 31.6195 -15.614 31.0591 2
341 -5.88315 36.8716 -13.7262 36.9799 4
342 -12.2224 31.6195 -15.614 31.0591 2
343 -5.88315 36.8716 -13.7262 36.9799 4
344 -12.2224 31.6195 -15.614 31.0591 2
345 -5.88315 36.8716 -13.7262 36.9799 4
346 -12.2224 31.6195 -15.614 31.0591 2
347 -5.88315 36.8716 -13.7262 36.9799 4
348 RANDOM
349 -13.1265 30.8065 -15.6249 30.0877 2
350 -4.03329 37.9293 -13.34 38.7121 4
351 -13.1265 30.8065 -15.6249 30.0877 2
352 -4.03329 37.9293 -13.34 38.7121 4
353 -13.1265 30.8065 -15.6249 30.0877 2
354 -4.03329 37.9293 -13.34 38.7121 4
355 -13.1265 30.8065 -15.6249 30.0877 2
356 -4.03329 37.9293 -13.34 38.7121 4
357 -13.1265 30.8065 -15.6249 30.0877 2
358 -4.03329 37.9293 -13.34 38.7121 4
359 -13.1265 30.8065 -15.6249 30.0877 2
360 -4.03329 37.9293 -13.34 38.7121 4
361 -13.1265 30.8065 -15.6249 30.0877 2
362 -4.03329 37.9293 -13.34 38.7121 4
363 -13.1265 30.8065 -15.6249 30.0877 2
364 -4.03329 37.9293 -13.34 38.7121 4
365 -13.1265 30.8065 -15.6249 30.0877 2
366 -4.03329 37.9293 -13.34 38.7121 4
367 -13.1265 30.8065 -15.6249 30.0877 2
368 -4.03329 37.9293 -13.34 38.7121 4
369 -13.1265 30.8065 -15.6249 30.0877 2
370 -4.03329 37.9293 -13.34 38.7121 4
371 -13.1265 30.8065 -15.6249 30.0877 2
372 -4.03329 37.9293 -13.34 38.7121 4
373 -13.1265 30.8065 -15.6249 30.0877 2
374 -4.03329 37.9293 -13.34 38.7121 4
375 -13.1265 30.8065 -15.6249 30.0877 2
376 -4.03329 37.9293 -13.34 38.7121 4
377 -13.1265 30.8065 -15.6249 30.0877 2
378 -4.03329 37.9293 -13.34 38.7121 4
379 -13.1265 30.8065 -15.6249 30.0877 2
380 -4.03329 37.9293 -13.34 38.7121 4
381 -13.1265 30.8065 -15.6249 30.0877 2
382 -4.03329 37.9293 -13.34 38.7121 4
383 -13.1265 30.8065 -15.6249 30.0877 2
384 -4.03329 37.9293 -13.34 38.7121 4
385 -13.1265 30.8065 -15.6249 30.0877 2
386 -4.03329 37.9293 -13.34 38.7121 4
387 -13.1265 30.8065 -15.6249 30.0877 2
388 RANDOM
389 -5.88315 36.8716 -13.7262 36.9799 4
390 -12.2224 31.6195 -15.614 31.0591 2
391 -5.88315 36.8716 -13.7262 36.9799 4
392 -12.2224 31.6195 -15.614 31.0591 2
393 -5.88315 36.8716 -13.7262 36.9799 4
394 -12.2224 31.6195 -15.614 31.0591 2
395 -5.88315 36.8716 -13.7262 36.9799 4
396 -12.2224 31.6195 -15.614 31.0591 2
397 -5.88315 36.8716 -13.7262 36.9799 4
398 RANDOM
399 -13.1265 30.8065 -15.6249 30.0877 2
400 -4.03329 37.9293 -13.34 38.7121 4
401 -13.1265 30.8065 -15.6249 30.0877 2
402 -4.03329 37.9293 -13.34 38.7121 4
403 -13.1265 30.8065 -15.6249 30.0877 2
404 -4.03329 37.9293 -13.34 38.7121 4
405 -13.1265 30.8065 -15.6249 30.0877 2
406 -4.03329 37.9293 -13.34 38.7121 4
407 -13.1265 30.8065 -15.6249 30.0877 2
408 -4.03329 37.9293 -13.34 38.7121 4
409 -13.1265 30.8065 -15.6249 30.0877 2
410 -4.03329 37.9293 -13.34 38.7121 4
411 -13.1265 30.8065 -15.6249 30.0877 2
412 -4.03329 37.9293 -13.34 38.7121 4
413 -13.1265 30.8065 -15.6249 30.0877 2
414 -4.03329 37.9293 -13.34 38.7121 4
415 -13.1265 30.8065 -15.6249 30.0877 2
416 -4.03329 37.9293 -13.34 38.7121 4
417 -13.1265 30.8065 -15.6249 30.0877 2
418 -4.03329 37.9293 -13.34 38.7121 4
419 -13.1265 30.8065 -15.6249 30.0877 2
420 -4.03329 37.9293 -13.34 38.7121 4
421 -13.1265 30.8065 -15.6249 30.0877 2
422 -4.03329 37.9293 -13.34 38.7121 4
423 RANDOM
424 -14.0921 30.3292 -15.8138 29.4998 2
425 -5.23591 35.4236 -13.6409 35.7028 4
426 -14.0921 30.3292 -15.8138 29.4998 2
427 -5.23591 35.4236 -13.6409 35.7028 4
428 -14.0921 30.3292 -15.8138 29.4998 2
429 RANDOM
430 -4.03329 37.9293 -13.34 38.7121 4
431 -13.1265 30.8065 -15.6249 30.0877 2
432 -4.03329 37.9293 -13.34 38.7121 4
433 -13.1265 30.8065 -15.6249 30.0877 2
434 -4.03329 37.9293 -13.34 38.7121 4
435 -13.1265 30.8065 -15.6249 30.0877 2
436 -4.03329 37.9293 -13.34 38.7121 4
437 -13.1265 30.8065 -15.6249 30.0877 2
438 -4.03329 37.9293 -13.34 38.7121 4
439 -13.1265 30.8065 -15.6249 30.0877 2
440 -4.03329 37.9293 -13.34 38.7121 4
441 -13.1265 30.8065 -15.6249 30.0877 2
442 -4.03329 37.9293 -13.34 38.7121 4
443 -13.1265 30.8065 -15.6249 30.0877 2
444 -4.03329 37.9293 -13.34 38.7121 4
445 -13.1265 30.8065 -15.6249 30.0877 2
446 -4.03329 37.9293 -13.34 38.7121 4
447 -13.1265 30.8065 -15.6249 30.0877 2
448 -4.03329 37.9293 -13.34 38.7121 4
449 -13.1265 30.8065 -15.6249 30.0877 2
450 -4.03329 37.9293 -13.34 38.7121 4
451 -13.1265 30.8065 -15.6249 30.0877 2
452 -4.03329 37.9293 -13.34 38.7121 4
453 -13.1265 30.8065 -15.6249 30.0877 2
454 -4.03329 37.9293 -13.34 38.7121 4
455 -13.1265 30.8065 -15.6249 30.0877 2
456 -4.03329 37.9293 -13.34 38.7121 4
457 -13.1265 30.8065 -15.6249 30.0877 2
458 -4.03329 37.9293 -13.34 38.7121 4
459 -13.1265 30.8065 -15.6249 30.0877 2
460 -4.03329 37.9293 -13.34 38.7121 4
461 -13.1265 30.8065 -15.6249 30.0877 2
462 -4.03329 37.9293 -13.34 38.7121 4
463 -13.1265 30.8065 -15.6249 30.0877 2
464 -4.03329 37.9293 -13.34 38.7121 4
465 -13.1265 30.8065 -15.6249 30.0877 2
466 -4.03329 37.9293 -13.34 38.7121 4
467 -13.1265 30.8065 -15.6249 30.0877 2
468 -4.03329 37.9293 -13.34 38.7121 4
469 RANDOM
470 RANDOM
471 -14.9319 29.3345 -15.8695 28.2741 2
472 -6.28348 33.8861 -13.5416 34.0286 4
473 -14.9319 29.3345 -15.8695 28.2741 2
474 -6.28348 33.8861 -13.5416 34.0286 4
475 -14.9319 29.3345 -15.8695 28.2741 2
476 -6.28348 33.8861 -13.5416 34.0286 4
477 -14.9319 29.3345 -15.8695 28.2741 2
478 -6.28348 33.8861 -13.5416 34.0286 4
479 -14.9319 29.3345 -15.8695 28.2741 2
480 -6.28348 33.8861 -13.5416 34.0286 4
481 -14.9319 29.3345 -15.8695 28.2741 2
482 -6.28348 33.8861 -13.5416 34.0286 4
483 -14.9319 29.3345 -15.8695 28.2741 2
484 -6.28348 33.8861 -13.5416 34.0286 4
485 RANDOM
486 -11.0425 37.4559 -15.4185 36.5269 2
487 -7.44392 32.1419 -13.489 32.113 2
488 -6.28348 33.8861 -13.5416 34.0286 4
489 -14.9319 29.3345 -15.8695 28.2741 2
490 -6.28348 33.8861 -13.5416 34.0286 4
491 RANDOM
492 -11.0425 37.4559 -15.4185 36.5269 2
493 -7.44392 32.1419 -13.489 32.113 2
494 -6.28348 33.8861 -13.5416 34.0286 4
495 -14.9319 29.3345 -15.8695 28.2741 2
496 -6.28348 33.8861 -13.5416 34.0286 4
497 -14.9319 29.3345 -15.8695 28.2741 2
498 -6.28348 33.8861 -13.5416 34.0286 4
499 -14.9319 29.3345 -15.8695 28.2741 2
500 -6.28348 33.8861 -13.5416 34.0286 4
501 -14.9319 29.3345 -15.8695 28.2741 2
502 -6.28348 33.8861 -13.5416 34.0286 4
503 -14.9319 29.3345 -15.8695 28.2741 2
504 -6.28348 33.8861 -13.5416 34.0286 4
505 -14.9319 29.3345 -15.8695 28.2741 2
506 -6.28348 33.8861 -13.5416 34.0286 4
507 -14.9319 29.3345 -15.8695 28.2741 2
508 -6.28348 33.8861 -13.5416 34.0286 4
509 -14.9319 29.3345 -15.8695 28.2741 2
510 -6.28348 33.8861 -13.5416 34.0286 4
511 -14.9319 29.3345 -15.8695 28.2741 2
512 -6.28348 33.8861 -13.5416 34.0286 4
513 -14.9319 29.3345 -15.8695 28.2741 2
514 -6.28348 33.8861 -13.5416 34.0286 4
515 -14.9319 29.3345 -15.8695 28.2741 2
516 -6.28348 33.8861 -13.5416 34.0286 4
517 -14.9319 29.3345 -15.8695 28.2741 2
518 -6.28348 33.8861 -13.5416 34.0286 4
519 -14.9319 29.3345 -15.8695 28.2741 2
520 -6.28348 33.8861 -13.5416 34.0286 4
521 -14.9319 29.3345 -15.8695 28.2741 2
522 -6.28348 33.8861 -13.5416 34.0286 4
523 -14.9319 29.3345 -15.8695 28.2741 2
524 -6.28348 33.8861 -13.5416 34.0286 4
525 -14.9319 29.3345 -15.8695 28.2741 2
526 -6.28348 33.8861 -13.5416 34.0286 4
527 -14.9319 29.3345 -15.8695 28.2741 2
528 -6.28348 33.8861 -13.5416 34.0286 4
529 -14.9319 29.3345 -15.8695 28.2741 2
530 -6.28348 33.8861 -13.5416 34.0286 4
531 -14.9319 29.3345 -15.8695 28.2741 2
532 -6.28348 33.8861 -13.5416 34.0286 4
533 -14.9319 29.3345 -15.8695 28.2741 2
534 -6.28348 33.8861 -13.5416 34.0286 4
535 -14.9319 29.3345 -15.8695 28.2741 2
536 -6.28348 33.8861 -13.5416 34.0286 4
537 -14.9319 29.3345 -15.8695 28.2741 2
538 -6.28348 33.8861 -13.5416 34.0286 4
539 -14.9319 29.3345 -15.8695 28.2741 2
540 -6.28348 33.8861 -13.5416 34.0286 4
541 -14.9319 29.3345 -15.8695 28.2741 2
542 -6.28348 33.8861 -13.5416 34.0286 4
543 -14.9319 29.3345 -15.8695 28.2741 2
544 -6.28348 33.8861 -13.5416 34.0286 4
545 -14.9319 29.3345 -15.8695 28.2741 2
546 -6.28348 33.8861 -13.5416 34.0286 4
547 -14.9319 29.3345 -15.8695 28.2741 2
548 -6.28348 33.8861 -13.5416 34.0286 4
549 -14.9319 29.3345 -15.8695 28.2741 2
550 -6.28348 33.8861 -13.5416 34.0286 4
551 -14.9319 29.3345 -15.8695 28.2741 2
552 -6.28348 33.8861 -13.5416 34.0286 4
553 -14.9319 29.3345 -15.8695 28.2741 2
554 -6.28348 33.8861 -13.5416 34.0286 4
555 -14.9319 29.3345 -15.8695 28.2741 2
556 -6.28348 33.8861 -13.5416 34.0286 4
557 -14.9319 29.3345 -15.8695 28.2741 2
558 -6.28348 33.8861 -13.5416 34.0286 4
559 -14.9319 29.3345 -15.8695 28.2741 2
560 -6.28348 33.8861 -13.5416 34.0286 4
561 -14.9319 29.3345 -15.8695 28.2741 2
562 -6.28348 33.8861 -13.5416 34.0286 4
563 -14.9319 29.3345 -15.8695 28.2741 2
564 -6.28348 33.8861 -13.5416 34.0286 4
565 -14.9319 29.3345 -15.8695 28.2741 2
566 -6.28348 33.8861 -13.5416 34.0286 4
567 -14.9319 29.3345 -15.8695 28.2741 2
568 -6.28348 33.8861 -13.5416 34.0286 4
569 -14.9319 29.3345 -15.8695 28.2741 2
570 -6.28348 33.8861 -13.5416 34.0286 4
571 -14.9319 29.3345 -15.8695 28.2741 2
572 -6.28348 33.8861 -13.5416 34.0286 4
573 -14.9319 29.3345 -15.8695 28.2741 2
574 -6.28348 33.8861 -13.5416 34.0286 4
575 -14.9319 29.3345 -15.8695 28.2741 2
576 -6.28348 33.8861 -13.5416 34.0286 4
577 -14.9319 29.3345 -15.8695 28.2741 2
578 -6.28348 33.8861 -13.5416 34.0286 4
579 -14.9319 29.3345 -15.8695 28.2741 2
580 -6.28348 33.8861 -13.5416 34.0286 4
581 -14.9319 29.3345 -15.8695 28.2741 2
582 -6.28348 33.8861 -13.5416 34.0286 4
583 RANDOM
584 -11.0425 37.4559 -15.4185 36.5269 2
585 -7.44392 32.1419 -13.489 32.113 2
586 -6.28348 33.8861 -13.5416 34.0286 4
587 -14.9319 29.3345 -15.8695 28.2741 2
588 -6.28348 33.8861 -13.5416 34.0286 4
589 -14.9319 29.3345 -15.8695 28.2741 2
590 -6.28348 33.8861 -13.5416 34.0286 4
591 -14.9319 29.3345 -15.8695 28.2741 2
592 -6.28348 33.8861 -13.5416 34.0286 4
593 -14.9319 29.3345 -15.8695 28.2741 2
594 -6.28348 33.8861 -13.5416 34.0286 4
595 -14.9319 29.3345 -15.8695 28.2741 2
596 -6.28348 33.8861 -13.5416 34.0286 4
597 -14.9319 29.3345 -15.8695 28.2741 2
598 -6.28348 33.8861 -13.5416 34.0286 4
599 RANDOM
600 RANDOM
601 -11.4614 38.4411 -15.664 37.4437 2
602 -6.2162 37.3831 -14.638 37.6088 4
603 RANDOM
604 -12.0452 39.0046 -15.9751 37.9612 2
605 -6.67945 36.078 -14.1218 36.0697 2
606 -6.2162 37.3831 -14.638 37.6088 4
607 RANDOM
608 -12.0452 39.0046 -15.9751 37.9612 2
609 -6.67945 36.078 -14.1218 36.0697 2
610 -6.2162 37.3831 -14.638 37.6088 4
611 -11.4614 38.4411 -15.664 37.4437 2
612 -6.2162 37.3831 -14.638 37.6088 4
613 -11.4614 38.4411 -15.664 37.4437 2
614 -6.2162 37.3831 -14.638 37.6088 4
615 -11.4614 38.4411 -15.664 37.4437 2
616 -6.2162 37.3831 -14.638 37.6088 4
617 -11.4614 38.4411 -15.664 37.4437 2
618 -6.2162 37.3831 -14.638 37.6088 4
619 -11.4614 38.4411 -15.664 37.4437 2
620 -6.2162 37.3831 -14.638 37.6088 4
621 -11.4614 38.4411 -15.664 37.4437 2
622 -6.2162 37.3831 -14.638 37.6088 4
623 -11.4614 38.4411 -15.664 37.4437 2
624 -6.2162 37.3831 -14.638 37.6088 4
625 -11.4614 38.4411 -15.664 37.4437 2
626 -6.2162 37.3831 -14.638 37.6088 4
627 RANDOM
628 -12.0452 39.0046 -15.9751 37.9612 2
629 -6.67945 36.078 -14.1218 36.0697 2
630 RANDOM
631 -7.44392 32.1419 -13.489 32.113 2
632 -6.28348 33.8861 -13.5416 34.0286 4
633 -14.9319 29.3345 -15.8695 28.2741 2
634 -6.28348 33.8861 -13.5416 34.0286 4
635 -14.9319 29.3345 -15.8695 28.2741 2
636 -6.28348 33.8861 -13.5416 34.0286 4
637 -14.9319 29.3345 -15.8695 28.2741 2
638 -6.28348 33.8861 -13.5416 34.0286 4
639 -14.9319 29.3345 -15.8695 28.2741 2
640 -6.28348 33.8861 -13.5416 34.0286 4
641 -14.9319 29.3345 -15.8695 28.2741 2
642 -6.28348 33.8861 -13.5416 34.0286 4
643 -14.9319 29.3345 -15.8695 28.2741 2
644 -6.28348 33.8861 -13.5416 34.0286 4
645 -14.9319 29.3345 -15.8695 28.2741 2
646 -6.28348 33.8861 -13.5416 34.0286 4
647 -14.9319 29.3345 -15.8695 28.2741 2
648 -6.28348 33.8861 -13.5416 34.0286 4
649 RANDOM
650 -11.0425 37.4559 -15.4185 36.5269 2
651 -7.44392 32.1419 -13.489 32.113 2
652 -6.28348 33.8861 -13.5416 34.0286 4
653 -14.9319 29.3345 -15.8695 28.2741 2
654 -6.28348 33.8861 -13.5416 34.0286 4
655 -14.9319 29.3345 -15.8695 28.2741 2
656 -6.28348 33.8861 -13.5416 34.0286 4
657 -14.9319 29.3345 -15.8695 28.2741 2
658 -6.28348 33.8861 -13.5416 34.0286 4
659 -14.9319 29.3345 -15.8695 28.2741 2
660 -6.28348 33.8861 -13.5416 34.0286 4
661 -14.9319 29.3345 -15.8695 28.2741 2
662 -6.28348 33.8861 -13.5416 34.0286 4
663 -14.9319 29.3345 -15.8695 28.2741 2
664 -6.28348 33.8861 -13.5416 34.0286 4
665 RANDOM
666 -11.0425 37.4559 -15.4185 36.5269 2
667 -7.44392 32.1419 -13.489 32.113 2
668 -6.28348 33.8861 -13.5416 34.0286 4
669 -14.9319 29.3345 -15.8695 28.2741 2
670 -6.28348 33.8861 -13.5416 34.0286 4
671 -14.9319 29.3345 -15.8695 28.2741 2
672 -6.28348 33.8861 -13.5416 34.0286 4
673 -14.9319 29.3345 -15.8695 28.2741 2
674 -6.28348 33.8861 -13.5416 34.0286 4
675 -14.9319 29.3345 -15.8695 28.2741 2
676 RANDOM
677 -5.23591 35.4236 -13.6409 35.7028 4
678 -14.0921 30.3292 -15.8138 29.4998 2
679 -5.23591 35.4236 -13.6409 35.7028 4
680 -14.0921 30.3292 -15.8138 29.4998 2
681 -5.23591 35.4236 -13.6409 35.7028 4
682 -14.0921 30.3292 -15.8138 29.4998 2
683 RANDOM
684 -4.03329 37.9293 -13.34 38.7121 4
685 -13.1265 30.8065 -15.6249 30.0877 2
686 -4.03329 37.9293 -13.34 38.7121 4
687 -13.1265 30.8065 -15.6249 30.0877 2
688 -4.03329 37.9293 -13.34 38.7121 4
689 -13.1265 30.8065 -15.6249 30.0877 2
690 -4.03329 37.9293 -13.34 38.7121 4
691 -13.1265 30.8065 -15.6249 30.0877 2
692 -4.03329 37.9293 -13.34 38.7121 4
693 -13.1265 30.8065 -15.6249 30.0877 2
694 -4.03329 37.9293 -13.34 38.7121 4
695 -13.1265 30.8065 -15.6249 30.0877 2
696 -4.03329 37.9293 -13.34 38.7121 4
697 -13.1265 30.8065 -15.6249 30.0877 2
698 -4.03329 37.9293 -13.34 38.7121 4
699 -13.1265 30.8065 -15.6249 30.0877 2
700 -4.03329 37.9293 -13.34 38.7121 4
701 -13.1265 30.8065 -15.6249 30.0877 2
702 -4.03329 37.9293 -13.34 38.7121 4
703 -13.1265 30.8065 -15.6249 30.0877 2
704 -4.03329 37.9293 -13.34 38.7121 4
705 -13.1265 30.8065 -15.6249 30.0877 2
706 -4.03329 37.9293 -13.34 38.7121 4
707 RANDOM
708 -14.0921 30.3292 -15.8138 29.4998 2
709 -5.23591 35.4236 -13.6409 35.7028 4
710 RANDOM
711 -14.9319 29.3345 -15.8695 28.2741 2
712 -6.28348 33.8861 -13.5416 34.0286 4
713 -14.9319 29.3345 -15.8695 28.2741 2
714 -6.28348 33.8861 -13.5416 34.0286 4
715 -14.9319 29.3345 -15.8695 28.2741 2
716 -6.28348 33.8861 -13.5416 34.0286 4
717 -14.9319 29.3345 -15.8695 28.2741 2
718 -6.28348 33.8861 -13.5416 34.0286 4
719 -14.9319 29.3345 -15.8695 28.2741 2
720 -6.28348 33.8861 -13.5416 34.0286 4
721 -14.9319 29.3345 -15.8695 28.2741 2
722 -6.28348 33.8861 -13.5416 34.0286 4
723 -14.9319 29.3345 -15.8695 28.2741 2
724 -6.28348 33.8861 -13.5416 34.0286 4
725 -14.9319 29.3345 -15.8695 28.2741 2
726 -6.28348 33.8861 -13.5416 34.0286 4
727 -14.9319 29.3345 -15.8695 28.2741 2
728 -6.28348 33.8861 -13.5416 34.0286 4
729 -14.9319 29.3345 -15.8695 28.2741 2
730 -6.28348 33.8861 -13.5416 34.0286 4
731 -14.9319 29.3345 -15.8695 28.2741 2
732 -6.28348 33.8861 -13.5416 34.0286 4
733 -14.9319 29.3345 -15.8695 28.2741 2
734 -6.28348 33.8861 -13.5416 34.0286 4
735 RANDOM
736 -11.0425 37.4559 -15.4185 36.5269 2
737 -7.44392 32.1419 -13.489 32.113 2
738 -6.28348 33.8861 -13.5416 34.0286 4
739 -14.9319 29.3345 -15.8695 28.2741 2
740 -6.28348 33.8861 -13.5416 34.0286 4
741 -14.9319 29.3345 -15.8695 28.2741 2
742 RANDOM
743 -5.23591 35.4236 -13.6409 35.7028 4
744 -14.0921 30.3292 -15.8138 29.4998 2
745 -5.23591 35.4236 -13.6409 35.7028 4
746 -14.0921 30.3292 -15.8138 29.4998 2
747 -5.23591 35.4236 -13.6409 35.7028 4
748 -14.0921 30.3292 -15.8138 29.4998 2
749 -5.23591 35.4236 -13.6409 35.7028 4
750 -14.0921 30.3292 -15.8138 29.4998 2
751 -5.23591 35.4236 -13.6409 35.7028 4
752 -14.0921 30.3292 -15.8138 29.4998 2
753 -5.23591 35.4236 -13.6409 35.7028 4
754 -14.0921 30.3292 -15.8138 29.4998 2
755 -5.23591 35.4236 -13.6409 35.7028 4
756 -14.0921 30.3292 -15.8138 29.4998 2
757 RANDOM
758 -4.03329 37.9293 -13.34 38.7121 4
759 -13.1265 30.8065 -15.6249 30.0877 2
760 RANDOM
761 -5.88315 36.8716 -13.7262 36.9799 4
762 -12.2224 31.6195 -15.614 31.0591 2
763 -5.88315 36.8716 -13.7262 36.9799 4
764 -12.2224 31.6195 -15.614 31.0591 2
765 -5.88315 36.8716 -13.7262 36.9799 4
766 -12.2224 31.6195 -15.614 31.0591 2
767 -5.88315 36.8716 -13.7262 36.9799 4
768 -12.2224 31.6195 -15.614 31.0591 2
769 -5.88315 36.8716 -13.7262 36.9799 4
770 -12.2224 31.6195 -15.614 31.0591 2
771 -5.88315 36.8716 -13.7262 36.9799 4
772 -12.2224 31.6195 -15.614 31.0591 2
773 -5.88315 36.8716 -13.7262 36.9799 4
774 -12.2224 31.6195 -15.614 31.0591 2
775 -5.88315 36.8716 -13.7262 36.9799 4
776 -12.2224 31.6195 -15.614 31.0591 2
777 RANDOM
778 -4.80539 36.9704 -13.1019 37.1375 4
779 -12.2988 33.1799 -14.9109 32.1624 2
780 -4.80539 36.9704 -13.1019 37.1375 4
781 -12.2988 33.1799 -14.9109 32.1624 2
782 -4.80539 36.9704 -13.1019 37.1375 4
783 -12.2988 33.1799 -14.9109 32.1624 2
784 -4.80539 36.9704 -13.1019 37.1375 4
785 -12.2988 33.1799 -14.9109 32.1624 2
786 -4.80539 36.9704 -13.1019 37.1375 4
787 -12.2988 33.1799 -14.9109 32.1624 2
788 -4.80539 36.9704 -13.1019 37.1375 4
789 -12.2988 33.1799 -14.9109 32.1624 2
790 -4.80539 36.9704 -13.1019 37.1375 4
791 -12.2988 33.1799 -14.9109 32.1624 2
792 RANDOM
793 -3.56196 39.3572 -12.601 39.7105 4
794 -11.5381 32.9472 -14.4514 32.0106 2
795 -3.56196 39.3572 -12.601 39.7105 4
796 -11.5381 32.9472 -14.4514 32.0106 2
797 -3.56196 39.3572 -12.601 39.7105 4
798 -11.5381 32.9472 -14.4514 32.0106 2
799 -3.56196 39.3572 -12.601 39.7105 4
800 -11.5381 32.9472 -14.4514 32.0106 2
801 -3.56196 39.3572 -12.601 39.7105 4
802 -11.5381 32.9472 -14.4514 32.0106 2
803 -3.56196 39.3572 -12.601 39.7105 4
804 -11.5381 32.9472 -14.4514 32.0106 2
805 -3.56196 39.3572 -12.601 39.7105 4
806 -11.5381 32.9472 -14.4514 32.0106 2
807 -3.56196 39.3572 -12.601 39.7105 4
808 -11.5381 32.9472 -14.4514 32.0106 2
809 -3.56196 39.3572 -12.601 39.7105 4
810 -11.5381 32.9472 -14.4514 32.0106 2
811 -3.56196 39.3572 -12.601 39.7105 4
812 -11.5381 32.9472 -14.4514 32.0106 2
813 -3.56196 39.3572 -12.601 39.7105 4
814 -11.5381 32.9472 -14.4514 32.0106 2
815 -3.56196 39.3572 -12.601 39.7105 4
816 -11.5381 32.9472 -14.4514 32.0106 2
817 -3.56196 39.3572 -12.601 39.7105 4
818 -11.5381 32.9472 -14.4514 32.0106 2
819 -3.56196 39.3572 -12.601 39.7105 4
820 -11.5381 32.9472 -14.4514 32.0106 2
821 -3.56196 39.3572 -12.601 39.7105 4
822 -11.5381 32.9472 -14.4514 32.0106 2
823 -3.56196 39.3572 -12.601 39.7105 4
824 -11.5381 32.9472 -14.4514 32.0106 2
825 -3.56196 39.3572 -12.601 39.7105 4
826 -11.5381 32.9472 -14.4514 32.0106 2
827 -3.56196 39.3572 -12.601 39.7105 4
828 -11.5381 32.9472 -14.4514 32.0106 2
829 -3.56196 39.3572 -12.601 39.7105 4
830 -11.5381 32.9472 -14.4514 32.0106 2
831 -3.56196 39.3572 -12.601 39.7105 4
832 -11.5381 32.9472 -14.4514 32.0106 2
833 -3.56196 39.3572 -12.601 39.7105 4
834 -11.5381 32.9472 -14.4514 32.0106 2
835 -3.56196 39.3572 -12.601 39.7105 4
836 -11.5381 32.9472 -14.4514 32.0106 2
837 -3.56196 39.3572 -12.601 39.7105 4
838 -11.5381 32.9472 -14.4514 32.0106 2
839 -3.56196 39.3572 -12.601 39.7105 4
840 -11.5381 32.9472 -14.4514 32.0106 2
841 -3.56196 39.3572 -12.601 39.7105 4
842 -11.5381 32.9472 -14.4514 32.0106 2
843 -3.56196 39.3572 -12.601 39.7105 4
844 -11.5381 32.9472 -14.4514 32.0106 2
845 -3.56196 39.3572 -12.601 39.7105 4
846 -11.5381 32.9472 -14.4514 32.0106 2
847 -3.56196 39.3572 -12.601 39.7105 4
848 -11.5381 32.9472 -14.4514 32.0106 2
849 -3.56196 39.3572 -12.601 39.7105 4
850 -11.5381 32.9472 -14.4514 32.0106 2
851 -3.56196 39.3572 -12.601 39.7105 4
852 RANDOM
853 -12.2988 33.1799 -14.9109 32.1624 2
854 -4.80539 36.9704 -13.1019 37.1375 4
855 -12.2988 33.1799 -14.9109 32.1624 2
856 -4.80539 36.9704 -13.1019 37.1375 4
857 -12.2988 33.1799 -14.9109 32.1624 2
858 RANDOM
859 -3.56196 39.3572 -12.601 39.7105 4
860 -11.5381 32.9472 -14.4514 32.0106 2
861 -3.56196 39.3572 -12.601 39.7105 4
862 -11.5381 32.9472 -14.4514 32.0106 2
863 -3.56196 39.3572 -12.601 39.7105 4
864 -11.5381 32.9472 -14.4514 32.0106 2
865 -3.56196 39.3572 -12.601 39.7105 4
866 -11.5381 32.9472 -14.4514 32.0106 2
867 -3.56196 39.3572 -12.601 39.7105 4
868 -11.5381 32.9472 -14.4514 32.0106 2
869 -3.56196 39.3572 -12.601 39.7105 4
870 -11.5381 32.9472 -14.4514 32.0106 2
871 -3.56196 39.3572 -12.601 39.7105 4
872 RANDOM
873 -12.2988 33.1799 -14.9109 32.1624 2
874 -4.80539 36.9704 -13.1019 37.1375 4
875 -12.2988 33.1799 -14.9109 32.1624 2
876 -4.80539 36.9704 -13.1019 37.1375 4
877 -12.2988 33.1799 -14.9109 32.1624 2
878 -4.80539 36.9704 -13.1019 37.1375 4
879 -12.2988 33.1799 -14.9109 32.1624 2
880 -4.80539 36.9704 -13.1019 37.1375 4
881 -12.2988 33.1799 -14.9109 32.1624 2
882 -4.80539 36.9704 -13.1019 37.1375 4
883 -12.2988 33.1799 -14.9109 32.1624 2
884 -4.80539 36.9704 -13.1019 37.1375 4
885 -12.2988 33.1799 -14.9109 32.1624 2
886 -4.80539 36.9704 -13.1019 37.1375 4
887 -12.2988 33.1799 -14.9109 32.1624 2
888 -4.80539 36.9704 -13.1019 37.1375 4
889 -12.2988 33.1799 -14.9109 32.1624 2
890 -4.80539 36.9704 -13.1019 37.1375 4
891 RANDOM
892 -12.2224 31.6195 -15.614 31.0591 2
893 -5.88315 36.8716 -13.7262 36.9799 4
894 -12.2224 31.6195 -15.614 31.0591 2
895 -5.88315 36.8716 -13.7262 36.9799 4
896 -12.2224 31.6195 -15.614 31.0591 2
897 -5.88315 36.8716 -13.7262 36.9799 4
898 -12.2224 31.6195 -15.614 31.0591 2
899 -5.88315 36.8716 -13.7262 36.9799 4
900 -12.2224 31.6195 -15.614 31.0591 2
901 -5.88315 36.8716 -13.7262 36.9799 4
902 RANDOM
903 -13.1265 30.8065 -15.6249 30.0877 2
904 -4.03329 37.9293 -13.34 38.7121 4
905 -13.1265 30.8065 -15.6249 30.0877 2
906 -4.03329 37.9293 -13.34 38.7121 4
907 -13.1265 30.8065 -15.6249 30.0877 2
908 RANDOM
909 -1.65 27.7554 -7.86476 27.6922 2
910 -4.61111 30.7331 -11.9281 30.9292 4
