0 54.7786 58.553 46.0823 69.0558 4
1 55.6267 63.2889 41.6519 91.1959 4
2 65.1848 70.4348 52.2904 95.2725 4
3 65.797 71.1298 52.696 96.6995 4
4 66.3211 71.7931 52.9475 98.2683 4
5 66.6323 72.3963 52.7773 100.255 4
6 67.6947 71.5696 55.818 91.1933 4
7 RANDOM
8 68.3195 72.5823 55.9248 94.2962 4
9 68.5328 73.1073 55.729 96.3644 4
10 67.0695 70.2303 56.0672 86.0469 4
11 67.2073 70.5845 56.0062 87.3637 4
12 67.3913 71.0067 55.9606 88.8766 4
13 67.3937 71.3543 55.6931 90.6392 4
14 74.8757 76.8118 62.1195 93.4116 4
15 75.172 77.1927 62.2282 94.4386 4
16 RANDOM
17 76.1206 78.3745 62.675 97.3583 4
18 72.439 74.2541 59.6913 90.6944 4
19 72.7529 74.6501 59.7507 91.825 4
20 73.218 75.2184 59.8958 93.3065 4
21 73.8602 75.9956 60.1574 95.1909 4
22 72.7996 74.7385 59.7158 92.0775 4
23 73.2756 75.2827 59.9243 93.3331 4
24 74.0044 76.0999 60.3026 95.0897 4
25 74.9375 77.1321 60.8585 97.1385 4
26 59.1187 63.136 48.217 69.8079 4
27 58.9521 63.1791 48.0241 69.5828 4
28 59.0339 63.5759 47.9988 69.9616 4
29 59.3823 64.3167 48.1678 70.8767 4
30 52.3285 57.1184 41.9479 57.9765 4
31 52.177 57.3134 41.5651 58.0476 4
32 52.452 58.0244 41.5393 58.7451 4
33 52.8257 58.8615 41.6207 59.5974 4
34 54.6748 57.4884 44.4718 55.0889 2
35 59.8745 59.7423 51.6869 58.7754 1
36 66.6297 65.4755 58.8107 63.6792 1
