0 -259.116 285.908 -893.947 305.496 4
1 RANDOM
2 183.827 290.434 -1457.54 281.253 2
3 -298.701 298.14 -870.673 318.768 4
4 183.827 290.434 -1457.54 281.253 2
5 -298.701 298.14 -870.673 318.768 4
6 183.827 290.434 -1457.54 281.253 2
7 -298.701 298.14 -870.673 318.768 4
8 183.827 290.434 -1457.54 281.253 2
9 -298.701 298.14 -870.673 318.768 4
10 183.827 290.434 -1457.54 281.253 2
11 -298.701 298.14 -870.673 318.768 4
12 183.827 290.434 -1457.54 281.253 2
13 -298.701 298.14 -870.673 318.768 4
14 183.827 290.434 -1457.54 281.253 2
15 -298.701 298.14 -870.673 318.768 4
16 183.827 290.434 -1457.54 281.253 2
17 -298.701 298.14 -870.673 318.768 4
18 183.827 290.434 -1457.54 281.253 2
19 -298.701 298.14 -870.673 318.768 4
20 183.827 290.434 -1457.54 281.253 2
21 -298.701 298.14 -870.673 318.768 4
22 183.827 290.434 -1457.54 281.253 2
23 -298.701 298.14 -870.673 318.768 4
24 RANDOM
25 RANDOM
26 -1.28927 146.423 -1384.84 195.235 4
27 -93.28 85.9558 -1343.58 163.697 4
28 16.8445 201.155 -1516.07 222.547 4
29 -105.634 96.2171 -1433.69 128.774 4
30 -215.561 8.95732 -1345.1 54.929 4
31 -295.878 -34.3376 -1249.47 10.6902 4
32 -32.063 355.143 -1408.2 418.008 4
33 -289.8 191.047 -1234.47 291.978 4
34 RANDOM
35 -582.401 136.808 -812.62 198.757 4
36 -25.5752 461.332 -1202.93 430.799 2
37 -236.45 275.461 -849.522 134.736 2
38 -103.492 280.602 -1069.37 176.751 2
39 52.1028 376.634 -1260.81 307.03 2
40 RANDOM
41 RANDOM
42 429.304 674.156 -1293.99 733.708 4
43 242.794 438.678 -1276.63 354.429 2
44 429.304 674.156 -1293.99 733.708 4
45 242.794 438.678 -1276.63 354.429 2
46 429.304 674.156 -1293.99 733.708 4
47 RANDOM
48 203.647 539.632 -1424.03 505.706 2
49 296.803 513.5 -1256.7 490.463 2
50 429.304 674.156 -1293.99 733.708 4
51 242.794 438.678 -1276.63 354.429 2
52 429.304 674.156 -1293.99 733.708 4
53 242.794 438.678 -1276.63 354.429 2
54 429.304 674.156 -1293.99 733.708 4
55 242.794 438.678 -1276.63 354.429 2
56 429.304 674.156 -1293.99 733.708 4
57 242.794 438.678 -1276.63 354.429 2
58 429.304 674.156 -1293.99 733.708 4
59 242.794 438.678 -1276.63 354.429 2
60 429.304 674.156 -1293.99 733.708 4
61 242.794 438.678 -1276.63 354.429 2
62 429.304 674.156 -1293.99 733.708 4
63 242.794 438.678 -1276.63 354.429 2
64 429.304 674.156 -1293.99 733.708 4
65 242.794 438.678 -1276.63 354.429 2
66 429.304 674.156 -1293.99 733.708 4
67 242.794 438.678 -1276.63 354.429 2
68 429.304 674.156 -1293.99 733.708 4
69 242.794 438.678 -1276.63 354.429 2
70 429.304 674.156 -1293.99 733.708 4
71 242.794 438.678 -1276.63 354.429 2
72 429.304 674.156 -1293.99 733.708 4
73 242.794 438.678 -1276.63 354.429 2
74 429.304 674.156 -1293.99 733.708 4
75 242.794 438.678 -1276.63 354.429 2
76 429.304 674.156 -1293.99 733.708 4
77 242.794 438.678 -1276.63 354.429 2
78 429.304 674.156 -1293.99 733.708 4
79 242.794 438.678 -1276.63 354.429 2
80 429.304 674.156 -1293.99 733.708 4
81 242.794 438.678 -1276.63 354.429 2
82 429.304 674.156 -1293.99 733.708 4
83 242.794 438.678 -1276.63 354.429 2
84 429.304 674.156 -1293.99 733.708 4
85 242.794 438.678 -1276.63 354.429 2
86 429.304 674.156 -1293.99 733.708 4
87 242.794 438.678 -1276.63 354.429 2
88 429.304 674.156 -1293.99 733.708 4
89 242.794 438.678 -1276.63 354.429 2
90 429.304 674.156 -1293.99 733.708 4
91 242.794 438.678 -1276.63 354.429 2
92 429.304 674.156 -1293.99 733.708 4
93 242.794 438.678 -1276.63 354.429 2
94 429.304 674.156 -1293.99 733.708 4
95 242.794 438.678 -1276.63 354.429 2
96 429.304 674.156 -1293.99 733.708 4
97 242.794 438.678 -1276.63 354.429 2
98 429.304 674.156 -1293.99 733.708 4
99 242.794 438.678 -1276.63 354.429 2
100 462.071 701.004 -1315.43 760.58 4
101 276.039 448.851 -1301.22 368.592 2
102 462.071 701.004 -1315.43 760.58 4
103 276.039 448.851 -1301.22 368.592 2
104 462.071 701.004 -1315.43 760.58 4
105 276.039 448.851 -1301.22 368.592 2
106 462.071 701.004 -1315.43 760.58 4
107 276.039 448.851 -1301.22 368.592 2
108 462.071 701.004 -1315.43 760.58 4
109 276.039 448.851 -1301.22 368.592 2
110 462.071 701.004 -1315.43 760.58 4
111 276.039 448.851 -1301.22 368.592 2
112 462.071 701.004 -1315.43 760.58 4
113 276.039 448.851 -1301.22 368.592 2
114 462.071 701.004 -1315.43 760.58 4
115 276.039 448.851 -1301.22 368.592 2
116 462.071 701.004 -1315.43 760.58 4
117 276.039 448.851 -1301.22 368.592 2
118 462.071 701.004 -1315.43 760.58 4
119 276.039 448.851 -1301.22 368.592 2
120 462.071 701.004 -1315.43 760.58 4
121 276.039 448.851 -1301.22 368.592 2
122 462.071 701.004 -1315.43 760.58 4
123 276.039 448.851 -1301.22 368.592 2
124 462.071 701.004 -1315.43 760.58 4
125 276.039 448.851 -1301.22 368.592 2
126 462.071 701.004 -1315.43 760.58 4
127 276.039 448.851 -1301.22 368.592 2
128 RANDOM
129 532.942 901.607 -1312.23 1035.26 4
130 409.8 596.263 -1357.18 533.498 2
131 532.942 901.607 -1312.23 1035.26 4
132 409.8 596.263 -1357.18 533.498 2
133 532.942 901.607 -1312.23 1035.26 4
134 409.8 596.263 -1357.18 533.498 2
135 532.942 901.607 -1312.23 1035.26 4
136 RANDOM
137 276.039 448.851 -1301.22 368.592 2
138 462.071 701.004 -1315.43 760.58 4
139 276.039 448.851 -1301.22 368.592 2
140 462.071 701.004 -1315.43 760.58 4
141 276.039 448.851 -1301.22 368.592 2
142 462.071 701.004 -1315.43 760.58 4
143 276.039 448.851 -1301.22 368.592 2
144 462.071 701.004 -1315.43 760.58 4
145 276.039 448.851 -1301.22 368.592 2
146 462.071 701.004 -1315.43 760.58 4
147 276.039 448.851 -1301.22 368.592 2
148 462.071 701.004 -1315.43 760.58 4
149 276.039 448.851 -1301.22 368.592 2
150 462.071 701.004 -1315.43 760.58 4
151 276.039 448.851 -1301.22 368.592 2
152 462.071 701.004 -1315.43 760.58 4
153 276.039 448.851 -1301.22 368.592 2
154 462.071 701.004 -1315.43 760.58 4
155 276.039 448.851 -1301.22 368.592 2
156 462.071 701.004 -1315.43 760.58 4
157 276.039 448.851 -1301.22 368.592 2
158 462.071 701.004 -1315.43 760.58 4
159 276.039 448.851 -1301.22 368.592 2
160 462.071 701.004 -1315.43 760.58 4
161 276.039 448.851 -1301.22 368.592 2
162 462.071 701.004 -1315.43 760.58 4
163 276.039 448.851 -1301.22 368.592 2
164 462.071 701.004 -1315.43 760.58 4
165 RANDOM
166 244.566 563.298 -1442.81 530.958 2
167 329.268 536.051 -1277.43 512.376 2
168 462.071 701.004 -1315.43 760.58 4
169 276.039 448.851 -1301.22 368.592 2
170 462.071 701.004 -1315.43 760.58 4
171 276.039 448.851 -1301.22 368.592 2
172 462.071 701.004 -1315.43 760.58 4
173 276.039 448.851 -1301.22 368.592 2
174 462.071 701.004 -1315.43 760.58 4
175 276.039 448.851 -1301.22 368.592 2
176 462.071 701.004 -1315.43 760.58 4
177 276.039 448.851 -1301.22 368.592 2
178 462.071 701.004 -1315.43 760.58 4
179 276.039 448.851 -1301.22 368.592 2
180 462.071 701.004 -1315.43 760.58 4
181 276.039 448.851 -1301.22 368.592 2
182 462.071 701.004 -1315.43 760.58 4
183 276.039 448.851 -1301.22 368.592 2
184 462.071 701.004 -1315.43 760.58 4
185 RANDOM
186 244.566 563.298 -1442.81 530.958 2
187 329.268 536.051 -1277.43 512.376 2
188 462.071 701.004 -1315.43 760.58 4
189 276.039 448.851 -1301.22 368.592 2
190 462.071 701.004 -1315.43 760.58 4
191 276.039 448.851 -1301.22 368.592 2
192 462.071 701.004 -1315.43 760.58 4
193 276.039 448.851 -1301.22 368.592 2
194 462.071 701.004 -1315.43 760.58 4
195 276.039 448.851 -1301.22 368.592 2
196 462.071 701.004 -1315.43 760.58 4
197 276.039 448.851 -1301.22 368.592 2
198 462.071 701.004 -1315.43 760.58 4
199 276.039 448.851 -1301.22 368.592 2
200 462.071 701.004 -1315.43 760.58 4
201 276.039 448.851 -1301.22 368.592 2
202 462.071 701.004 -1315.43 760.58 4
203 276.039 448.851 -1301.22 368.592 2
204 462.071 701.004 -1315.43 760.58 4
205 276.039 448.851 -1301.22 368.592 2
206 462.071 701.004 -1315.43 760.58 4
207 276.039 448.851 -1301.22 368.592 2
208 462.071 701.004 -1315.43 760.58 4
209 276.039 448.851 -1301.22 368.592 2
210 462.071 701.004 -1315.43 760.58 4
211 276.039 448.851 -1301.22 368.592 2
212 RANDOM
213 532.942 901.607 -1312.23 1035.26 4
214 409.8 596.263 -1357.18 533.498 2
215 532.942 901.607 -1312.23 1035.26 4
216 409.8 596.263 -1357.18 533.498 2
217 532.942 901.607 -1312.23 1035.26 4
218 RANDOM
219 276.039 448.851 -1301.22 368.592 2
220 462.071 701.004 -1315.43 760.58 4
221 276.039 448.851 -1301.22 368.592 2
222 462.071 701.004 -1315.43 760.58 4
223 276.039 448.851 -1301.22 368.592 2
224 462.071 701.004 -1315.43 760.58 4
225 276.039 448.851 -1301.22 368.592 2
226 462.071 701.004 -1315.43 760.58 4
227 276.039 448.851 -1301.22 368.592 2
228 462.071 701.004 -1315.43 760.58 4
229 276.039 448.851 -1301.22 368.592 2
230 462.071 701.004 -1315.43 760.58 4
231 276.039 448.851 -1301.22 368.592 2
232 462.071 701.004 -1315.43 760.58 4
233 276.039 448.851 -1301.22 368.592 2
234 462.071 701.004 -1315.43 760.58 4
235 276.039 448.851 -1301.22 368.592 2
236 462.071 701.004 -1315.43 760.58 4
237 RANDOM
238 RANDOM
239 -46.0153 301.441 -1304.63 305.26 4
240 -282.558 171.659 -1117.92 201.877 4
241 -436.122 146.241 -901.373 158.468 4
242 -4.62985 450.363 -1233.56 427.218 2
243 -214.364 264.539 -881.475 131.229 2
244 -84.1809 269.536 -1102.78 172.447 2
245 81.2342 390.926 -1283.87 329.61 2
246 303.028 630.29 -1389.74 598.31 2
247 329.268 536.051 -1277.43 512.376 2
248 462.071 701.004 -1315.43 760.58 4
249 276.039 448.851 -1301.22 368.592 2
250 462.071 701.004 -1315.43 760.58 4
251 276.039 448.851 -1301.22 368.592 2
252 462.071 701.004 -1315.43 760.58 4
253 276.039 448.851 -1301.22 368.592 2
254 462.071 701.004 -1315.43 760.58 4
255 276.039 448.851 -1301.22 368.592 2
256 462.071 701.004 -1315.43 760.58 4
257 276.039 448.851 -1301.22 368.592 2
258 462.071 701.004 -1315.43 760.58 4
259 276.039 448.851 -1301.22 368.592 2
260 462.071 701.004 -1315.43 760.58 4
261 276.039 448.851 -1301.22 368.592 2
262 462.071 701.004 -1315.43 760.58 4
263 276.039 448.851 -1301.22 368.592 2
264 462.071 701.004 -1315.43 760.58 4
265 276.039 448.851 -1301.22 368.592 2
266 462.071 701.004 -1315.43 760.58 4
267 276.039 448.851 -1301.22 368.592 2
268 462.071 701.004 -1315.43 760.58 4
269 276.039 448.851 -1301.22 368.592 2
270 462.071 701.004 -1315.43 760.58 4
271 276.039 448.851 -1301.22 368.592 2
272 462.071 701.004 -1315.43 760.58 4
273 276.039 448.851 -1301.22 368.592 2
274 462.071 701.004 -1315.43 760.58 4
275 276.039 448.851 -1301.22 368.592 2
276 462.071 701.004 -1315.43 760.58 4
277 276.039 448.851 -1301.22 368.592 2
278 462.071 701.004 -1315.43 760.58 4
279 276.039 448.851 -1301.22 368.592 2
280 462.071 701.004 -1315.43 760.58 4
281 276.039 448.851 -1301.22 368.592 2
282 462.071 701.004 -1315.43 760.58 4
283 276.039 448.851 -1301.22 368.592 2
284 462.071 701.004 -1315.43 760.58 4
285 276.039 448.851 -1301.22 368.592 2
286 462.071 701.004 -1315.43 760.58 4
287 276.039 448.851 -1301.22 368.592 2
288 462.071 701.004 -1315.43 760.58 4
289 276.039 448.851 -1301.22 368.592 2
290 462.071 701.004 -1315.43 760.58 4
291 276.039 448.851 -1301.22 368.592 2
292 462.071 701.004 -1315.43 760.58 4
293 RANDOM
294 244.566 563.298 -1442.81 530.958 2
295 329.268 536.051 -1277.43 512.376 2
296 462.071 701.004 -1315.43 760.58 4
297 276.039 448.851 -1301.22 368.592 2
298 462.071 701.004 -1315.43 760.58 4
299 276.039 448.851 -1301.22 368.592 2
300 462.071 701.004 -1315.43 760.58 4
301 276.039 448.851 -1301.22 368.592 2
302 462.071 701.004 -1315.43 760.58 4
303 276.039 448.851 -1301.22 368.592 2
304 462.071 701.004 -1315.43 760.58 4
305 276.039 448.851 -1301.22 368.592 2
306 462.071 701.004 -1315.43 760.58 4
307 276.039 448.851 -1301.22 368.592 2
308 462.071 701.004 -1315.43 760.58 4
309 276.039 448.851 -1301.22 368.592 2
310 462.071 701.004 -1315.43 760.58 4
311 276.039 448.851 -1301.22 368.592 2
312 462.071 701.004 -1315.43 760.58 4
313 276.039 448.851 -1301.22 368.592 2
314 462.071 701.004 -1315.43 760.58 4
315 276.039 448.851 -1301.22 368.592 2
316 462.071 701.004 -1315.43 760.58 4
317 276.039 448.851 -1301.22 368.592 2
318 462.071 701.004 -1315.43 760.58 4
319 276.039 448.851 -1301.22 368.592 2
320 462.071 701.004 -1315.43 760.58 4
321 276.039 448.851 -1301.22 368.592 2
322 462.071 701.004 -1315.43 760.58 4
323 276.039 448.851 -1301.22 368.592 2
324 462.071 701.004 -1315.43 760.58 4
325 276.039 448.851 -1301.22 368.592 2
326 462.071 701.004 -1315.43 760.58 4
327 276.039 448.851 -1301.22 368.592 2
328 462.071 701.004 -1315.43 760.58 4
329 276.039 448.851 -1301.22 368.592 2
330 462.071 701.004 -1315.43 760.58 4
331 276.039 448.851 -1301.22 368.592 2
332 462.071 701.004 -1315.43 760.58 4
333 276.039 448.851 -1301.22 368.592 2
334 462.071 701.004 -1315.43 760.58 4
335 276.039 448.851 -1301.22 368.592 2
336 462.071 701.004 -1315.43 760.58 4
337 276.039 448.851 -1301.22 368.592 2
338 RANDOM
339 532.942 901.607 -1312.23 1035.26 4
340 409.8 596.263 -1357.18 533.498 2
341 532.942 901.607 -1312.23 1035.26 4
342 409.8 596.263 -1357.18 533.498 2
343 532.942 901.607 -1312.23 1035.26 4
344 409.8 596.263 -1357.18 533.498 2
345 532.942 901.607 -1312.23 1035.26 4
346 409.8 596.263 -1357.18 533.498 2
347 532.942 901.607 -1312.23 1035.26 4
348 409.8 596.263 -1357.18 533.498 2
349 532.942 901.607 -1312.23 1035.26 4
350 409.8 596.263 -1357.18 533.498 2
351 532.942 901.607 -1312.23 1035.26 4
352 409.8 596.263 -1357.18 533.498 2
353 532.942 901.607 -1312.23 1035.26 4
354 409.8 596.263 -1357.18 533.498 2
355 532.942 901.607 -1312.23 1035.26 4
356 409.8 596.263 -1357.18 533.498 2
357 532.942 901.607 -1312.23 1035.26 4
358 409.8 596.263 -1357.18 533.498 2
359 532.942 901.607 -1312.23 1035.26 4
360 409.8 596.263 -1357.18 533.498 2
361 532.942 901.607 -1312.23 1035.26 4
362 409.8 596.263 -1357.18 533.498 2
363 532.942 901.607 -1312.23 1035.26 4
364 409.8 596.263 -1357.18 533.498 2
365 532.942 901.607 -1312.23 1035.26 4
366 409.8 596.263 -1357.18 533.498 2
367 532.942 901.607 -1312.23 1035.26 4
368 409.8 596.263 -1357.18 533.498 2
369 532.942 901.607 -1312.23 1035.26 4
370 409.8 596.263 -1357.18 533.498 2
371 532.942 901.607 -1312.23 1035.26 4
372 409.8 596.263 -1357.18 533.498 2
373 532.942 901.607 -1312.23 1035.26 4
374 409.8 596.263 -1357.18 533.498 2
375 532.942 901.607 -1312.23 1035.26 4
376 409.8 596.263 -1357.18 533.498 2
377 532.942 901.607 -1312.23 1035.26 4
378 409.8 596.263 -1357.18 533.498 2
379 532.942 901.607 -1312.23 1035.26 4
380 409.8 596.263 -1357.18 533.498 2
381 532.942 901.607 -1312.23 1035.26 4
382 409.8 596.263 -1357.18 533.498 2
383 532.942 901.607 -1312.23 1035.26 4
384 409.8 596.263 -1357.18 533.498 2
385 532.942 901.607 -1312.23 1035.26 4
386 409.8 596.263 -1357.18 533.498 2
387 532.942 901.607 -1312.23 1035.26 4
388 409.8 596.263 -1357.18 533.498 2
389 532.942 901.607 -1312.23 1035.26 4
390 409.8 596.263 -1357.18 533.498 2
391 532.942 901.607 -1312.23 1035.26 4
392 409.8 596.263 -1357.18 533.498 2
393 RANDOM
394 546.1 957.011 -1323.7 1113.03 4
395 530.979 960.689 -1331.84 946.937 2
396 546.1 957.011 -1323.7 1113.03 4
397 530.979 960.689 -1331.84 946.937 2
398 546.1 957.011 -1323.7 1113.03 4
399 530.979 960.689 -1331.84 946.937 2
400 546.1 957.011 -1323.7 1113.03 4
401 530.979 960.689 -1331.84 946.937 2
402 546.1 957.011 -1323.7 1113.03 4
403 530.979 960.689 -1331.84 946.937 2
404 546.1 957.011 -1323.7 1113.03 4
405 530.979 960.689 -1331.84 946.937 2
406 RANDOM
407 205.493 422.745 -1380.07 507.084 4
408 RANDOM
