0 47.8726 56.1052 42.1528 63.5305 4
1 45.8216 60.2777 36.2865 78.2756 4
2 50.8774 61.4329 42.2769 76.1944 4
3 51.1565 61.8304 42.4209 76.9363 4
4 51.3757 62.2712 42.4535 77.9017 4
5 51.5396 62.935 42.2874 79.4168 4
6 52.2475 61.5066 44.3825 73.9635 4
7 52.3105 61.7238 44.2893 74.5797 4
8 52.4201 62.0803 44.1971 75.5011 4
9 52.5198 62.5867 44.025 76.8472 4
10 51.4104 59.4258 43.7514 70.0816 4
11 51.5291 59.8336 43.7074 71.0862 4
12 51.6604 60.3836 43.6624 72.4386 4
13 51.6991 60.8704 43.4774 73.7912 4
14 53.3055 59.0891 44.0025 68.3453 4
15 53.216 59.1135 43.7837 68.6723 4
16 53.2133 59.2742 43.5965 69.2607 4
17 53.3072 59.5778 43.5084 70.0829 4
18 51.3553 56.0925 42.6078 63.416 4
19 51.4412 56.3574 42.5308 64.0763 4
20 51.6252 56.7844 42.458 65.0858 4
21 51.9374 57.409 42.4786 66.4256 4
22 49.9089 54.7159 41.0803 62.1337 4
23 49.9724 54.8826 40.965 62.623 4
24 50.213 55.3161 40.9585 63.562 4
25 50.6105 56.0009 41.0587 64.932 4
26 43.8531 51.0776 36.2712 49.4479 2
27 53.0176 55.803 48.1773 56.1061 4
28 43.8531 51.0776 36.2712 49.4479 2
29 53.0176 55.803 48.1773 56.1061 4
30 RANDOM
31 43.6899 51.2182 36.1455 49.406 2
32 49.927 51.8722 45.4579 48.6377 2
33 53.0176 55.803 48.1773 56.1061 4
34 43.8531 51.0776 36.2712 49.4479 2
35 53.0176 55.803 48.1773 56.1061 4
36 43.8531 51.0776 36.2712 49.4479 2
37 53.0176 55.803 48.1773 56.1061 4
38 43.8531 51.0776 36.2712 49.4479 2
39 53.0176 55.803 48.1773 56.1061 4
40 44.0446 51.2444 36.4705 49.5996 2
41 53.2224 55.99 48.4345 56.2455 4
42 44.0446 51.2444 36.4705 49.5996 2
43 53.2224 55.99 48.4345 56.2455 4
44 44.0446 51.2444 36.4705 49.5996 2
45 53.2224 55.99 48.4345 56.2455 4
46 44.0446 51.2444 36.4705 49.5996 2
47 53.2224 55.99 48.4345 56.2455 4
48 44.0446 51.2444 36.4705 49.5996 2
49 53.2224 55.99 48.4345 56.2455 4
50 44.0446 51.2444 36.4705 49.5996 2
51 53.2224 55.99 48.4345 56.2455 4
52 44.0446 51.2444 36.4705 49.5996 2
53 53.2224 55.99 48.4345 56.2455 4
54 44.0446 51.2444 36.4705 49.5996 2
55 53.2224 55.99 48.4345 56.2455 4
56 44.0446 51.2444 36.4705 49.5996 2
57 53.2224 55.99 48.4345 56.2455 4
58 44.0446 51.2444 36.4705 49.5996 2
59 53.2224 55.99 48.4345 56.2455 4
60 44.0446 51.2444 36.4705 49.5996 2
61 53.2224 55.99 48.4345 56.2455 4
62 44.0446 51.2444 36.4705 49.5996 2
63 53.2224 55.99 48.4345 56.2455 4
64 44.0446 51.2444 36.4705 49.5996 2
65 53.2224 55.99 48.4345 56.2455 4
66 44.0446 51.2444 36.4705 49.5996 2
67 53.2224 55.99 48.4345 56.2455 4
68 44.0446 51.2444 36.4705 49.5996 2
69 RANDOM
70 54.0786 56.7307 50.0671 56.1462 2
71 55.3201 58.0179 52.2968 56.6398 2
72 56.5109 59.2663 54.385 57.2368 2
73 57.7463 60.4152 56.542 57.666 2
74 59.2925 61.8191 58.9889 58.4083 2
75 60.5463 62.9926 61.0304 59.0088 2
76 61.5405 63.8553 62.4755 59.5223 2
77 58.8159 61.6908 58.3281 58.7939 2
78 59.6586 62.4547 60.0148 58.8861 2
79 60.666 63.2756 61.6402 59.1844 2
80 61.5707 64.0586 63.0913 59.5883 2
81 61.7627 64.7804 62.6847 61.1588 2
82 62.9928 65.6675 64.4744 61.4983 2
83 63.7741 66.2344 65.5577 61.7703 2
84 64.3969 66.6903 66.3989 61.9935 2
85 61.4471 64.8234 60.7174 62.7947 2
86 62.7646 65.8099 63.1891 62.7512 2
87 63.57 66.3572 64.3697 62.8405 2
88 63.8111 66.488 64.6404 62.8309 2
89 59.855 64.349 57.9693 63.8748 2
90 RANDOM
91 62.8614 65.9047 62.877 63.1047 2
92 RANDOM
93 52.6473 59.1606 49.0733 61.5689 4
94 RANDOM
95 52.9823 60.9908 46.0231 70.8912 4
96 53.033 61.3401 45.8733 71.8156 4
97 53.0542 61.8579 45.6637 73.1936 4
98 53.8884 60.4554 47.5861 67.5258 4
99 53.7849 60.5192 47.3967 67.9678 4
100 54.9272 61.9163 48.3945 69.9275 4
101 54.6017 62.1664 47.7884 71.2957 4
102 54.0618 59.2487 48.4518 63.8309 4
103 53.7514 59.326 47.8448 64.712 4
104 53.3706 59.5279 47.3205 65.8983 4
105 53.0333 59.8845 46.8161 67.4071 4
106 53.1782 57.7354 45.5801 63.6739 4
107 52.7843 57.5095 45.0165 63.8158 4
108 52.5975 57.53 44.5982 64.3399 4
109 52.4573 57.6224 44.2205 64.9923 4
110 51.6218 55.7011 44.0102 61.0236 4
111 51.4605 55.72 43.6619 61.4461 4
112 51.3533 55.8212 43.2978 62.0842 4
113 51.4753 56.2 43.1169 63.1041 4
114 50.3523 54.9266 41.8904 61.6819 4
115 50.4185 55.0825 41.7911 62.13 4
116 50.6008 55.463 41.7248 63.027 4
117 50.9483 56.0986 41.7831 64.3425 4
118 44.3266 51.4884 36.7611 49.828 2
119 53.6978 56.4236 49.0221 56.5737 4
120 44.3266 51.4884 36.7611 49.828 2
121 53.6978 56.4236 49.0221 56.5737 4
122 44.3266 51.4884 36.7611 49.828 2
123 53.6978 56.4236 49.0221 56.5737 4
124 44.3266 51.4884 36.7611 49.828 2
125 53.6978 56.4236 49.0221 56.5737 4
126 44.3266 51.4884 36.7611 49.828 2
127 53.6978 56.4236 49.0221 56.5737 4
128 44.3266 51.4884 36.7611 49.828 2
129 53.6978 56.4236 49.0221 56.5737 4
130 44.3266 51.4884 36.7611 49.828 2
131 53.6978 56.4236 49.0221 56.5737 4
132 RANDOM
133 44.1599 51.6261 36.632 49.7848 2
134 50.7743 52.6521 46.4647 49.2775 2
135 53.6978 56.4236 49.0221 56.5737 4
136 44.3266 51.4884 36.7611 49.828 2
137 53.6978 56.4236 49.0221 56.5737 4
138 44.3266 51.4884 36.7611 49.828 2
139 53.6978 56.4236 49.0221 56.5737 4
140 44.3266 51.4884 36.7611 49.828 2
141 53.6978 56.4236 49.0221 56.5737 4
142 44.3266 51.4884 36.7611 49.828 2
143 53.6978 56.4236 49.0221 56.5737 4
144 44.3266 51.4884 36.7611 49.828 2
145 53.6978 56.4236 49.0221 56.5737 4
146 44.3266 51.4884 36.7611 49.828 2
147 53.6978 56.4236 49.0221 56.5737 4
148 44.3266 51.4884 36.7611 49.828 2
149 RANDOM
150 54.5963 57.2091 50.7206 56.5073 2
151 55.8606 58.5307 53.0224 57.0164 2
152 57.0616 59.8141 55.1697 57.6246 2
153 58.351 61.0112 57.3661 58.1152 2
154 59.9257 62.4649 59.8866 58.8845 2
155 61.2125 63.6751 61.967 59.5227 2
156 62.2369 64.5923 63.5319 60.0618 2
157 60.0145 62.8451 59.8966 59.6631 2
158 60.9451 63.7118 61.699 59.8687 2
159 61.9555 64.5676 63.4287 60.1861 2
160 62.7861 65.3002 64.8503 60.5359 2
161 63.0026 65.964 64.325 62.04 2
162 64.208 66.8624 66.2116 62.3833 2
163 65.0357 67.4889 67.4342 62.6715 2
164 65.7559 67.9959 68.4068 62.8991 3
165 58.3763 62.2406 57.0271 60.809 2
