0 23.6197 32.3024 18.0576 40.7534 4
1 24.7978 37.8429 15.328 52.6519 4
2 24.7617 34.6239 16.4253 46.7915 4
3 24.8742 34.8664 16.5077 47.1731 4
4 25.1822 35.4033 16.6966 47.9797 4
5 25.652 36.2779 16.981 49.314 4
6 22.6527 31.1406 15.7218 41.4127 4
7 22.5399 31.1432 15.6501 41.5152 4
8 22.6503 31.4938 15.6768 42.1359 4
9 22.7783 31.9165 15.6628 42.9075 4
10 20.5412 27.9474 14.1911 37.3642 4
11 20.9127 28.7004 14.2854 38.5767 4
12 21.1572 29.1898 14.2719 39.4069 4
13 21.4363 29.7447 14.2906 40.3502 4
14 19.3455 25.933 11.9807 34.7096 4
15 19.2143 25.9623 11.8208 34.8568 4
16 19.0974 26.0397 11.6744 35.0717 4
17 19.0005 26.1681 11.5275 35.3711 4
18 18.1134 23.2312 11.9788 30.1033 4
19 18.1006 23.4123 11.8728 30.4677 4
20 18.116 23.7217 11.7495 31.0695 4
21 18.2042 24.1356 11.6728 31.8214 4
22 16.5786 21.2671 11.4407 26.8935 4
23 16.45 21.2051 11.3526 26.8104 4
24 16.3647 21.2999 11.2271 27.0107 4
25 16.3368 21.5127 11.1244 27.4089 4
26 12.951 18.7693 8.27579 21.8516 4
27 12.9104 18.8204 8.23777 21.872 4
28 12.938 19.0412 8.23834 22.1331 4
29 RANDOM
30 12.4344 17.6663 7.73299 19.6484 4
31 RANDOM
32 12.8476 18.3465 7.87689 20.4095 4
33 13.1428 18.8357 7.98189 20.9941 4
34 13.3287 15.9352 10.2073 16.2087 4
35 13.715 16.5453 10.3588 17.106 4
36 14.1738 17.2433 10.5185 18.0936 4
37 14.6946 18.0398 10.6586 19.1787 4
38 15.2492 17.3872 12.8555 17.6821 4
39 15.6173 17.7027 13.3373 17.9622 4
40 15.7353 17.8847 13.3275 18.2379 4
41 16.1291 18.3872 13.5031 18.8747 4
42 9.87812 12.0638 8.18019 10.5212 2
43 19.3103 18.0711 18.7 17.0272 1
44 RANDOM
