0 -15.3523 29.0439 18.5464 30.9888 4
1 -15.3523 29.0439 18.5464 30.9888 4
2 -15.3523 29.0439 18.5464 30.9888 4
3 -15.3523 29.0439 18.5464 30.9888 4
4 -15.3523 29.0439 18.5464 30.9888 4
5 -15.3523 29.0439 18.5464 30.9888 4
6 -15.3523 29.0439 18.5464 30.9888 4
7 -15.3523 29.0439 18.5464 30.9888 4
8 -15.3523 29.0439 18.5464 30.9888 4
9 -15.3523 29.0439 18.5464 30.9888 4
10 -15.3523 29.0439 18.5464 30.9888 4
11 -15.3523 29.0439 18.5464 30.9888 4
12 -15.3523 29.0439 18.5464 30.9888 4
13 -15.3523 29.0439 18.5464 30.9888 4
14 -15.3523 29.0439 18.5464 30.9888 4
15 -15.3523 29.0439 18.5464 30.9888 4
16 -15.3523 29.0439 18.5464 30.9888 4
17 -15.3523 29.0439 18.5464 30.9888 4
18 -15.3523 29.0439 18.5464 30.9888 4
19 -15.3523 29.0439 18.5464 30.9888 4
20 -15.3523 29.0439 18.5464 30.9888 4
21 -15.3523 29.0439 18.5464 30.9888 4
22 -15.3523 29.0439 18.5464 30.9888 4
23 -15.3523 29.0439 18.5464 30.9888 4
24 RANDOM
25 -15.3523 29.0439 18.5464 30.9888 4
26 -15.3523 29.0439 18.5464 30.9888 4
27 -15.3523 29.0439 18.5464 30.9888 4
28 -15.3523 29.0439 18.5464 30.9888 4
29 -15.3523 29.0439 18.5464 30.9888 4
30 -15.3523 29.0439 18.5464 30.9888 4
31 -15.3523 29.0439 18.5464 30.9888 4
32 -15.3523 29.0439 18.5464 30.9888 4
33 -15.3523 29.0439 18.5464 30.9888 4
34 -15.3523 29.0439 18.5464 30.9888 4
35 -15.3523 29.0439 18.5464 30.9888 4
36 -15.3523 29.0439 18.5464 30.9888 4
37 -15.3523 29.0439 18.5464 30.9888 4
38 -15.3523 29.0439 18.5464 30.9888 4
39 -15.3523 29.0439 18.5464 30.9888 4
40 -15.3523 29.0439 18.5464 30.9888 4
41 -15.3523 29.0439 18.5464 30.9888 4
42 -7.51908 13.6538 -83.1974 18.1507 4
43 -5.29249 14.5912 -90.4402 19.0413 4
44 -3.48308 15.2328 -98.9956 19.2567 4
45 -1.51453 14.6354 -109.485 17.2568 4
46 -13.0495 8.12271 -67.3904 11.5239 4
47 -13.1951 6.91051 -62.2108 10.1596 4
48 RANDOM
49 -9.41675 5.70396 -58.2979 9.07731 4
50 -5.86213 0.712133 -87.4906 -5.75898 2
51 -18.8005 0.602428 -11.2743 -1.21306 2
52 -19.3057 -5.56482 -18.8907 -8.00689 2
53 -17.4963 -5.7633 -23.7939 -7.5286 2
54 -15.8487 -5.16068 -27.7246 -5.29911 2
55 -16.0452 -2.12712 -47.9565 -2.02353 4
56 -8.67294 4.54827 -67.1421 5.63895 4
57 -9.10989 4.30341 -63.6442 5.78054 4
58 -8.69886 2.3002 -61.1976 3.02631 4
59 -8.22651 0.339255 -59.8263 0.0519917 2
60 -19.3057 -5.56482 -18.8907 -8.00689 2
61 -17.4963 -5.7633 -23.7939 -7.5286 2
62 -15.8487 -5.16068 -27.7246 -5.29911 2
63 -16.0452 -2.12712 -47.9565 -2.02353 4
64 -8.67294 4.54827 -67.1421 5.63895 4
65 -9.10989 4.30341 -63.6442 5.78054 4
66 -8.69886 2.3002 -61.1976 3.02631 4
67 -8.22651 0.339255 -59.8263 0.0519917 2
68 -19.3057 -5.56482 -18.8907 -8.00689 2
69 -17.4963 -5.7633 -23.7939 -7.5286 2
70 -15.8487 -5.16068 -27.7246 -5.29911 2
71 -16.0452 -2.12712 -47.9565 -2.02353 4
72 -8.67294 4.54827 -67.1421 5.63895 4
73 -9.10989 4.30341 -63.6442 5.78054 4
74 -8.69886 2.3002 -61.1976 3.02631 4
75 -8.22651 0.339255 -59.8263 0.0519917 2
76 -19.3057 -5.56482 -18.8907 -8.00689 2
77 -17.4963 -5.7633 -23.7939 -7.5286 2
78 -15.8487 -5.16068 -27.7246 -5.29911 2
79 RANDOM
80 -15.9461 -3.59513 -41.4249 -3.5134 4
81 -1.60635 6.27236 -106.34 3.05822 2
82 -15.9461 -3.59513 -41.4249 -3.5134 4
83 -1.60635 6.27236 -106.34 3.05822 2
84 -15.9461 -3.59513 -41.4249 -3.5134 4
85 -1.60635 6.27236 -106.34 3.05822 2
86 -15.9461 -3.59513 -41.4249 -3.5134 4
87 -1.60635 6.27236 -106.34 3.05822 2
88 -15.9461 -3.59513 -41.4249 -3.5134 4
89 -1.60635 6.27236 -106.34 3.05822 2
90 -15.9461 -3.59513 -41.4249 -3.5134 4
91 -1.60635 6.27236 -106.34 3.05822 2
92 -15.9461 -3.59513 -41.4249 -3.5134 4
93 -1.60635 6.27236 -106.34 3.05822 2
94 -15.9461 -3.59513 -41.4249 -3.5134 4
95 -1.60635 6.27236 -106.34 3.05822 2
96 -15.9461 -3.59513 -41.4249 -3.5134 4
97 -1.60635 6.27236 -106.34 3.05822 2
98 -15.9461 -3.59513 -41.4249 -3.5134 4
99 RANDOM
100 -8.67294 4.54827 -67.1421 5.63895 4
101 -9.10989 4.30341 -63.6442 5.78054 4
102 -8.69886 2.3002 -61.1976 3.02631 4
103 -8.22651 0.339255 -59.8263 0.0519917 2
104 -19.3057 -5.56482 -18.8907 -8.00689 2
105 -17.4963 -5.7633 -23.7939 -7.5286 2
106 -15.8487 -5.16068 -27.7246 -5.29911 2
107 -16.0452 -2.12712 -47.9565 -2.02353 4
108 -8.67294 4.54827 -67.1421 5.63895 4
109 -9.10989 4.30341 -63.6442 5.78054 4
110 -8.69886 2.3002 -61.1976 3.02631 4
111 -8.22651 0.339255 -59.8263 0.0519917 2
112 -19.3057 -5.56482 -18.8907 -8.00689 2
113 -17.4963 -5.7633 -23.7939 -7.5286 2
114 -15.8487 -5.16068 -27.7246 -5.29911 2
115 -16.0452 -2.12712 -47.9565 -2.02353 4
116 -8.67294 4.54827 -67.1421 5.63895 4
117 RANDOM
118 -8.69886 2.3002 -61.1976 3.02631 4
119 -8.22651 0.339255 -59.8263 0.0519917 2
120 -19.3057 -5.56482 -18.8907 -8.00689 2
121 -17.4963 -5.7633 -23.7939 -7.5286 2
122 -15.8487 -5.16068 -27.7246 -5.29911 2
123 -16.0452 -2.12712 -47.9565 -2.02353 4
124 -8.67294 4.54827 -67.1421 5.63895 4
125 -9.10989 4.30341 -63.6442 5.78054 4
126 -8.69886 2.3002 -61.1976 3.02631 4
127 -8.22651 0.339255 -59.8263 0.0519917 2
128 -19.3057 -5.56482 -18.8907 -8.00689 2
129 -17.4963 -5.7633 -23.7939 -7.5286 2
130 -15.8487 -5.16068 -27.7246 -5.29911 2
131 -16.0452 -2.12712 -47.9565 -2.02353 4
132 RANDOM
133 -9.10989 4.30341 -63.6442 5.78054 4
134 -8.69886 2.3002 -61.1976 3.02631 4
135 -8.22651 0.339255 -59.8263 0.0519917 2
136 -19.3057 -5.56482 -18.8907 -8.00689 2
137 -17.4963 -5.7633 -23.7939 -7.5286 2
138 -15.8487 -5.16068 -27.7246 -5.29911 2
139 -16.0452 -2.12712 -47.9565 -2.02353 4
140 -8.67294 4.54827 -67.1421 5.63895 4
141 -9.10989 4.30341 -63.6442 5.78054 4
142 -8.69886 2.3002 -61.1976 3.02631 4
143 -8.22651 0.339255 -59.8263 0.0519917 2
144 -19.3057 -5.56482 -18.8907 -8.00689 2
145 -17.4963 -5.7633 -23.7939 -7.5286 2
146 -15.8487 -5.16068 -27.7246 -5.29911 2
147 -16.0452 -2.12712 -47.9565 -2.02353 4
148 -8.67294 4.54827 -67.1421 5.63895 4
149 -9.10989 4.30341 -63.6442 5.78054 4
150 -8.69886 2.3002 -61.1976 3.02631 4
151 -8.22651 0.339255 -59.8263 0.0519917 2
152 -19.3057 -5.56482 -18.8907 -8.00689 2
153 -17.4963 -5.7633 -23.7939 -7.5286 2
154 -15.8487 -5.16068 -27.7246 -5.29911 2
155 -16.0452 -2.12712 -47.9565 -2.02353 4
156 RANDOM
157 -9.10989 4.30341 -63.6442 5.78054 4
158 -8.69886 2.3002 -61.1976 3.02631 4
159 RANDOM
160 RANDOM
161 -18.6246 -6.00479 -21.2208 -8.22881 2
162 -17.6251 -6.17514 -43.8362 -8.12363 2
