0 145.726 149.6 140.754 160.04 4
1 RANDOM
2 154.142 156.657 142.065 174.502 4
3 154.79 157.242 142.123 175.725 4
4 155.638 158.029 142.256 177.271 4
5 156.949 159.405 142.794 179.725 4
6 153.905 156.829 142.931 174.131 4
7 154.951 157.78 143.119 175.906 4
8 156.524 159.267 143.647 178.545 4
9 158.529 161.22 144.35 182.054 4
10 164.645 167.13 150.019 188.991 4
11 166.276 168.835 151.25 191.464 4
12 168.616 171.276 153.031 195.014 4
13 171.879 174.697 155.488 200.026 4
14 168.176 170.632 153.122 193.455 4
15 169.398 171.905 154.018 195.341 4
16 171.118 173.702 155.304 197.972 4
17 174.091 176.807 157.583 202.439 4
18 165.491 167.773 151.7 188.686 4
19 167.563 169.932 153.256 191.847 4
20 170.358 172.829 155.389 195.991 4
21 174.327 176.937 158.452 201.793 4
22 167.965 170.347 153.494 192.511 4
23 169.766 172.21 154.896 195.116 4
24 172.859 175.4 157.318 199.545 4
25 RANDOM
26 165.201 167.868 153.19 186.27 4
27 166.899 169.653 154.574 188.716 4
28 169.284 172.141 156.465 192.138 4
29 172.525 175.539 158.917 196.917 4
30 173.925 177.42 162.163 196.263 4
31 RANDOM
32 182.734 186.611 169.114 208.308 4
33 189.388 193.518 174.294 217.325 4
34 173.172 178.857 164.776 195.069 4
35 176.355 182.325 167.447 199.468 4
36 181.255 187.569 171.494 206.108 4
37 188.159 194.804 177.068 215.303 4
38 RANDOM
39 175.415 181.304 166.562 197.763 4
40 180.664 186.845 171.176 204.308 4
41 187.878 194.395 177.253 213.491 4
42 170.083 178.486 165.08 194.672 4
43 173.958 182.763 168.454 199.609 4
44 180.363 189.79 174.04 207.624 4
45 189.661 199.584 181.743 218.738 4
46 175.101 185.808 172.068 204.135 4
47 176.77 187.746 173.364 206.349 4
48 182.38 193.872 178.034 213.126 4
49 192.641 204.905 186.692 225.21 4
50 196.371 210.416 192.716 232.834 4
51 196.371 210.416 192.716 232.834 4
