0 653.46 1546.09 -597.159 1484.24 2
1 689.341 1510.74 -628.021 1455.8 2
2 720.196 1521.75 -634.816 1482.01 2
3 470.629 1567.53 -358.296 1462.79 2
4 526.75 1516.0 -379.033 1413.9 2
5 547.901 1529.15 -356.131 1432.65 2
6 698.242 1433.08 -420.919 1377.39 2
7 497.061 1475.73 -234.297 1403.9 2
8 506.534 1422.88 -204.618 1332.87 2
9 499.813 1427.08 -174.37 1324.91 2
10 564.86 1376.43 -111.97 1251.29 2
11 586.639 1403.61 -146.144 1300.6 2
12 601.409 1407.76 -116.144 1284.01 2
13 613.449 1414.03 -91.3944 1270.4 2
14 742.099 1382.72 37.9581 1202.47 2
15 597.066 1449.64 -193.873 1317.36 2
16 610.635 1476.96 -91.0954 1314.56 2
17 610.313 1504.74 -18.5683 1320.8 2
18 692.146 1494.56 101.648 1283.57 2
19 RANDOM
20 704.031 1488.26 -46.3544 1452.58 2
21 726.536 1498.68 45.4283 1413.82 2
22 880.764 1450.74 269.048 1260.75 2
23 707.216 1619.63 357.199 1601.92 2
24 802.182 1618.18 464.587 1494.93 2
25 819.509 1604.63 471.103 1437.68 2
26 855.816 1545.57 538.141 1314.35 2
27 843.169 1560.48 537.604 1458.09 2
28 940.236 1559.3 652.96 1346.09 2
29 985.956 1550.99 725.669 1292.72 2
30 1125.01 1570.52 998.693 1292.34 2
31 749.536 1508.91 688.359 1456.25 2
32 896.891 1523.78 895.054 1379.34 2
33 994.403 1575.7 1076.52 1410.64 2
34 1160.67 1642.17 1359.1 1449.55 2
35 744.88 1570.18 751.917 1592.12 4
36 1100.3 1440.62 1422.08 1358.25 2
37 744.88 1570.18 751.917 1592.12 4
38 RANDOM
39 946.244 1393.31 1198.77 1336.34 2
40 1195.59 1632.33 1406.78 1439.01 2
41 761.65 1539.15 774.073 1560.48 4
42 1160.81 1421.22 1496.17 1338.34 3
43 1168.84 1526.74 1460.09 1387.09 2
