0 9.44634 40.9274 26.6463 42.8032 4
1 9.44634 40.9274 26.6463 42.8032 4
2 9.44634 40.9274 26.6463 42.8032 4
3 9.44634 40.9274 26.6463 42.8032 4
4 9.44634 40.9274 26.6463 42.8032 4
5 9.44634 40.9274 26.6463 42.8032 4
6 9.44634 40.9274 26.6463 42.8032 4
7 9.44634 40.9274 26.6463 42.8032 4
8 9.44634 40.9274 26.6463 42.8032 4
9 9.44634 40.9274 26.6463 42.8032 4
10 9.44634 40.9274 26.6463 42.8032 4
11 9.44634 40.9274 26.6463 42.8032 4
12 9.44634 40.9274 26.6463 42.8032 4
13 9.44634 40.9274 26.6463 42.8032 4
14 9.44634 40.9274 26.6463 42.8032 4
15 9.44634 40.9274 26.6463 42.8032 4
16 9.44634 40.9274 26.6463 42.8032 4
17 9.44634 40.9274 26.6463 42.8032 4
18 9.44634 40.9274 26.6463 42.8032 4
19 9.44634 40.9274 26.6463 42.8032 4
20 9.44634 40.9274 26.6463 42.8032 4
21 9.44634 40.9274 26.6463 42.8032 4
22 9.44634 40.9274 26.6463 42.8032 4
23 9.44634 40.9274 26.6463 42.8032 4
24 9.44634 40.9274 26.6463 42.8032 4
25 9.44634 40.9274 26.6463 42.8032 4
26 9.44634 40.9274 26.6463 42.8032 4
27 9.44634 40.9274 26.6463 42.8032 4
28 9.44634 40.9274 26.6463 42.8032 4
29 9.44634 40.9274 26.6463 42.8032 4
30 9.44634 40.9274 26.6463 42.8032 4
31 9.44634 40.9274 26.6463 42.8032 4
32 9.44634 40.9274 26.6463 42.8032 4
33 9.44634 40.9274 26.6463 42.8032 4
34 9.44634 40.9274 26.6463 42.8032 4
35 9.44634 40.9274 26.6463 42.8032 4
36 9.44634 40.9274 26.6463 42.8032 4
37 9.44634 40.9274 26.6463 42.8032 4
38 9.44634 40.9274 26.6463 42.8032 4
39 9.44634 40.9274 26.6463 42.8032 4
40 9.44634 40.9274 26.6463 42.8032 4
41 9.44634 40.9274 26.6463 42.8032 4
42 15.3312 76.2448 16.9634 106.044 4
43 16.9089 85.0284 21.2869 113.395 4
44 18.8515 96.408 26.9894 123.131 4
45 21.6243 110.827 35.1681 134.732 4
46 10.2133 59.4657 5.72938 94.9497 4
47 9.42489 54.6161 7.04832 87.062 4
48 8.72251 50.2978 8.22246 80.0378 4
49 8.47191 46.8531 9.81054 73.5996 4
50 70.9418 178.8 143.109 147.039 2
51 9.44634 40.9274 26.6463 42.8032 4
52 70.9418 178.8 143.109 147.039 2
53 9.44634 40.9274 26.6463 42.8032 4
54 70.9418 178.8 143.109 147.039 2
55 9.44634 40.9274 26.6463 42.8032 4
56 70.9418 178.8 143.109 147.039 2
57 9.44634 40.9274 26.6463 42.8032 4
58 70.9418 178.8 143.109 147.039 2
59 RANDOM
60 9.44634 40.9274 26.6463 42.8032 4
61 9.86197 48.6966 17.0498 65.4158 4
62 70.9418 178.8 143.109 147.039 2
63 9.44634 40.9274 26.6463 42.8032 4
64 70.9418 178.8 143.109 147.039 2
65 9.44634 40.9274 26.6463 42.8032 4
66 70.9418 178.8 143.109 147.039 2
67 9.44634 40.9274 26.6463 42.8032 4
68 70.9418 178.8 143.109 147.039 2
69 9.44634 40.9274 26.6463 42.8032 4
70 70.9418 178.8 143.109 147.039 2
71 9.44634 40.9274 26.6463 42.8032 4
72 70.9418 178.8 143.109 147.039 2
73 9.44634 40.9274 26.6463 42.8032 4
74 70.9418 178.8 143.109 147.039 2
75 9.44634 40.9274 26.6463 42.8032 4
76 70.9418 178.8 143.109 147.039 2
77 9.44634 40.9274 26.6463 42.8032 4
78 70.9418 178.8 143.109 147.039 2
79 9.44634 40.9274 26.6463 42.8032 4
80 70.9418 178.8 143.109 147.039 2
81 9.44634 40.9274 26.6463 42.8032 4
82 70.9418 178.8 143.109 147.039 2
83 9.44634 40.9274 26.6463 42.8032 4
84 70.9418 178.8 143.109 147.039 2
85 9.44634 40.9274 26.6463 42.8032 4
86 70.9418 178.8 143.109 147.039 2
87 9.44634 40.9274 26.6463 42.8032 4
88 70.9418 178.8 143.109 147.039 2
89 9.44634 40.9274 26.6463 42.8032 4
90 70.9418 178.8 143.109 147.039 2
91 9.44634 40.9274 26.6463 42.8032 4
92 70.9418 178.8 143.109 147.039 2
93 9.44634 40.9274 26.6463 42.8032 4
94 70.9418 178.8 143.109 147.039 2
95 9.44634 40.9274 26.6463 42.8032 4
96 70.9418 178.8 143.109 147.039 2
97 9.44634 40.9274 26.6463 42.8032 4
98 70.9418 178.8 143.109 147.039 2
99 9.44634 40.9274 26.6463 42.8032 4
100 70.9418 178.8 143.109 147.039 2
101 9.44634 40.9274 26.6463 42.8032 4
102 70.9418 178.8 143.109 147.039 2
103 9.44634 40.9274 26.6463 42.8032 4
104 70.9418 178.8 143.109 147.039 2
105 9.44634 40.9274 26.6463 42.8032 4
106 70.9418 178.8 143.109 147.039 2
107 9.44634 40.9274 26.6463 42.8032 4
108 70.9418 178.8 143.109 147.039 2
109 9.44634 40.9274 26.6463 42.8032 4
110 70.9418 178.8 143.109 147.039 2
111 9.44634 40.9274 26.6463 42.8032 4
112 70.9418 178.8 143.109 147.039 2
113 9.44634 40.9274 26.6463 42.8032 4
114 70.9418 178.8 143.109 147.039 2
115 9.44634 40.9274 26.6463 42.8032 4
116 70.9418 178.8 143.109 147.039 2
117 9.44634 40.9274 26.6463 42.8032 4
118 70.9418 178.8 143.109 147.039 2
119 9.44634 40.9274 26.6463 42.8032 4
120 70.9418 178.8 143.109 147.039 2
121 9.44634 40.9274 26.6463 42.8032 4
122 70.9418 178.8 143.109 147.039 2
123 9.44634 40.9274 26.6463 42.8032 4
124 70.9418 178.8 143.109 147.039 2
125 9.44634 40.9274 26.6463 42.8032 4
126 70.9418 178.8 143.109 147.039 2
127 9.44634 40.9274 26.6463 42.8032 4
128 70.9418 178.8 143.109 147.039 2
129 9.44634 40.9274 26.6463 42.8032 4
130 70.9418 178.8 143.109 147.039 2
131 9.44634 40.9274 26.6463 42.8032 4
132 70.9418 178.8 143.109 147.039 2
133 9.44634 40.9274 26.6463 42.8032 4
134 70.9418 178.8 143.109 147.039 2
135 9.44634 40.9274 26.6463 42.8032 4
136 70.9418 178.8 143.109 147.039 2
137 9.44634 40.9274 26.6463 42.8032 4
138 70.9418 178.8 143.109 147.039 2
139 9.44634 40.9274 26.6463 42.8032 4
140 70.9418 178.8 143.109 147.039 2
141 9.44634 40.9274 26.6463 42.8032 4
142 70.9418 178.8 143.109 147.039 2
143 9.44634 40.9274 26.6463 42.8032 4
144 70.9418 178.8 143.109 147.039 2
145 9.44634 40.9274 26.6463 42.8032 4
146 70.9418 178.8 143.109 147.039 2
147 9.44634 40.9274 26.6463 42.8032 4
148 70.9418 178.8 143.109 147.039 2
149 9.44634 40.9274 26.6463 42.8032 4
150 70.9418 178.8 143.109 147.039 2
151 9.44634 40.9274 26.6463 42.8032 4
152 70.9418 178.8 143.109 147.039 2
153 9.44634 40.9274 26.6463 42.8032 4
154 70.9418 178.8 143.109 147.039 2
155 9.44634 40.9274 26.6463 42.8032 4
156 70.9418 178.8 143.109 147.039 2
157 9.44634 40.9274 26.6463 42.8032 4
158 70.9418 178.8 143.109 147.039 2
159 9.44634 40.9274 26.6463 42.8032 4
160 70.9418 178.8 143.109 147.039 2
161 9.44634 40.9274 26.6463 42.8032 4
162 70.9418 178.8 143.109 147.039 2
163 9.44634 40.9274 26.6463 42.8032 4
164 70.9418 178.8 143.109 147.039 2
165 9.44634 40.9274 26.6463 42.8032 4
166 RANDOM
167 9.44634 40.9274 26.6463 42.8032 4
168 RANDOM
