0 8.24316 41.48 27.0356 43.5977 4
1 8.24316 41.48 27.0356 43.5977 4
2 8.24316 41.48 27.0356 43.5977 4
3 8.24316 41.48 27.0356 43.5977 4
4 8.24316 41.48 27.0356 43.5977 4
5 8.24316 41.48 27.0356 43.5977 4
6 8.24316 41.48 27.0356 43.5977 4
7 8.24316 41.48 27.0356 43.5977 4
8 8.24316 41.48 27.0356 43.5977 4
9 8.24316 41.48 27.0356 43.5977 4
10 8.24316 41.48 27.0356 43.5977 4
11 8.24316 41.48 27.0356 43.5977 4
12 8.24316 41.48 27.0356 43.5977 4
13 8.24316 41.48 27.0356 43.5977 4
14 8.24316 41.48 27.0356 43.5977 4
15 8.24316 41.48 27.0356 43.5977 4
16 8.24316 41.48 27.0356 43.5977 4
17 8.24316 41.48 27.0356 43.5977 4
18 8.24316 41.48 27.0356 43.5977 4
19 8.24316 41.48 27.0356 43.5977 4
20 8.24316 41.48 27.0356 43.5977 4
21 8.24316 41.48 27.0356 43.5977 4
22 RANDOM
23 8.24316 41.48 27.0356 43.5977 4
24 8.24316 41.48 27.0356 43.5977 4
25 8.24316 41.48 27.0356 43.5977 4
26 8.24316 41.48 27.0356 43.5977 4
27 RANDOM
28 8.24316 41.48 27.0356 43.5977 4
29 8.24316 41.48 27.0356 43.5977 4
30 8.24316 41.48 27.0356 43.5977 4
31 8.24316 41.48 27.0356 43.5977 4
32 8.24316 41.48 27.0356 43.5977 4
33 8.24316 41.48 27.0356 43.5977 4
34 8.24316 41.48 27.0356 43.5977 4
35 8.24316 41.48 27.0356 43.5977 4
36 8.24316 41.48 27.0356 43.5977 4
37 8.24316 41.48 27.0356 43.5977 4
38 8.24316 41.48 27.0356 43.5977 4
39 8.24316 41.48 27.0356 43.5977 4
40 8.24316 41.48 27.0356 43.5977 4
41 8.24316 41.48 27.0356 43.5977 4
42 7.73709 61.4747 14.2499 99.2973 4
43 8.22692 67.7623 18.1347 104.813 4
44 8.47491 75.3325 22.5729 112.078 4
45 9.01737 85.2318 29.7245 120.279 4
46 5.80959 51.6251 6.46318 92.1225 4
47 5.60621 47.3926 7.52222 84.655 4
48 5.23577 43.756 8.60425 78.0232 4
49 4.89258 40.1328 9.77372 71.3158 4
50 42.14 119.771 106.928 102.467 2
51 8.24316 41.48 27.0356 43.5977 4
52 42.14 119.771 106.928 102.467 2
53 8.24316 41.48 27.0356 43.5977 4
54 42.14 119.771 106.928 102.467 2
55 8.24316 41.48 27.0356 43.5977 4
56 42.14 119.771 106.928 102.467 2
57 8.24316 41.48 27.0356 43.5977 4
58 42.14 119.771 106.928 102.467 2
59 8.24316 41.48 27.0356 43.5977 4
60 42.14 119.771 106.928 102.467 2
61 8.24316 41.48 27.0356 43.5977 4
62 RANDOM
63 8.24316 41.48 27.0356 43.5977 4
64 33.8918 109.964 94.6793 98.6828 2
