0 27.9845 25.7642 28.2202 28.309 4
1 36.3354 33.543 36.3943 36.8111 4
2 33.0445 30.4823 33.1755 33.4666 4
3 34.0467 31.4164 34.1613 34.488 4
4 RANDOM
5 37.8386 34.949 37.8913 38.3512 4
6 32.1531 29.6516 32.3027 32.5588 4
7 33.1061 30.5401 33.239 33.5304 4
8 34.9769 32.2835 35.0797 35.4371 4
9 37.3732 34.5161 37.4385 37.8788 4
10 RANDOM
11 34.4266 31.7682 34.5634 34.8786 4
12 36.1654 33.3882 36.2783 36.6513 4
13 38.6201 35.6752 38.6995 39.1538 4
14 RANDOM
15 33.4279 30.8354 33.6077 33.8639 4
16 35.1856 32.4743 35.3425 35.6576 4
17 RANDOM
18 RANDOM
19 34.16 31.5156 34.3512 34.6125 4
20 35.6366 32.8917 35.8167 36.1202 4
21 RANDOM
22 34.1363 31.4932 34.3422 34.5905 4
23 34.9895 32.2881 35.1898 35.4617 4
24 36.7098 33.8913 36.8981 37.2184 4
25 39.0238 36.0478 39.1961 39.5815 4
26 RANDOM
27 33.466 30.8616 33.7078 33.9041 4
28 35.0438 32.3314 35.2784 35.5155 4
29 RANDOM
30 32.5157 29.9681 32.8015 32.9326 4
31 RANDOM
32 35.2471 32.5097 35.5321 35.7216 4
33 RANDOM
34 35.1359 32.3946 35.454 35.6019 4
35 36.365 33.5364 36.6946 36.8572 4
36 38.2924 35.3268 38.6382 38.8254 4
37 40.853 37.7059 41.2167 41.44 4
38 RANDOM
39 38.3986 35.4141 38.7887 38.931 4
40 40.6293 37.4844 41.0411 41.2076 4
41 43.5883 40.2308 44.0281 44.2275 4
42 RANDOM
43 55.8825 51.5781 56.4613 56.7131 4
44 66.3815 61.2938 67.07 67.399 4
