0 -427.877 249.668 -525.583 164.939 2
1 -419.966 249.47 -533.548 170.653 2
2 -416.605 259.538 -525.222 177.042 2
3 -534.632 249.358 -435.459 173.591 2
4 -520.301 240.025 -428.677 152.233 2
5 -515.687 248.536 -414.214 148.512 2
6 -442.525 240.611 -477.857 167.326 2
7 -456.045 230.841 -437.314 143.45 2
8 -461.87 213.351 -433.605 117.598 2
9 -469.513 225.618 -432.784 127.059 2
10 -469.049 222.453 -437.695 131.073 2
11 -452.333 102.215 -402.476 -29.0553 2
12 -446.101 94.8873 -406.976 -42.3988 2
13 -440.491 94.637 -417.213 -44.8644 2
14 -405.732 109.03 -416.402 -33.8852 2
15 -406.014 120.774 -488.904 15.356 2
16 -399.695 105.473 -472.826 -20.5194 2
17 -405.306 100.095 -466.143 -37.9233 2
18 -391.932 109.535 -445.469 -37.4877 2
19 -380.478 141.846 -443.652 33.6952 2
20 -382.478 134.257 -449.875 24.3099 2
21 -385.231 137.821 -447.537 24.6624 2
22 -353.249 138.395 -411.659 -2.77701 2
23 -292.157 104.199 -315.469 -93.7287 2
24 -243.366 85.4483 -297.754 -146.767 2
25 -252.698 88.9329 -309.134 -141.789 2
26 -246.915 98.6658 -281.307 -144.286 2
27 -270.248 79.1683 -265.767 -173.209 2
28 -192.103 65.3704 -220.675 -225.319 2
29 -171.863 64.2015 -202.016 -235.379 2
30 -133.087 77.2771 -128.41 -244.196 2
31 -327.084 106.917 -201.685 -103.905 2
32 RANDOM
33 -234.074 88.1875 -107.893 -169.037 2
34 -191.153 126.468 -19.9429 -149.004 2
35 -388.847 139.595 -244.377 -24.9337 2
36 -354.684 133.538 -198.549 -53.5653 2
37 -316.04 117.487 -145.987 -88.2289 2
38 -260.304 133.445 -26.386 -93.7636 2
39 -252.002 38.3528 -102.182 -167.935 2
40 -233.223 60.3165 -79.242 -157.417 2
41 -205.392 69.9764 -61.7429 -158.583 2
42 -151.834 85.7613 -4.54298 -161.632 2
43 -199.212 64.6851 -20.0237 -158.582 2
44 -168.969 78.2737 -9.81055 -158.798 2
45 -145.353 89.4312 -3.27906 -157.762 2
46 -65.4088 109.666 80.2297 -162.154 2
47 -41.1356 87.5791 -69.27 -215.046 2
48 -53.7484 80.7066 -80.344 -222.079 2
49 -96.7383 68.9749 -111.111 -221.553 2
50 -131.895 67.6497 -124.271 -211.856 2
51 -131.895 67.6497 -124.271 -211.856 2
