0 -152.969 449.502 -708.198 388.302 2
1 -119.449 442.134 -737.877 380.022 2
2 -96.9237 451.693 -752.632 386.519 2
3 -225.436 444.824 -577.387 426.731 2
4 -185.288 424.173 -579.779 388.649 2
5 -171.825 436.921 -561.87 385.505 2
6 -75.3417 413.622 -615.02 364.178 2
7 -179.207 468.68 -528.516 467.255 2
8 -161.331 454.834 -515.148 441.554 2
9 RANDOM
10 -85.0089 515.4 -455.437 494.644 2
11 -50.9347 419.102 -460.096 369.635 2
12 -25.2057 419.058 -452.313 355.212 2
13 -4.93418 432.123 -443.513 357.53 2
14 95.8554 504.956 -359.279 419.453 2
15 -52.1505 418.698 -562.907 359.075 2
16 -29.5675 443.559 -495.198 359.318 2
17 -22.2684 476.574 -445.308 377.451 2
18 69.9418 542.182 -341.058 428.468 2
19 -5.27647 575.155 -415.981 563.485 2
20 25.0517 602.988 -383.385 574.29 2
21 52.0666 618.05 -337.169 571.212 2
22 193.451 663.838 -181.826 578.369 2
23 144.303 742.79 -36.881 682.973 2
24 RANDOM
25 243.543 736.513 14.8434 615.239 2
26 302.351 750.385 80.2196 601.411 2
27 287.545 767.713 113.146 651.065 2
28 408.415 774.458 192.748 609.998 2
29 438.785 763.393 226.951 582.053 2
30 560.264 835.965 417.808 623.026 2
31 228.422 739.312 197.777 696.284 2
32 386.512 748.774 335.776 647.103 2
33 446.835 783.389 440.633 659.111 2
34 632.252 878.679 680.595 711.834 2
35 RANDOM
36 266.207 811.225 336.999 774.38 2
37 368.767 844.732 468.559 781.573 2
38 587.0 905.866 731.979 807.794 2
39 398.901 789.49 478.917 728.814 2
40 513.026 813.537 571.972 720.977 2
41 612.84 819.766 639.959 692.722 2
42 781.536 831.778 767.279 653.485 2
43 623.857 800.153 697.776 699.228 2
44 707.535 810.757 741.665 674.903 2
45 773.402 827.897 767.547 661.817 2
46 930.14 935.53 923.463 748.971 2
47 788.707 939.883 632.447 729.231 2
48 745.502 919.095 590.552 703.452 2
49 662.42 897.052 524.04 692.277 2
50 630.642 872.252 494.475 668.086 2
51 630.642 872.252 494.475 668.086 2
