0 8.75786 40.1951 26.0584 42.1697 4
1 8.75786 40.1951 26.0584 42.1697 4
2 8.75786 40.1951 26.0584 42.1697 4
3 8.75786 40.1951 26.0584 42.1697 4
4 8.75786 40.1951 26.0584 42.1697 4
5 8.75786 40.1951 26.0584 42.1697 4
6 8.75786 40.1951 26.0584 42.1697 4
7 8.75786 40.1951 26.0584 42.1697 4
8 8.75786 40.1951 26.0584 42.1697 4
9 8.75786 40.1951 26.0584 42.1697 4
10 8.75786 40.1951 26.0584 42.1697 4
11 8.75786 40.1951 26.0584 42.1697 4
12 8.75786 40.1951 26.0584 42.1697 4
13 8.75786 40.1951 26.0584 42.1697 4
14 8.75786 40.1951 26.0584 42.1697 4
15 8.75786 40.1951 26.0584 42.1697 4
16 8.75786 40.1951 26.0584 42.1697 4
17 8.75786 40.1951 26.0584 42.1697 4
18 8.75786 40.1951 26.0584 42.1697 4
19 8.75786 40.1951 26.0584 42.1697 4
20 8.75786 40.1951 26.0584 42.1697 4
21 8.75786 40.1951 26.0584 42.1697 4
22 8.75786 40.1951 26.0584 42.1697 4
23 8.75786 40.1951 26.0584 42.1697 4
24 8.75786 40.1951 26.0584 42.1697 4
25 8.75786 40.1951 26.0584 42.1697 4
26 8.75786 40.1951 26.0584 42.1697 4
27 8.75786 40.1951 26.0584 42.1697 4
28 8.75786 40.1951 26.0584 42.1697 4
29 8.75786 40.1951 26.0584 42.1697 4
30 8.75786 40.1951 26.0584 42.1697 4
31 8.75786 40.1951 26.0584 42.1697 4
32 8.75786 40.1951 26.0584 42.1697 4
33 8.75786 40.1951 26.0584 42.1697 4
34 8.75786 40.1951 26.0584 42.1697 4
35 8.75786 40.1951 26.0584 42.1697 4
36 8.75786 40.1951 26.0584 42.1697 4
37 8.75786 40.1951 26.0584 42.1697 4
38 8.75786 40.1951 26.0584 42.1697 4
39 8.75786 40.1951 26.0584 42.1697 4
40 8.75786 40.1951 26.0584 42.1697 4
41 8.75786 40.1951 26.0584 42.1697 4
42 11.4067 67.2073 13.9792 101.235 4
43 12.3388 74.4002 17.8405 107.335 4
44 RANDOM
45 14.8128 95.0104 29.7533 124.813 4
46 8.1037 54.4965 4.94822 92.4666 4
47 7.54638 49.8968 6.207 84.7028 4
48 6.99479 45.9643 7.42827 77.9074 4
49 6.45801 42.0243 8.71032 71.0039 4
50 54.147 142.547 119.937 119.157 2
51 8.75786 40.1951 26.0584 42.1697 4
52 54.147 142.547 119.937 119.157 2
53 8.75786 40.1951 26.0584 42.1697 4
54 54.147 142.547 119.937 119.157 2
55 8.75786 40.1951 26.0584 42.1697 4
56 54.147 142.547 119.937 119.157 2
57 8.75786 40.1951 26.0584 42.1697 4
58 54.147 142.547 119.937 119.157 2
59 8.75786 40.1951 26.0584 42.1697 4
60 54.147 142.547 119.937 119.157 2
61 8.75786 40.1951 26.0584 42.1697 4
62 54.147 142.547 119.937 119.157 2
63 8.75786 40.1951 26.0584 42.1697 4
64 54.147 142.547 119.937 119.157 2
65 8.75786 40.1951 26.0584 42.1697 4
66 54.147 142.547 119.937 119.157 2
67 8.75786 40.1951 26.0584 42.1697 4
68 54.147 142.547 119.937 119.157 2
69 8.75786 40.1951 26.0584 42.1697 4
70 54.147 142.547 119.937 119.157 2
71 8.75786 40.1951 26.0584 42.1697 4
72 54.147 142.547 119.937 119.157 2
73 8.75786 40.1951 26.0584 42.1697 4
74 54.147 142.547 119.937 119.157 2
75 8.75786 40.1951 26.0584 42.1697 4
76 54.147 142.547 119.937 119.157 2
77 8.75786 40.1951 26.0584 42.1697 4
78 54.147 142.547 119.937 119.157 2
79 8.75786 40.1951 26.0584 42.1697 4
80 54.147 142.547 119.937 119.157 2
81 RANDOM
82 8.75786 40.1951 26.0584 42.1697 4
83 7.53552 42.3911 14.3378 62.7625 4
84 54.147 142.547 119.937 119.157 2
85 8.75786 40.1951 26.0584 42.1697 4
86 54.147 142.547 119.937 119.157 2
87 8.75786 40.1951 26.0584 42.1697 4
88 54.147 142.547 119.937 119.157 2
89 8.75786 40.1951 26.0584 42.1697 4
90 54.147 142.547 119.937 119.157 2
91 8.75786 40.1951 26.0584 42.1697 4
92 54.147 142.547 119.937 119.157 2
93 8.75786 40.1951 26.0584 42.1697 4
94 54.147 142.547 119.937 119.157 2
95 8.75786 40.1951 26.0584 42.1697 4
96 54.147 142.547 119.937 119.157 2
97 8.75786 40.1951 26.0584 42.1697 4
98 54.147 142.547 119.937 119.157 2
99 8.75786 40.1951 26.0584 42.1697 4
100 54.147 142.547 119.937 119.157 2
101 8.75786 40.1951 26.0584 42.1697 4
102 54.147 142.547 119.937 119.157 2
103 8.75786 40.1951 26.0584 42.1697 4
104 54.147 142.547 119.937 119.157 2
105 8.75786 40.1951 26.0584 42.1697 4
106 54.147 142.547 119.937 119.157 2
107 8.75786 40.1951 26.0584 42.1697 4
108 54.147 142.547 119.937 119.157 2
109 8.75786 40.1951 26.0584 42.1697 4
110 54.147 142.547 119.937 119.157 2
111 8.75786 40.1951 26.0584 42.1697 4
112 54.147 142.547 119.937 119.157 2
113 8.75786 40.1951 26.0584 42.1697 4
114 54.147 142.547 119.937 119.157 2
115 8.75786 40.1951 26.0584 42.1697 4
116 54.147 142.547 119.937 119.157 2
117 8.75786 40.1951 26.0584 42.1697 4
118 54.147 142.547 119.937 119.157 2
119 8.75786 40.1951 26.0584 42.1697 4
120 54.147 142.547 119.937 119.157 2
121 8.75786 40.1951 26.0584 42.1697 4
122 54.147 142.547 119.937 119.157 2
123 8.75786 40.1951 26.0584 42.1697 4
124 54.147 142.547 119.937 119.157 2
125 8.75786 40.1951 26.0584 42.1697 4
126 54.147 142.547 119.937 119.157 2
127 8.75786 40.1951 26.0584 42.1697 4
128 54.147 142.547 119.937 119.157 2
129 8.75786 40.1951 26.0584 42.1697 4
130 54.147 142.547 119.937 119.157 2
131 8.75786 40.1951 26.0584 42.1697 4
132 54.147 142.547 119.937 119.157 2
133 8.75786 40.1951 26.0584 42.1697 4
134 54.147 142.547 119.937 119.157 2
135 8.75786 40.1951 26.0584 42.1697 4
136 54.147 142.547 119.937 119.157 2
137 8.75786 40.1951 26.0584 42.1697 4
138 54.147 142.547 119.937 119.157 2
139 8.75786 40.1951 26.0584 42.1697 4
140 54.147 142.547 119.937 119.157 2
141 8.75786 40.1951 26.0584 42.1697 4
142 54.147 142.547 119.937 119.157 2
143 8.75786 40.1951 26.0584 42.1697 4
144 54.147 142.547 119.937 119.157 2
145 8.75786 40.1951 26.0584 42.1697 4
146 54.147 142.547 119.937 119.157 2
147 8.75786 40.1951 26.0584 42.1697 4
148 54.147 142.547 119.937 119.157 2
149 8.75786 40.1951 26.0584 42.1697 4
150 54.147 142.547 119.937 119.157 2
151 8.75786 40.1951 26.0584 42.1697 4
152 54.147 142.547 119.937 119.157 2
153 8.75786 40.1951 26.0584 42.1697 4
154 54.147 142.547 119.937 119.157 2
155 8.75786 40.1951 26.0584 42.1697 4
156 54.147 142.547 119.937 119.157 2
157 8.75786 40.1951 26.0584 42.1697 4
158 54.147 142.547 119.937 119.157 2
159 8.75786 40.1951 26.0584 42.1697 4
160 54.147 142.547 119.937 119.157 2
161 8.75786 40.1951 26.0584 42.1697 4
162 RANDOM
163 8.75786 40.1951 26.0584 42.1697 4
164 45.1556 131.335 106.175 112.937 2
