0 62.5665 63.3323 63.7799 64.1116 4
1 66.9611 67.4491 67.7725 68.1259 4
2 65.3346 65.9178 66.3031 66.6218 4
3 65.6418 66.2125 66.5832 66.9138 4
4 66.0586 66.6062 66.9641 67.2996 4
5 66.7575 67.2586 67.6007 67.936 4
6 64.7199 65.3364 65.7479 66.0494 4
7 65.1884 65.7815 66.175 66.4887 4
8 65.9994 66.5446 66.9114 67.2345 4
9 67.3837 67.8425 68.1656 68.5077 4
10 65.998 66.5521 66.8992 67.2547 4
11 65.9957 66.5527 66.8992 67.2563 4
12 66.4123 66.9431 67.2762 67.6377 4
13 67.512 67.9761 68.2733 68.6513 4
14 65.3458 65.9509 66.3142 66.6821 4
15 65.4399 66.0377 66.402 66.7645 4
16 65.818 66.3927 66.749 67.1092 4
17 66.6842 67.2072 67.5372 67.9066 4
18 64.8837 65.5233 65.8888 66.2709 4
19 RANDOM
20 65.9515 66.5599 66.8785 67.3178 4
21 67.8863 68.4409 68.6619 69.2188 4
22 65.3977 66.0393 66.3773 66.8068 4
23 65.3438 65.9897 66.3297 66.7584 4
24 66.2278 66.85 67.1476 67.6296 4
25 68.0107 68.5833 68.7875 69.3819 4
26 66.727 67.3628 67.6378 68.1658 4
27 67.0797 67.7084 67.9655 68.5166 4
28 67.9369 68.5459 68.7593 69.3657 4
29 69.5478 70.1144 70.2444 70.9567 4
30 66.6826 67.3577 67.6653 68.1785 4
31 67.4599 68.1118 68.3819 68.9411 4
32 69.0408 69.65 69.8402 70.4967 4
33 RANDOM
34 70.1501 70.7889 70.9933 71.6701 4
35 70.5434 71.1797 71.3572 72.0693 4
36 71.7829 72.3965 72.5157 73.3047 4
37 74.2892 74.8544 74.8604 75.8022 4
38 RANDOM
39 72.4773 73.1406 73.3899 74.0595 4
40 75.3338 76.0017 76.1545 76.9869 4
41 80.5517 81.2381 81.2192 82.346 4
42 77.5622 78.2609 78.8171 79.1701 4
43 RANDOM
44 83.2826 84.0457 84.2977 85.1272 4
45 88.4706 89.2777 89.3422 90.4952 4
46 76.9795 77.8038 79.0976 78.5641 3
47 68.0135 68.7532 69.7699 69.4256 3
