0 105.702 815.609 -364.421 655.804 2
1 138.711 804.9 -391.212 649.391 2
2 167.499 825.041 -405.263 694.891 2
3 -2.80642 879.39 -131.214 811.302 2
4 42.4885 844.015 -139.967 759.745 2
5 57.3279 867.326 -112.303 768.176 2
6 171.492 833.187 -163.624 736.865 2
7 81.0349 1013.63 18.1513 1000.7 2
8 102.178 1014.65 42.2335 988.544 2
9 109.445 1028.78 63.0456 998.752 2
10 175.31 1096.6 151.579 1075.72 2
11 206.241 977.324 99.4896 927.193 2
12 229.742 974.488 112.646 907.537 2
13 242.993 1004.02 139.031 925.923 2
14 351.536 1073.72 266.878 995.138 2
15 222.755 999.019 20.4596 928.581 2
16 237.96 1026.67 101.887 927.93 2
17 238.477 1072.9 163.991 959.096 2
18 325.934 1143.77 298.403 1028.94 2
19 259.744 1178.18 207.209 1174.38 2
20 290.955 1211.96 254.485 1190.21 2
21 316.46 1228.78 320.915 1191.21 2
22 473.712 1285.15 543.453 1226.72 2
23 352.144 1387.9 692.144 1356.64 2
24 450.129 1389.42 765.553 1314.49 2
25 RANDOM
26 522.458 1402.57 849.665 1291.98 2
27 487.72 1437.2 883.743 1374.85 2
28 609.423 1434.59 975.969 1327.01 2
29 651.893 1410.11 1021.18 1281.05 2
30 783.842 1500.09 1278.23 1361.68 2
31 426.029 1358.24 979.191 1363.67 4
32 864.585 1549.68 1633.17 1539.72 3
33 825.995 1489.49 1422.04 1399.06 2
