0 39.0147 45.6391 32.3821 54.4067 4
1 38.3315 49.3286 28.4692 66.7213 4
2 39.7308 48.6072 31.077 62.6262 4
3 39.8912 48.9128 31.1759 63.179 4
4 40.1743 49.3968 31.3331 64.0376 4
5 40.553 50.1667 31.5651 65.4565 4
6 39.8915 47.3923 31.8709 59.0869 4
7 39.7843 47.5011 31.7411 59.5033 4
8 39.7416 47.7882 31.6576 60.2547 4
9 RANDOM
10 35.0911 42.2235 28.2513 53.3061 4
11 35.5308 43.0688 28.4988 54.8465 4
12 35.8132 43.6919 28.599 56.0907 4
13 36.2303 44.5696 28.8013 57.7467 4
14 33.2486 38.4517 25.4918 47.9903 4
15 33.1176 38.4208 25.3107 48.1516 4
16 33.0964 38.5479 25.1933 48.5707 4
17 33.1839 38.82 25.145 49.2151 4
18 30.4145 34.437 24.2258 41.4135 4
19 30.5766 34.7621 24.2199 42.06 4
20 30.7587 35.195 24.2011 42.9508 4
21 RANDOM
22 28.8364 32.5966 23.3517 38.7015 4
23 28.7464 32.5688 23.2367 38.7918 4
24 28.8571 32.8333 23.2044 39.365 4
25 29.0554 33.2705 23.2121 40.2534 4
26 26.3563 30.6435 19.6919 32.58 4
27 26.4584 30.7997 19.6031 32.7539 4
28 26.7808 31.2431 19.6417 33.3321 4
29 27.4224 32.0818 19.857 34.4198 4
30 24.4911 28.542 17.3253 28.8597 4
31 24.8631 29.0565 17.3782 29.4225 4
32 25.4392 29.7721 17.5939 30.1826 4
33 26.1718 30.688 17.8777 31.2083 4
34 25.3507 27.3042 20.059 26.3511 2
35 26.6983 27.4243 23.5902 26.5047 2
36 26.7733 27.3517 23.8221 26.2503 2
37 27.1448 27.592 24.1931 26.4238 2
38 27.6723 28.0612 24.6793 26.9315 2
39 28.3022 29.1415 25.4883 28.5688 2
40 28.9447 29.618 26.2401 28.8605 2
41 29.8311 30.4011 27.222 29.4135 2
42 30.5953 31.1199 28.0417 29.9973 2
43 32.3074 33.2606 30.0978 32.6671 2
44 RANDOM
45 34.7829 35.6162 33.169 34.221 2
46 35.9222 36.7524 34.463 35.1646 2
47 37.2282 37.8888 36.0312 35.8859 2
48 38.3171 38.9729 37.629 36.4549 2
49 39.4492 40.1196 39.0427 37.4519 2
50 40.3036 40.9717 40.0456 38.2391 2
51 37.0006 37.9035 35.5064 36.3367 2
52 38.1921 39.0072 37.1817 36.9025 2
53 39.7143 40.4211 39.0529 37.9579 2
54 41.0337 41.7228 40.548 39.1639 2
55 39.5274 40.8372 38.2163 39.3871 2
56 41.3585 42.3378 40.3877 40.3034 2
57 42.7924 43.5945 41.9925 41.2225 2
58 44.1317 44.8642 43.5304 42.3235 2
59 40.8707 42.4961 39.0479 41.7035 2
60 42.5618 43.7717 41.0624 42.3454 2
61 43.6666 44.6849 42.3983 42.8871 2
62 44.1642 45.1538 42.9719 43.2449 2
63 39.4745 42.2716 36.9263 43.0647 4
64 36.6625 40.5598 30.8054 46.5858 4
65 36.4727 40.4432 30.6276 46.5766 4
66 36.4835 40.7898 30.5516 47.3754 4
67 36.7098 41.6732 30.5588 49.1508 4
68 32.8493 36.9139 28.2358 42.1188 4
69 32.911 37.3867 28.1494 43.2077 4
70 33.0993 38.1195 28.1082 44.7996 4
71 33.2708 38.867 28.0364 46.4574 4
72 31.1154 34.5969 25.6664 40.2492 4
73 30.9368 34.514 25.4143 40.3491 4
74 30.7897 34.5093 25.143 40.6166 4
75 30.637 34.5274 24.8432 40.9543 4
76 30.0116 32.5015 25.568 36.323 4
77 29.9924 32.6144 25.433 36.679 4
78 29.9914 32.8152 25.2613 37.2498 4
79 30.0221 33.1092 25.0863 38.007 4
80 28.355 31.1762 23.8762 35.3478 4
81 28.1845 31.0839 23.63 35.4086 4
82 28.0926 31.1371 23.3986 35.7447 4
83 28.2119 31.4983 23.3482 36.5339 4
84 26.5378 29.6336 20.9704 30.8168 4
85 26.5526 29.7273 20.8419 30.9298 4
86 26.6644 30.0093 20.7551 31.3339 4
87 27.0015 30.5878 20.8096 32.1398 4
88 24.44 27.7912 17.7346 27.8583 4
89 24.6714 28.182 17.686 28.2748 4
90 RANDOM
91 25.8561 29.6524 18.0979 29.8388 4
92 25.1512 27.1141 19.8455 26.1696 2
93 26.4973 27.229 23.3785 26.327 2
94 26.5541 27.1431 23.6023 26.0591 2
95 26.9099 27.3777 23.9593 26.2283 2
96 27.4001 27.8113 24.4096 26.7021 2
97 28.047 28.9058 25.222 28.3566 2
98 28.9447 29.618 26.2401 28.8605 2
99 29.8311 30.4011 27.222 29.4135 2
100 31.1403 31.6132 28.6582 30.4021 2
101 32.8134 33.7476 30.7272 33.0543 2
102 34.0726 34.9328 32.3491 33.7764 2
103 35.521 36.3233 34.0313 34.8302 2
104 36.746 37.5566 35.4511 35.8749 2
105 38.0975 38.7323 37.0586 36.6418 2
106 39.1949 39.8294 38.6916 37.203 2
107 40.3377 41.0051 40.151 38.2021 2
108 41.2538 41.9164 41.2277 39.0366 2
109 38.3599 39.2216 37.0764 37.5108 2
110 39.5214 40.3121 38.7199 38.0558 2
111 40.8749 41.5794 40.4432 38.9591 2
112 RANDOM
113 40.7514 42.0092 39.6123 40.3358 2
114 42.552 43.465 41.7624 41.1986 2
115 43.9883 44.7558 43.3939 42.2038 2
116 45.3214 46.0244 44.9405 43.3414 2
117 42.2123 43.8187 40.6689 42.6973 2
118 43.9426 45.1093 42.7071 43.3752 2
119 RANDOM
120 45.3234 46.2604 44.3364 44.1012 2
121 40.1842 43.0588 37.8761 43.5834 4
122 37.2686 41.1302 31.4034 47.0806 4
123 37.0444 40.9969 31.1947 47.0742 4
124 37.0523 41.3454 31.116 47.8854 4
125 37.2862 42.2443 31.1313 49.6862 4
126 33.2148 37.3321 28.6078 42.5581 4
127 33.2617 37.8013 28.5074 43.664 4
128 33.4474 38.5268 28.4546 45.2527 4
129 33.6256 39.2936 28.3958 46.9397 4
130 31.3054 34.762 25.8757 40.3645 4
131 31.1188 34.6722 25.6164 40.4576 4
132 30.9679 34.6663 25.342 40.7274 4
133 30.818 34.6878 25.046 41.0677 4
134 30.263 32.7228 25.8392 36.4805 4
135 30.2638 32.8529 25.7255 36.8481 4
136 30.273 33.0505 25.5662 37.3966 4
137 30.3064 33.3411 25.3953 38.1422 4
138 28.6101 31.4108 24.1605 35.52 4
139 28.4291 31.3074 23.9035 35.5694 4
140 28.3353 31.3583 23.6692 35.9034 4
141 28.4492 31.7155 23.6124 36.6881 4
142 26.8451 29.9228 21.3182 31.0505 4
143 26.8598 30.0165 21.1897 31.1635 4
144 RANDOM
145 27.3129 30.8816 21.1602 32.3796 4
146 24.7614 28.0914 18.1007 28.0953 4
147 24.9915 28.4812 18.0501 28.51 4
148 25.3389 28.9654 18.1046 28.9986 4
149 26.1021 29.8797 18.4005 29.9961 4
150 25.4972 27.4348 20.2516 26.4072 2
151 26.8356 27.5406 23.7817 26.5588 2
152 26.9254 27.4683 24.0145 26.3017 2
153 27.3279 27.7313 24.4176 26.4969 2
154 27.8941 28.244 24.9535 27.0416 2
155 RANDOM
156 29.4284 30.0585 26.8021 29.2084 2
157 30.3229 30.8477 27.7937 29.768 2
158 31.1403 31.6132 28.6582 30.4021 2
159 32.8134 33.7476 30.7272 33.0543 2
160 34.0726 34.9328 32.3491 33.7764 2
161 35.521 36.3233 34.0313 34.8302 2
162 36.746 37.5566 35.4511 35.8749 2
163 38.0975 38.7323 37.0586 36.6418 2
164 39.1949 39.8294 38.6916 37.203 2
165 40.3377 41.0051 40.151 38.2021 2
166 41.2538 41.9164 41.2277 39.0366 2
167 38.3599 39.2216 37.0764 37.5108 2
168 39.5214 40.3121 38.7199 38.0558 2
169 40.8749 41.5794 40.4432 38.9591 2
170 42.1384 42.8256 41.8966 40.1101 2
171 40.7514 42.0092 39.6123 40.3358 2
172 42.552 43.465 41.7624 41.1986 2
173 43.9883 44.7558 43.3939 42.2038 2
174 45.3214 46.0244 44.9405 43.3414 2
175 42.2123 43.8187 40.6689 42.6973 2
176 43.9426 45.1093 42.7071 43.3752 2
177 44.9561 45.9285 43.9396 43.8427 2
178 45.3234 46.2604 44.3364 44.1012 2
179 40.1842 43.0588 37.8761 43.5834 4
180 37.2686 41.1302 31.4034 47.0806 4
181 37.0444 40.9969 31.1947 47.0742 4
182 37.0523 41.3454 31.116 47.8854 4
183 37.2862 42.2443 31.1313 49.6862 4
184 33.2148 37.3321 28.6078 42.5581 4
185 33.2617 37.8013 28.5074 43.664 4
186 33.4474 38.5268 28.4546 45.2527 4
187 33.6256 39.2936 28.3958 46.9397 4
188 31.3054 34.762 25.8757 40.3645 4
189 31.1188 34.6722 25.6164 40.4576 4
190 30.9679 34.6663 25.342 40.7274 4
191 30.818 34.6878 25.046 41.0677 4
192 30.263 32.7228 25.8392 36.4805 4
193 30.2638 32.8529 25.7255 36.8481 4
194 RANDOM
195 30.3064 33.3411 25.3953 38.1422 4
196 28.6101 31.4108 24.1605 35.52 4
197 28.4291 31.3074 23.9035 35.5694 4
198 28.3353 31.3583 23.6692 35.9034 4
199 28.4492 31.7155 23.6124 36.6881 4
200 RANDOM
201 26.8598 30.0165 21.1897 31.1635 4
202 26.9742 30.3011 21.1045 31.5709 4
203 27.3129 30.8816 21.1602 32.3796 4
204 24.7614 28.0914 18.1007 28.0953 4
205 24.9915 28.4812 18.0501 28.51 4
206 25.3389 28.9654 18.1046 28.9986 4
207 26.1021 29.8797 18.4005 29.9961 4
208 25.4972 27.4348 20.2516 26.4072 2
209 26.8356 27.5406 23.7817 26.5588 2
210 26.9254 27.4683 24.0145 26.3017 2
211 27.3279 27.7313 24.4176 26.4969 2
212 27.8941 28.244 24.9535 27.0416 2
213 28.511 29.3308 25.7605 28.6943 2
214 29.4284 30.0585 26.8021 29.2084 2
215 30.3229 30.8477 27.7937 29.768 2
216 31.1403 31.6132 28.6582 30.4021 2
217 32.8134 33.7476 30.7272 33.0543 2
218 34.0726 34.9328 32.3491 33.7764 2
219 35.521 36.3233 34.0313 34.8302 2
220 36.746 37.5566 35.4511 35.8749 2
221 38.0975 38.7323 37.0586 36.6418 2
222 39.1949 39.8294 38.6916 37.203 2
223 40.3377 41.0051 40.151 38.2021 2
224 41.2538 41.9164 41.2277 39.0366 2
225 38.3599 39.2216 37.0764 37.5108 2
226 39.5214 40.3121 38.7199 38.0558 2
227 40.8749 41.5794 40.4432 38.9591 2
228 42.1384 42.8256 41.8966 40.1101 2
229 40.7514 42.0092 39.6123 40.3358 2
230 42.552 43.465 41.7624 41.1986 2
231 43.9883 44.7558 43.3939 42.2038 2
232 45.3214 46.0244 44.9405 43.3414 2
233 42.2123 43.8187 40.6689 42.6973 2
234 43.9426 45.1093 42.7071 43.3752 2
235 44.9561 45.9285 43.9396 43.8427 2
236 45.3234 46.2604 44.3364 44.1012 2
237 40.1842 43.0588 37.8761 43.5834 4
238 37.2686 41.1302 31.4034 47.0806 4
239 37.0444 40.9969 31.1947 47.0742 4
240 37.0523 41.3454 31.116 47.8854 4
241 37.2862 42.2443 31.1313 49.6862 4
242 33.2148 37.3321 28.6078 42.5581 4
243 33.2617 37.8013 28.5074 43.664 4
244 33.4474 38.5268 28.4546 45.2527 4
245 33.6256 39.2936 28.3958 46.9397 4
246 31.3054 34.762 25.8757 40.3645 4
247 31.1188 34.6722 25.6164 40.4576 4
248 30.9679 34.6663 25.342 40.7274 4
249 30.818 34.6878 25.046 41.0677 4
250 30.263 32.7228 25.8392 36.4805 4
251 30.2638 32.8529 25.7255 36.8481 4
252 RANDOM
253 30.3064 33.3411 25.3953 38.1422 4
254 28.6101 31.4108 24.1605 35.52 4
255 RANDOM
256 28.3353 31.3583 23.6692 35.9034 4
257 28.4492 31.7155 23.6124 36.6881 4
258 26.8451 29.9228 21.3182 31.0505 4
259 26.8598 30.0165 21.1897 31.1635 4
260 26.9742 30.3011 21.1045 31.5709 4
261 RANDOM
262 24.7614 28.0914 18.1007 28.0953 4
263 24.9915 28.4812 18.0501 28.51 4
264 RANDOM
265 26.1021 29.8797 18.4005 29.9961 4
266 25.4972 27.4348 20.2516 26.4072 2
267 26.8356 27.5406 23.7817 26.5588 2
268 26.9254 27.4683 24.0145 26.3017 2
269 RANDOM
270 27.8941 28.244 24.9535 27.0416 2
271 28.511 29.3308 25.7605 28.6943 2
272 29.4284 30.0585 26.8021 29.2084 2
273 30.3229 30.8477 27.7937 29.768 2
274 31.1403 31.6132 28.6582 30.4021 2
275 32.8134 33.7476 30.7272 33.0543 2
276 34.0726 34.9328 32.3491 33.7764 2
277 35.521 36.3233 34.0313 34.8302 2
278 36.746 37.5566 35.4511 35.8749 2
279 38.0975 38.7323 37.0586 36.6418 2
280 39.1949 39.8294 38.6916 37.203 2
281 40.3377 41.0051 40.151 38.2021 2
282 41.2538 41.9164 41.2277 39.0366 2
283 38.3599 39.2216 37.0764 37.5108 2
284 39.5214 40.3121 38.7199 38.0558 2
285 RANDOM
286 42.1384 42.8256 41.8966 40.1101 2
287 40.7514 42.0092 39.6123 40.3358 2
288 RANDOM
289 43.9883 44.7558 43.3939 42.2038 2
290 RANDOM
291 42.2123 43.8187 40.6689 42.6973 2
292 43.9426 45.1093 42.7071 43.3752 2
293 44.9561 45.9285 43.9396 43.8427 2
294 45.3234 46.2604 44.3364 44.1012 2
295 40.1842 43.0588 37.8761 43.5834 4
296 RANDOM
297 48.3445 48.6185 47.6844 45.9246 2
298 45.5264 46.5057 44.5031 44.3728 2
