0 110.428 112.455 115.685 118.371 4
1 115.221 113.608 109.558 127.049 4
2 120.049 118.012 115.087 131.026 4
3 120.441 118.238 114.805 131.789 4
4 121.385 118.943 114.799 133.28 4
5 122.984 120.246 115.102 135.746 4
6 118.973 117.058 114.78 130.038 4
7 119.882 117.695 114.684 131.482 4
8 121.229 118.672 114.652 133.556 4
9 123.048 120.103 114.879 136.407 4
10 126.098 122.196 117.204 138.963 4
11 127.325 123.365 118.111 140.716 4
12 128.955 124.917 119.309 143.076 4
13 131.531 127.392 121.175 146.855 4
14 130.299 126.152 120.769 144.271 4
15 131.235 127.063 121.457 145.612 4
16 132.829 128.597 122.638 147.888 4
17 135.005 130.693 124.245 151.036 4
18 126.861 122.7 118.784 138.55 4
19 128.567 124.35 120.091 140.95 4
20 130.916 126.613 121.895 144.24 4
21 134.136 129.706 124.385 148.716 4
22 128.883 124.686 120.252 141.5 4
23 130.032 125.786 121.154 143.046 4
24 132.349 128.008 122.983 146.21 4
25 135.406 130.943 125.394 150.413 4
26 128.992 126.247 122.998 139.909 4
27 130.202 127.445 123.974 141.472 4
28 131.991 129.209 125.377 143.913 4
29 134.942 132.05 127.64 147.805 4
30 136.464 134.41 130.987 147.879 4
31 139.435 137.224 133.281 151.507 4
32 143.972 141.572 136.842 157.088 4
33 149.942 147.332 141.479 164.439 4
34 132.39 132.604 130.44 141.587 4
35 134.86 135.108 132.527 144.584 4
36 139.348 139.494 136.073 149.856 4
37 145.685 145.635 140.89 157.291 4
38 133.235 133.577 131.287 142.267 4
39 135.333 135.744 133.103 144.612 4
40 RANDOM
41 146.763 147.0 142.562 157.378 4
42 131.292 133.27 130.967 141.347 4
43 RANDOM
44 RANDOM
45 148.757 150.648 145.371 160.222 4
46 135.357 138.791 136.128 147.825 4
47 136.369 139.821 136.821 148.841 4
48 140.785 144.231 140.548 153.487 4
49 149.7 153.154 148.064 163.043 4
50 154.747 159.476 154.427 171.413 4
51 154.747 159.476 154.427 171.413 4
