0 65.9212 66.8084 52.6811 72.7908 4
1 57.6478 66.6073 45.0934 80.9557 4
2 62.5007 67.5792 49.6501 78.7783 4
3 62.5589 67.7978 49.6665 79.2063 4
4 62.7026 68.2454 49.7327 80.0263 4
5 62.8928 69.0332 49.8707 81.4685 4
6 61.8182 65.0138 49.2978 74.1988 4
7 61.6889 65.1023 49.1759 74.5639 4
8 61.6695 65.449 49.1263 75.3562 4
9 61.6883 66.0116 49.1093 76.4927 4
10 56.0625 60.0358 45.8125 68.1884 4
11 56.2295 60.592 45.8485 69.2951 4
12 56.4017 61.1348 45.8638 70.3654 4
13 56.6996 62.0122 45.9881 72.0103 4
14 54.2966 58.1572 43.566 66.2876 4
15 RANDOM
16 RANDOM
17 54.5236 58.8601 43.4815 67.7198 4
18 RANDOM
19 50.9637 54.2203 41.3705 60.9215 4
20 51.4071 54.8715 41.6046 61.9428 4
21 52.1376 55.8299 42.0388 63.3644 4
22 49.3992 52.2172 40.3044 58.2574 4
23 49.3904 52.2845 40.2253 58.4496 4
24 49.6541 52.7549 40.3051 59.2421 4
25 50.0761 53.4839 40.4656 60.4444 4
26 52.085 53.9543 40.6022 54.5238 4
27 52.5169 54.4542 40.7727 55.0173 4
28 53.3334 55.4003 41.1573 56.0916 4
29 54.6024 56.8092 41.7943 57.7332 4
30 52.0892 54.1679 39.4831 53.664 2
31 56.407 55.0562 49.546 52.8095 1
32 74.5781 73.2722 69.8721 70.6704 1
