0 169.432 169.943 156.345 171.332 4
1 171.754 168.47 145.52 178.005 4
2 177.016 172.993 153.218 183.097 4
3 177.764 173.705 153.577 184.31 4
4 179.037 174.905 154.2 186.168 4
5 181.096 176.911 155.134 189.144 4
6 178.313 174.523 154.936 184.426 4
7 RANDOM
8 182.022 177.986 156.707 189.763 4
9 184.811 180.721 158.285 193.751 4
10 189.872 184.998 163.78 199.044 4
11 191.899 186.924 165.189 201.69 4
12 RANDOM
13 197.945 192.718 169.228 209.743 4
14 195.549 190.175 168.527 205.849 4
15 196.987 191.54 169.547 207.728 4
16 199.558 194.001 171.354 211.067 4
17 203.22 197.52 173.938 215.806 4
18 189.38 184.145 164.75 197.035 4
19 191.751 186.432 166.451 200.162 4
20 195.103 189.64 168.833 204.539 4
21 199.867 194.187 172.232 210.679 4
22 191.625 186.344 166.346 200.226 4
23 193.353 187.995 167.612 202.38 4
24 196.695 191.187 170.056 206.61 4
25 200.907 195.21 173.148 211.944 4
26 190.87 186.013 168.231 195.97 4
27 192.794 187.853 169.645 198.329 4
28 195.868 190.781 171.761 202.15 4
29 200.408 195.071 174.814 207.78 4
30 201.708 197.03 178.342 205.542 4
31 206.922 201.874 181.908 211.265 4
32 213.912 208.399 186.643 219.13 4
33 222.419 216.337 192.286 228.847 4
34 196.791 193.801 176.137 195.328 1
35 202.01 202.875 197.006 196.561 2
