0 53.1325 767.446 -482.103 723.894 2
1 89.0002 745.151 -509.695 701.191 2
2 115.798 748.934 -521.691 704.937 2
3 -119.473 876.237 -207.326 961.717 4
4 15.7209 655.977 -669.511 664.651 4
5 -38.4847 706.117 -607.646 724.294 4
6 -97.5852 754.939 -552.608 781.19 4
7 -164.037 812.308 -477.114 843.301 4
8 705.377 847.095 -1392.92 670.31 2
9 7.47823 811.418 -456.96 766.735 2
10 53.1325 767.446 -482.103 723.894 2
11 89.0002 745.151 -509.695 701.191 2
12 115.798 748.934 -521.691 704.937 2
13 -119.473 876.237 -207.326 961.717 4
14 15.7209 655.977 -669.511 664.651 4
15 -38.4847 706.117 -607.646 724.294 4
16 -97.5852 754.939 -552.608 781.19 4
17 -164.037 812.308 -477.114 843.301 4
18 705.377 847.095 -1392.92 670.31 2
19 7.47823 811.418 -456.96 766.735 2
20 53.1325 767.446 -482.103 723.894 2
21 89.0002 745.151 -509.695 701.191 2
22 115.798 748.934 -521.691 704.937 2
23 RANDOM
24 -62.22 851.994 -215.282 915.128 4
25 -269.345 1013.11 -167.787 1164.08 4
26 15.7209 655.977 -669.511 664.651 4
27 -38.4847 706.117 -607.646 724.294 4
28 -97.5852 754.939 -552.608 781.19 4
29 -164.037 812.308 -477.114 843.301 4
30 705.377 847.095 -1392.92 670.31 2
31 7.47823 811.418 -456.96 766.735 2
32 53.1325 767.446 -482.103 723.894 2
33 89.0002 745.151 -509.695 701.191 2
34 RANDOM
35 -119.473 876.237 -207.326 961.717 4
36 15.7209 655.977 -669.511 664.651 4
37 -38.4847 706.117 -607.646 724.294 4
38 -97.5852 754.939 -552.608 781.19 4
39 -164.037 812.308 -477.114 843.301 4
40 670.537 794.739 -1395.76 609.553 2
41 -0.6663 786.796 -422.885 748.278 2
42 45.8107 742.047 -443.373 706.089 2
43 78.0803 714.745 -465.665 678.896 2
44 99.3523 711.212 -472.885 673.396 2
45 -114.56 883.354 -170.081 975.095 4
46 -7.37577 616.089 -622.506 630.524 4
47 -63.2898 671.246 -567.847 693.372 4
48 -122.024 724.62 -511.263 756.099 4
49 -188.835 787.185 -439.994 823.061 4
50 670.537 794.739 -1395.76 609.553 2
51 -0.6663 786.796 -422.885 748.278 2
52 45.8107 742.047 -443.373 706.089 2
53 78.0803 714.745 -465.665 678.896 2
54 99.3523 711.212 -472.885 673.396 2
55 -114.56 883.354 -170.081 975.095 4
56 -7.37577 616.089 -622.506 630.524 4
57 -63.2898 671.246 -567.847 693.372 4
58 -122.024 724.62 -511.263 756.099 4
59 -188.835 787.185 -439.994 823.061 4
60 670.537 794.739 -1395.76 609.553 2
61 -0.6663 786.796 -422.885 748.278 2
62 45.8107 742.047 -443.373 706.089 2
63 RANDOM
64 99.3523 711.212 -472.885 673.396 2
65 -114.56 883.354 -170.081 975.095 4
66 -7.37577 616.089 -622.506 630.524 4
67 -63.2898 671.246 -567.847 693.372 4
68 -122.024 724.62 -511.263 756.099 4
69 -188.835 787.185 -439.994 823.061 4
70 670.537 794.739 -1395.76 609.553 2
71 -0.6663 786.796 -422.885 748.278 2
72 45.8107 742.047 -443.373 706.089 2
73 78.0803 714.745 -465.665 678.896 2
74 99.3523 711.212 -472.885 673.396 2
75 -114.56 883.354 -170.081 975.095 4
76 -7.37577 616.089 -622.506 630.524 4
77 -63.2898 671.246 -567.847 693.372 4
78 -122.024 724.62 -511.263 756.099 4
79 -188.835 787.185 -439.994 823.061 4
80 670.537 794.739 -1395.76 609.553 2
81 -0.6663 786.796 -422.885 748.278 2
82 45.8107 742.047 -443.373 706.089 2
83 78.0803 714.745 -465.665 678.896 2
84 99.3523 711.212 -472.885 673.396 2
85 -114.56 883.354 -170.081 975.095 4
86 -7.37577 616.089 -622.506 630.524 4
87 -63.2898 671.246 -567.847 693.372 4
88 -122.024 724.62 -511.263 756.099 4
89 -188.835 787.185 -439.994 823.061 4
90 670.537 794.739 -1395.76 609.553 2
91 -0.6663 786.796 -422.885 748.278 2
92 45.8107 742.047 -443.373 706.089 2
93 78.0803 714.745 -465.665 678.896 2
94 99.3523 711.212 -472.885 673.396 2
95 -114.56 883.354 -170.081 975.095 4
96 -7.37577 616.089 -622.506 630.524 4
97 -63.2898 671.246 -567.847 693.372 4
98 -122.024 724.62 -511.263 756.099 4
99 -188.835 787.185 -439.994 823.061 4
100 685.123 819.622 -1401.64 644.721 2
101 15.113 785.335 -457.407 743.399 2
102 59.2209 743.877 -475.26 706.173 2
103 89.3547 718.357 -493.475 682.071 2
104 112.79 713.804 -501.91 674.639 2
105 -99.9632 859.827 -220.199 943.506 4
106 5.85616 616.103 -635.511 631.904 4
107 -49.5125 672.819 -579.909 697.225 4
108 -108.119 728.461 -522.958 762.554 4
109 -176.828 787.76 -448.554 824.091 4
110 685.123 819.622 -1401.64 644.721 2
111 15.113 785.335 -457.407 743.399 2
112 59.2209 743.877 -475.26 706.173 2
113 89.3547 718.357 -493.475 682.071 2
114 112.79 713.804 -501.91 674.639 2
115 -99.9632 859.827 -220.199 943.506 4
116 5.85616 616.103 -635.511 631.904 4
117 -49.5125 672.819 -579.909 697.225 4
118 -108.119 728.461 -522.958 762.554 4
119 -176.828 787.76 -448.554 824.091 4
120 685.123 819.622 -1401.64 644.721 2
121 15.113 785.335 -457.407 743.399 2
122 59.2209 743.877 -475.26 706.173 2
123 89.3547 718.357 -493.475 682.071 2
124 112.79 713.804 -501.91 674.639 2
125 -99.9632 859.827 -220.199 943.506 4
126 5.85616 616.103 -635.511 631.904 4
127 -49.5125 672.819 -579.909 697.225 4
128 -108.119 728.461 -522.958 762.554 4
129 -176.828 787.76 -448.554 824.091 4
130 685.123 819.622 -1401.64 644.721 2
131 15.113 785.335 -457.407 743.399 2
132 59.2209 743.877 -475.26 706.173 2
133 89.3547 718.357 -493.475 682.071 2
134 112.79 713.804 -501.91 674.639 2
135 -99.9632 859.827 -220.199 943.506 4
136 5.85616 616.103 -635.511 631.904 4
137 RANDOM
138 -108.119 728.461 -522.958 762.554 4
139 -176.828 787.76 -448.554 824.091 4
140 685.123 819.622 -1401.64 644.721 2
141 15.113 785.335 -457.407 743.399 2
142 59.2209 743.877 -475.26 706.173 2
143 89.3547 718.357 -493.475 682.071 2
144 112.79 713.804 -501.91 674.639 2
145 -99.9632 859.827 -220.199 943.506 4
146 5.85616 616.103 -635.511 631.904 4
147 -49.5125 672.819 -579.909 697.225 4
148 -108.119 728.461 -522.958 762.554 4
149 -176.828 787.76 -448.554 824.091 4
150 685.123 819.622 -1401.64 644.721 2
151 15.113 785.335 -457.407 743.399 2
152 59.2209 743.877 -475.26 706.173 2
153 RANDOM
154 112.79 713.804 -501.91 674.639 2
155 -99.9632 859.827 -220.199 943.506 4
156 5.85616 616.103 -635.511 631.904 4
157 -49.5125 672.819 -579.909 697.225 4
158 -108.119 728.461 -522.958 762.554 4
159 -176.828 787.76 -448.554 824.091 4
160 685.123 819.622 -1401.64 644.721 2
161 15.113 785.335 -457.407 743.399 2
162 59.2209 743.877 -475.26 706.173 2
163 89.3547 718.357 -493.475 682.071 2
164 112.79 713.804 -501.91 674.639 2
165 -99.9632 859.827 -220.199 943.506 4
166 5.85616 616.103 -635.511 631.904 4
167 -49.5125 672.819 -579.909 697.225 4
168 -108.119 728.461 -522.958 762.554 4
169 -176.828 787.76 -448.554 824.091 4
170 685.123 819.622 -1401.64 644.721 2
171 15.113 785.335 -457.407 743.399 2
172 59.2209 743.877 -475.26 706.173 2
173 89.3547 718.357 -493.475 682.071 2
174 112.79 713.804 -501.91 674.639 2
175 -99.9632 859.827 -220.199 943.506 4
176 5.85616 616.103 -635.511 631.904 4
177 -49.5125 672.819 -579.909 697.225 4
178 -108.119 728.461 -522.958 762.554 4
179 -176.828 787.76 -448.554 824.091 4
180 685.123 819.622 -1401.64 644.721 2
181 15.113 785.335 -457.407 743.399 2
182 59.2209 743.877 -475.26 706.173 2
183 89.3547 718.357 -493.475 682.071 2
184 112.79 713.804 -501.91 674.639 2
185 -99.9632 859.827 -220.199 943.506 4
186 5.85616 616.103 -635.511 631.904 4
187 -49.5125 672.819 -579.909 697.225 4
188 -108.119 728.461 -522.958 762.554 4
189 -176.828 787.76 -448.554 824.091 4
190 685.123 819.622 -1401.64 644.721 2
191 15.113 785.335 -457.407 743.399 2
192 59.2209 743.877 -475.26 706.173 2
193 89.3547 718.357 -493.475 682.071 2
194 112.79 713.804 -501.91 674.639 2
195 -99.9632 859.827 -220.199 943.506 4
196 5.85616 616.103 -635.511 631.904 4
197 -49.5125 672.819 -579.909 697.225 4
198 -108.119 728.461 -522.958 762.554 4
199 -176.828 787.76 -448.554 824.091 4
200 685.123 819.622 -1401.64 644.721 2
201 15.113 785.335 -457.407 743.399 2
202 59.2209 743.877 -475.26 706.173 2
203 89.3547 718.357 -493.475 682.071 2
204 112.79 713.804 -501.91 674.639 2
205 -99.9632 859.827 -220.199 943.506 4
206 RANDOM
207 -49.5125 672.819 -579.909 697.225 4
208 -108.119 728.461 -522.958 762.554 4
209 -176.828 787.76 -448.554 824.091 4
210 685.123 819.622 -1401.64 644.721 2
211 15.113 785.335 -457.407 743.399 2
212 59.2209 743.877 -475.26 706.173 2
213 89.3547 718.357 -493.475 682.071 2
214 112.79 713.804 -501.91 674.639 2
215 -99.9632 859.827 -220.199 943.506 4
216 5.85616 616.103 -635.511 631.904 4
217 -49.5125 672.819 -579.909 697.225 4
218 -108.119 728.461 -522.958 762.554 4
219 -176.828 787.76 -448.554 824.091 4
220 685.123 819.622 -1401.64 644.721 2
221 15.113 785.335 -457.407 743.399 2
222 59.2209 743.877 -475.26 706.173 2
223 89.3547 718.357 -493.475 682.071 2
224 112.79 713.804 -501.91 674.639 2
225 -99.9632 859.827 -220.199 943.506 4
226 5.85616 616.103 -635.511 631.904 4
227 -49.5125 672.819 -579.909 697.225 4
228 -108.119 728.461 -522.958 762.554 4
229 -176.828 787.76 -448.554 824.091 4
230 685.123 819.622 -1401.64 644.721 2
231 15.113 785.335 -457.407 743.399 2
232 59.2209 743.877 -475.26 706.173 2
233 89.3547 718.357 -493.475 682.071 2
234 112.79 713.804 -501.91 674.639 2
235 -99.9632 859.827 -220.199 943.506 4
236 5.85616 616.103 -635.511 631.904 4
237 -49.5125 672.819 -579.909 697.225 4
238 -108.119 728.461 -522.958 762.554 4
239 -176.828 787.76 -448.554 824.091 4
240 685.123 819.622 -1401.64 644.721 2
241 15.113 785.335 -457.407 743.399 2
242 RANDOM
243 89.3547 718.357 -493.475 682.071 2
244 112.79 713.804 -501.91 674.639 2
245 -99.9632 859.827 -220.199 943.506 4
246 5.85616 616.103 -635.511 631.904 4
247 RANDOM
248 -108.119 728.461 -522.958 762.554 4
249 RANDOM
250 685.123 819.622 -1401.64 644.721 2
251 15.113 785.335 -457.407 743.399 2
252 59.2209 743.877 -475.26 706.173 2
253 89.3547 718.357 -493.475 682.071 2
254 112.79 713.804 -501.91 674.639 2
255 -99.9632 859.827 -220.199 943.506 4
256 5.85616 616.103 -635.511 631.904 4
257 -49.5125 672.819 -579.909 697.225 4
258 RANDOM
259 -176.828 787.76 -448.554 824.091 4
260 685.123 819.622 -1401.64 644.721 2
261 15.113 785.335 -457.407 743.399 2
262 59.2209 743.877 -475.26 706.173 2
263 89.3547 718.357 -493.475 682.071 2
264 RANDOM
265 -99.9632 859.827 -220.199 943.506 4
266 5.85616 616.103 -635.511 631.904 4
267 -49.5125 672.819 -579.909 697.225 4
268 -108.119 728.461 -522.958 762.554 4
269 -176.828 787.76 -448.554 824.091 4
270 685.123 819.622 -1401.64 644.721 2
271 15.113 785.335 -457.407 743.399 2
272 59.2209 743.877 -475.26 706.173 2
273 89.3547 718.357 -493.475 682.071 2
274 112.79 713.804 -501.91 674.639 2
275 -99.9632 859.827 -220.199 943.506 4
276 5.85616 616.103 -635.511 631.904 4
277 -49.5125 672.819 -579.909 697.225 4
278 -108.119 728.461 -522.958 762.554 4
279 -176.828 787.76 -448.554 824.091 4
280 685.123 819.622 -1401.64 644.721 2
281 15.113 785.335 -457.407 743.399 2
282 59.2209 743.877 -475.26 706.173 2
283 89.3547 718.357 -493.475 682.071 2
284 112.79 713.804 -501.91 674.639 2
285 RANDOM
286 -44.4812 847.289 -216.897 912.406 4
287 -278.044 986.997 -133.304 1145.67 4
288 5.85616 616.103 -635.511 631.904 4
289 -49.5125 672.819 -579.909 697.225 4
290 -108.119 728.461 -522.958 762.554 4
291 -176.828 787.76 -448.554 824.091 4
292 685.123 819.622 -1401.64 644.721 2
293 15.113 785.335 -457.407 743.399 2
294 59.2209 743.877 -475.26 706.173 2
295 89.3547 718.357 -493.475 682.071 2
296 112.79 713.804 -501.91 674.639 2
297 -99.9632 859.827 -220.199 943.506 4
298 5.85616 616.103 -635.511 631.904 4
299 -49.5125 672.819 -579.909 697.225 4
300 -108.119 728.461 -522.958 762.554 4
301 -176.828 787.76 -448.554 824.091 4
302 685.123 819.622 -1401.64 644.721 2
303 15.113 785.335 -457.407 743.399 2
304 59.2209 743.877 -475.26 706.173 2
305 89.3547 718.357 -493.475 682.071 2
306 112.79 713.804 -501.91 674.639 2
307 -99.9632 859.827 -220.199 943.506 4
308 5.85616 616.103 -635.511 631.904 4
309 -49.5125 672.819 -579.909 697.225 4
310 RANDOM
311 -176.828 787.76 -448.554 824.091 4
312 685.123 819.622 -1401.64 644.721 2
313 15.113 785.335 -457.407 743.399 2
314 59.2209 743.877 -475.26 706.173 2
315 89.3547 718.357 -493.475 682.071 2
316 112.79 713.804 -501.91 674.639 2
317 -99.9632 859.827 -220.199 943.506 4
318 5.85616 616.103 -635.511 631.904 4
319 -49.5125 672.819 -579.909 697.225 4
320 -108.119 728.461 -522.958 762.554 4
321 -176.828 787.76 -448.554 824.091 4
322 RANDOM
323 640.857 624.833 -1419.19 446.784 1
324 440.094 502.402 -1218.22 343.898 2
