0 25.6466 58.7218 29.2667 67.0537 4
1 25.6466 58.7218 29.2667 67.0537 4
2 25.6466 58.7218 29.2667 67.0537 4
3 25.6466 58.7218 29.2667 67.0537 4
4 25.6466 58.7218 29.2667 67.0537 4
5 25.6466 58.7218 29.2667 67.0537 4
6 25.6466 58.7218 29.2667 67.0537 4
7 25.6466 58.7218 29.2667 67.0537 4
8 25.6466 58.7218 29.2667 67.0537 4
9 25.6466 58.7218 29.2667 67.0537 4
10 25.6466 58.7218 29.2667 67.0537 4
11 25.6466 58.7218 29.2667 67.0537 4
12 25.6466 58.7218 29.2667 67.0537 4
13 25.6466 58.7218 29.2667 67.0537 4
14 25.6466 58.7218 29.2667 67.0537 4
15 25.6466 58.7218 29.2667 67.0537 4
16 25.6466 58.7218 29.2667 67.0537 4
17 25.6466 58.7218 29.2667 67.0537 4
18 25.6466 58.7218 29.2667 67.0537 4
19 25.6466 58.7218 29.2667 67.0537 4
20 25.6466 58.7218 29.2667 67.0537 4
21 25.6466 58.7218 29.2667 67.0537 4
22 25.6466 58.7218 29.2667 67.0537 4
23 25.6466 58.7218 29.2667 67.0537 4
24 25.6466 58.7218 29.2667 67.0537 4
25 25.6466 58.7218 29.2667 67.0537 4
26 25.6466 58.7218 29.2667 67.0537 4
27 25.6466 58.7218 29.2667 67.0537 4
28 25.6466 58.7218 29.2667 67.0537 4
29 25.6466 58.7218 29.2667 67.0537 4
30 25.6466 58.7218 29.2667 67.0537 4
31 25.6466 58.7218 29.2667 67.0537 4
32 RANDOM
33 25.6466 58.7218 29.2667 67.0537 4
34 25.6466 58.7218 29.2667 67.0537 4
35 25.6466 58.7218 29.2667 67.0537 4
36 25.6466 58.7218 29.2667 67.0537 4
37 25.6466 58.7218 29.2667 67.0537 4
38 25.6466 58.7218 29.2667 67.0537 4
39 25.6466 58.7218 29.2667 67.0537 4
40 25.6466 58.7218 29.2667 67.0537 4
41 25.6466 58.7218 29.2667 67.0537 4
42 106.834 277.128 96.0973 264.663 2
43 25.6466 58.7218 29.2667 67.0537 4
44 106.834 277.128 96.0973 264.663 2
45 25.6466 58.7218 29.2667 67.0537 4
46 106.834 277.128 96.0973 264.663 2
47 25.6466 58.7218 29.2667 67.0537 4
48 106.834 277.128 96.0973 264.663 2
49 25.6466 58.7218 29.2667 67.0537 4
50 106.834 277.128 96.0973 264.663 2
51 25.6466 58.7218 29.2667 67.0537 4
52 106.834 277.128 96.0973 264.663 2
53 25.6466 58.7218 29.2667 67.0537 4
54 106.834 277.128 96.0973 264.663 2
55 25.6466 58.7218 29.2667 67.0537 4
56 106.834 277.128 96.0973 264.663 2
57 25.6466 58.7218 29.2667 67.0537 4
58 106.834 277.128 96.0973 264.663 2
59 25.6466 58.7218 29.2667 67.0537 4
60 106.834 277.128 96.0973 264.663 2
61 25.6466 58.7218 29.2667 67.0537 4
62 106.834 277.128 96.0973 264.663 2
63 25.6466 58.7218 29.2667 67.0537 4
64 106.834 277.128 96.0973 264.663 2
65 25.6466 58.7218 29.2667 67.0537 4
66 106.834 277.128 96.0973 264.663 2
67 25.6466 58.7218 29.2667 67.0537 4
68 106.834 277.128 96.0973 264.663 2
69 25.6466 58.7218 29.2667 67.0537 4
70 106.834 277.128 96.0973 264.663 2
71 25.6466 58.7218 29.2667 67.0537 4
72 106.834 277.128 96.0973 264.663 2
73 25.6466 58.7218 29.2667 67.0537 4
74 106.834 277.128 96.0973 264.663 2
75 25.6466 58.7218 29.2667 67.0537 4
76 106.834 277.128 96.0973 264.663 2
77 25.6466 58.7218 29.2667 67.0537 4
78 106.834 277.128 96.0973 264.663 2
79 25.6466 58.7218 29.2667 67.0537 4
80 106.834 277.128 96.0973 264.663 2
81 25.6466 58.7218 29.2667 67.0537 4
82 RANDOM
83 122.953 316.651 115.902 295.938 2
84 33.6113 92.0803 17.4815 109.198 4
85 122.953 316.651 115.902 295.938 2
86 33.6113 92.0803 17.4815 109.198 4
87 122.953 316.651 115.902 295.938 2
88 33.6113 92.0803 17.4815 109.198 4
89 122.953 316.651 115.902 295.938 2
90 33.6113 92.0803 17.4815 109.198 4
91 122.953 316.651 115.902 295.938 2
92 33.6113 92.0803 17.4815 109.198 4
93 122.953 316.651 115.902 295.938 2
94 33.6113 92.0803 17.4815 109.198 4
95 122.953 316.651 115.902 295.938 2
96 33.6113 92.0803 17.4815 109.198 4
97 122.953 316.651 115.902 295.938 2
98 33.6113 92.0803 17.4815 109.198 4
99 122.953 316.651 115.902 295.938 2
100 33.6113 92.0803 17.4815 109.198 4
101 122.953 316.651 115.902 295.938 2
102 33.6113 92.0803 17.4815 109.198 4
103 122.953 316.651 115.902 295.938 2
104 33.6113 92.0803 17.4815 109.198 4
105 122.953 316.651 115.902 295.938 2
106 33.6113 92.0803 17.4815 109.198 4
107 122.953 316.651 115.902 295.938 2
108 33.6113 92.0803 17.4815 109.198 4
109 122.953 316.651 115.902 295.938 2
110 33.6113 92.0803 17.4815 109.198 4
111 122.953 316.651 115.902 295.938 2
112 33.6113 92.0803 17.4815 109.198 4
113 122.953 316.651 115.902 295.938 2
114 33.6113 92.0803 17.4815 109.198 4
115 122.953 316.651 115.902 295.938 2
116 33.6113 92.0803 17.4815 109.198 4
117 122.953 316.651 115.902 295.938 2
118 33.6113 92.0803 17.4815 109.198 4
119 122.953 316.651 115.902 295.938 2
120 33.6113 92.0803 17.4815 109.198 4
121 122.953 316.651 115.902 295.938 2
122 33.6113 92.0803 17.4815 109.198 4
123 122.953 316.651 115.902 295.938 2
124 33.6113 92.0803 17.4815 109.198 4
125 122.953 316.651 115.902 295.938 2
126 33.6113 92.0803 17.4815 109.198 4
127 122.953 316.651 115.902 295.938 2
128 33.6113 92.0803 17.4815 109.198 4
129 122.953 316.651 115.902 295.938 2
130 33.6113 92.0803 17.4815 109.198 4
131 122.953 316.651 115.902 295.938 2
132 33.6113 92.0803 17.4815 109.198 4
133 122.953 316.651 115.902 295.938 2
134 33.6113 92.0803 17.4815 109.198 4
135 122.953 316.651 115.902 295.938 2
136 33.6113 92.0803 17.4815 109.198 4
137 122.953 316.651 115.902 295.938 2
138 RANDOM
139 47.4354 125.317 38.1246 134.661 4
140 115.122 282.717 129.205 252.327 2
