0 -5.34225 19.7594 5.74135 20.8966 4
1 -5.34225 19.7594 5.74135 20.8966 4
2 -5.34225 19.7594 5.74135 20.8966 4
3 -5.34225 19.7594 5.74135 20.8966 4
4 -5.34225 19.7594 5.74135 20.8966 4
5 -5.34225 19.7594 5.74135 20.8966 4
6 -5.34225 19.7594 5.74135 20.8966 4
7 -5.34225 19.7594 5.74135 20.8966 4
8 -5.34225 19.7594 5.74135 20.8966 4
9 -5.34225 19.7594 5.74135 20.8966 4
10 RANDOM
11 -5.34225 19.7594 5.74135 20.8966 4
12 -5.34225 19.7594 5.74135 20.8966 4
13 -5.34225 19.7594 5.74135 20.8966 4
14 -5.34225 19.7594 5.74135 20.8966 4
15 -5.34225 19.7594 5.74135 20.8966 4
16 -5.34225 19.7594 5.74135 20.8966 4
17 -5.34225 19.7594 5.74135 20.8966 4
18 -5.34225 19.7594 5.74135 20.8966 4
19 -5.34225 19.7594 5.74135 20.8966 4
20 -5.34225 19.7594 5.74135 20.8966 4
21 -5.34225 19.7594 5.74135 20.8966 4
22 -5.34225 19.7594 5.74135 20.8966 4
23 -5.34225 19.7594 5.74135 20.8966 4
24 -5.34225 19.7594 5.74135 20.8966 4
25 -5.34225 19.7594 5.74135 20.8966 4
26 -5.34225 19.7594 5.74135 20.8966 4
27 -5.34225 19.7594 5.74135 20.8966 4
28 -5.34225 19.7594 5.74135 20.8966 4
29 -5.34225 19.7594 5.74135 20.8966 4
30 -5.34225 19.7594 5.74135 20.8966 4
31 -5.34225 19.7594 5.74135 20.8966 4
32 -5.34225 19.7594 5.74135 20.8966 4
33 -5.34225 19.7594 5.74135 20.8966 4
34 -5.34225 19.7594 5.74135 20.8966 4
35 -5.34225 19.7594 5.74135 20.8966 4
36 -5.34225 19.7594 5.74135 20.8966 4
37 -5.34225 19.7594 5.74135 20.8966 4
38 -5.34225 19.7594 5.74135 20.8966 4
39 RANDOM
40 -5.34225 19.7594 5.74135 20.8966 4
41 -5.34225 19.7594 5.74135 20.8966 4
42 -15.6571 20.4691 -31.6993 43.3131 4
43 -16.3262 23.022 -32.1288 44.0385 4
44 -18.0145 25.5318 -33.3395 43.5213 4
45 -20.068 28.2196 -34.7211 43.5357 4
46 -13.7755 18.2061 -30.3629 42.2927 4
47 -13.2058 15.2522 -27.3337 37.5872 4
48 -12.0784 13.7785 -24.1231 34.7106 4
49 -10.7919 12.7376 -20.6236 32.3497 4
50 -6.76218 18.0197 2.30948 11.76 2
51 -5.34225 19.7594 5.74135 20.8966 4
52 -6.76218 18.0197 2.30948 11.76 2
53 -5.34225 19.7594 5.74135 20.8966 4
54 -6.76218 18.0197 2.30948 11.76 2
55 -5.34225 19.7594 5.74135 20.8966 4
56 -6.76218 18.0197 2.30948 11.76 2
57 -5.34225 19.7594 5.74135 20.8966 4
58 -6.76218 18.0197 2.30948 11.76 2
59 -5.34225 19.7594 5.74135 20.8966 4
60 -6.76218 18.0197 2.30948 11.76 2
61 -5.34225 19.7594 5.74135 20.8966 4
62 -6.76218 18.0197 2.30948 11.76 2
63 -5.34225 19.7594 5.74135 20.8966 4
64 -6.76218 18.0197 2.30948 11.76 2
65 -5.34225 19.7594 5.74135 20.8966 4
66 -6.76218 18.0197 2.30948 11.76 2
67 -5.34225 19.7594 5.74135 20.8966 4
68 -6.76218 18.0197 2.30948 11.76 2
69 -5.34225 19.7594 5.74135 20.8966 4
70 -6.76218 18.0197 2.30948 11.76 2
71 -5.34225 19.7594 5.74135 20.8966 4
72 -6.76218 18.0197 2.30948 11.76 2
73 -5.34225 19.7594 5.74135 20.8966 4
74 -6.76218 18.0197 2.30948 11.76 2
75 -5.34225 19.7594 5.74135 20.8966 4
76 -6.76218 18.0197 2.30948 11.76 2
77 -5.34225 19.7594 5.74135 20.8966 4
78 -6.76218 18.0197 2.30948 11.76 2
79 -5.34225 19.7594 5.74135 20.8966 4
80 -6.76218 18.0197 2.30948 11.76 2
81 -5.34225 19.7594 5.74135 20.8966 4
82 -6.76218 18.0197 2.30948 11.76 2
83 -5.34225 19.7594 5.74135 20.8966 4
84 -6.76218 18.0197 2.30948 11.76 2
85 -5.34225 19.7594 5.74135 20.8966 4
86 -6.76218 18.0197 2.30948 11.76 2
87 -5.34225 19.7594 5.74135 20.8966 4
88 -6.76218 18.0197 2.30948 11.76 2
89 -5.34225 19.7594 5.74135 20.8966 4
90 -6.76218 18.0197 2.30948 11.76 2
91 -5.34225 19.7594 5.74135 20.8966 4
92 -6.76218 18.0197 2.30948 11.76 2
93 -5.34225 19.7594 5.74135 20.8966 4
94 -6.76218 18.0197 2.30948 11.76 2
95 -5.34225 19.7594 5.74135 20.8966 4
96 -6.76218 18.0197 2.30948 11.76 2
97 -5.34225 19.7594 5.74135 20.8966 4
98 -6.76218 18.0197 2.30948 11.76 2
99 -5.34225 19.7594 5.74135 20.8966 4
100 -6.76218 18.0197 2.30948 11.76 2
101 -5.34225 19.7594 5.74135 20.8966 4
102 -6.76218 18.0197 2.30948 11.76 2
103 -5.34225 19.7594 5.74135 20.8966 4
104 -6.76218 18.0197 2.30948 11.76 2
105 -5.34225 19.7594 5.74135 20.8966 4
106 -6.76218 18.0197 2.30948 11.76 2
107 -5.34225 19.7594 5.74135 20.8966 4
108 -6.76218 18.0197 2.30948 11.76 2
109 -5.34225 19.7594 5.74135 20.8966 4
110 -6.76218 18.0197 2.30948 11.76 2
111 RANDOM
112 -5.34225 19.7594 5.74135 20.8966 4
113 -8.969 13.0162 -16.7686 29.7843 4
114 -6.76218 18.0197 2.30948 11.76 2
115 -5.34225 19.7594 5.74135 20.8966 4
116 -6.76218 18.0197 2.30948 11.76 2
117 -5.34225 19.7594 5.74135 20.8966 4
118 RANDOM
119 -5.34225 19.7594 5.74135 20.8966 4
120 -10.5701 18.3934 -4.88266 14.8738 2
