0 21.9032 659.11 -535.385 603.966 2
1 57.5667 643.353 -560.4 588.632 2
2 83.5868 651.759 -570.432 598.25 2
3 -133.84 748.985 -290.031 816.827 4
4 RANDOM
5 -72.2589 591.12 -657.999 594.475 4
6 -129.965 632.53 -606.948 643.565 4
7 -194.307 681.913 -535.254 697.662 4
8 654.282 696.024 -1422.72 486.743 2
9 -23.38 696.925 -511.166 640.015 2
10 21.9032 659.11 -535.385 603.966 2
11 57.5667 643.353 -560.4 588.632 2
12 83.5868 651.759 -570.432 598.25 2
13 -133.84 748.985 -290.031 816.827 4
14 -19.9372 548.191 -715.569 542.396 2
15 -133.84 748.985 -290.031 816.827 4
16 -19.9372 548.191 -715.569 542.396 2
17 -133.84 748.985 -290.031 816.827 4
18 -19.9372 548.191 -715.569 542.396 2
19 -133.84 748.985 -290.031 816.827 4
20 -19.9372 548.191 -715.569 542.396 2
21 -133.84 748.985 -290.031 816.827 4
22 -19.9372 548.191 -715.569 542.396 2
23 -133.84 748.985 -290.031 816.827 4
24 -19.9372 548.191 -715.569 542.396 2
25 -133.84 748.985 -290.031 816.827 4
26 -19.9372 548.191 -715.569 542.396 2
27 -133.84 748.985 -290.031 816.827 4
28 -19.9372 548.191 -715.569 542.396 2
29 -133.84 748.985 -290.031 816.827 4
30 -19.9372 548.191 -715.569 542.396 2
31 -133.84 748.985 -290.031 816.827 4
32 -19.9372 548.191 -715.569 542.396 2
33 -133.84 748.985 -290.031 816.827 4
34 -19.9372 548.191 -715.569 542.396 2
35 -133.84 748.985 -290.031 816.827 4
36 -19.9372 548.191 -715.569 542.396 2
37 -133.84 748.985 -290.031 816.827 4
38 -19.9372 548.191 -715.569 542.396 2
39 -133.84 748.985 -290.031 816.827 4
40 -42.133 510.203 -671.476 510.254 4
41 -96.2922 557.309 -619.739 564.911 4
42 -153.451 603.811 -566.871 620.532 4
43 -218.858 658.112 -499.762 678.881 4
44 621.233 650.552 -1420.69 437.19 2
45 -30.6442 675.023 -478.461 624.732 2
46 15.7147 635.605 -497.701 588.717 2
47 47.7015 614.12 -517.636 568.01 2
48 68.2157 615.258 -523.105 568.674 2
49 -133.172 745.93 -254.717 821.873 4
50 -42.133 510.203 -671.476 510.254 4
51 -96.2922 557.309 -619.739 564.911 4
52 -153.451 603.811 -566.871 620.532 4
53 -218.858 658.112 -499.762 678.881 4
54 621.233 650.552 -1420.69 437.19 2
55 -30.6442 675.023 -478.461 624.732 2
56 15.7147 635.605 -497.701 588.717 2
57 47.7015 614.12 -517.636 568.01 2
58 68.2157 615.258 -523.105 568.674 2
59 -133.172 745.93 -254.717 821.873 4
60 RANDOM
61 -96.2922 557.309 -619.739 564.911 4
62 -153.451 603.811 -566.871 620.532 4
63 -218.858 658.112 -499.762 678.881 4
64 621.233 650.552 -1420.69 437.19 2
65 -30.6442 675.023 -478.461 624.732 2
66 15.7147 635.605 -497.701 588.717 2
67 47.7015 614.12 -517.636 568.01 2
68 68.2157 615.258 -523.105 568.674 2
69 -133.172 745.93 -254.717 821.873 4
70 -42.133 510.203 -671.476 510.254 4
71 -96.2922 557.309 -619.739 564.911 4
72 -153.451 603.811 -566.871 620.532 4
73 -218.858 658.112 -499.762 678.881 4
74 621.233 650.552 -1420.69 437.19 2
75 -30.6442 675.023 -478.461 624.732 2
76 15.7147 635.605 -497.701 588.717 2
77 47.7015 614.12 -517.636 568.01 2
78 68.2157 615.258 -523.105 568.674 2
79 -133.172 745.93 -254.717 821.873 4
80 -42.133 510.203 -671.476 510.254 4
81 -96.2922 557.309 -619.739 564.911 4
82 -153.451 603.811 -566.871 620.532 4
83 -218.858 658.112 -499.762 678.881 4
84 621.233 650.552 -1420.69 437.19 2
85 -30.6442 675.023 -478.461 624.732 2
86 15.7147 635.605 -497.701 588.717 2
87 47.7015 614.12 -517.636 568.01 2
88 68.2157 615.258 -523.105 568.674 2
89 -133.172 745.93 -254.717 821.873 4
90 -42.133 510.203 -671.476 510.254 4
91 -96.2922 557.309 -619.739 564.911 4
92 -153.451 603.811 -566.871 620.532 4
93 -218.858 658.112 -499.762 678.881 4
94 621.233 650.552 -1420.69 437.19 2
95 -30.6442 675.023 -478.461 624.732 2
96 15.7147 635.605 -497.701 588.717 2
97 RANDOM
98 68.2157 615.258 -523.105 568.674 2
99 -133.172 745.93 -254.717 821.873 4
100 -29.0216 509.555 -683.303 511.0 4
101 -82.6315 558.194 -630.875 568.01 4
102 -139.758 606.785 -577.511 626.05 4
103 -206.948 657.312 -507.523 678.551 4
104 631.596 664.947 -1432.46 460.439 2
105 -15.9572 671.137 -510.635 617.294 2
106 28.0804 635.848 -527.343 587.063 2
107 58.0086 616.131 -543.554 569.463 2
108 RANDOM
109 -119.092 722.842 -303.394 789.648 4
110 -29.0216 509.555 -683.303 511.0 4
111 -82.6315 558.194 -630.875 568.01 4
112 RANDOM
113 -206.948 657.312 -507.523 678.551 4
114 631.596 664.947 -1432.46 460.439 2
115 -15.9572 671.137 -510.635 617.294 2
116 28.0804 635.848 -527.343 587.063 2
117 58.0086 616.131 -543.554 569.463 2
118 80.8651 616.329 -550.474 567.428 2
119 -119.092 722.842 -303.394 789.648 4
120 -29.0216 509.555 -683.303 511.0 4
121 -82.6315 558.194 -630.875 568.01 4
122 -139.758 606.785 -577.511 626.05 4
123 -206.948 657.312 -507.523 678.551 4
124 631.596 664.947 -1432.46 460.439 2
125 -15.9572 671.137 -510.635 617.294 2
126 28.0804 635.848 -527.343 587.063 2
127 58.0086 616.131 -543.554 569.463 2
128 80.8651 616.329 -550.474 567.428 2
129 -119.092 722.842 -303.394 789.648 4
130 -29.0216 509.555 -683.303 511.0 4
131 -82.6315 558.194 -630.875 568.01 4
132 -139.758 606.785 -577.511 626.05 4
133 -206.948 657.312 -507.523 678.551 4
134 631.596 664.947 -1432.46 460.439 2
135 -15.9572 671.137 -510.635 617.294 2
136 28.0804 635.848 -527.343 587.063 2
137 58.0086 616.131 -543.554 569.463 2
138 80.8651 616.329 -550.474 567.428 2
139 -119.092 722.842 -303.394 789.648 4
140 -29.0216 509.555 -683.303 511.0 4
141 -82.6315 558.194 -630.875 568.01 4
142 -139.758 606.785 -577.511 626.05 4
143 -206.948 657.312 -507.523 678.551 4
144 631.596 664.947 -1432.46 460.439 2
145 -15.9572 671.137 -510.635 617.294 2
146 28.0804 635.848 -527.343 587.063 2
147 58.0086 616.131 -543.554 569.463 2
148 80.8651 616.329 -550.474 567.428 2
149 -119.092 722.842 -303.394 789.648 4
150 -29.0216 509.555 -683.303 511.0 4
151 -82.6315 558.194 -630.875 568.01 4
152 -139.758 606.785 -577.511 626.05 4
153 -206.948 657.312 -507.523 678.551 4
154 631.596 664.947 -1432.46 460.439 2
155 -15.9572 671.137 -510.635 617.294 2
156 28.0804 635.848 -527.343 587.063 2
157 58.0086 616.131 -543.554 569.463 2
158 80.8651 616.329 -550.474 567.428 2
159 -119.092 722.842 -303.394 789.648 4
160 RANDOM
161 -82.6315 558.194 -630.875 568.01 4
162 -139.758 606.785 -577.511 626.05 4
163 -206.948 657.312 -507.523 678.551 4
164 631.596 664.947 -1432.46 460.439 2
165 -15.9572 671.137 -510.635 617.294 2
166 28.0804 635.848 -527.343 587.063 2
167 58.0086 616.131 -543.554 569.463 2
168 80.8651 616.329 -550.474 567.428 2
169 -119.092 722.842 -303.394 789.648 4
170 -29.0216 509.555 -683.303 511.0 4
171 -82.6315 558.194 -630.875 568.01 4
172 -139.758 606.785 -577.511 626.05 4
173 -206.948 657.312 -507.523 678.551 4
174 631.596 664.947 -1432.46 460.439 2
175 RANDOM
176 28.0804 635.848 -527.343 587.063 2
177 58.0086 616.131 -543.554 569.463 2
178 80.8651 616.329 -550.474 567.428 2
179 -119.092 722.842 -303.394 789.648 4
180 -29.0216 509.555 -683.303 511.0 4
181 -82.6315 558.194 -630.875 568.01 4
182 -139.758 606.785 -577.511 626.05 4
183 -206.948 657.312 -507.523 678.551 4
184 631.596 664.947 -1432.46 460.439 2
185 RANDOM
186 28.0804 635.848 -527.343 587.063 2
187 58.0086 616.131 -543.554 569.463 2
188 80.8651 616.329 -550.474 567.428 2
189 -119.092 722.842 -303.394 789.648 4
190 -29.0216 509.555 -683.303 511.0 4
191 -82.6315 558.194 -630.875 568.01 4
192 -139.758 606.785 -577.511 626.05 4
193 -206.948 657.312 -507.523 678.551 4
194 631.596 664.947 -1432.46 460.439 2
195 -15.9572 671.137 -510.635 617.294 2
196 28.0804 635.848 -527.343 587.063 2
197 58.0086 616.131 -543.554 569.463 2
198 RANDOM
199 -119.092 722.842 -303.394 789.648 4
200 -29.0216 509.555 -683.303 511.0 4
201 -82.6315 558.194 -630.875 568.01 4
202 -139.758 606.785 -577.511 626.05 4
203 -206.948 657.312 -507.523 678.551 4
204 631.596 664.947 -1432.46 460.439 2
205 -15.9572 671.137 -510.635 617.294 2
206 RANDOM
207 58.0086 616.131 -543.554 569.463 2
208 80.8651 616.329 -550.474 567.428 2
209 -119.092 722.842 -303.394 789.648 4
210 -29.0216 509.555 -683.303 511.0 4
211 -82.6315 558.194 -630.875 568.01 4
212 -139.758 606.785 -577.511 626.05 4
213 RANDOM
214 631.596 664.947 -1432.46 460.439 2
215 -15.9572 671.137 -510.635 617.294 2
216 28.0804 635.848 -527.343 587.063 2
217 58.0086 616.131 -543.554 569.463 2
218 80.8651 616.329 -550.474 567.428 2
219 RANDOM
220 -65.0348 712.069 -298.276 761.004 4
221 -292.151 844.576 -222.134 984.119 4
222 RANDOM
223 -82.6315 558.194 -630.875 568.01 4
224 -139.758 606.785 -577.511 626.05 4
225 -206.948 657.312 -507.523 678.551 4
226 631.596 664.947 -1432.46 460.439 2
227 -15.9572 671.137 -510.635 617.294 2
228 28.0804 635.848 -527.343 587.063 2
229 58.0086 616.131 -543.554 569.463 2
230 80.8651 616.329 -550.474 567.428 2
231 -119.092 722.842 -303.394 789.648 4
232 -29.0216 509.555 -683.303 511.0 4
233 -82.6315 558.194 -630.875 568.01 4
234 -139.758 606.785 -577.511 626.05 4
235 -206.948 657.312 -507.523 678.551 4
236 631.596 664.947 -1432.46 460.439 2
237 -15.9572 671.137 -510.635 617.294 2
238 28.0804 635.848 -527.343 587.063 2
239 58.0086 616.131 -543.554 569.463 2
240 80.8651 616.329 -550.474 567.428 2
241 -119.092 722.842 -303.394 789.648 4
242 -29.0216 509.555 -683.303 511.0 4
243 -82.6315 558.194 -630.875 568.01 4
244 -139.758 606.785 -577.511 626.05 4
245 RANDOM
246 631.596 664.947 -1432.46 460.439 2
247 -15.9572 671.137 -510.635 617.294 2
248 RANDOM
249 58.0086 616.131 -543.554 569.463 2
250 80.8651 616.329 -550.474 567.428 2
251 -119.092 722.842 -303.394 789.648 4
252 -29.0216 509.555 -683.303 511.0 4
253 -82.6315 558.194 -630.875 568.01 4
254 -139.758 606.785 -577.511 626.05 4
255 -206.948 657.312 -507.523 678.551 4
256 631.596 664.947 -1432.46 460.439 2
257 -15.9572 671.137 -510.635 617.294 2
258 28.0804 635.848 -527.343 587.063 2
259 58.0086 616.131 -543.554 569.463 2
260 80.8651 616.329 -550.474 567.428 2
261 -119.092 722.842 -303.394 789.648 4
262 RANDOM
263 -82.6315 558.194 -630.875 568.01 4
264 -139.758 606.785 -577.511 626.05 4
265 -206.948 657.312 -507.523 678.551 4
266 631.596 664.947 -1432.46 460.439 2
267 RANDOM
268 28.0804 635.848 -527.343 587.063 2
269 58.0086 616.131 -543.554 569.463 2
270 80.8651 616.329 -550.474 567.428 2
271 -119.092 722.842 -303.394 789.648 4
272 -29.0216 509.555 -683.303 511.0 4
273 -82.6315 558.194 -630.875 568.01 4
274 -139.758 606.785 -577.511 626.05 4
275 -206.948 657.312 -507.523 678.551 4
276 631.596 664.947 -1432.46 460.439 2
277 -15.9572 671.137 -510.635 617.294 2
278 28.0804 635.848 -527.343 587.063 2
279 58.0086 616.131 -543.554 569.463 2
280 80.8651 616.329 -550.474 567.428 2
281 RANDOM
282 -65.0348 712.069 -298.276 761.004 4
283 -292.151 844.576 -222.134 984.119 4
284 -29.0216 509.555 -683.303 511.0 4
285 -82.6315 558.194 -630.875 568.01 4
286 -139.758 606.785 -577.511 626.05 4
287 -206.948 657.312 -507.523 678.551 4
288 631.596 664.947 -1432.46 460.439 2
289 -15.9572 671.137 -510.635 617.294 2
290 28.0804 635.848 -527.343 587.063 2
291 58.0086 616.131 -543.554 569.463 2
292 RANDOM
293 -119.092 722.842 -303.394 789.648 4
294 -29.0216 509.555 -683.303 511.0 4
295 -82.6315 558.194 -630.875 568.01 4
296 -139.758 606.785 -577.511 626.05 4
297 -206.948 657.312 -507.523 678.551 4
298 631.596 664.947 -1432.46 460.439 2
299 -15.9572 671.137 -510.635 617.294 2
300 28.0804 635.848 -527.343 587.063 2
301 58.0086 616.131 -543.554 569.463 2
302 80.8651 616.329 -550.474 567.428 2
303 -119.092 722.842 -303.394 789.648 4
304 -29.0216 509.555 -683.303 511.0 4
305 -82.6315 558.194 -630.875 568.01 4
306 -139.758 606.785 -577.511 626.05 4
307 -206.948 657.312 -507.523 678.551 4
308 631.596 664.947 -1432.46 460.439 2
309 -15.9572 671.137 -510.635 617.294 2
310 28.0804 635.848 -527.343 587.063 2
311 58.0086 616.131 -543.554 569.463 2
312 80.8651 616.329 -550.474 567.428 2
313 -119.092 722.842 -303.394 789.648 4
314 -29.0216 509.555 -683.303 511.0 4
315 -82.6315 558.194 -630.875 568.01 4
316 -139.758 606.785 -577.511 626.05 4
317 -206.948 657.312 -507.523 678.551 4
318 631.596 664.947 -1432.46 460.439 2
319 -15.9572 671.137 -510.635 617.294 2
320 28.0804 635.848 -527.343 587.063 2
321 58.0086 616.131 -543.554 569.463 2
322 80.8651 616.329 -550.474 567.428 2
323 -119.092 722.842 -303.394 789.648 4
324 -29.0216 509.555 -683.303 511.0 4
325 -82.6315 558.194 -630.875 568.01 4
326 -139.758 606.785 -577.511 626.05 4
327 -206.948 657.312 -507.523 678.551 4
328 631.596 664.947 -1432.46 460.439 2
329 -15.9572 671.137 -510.635 617.294 2
330 28.0804 635.848 -527.343 587.063 2
331 58.0086 616.131 -543.554 569.463 2
332 80.8651 616.329 -550.474 567.428 2
333 -119.092 722.842 -303.394 789.648 4
334 -29.0216 509.555 -683.303 511.0 4
335 -82.6315 558.194 -630.875 568.01 4
336 -139.758 606.785 -577.511 626.05 4
337 -206.948 657.312 -507.523 678.551 4
338 RANDOM
339 588.271 470.395 -1450.25 262.563 1
340 389.514 426.091 -1228.03 251.081 2
