0 -240.332 233.809 -896.197 218.028 2
1 -208.626 231.097 -920.106 213.397 2
2 -187.329 244.271 -929.019 223.087 2
3 -316.703 207.488 -796.173 228.417 4
4 -317.304 193.364 -1002.05 245.0 4
5 -358.21 193.947 -970.612 249.55 4
6 -404.443 196.949 -940.487 257.503 4
7 RANDOM
8 218.069 246.099 -1481.7 185.765 2
9 -282.754 247.717 -871.323 233.258 2
10 -240.332 233.809 -896.197 218.028 2
11 -208.626 231.097 -920.106 213.397 2
12 -187.329 244.271 -929.019 223.087 2
13 -316.703 207.488 -796.173 228.417 4
14 -317.304 193.364 -1002.05 245.0 4
15 RANDOM
16 -404.443 196.949 -940.487 257.503 4
17 -452.557 202.896 -896.546 268.353 4
18 218.069 246.099 -1481.7 185.765 2
19 -282.754 247.717 -871.323 233.258 2
20 RANDOM
21 -208.626 231.097 -920.106 213.397 2
22 -187.329 244.271 -929.019 223.087 2
23 -316.703 207.488 -796.173 228.417 4
24 -317.304 193.364 -1002.05 245.0 4
25 -358.21 193.947 -970.612 249.55 4
26 -404.443 196.949 -940.487 257.503 4
27 -452.557 202.896 -896.546 268.353 4
28 218.069 246.099 -1481.7 185.765 2
29 -282.754 247.717 -871.323 233.258 2
30 -240.332 233.809 -896.197 218.028 2
31 -208.626 231.097 -920.106 213.397 2
32 -187.329 244.271 -929.019 223.087 2
33 -316.703 207.488 -796.173 228.417 4
34 RANDOM
35 -358.21 193.947 -970.612 249.55 4
36 -404.443 196.949 -940.487 257.503 4
37 -452.557 202.896 -896.546 268.353 4
38 218.069 246.099 -1481.7 185.765 2
39 -282.754 247.717 -871.323 233.258 2
40 -246.524 208.525 -873.888 194.406 2
41 -215.803 205.157 -894.03 189.672 2
42 -196.577 212.764 -899.92 192.969 2
43 -320.733 186.592 -776.542 209.832 4
44 -336.101 166.281 -977.783 216.655 4
45 -377.51 169.756 -944.09 224.734 4
46 -423.923 179.405 -911.696 240.849 4
47 -472.794 192.93 -873.099 258.913 4
48 198.717 228.019 -1473.48 157.85 2
49 -288.082 231.339 -853.436 218.643 2
50 -246.524 208.525 -873.888 194.406 2
51 -215.803 205.157 -894.03 189.672 2
52 -196.577 212.764 -899.92 192.969 2
53 -320.733 186.592 -776.542 209.832 4
54 -336.101 166.281 -977.783 216.655 4
55 -377.51 169.756 -944.09 224.734 4
56 -423.923 179.405 -911.696 240.849 4
57 -472.794 192.93 -873.099 258.913 4
58 198.717 228.019 -1473.48 157.85 2
59 -288.082 231.339 -853.436 218.643 2
60 -246.524 208.525 -873.888 194.406 2
61 -215.803 205.157 -894.03 189.672 2
62 -196.577 212.764 -899.92 192.969 2
63 -320.733 186.592 -776.542 209.832 4
64 -336.101 166.281 -977.783 216.655 4
65 -377.51 169.756 -944.09 224.734 4
66 -423.923 179.405 -911.696 240.849 4
67 -472.794 192.93 -873.099 258.913 4
68 198.717 228.019 -1473.48 157.85 2
69 -288.082 231.339 -853.436 218.643 2
70 -246.524 208.525 -873.888 194.406 2
71 -215.803 205.157 -894.03 189.672 2
72 -196.577 212.764 -899.92 192.969 2
73 -320.733 186.592 -776.542 209.832 4
74 -336.101 166.281 -977.783 216.655 4
75 -377.51 169.756 -944.09 224.734 4
76 -423.923 179.405 -911.696 240.849 4
77 -472.794 192.93 -873.099 258.913 4
78 198.717 228.019 -1473.48 157.85 2
79 -288.082 231.339 -853.436 218.643 2
80 -246.524 208.525 -873.888 194.406 2
81 -215.803 205.157 -894.03 189.672 2
82 -196.577 212.764 -899.92 192.969 2
83 -320.733 186.592 -776.542 209.832 4
84 -336.101 166.281 -977.783 216.655 4
85 -377.51 169.756 -944.09 224.734 4
86 -423.923 179.405 -911.696 240.849 4
87 -472.794 192.93 -873.099 258.913 4
88 198.717 228.019 -1473.48 157.85 2
89 -288.082 231.339 -853.436 218.643 2
90 -246.524 208.525 -873.888 194.406 2
91 -215.803 205.157 -894.03 189.672 2
92 -196.577 212.764 -899.92 192.969 2
93 -320.733 186.592 -776.542 209.832 4
94 -336.101 166.281 -977.783 216.655 4
95 -377.51 169.756 -944.09 224.734 4
96 -423.923 179.405 -911.696 240.849 4
97 -472.794 192.93 -873.099 258.913 4
98 198.717 228.019 -1473.48 157.85 2
99 -288.082 231.339 -853.436 218.643 2
100 -238.077 209.718 -896.405 197.627 2
101 -210.009 203.895 -913.996 190.715 2
102 -190.099 215.755 -919.935 200.759 2
103 -306.683 184.342 -813.867 205.124 4
104 -327.133 166.691 -983.679 220.495 4
105 -368.704 170.04 -949.537 228.736 4
106 -415.152 179.519 -917.602 244.768 4
107 RANDOM
108 210.166 226.47 -1485.85 163.415 2
109 -276.926 229.674 -877.037 218.368 2
110 -238.077 209.718 -896.405 197.627 2
111 -210.009 203.895 -913.996 190.715 2
112 -190.099 215.755 -919.935 200.759 2
113 -306.683 184.342 -813.867 205.124 4
114 -327.133 166.691 -983.679 220.495 4
115 -368.704 170.04 -949.537 228.736 4
116 -415.152 179.519 -917.602 244.768 4
117 -466.749 183.312 -878.281 250.48 4
118 210.166 226.47 -1485.85 163.415 2
119 -276.926 229.674 -877.037 218.368 2
120 RANDOM
121 RANDOM
122 -190.099 215.755 -919.935 200.759 2
123 -306.683 184.342 -813.867 205.124 4
124 RANDOM
125 -368.704 170.04 -949.537 228.736 4
126 -415.152 179.519 -917.602 244.768 4
127 -466.749 183.312 -878.281 250.48 4
128 210.166 226.47 -1485.85 163.415 2
129 -276.926 229.674 -877.037 218.368 2
130 -238.077 209.718 -896.405 197.627 2
131 -210.009 203.895 -913.996 190.715 2
132 -190.099 215.755 -919.935 200.759 2
133 -306.683 184.342 -813.867 205.124 4
134 -327.133 166.691 -983.679 220.495 4
135 -368.704 170.04 -949.537 228.736 4
136 RANDOM
137 -466.749 183.312 -878.281 250.48 4
138 210.166 226.47 -1485.85 163.415 2
139 -276.926 229.674 -877.037 218.368 2
140 -238.077 209.718 -896.405 197.627 2
141 -210.009 203.895 -913.996 190.715 2
142 -190.099 215.755 -919.935 200.759 2
143 -306.683 184.342 -813.867 205.124 4
144 RANDOM
145 -368.704 170.04 -949.537 228.736 4
146 -415.152 179.519 -917.602 244.768 4
147 -466.749 183.312 -878.281 250.48 4
148 210.166 226.47 -1485.85 163.415 2
149 -276.926 229.674 -877.037 218.368 2
150 -238.077 209.718 -896.405 197.627 2
151 -210.009 203.895 -913.996 190.715 2
152 -190.099 215.755 -919.935 200.759 2
153 -306.683 184.342 -813.867 205.124 4
154 -327.133 166.691 -983.679 220.495 4
155 -368.704 170.04 -949.537 228.736 4
156 -415.152 179.519 -917.602 244.768 4
157 -466.749 183.312 -878.281 250.48 4
158 210.166 226.47 -1485.85 163.415 2
159 -276.926 229.674 -877.037 218.368 2
160 -238.077 209.718 -896.405 197.627 2
161 -210.009 203.895 -913.996 190.715 2
162 -190.099 215.755 -919.935 200.759 2
163 -306.683 184.342 -813.867 205.124 4
164 RANDOM
165 -368.704 170.04 -949.537 228.736 4
166 -415.152 179.519 -917.602 244.768 4
167 -466.749 183.312 -878.281 250.48 4
168 210.166 226.47 -1485.85 163.415 2
169 -276.926 229.674 -877.037 218.368 2
170 -238.077 209.718 -896.405 197.627 2
171 -210.009 203.895 -913.996 190.715 2
172 -190.099 215.755 -919.935 200.759 2
173 -306.683 184.342 -813.867 205.124 4
174 -327.133 166.691 -983.679 220.495 4
175 -368.704 170.04 -949.537 228.736 4
176 -415.152 179.519 -917.602 244.768 4
177 -466.749 183.312 -878.281 250.48 4
178 210.166 226.47 -1485.85 163.415 2
179 -276.926 229.674 -877.037 218.368 2
180 -238.077 209.718 -896.405 197.627 2
181 -210.009 203.895 -913.996 190.715 2
182 -190.099 215.755 -919.935 200.759 2
183 -306.683 184.342 -813.867 205.124 4
184 RANDOM
185 -368.704 170.04 -949.537 228.736 4
186 -415.152 179.519 -917.602 244.768 4
187 -466.749 183.312 -878.281 250.48 4
188 210.166 226.47 -1485.85 163.415 2
189 -276.926 229.674 -877.037 218.368 2
190 -238.077 209.718 -896.405 197.627 2
191 -210.009 203.895 -913.996 190.715 2
192 -190.099 215.755 -919.935 200.759 2
193 -306.683 184.342 -813.867 205.124 4
194 -327.133 166.691 -983.679 220.495 4
195 -368.704 170.04 -949.537 228.736 4
196 -415.152 179.519 -917.602 244.768 4
197 -466.749 183.312 -878.281 250.48 4
198 210.166 226.47 -1485.85 163.415 2
199 -276.926 229.674 -877.037 218.368 2
200 -238.077 209.718 -896.405 197.627 2
201 -210.009 203.895 -913.996 190.715 2
202 -190.099 215.755 -919.935 200.759 2
203 -306.683 184.342 -813.867 205.124 4
204 -327.133 166.691 -983.679 220.495 4
205 -368.704 170.04 -949.537 228.736 4
206 -415.152 179.519 -917.602 244.768 4
207 -466.749 183.312 -878.281 250.48 4
208 RANDOM
209 141.166 162.972 -1464.5 129.816 2
210 69.4173 205.462 -1407.19 182.944 2
211 -276.926 229.674 -877.037 218.368 2
212 -238.077 209.718 -896.405 197.627 2
213 -210.009 203.895 -913.996 190.715 2
214 -190.099 215.755 -919.935 200.759 2
215 -306.683 184.342 -813.867 205.124 4
216 -327.133 166.691 -983.679 220.495 4
217 -368.704 170.04 -949.537 228.736 4
218 -415.152 179.519 -917.602 244.768 4
219 -466.749 183.312 -878.281 250.48 4
220 210.166 226.47 -1485.85 163.415 2
221 -276.926 229.674 -877.037 218.368 2
222 -238.077 209.718 -896.405 197.627 2
223 -210.009 203.895 -913.996 190.715 2
224 -190.099 215.755 -919.935 200.759 2
225 -306.683 184.342 -813.867 205.124 4
226 -327.133 166.691 -983.679 220.495 4
227 -368.704 170.04 -949.537 228.736 4
228 -415.152 179.519 -917.602 244.768 4
229 -466.749 183.312 -878.281 250.48 4
230 210.166 226.47 -1485.85 163.415 2
231 -276.926 229.674 -877.037 218.368 2
232 -238.077 209.718 -896.405 197.627 2
233 -210.009 203.895 -913.996 190.715 2
234 -190.099 215.755 -919.935 200.759 2
235 -306.683 184.342 -813.867 205.124 4
236 -327.133 166.691 -983.679 220.495 4
237 -368.704 170.04 -949.537 228.736 4
238 -415.152 179.519 -917.602 244.768 4
239 -466.749 183.312 -878.281 250.48 4
240 210.166 226.47 -1485.85 163.415 2
241 -276.926 229.674 -877.037 218.368 2
242 -238.077 209.718 -896.405 197.627 2
243 -210.009 203.895 -913.996 190.715 2
244 -190.099 215.755 -919.935 200.759 2
245 -306.683 184.342 -813.867 205.124 4
246 -327.133 166.691 -983.679 220.495 4
247 -368.704 170.04 -949.537 228.736 4
248 -415.152 179.519 -917.602 244.768 4
249 -466.749 183.312 -878.281 250.48 4
250 210.166 226.47 -1485.85 163.415 2
251 -276.926 229.674 -877.037 218.368 2
252 -238.077 209.718 -896.405 197.627 2
253 -210.009 203.895 -913.996 190.715 2
254 -190.099 215.755 -919.935 200.759 2
255 -306.683 184.342 -813.867 205.124 4
256 -327.133 166.691 -983.679 220.495 4
257 -368.704 170.04 -949.537 228.736 4
258 -415.152 179.519 -917.602 244.768 4
259 -466.749 183.312 -878.281 250.48 4
260 210.166 226.47 -1485.85 163.415 2
261 -276.926 229.674 -877.037 218.368 2
262 -238.077 209.718 -896.405 197.627 2
263 -210.009 203.895 -913.996 190.715 2
264 -190.099 215.755 -919.935 200.759 2
265 -306.683 184.342 -813.867 205.124 4
266 RANDOM
267 -368.704 170.04 -949.537 228.736 4
268 -415.152 179.519 -917.602 244.768 4
269 -466.749 183.312 -878.281 250.48 4
270 210.166 226.47 -1485.85 163.415 2
271 -276.926 229.674 -877.037 218.368 2
272 -238.077 209.718 -896.405 197.627 2
273 -210.009 203.895 -913.996 190.715 2
274 -190.099 215.755 -919.935 200.759 2
275 -306.683 184.342 -813.867 205.124 4
276 -327.133 166.691 -983.679 220.495 4
277 -368.704 170.04 -949.537 228.736 4
278 -415.152 179.519 -917.602 244.768 4
279 -466.749 183.312 -878.281 250.48 4
280 210.166 226.47 -1485.85 163.415 2
281 -276.926 229.674 -877.037 218.368 2
282 -238.077 209.718 -896.405 197.627 2
283 -210.009 203.895 -913.996 190.715 2
284 -190.099 215.755 -919.935 200.759 2
285 -306.683 184.342 -813.867 205.124 4
286 RANDOM
287 -368.704 170.04 -949.537 228.736 4
288 -415.152 179.519 -917.602 244.768 4
289 -466.749 183.312 -878.281 250.48 4
290 210.166 226.47 -1485.85 163.415 2
291 -276.926 229.674 -877.037 218.368 2
292 -238.077 209.718 -896.405 197.627 2
293 -210.009 203.895 -913.996 190.715 2
294 -190.099 215.755 -919.935 200.759 2
295 -306.683 184.342 -813.867 205.124 4
296 -327.133 166.691 -983.679 220.495 4
297 -368.704 170.04 -949.537 228.736 4
298 -415.152 179.519 -917.602 244.768 4
299 -466.749 183.312 -878.281 250.48 4
300 210.166 226.47 -1485.85 163.415 2
301 -276.926 229.674 -877.037 218.368 2
302 -238.077 209.718 -896.405 197.627 2
303 -210.009 203.895 -913.996 190.715 2
304 -190.099 215.755 -919.935 200.759 2
305 -306.683 184.342 -813.867 205.124 4
306 -327.133 166.691 -983.679 220.495 4
307 -368.704 170.04 -949.537 228.736 4
308 -415.152 179.519 -917.602 244.768 4
309 -466.749 183.312 -878.281 250.48 4
310 210.166 226.47 -1485.85 163.415 2
311 -276.926 229.674 -877.037 218.368 2
312 -238.077 209.718 -896.405 197.627 2
313 -210.009 203.895 -913.996 190.715 2
314 -190.099 215.755 -919.935 200.759 2
315 -306.683 184.342 -813.867 205.124 4
316 -327.133 166.691 -983.679 220.495 4
317 -368.704 170.04 -949.537 228.736 4
318 -415.152 179.519 -917.602 244.768 4
319 -466.749 183.312 -878.281 250.48 4
320 210.166 226.47 -1485.85 163.415 2
321 -276.926 229.674 -877.037 218.368 2
322 RANDOM
323 -210.009 203.895 -913.996 190.715 2
324 -190.099 215.755 -919.935 200.759 2
325 -306.683 184.342 -813.867 205.124 4
326 -327.133 166.691 -983.679 220.495 4
327 -368.704 170.04 -949.537 228.736 4
328 -415.152 179.519 -917.602 244.768 4
329 -466.749 183.312 -878.281 250.48 4
330 210.166 226.47 -1485.85 163.415 2
331 -276.926 229.674 -877.037 218.368 2
332 -238.077 209.718 -896.405 197.627 2
333 -210.009 203.895 -913.996 190.715 2
334 -190.099 215.755 -919.935 200.759 2
335 -306.683 184.342 -813.867 205.124 4
336 -327.133 166.691 -983.679 220.495 4
337 -368.704 170.04 -949.537 228.736 4
338 -415.152 179.519 -917.602 244.768 4
339 -466.749 183.312 -878.281 250.48 4
340 210.166 226.47 -1485.85 163.415 2
341 -276.926 229.674 -877.037 218.368 2
342 -238.077 209.718 -896.405 197.627 2
343 -210.009 203.895 -913.996 190.715 2
344 -190.099 215.755 -919.935 200.759 2
345 -306.683 184.342 -813.867 205.124 4
346 -327.133 166.691 -983.679 220.495 4
347 -368.704 170.04 -949.537 228.736 4
348 -415.152 179.519 -917.602 244.768 4
349 -466.749 183.312 -878.281 250.48 4
350 210.166 226.47 -1485.85 163.415 2
351 -276.926 229.674 -877.037 218.368 2
352 -238.077 209.718 -896.405 197.627 2
353 -210.009 203.895 -913.996 190.715 2
354 -190.099 215.755 -919.935 200.759 2
355 -306.683 184.342 -813.867 205.124 4
356 -327.133 166.691 -983.679 220.495 4
357 -368.704 170.04 -949.537 228.736 4
358 -415.152 179.519 -917.602 244.768 4
359 -466.749 183.312 -878.281 250.48 4
360 210.166 226.47 -1485.85 163.415 2
361 -276.926 229.674 -877.037 218.368 2
362 -238.077 209.718 -896.405 197.627 2
363 -210.009 203.895 -913.996 190.715 2
364 -190.099 215.755 -919.935 200.759 2
365 -306.683 184.342 -813.867 205.124 4
366 -327.133 166.691 -983.679 220.495 4
367 -368.704 170.04 -949.537 228.736 4
368 -415.152 179.519 -917.602 244.768 4
369 -466.749 183.312 -878.281 250.48 4
370 210.166 226.47 -1485.85 163.415 2
371 -276.926 229.674 -877.037 218.368 2
372 -238.077 209.718 -896.405 197.627 2
373 -210.009 203.895 -913.996 190.715 2
374 -190.099 215.755 -919.935 200.759 2
375 -306.683 184.342 -813.867 205.124 4
376 -327.133 166.691 -983.679 220.495 4
377 RANDOM
378 -415.152 179.519 -917.602 244.768 4
379 -466.749 183.312 -878.281 250.48 4
380 210.166 226.47 -1485.85 163.415 2
381 -276.926 229.674 -877.037 218.368 2
382 -238.077 209.718 -896.405 197.627 2
383 RANDOM
384 -190.099 215.755 -919.935 200.759 2
385 -306.683 184.342 -813.867 205.124 4
386 -327.133 166.691 -983.679 220.495 4
387 -368.704 170.04 -949.537 228.736 4
388 -415.152 179.519 -917.602 244.768 4
389 RANDOM
390 210.166 226.47 -1485.85 163.415 2
391 -276.926 229.674 -877.037 218.368 2
392 -238.077 209.718 -896.405 197.627 2
393 -210.009 203.895 -913.996 190.715 2
394 -190.099 215.755 -919.935 200.759 2
395 -306.683 184.342 -813.867 205.124 4
396 -327.133 166.691 -983.679 220.495 4
397 -368.704 170.04 -949.537 228.736 4
398 -415.152 179.519 -917.602 244.768 4
399 -466.749 183.312 -878.281 250.48 4
400 210.166 226.47 -1485.85 163.415 2
401 -276.926 229.674 -877.037 218.368 2
402 -238.077 209.718 -896.405 197.627 2
403 -210.009 203.895 -913.996 190.715 2
404 -190.099 215.755 -919.935 200.759 2
405 -306.683 184.342 -813.867 205.124 4
406 -327.133 166.691 -983.679 220.495 4
407 -368.704 170.04 -949.537 228.736 4
408 -415.152 179.519 -917.602 244.768 4
409 RANDOM
410 210.166 226.47 -1485.85 163.415 2
411 -276.926 229.674 -877.037 218.368 2
412 -238.077 209.718 -896.405 197.627 2
413 -210.009 203.895 -913.996 190.715 2
414 RANDOM
415 -306.683 184.342 -813.867 205.124 4
416 -327.133 166.691 -983.679 220.495 4
417 -368.704 170.04 -949.537 228.736 4
418 -415.152 179.519 -917.602 244.768 4
419 -466.749 183.312 -878.281 250.48 4
420 210.166 226.47 -1485.85 163.415 2
421 -276.926 229.674 -877.037 218.368 2
422 -238.077 209.718 -896.405 197.627 2
423 -210.009 203.895 -913.996 190.715 2
424 -190.099 215.755 -919.935 200.759 2
425 -306.683 184.342 -813.867 205.124 4
426 -327.133 166.691 -983.679 220.495 4
427 -368.704 170.04 -949.537 228.736 4
428 -415.152 179.519 -917.602 244.768 4
429 -466.749 183.312 -878.281 250.48 4
430 210.166 226.47 -1485.85 163.415 2
431 -276.926 229.674 -877.037 218.368 2
432 -238.077 209.718 -896.405 197.627 2
433 -210.009 203.895 -913.996 190.715 2
434 -190.099 215.755 -919.935 200.759 2
435 -306.683 184.342 -813.867 205.124 4
436 -327.133 166.691 -983.679 220.495 4
437 -368.704 170.04 -949.537 228.736 4
438 -415.152 179.519 -917.602 244.768 4
439 -466.749 183.312 -878.281 250.48 4
440 210.166 226.47 -1485.85 163.415 2
441 -276.926 229.674 -877.037 218.368 2
442 -238.077 209.718 -896.405 197.627 2
443 -210.009 203.895 -913.996 190.715 2
444 -190.099 215.755 -919.935 200.759 2
445 RANDOM
446 -271.784 174.82 -804.081 181.252 4
447 -465.903 229.696 -763.499 319.554 4
448 -327.133 166.691 -983.679 220.495 4
449 -368.704 170.04 -949.537 228.736 4
450 -415.152 179.519 -917.602 244.768 4
451 -466.749 183.312 -878.281 250.48 4
452 210.166 226.47 -1485.85 163.415 2
453 RANDOM
454 -238.077 209.718 -896.405 197.627 2
455 -210.009 203.895 -913.996 190.715 2
456 -190.099 215.755 -919.935 200.759 2
457 -306.683 184.342 -813.867 205.124 4
458 -327.133 166.691 -983.679 220.495 4
459 -368.704 170.04 -949.537 228.736 4
460 -415.152 179.519 -917.602 244.768 4
461 -466.749 183.312 -878.281 250.48 4
462 210.166 226.47 -1485.85 163.415 2
463 -276.926 229.674 -877.037 218.368 2
464 -238.077 209.718 -896.405 197.627 2
465 -210.009 203.895 -913.996 190.715 2
466 -190.099 215.755 -919.935 200.759 2
467 -306.683 184.342 -813.867 205.124 4
468 -327.133 166.691 -983.679 220.495 4
469 -368.704 170.04 -949.537 228.736 4
470 -415.152 179.519 -917.602 244.768 4
471 -466.749 183.312 -878.281 250.48 4
472 210.166 226.47 -1485.85 163.415 2
473 -276.926 229.674 -877.037 218.368 2
474 -238.077 209.718 -896.405 197.627 2
475 -210.009 203.895 -913.996 190.715 2
476 -190.099 215.755 -919.935 200.759 2
477 -306.683 184.342 -813.867 205.124 4
478 -327.133 166.691 -983.679 220.495 4
479 -368.704 170.04 -949.537 228.736 4
480 -415.152 179.519 -917.602 244.768 4
481 -466.749 183.312 -878.281 250.48 4
482 210.166 226.47 -1485.85 163.415 2
483 -276.926 229.674 -877.037 218.368 2
484 -238.077 209.718 -896.405 197.627 2
485 -210.009 203.895 -913.996 190.715 2
486 -190.099 215.755 -919.935 200.759 2
487 -306.683 184.342 -813.867 205.124 4
488 -327.133 166.691 -983.679 220.495 4
489 -368.704 170.04 -949.537 228.736 4
490 -415.152 179.519 -917.602 244.768 4
491 -466.749 183.312 -878.281 250.48 4
492 210.166 226.47 -1485.85 163.415 2
493 -276.926 229.674 -877.037 218.368 2
494 -238.077 209.718 -896.405 197.627 2
495 -210.009 203.895 -913.996 190.715 2
496 -190.099 215.755 -919.935 200.759 2
497 -306.683 184.342 -813.867 205.124 4
498 -327.133 166.691 -983.679 220.495 4
499 -368.704 170.04 -949.537 228.736 4
500 -415.152 179.519 -917.602 244.768 4
501 -466.749 183.312 -878.281 250.48 4
502 210.166 226.47 -1485.85 163.415 2
503 -276.926 229.674 -877.037 218.368 2
504 -238.077 209.718 -896.405 197.627 2
505 -210.009 203.895 -913.996 190.715 2
506 -190.099 215.755 -919.935 200.759 2
507 -306.683 184.342 -813.867 205.124 4
508 -327.133 166.691 -983.679 220.495 4
509 -368.704 170.04 -949.537 228.736 4
510 -415.152 179.519 -917.602 244.768 4
511 -466.749 183.312 -878.281 250.48 4
512 210.166 226.47 -1485.85 163.415 2
513 -276.926 229.674 -877.037 218.368 2
514 -238.077 209.718 -896.405 197.627 2
515 -210.009 203.895 -913.996 190.715 2
516 -190.099 215.755 -919.935 200.759 2
517 -306.683 184.342 -813.867 205.124 4
518 -327.133 166.691 -983.679 220.495 4
519 -368.704 170.04 -949.537 228.736 4
520 -415.152 179.519 -917.602 244.768 4
521 -466.749 183.312 -878.281 250.48 4
522 210.166 226.47 -1485.85 163.415 2
523 -276.926 229.674 -877.037 218.368 2
524 -238.077 209.718 -896.405 197.627 2
525 -210.009 203.895 -913.996 190.715 2
526 -190.099 215.755 -919.935 200.759 2
527 -306.683 184.342 -813.867 205.124 4
528 -327.133 166.691 -983.679 220.495 4
529 -368.704 170.04 -949.537 228.736 4
530 -415.152 179.519 -917.602 244.768 4
531 -466.749 183.312 -878.281 250.48 4
532 210.166 226.47 -1485.85 163.415 2
533 -276.926 229.674 -877.037 218.368 2
534 -238.077 209.718 -896.405 197.627 2
535 -210.009 203.895 -913.996 190.715 2
536 -190.099 215.755 -919.935 200.759 2
537 -306.683 184.342 -813.867 205.124 4
538 -327.133 166.691 -983.679 220.495 4
539 -368.704 170.04 -949.537 228.736 4
540 -415.152 179.519 -917.602 244.768 4
541 -466.749 183.312 -878.281 250.48 4
542 210.166 226.47 -1485.85 163.415 2
543 -276.926 229.674 -877.037 218.368 2
544 -238.077 209.718 -896.405 197.627 2
545 -210.009 203.895 -913.996 190.715 2
546 -190.099 215.755 -919.935 200.759 2
547 -306.683 184.342 -813.867 205.124 4
548 -327.133 166.691 -983.679 220.495 4
549 -368.704 170.04 -949.537 228.736 4
550 -415.152 179.519 -917.602 244.768 4
551 -466.749 183.312 -878.281 250.48 4
552 210.166 226.47 -1485.85 163.415 2
553 -276.926 229.674 -877.037 218.368 2
554 -238.077 209.718 -896.405 197.627 2
555 RANDOM
556 -190.099 215.755 -919.935 200.759 2
557 -306.683 184.342 -813.867 205.124 4
558 -327.133 166.691 -983.679 220.495 4
559 -368.704 170.04 -949.537 228.736 4
560 -415.152 179.519 -917.602 244.768 4
561 -466.749 183.312 -878.281 250.48 4
562 210.166 226.47 -1485.85 163.415 2
563 -276.926 229.674 -877.037 218.368 2
564 -238.077 209.718 -896.405 197.627 2
565 RANDOM
566 -190.099 215.755 -919.935 200.759 2
567 -306.683 184.342 -813.867 205.124 4
568 -327.133 166.691 -983.679 220.495 4
569 -368.704 170.04 -949.537 228.736 4
570 -415.152 179.519 -917.602 244.768 4
571 RANDOM
572 210.166 226.47 -1485.85 163.415 2
573 -276.926 229.674 -877.037 218.368 2
574 -238.077 209.718 -896.405 197.627 2
575 -210.009 203.895 -913.996 190.715 2
576 -190.099 215.755 -919.935 200.759 2
577 -306.683 184.342 -813.867 205.124 4
578 -327.133 166.691 -983.679 220.495 4
579 -368.704 170.04 -949.537 228.736 4
580 -415.152 179.519 -917.602 244.768 4
581 -466.749 183.312 -878.281 250.48 4
582 210.166 226.47 -1485.85 163.415 2
583 -276.926 229.674 -877.037 218.368 2
584 -238.077 209.718 -896.405 197.627 2
585 -210.009 203.895 -913.996 190.715 2
586 -190.099 215.755 -919.935 200.759 2
587 -306.683 184.342 -813.867 205.124 4
588 -327.133 166.691 -983.679 220.495 4
589 -368.704 170.04 -949.537 228.736 4
590 -415.152 179.519 -917.602 244.768 4
591 -466.749 183.312 -878.281 250.48 4
592 210.166 226.47 -1485.85 163.415 2
593 -276.926 229.674 -877.037 218.368 2
594 -238.077 209.718 -896.405 197.627 2
595 -210.009 203.895 -913.996 190.715 2
596 -190.099 215.755 -919.935 200.759 2
597 -306.683 184.342 -813.867 205.124 4
598 -327.133 166.691 -983.679 220.495 4
599 -368.704 170.04 -949.537 228.736 4
600 -415.152 179.519 -917.602 244.768 4
601 -466.749 183.312 -878.281 250.48 4
602 210.166 226.47 -1485.85 163.415 2
603 -276.926 229.674 -877.037 218.368 2
604 -238.077 209.718 -896.405 197.627 2
605 -210.009 203.895 -913.996 190.715 2
606 -190.099 215.755 -919.935 200.759 2
607 -306.683 184.342 -813.867 205.124 4
608 -327.133 166.691 -983.679 220.495 4
609 -368.704 170.04 -949.537 228.736 4
610 -415.152 179.519 -917.602 244.768 4
611 -466.749 183.312 -878.281 250.48 4
612 210.166 226.47 -1485.85 163.415 2
613 -276.926 229.674 -877.037 218.368 2
614 -238.077 209.718 -896.405 197.627 2
615 -210.009 203.895 -913.996 190.715 2
616 -190.099 215.755 -919.935 200.759 2
617 -306.683 184.342 -813.867 205.124 4
618 RANDOM
619 RANDOM
620 -415.152 179.519 -917.602 244.768 4
621 -466.749 183.312 -878.281 250.48 4
622 210.166 226.47 -1485.85 163.415 2
623 -276.926 229.674 -877.037 218.368 2
624 -238.077 209.718 -896.405 197.627 2
625 -210.009 203.895 -913.996 190.715 2
626 -190.099 215.755 -919.935 200.759 2
627 -306.683 184.342 -813.867 205.124 4
628 -327.133 166.691 -983.679 220.495 4
629 -368.704 170.04 -949.537 228.736 4
630 -415.152 179.519 -917.602 244.768 4
631 -466.749 183.312 -878.281 250.48 4
632 210.166 226.47 -1485.85 163.415 2
633 -276.926 229.674 -877.037 218.368 2
634 -238.077 209.718 -896.405 197.627 2
635 -210.009 203.895 -913.996 190.715 2
636 -190.099 215.755 -919.935 200.759 2
637 -306.683 184.342 -813.867 205.124 4
638 -327.133 166.691 -983.679 220.495 4
639 -368.704 170.04 -949.537 228.736 4
640 -415.152 179.519 -917.602 244.768 4
641 -466.749 183.312 -878.281 250.48 4
642 210.166 226.47 -1485.85 163.415 2
643 RANDOM
644 -238.077 209.718 -896.405 197.627 2
645 -210.009 203.895 -913.996 190.715 2
646 RANDOM
647 -306.683 184.342 -813.867 205.124 4
648 -327.133 166.691 -983.679 220.495 4
649 -368.704 170.04 -949.537 228.736 4
650 -415.152 179.519 -917.602 244.768 4
651 -466.749 183.312 -878.281 250.48 4
652 210.166 226.47 -1485.85 163.415 2
653 -276.926 229.674 -877.037 218.368 2
654 -238.077 209.718 -896.405 197.627 2
655 -210.009 203.895 -913.996 190.715 2
656 -190.099 215.755 -919.935 200.759 2
657 -306.683 184.342 -813.867 205.124 4
658 -327.133 166.691 -983.679 220.495 4
659 -368.704 170.04 -949.537 228.736 4
660 -415.152 179.519 -917.602 244.768 4
661 -466.749 183.312 -878.281 250.48 4
662 210.166 226.47 -1485.85 163.415 2
663 -276.926 229.674 -877.037 218.368 2
664 -238.077 209.718 -896.405 197.627 2
665 -210.009 203.895 -913.996 190.715 2
666 -190.099 215.755 -919.935 200.759 2
667 -306.683 184.342 -813.867 205.124 4
668 -327.133 166.691 -983.679 220.495 4
669 -368.704 170.04 -949.537 228.736 4
670 -415.152 179.519 -917.602 244.768 4
671 -466.749 183.312 -878.281 250.48 4
672 210.166 226.47 -1485.85 163.415 2
673 -276.926 229.674 -877.037 218.368 2
674 -238.077 209.718 -896.405 197.627 2
675 -210.009 203.895 -913.996 190.715 2
676 -190.099 215.755 -919.935 200.759 2
677 -306.683 184.342 -813.867 205.124 4
678 -327.133 166.691 -983.679 220.495 4
679 -368.704 170.04 -949.537 228.736 4
680 -415.152 179.519 -917.602 244.768 4
681 -466.749 183.312 -878.281 250.48 4
682 210.166 226.47 -1485.85 163.415 2
683 -276.926 229.674 -877.037 218.368 2
684 -238.077 209.718 -896.405 197.627 2
685 -210.009 203.895 -913.996 190.715 2
686 -190.099 215.755 -919.935 200.759 2
687 -306.683 184.342 -813.867 205.124 4
688 -327.133 166.691 -983.679 220.495 4
689 -368.704 170.04 -949.537 228.736 4
690 -415.152 179.519 -917.602 244.768 4
691 -466.749 183.312 -878.281 250.48 4
692 210.166 226.47 -1485.85 163.415 2
693 -276.926 229.674 -877.037 218.368 2
694 -238.077 209.718 -896.405 197.627 2
695 -210.009 203.895 -913.996 190.715 2
696 -190.099 215.755 -919.935 200.759 2
697 -306.683 184.342 -813.867 205.124 4
698 -327.133 166.691 -983.679 220.495 4
699 -368.704 170.04 -949.537 228.736 4
700 -415.152 179.519 -917.602 244.768 4
701 -466.749 183.312 -878.281 250.48 4
702 210.166 226.47 -1485.85 163.415 2
703 -276.926 229.674 -877.037 218.368 2
704 -238.077 209.718 -896.405 197.627 2
705 -210.009 203.895 -913.996 190.715 2
706 -190.099 215.755 -919.935 200.759 2
707 -306.683 184.342 -813.867 205.124 4
708 -327.133 166.691 -983.679 220.495 4
709 -368.704 170.04 -949.537 228.736 4
710 -415.152 179.519 -917.602 244.768 4
711 -466.749 183.312 -878.281 250.48 4
712 210.166 226.47 -1485.85 163.415 2
713 -276.926 229.674 -877.037 218.368 2
714 -238.077 209.718 -896.405 197.627 2
715 -210.009 203.895 -913.996 190.715 2
716 -190.099 215.755 -919.935 200.759 2
717 -306.683 184.342 -813.867 205.124 4
718 -327.133 166.691 -983.679 220.495 4
719 -368.704 170.04 -949.537 228.736 4
720 RANDOM
721 -466.749 183.312 -878.281 250.48 4
722 210.166 226.47 -1485.85 163.415 2
723 -276.926 229.674 -877.037 218.368 2
724 -238.077 209.718 -896.405 197.627 2
725 -210.009 203.895 -913.996 190.715 2
726 -190.099 215.755 -919.935 200.759 2
727 -306.683 184.342 -813.867 205.124 4
728 -327.133 166.691 -983.679 220.495 4
729 -368.704 170.04 -949.537 228.736 4
730 -415.152 179.519 -917.602 244.768 4
731 -466.749 183.312 -878.281 250.48 4
732 210.166 226.47 -1485.85 163.415 2
733 -276.926 229.674 -877.037 218.368 2
734 -238.077 209.718 -896.405 197.627 2
735 -210.009 203.895 -913.996 190.715 2
736 -190.099 215.755 -919.935 200.759 2
737 -306.683 184.342 -813.867 205.124 4
738 -327.133 166.691 -983.679 220.495 4
739 -368.704 170.04 -949.537 228.736 4
740 RANDOM
741 -466.749 183.312 -878.281 250.48 4
742 210.166 226.47 -1485.85 163.415 2
743 -276.926 229.674 -877.037 218.368 2
744 -238.077 209.718 -896.405 197.627 2
745 -210.009 203.895 -913.996 190.715 2
746 -190.099 215.755 -919.935 200.759 2
747 -306.683 184.342 -813.867 205.124 4
748 -327.133 166.691 -983.679 220.495 4
749 -368.704 170.04 -949.537 228.736 4
750 RANDOM
751 -466.749 183.312 -878.281 250.48 4
752 210.166 226.47 -1485.85 163.415 2
753 -276.926 229.674 -877.037 218.368 2
754 -238.077 209.718 -896.405 197.627 2
755 -210.009 203.895 -913.996 190.715 2
756 -190.099 215.755 -919.935 200.759 2
757 -306.683 184.342 -813.867 205.124 4
758 -327.133 166.691 -983.679 220.495 4
759 -368.704 170.04 -949.537 228.736 4
760 -415.152 179.519 -917.602 244.768 4
761 -466.749 183.312 -878.281 250.48 4
762 210.166 226.47 -1485.85 163.415 2
763 -276.926 229.674 -877.037 218.368 2
764 -238.077 209.718 -896.405 197.627 2
765 -210.009 203.895 -913.996 190.715 2
766 -190.099 215.755 -919.935 200.759 2
767 -306.683 184.342 -813.867 205.124 4
768 -327.133 166.691 -983.679 220.495 4
769 -368.704 170.04 -949.537 228.736 4
770 -415.152 179.519 -917.602 244.768 4
771 -466.749 183.312 -878.281 250.48 4
772 210.166 226.47 -1485.85 163.415 2
773 -276.926 229.674 -877.037 218.368 2
774 -238.077 209.718 -896.405 197.627 2
775 -210.009 203.895 -913.996 190.715 2
776 -190.099 215.755 -919.935 200.759 2
777 -306.683 184.342 -813.867 205.124 4
778 -327.133 166.691 -983.679 220.495 4
779 -368.704 170.04 -949.537 228.736 4
780 -415.152 179.519 -917.602 244.768 4
781 -466.749 183.312 -878.281 250.48 4
782 210.166 226.47 -1485.85 163.415 2
783 -276.926 229.674 -877.037 218.368 2
784 -238.077 209.718 -896.405 197.627 2
785 -210.009 203.895 -913.996 190.715 2
786 -190.099 215.755 -919.935 200.759 2
787 -306.683 184.342 -813.867 205.124 4
788 -327.133 166.691 -983.679 220.495 4
789 -368.704 170.04 -949.537 228.736 4
790 -415.152 179.519 -917.602 244.768 4
791 -466.749 183.312 -878.281 250.48 4
792 210.166 226.47 -1485.85 163.415 2
793 -276.926 229.674 -877.037 218.368 2
794 -238.077 209.718 -896.405 197.627 2
795 -210.009 203.895 -913.996 190.715 2
796 -190.099 215.755 -919.935 200.759 2
797 -306.683 184.342 -813.867 205.124 4
798 -327.133 166.691 -983.679 220.495 4
799 -368.704 170.04 -949.537 228.736 4
800 -415.152 179.519 -917.602 244.768 4
801 -466.749 183.312 -878.281 250.48 4
802 210.166 226.47 -1485.85 163.415 2
803 -276.926 229.674 -877.037 218.368 2
804 -238.077 209.718 -896.405 197.627 2
805 -210.009 203.895 -913.996 190.715 2
806 -190.099 215.755 -919.935 200.759 2
807 -306.683 184.342 -813.867 205.124 4
808 RANDOM
809 -368.704 170.04 -949.537 228.736 4
810 -415.152 179.519 -917.602 244.768 4
811 -466.749 183.312 -878.281 250.48 4
812 210.166 226.47 -1485.85 163.415 2
813 -276.926 229.674 -877.037 218.368 2
814 -238.077 209.718 -896.405 197.627 2
815 -210.009 203.895 -913.996 190.715 2
816 -190.099 215.755 -919.935 200.759 2
817 -306.683 184.342 -813.867 205.124 4
818 RANDOM
819 -368.704 170.04 -949.537 228.736 4
820 -415.152 179.519 -917.602 244.768 4
821 -466.749 183.312 -878.281 250.48 4
822 210.166 226.47 -1485.85 163.415 2
823 -276.926 229.674 -877.037 218.368 2
824 -238.077 209.718 -896.405 197.627 2
825 -210.009 203.895 -913.996 190.715 2
826 -190.099 215.755 -919.935 200.759 2
827 -306.683 184.342 -813.867 205.124 4
828 -327.133 166.691 -983.679 220.495 4
829 RANDOM
830 -415.152 179.519 -917.602 244.768 4
831 -466.749 183.312 -878.281 250.48 4
832 210.166 226.47 -1485.85 163.415 2
833 -276.926 229.674 -877.037 218.368 2
834 RANDOM
835 -210.009 203.895 -913.996 190.715 2
836 -190.099 215.755 -919.935 200.759 2
837 -306.683 184.342 -813.867 205.124 4
838 -327.133 166.691 -983.679 220.495 4
839 -368.704 170.04 -949.537 228.736 4
840 -415.152 179.519 -917.602 244.768 4
841 -466.749 183.312 -878.281 250.48 4
842 RANDOM
843 141.166 162.972 -1464.5 129.816 2
844 69.4173 205.462 -1407.19 182.944 2
845 -276.926 229.674 -877.037 218.368 2
846 -238.077 209.718 -896.405 197.627 2
847 -210.009 203.895 -913.996 190.715 2
848 -190.099 215.755 -919.935 200.759 2
849 RANDOM
850 -271.784 174.82 -804.081 181.252 4
851 -465.903 229.696 -763.499 319.554 4
852 -327.133 166.691 -983.679 220.495 4
853 -368.704 170.04 -949.537 228.736 4
854 -415.152 179.519 -917.602 244.768 4
855 RANDOM
856 210.166 226.47 -1485.85 163.415 2
857 RANDOM
858 -238.077 209.718 -896.405 197.627 2
859 -210.009 203.895 -913.996 190.715 2
860 -190.099 215.755 -919.935 200.759 2
861 -306.683 184.342 -813.867 205.124 4
862 -327.133 166.691 -983.679 220.495 4
863 -368.704 170.04 -949.537 228.736 4
864 -415.152 179.519 -917.602 244.768 4
865 -466.749 183.312 -878.281 250.48 4
866 210.166 226.47 -1485.85 163.415 2
867 -276.926 229.674 -877.037 218.368 2
868 -238.077 209.718 -896.405 197.627 2
869 -210.009 203.895 -913.996 190.715 2
870 -190.099 215.755 -919.935 200.759 2
871 -306.683 184.342 -813.867 205.124 4
872 -327.133 166.691 -983.679 220.495 4
873 -368.704 170.04 -949.537 228.736 4
874 -415.152 179.519 -917.602 244.768 4
875 -466.749 183.312 -878.281 250.48 4
876 210.166 226.47 -1485.85 163.415 2
877 -276.926 229.674 -877.037 218.368 2
878 -238.077 209.718 -896.405 197.627 2
879 -210.009 203.895 -913.996 190.715 2
880 -190.099 215.755 -919.935 200.759 2
881 -306.683 184.342 -813.867 205.124 4
882 -327.133 166.691 -983.679 220.495 4
883 -368.704 170.04 -949.537 228.736 4
884 -415.152 179.519 -917.602 244.768 4
885 -466.749 183.312 -878.281 250.48 4
886 210.166 226.47 -1485.85 163.415 2
887 -276.926 229.674 -877.037 218.368 2
888 -238.077 209.718 -896.405 197.627 2
889 -210.009 203.895 -913.996 190.715 2
890 -190.099 215.755 -919.935 200.759 2
891 -306.683 184.342 -813.867 205.124 4
892 -327.133 166.691 -983.679 220.495 4
893 -368.704 170.04 -949.537 228.736 4
894 -415.152 179.519 -917.602 244.768 4
895 -466.749 183.312 -878.281 250.48 4
896 210.166 226.47 -1485.85 163.415 2
897 RANDOM
898 -238.077 209.718 -896.405 197.627 2
899 -210.009 203.895 -913.996 190.715 2
900 -190.099 215.755 -919.935 200.759 2
901 RANDOM
902 -271.784 174.82 -804.081 181.252 4
903 -465.903 229.696 -763.499 319.554 4
904 -327.133 166.691 -983.679 220.495 4
905 -368.704 170.04 -949.537 228.736 4
906 -415.152 179.519 -917.602 244.768 4
907 -466.749 183.312 -878.281 250.48 4
908 210.166 226.47 -1485.85 163.415 2
909 -276.926 229.674 -877.037 218.368 2
910 -238.077 209.718 -896.405 197.627 2
911 -210.009 203.895 -913.996 190.715 2
912 RANDOM
913 -306.683 184.342 -813.867 205.124 4
914 -327.133 166.691 -983.679 220.495 4
915 -368.704 170.04 -949.537 228.736 4
916 -415.152 179.519 -917.602 244.768 4
917 -466.749 183.312 -878.281 250.48 4
918 210.166 226.47 -1485.85 163.415 2
919 -276.926 229.674 -877.037 218.368 2
920 -238.077 209.718 -896.405 197.627 2
921 -210.009 203.895 -913.996 190.715 2
922 -190.099 215.755 -919.935 200.759 2
923 -306.683 184.342 -813.867 205.124 4
924 -327.133 166.691 -983.679 220.495 4
925 -368.704 170.04 -949.537 228.736 4
926 -415.152 179.519 -917.602 244.768 4
927 -466.749 183.312 -878.281 250.48 4
928 210.166 226.47 -1485.85 163.415 2
929 -276.926 229.674 -877.037 218.368 2
930 -238.077 209.718 -896.405 197.627 2
931 -210.009 203.895 -913.996 190.715 2
932 -190.099 215.755 -919.935 200.759 2
933 -306.683 184.342 -813.867 205.124 4
934 -327.133 166.691 -983.679 220.495 4
935 -368.704 170.04 -949.537 228.736 4
936 -415.152 179.519 -917.602 244.768 4
937 -466.749 183.312 -878.281 250.48 4
938 210.166 226.47 -1485.85 163.415 2
939 -276.926 229.674 -877.037 218.368 2
940 -238.077 209.718 -896.405 197.627 2
941 -210.009 203.895 -913.996 190.715 2
942 -190.099 215.755 -919.935 200.759 2
943 -306.683 184.342 -813.867 205.124 4
944 -327.133 166.691 -983.679 220.495 4
945 -368.704 170.04 -949.537 228.736 4
946 -415.152 179.519 -917.602 244.768 4
947 -466.749 183.312 -878.281 250.48 4
948 210.166 226.47 -1485.85 163.415 2
949 -276.926 229.674 -877.037 218.368 2
950 -238.077 209.718 -896.405 197.627 2
951 -210.009 203.895 -913.996 190.715 2
952 -190.099 215.755 -919.935 200.759 2
953 -306.683 184.342 -813.867 205.124 4
954 RANDOM
955 -368.704 170.04 -949.537 228.736 4
956 -415.152 179.519 -917.602 244.768 4
957 RANDOM
958 210.166 226.47 -1485.85 163.415 2
959 -276.926 229.674 -877.037 218.368 2
960 -238.077 209.718 -896.405 197.627 2
961 -210.009 203.895 -913.996 190.715 2
962 -190.099 215.755 -919.935 200.759 2
963 -306.683 184.342 -813.867 205.124 4
964 -327.133 166.691 -983.679 220.495 4
965 -368.704 170.04 -949.537 228.736 4
966 -415.152 179.519 -917.602 244.768 4
967 -466.749 183.312 -878.281 250.48 4
968 210.166 226.47 -1485.85 163.415 2
969 -276.926 229.674 -877.037 218.368 2
970 -238.077 209.718 -896.405 197.627 2
971 -210.009 203.895 -913.996 190.715 2
972 -190.099 215.755 -919.935 200.759 2
973 -306.683 184.342 -813.867 205.124 4
974 RANDOM
975 -368.704 170.04 -949.537 228.736 4
976 -415.152 179.519 -917.602 244.768 4
977 -466.749 183.312 -878.281 250.48 4
978 210.166 226.47 -1485.85 163.415 2
979 -276.926 229.674 -877.037 218.368 2
980 -238.077 209.718 -896.405 197.627 2
981 -210.009 203.895 -913.996 190.715 2
982 -190.099 215.755 -919.935 200.759 2
983 -306.683 184.342 -813.867 205.124 4
984 -327.133 166.691 -983.679 220.495 4
985 -368.704 170.04 -949.537 228.736 4
986 -415.152 179.519 -917.602 244.768 4
987 RANDOM
988 210.166 226.47 -1485.85 163.415 2
989 -276.926 229.674 -877.037 218.368 2
990 -238.077 209.718 -896.405 197.627 2
991 -210.009 203.895 -913.996 190.715 2
992 -190.099 215.755 -919.935 200.759 2
993 -306.683 184.342 -813.867 205.124 4
994 RANDOM
995 -368.704 170.04 -949.537 228.736 4
996 -415.152 179.519 -917.602 244.768 4
997 RANDOM
998 210.166 226.47 -1485.85 163.415 2
999 -276.926 229.674 -877.037 218.368 2
1000 -238.077 209.718 -896.405 197.627 2
1001 RANDOM
1002 -190.099 215.755 -919.935 200.759 2
1003 -306.683 184.342 -813.867 205.124 4
1004 RANDOM
1005 -368.704 170.04 -949.537 228.736 4
1006 -415.152 179.519 -917.602 244.768 4
1007 -466.749 183.312 -878.281 250.48 4
1008 210.166 226.47 -1485.85 163.415 2
1009 -276.926 229.674 -877.037 218.368 2
1010 RANDOM
1011 -210.009 203.895 -913.996 190.715 2
1012 -190.099 215.755 -919.935 200.759 2
1013 -306.683 184.342 -813.867 205.124 4
1014 -327.133 166.691 -983.679 220.495 4
1015 -368.704 170.04 -949.537 228.736 4
1016 -415.152 179.519 -917.602 244.768 4
1017 -466.749 183.312 -878.281 250.48 4
1018 210.166 226.47 -1485.85 163.415 2
1019 -276.926 229.674 -877.037 218.368 2
1020 -238.077 209.718 -896.405 197.627 2
1021 -210.009 203.895 -913.996 190.715 2
1022 -190.099 215.755 -919.935 200.759 2
1023 -306.683 184.342 -813.867 205.124 4
1024 -327.133 166.691 -983.679 220.495 4
1025 -368.704 170.04 -949.537 228.736 4
1026 -415.152 179.519 -917.602 244.768 4
1027 -466.749 183.312 -878.281 250.48 4
1028 210.166 226.47 -1485.85 163.415 2
1029 -276.926 229.674 -877.037 218.368 2
1030 -238.077 209.718 -896.405 197.627 2
1031 -210.009 203.895 -913.996 190.715 2
1032 -190.099 215.755 -919.935 200.759 2
1033 -306.683 184.342 -813.867 205.124 4
1034 -327.133 166.691 -983.679 220.495 4
1035 -368.704 170.04 -949.537 228.736 4
1036 -415.152 179.519 -917.602 244.768 4
1037 -466.749 183.312 -878.281 250.48 4
1038 210.166 226.47 -1485.85 163.415 2
1039 -276.926 229.674 -877.037 218.368 2
1040 -238.077 209.718 -896.405 197.627 2
1041 -210.009 203.895 -913.996 190.715 2
1042 -190.099 215.755 -919.935 200.759 2
1043 -306.683 184.342 -813.867 205.124 4
1044 -327.133 166.691 -983.679 220.495 4
1045 -368.704 170.04 -949.537 228.736 4
1046 -415.152 179.519 -917.602 244.768 4
1047 -466.749 183.312 -878.281 250.48 4
1048 210.166 226.47 -1485.85 163.415 2
1049 -276.926 229.674 -877.037 218.368 2
1050 -238.077 209.718 -896.405 197.627 2
1051 -210.009 203.895 -913.996 190.715 2
1052 -190.099 215.755 -919.935 200.759 2
1053 -306.683 184.342 -813.867 205.124 4
1054 RANDOM
1055 -368.704 170.04 -949.537 228.736 4
1056 -415.152 179.519 -917.602 244.768 4
1057 -466.749 183.312 -878.281 250.48 4
1058 210.166 226.47 -1485.85 163.415 2
1059 -276.926 229.674 -877.037 218.368 2
1060 RANDOM
1061 -210.009 203.895 -913.996 190.715 2
1062 -190.099 215.755 -919.935 200.759 2
1063 -306.683 184.342 -813.867 205.124 4
1064 -327.133 166.691 -983.679 220.495 4
1065 -368.704 170.04 -949.537 228.736 4
1066 -415.152 179.519 -917.602 244.768 4
1067 -466.749 183.312 -878.281 250.48 4
1068 210.166 226.47 -1485.85 163.415 2
1069 -276.926 229.674 -877.037 218.368 2
1070 -238.077 209.718 -896.405 197.627 2
1071 -210.009 203.895 -913.996 190.715 2
1072 -190.099 215.755 -919.935 200.759 2
1073 -306.683 184.342 -813.867 205.124 4
1074 -327.133 166.691 -983.679 220.495 4
1075 -368.704 170.04 -949.537 228.736 4
1076 -415.152 179.519 -917.602 244.768 4
1077 -466.749 183.312 -878.281 250.48 4
1078 210.166 226.47 -1485.85 163.415 2
1079 -276.926 229.674 -877.037 218.368 2
1080 -238.077 209.718 -896.405 197.627 2
1081 RANDOM
1082 -190.099 215.755 -919.935 200.759 2
1083 -306.683 184.342 -813.867 205.124 4
1084 -327.133 166.691 -983.679 220.495 4
1085 -368.704 170.04 -949.537 228.736 4
1086 -415.152 179.519 -917.602 244.768 4
1087 RANDOM
1088 210.166 226.47 -1485.85 163.415 2
1089 -276.926 229.674 -877.037 218.368 2
1090 -238.077 209.718 -896.405 197.627 2
1091 -210.009 203.895 -913.996 190.715 2
1092 -190.099 215.755 -919.935 200.759 2
1093 -306.683 184.342 -813.867 205.124 4
1094 -327.133 166.691 -983.679 220.495 4
1095 -368.704 170.04 -949.537 228.736 4
1096 -415.152 179.519 -917.602 244.768 4
1097 -466.749 183.312 -878.281 250.48 4
1098 210.166 226.47 -1485.85 163.415 2
1099 -276.926 229.674 -877.037 218.368 2
1100 -238.077 209.718 -896.405 197.627 2
1101 -210.009 203.895 -913.996 190.715 2
1102 -190.099 215.755 -919.935 200.759 2
1103 -306.683 184.342 -813.867 205.124 4
1104 -327.133 166.691 -983.679 220.495 4
1105 -368.704 170.04 -949.537 228.736 4
1106 -415.152 179.519 -917.602 244.768 4
1107 -466.749 183.312 -878.281 250.48 4
1108 210.166 226.47 -1485.85 163.415 2
1109 -276.926 229.674 -877.037 218.368 2
1110 -238.077 209.718 -896.405 197.627 2
1111 -210.009 203.895 -913.996 190.715 2
1112 -190.099 215.755 -919.935 200.759 2
1113 -306.683 184.342 -813.867 205.124 4
1114 -327.133 166.691 -983.679 220.495 4
1115 -368.704 170.04 -949.537 228.736 4
1116 -415.152 179.519 -917.602 244.768 4
1117 -466.749 183.312 -878.281 250.48 4
1118 210.166 226.47 -1485.85 163.415 2
1119 -276.926 229.674 -877.037 218.368 2
1120 -238.077 209.718 -896.405 197.627 2
1121 -210.009 203.895 -913.996 190.715 2
1122 -190.099 215.755 -919.935 200.759 2
1123 -306.683 184.342 -813.867 205.124 4
1124 -327.133 166.691 -983.679 220.495 4
1125 -368.704 170.04 -949.537 228.736 4
1126 -415.152 179.519 -917.602 244.768 4
1127 -466.749 183.312 -878.281 250.48 4
1128 210.166 226.47 -1485.85 163.415 2
1129 -276.926 229.674 -877.037 218.368 2
1130 -238.077 209.718 -896.405 197.627 2
1131 -210.009 203.895 -913.996 190.715 2
1132 -190.099 215.755 -919.935 200.759 2
1133 -306.683 184.342 -813.867 205.124 4
1134 -327.133 166.691 -983.679 220.495 4
1135 -368.704 170.04 -949.537 228.736 4
1136 -415.152 179.519 -917.602 244.768 4
1137 -466.749 183.312 -878.281 250.48 4
1138 RANDOM
1139 141.166 162.972 -1464.5 129.816 2
1140 69.4173 205.462 -1407.19 182.944 2
1141 -276.926 229.674 -877.037 218.368 2
1142 -238.077 209.718 -896.405 197.627 2
1143 -210.009 203.895 -913.996 190.715 2
1144 RANDOM
1145 -306.683 184.342 -813.867 205.124 4
1146 -327.133 166.691 -983.679 220.495 4
1147 -368.704 170.04 -949.537 228.736 4
1148 -415.152 179.519 -917.602 244.768 4
1149 -466.749 183.312 -878.281 250.48 4
1150 210.166 226.47 -1485.85 163.415 2
1151 -276.926 229.674 -877.037 218.368 2
1152 -238.077 209.718 -896.405 197.627 2
1153 -210.009 203.895 -913.996 190.715 2
1154 -190.099 215.755 -919.935 200.759 2
1155 -306.683 184.342 -813.867 205.124 4
1156 -327.133 166.691 -983.679 220.495 4
1157 -368.704 170.04 -949.537 228.736 4
1158 -415.152 179.519 -917.602 244.768 4
1159 -466.749 183.312 -878.281 250.48 4
1160 210.166 226.47 -1485.85 163.415 2
1161 -276.926 229.674 -877.037 218.368 2
1162 -238.077 209.718 -896.405 197.627 2
1163 -210.009 203.895 -913.996 190.715 2
1164 -190.099 215.755 -919.935 200.759 2
1165 -306.683 184.342 -813.867 205.124 4
1166 -327.133 166.691 -983.679 220.495 4
1167 -368.704 170.04 -949.537 228.736 4
1168 -415.152 179.519 -917.602 244.768 4
1169 -466.749 183.312 -878.281 250.48 4
1170 210.166 226.47 -1485.85 163.415 2
1171 -276.926 229.674 -877.037 218.368 2
1172 -238.077 209.718 -896.405 197.627 2
1173 -210.009 203.895 -913.996 190.715 2
1174 -190.099 215.755 -919.935 200.759 2
1175 -306.683 184.342 -813.867 205.124 4
1176 -327.133 166.691 -983.679 220.495 4
1177 -368.704 170.04 -949.537 228.736 4
1178 -415.152 179.519 -917.602 244.768 4
1179 -466.749 183.312 -878.281 250.48 4
1180 210.166 226.47 -1485.85 163.415 2
1181 -276.926 229.674 -877.037 218.368 2
1182 -238.077 209.718 -896.405 197.627 2
1183 -210.009 203.895 -913.996 190.715 2
1184 -190.099 215.755 -919.935 200.759 2
1185 -306.683 184.342 -813.867 205.124 4
1186 -327.133 166.691 -983.679 220.495 4
1187 -368.704 170.04 -949.537 228.736 4
1188 -415.152 179.519 -917.602 244.768 4
1189 -466.749 183.312 -878.281 250.48 4
1190 210.166 226.47 -1485.85 163.415 2
1191 -276.926 229.674 -877.037 218.368 2
1192 -238.077 209.718 -896.405 197.627 2
1193 -210.009 203.895 -913.996 190.715 2
1194 -190.099 215.755 -919.935 200.759 2
1195 -306.683 184.342 -813.867 205.124 4
1196 -327.133 166.691 -983.679 220.495 4
1197 -368.704 170.04 -949.537 228.736 4
1198 -415.152 179.519 -917.602 244.768 4
1199 -466.749 183.312 -878.281 250.48 4
1200 210.166 226.47 -1485.85 163.415 2
1201 -276.926 229.674 -877.037 218.368 2
1202 -238.077 209.718 -896.405 197.627 2
1203 -210.009 203.895 -913.996 190.715 2
1204 -190.099 215.755 -919.935 200.759 2
1205 -306.683 184.342 -813.867 205.124 4
1206 -327.133 166.691 -983.679 220.495 4
1207 -368.704 170.04 -949.537 228.736 4
1208 -415.152 179.519 -917.602 244.768 4
1209 -466.749 183.312 -878.281 250.48 4
1210 210.166 226.47 -1485.85 163.415 2
1211 -276.926 229.674 -877.037 218.368 2
1212 -238.077 209.718 -896.405 197.627 2
1213 -210.009 203.895 -913.996 190.715 2
1214 -190.099 215.755 -919.935 200.759 2
1215 -306.683 184.342 -813.867 205.124 4
1216 -327.133 166.691 -983.679 220.495 4
1217 -368.704 170.04 -949.537 228.736 4
1218 -415.152 179.519 -917.602 244.768 4
1219 -466.749 183.312 -878.281 250.48 4
1220 210.166 226.47 -1485.85 163.415 2
1221 -276.926 229.674 -877.037 218.368 2
1222 -238.077 209.718 -896.405 197.627 2
1223 -210.009 203.895 -913.996 190.715 2
1224 -190.099 215.755 -919.935 200.759 2
1225 -306.683 184.342 -813.867 205.124 4
1226 -327.133 166.691 -983.679 220.495 4
1227 -368.704 170.04 -949.537 228.736 4
1228 -415.152 179.519 -917.602 244.768 4
1229 -466.749 183.312 -878.281 250.48 4
1230 210.166 226.47 -1485.85 163.415 2
1231 -276.926 229.674 -877.037 218.368 2
1232 -238.077 209.718 -896.405 197.627 2
1233 -210.009 203.895 -913.996 190.715 2
1234 -190.099 215.755 -919.935 200.759 2
1235 -306.683 184.342 -813.867 205.124 4
1236 -327.133 166.691 -983.679 220.495 4
1237 -368.704 170.04 -949.537 228.736 4
1238 -415.152 179.519 -917.602 244.768 4
1239 -466.749 183.312 -878.281 250.48 4
1240 210.166 226.47 -1485.85 163.415 2
1241 -276.926 229.674 -877.037 218.368 2
1242 -238.077 209.718 -896.405 197.627 2
1243 RANDOM
1244 -190.099 215.755 -919.935 200.759 2
1245 -306.683 184.342 -813.867 205.124 4
1246 -327.133 166.691 -983.679 220.495 4
1247 -368.704 170.04 -949.537 228.736 4
1248 -415.152 179.519 -917.602 244.768 4
1249 -466.749 183.312 -878.281 250.48 4
1250 210.166 226.47 -1485.85 163.415 2
1251 -276.926 229.674 -877.037 218.368 2
1252 -238.077 209.718 -896.405 197.627 2
1253 RANDOM
1254 -190.099 215.755 -919.935 200.759 2
1255 -306.683 184.342 -813.867 205.124 4
1256 -327.133 166.691 -983.679 220.495 4
1257 -368.704 170.04 -949.537 228.736 4
1258 -415.152 179.519 -917.602 244.768 4
1259 -466.749 183.312 -878.281 250.48 4
1260 210.166 226.47 -1485.85 163.415 2
1261 -276.926 229.674 -877.037 218.368 2
1262 -238.077 209.718 -896.405 197.627 2
1263 RANDOM
1264 -190.099 215.755 -919.935 200.759 2
1265 -306.683 184.342 -813.867 205.124 4
1266 -327.133 166.691 -983.679 220.495 4
1267 -368.704 170.04 -949.537 228.736 4
1268 -415.152 179.519 -917.602 244.768 4
1269 -466.749 183.312 -878.281 250.48 4
1270 210.166 226.47 -1485.85 163.415 2
1271 -276.926 229.674 -877.037 218.368 2
1272 -238.077 209.718 -896.405 197.627 2
1273 -210.009 203.895 -913.996 190.715 2
1274 -190.099 215.755 -919.935 200.759 2
1275 -306.683 184.342 -813.867 205.124 4
1276 -327.133 166.691 -983.679 220.495 4
1277 -368.704 170.04 -949.537 228.736 4
1278 -415.152 179.519 -917.602 244.768 4
1279 -466.749 183.312 -878.281 250.48 4
1280 210.166 226.47 -1485.85 163.415 2
1281 -276.926 229.674 -877.037 218.368 2
1282 -238.077 209.718 -896.405 197.627 2
1283 -210.009 203.895 -913.996 190.715 2
1284 RANDOM
1285 -306.683 184.342 -813.867 205.124 4
1286 -327.133 166.691 -983.679 220.495 4
1287 -368.704 170.04 -949.537 228.736 4
1288 -415.152 179.519 -917.602 244.768 4
1289 RANDOM
1290 210.166 226.47 -1485.85 163.415 2
1291 -276.926 229.674 -877.037 218.368 2
1292 -238.077 209.718 -896.405 197.627 2
1293 -210.009 203.895 -913.996 190.715 2
1294 -190.099 215.755 -919.935 200.759 2
1295 -306.683 184.342 -813.867 205.124 4
1296 -327.133 166.691 -983.679 220.495 4
1297 -368.704 170.04 -949.537 228.736 4
1298 -415.152 179.519 -917.602 244.768 4
1299 -466.749 183.312 -878.281 250.48 4
1300 210.166 226.47 -1485.85 163.415 2
1301 RANDOM
1302 -238.077 209.718 -896.405 197.627 2
1303 -210.009 203.895 -913.996 190.715 2
1304 -190.099 215.755 -919.935 200.759 2
1305 -306.683 184.342 -813.867 205.124 4
1306 -327.133 166.691 -983.679 220.495 4
1307 -368.704 170.04 -949.537 228.736 4
1308 -415.152 179.519 -917.602 244.768 4
1309 -466.749 183.312 -878.281 250.48 4
1310 210.166 226.47 -1485.85 163.415 2
1311 -276.926 229.674 -877.037 218.368 2
1312 -238.077 209.718 -896.405 197.627 2
1313 -210.009 203.895 -913.996 190.715 2
1314 RANDOM
1315 -306.683 184.342 -813.867 205.124 4
1316 -327.133 166.691 -983.679 220.495 4
1317 -368.704 170.04 -949.537 228.736 4
1318 -415.152 179.519 -917.602 244.768 4
1319 -466.749 183.312 -878.281 250.48 4
1320 210.166 226.47 -1485.85 163.415 2
1321 -276.926 229.674 -877.037 218.368 2
1322 -238.077 209.718 -896.405 197.627 2
1323 -210.009 203.895 -913.996 190.715 2
1324 -190.099 215.755 -919.935 200.759 2
1325 -306.683 184.342 -813.867 205.124 4
1326 -327.133 166.691 -983.679 220.495 4
1327 -368.704 170.04 -949.537 228.736 4
1328 -415.152 179.519 -917.602 244.768 4
1329 -466.749 183.312 -878.281 250.48 4
1330 210.166 226.47 -1485.85 163.415 2
1331 -276.926 229.674 -877.037 218.368 2
1332 -238.077 209.718 -896.405 197.627 2
1333 -210.009 203.895 -913.996 190.715 2
1334 -190.099 215.755 -919.935 200.759 2
1335 -306.683 184.342 -813.867 205.124 4
1336 -327.133 166.691 -983.679 220.495 4
1337 -368.704 170.04 -949.537 228.736 4
1338 -415.152 179.519 -917.602 244.768 4
1339 -466.749 183.312 -878.281 250.48 4
1340 210.166 226.47 -1485.85 163.415 2
1341 -276.926 229.674 -877.037 218.368 2
1342 -238.077 209.718 -896.405 197.627 2
1343 -210.009 203.895 -913.996 190.715 2
1344 -190.099 215.755 -919.935 200.759 2
1345 -306.683 184.342 -813.867 205.124 4
1346 -327.133 166.691 -983.679 220.495 4
1347 -368.704 170.04 -949.537 228.736 4
1348 -415.152 179.519 -917.602 244.768 4
1349 -466.749 183.312 -878.281 250.48 4
1350 210.166 226.47 -1485.85 163.415 2
1351 -276.926 229.674 -877.037 218.368 2
1352 -238.077 209.718 -896.405 197.627 2
1353 -210.009 203.895 -913.996 190.715 2
1354 -190.099 215.755 -919.935 200.759 2
1355 -306.683 184.342 -813.867 205.124 4
1356 -327.133 166.691 -983.679 220.495 4
1357 -368.704 170.04 -949.537 228.736 4
1358 -415.152 179.519 -917.602 244.768 4
1359 -466.749 183.312 -878.281 250.48 4
1360 210.166 226.47 -1485.85 163.415 2
1361 -276.926 229.674 -877.037 218.368 2
1362 -238.077 209.718 -896.405 197.627 2
1363 -210.009 203.895 -913.996 190.715 2
1364 -190.099 215.755 -919.935 200.759 2
1365 -306.683 184.342 -813.867 205.124 4
1366 -327.133 166.691 -983.679 220.495 4
1367 -368.704 170.04 -949.537 228.736 4
1368 -415.152 179.519 -917.602 244.768 4
1369 -466.749 183.312 -878.281 250.48 4
1370 210.166 226.47 -1485.85 163.415 2
1371 -276.926 229.674 -877.037 218.368 2
1372 -238.077 209.718 -896.405 197.627 2
1373 -210.009 203.895 -913.996 190.715 2
1374 -190.099 215.755 -919.935 200.759 2
1375 -306.683 184.342 -813.867 205.124 4
1376 -327.133 166.691 -983.679 220.495 4
1377 -368.704 170.04 -949.537 228.736 4
1378 -415.152 179.519 -917.602 244.768 4
1379 -466.749 183.312 -878.281 250.48 4
1380 210.166 226.47 -1485.85 163.415 2
1381 -276.926 229.674 -877.037 218.368 2
1382 -238.077 209.718 -896.405 197.627 2
1383 -210.009 203.895 -913.996 190.715 2
1384 -190.099 215.755 -919.935 200.759 2
1385 -306.683 184.342 -813.867 205.124 4
1386 -327.133 166.691 -983.679 220.495 4
1387 -368.704 170.04 -949.537 228.736 4
1388 -415.152 179.519 -917.602 244.768 4
1389 -466.749 183.312 -878.281 250.48 4
1390 210.166 226.47 -1485.85 163.415 2
1391 -276.926 229.674 -877.037 218.368 2
1392 -238.077 209.718 -896.405 197.627 2
1393 -210.009 203.895 -913.996 190.715 2
1394 -190.099 215.755 -919.935 200.759 2
1395 -306.683 184.342 -813.867 205.124 4
1396 -327.133 166.691 -983.679 220.495 4
1397 -368.704 170.04 -949.537 228.736 4
1398 RANDOM
1399 -466.749 183.312 -878.281 250.48 4
1400 210.166 226.47 -1485.85 163.415 2
1401 -276.926 229.674 -877.037 218.368 2
1402 -238.077 209.718 -896.405 197.627 2
1403 -210.009 203.895 -913.996 190.715 2
1404 -190.099 215.755 -919.935 200.759 2
1405 -306.683 184.342 -813.867 205.124 4
1406 RANDOM
1407 -368.704 170.04 -949.537 228.736 4
1408 RANDOM
1409 -466.749 183.312 -878.281 250.48 4
1410 210.166 226.47 -1485.85 163.415 2
1411 -276.926 229.674 -877.037 218.368 2
1412 -238.077 209.718 -896.405 197.627 2
1413 -210.009 203.895 -913.996 190.715 2
1414 -190.099 215.755 -919.935 200.759 2
1415 RANDOM
1416 RANDOM
1417 -263.376 189.108 -778.104 181.249 2
1418 -178.358 170.307 -807.578 165.328 2
1419 -275.568 200.797 -745.225 233.23 4
1420 -256.189 113.703 -840.124 147.389 4
1421 -294.661 132.642 -857.816 182.105 4
1422 -332.366 160.069 -863.938 230.976 4
1423 -385.332 197.628 -860.874 295.598 4
1424 -268.611 119.703 -1015.3 163.958 4
1425 -313.569 141.35 -979.643 191.278 4
1426 -364.003 150.699 -943.453 205.621 4
1427 -429.113 151.264 -894.67 203.572 4
1428 263.622 222.793 -1496.45 146.213 1
1429 48.3912 269.758 -1281.77 261.659 2
