0 -1.69315 22.2454 0.475793 23.1265 4
1 -1.69315 22.2454 0.475793 23.1265 4
2 -1.69315 22.2454 0.475793 23.1265 4
3 -1.69315 22.2454 0.475793 23.1265 4
4 -1.69315 22.2454 0.475793 23.1265 4
5 -1.69315 22.2454 0.475793 23.1265 4
6 -1.69315 22.2454 0.475793 23.1265 4
7 -1.69315 22.2454 0.475793 23.1265 4
8 -1.69315 22.2454 0.475793 23.1265 4
9 -1.69315 22.2454 0.475793 23.1265 4
10 -1.69315 22.2454 0.475793 23.1265 4
11 -1.69315 22.2454 0.475793 23.1265 4
12 -1.69315 22.2454 0.475793 23.1265 4
13 -1.69315 22.2454 0.475793 23.1265 4
14 -1.69315 22.2454 0.475793 23.1265 4
15 -1.69315 22.2454 0.475793 23.1265 4
16 RANDOM
17 -1.69315 22.2454 0.475793 23.1265 4
18 -1.69315 22.2454 0.475793 23.1265 4
19 -1.69315 22.2454 0.475793 23.1265 4
20 -1.69315 22.2454 0.475793 23.1265 4
21 -1.69315 22.2454 0.475793 23.1265 4
22 -1.69315 22.2454 0.475793 23.1265 4
23 -1.69315 22.2454 0.475793 23.1265 4
24 -1.69315 22.2454 0.475793 23.1265 4
25 -1.69315 22.2454 0.475793 23.1265 4
26 -1.69315 22.2454 0.475793 23.1265 4
27 -1.69315 22.2454 0.475793 23.1265 4
28 -1.69315 22.2454 0.475793 23.1265 4
29 -1.69315 22.2454 0.475793 23.1265 4
30 -1.69315 22.2454 0.475793 23.1265 4
31 -1.69315 22.2454 0.475793 23.1265 4
32 -1.69315 22.2454 0.475793 23.1265 4
33 -1.69315 22.2454 0.475793 23.1265 4
34 -1.69315 22.2454 0.475793 23.1265 4
35 -1.69315 22.2454 0.475793 23.1265 4
36 -1.69315 22.2454 0.475793 23.1265 4
37 -1.69315 22.2454 0.475793 23.1265 4
38 -1.69315 22.2454 0.475793 23.1265 4
39 -1.69315 22.2454 0.475793 23.1265 4
40 -1.69315 22.2454 0.475793 23.1265 4
41 -1.69315 22.2454 0.475793 23.1265 4
42 11.8565 22.3482 -56.9499 38.7975 4
43 13.9118 24.7277 -60.095 38.5455 4
44 16.2912 27.4162 -64.718 37.4529 4
45 18.9084 30.8401 -69.6153 38.5238 4
46 8.83913 17.9741 -51.309 36.9607 4
47 7.6354 15.4904 -46.3741 33.1643 4
48 7.16916 14.4461 -41.6408 31.2609 4
49 6.69824 13.5663 -36.9673 29.5747 4
50 18.2806 22.2423 -32.2407 15.3625 2
51 -1.69315 22.2454 0.475793 23.1265 4
52 18.2806 22.2423 -32.2407 15.3625 2
53 -1.69315 22.2454 0.475793 23.1265 4
54 18.2806 22.2423 -32.2407 15.3625 2
55 -1.69315 22.2454 0.475793 23.1265 4
56 18.2806 22.2423 -32.2407 15.3625 2
57 -1.69315 22.2454 0.475793 23.1265 4
58 18.2806 22.2423 -32.2407 15.3625 2
59 -1.69315 22.2454 0.475793 23.1265 4
60 18.2806 22.2423 -32.2407 15.3625 2
61 -1.69315 22.2454 0.475793 23.1265 4
62 18.2806 22.2423 -32.2407 15.3625 2
63 -1.69315 22.2454 0.475793 23.1265 4
64 18.2806 22.2423 -32.2407 15.3625 2
65 -1.69315 22.2454 0.475793 23.1265 4
66 18.2806 22.2423 -32.2407 15.3625 2
67 -1.69315 22.2454 0.475793 23.1265 4
68 18.2806 22.2423 -32.2407 15.3625 2
69 -1.69315 22.2454 0.475793 23.1265 4
70 18.2806 22.2423 -32.2407 15.3625 2
71 -1.69315 22.2454 0.475793 23.1265 4
72 18.2806 22.2423 -32.2407 15.3625 2
73 -1.69315 22.2454 0.475793 23.1265 4
74 18.2806 22.2423 -32.2407 15.3625 2
75 -1.69315 22.2454 0.475793 23.1265 4
76 18.2806 22.2423 -32.2407 15.3625 2
77 -1.69315 22.2454 0.475793 23.1265 4
78 18.2806 22.2423 -32.2407 15.3625 2
79 -1.69315 22.2454 0.475793 23.1265 4
80 18.2806 22.2423 -32.2407 15.3625 2
81 -1.69315 22.2454 0.475793 23.1265 4
82 18.2806 22.2423 -32.2407 15.3625 2
83 -1.69315 22.2454 0.475793 23.1265 4
84 18.2806 22.2423 -32.2407 15.3625 2
85 -1.69315 22.2454 0.475793 23.1265 4
86 18.2806 22.2423 -32.2407 15.3625 2
87 -1.69315 22.2454 0.475793 23.1265 4
88 18.2806 22.2423 -32.2407 15.3625 2
89 -1.69315 22.2454 0.475793 23.1265 4
90 18.2806 22.2423 -32.2407 15.3625 2
91 -1.69315 22.2454 0.475793 23.1265 4
92 18.2806 22.2423 -32.2407 15.3625 2
93 -1.69315 22.2454 0.475793 23.1265 4
94 18.2806 22.2423 -32.2407 15.3625 2
95 -1.69315 22.2454 0.475793 23.1265 4
96 18.2806 22.2423 -32.2407 15.3625 2
97 -1.69315 22.2454 0.475793 23.1265 4
98 18.2806 22.2423 -32.2407 15.3625 2
99 -1.69315 22.2454 0.475793 23.1265 4
100 18.2806 22.2423 -32.2407 15.3625 2
101 -1.69315 22.2454 0.475793 23.1265 4
102 18.2806 22.2423 -32.2407 15.3625 2
103 -1.69315 22.2454 0.475793 23.1265 4
104 18.2806 22.2423 -32.2407 15.3625 2
105 -1.69315 22.2454 0.475793 23.1265 4
106 18.2806 22.2423 -32.2407 15.3625 2
107 -1.69315 22.2454 0.475793 23.1265 4
108 18.2806 22.2423 -32.2407 15.3625 2
109 -1.69315 22.2454 0.475793 23.1265 4
110 RANDOM
111 -1.69315 22.2454 0.475793 23.1265 4
112 19.1044 25.6024 -40.4878 20.5056 2
