0 24.6687 49.2741 18.9909 55.6516 4
1 RANDOM
2 24.0713 52.2419 15.486 62.4908 4
3 23.7698 51.9626 15.2317 62.277 4
4 23.7081 52.2218 15.1027 62.7081 4
5 24.0403 53.4277 15.2267 64.2641 4
6 22.5255 47.3939 14.7183 56.6806 4
7 RANDOM
8 22.5631 48.1275 14.5269 57.7984 4
9 22.6089 48.8374 14.3852 58.8105 4
10 RANDOM
11 22.1291 45.5751 14.2591 54.8404 4
12 22.1565 45.9137 14.116 55.3107 4
13 22.3361 46.6655 14.0801 56.2784 4
14 18.6647 37.6543 10.5143 45.9972 4
15 18.4572 37.6903 10.1902 46.1601 4
16 18.3154 37.8745 9.96889 46.4696 4
17 18.2833 38.2884 9.80688 47.0527 4
18 RANDOM
19 17.5716 33.9446 10.0545 41.2346 4
20 17.4858 34.5647 9.86906 42.1493 4
21 17.4655 35.4242 9.72432 43.3649 4
22 15.0695 30.0194 8.58449 36.6075 4
23 14.8023 29.8972 8.33845 36.5534 4
24 14.6147 30.2667 8.05832 37.1685 4
25 14.5179 30.9968 7.83232 38.2445 4
26 14.1979 28.7897 7.22656 33.448 4
27 14.0873 28.6382 7.06206 33.3492 4
28 14.1774 28.8417 6.94904 33.6505 4
29 14.7166 29.781 7.00016 34.7785 4
30 13.9528 25.7774 6.9226 29.7611 4
31 14.1781 25.9979 7.01569 29.9634 4
32 14.5314 26.5357 7.13969 30.5625 4
33 15.1822 27.5875 7.31028 31.8116 4
34 14.1694 21.0006 9.5698 23.1172 4
35 14.9486 22.028 9.88729 24.3821 4
36 15.8566 23.3125 10.2194 25.9407 4
37 17.0556 25.0714 10.6453 28.0667 4
38 16.3063 22.1625 12.4977 23.6682 4
39 16.6275 22.3766 12.8567 23.7094 4
40 16.3726 22.1934 12.3985 23.4514 4
41 16.882 22.9633 12.5162 24.3118 4
42 10.2524 16.1168 7.95504 15.6718 2
43 RANDOM
44 18.463 19.401 18.2105 17.3877 2
45 19.2239 20.0653 18.8837 17.9591 2
46 19.558 20.4766 19.0009 18.4153 2
47 19.5611 21.6772 17.7069 20.5904 2
48 20.0459 21.9149 18.3728 20.5097 2
49 20.5292 22.1973 18.995 20.5618 2
50 21.0244 22.4954 19.5385 20.746 2
51 19.0528 21.9504 16.7075 21.7717 2
52 19.5862 22.2804 17.3704 21.9752 2
53 19.938 22.5474 17.8344 22.1325 2
54 20.2858 22.8067 18.2766 22.2647 2
55 20.627 24.0399 18.331 24.3081 4
56 11.7179 18.5482 7.90556 20.6196 4
57 11.6989 18.6193 7.83799 20.6491 4
58 11.6569 18.7167 7.71592 20.7093 4
59 11.7216 19.1454 7.53066 21.2328 4
60 13.7842 18.241 11.3453 18.7524 4
61 14.0715 18.7726 11.3392 19.5694 4
62 14.5233 19.5326 11.3744 20.6488 4
63 15.2281 20.6397 11.5259 22.1185 4
64 15.4118 19.9425 12.9936 20.3622 4
65 15.63 20.0302 13.3599 20.2253 4
66 15.9338 20.431 13.4966 20.616 4
67 16.4246 21.2023 13.5814 21.5277 4
68 10.2524 16.1168 7.95504 15.6718 2
69 17.8961 18.9537 17.5439 17.0155 2
70 18.463 19.401 18.2105 17.3877 2
71 19.2239 20.0653 18.8837 17.9591 2
72 19.558 20.4766 19.0009 18.4153 2
73 19.5611 21.6772 17.7069 20.5904 2
74 20.0459 21.9149 18.3728 20.5097 2
75 20.5292 22.1973 18.995 20.5618 2
76 21.0244 22.4954 19.5385 20.746 2
77 19.0528 21.9504 16.7075 21.7717 2
78 19.5862 22.2804 17.3704 21.9752 2
79 19.938 22.5474 17.8344 22.1325 2
80 20.2858 22.8067 18.2766 22.2647 2
81 20.627 24.0399 18.331 24.3081 4
82 11.7179 18.5482 7.90556 20.6196 4
83 11.6989 18.6193 7.83799 20.6491 4
84 11.6569 18.7167 7.71592 20.7093 4
85 11.7216 19.1454 7.53066 21.2328 4
86 13.7842 18.241 11.3453 18.7524 4
87 14.0715 18.7726 11.3392 19.5694 4
88 14.5233 19.5326 11.3744 20.6488 4
89 15.2281 20.6397 11.5259 22.1185 4
90 15.4118 19.9425 12.9936 20.3622 4
91 15.63 20.0302 13.3599 20.2253 4
92 15.9338 20.431 13.4966 20.616 4
93 16.4246 21.2023 13.5814 21.5277 4
94 10.2524 16.1168 7.95504 15.6718 2
95 17.8961 18.9537 17.5439 17.0155 2
96 RANDOM
97 19.2239 20.0653 18.8837 17.9591 2
98 19.558 20.4766 19.0009 18.4153 2
99 19.5611 21.6772 17.7069 20.5904 2
100 20.3564 22.1925 18.7392 20.7548 2
101 20.859 22.4811 19.3882 20.8117 2
102 21.3392 22.7723 19.9233 20.9825 2
103 19.2658 22.1417 16.9466 21.9358 2
104 RANDOM
105 20.2002 22.7849 18.1366 22.3285 2
106 20.567 23.0546 18.6032 22.4768 2
107 20.8918 24.2781 18.6286 24.518 4
108 11.8193 18.6374 8.01012 20.7068 4
109 11.7974 18.7051 7.93859 20.7328 4
110 11.7478 18.7967 7.81036 20.7876 4
111 11.82 19.2299 7.63435 21.3136 4
112 14.046 18.4802 11.6348 18.963 4
113 14.3327 19.0119 11.6254 19.7794 4
114 14.7285 19.7222 11.6007 20.8189 4
115 15.3834 20.7848 11.7023 22.2447 4
116 15.6169 20.1299 13.262 20.5043 4
117 15.8355 20.219 13.6355 20.3648 4
118 16.1371 20.6148 13.7652 20.7559 4
119 16.6297 21.3876 13.8454 21.6724 4
120 10.4185 16.2568 8.17729 15.771 2
121 18.233 19.2556 17.953 17.2732 2
122 18.8287 19.7373 18.6597 17.6677 2
123 19.6117 20.4028 19.3556 18.2353 2
124 19.9367 20.8057 19.4636 18.6872 2
125 19.848 21.9413 18.0396 20.8157 2
126 20.3564 22.1925 18.7392 20.7548 2
127 20.859 22.4811 19.3882 20.8117 2
128 RANDOM
129 19.2658 22.1417 16.9466 21.9358 2
130 19.8315 22.504 17.6499 22.1589 2
131 20.2002 22.7849 18.1366 22.3285 2
132 20.567 23.0546 18.6032 22.4768 2
133 20.8918 24.2781 18.6286 24.518 4
134 11.8193 18.6374 8.01012 20.7068 4
135 11.7974 18.7051 7.93859 20.7328 4
136 11.7478 18.7967 7.81036 20.7876 4
137 11.82 19.2299 7.63435 21.3136 4
138 14.046 18.4802 11.6348 18.963 4
139 14.3327 19.0119 11.6254 19.7794 4
140 14.7285 19.7222 11.6007 20.8189 4
141 15.3834 20.7848 11.7023 22.2447 4
142 15.6169 20.1299 13.262 20.5043 4
143 15.8355 20.219 13.6355 20.3648 4
144 16.1371 20.6148 13.7652 20.7559 4
145 16.6297 21.3876 13.8454 21.6724 4
146 10.4185 16.2568 8.17729 15.771 2
147 18.233 19.2556 17.953 17.2732 2
148 18.8287 19.7373 18.6597 17.6677 2
149 19.6117 20.4028 19.3556 18.2353 2
150 RANDOM
151 19.848 21.9413 18.0396 20.8157 2
152 20.3564 22.1925 18.7392 20.7548 2
153 20.859 22.4811 19.3882 20.8117 2
154 21.3392 22.7723 19.9233 20.9825 2
155 19.2658 22.1417 16.9466 21.9358 2
156 19.8315 22.504 17.6499 22.1589 2
157 20.2002 22.7849 18.1366 22.3285 2
158 20.567 23.0546 18.6032 22.4768 2
159 20.8918 24.2781 18.6286 24.518 4
160 11.8193 18.6374 8.01012 20.7068 4
161 11.7974 18.7051 7.93859 20.7328 4
162 11.7478 18.7967 7.81036 20.7876 4
163 RANDOM
164 14.046 18.4802 11.6348 18.963 4
165 14.3327 19.0119 11.6254 19.7794 4
166 14.7285 19.7222 11.6007 20.8189 4
167 15.3834 20.7848 11.7023 22.2447 4
168 15.6169 20.1299 13.262 20.5043 4
169 15.8355 20.219 13.6355 20.3648 4
170 16.1371 20.6148 13.7652 20.7559 4
171 16.6297 21.3876 13.8454 21.6724 4
172 RANDOM
173 10.4619 16.5306 8.08731 16.1097 2
174 15.4836 16.589 15.3408 14.1538 2
175 18.233 19.2556 17.953 17.2732 2
176 RANDOM
177 19.6117 20.4028 19.3556 18.2353 2
178 19.9367 20.8057 19.4636 18.6872 2
179 19.848 21.9413 18.0396 20.8157 2
180 20.3564 22.1925 18.7392 20.7548 2
181 20.859 22.4811 19.3882 20.8117 2
182 21.3392 22.7723 19.9233 20.9825 2
183 19.2658 22.1417 16.9466 21.9358 2
184 19.8315 22.504 17.6499 22.1589 2
185 RANDOM
186 20.567 23.0546 18.6032 22.4768 2
187 20.8918 24.2781 18.6286 24.518 4
188 RANDOM
189 11.7974 18.7051 7.93859 20.7328 4
190 11.7478 18.7967 7.81036 20.7876 4
191 11.82 19.2299 7.63435 21.3136 4
192 14.046 18.4802 11.6348 18.963 4
193 14.3327 19.0119 11.6254 19.7794 4
194 14.7285 19.7222 11.6007 20.8189 4
195 15.3834 20.7848 11.7023 22.2447 4
196 15.6169 20.1299 13.262 20.5043 4
197 RANDOM
198 16.1371 20.6148 13.7652 20.7559 4
199 16.6297 21.3876 13.8454 21.6724 4
200 10.4185 16.2568 8.17729 15.771 2
201 18.233 19.2556 17.953 17.2732 2
202 18.8287 19.7373 18.6597 17.6677 2
203 19.6117 20.4028 19.3556 18.2353 2
204 19.9367 20.8057 19.4636 18.6872 2
205 RANDOM
206 20.3564 22.1925 18.7392 20.7548 2
207 20.859 22.4811 19.3882 20.8117 2
208 21.3392 22.7723 19.9233 20.9825 2
209 19.2658 22.1417 16.9466 21.9358 2
210 RANDOM
211 20.2002 22.7849 18.1366 22.3285 2
212 20.567 23.0546 18.6032 22.4768 2
213 20.8918 24.2781 18.6286 24.518 4
214 11.8193 18.6374 8.01012 20.7068 4
215 11.7974 18.7051 7.93859 20.7328 4
216 11.7478 18.7967 7.81036 20.7876 4
217 11.82 19.2299 7.63435 21.3136 4
218 14.046 18.4802 11.6348 18.963 4
219 14.3327 19.0119 11.6254 19.7794 4
220 14.7285 19.7222 11.6007 20.8189 4
221 15.3834 20.7848 11.7023 22.2447 4
222 15.6169 20.1299 13.262 20.5043 4
223 15.8355 20.219 13.6355 20.3648 4
224 16.1371 20.6148 13.7652 20.7559 4
225 16.6297 21.3876 13.8454 21.6724 4
226 10.4185 16.2568 8.17729 15.771 2
227 18.233 19.2556 17.953 17.2732 2
228 18.8287 19.7373 18.6597 17.6677 2
229 19.6117 20.4028 19.3556 18.2353 2
230 19.9367 20.8057 19.4636 18.6872 2
231 19.848 21.9413 18.0396 20.8157 2
232 20.3564 22.1925 18.7392 20.7548 2
233 20.859 22.4811 19.3882 20.8117 2
234 21.3392 22.7723 19.9233 20.9825 2
235 19.2658 22.1417 16.9466 21.9358 2
236 19.8315 22.504 17.6499 22.1589 2
237 20.2002 22.7849 18.1366 22.3285 2
238 RANDOM
239 29.4093 30.2423 28.5477 28.6118 2
240 21.3785 23.4919 19.5933 22.4891 2
