0 32.3584 521.68 -677.219 441.219 2
1 62.6345 513.869 -707.522 433.847 2
2 82.1682 524.066 -722.786 441.792 2
3 -19.8728 526.876 -537.521 488.791 2
4 18.801 505.193 -540.464 450.409 2
5 30.8503 519.246 -521.591 448.758 2
6 123.794 500.115 -573.162 434.442 2
7 RANDOM
8 54.9373 556.856 -464.076 526.213 2
9 68.0769 574.664 -448.082 539.645 2
10 138.671 631.391 -395.046 595.055 2
11 RANDOM
12 195.357 522.905 -400.524 441.377 2
13 215.012 536.493 -391.367 444.348 2
14 325.036 620.403 -296.735 518.11 2
15 159.588 519.691 -511.49 442.848 2
16 184.537 547.517 -441.135 445.405 2
17 193.513 582.562 -388.639 465.092 2
18 295.412 659.008 -276.083 527.936 2
19 211.804 695.336 -353.76 671.095 2
20 245.122 724.826 -319.189 682.938 2
21 275.971 743.018 -268.89 682.175 2
22 434.296 801.415 -102.259 702.404 2
23 379.403 885.281 45.0396 813.394 2
24 474.922 886.313 100.336 767.397 2
25 484.512 881.152 99.6279 746.563 2
26 550.984 899.85 168.373 737.45 2
27 533.969 922.825 202.86 795.964 2
28 662.162 930.335 285.014 754.123 2
29 697.372 918.788 320.502 724.114 2
30 836.825 1004.81 522.616 778.529 2
31 482.327 892.255 289.03 838.003 2
32 652.49 905.321 432.305 790.128 2
33 725.108 946.377 544.147 806.441 2
34 929.367 1052.53 793.445 868.534 2
35 415.236 922.09 291.954 907.793 2
36 533.03 968.09 435.721 917.44 2
37 645.608 1004.74 571.376 926.181 2
38 885.777 1076.15 844.771 959.402 2
39 674.062 941.104 578.17 861.398 2
40 797.888 970.536 675.515 858.626 2
41 902.395 978.688 744.602 830.963 2
42 1086.62 985.682 876.474 783.24 1
43 1095.21 994.365 753.235 729.292 1
