0 -388.631 304.416 -848.766 267.348 2
1 -359.686 305.022 -867.179 268.487 2
2 -339.036 318.028 -869.71 279.654 2
3 -486.778 293.345 -738.935 286.67 2
4 -451.868 279.132 -736.038 254.646 2
5 -437.973 290.757 -718.538 250.858 2
6 -345.109 289.13 -761.75 255.069 2
7 -444.247 308.293 -703.822 302.946 2
8 -424.504 310.365 -694.373 293.093 2
9 -416.676 327.784 -683.301 307.44 2
10 -370.2 375.867 -656.148 352.512 2
11 -332.884 276.848 -645.763 222.374 2
12 -311.075 280.812 -639.21 214.596 2
13 -290.471 299.831 -630.292 224.452 2
14 -209.65 368.005 -571.724 278.457 2
15 -326.014 299.796 -729.427 246.576 2
16 -306.147 318.432 -673.396 241.172 2
17 -298.721 349.443 -628.656 257.584 2
18 -226.6 401.111 -546.784 287.384 2
19 -285.279 421.263 -612.771 398.018 2
20 -259.756 455.171 -584.722 418.253 2
21 -243.573 471.113 -550.014 420.612 2
22 -139.912 508.608 -439.224 413.814 2
23 -153.586 544.428 -296.707 453.589 2
24 -80.2136 538.168 -260.784 403.155 2
25 RANDOM
26 -33.4514 547.632 -216.528 369.852 2
27 -36.3088 550.332 -179.126 390.213 2
28 71.6165 556.274 -114.682 347.257 2
29 85.7498 545.654 -94.0691 324.211 2
30 176.574 598.233 51.3958 337.151 2
31 -90.1494 522.418 -95.9282 429.904 2
32 39.5896 524.504 7.71365 373.414 2
33 75.2305 554.929 84.8081 386.189 2
34 214.893 634.46 269.957 417.076 2
35 -173.491 557.317 -119.28 515.169 2
36 -85.3852 589.604 -4.46799 511.505 2
37 -1.12912 622.411 106.737 517.575 2
38 173.818 671.328 320.013 525.679 2
39 33.1438 575.627 132.504 481.783 2
40 124.816 592.225 200.616 463.65 2
41 209.758 593.63 253.151 431.139 2
42 337.08 631.139 352.045 420.352 2
43 220.652 572.974 304.029 429.51 2
44 287.17 596.134 337.873 421.631 2
45 335.8 629.887 357.14 429.32 2
46 459.962 717.458 477.142 490.042 2
47 390.169 695.177 254.397 445.017 2
48 363.385 684.446 225.819 429.922 2
49 286.345 671.745 170.896 432.453 2
50 254.078 656.621 149.075 422.831 2
51 254.078 656.621 149.075 422.831 2
