0 205.132 527.625 -628.095 453.853 2
1 232.005 517.905 -659.154 444.921 2
2 248.663 530.853 -674.429 455.659 2
3 173.784 540.477 -477.057 518.899 2
4 211.944 514.771 -481.734 476.29 2
5 223.919 534.794 -459.262 480.941 2
6 313.802 511.773 -511.551 462.89 2
7 247.507 600.953 -403.94 606.205 4
8 224.749 472.704 -554.362 473.249 4
9 184.946 493.411 -576.991 505.517 4
10 146.062 531.664 -590.599 563.289 4
11 95.5413 563.751 -580.922 619.542 4
12 167.295 429.535 -810.168 418.767 2
13 244.071 464.713 -583.695 437.551 2
14 293.133 430.465 -590.571 388.063 2
15 315.578 447.548 -568.051 395.13 2
16 313.802 511.773 -511.551 462.89 2
17 247.507 600.953 -403.94 606.205 4
18 224.749 472.704 -554.362 473.249 4
19 184.946 493.411 -576.991 505.517 4
20 146.062 531.664 -590.599 563.289 4
21 95.5413 563.751 -580.922 619.542 4
22 167.295 429.535 -810.168 418.767 2
23 RANDOM
24 293.133 430.465 -590.571 388.063 2
25 315.578 447.548 -568.051 395.13 2
26 313.802 511.773 -511.551 462.89 2
27 247.507 600.953 -403.94 606.205 4
28 224.749 472.704 -554.362 473.249 4
29 184.946 493.411 -576.991 505.517 4
30 146.062 531.664 -590.599 563.289 4
31 95.5413 563.751 -580.922 619.542 4
32 167.295 429.535 -810.168 418.767 2
33 244.071 464.713 -583.695 437.551 2
34 293.133 430.465 -590.571 388.063 2
35 315.578 447.548 -568.051 395.13 2
36 313.802 511.773 -511.551 462.89 2
37 247.507 600.953 -403.94 606.205 4
38 224.749 472.704 -554.362 473.249 4
39 184.946 493.411 -576.991 505.517 4
40 139.33 505.492 -546.197 542.758 4
41 86.136 554.919 -538.985 617.681 4
42 161.346 407.228 -767.362 402.13 2
43 249.359 455.354 -551.439 435.67 2
44 RANDOM
45 326.242 441.586 -522.741 399.727 2
46 320.449 496.704 -461.025 456.681 2
47 RANDOM
48 288.582 614.755 -336.178 610.168 2
49 305.229 633.488 -317.915 625.063 2
50 392.68 703.664 -252.403 698.913 2
51 402.837 594.211 -281.298 560.218 2
52 RANDOM
53 454.316 612.863 -256.714 553.522 2
54 575.365 690.485 -154.086 622.446 2
55 384.881 601.76 -376.863 555.454 2
56 RANDOM
57 427.597 668.303 -250.23 581.47 2
58 538.183 729.73 -134.235 629.711 2
59 470.551 759.216 -198.736 763.517 4
60 453.962 736.803 -201.258 712.23 2
61 470.551 759.216 -198.736 763.517 4
62 453.962 736.803 -201.258 712.23 2
63 470.551 759.216 -198.736 763.517 4
64 453.962 736.803 -201.258 712.23 2
65 470.551 759.216 -198.736 763.517 4
66 453.962 736.803 -201.258 712.23 2
67 RANDOM
68 506.758 788.365 -164.846 774.959 2
69 538.642 816.341 -117.722 787.593 2
70 711.242 874.029 39.4368 812.562 2
71 642.198 966.311 187.282 933.691 2
72 745.348 971.04 248.384 892.891 2
73 756.729 966.255 247.346 871.879 2
74 833.384 988.224 322.038 869.323 2
75 813.44 1016.69 358.582 937.481 2
76 948.111 1022.58 442.91 895.622 2
77 987.382 1008.2 477.912 862.397 2
78 1154.46 1108.24 700.692 939.223 1
79 1046.88 1083.69 581.045 904.53 2
80 1123.54 1070.45 670.772 912.451 1
