0 1222.95 2837.02 -583.74 2743.77 2
1 1258.95 2806.17 -604.466 2720.5 2
2 1288.54 2843.36 -593.539 2760.03 2
3 1098.1 2856.51 -398.264 2711.98 2
4 1151.57 2790.17 -421.888 2648.83 2
5 1171.23 2795.0 -397.68 2658.87 2
6 1296.63 2681.77 -436.336 2566.65 2
7 1173.28 2747.98 -343.425 2624.11 2
8 1189.9 2681.18 -291.585 2510.39 2
9 1176.8 2685.68 -262.222 2502.84 2
10 1232.1 2578.49 -204.15 2384.65 2
11 1237.45 2610.02 -228.887 2386.79 2
12 1246.58 2594.18 -187.262 2341.17 2
13 1251.33 2590.61 -159.452 2321.01 2
14 1337.55 2418.44 -51.41 2106.25 2
15 1241.65 2781.16 -239.196 2594.86 2
16 1248.4 2760.87 -125.612 2513.55 2
17 1238.51 2775.53 -57.055 2504.1 2
18 1277.39 2651.68 32.0947 2340.06 2
19 1325.09 2834.27 -217.607 2817.62 2
20 1338.61 2779.57 -132.392 2697.98 2
21 1356.07 2743.45 -22.1995 2607.18 2
22 1453.6 2475.11 165.731 2232.93 2
23 1379.15 2975.93 243.264 2946.97 2
24 1432.87 2832.87 332.684 2694.19 2
25 1434.6 2761.82 333.341 2572.48 2
26 1435.71 2558.48 382.411 2292.1 2
27 1470.47 2674.42 387.233 2556.66 2
28 1526.74 2565.16 489.045 2341.37 2
29 1553.02 2484.44 566.372 2186.28 2
30 1738.69 2401.37 826.654 1986.98 2
31 1421.87 2785.16 603.914 2707.63 2
32 1511.71 2605.28 806.26 2376.36 2
33 1567.16 2513.89 961.164 2193.78 2
34 1758.71 2519.64 1252.29 2078.94 2
35 1450.76 2948.16 692.176 2963.95 4
36 1770.69 2324.65 1332.18 2061.6 2
37 1450.76 2948.16 692.176 2963.95 4
38 1770.69 2324.65 1332.18 2061.6 2
39 1450.76 2948.16 692.176 2963.95 4
40 1845.73 2289.31 1381.23 2015.15 2
41 1469.16 2909.19 699.41 2920.39 4
42 1845.73 2289.31 1381.23 2015.15 2
43 1469.16 2909.19 699.41 2920.39 4
44 1845.73 2289.31 1381.23 2015.15 2
45 1469.16 2909.19 699.41 2920.39 4
46 1845.73 2289.31 1381.23 2015.15 2
47 1469.16 2909.19 699.41 2920.39 4
48 1845.73 2289.31 1381.23 2015.15 2
49 1469.16 2909.19 699.41 2920.39 4
50 1845.73 2289.31 1381.23 2015.15 2
51 1469.16 2909.19 699.41 2920.39 4
52 1845.73 2289.31 1381.23 2015.15 2
53 1469.16 2909.19 699.41 2920.39 4
54 1845.73 2289.31 1381.23 2015.15 2
55 1469.16 2909.19 699.41 2920.39 4
56 1845.73 2289.31 1381.23 2015.15 2
57 1469.16 2909.19 699.41 2920.39 4
58 1845.73 2289.31 1381.23 2015.15 2
59 1469.16 2909.19 699.41 2920.39 4
60 1845.73 2289.31 1381.23 2015.15 2
61 1469.16 2909.19 699.41 2920.39 4
62 1845.73 2289.31 1381.23 2015.15 2
63 1469.16 2909.19 699.41 2920.39 4
64 1845.73 2289.31 1381.23 2015.15 2
65 1469.16 2909.19 699.41 2920.39 4
66 1845.73 2289.31 1381.23 2015.15 2
67 1469.16 2909.19 699.41 2920.39 4
68 1845.73 2289.31 1381.23 2015.15 2
69 1469.16 2909.19 699.41 2920.39 4
70 1845.73 2289.31 1381.23 2015.15 2
71 1469.16 2909.19 699.41 2920.39 4
72 1845.73 2289.31 1381.23 2015.15 2
73 1469.16 2909.19 699.41 2920.39 4
74 1845.73 2289.31 1381.23 2015.15 2
75 1469.16 2909.19 699.41 2920.39 4
76 1845.73 2289.31 1381.23 2015.15 2
77 1469.16 2909.19 699.41 2920.39 4
78 1845.73 2289.31 1381.23 2015.15 2
79 1469.16 2909.19 699.41 2920.39 4
80 1845.73 2289.31 1381.23 2015.15 2
81 1469.16 2909.19 699.41 2920.39 4
82 1845.73 2289.31 1381.23 2015.15 2
83 1469.16 2909.19 699.41 2920.39 4
84 RANDOM
85 1659.51 2266.11 1146.83 2127.55 2
86 1813.77 2495.73 1293.78 2048.28 2
87 1469.16 2909.19 699.41 2920.39 4
88 1845.73 2289.31 1381.23 2015.15 2
89 1469.16 2909.19 699.41 2920.39 4
90 1845.73 2289.31 1381.23 2015.15 2
91 1469.16 2909.19 699.41 2920.39 4
92 1845.73 2289.31 1381.23 2015.15 2
93 1469.16 2909.19 699.41 2920.39 4
94 1845.73 2289.31 1381.23 2015.15 2
95 1469.16 2909.19 699.41 2920.39 4
96 1845.73 2289.31 1381.23 2015.15 2
97 1469.16 2909.19 699.41 2920.39 4
98 1845.73 2289.31 1381.23 2015.15 2
99 1469.16 2909.19 699.41 2920.39 4
100 1691.88 2410.63 1187.63 2168.01 2
101 1461.79 3025.52 617.973 3050.62 4
102 1691.88 2410.63 1187.63 2168.01 2
103 1461.79 3025.52 617.973 3050.62 4
104 1691.88 2410.63 1187.63 2168.01 2
105 1461.79 3025.52 617.973 3050.62 4
106 1691.88 2410.63 1187.63 2168.01 2
107 1461.79 3025.52 617.973 3050.62 4
108 1691.88 2410.63 1187.63 2168.01 2
109 1461.79 3025.52 617.973 3050.62 4
110 1691.88 2410.63 1187.63 2168.01 2
111 1461.79 3025.52 617.973 3050.62 4
112 1691.88 2410.63 1187.63 2168.01 2
113 1461.79 3025.52 617.973 3050.62 4
114 1691.88 2410.63 1187.63 2168.01 2
115 1461.79 3025.52 617.973 3050.62 4
116 1691.88 2410.63 1187.63 2168.01 2
117 1461.79 3025.52 617.973 3050.62 4
118 1691.88 2410.63 1187.63 2168.01 2
119 1461.79 3025.52 617.973 3050.62 4
120 1691.88 2410.63 1187.63 2168.01 2
121 1461.79 3025.52 617.973 3050.62 4
122 1691.88 2410.63 1187.63 2168.01 2
123 1461.79 3025.52 617.973 3050.62 4
124 1691.88 2410.63 1187.63 2168.01 2
125 1461.79 3025.52 617.973 3050.62 4
126 1691.88 2410.63 1187.63 2168.01 2
127 1461.79 3025.52 617.973 3050.62 4
128 1691.88 2410.63 1187.63 2168.01 2
129 1461.79 3025.52 617.973 3050.62 4
130 1691.88 2410.63 1187.63 2168.01 2
131 RANDOM
132 1508.19 2956.51 788.987 2887.15 2
133 1549.85 2912.1 951.294 2753.94 2
134 1661.2 2732.22 1279.57 2413.86 2
135 1572.31 3179.8 1052.87 3054.64 2
136 1612.8 3062.06 1130.83 2839.52 2
137 1659.12 2967.39 1206.85 2661.94 2
138 1773.53 2833.37 1380.4 2431.69 2
139 1695.43 2989.01 1329.13 2727.81 2
140 1731.89 2917.24 1371.17 2582.66 2
141 1771.24 2857.28 1396.45 2476.58 2
142 RANDOM
143 1831.83 3007.38 1175.66 2660.22 2
144 1751.41 2945.07 1072.8 2561.87 2
145 1680.16 2920.99 978.656 2529.81 2
146 1638.81 2853.06 943.755 2420.66 2
147 1638.81 2853.06 943.755 2420.66 2
