0 -16.2084 27.8436 16.9041 29.9212 4
1 -16.2084 27.8436 16.9041 29.9212 4
2 -16.2084 27.8436 16.9041 29.9212 4
3 -16.2084 27.8436 16.9041 29.9212 4
4 -16.2084 27.8436 16.9041 29.9212 4
5 -16.2084 27.8436 16.9041 29.9212 4
6 -16.2084 27.8436 16.9041 29.9212 4
7 -16.2084 27.8436 16.9041 29.9212 4
8 -16.2084 27.8436 16.9041 29.9212 4
9 -16.2084 27.8436 16.9041 29.9212 4
10 -16.2084 27.8436 16.9041 29.9212 4
11 -16.2084 27.8436 16.9041 29.9212 4
12 -16.2084 27.8436 16.9041 29.9212 4
13 -16.2084 27.8436 16.9041 29.9212 4
14 -16.2084 27.8436 16.9041 29.9212 4
15 -16.2084 27.8436 16.9041 29.9212 4
16 -16.2084 27.8436 16.9041 29.9212 4
17 -16.2084 27.8436 16.9041 29.9212 4
18 -16.2084 27.8436 16.9041 29.9212 4
19 -16.2084 27.8436 16.9041 29.9212 4
20 -16.2084 27.8436 16.9041 29.9212 4
21 -16.2084 27.8436 16.9041 29.9212 4
22 -16.2084 27.8436 16.9041 29.9212 4
23 -16.2084 27.8436 16.9041 29.9212 4
24 -16.2084 27.8436 16.9041 29.9212 4
25 -16.2084 27.8436 16.9041 29.9212 4
26 -16.2084 27.8436 16.9041 29.9212 4
27 -16.2084 27.8436 16.9041 29.9212 4
28 -16.2084 27.8436 16.9041 29.9212 4
29 -16.2084 27.8436 16.9041 29.9212 4
30 -16.2084 27.8436 16.9041 29.9212 4
31 -16.2084 27.8436 16.9041 29.9212 4
32 -16.2084 27.8436 16.9041 29.9212 4
33 -16.2084 27.8436 16.9041 29.9212 4
34 -16.2084 27.8436 16.9041 29.9212 4
35 -16.2084 27.8436 16.9041 29.9212 4
36 -16.2084 27.8436 16.9041 29.9212 4
37 -16.2084 27.8436 16.9041 29.9212 4
38 -16.2084 27.8436 16.9041 29.9212 4
39 -16.2084 27.8436 16.9041 29.9212 4
40 -16.2084 27.8436 16.9041 29.9212 4
41 -16.2084 27.8436 16.9041 29.9212 4
42 -4.78613 10.7997 -87.6581 15.3647 4
43 -2.10153 12.3228 -95.2281 17.1214 4
44 0.142681 13.4209 -104.187 18.0048 4
45 RANDOM
46 -10.9343 5.70342 -71.7179 9.67986 4
47 -10.9252 5.06581 -66.3743 9.05844 4
48 -10.2341 4.51334 -63.074 8.57492 4
49 -7.79573 4.91381 -61.4697 9.01681 4
50 -2.83736 -1.42325 -86.2103 -8.00633 2
51 -18.5883 0.958916 -12.696 0.974151 4
52 -2.83736 -1.42325 -86.2103 -8.00633 2
53 -18.5883 0.958916 -12.696 0.974151 4
54 -2.83736 -1.42325 -86.2103 -8.00633 2
55 -18.5883 0.958916 -12.696 0.974151 4
56 -2.83736 -1.42325 -86.2103 -8.00633 2
57 -18.5883 0.958916 -12.696 0.974151 4
58 -2.83736 -1.42325 -86.2103 -8.00633 2
59 -18.5883 0.958916 -12.696 0.974151 4
60 -2.83736 -1.42325 -86.2103 -8.00633 2
61 -18.5883 0.958916 -12.696 0.974151 4
62 RANDOM
63 -18.7617 -3.1696 -18.088 -3.2943 2
64 -16.1837 -8.11534 -43.4883 -10.0352 2
