0 2359.31 5341.61 -652.11 5079.68 2
1 2380.42 5323.96 -658.245 5079.65 2
2 2403.63 5370.52 -630.099 5139.64 2
3 2237.87 5162.29 -613.062 4805.82 2
4 2274.77 5101.73 -616.71 4764.69 2
5 2294.16 5122.84 -580.456 4785.53 2
6 2389.91 5071.22 -554.079 4781.15 2
7 2287.38 5020.87 -582.459 4709.01 2
8 2302.79 4936.52 -524.809 4559.37 2
9 2291.56 4953.01 -484.339 4554.87 2
10 2341.03 4876.57 -406.93 4475.56 2
11 2333.9 4826.29 -484.103 4367.31 2
12 RANDOM
13 2359.79 4796.65 -403.371 4281.17 2
14 2435.12 4644.2 -295.327 4097.54 2
15 2331.78 5145.99 -427.318 4715.18 2
16 2366.0 5078.83 -319.699 4551.23 2
17 2366.46 5097.64 -257.248 4534.75 2
18 2403.8 5008.67 -167.87 4408.01 2
19 2380.13 5354.8 -343.398 5115.11 2
20 2405.34 5259.05 -264.049 4925.94 2
21 2448.68 5211.31 -161.029 4795.59 2
22 2568.0 4963.36 0.573068 4438.66 2
23 2532.16 5720.86 86.2276 5439.12 2
24 2580.65 5483.27 133.421 5069.29 2
25 2581.08 5335.18 134.493 4844.68 2
26 2603.04 5098.84 200.024 4521.75 2
27 2643.52 5406.34 220.687 5048.76 2
28 2715.96 5216.37 297.341 4728.41 2
29 2749.94 5054.79 351.753 4457.13 2
30 2868.69 4689.36 556.027 3945.88 2
31 2641.24 5441.97 436.059 5025.72 2
32 2742.26 5137.97 563.764 4531.27 2
33 2821.23 4958.9 668.727 4226.53 2
34 2994.9 4722.59 903.946 3838.95 2
35 2663.16 5616.96 508.887 5281.69 2
36 2719.25 5437.01 606.962 4966.25 2
37 2783.22 5319.19 718.826 4715.15 2
38 2968.63 5075.4 985.727 4255.22 2
39 2823.81 5687.81 791.286 5107.76 2
40 2896.38 5504.42 846.939 4805.34 2
41 2954.59 5358.42 898.529 4558.91 2
42 3093.42 5106.38 1025.95 4127.69 2
43 3030.57 5419.44 1025.65 4647.85 2
44 3072.32 5298.83 1047.71 4444.18 2
45 3121.84 5190.21 1066.87 4256.64 2
46 3313.97 5026.37 1248.95 3951.92 2
47 3138.0 5335.66 883.474 4501.55 2
48 3049.65 5258.79 793.393 4395.38 2
49 2974.05 5218.78 715.851 4346.3 2
50 2922.68 5114.76 669.834 4187.42 2
51 2922.68 5114.76 669.834 4187.42 2
