0 0.0147782 25.1385 1.62489 26.3486 4
1 0.0147782 25.1385 1.62489 26.3486 4
2 0.0147782 25.1385 1.62489 26.3486 4
3 0.0147782 25.1385 1.62489 26.3486 4
4 0.0147782 25.1385 1.62489 26.3486 4
5 0.0147782 25.1385 1.62489 26.3486 4
6 0.0147782 25.1385 1.62489 26.3486 4
7 0.0147782 25.1385 1.62489 26.3486 4
8 0.0147782 25.1385 1.62489 26.3486 4
9 0.0147782 25.1385 1.62489 26.3486 4
10 0.0147782 25.1385 1.62489 26.3486 4
11 0.0147782 25.1385 1.62489 26.3486 4
12 RANDOM
13 0.0147782 25.1385 1.62489 26.3486 4
14 0.0147782 25.1385 1.62489 26.3486 4
15 0.0147782 25.1385 1.62489 26.3486 4
16 0.0147782 25.1385 1.62489 26.3486 4
17 RANDOM
18 0.0147782 25.1385 1.62489 26.3486 4
19 0.0147782 25.1385 1.62489 26.3486 4
20 0.0147782 25.1385 1.62489 26.3486 4
21 0.0147782 25.1385 1.62489 26.3486 4
22 0.0147782 25.1385 1.62489 26.3486 4
23 0.0147782 25.1385 1.62489 26.3486 4
24 0.0147782 25.1385 1.62489 26.3486 4
25 0.0147782 25.1385 1.62489 26.3486 4
26 0.0147782 25.1385 1.62489 26.3486 4
27 0.0147782 25.1385 1.62489 26.3486 4
28 0.0147782 25.1385 1.62489 26.3486 4
29 0.0147782 25.1385 1.62489 26.3486 4
30 0.0147782 25.1385 1.62489 26.3486 4
31 RANDOM
32 0.0147782 25.1385 1.62489 26.3486 4
33 0.0147782 25.1385 1.62489 26.3486 4
34 0.0147782 25.1385 1.62489 26.3486 4
35 0.0147782 25.1385 1.62489 26.3486 4
36 0.0147782 25.1385 1.62489 26.3486 4
37 0.0147782 25.1385 1.62489 26.3486 4
38 0.0147782 25.1385 1.62489 26.3486 4
39 0.0147782 25.1385 1.62489 26.3486 4
40 0.0147782 25.1385 1.62489 26.3486 4
41 0.0147782 25.1385 1.62489 26.3486 4
42 12.498 23.3636 -58.9435 41.3402 4
43 14.5152 25.727 -62.081 41.187 4
44 16.8194 28.3323 -66.7567 40.1277 4
45 19.4111 31.5174 -71.7999 40.6086 4
46 9.6944 19.4858 -53.25 40.1362 4
47 8.49434 17.2182 -48.1366 36.5981 4
48 8.02624 16.2647 -43.2745 34.727 4
49 7.66533 15.4625 -38.5964 33.0482 4
50 18.7864 23.3774 -32.6969 17.4342 2
51 0.0147782 25.1385 1.62489 26.3486 4
52 18.7864 23.3774 -32.6969 17.4342 2
53 0.0147782 25.1385 1.62489 26.3486 4
54 18.7864 23.3774 -32.6969 17.4342 2
55 0.0147782 25.1385 1.62489 26.3486 4
56 18.7864 23.3774 -32.6969 17.4342 2
57 0.0147782 25.1385 1.62489 26.3486 4
58 18.7864 23.3774 -32.6969 17.4342 2
59 0.0147782 25.1385 1.62489 26.3486 4
60 18.7864 23.3774 -32.6969 17.4342 2
61 0.0147782 25.1385 1.62489 26.3486 4
62 18.7864 23.3774 -32.6969 17.4342 2
63 0.0147782 25.1385 1.62489 26.3486 4
64 18.7864 23.3774 -32.6969 17.4342 2
65 0.0147782 25.1385 1.62489 26.3486 4
66 18.7864 23.3774 -32.6969 17.4342 2
67 0.0147782 25.1385 1.62489 26.3486 4
68 18.7864 23.3774 -32.6969 17.4342 2
69 0.0147782 25.1385 1.62489 26.3486 4
70 18.7864 23.3774 -32.6969 17.4342 2
71 0.0147782 25.1385 1.62489 26.3486 4
72 18.7864 23.3774 -32.6969 17.4342 2
73 0.0147782 25.1385 1.62489 26.3486 4
74 18.7864 23.3774 -32.6969 17.4342 2
75 0.0147782 25.1385 1.62489 26.3486 4
76 18.7864 23.3774 -32.6969 17.4342 2
77 0.0147782 25.1385 1.62489 26.3486 4
78 18.7864 23.3774 -32.6969 17.4342 2
79 0.0147782 25.1385 1.62489 26.3486 4
80 18.7864 23.3774 -32.6969 17.4342 2
81 0.0147782 25.1385 1.62489 26.3486 4
82 18.7864 23.3774 -32.6969 17.4342 2
83 0.0147782 25.1385 1.62489 26.3486 4
84 18.7864 23.3774 -32.6969 17.4342 2
85 RANDOM
86 0.0695174 23.3035 -0.482855 25.3257 4
87 8.93608 14.6907 -34.2788 27.1528 4
88 18.7864 23.3774 -32.6969 17.4342 2
89 0.0147782 25.1385 1.62489 26.3486 4
90 18.7864 23.3774 -32.6969 17.4342 2
91 0.0147782 25.1385 1.62489 26.3486 4
92 18.7864 23.3774 -32.6969 17.4342 2
93 0.0147782 25.1385 1.62489 26.3486 4
94 18.7864 23.3774 -32.6969 17.4342 2
95 0.0147782 25.1385 1.62489 26.3486 4
96 18.7864 23.3774 -32.6969 17.4342 2
97 0.0147782 25.1385 1.62489 26.3486 4
98 18.7864 23.3774 -32.6969 17.4342 2
99 0.0147782 25.1385 1.62489 26.3486 4
100 18.7864 23.3774 -32.6969 17.4342 2
101 0.0147782 25.1385 1.62489 26.3486 4
102 18.7864 23.3774 -32.6969 17.4342 2
103 0.0147782 25.1385 1.62489 26.3486 4
104 18.7864 23.3774 -32.6969 17.4342 2
105 0.0147782 25.1385 1.62489 26.3486 4
106 18.7864 23.3774 -32.6969 17.4342 2
107 0.0147782 25.1385 1.62489 26.3486 4
108 18.7864 23.3774 -32.6969 17.4342 2
109 0.0147782 25.1385 1.62489 26.3486 4
110 18.7864 23.3774 -32.6969 17.4342 2
111 0.0147782 25.1385 1.62489 26.3486 4
112 18.7864 23.3774 -32.6969 17.4342 2
113 0.0147782 25.1385 1.62489 26.3486 4
114 18.7864 23.3774 -32.6969 17.4342 2
115 0.0147782 25.1385 1.62489 26.3486 4
116 18.7864 23.3774 -32.6969 17.4342 2
117 0.0147782 25.1385 1.62489 26.3486 4
118 18.7864 23.3774 -32.6969 17.4342 2
119 0.0147782 25.1385 1.62489 26.3486 4
120 18.7864 23.3774 -32.6969 17.4342 2
121 0.0147782 25.1385 1.62489 26.3486 4
122 18.7864 23.3774 -32.6969 17.4342 2
123 0.0147782 25.1385 1.62489 26.3486 4
124 18.7864 23.3774 -32.6969 17.4342 2
125 0.0147782 25.1385 1.62489 26.3486 4
126 18.7864 23.3774 -32.6969 17.4342 2
127 0.0147782 25.1385 1.62489 26.3486 4
128 18.7864 23.3774 -32.6969 17.4342 2
129 0.0147782 25.1385 1.62489 26.3486 4
130 18.7864 23.3774 -32.6969 17.4342 2
131 0.0147782 25.1385 1.62489 26.3486 4
132 18.7864 23.3774 -32.6969 17.4342 2
133 0.0147782 25.1385 1.62489 26.3486 4
134 18.7864 23.3774 -32.6969 17.4342 2
135 0.0147782 25.1385 1.62489 26.3486 4
136 RANDOM
137 0.0147782 25.1385 1.62489 26.3486 4
138 19.5111 26.5343 -41.6872 22.5924 2
