0 -303.957 228.992 -882.684 189.076 2
1 -269.58 224.206 -908.277 182.392 2
2 -245.703 235.628 -919.22 190.33 2
3 -391.59 202.951 -780.112 201.535 2
4 -353.401 185.083 -779.289 165.677 2
5 -339.334 199.403 -760.513 164.222 2
6 -244.199 183.496 -808.808 150.377 2
7 -352.379 216.846 -743.078 225.233 4
8 -326.102 130.878 -842.777 139.094 4
9 -359.962 158.549 -860.906 183.839 4
10 -393.467 196.385 -874.306 244.777 4
11 -448.335 212.855 -870.771 285.657 4
12 -314.198 145.828 -1032.05 162.445 4
13 -360.612 156.76 -993.055 177.837 4
14 RANDOM
15 -480.93 162.668 -902.182 186.456 4
16 268.245 283.134 -1487.16 183.837 2
17 -301.204 207.005 -868.875 156.503 2
18 -252.405 182.138 -892.424 130.7 2
19 -215.64 177.766 -922.832 125.757 2
20 -184.532 188.412 -934.043 135.359 2
21 -300.291 152.916 -863.213 148.395 2
22 -253.868 124.09 -867.701 102.152 2
23 -233.329 136.422 -850.637 102.489 2
24 -244.199 183.496 -808.808 150.377 2
25 -352.379 216.846 -743.078 225.233 4
26 -326.102 130.878 -842.777 139.094 4
27 -359.962 158.549 -860.906 183.839 4
28 -393.467 196.385 -874.306 244.777 4
29 -448.335 212.855 -870.771 285.657 4
30 -314.198 145.828 -1032.05 162.445 4
31 RANDOM
32 -414.026 159.686 -957.198 184.066 4
33 -480.93 162.668 -902.182 186.456 4
34 RANDOM
35 173.627 138.407 -1469.29 53.3192 1
36 13.519 216.467 -1286.15 152.5 2
