0 -2.37304 18.3668 -0.606625 19.1558 4
1 -2.37304 18.3668 -0.606625 19.1558 4
2 -2.37304 18.3668 -0.606625 19.1558 4
3 -2.37304 18.3668 -0.606625 19.1558 4
4 RANDOM
5 -2.37304 18.3668 -0.606625 19.1558 4
6 -2.37304 18.3668 -0.606625 19.1558 4
7 -2.37304 18.3668 -0.606625 19.1558 4
8 RANDOM
9 -2.37304 18.3668 -0.606625 19.1558 4
10 -2.37304 18.3668 -0.606625 19.1558 4
11 -2.37304 18.3668 -0.606625 19.1558 4
12 -2.37304 18.3668 -0.606625 19.1558 4
13 RANDOM
14 -2.37304 18.3668 -0.606625 19.1558 4
15 -2.37304 18.3668 -0.606625 19.1558 4
16 -2.37304 18.3668 -0.606625 19.1558 4
17 -2.37304 18.3668 -0.606625 19.1558 4
18 -2.37304 18.3668 -0.606625 19.1558 4
19 -2.37304 18.3668 -0.606625 19.1558 4
20 -2.37304 18.3668 -0.606625 19.1558 4
21 RANDOM
22 -2.37304 18.3668 -0.606625 19.1558 4
23 -2.37304 18.3668 -0.606625 19.1558 4
24 -2.37304 18.3668 -0.606625 19.1558 4
25 -2.37304 18.3668 -0.606625 19.1558 4
26 -2.37304 18.3668 -0.606625 19.1558 4
27 RANDOM
28 -2.37304 18.3668 -0.606625 19.1558 4
29 -2.37304 18.3668 -0.606625 19.1558 4
30 -2.37304 18.3668 -0.606625 19.1558 4
31 -2.37304 18.3668 -0.606625 19.1558 4
32 -2.37304 18.3668 -0.606625 19.1558 4
33 -2.37304 18.3668 -0.606625 19.1558 4
34 -2.37304 18.3668 -0.606625 19.1558 4
35 -2.37304 18.3668 -0.606625 19.1558 4
36 -2.37304 18.3668 -0.606625 19.1558 4
37 -2.37304 18.3668 -0.606625 19.1558 4
38 -2.37304 18.3668 -0.606625 19.1558 4
39 -2.37304 18.3668 -0.606625 19.1558 4
40 -2.37304 18.3668 -0.606625 19.1558 4
41 -2.37304 18.3668 -0.606625 19.1558 4
42 11.0845 16.92 -57.5021 33.6218 4
43 13.1165 18.9724 -60.6252 33.195 4
44 15.4622 21.1448 -65.2382 31.6543 4
45 18.2615 24.5947 -69.914 33.3754 4
46 8.2525 13.4868 -51.6077 32.487 4
47 6.95963 11.0224 -46.7841 28.7334 4
48 6.38741 9.81926 -42.3068 26.4694 4
49 RANDOM
50 17.5692 16.7986 -32.6038 10.4417 1
51 -2.37304 18.3668 -0.606625 19.1558 4
52 18.4431 19.7484 -40.9143 15.236 2
