0 2081.84 4510.2 -670.571 4283.21 2
1 2108.43 4492.72 -678.448 4278.78 2
2 2132.78 4539.74 -654.737 4335.36 2
3 1928.62 4352.39 -598.969 4071.26 2
4 1975.14 4295.25 -608.406 4026.34 2
5 1996.7 4318.19 -573.222 4046.18 2
6 2102.23 4258.05 -557.098 4020.21 2
7 1983.54 4228.52 -566.218 3995.35 2
8 1997.25 4154.74 -503.697 3863.59 2
9 1984.82 4174.1 -462.219 3862.78 2
10 2035.9 4092.72 -383.472 3777.85 2
11 2024.48 4049.39 -455.909 3690.28 2
12 2041.38 4024.89 -408.665 3632.66 2
13 2048.16 4042.72 -369.98 3631.89 2
14 2121.05 3894.36 -255.295 3454.99 2
15 2029.81 4360.29 -403.684 4026.1 2
16 2053.93 4317.02 -288.656 3899.39 2
17 2051.62 4344.43 -223.168 3895.97 2
18 2086.78 4256.02 -128.057 3773.74 2
19 2091.17 4517.89 -344.726 4359.57 2
20 2110.85 4442.14 -253.081 4201.05 2
21 2145.12 4413.62 -140.299 4103.08 2
22 2245.42 4156.24 28.1069 3748.39 2
23 2217.55 4873.59 112.036 4697.29 2
24 2262.53 4657.14 169.166 4356.71 2
25 2257.54 4528.28 164.986 4157.71 2
26 2271.02 4297.68 229.705 3847.62 2
27 2317.09 4544.37 242.769 4293.29 2
28 2381.68 4376.22 330.416 4005.6 2
29 2403.68 4243.68 390.718 3780.21 2
30 2502.97 3887.47 607.701 3302.05 2
31 2277.54 4617.77 492.523 4357.47 2
32 2362.17 4344.52 641.721 3913.42 2
33 2424.21 4192.3 758.015 3654.46 2
34 2572.72 3984.73 1012.11 3320.23 2
35 2289.25 4804.73 571.588 4642.52 2
36 2334.89 4659.64 693.269 4381.13 2
37 2383.62 4569.18 823.759 4174.82 2
38 2530.34 4353.62 1117.59 3775.38 2
39 2415.54 4970.54 922.275 4617.42 2
40 2478.49 4797.78 982.693 4333.21 2
41 2530.5 4667.28 1043.72 4110.17 2
42 2644.33 4435.27 1184.04 3717.42 2
43 2583.65 4727.42 1177.72 4216.14 2
44 2620.22 4613.29 1200.53 4020.4 2
45 2665.34 4512.89 1221.51 3842.73 2
46 RANDOM
47 2730.57 4630.51 1017.57 4015.15 2
48 2648.55 4555.93 920.148 3903.61 2
49 2577.92 4518.38 836.217 3851.46 2
50 2528.64 4427.07 792.13 3707.48 2
51 2528.64 4427.07 792.13 3707.48 2
