0 6.03364 37.2598 25.3599 38.9141 4
1 RANDOM
2 6.03364 37.2598 25.3599 38.9141 4
3 6.03364 37.2598 25.3599 38.9141 4
4 6.03364 37.2598 25.3599 38.9141 4
5 6.03364 37.2598 25.3599 38.9141 4
6 6.03364 37.2598 25.3599 38.9141 4
7 6.03364 37.2598 25.3599 38.9141 4
8 6.03364 37.2598 25.3599 38.9141 4
9 6.03364 37.2598 25.3599 38.9141 4
10 6.03364 37.2598 25.3599 38.9141 4
11 6.03364 37.2598 25.3599 38.9141 4
12 6.03364 37.2598 25.3599 38.9141 4
13 6.03364 37.2598 25.3599 38.9141 4
14 RANDOM
15 6.03364 37.2598 25.3599 38.9141 4
16 6.03364 37.2598 25.3599 38.9141 4
17 6.03364 37.2598 25.3599 38.9141 4
18 RANDOM
19 6.03364 37.2598 25.3599 38.9141 4
20 6.03364 37.2598 25.3599 38.9141 4
