0 78.0677 94.4568 83.6635 98.1374 4
1 80.0825 96.8921 85.3758 100.57 4
2 79.1039 95.8111 84.4323 99.5001 4
3 79.5279 96.2839 84.8544 99.9724 4
4 80.031 96.84 85.3242 100.521 4
5 80.6782 97.5458 85.9125 101.213 4
6 78.4484 95.0307 83.8458 98.7136 4
7 78.9002 95.5394 84.2861 99.2243 4
8 79.5787 96.3134 84.9124 99.9983 4
9 80.8355 97.7425 86.0761 101.422 4
10 79.5653 96.3516 84.9848 100.074 4
11 79.8123 96.622 85.2319 100.344 4
12 80.3536 97.2482 85.7357 100.973 4
13 81.7082 98.8206 87.0371 102.561 4
14 80.5404 97.4766 86.0437 101.251 4
15 80.803 97.7648 86.2872 101.537 4
16 81.3294 98.3673 86.7851 102.146 4
17 82.4457 99.6838 87.8886 103.497 4
18 79.6309 96.4342 85.1757 100.202 4
19 80.2784 97.2155 85.8439 101.018 4
20 81.691 98.937 87.2951 102.819 4
21 83.9136 101.65 89.5692 105.659 4
22 81.2635 98.4445 86.9233 102.331 4
23 81.4922 98.7066 87.1635 102.603 4
24 82.717 100.214 88.4239 104.185 4
25 84.9572 102.98 90.7146 107.089 4
26 82.9735 100.565 88.7341 104.567 4
27 83.8386 101.626 89.6397 105.684 4
28 85.4339 103.578 91.2914 107.735 4
29 87.5404 106.156 93.4643 110.445 4
30 81.3578 98.6382 87.1568 102.6 4
31 82.5606 100.109 88.3946 104.142 4
32 84.4707 102.447 90.3596 106.596 4
33 RANDOM
34 85.776 104.259 91.8982 108.616 4
35 86.6366 105.318 92.8053 109.734 4
36 88.3654 107.45 94.6006 111.988 4
37 93.7255 114.216 100.295 119.176 4
38 91.2024 111.205 97.7912 116.092 4
39 94.8866 115.876 101.741 121.066 4
40 100.617 123.148 107.897 128.81 4
41 109.393 134.258 117.303 140.637 4
42 102.398 125.988 110.335 132.013 4
43 106.006 130.571 114.229 136.88 4
44 112.513 138.851 121.259 145.688 4
45 121.143 149.828 130.57 157.374 4
46 110.991 138.281 120.739 145.463 4
47 115.002 143.473 125.135 151.006 4
48 123.066 153.86 133.936 162.094 4
49 136.348 170.903 148.379 180.281 4
50 145.966 184.536 159.862 195.29 4
51 145.966 184.536 159.862 195.29 4
