0 -313.588 128.069 -376.668 86.2711 2
1 -311.96 134.105 -390.615 105.255 2
2 -314.575 146.457 -384.413 119.093 2
3 -394.222 121.638 -316.604 115.403 2
4 -387.151 113.745 -313.555 99.1237 2
5 -391.219 115.391 -300.125 90.287 2
6 -334.533 122.004 -358.938 119.855 2
7 -330.317 119.485 -328.73 110.709 2
8 -336.259 111.157 -321.365 92.3627 2
9 -354.014 107.104 -319.791 84.1625 2
10 -352.406 122.19 -322.984 103.789 2
11 -309.125 88.0948 -290.031 36.0592 2
12 -309.017 80.8953 -292.332 21.4054 2
13 -309.569 77.7496 -300.523 12.5607 2
14 -284.022 92.303 -301.437 25.7675 2
15 -273.972 94.2588 -369.931 54.5924 2
16 -275.187 85.6526 -355.769 28.5265 2
17 -287.606 81.7557 -351.673 14.4113 2
18 -278.73 91.1783 -340.887 19.9569 2
19 -259.032 96.8787 -338.505 51.3476 2
20 -259.755 105.497 -347.381 58.3842 2
21 -266.948 109.277 -347.954 59.9057 2
22 -244.146 116.504 -315.882 52.4315 2
23 -188.283 88.2132 -239.783 -19.1278 2
24 -134.861 80.2933 -215.857 -57.2337 2
25 -143.127 80.6883 -222.152 -57.9642 2
26 -145.992 91.8523 -195.925 -51.2425 2
27 -186.7 88.9336 -200.888 -50.7818 2
28 -119.24 70.502 -166.512 -100.355 2
29 -76.9143 59.9776 -138.021 -125.801 2
30 -47.6006 78.2447 -77.2043 -111.899 2
31 -233.527 102.934 -154.899 -0.422457 2
32 -145.875 92.9561 -93.4675 -42.2052 2
33 -133.363 102.419 -60.6616 -32.4466 2
34 -105.959 161.686 16.5519 30.8744 2
35 -262.205 120.306 -178.14 44.9374 2
36 -240.637 119.63 -139.701 33.4223 2
37 -217.448 103.927 -102.433 10.2821 2
38 -186.573 149.104 -4.82921 58.0431 2
39 -131.768 60.8829 -44.4039 -40.5953 2
40 -121.263 84.5359 -30.3957 -16.86 2
41 -104.281 88.5189 -19.959 -18.8939 2
42 -61.2346 89.6343 27.5383 -29.4779 2
43 -75.2829 87.4852 30.8855 -20.3502 2
44 -60.7468 89.6202 31.6987 -26.8192 2
45 -46.946 94.0047 32.13 -28.5555 2
46 28.5007 109.958 108.135 -24.4605 2
47 34.8733 73.4275 -47.0505 -107.729 2
48 13.7659 69.0101 -60.6055 -107.972 2
49 -31.1091 63.1544 -88.6556 -102.007 2
50 -60.104 66.9424 -99.9602 -87.0467 2
51 -60.104 66.9424 -99.9602 -87.0467 2
