0 -13.8655 82.2343 -9.23564 69.8181 2
1 -12.5339 79.0606 -8.29601 66.7413 2
2 -11.2688 76.1315 -7.32385 63.8695 2
3 -10.3295 76.5066 -3.91352 58.7733 2
4 -8.85431 72.1009 -3.00293 55.0813 2
5 -7.55156 68.4448 -1.95962 51.8701 2
6 -6.95649 60.6446 -2.30104 45.8196 2
7 -4.16202 63.5421 7.45717 42.0341 2
8 -3.21875 60.7569 7.25851 40.4495 2
9 -2.56657 57.4374 6.77419 38.3122 2
10 -2.42487 51.9729 5.29178 34.7185 2
11 RANDOM
12 -3.64655 52.2498 4.4009 34.6169 2
13 -2.88245 49.727 4.23465 33.0514 2
14 -2.49725 44.4842 3.04349 29.7509 2
15 -5.20184 48.8655 2.16767 31.9357 2
16 -4.72295 45.6147 1.58264 29.9559 2
17 -4.40101 42.8156 1.08915 28.2675 2
18 -4.07553 37.032 -0.135589 24.7002 2
19 RANDOM
20 -5.90778 36.813 -1.34718 23.5831 2
21 -5.77384 33.947 -2.02172 21.9273 2
22 -5.29723 29.1749 -2.9367 19.2295 2
23 -7.02217 34.6457 -2.50685 21.6816 2
24 -6.75367 31.8962 -3.0369 19.9967 2
25 -6.6415 29.4069 -3.58272 18.4322 2
26 -6.42326 24.4625 -4.80967 15.6017 2
27 -6.81239 29.4594 -3.56213 18.0206 2
28 -6.71803 25.3231 -4.56285 15.4624 2
29 -6.66451 22.1478 -5.33793 13.5285 2
30 -6.38854 18.4483 -5.92622 11.6122 2
31 RANDOM
32 RANDOM
33 -7.45525 17.8383 -6.7803 10.428 2
34 -7.14794 16.8848 -6.67509 10.2565 2
35 -7.24039 14.4786 -7.17269 7.34618 2
36 -6.88768 12.6144 -7.09421 6.51992 2
37 -6.6219 11.0787 -6.97468 5.68889 2
38 -6.37319 9.80814 -6.6647 5.16414 2
39 -5.92554 2.14059 -7.37762 -1.04054 2
40 -5.65064 2.76826 -7.02225 -0.491976 2
41 -5.61642 3.28115 -6.85354 0.0775321 2
42 -5.54739 5.32732 -6.33926 1.90991 2
43 -5.49912 3.07441 -6.75629 -0.163351 2
44 -5.50228 3.82108 -6.58588 0.664306 2
45 -5.5608 4.31732 -6.53678 1.10039 2
46 -5.41578 6.52665 -5.96814 2.80409 2
47 -6.19387 0.971101 -7.59439 -2.33054 2
48 -6.2018 1.59944 -7.45433 -1.5848 2
49 -6.17673 2.07282 -7.33723 -1.04726 2
50 -5.98103 4.49803 -6.68576 1.12574 2
51 -5.98103 4.49803 -6.68576 1.12574 2
