0 30.9144 63.4936 30.5244 64.3759 4
1 30.9144 63.4936 30.5244 64.3759 4
2 30.9144 63.4936 30.5244 64.3759 4
3 30.9144 63.4936 30.5244 64.3759 4
4 30.9144 63.4936 30.5244 64.3759 4
5 30.9144 63.4936 30.5244 64.3759 4
6 30.9144 63.4936 30.5244 64.3759 4
7 30.9144 63.4936 30.5244 64.3759 4
8 30.9144 63.4936 30.5244 64.3759 4
9 30.9144 63.4936 30.5244 64.3759 4
10 30.9144 63.4936 30.5244 64.3759 4
11 30.9144 63.4936 30.5244 64.3759 4
12 30.9144 63.4936 30.5244 64.3759 4
13 30.9144 63.4936 30.5244 64.3759 4
14 30.9144 63.4936 30.5244 64.3759 4
15 30.9144 63.4936 30.5244 64.3759 4
16 30.9144 63.4936 30.5244 64.3759 4
17 30.9144 63.4936 30.5244 64.3759 4
18 30.9144 63.4936 30.5244 64.3759 4
19 30.9144 63.4936 30.5244 64.3759 4
20 27.5434 55.6362 29.1716 52.2547 2
21 30.9144 63.4936 30.5244 64.3759 4
22 RANDOM
23 26.7583 52.2142 29.5458 46.0296 2
24 30.9144 63.4936 30.5244 64.3759 4
25 26.7583 52.2142 29.5458 46.0296 2
26 30.9144 63.4936 30.5244 64.3759 4
27 26.7583 52.2142 29.5458 46.0296 2
28 30.9144 63.4936 30.5244 64.3759 4
29 26.7583 52.2142 29.5458 46.0296 2
30 30.9144 63.4936 30.5244 64.3759 4
31 26.7583 52.2142 29.5458 46.0296 2
32 30.9144 63.4936 30.5244 64.3759 4
33 26.7583 52.2142 29.5458 46.0296 2
34 30.9144 63.4936 30.5244 64.3759 4
35 26.7583 52.2142 29.5458 46.0296 2
36 30.9144 63.4936 30.5244 64.3759 4
37 26.7583 52.2142 29.5458 46.0296 2
38 30.9144 63.4936 30.5244 64.3759 4
39 26.7583 52.2142 29.5458 46.0296 2
40 30.9144 63.4936 30.5244 64.3759 4
41 26.7583 52.2142 29.5458 46.0296 2
42 30.9144 63.4936 30.5244 64.3759 4
43 26.7583 52.2142 29.5458 46.0296 2
44 30.9144 63.4936 30.5244 64.3759 4
45 RANDOM
46 30.9144 63.4936 30.5244 64.3759 4
47 30.9144 63.4936 30.5244 64.3759 4
48 30.9144 63.4936 30.5244 64.3759 4
49 30.9144 63.4936 30.5244 64.3759 4
50 RANDOM
51 30.9144 63.4936 30.5244 64.3759 4
52 RANDOM
53 30.9144 63.4936 30.5244 64.3759 4
54 30.9144 63.4936 30.5244 64.3759 4
55 30.9144 63.4936 30.5244 64.3759 4
56 30.9144 63.4936 30.5244 64.3759 4
57 30.9144 63.4936 30.5244 64.3759 4
58 30.9144 63.4936 30.5244 64.3759 4
59 30.9144 63.4936 30.5244 64.3759 4
60 30.9144 63.4936 30.5244 64.3759 4
61 30.9144 63.4936 30.5244 64.3759 4
62 30.9144 63.4936 30.5244 64.3759 4
63 RANDOM
64 30.9144 63.4936 30.5244 64.3759 4
65 30.9144 63.4936 30.5244 64.3759 4
66 462.597 1033.6 489.188 917.388 2
67 30.9144 63.4936 30.5244 64.3759 4
68 462.597 1033.6 489.188 917.388 2
69 30.9144 63.4936 30.5244 64.3759 4
70 462.597 1033.6 489.188 917.388 2
71 30.9144 63.4936 30.5244 64.3759 4
72 462.597 1033.6 489.188 917.388 2
73 30.9144 63.4936 30.5244 64.3759 4
74 462.597 1033.6 489.188 917.388 2
75 30.9144 63.4936 30.5244 64.3759 4
76 462.597 1033.6 489.188 917.388 2
77 30.9144 63.4936 30.5244 64.3759 4
78 462.597 1033.6 489.188 917.388 2
79 30.9144 63.4936 30.5244 64.3759 4
80 462.597 1033.6 489.188 917.388 2
81 30.9144 63.4936 30.5244 64.3759 4
82 462.597 1033.6 489.188 917.388 2
83 30.9144 63.4936 30.5244 64.3759 4
84 462.597 1033.6 489.188 917.388 2
85 30.9144 63.4936 30.5244 64.3759 4
86 462.597 1033.6 489.188 917.388 2
87 30.9144 63.4936 30.5244 64.3759 4
88 462.597 1033.6 489.188 917.388 2
89 30.9144 63.4936 30.5244 64.3759 4
90 462.597 1033.6 489.188 917.388 2
91 30.9144 63.4936 30.5244 64.3759 4
92 462.597 1033.6 489.188 917.388 2
93 30.9144 63.4936 30.5244 64.3759 4
94 462.597 1033.6 489.188 917.388 2
95 30.9144 63.4936 30.5244 64.3759 4
96 462.597 1033.6 489.188 917.388 2
97 30.9144 63.4936 30.5244 64.3759 4
98 462.597 1033.6 489.188 917.388 2
99 30.9144 63.4936 30.5244 64.3759 4
100 RANDOM
101 380.528 842.503 420.203 732.885 2
102 210.94 474.365 214.878 435.868 2
