0 119.014 621.602 -420.327 526.087 2
1 151.513 609.789 -450.808 515.316 2
2 173.905 619.933 -467.467 521.899 2
3 37.6071 647.988 -219.65 633.425 2
4 81.8244 612.739 -230.28 580.086 2
5 96.0001 635.964 -204.887 588.226 2
6 203.726 595.575 -264.922 546.592 2
7 111.176 715.581 -109.912 744.514 4
8 123.792 541.073 -323.486 535.208 2
9 RANDOM
10 134.062 714.118 -89.3745 729.632 4
11 -84.1322 911.131 -7.32981 1019.2 4
12 123.792 541.073 -323.486 535.208 2
13 111.176 715.581 -109.912 744.514 4
14 123.792 541.073 -323.486 535.208 2
15 111.176 715.581 -109.912 744.514 4
16 123.792 541.073 -323.486 535.208 2
17 111.176 715.581 -109.912 744.514 4
18 123.792 541.073 -323.486 535.208 2
19 111.176 715.581 -109.912 744.514 4
20 123.792 541.073 -323.486 535.208 2
21 111.176 715.581 -109.912 744.514 4
22 123.792 541.073 -323.486 535.208 2
23 111.176 715.581 -109.912 744.514 4
24 123.792 541.073 -323.486 535.208 2
25 111.176 715.581 -109.912 744.514 4
26 123.792 541.073 -323.486 535.208 2
27 111.176 715.581 -109.912 744.514 4
28 123.792 541.073 -323.486 535.208 2
29 111.176 715.581 -109.912 744.514 4
30 123.792 541.073 -323.486 535.208 2
31 111.176 715.581 -109.912 744.514 4
32 123.792 541.073 -323.486 535.208 2
33 RANDOM
34 134.062 714.118 -89.3745 729.632 4
35 -84.1322 911.131 -7.32981 1019.2 4
36 123.792 541.073 -323.486 535.208 2
37 111.176 715.581 -109.912 744.514 4
38 123.792 541.073 -323.486 535.208 2
39 111.176 715.581 -109.912 744.514 4
40 121.573 520.555 -271.816 526.873 4
41 70.8683 549.162 -290.688 565.431 4
42 RANDOM
43 -38.869 665.191 -283.63 725.991 4
44 104.323 474.993 -584.184 441.303 2
45 132.776 541.621 -314.162 520.342 2
46 RANDOM
47 214.838 510.273 -283.929 468.073 2
48 199.958 568.344 -208.875 530.543 2
49 115.893 717.311 -53.7705 751.258 4
50 121.573 520.555 -271.816 526.873 4
51 70.8683 549.162 -290.688 565.431 4
52 21.796 595.443 -300.019 628.892 4
53 -38.869 665.191 -283.63 725.991 4
54 104.323 474.993 -584.184 441.303 2
55 132.776 541.621 -314.162 520.342 2
56 190.004 495.826 -318.707 460.534 2
57 214.838 510.273 -283.929 468.073 2
58 199.958 568.344 -208.875 530.543 2
59 115.893 717.311 -53.7705 751.258 4
60 121.573 520.555 -271.816 526.873 4
61 70.8683 549.162 -290.688 565.431 4
62 21.796 595.443 -300.019 628.892 4
63 -38.869 665.191 -283.63 725.991 4
64 104.323 474.993 -584.184 441.303 2
65 132.776 541.621 -314.162 520.342 2
66 RANDOM
67 214.838 510.273 -283.929 468.073 2
68 199.958 568.344 -208.875 530.543 2
69 115.893 717.311 -53.7705 751.258 4
70 121.573 520.555 -271.816 526.873 4
71 70.8683 549.162 -290.688 565.431 4
72 21.796 595.443 -300.019 628.892 4
73 -38.869 665.191 -283.63 725.991 4
74 104.323 474.993 -584.184 441.303 2
75 132.776 541.621 -314.162 520.342 2
76 190.004 495.826 -318.707 460.534 2
77 214.838 510.273 -283.929 468.073 2
78 RANDOM
79 148.707 684.509 -101.442 657.041 2
80 155.217 574.471 -181.689 541.755 2
