0 979.349 1361.23 931.234 1249.41 2
1 1015.18 1407.92 967.129 1292.91 2
2 1049.27 1450.54 1002.92 1331.7 2
3 883.57 1136.2 828.162 983.997 2
4 957.667 1272.51 912.591 1131.1 2
5 1027.51 1399.54 992.955 1266.29 2
6 1165.58 1618.63 1135.54 1534.38 2
7 1136.54 1503.24 1141.37 1377.83 2
8 1141.48 1534.87 1144.92 1421.74 2
9 1170.1 1602.91 1175.93 1508.78 2
10 1175.83 1595.85 1174.68 1511.67 2
11 1114.85 1496.72 1102.24 1385.89 2
12 1106.26 1507.88 1091.37 1409.53 2
13 1113.47 1538.81 1098.63 1457.07 2
14 1128.44 1555.35 1105.05 1488.8 2
15 1071.26 1435.7 1028.64 1343.73 2
16 RANDOM
17 1064.42 1467.19 1025.39 1396.27 2
18 1103.91 1525.62 1064.25 1473.03 2
19 1101.56 1446.41 1071.06 1342.43 2
20 1105.46 1470.59 1070.45 1381.47 2
21 RANDOM
22 1126.33 1447.66 1081.77 1381.86 2
23 1026.86 1208.88 975.31 1102.79 2
24 1052.36 1270.29 1001.55 1178.71 2
25 RANDOM
26 1126.21 1386.56 1077.42 1324.0 2
27 1082.31 1230.54 1035.78 1123.66 2
28 1104.64 1289.51 1054.57 1202.81 2
29 1132.84 1355.07 1085.7 1281.56 2
30 1166.73 1362.34 1113.15 1299.75 2
31 1184.54 1326.39 1133.12 1233.13 2
32 1186.91 1353.06 1135.33 1267.92 2
33 1198.72 1387.02 1149.04 1308.59 2
34 1209.82 1358.07 1151.48 1277.91 2
35 1241.51 1442.12 1220.54 1337.22 2
36 1225.53 1430.81 1190.98 1339.25 2
37 RANDOM
38 1206.34 1353.4 1149.55 1252.54 2
39 1207.29 1465.08 1149.0 1375.36 2
40 RANDOM
41 1206.25 1468.34 1130.37 1401.08 2
42 1187.86 1413.3 1103.94 1332.92 2
43 1229.88 1477.88 1163.95 1391.94 2
44 1207.44 1449.18 1130.25 1372.55 2
45 1190.31 1429.18 1102.62 1362.49 2
46 1166.84 1360.96 1069.38 1278.48 2
47 1219.0 1537.35 1124.64 1530.71 2
48 1201.51 1517.16 1099.6 1516.67 2
49 1187.85 1501.82 1079.79 1505.62 4
50 1288.86 1593.16 1223.45 1546.56 2
51 1187.85 1501.82 1079.79 1505.62 4
52 1288.86 1593.16 1223.45 1546.56 2
53 1187.85 1501.82 1079.79 1505.62 4
54 RANDOM
55 1312.61 1625.91 1258.47 1574.98 2
56 1201.51 1517.16 1099.6 1516.67 2
57 1187.85 1501.82 1079.79 1505.62 4
58 1288.86 1593.16 1223.45 1546.56 2
59 1187.85 1501.82 1079.79 1505.62 4
60 1288.86 1593.16 1223.45 1546.56 2
61 1187.85 1501.82 1079.79 1505.62 4
62 1288.86 1593.16 1223.45 1546.56 2
63 1187.85 1501.82 1079.79 1505.62 4
64 1288.86 1593.16 1223.45 1546.56 2
65 1187.85 1501.82 1079.79 1505.62 4
66 1288.86 1593.16 1223.45 1546.56 2
67 1187.85 1501.82 1079.79 1505.62 4
68 1288.86 1593.16 1223.45 1546.56 2
69 1187.85 1501.82 1079.79 1505.62 4
70 1288.86 1593.16 1223.45 1546.56 2
71 1187.85 1501.82 1079.79 1505.62 4
72 1288.86 1593.16 1223.45 1546.56 2
73 1187.85 1501.82 1079.79 1505.62 4
74 1288.86 1593.16 1223.45 1546.56 2
75 1187.85 1501.82 1079.79 1505.62 4
76 1288.86 1593.16 1223.45 1546.56 2
77 1187.85 1501.82 1079.79 1505.62 4
78 1288.86 1593.16 1223.45 1546.56 2
79 1187.85 1501.82 1079.79 1505.62 4
80 1288.86 1593.16 1223.45 1546.56 2
81 1187.85 1501.82 1079.79 1505.62 4
82 1288.86 1593.16 1223.45 1546.56 2
83 1187.85 1501.82 1079.79 1505.62 4
84 1288.86 1593.16 1223.45 1546.56 2
85 1187.85 1501.82 1079.79 1505.62 4
86 1288.86 1593.16 1223.45 1546.56 2
87 1187.85 1501.82 1079.79 1505.62 4
88 RANDOM
89 1312.61 1625.91 1258.47 1574.98 2
90 1201.51 1517.16 1099.6 1516.67 2
91 1187.85 1501.82 1079.79 1505.62 4
92 1288.86 1593.16 1223.45 1546.56 2
93 1187.85 1501.82 1079.79 1505.62 4
94 1288.86 1593.16 1223.45 1546.56 2
95 1187.85 1501.82 1079.79 1505.62 4
96 1288.86 1593.16 1223.45 1546.56 2
97 1187.85 1501.82 1079.79 1505.62 4
98 1288.86 1593.16 1223.45 1546.56 2
99 1187.85 1501.82 1079.79 1505.62 4
100 RANDOM
101 1327.17 1675.45 1271.29 1652.95 2
102 1206.88 1552.79 1102.29 1564.94 4
103 1327.17 1675.45 1271.29 1652.95 2
104 1206.88 1552.79 1102.29 1564.94 4
105 1327.17 1675.45 1271.29 1652.95 2
106 1206.88 1552.79 1102.29 1564.94 4
107 1327.17 1675.45 1271.29 1652.95 2
108 1206.88 1552.79 1102.29 1564.94 4
109 1327.17 1675.45 1271.29 1652.95 2
110 1206.88 1552.79 1102.29 1564.94 4
111 1327.17 1675.45 1271.29 1652.95 2
112 1206.88 1552.79 1102.29 1564.94 4
113 1327.17 1675.45 1271.29 1652.95 2
114 1206.88 1552.79 1102.29 1564.94 4
115 1327.17 1675.45 1271.29 1652.95 2
116 1206.88 1552.79 1102.29 1564.94 4
117 1327.17 1675.45 1271.29 1652.95 2
118 1206.88 1552.79 1102.29 1564.94 4
119 1327.17 1675.45 1271.29 1652.95 2
120 1206.88 1552.79 1102.29 1564.94 4
121 1327.17 1675.45 1271.29 1652.95 2
122 1206.88 1552.79 1102.29 1564.94 4
123 1327.17 1675.45 1271.29 1652.95 2
124 1206.88 1552.79 1102.29 1564.94 4
125 1327.17 1675.45 1271.29 1652.95 2
126 1206.88 1552.79 1102.29 1564.94 4
127 1327.17 1675.45 1271.29 1652.95 2
128 1206.88 1552.79 1102.29 1564.94 4
129 1327.17 1675.45 1271.29 1652.95 2
130 1206.88 1552.79 1102.29 1564.94 4
131 1327.17 1675.45 1271.29 1652.95 2
132 1206.88 1552.79 1102.29 1564.94 4
133 1327.17 1675.45 1271.29 1652.95 2
134 1206.88 1552.79 1102.29 1564.94 4
135 1327.17 1675.45 1271.29 1652.95 2
136 1206.88 1552.79 1102.29 1564.94 4
137 1327.17 1675.45 1271.29 1652.95 2
138 1206.88 1552.79 1102.29 1564.94 4
139 1327.17 1675.45 1271.29 1652.95 2
140 1206.88 1552.79 1102.29 1564.94 4
141 1327.17 1675.45 1271.29 1652.95 2
142 1206.88 1552.79 1102.29 1564.94 4
143 1327.17 1675.45 1271.29 1652.95 2
144 1206.88 1552.79 1102.29 1564.94 4
145 RANDOM
146 1222.76 1369.68 1159.9 1207.54 2
147 1227.36 1577.66 1130.38 1584.14 4
148 1222.76 1369.68 1159.9 1207.54 2
149 1227.36 1577.66 1130.38 1584.14 4
150 1222.76 1369.68 1159.9 1207.54 2
151 1227.36 1577.66 1130.38 1584.14 4
152 1222.76 1369.68 1159.9 1207.54 2
153 1227.36 1577.66 1130.38 1584.14 4
154 1222.76 1369.68 1159.9 1207.54 2
155 1227.36 1577.66 1130.38 1584.14 4
156 1222.76 1369.68 1159.9 1207.54 2
157 1227.36 1577.66 1130.38 1584.14 4
158 1222.76 1369.68 1159.9 1207.54 2
159 1227.36 1577.66 1130.38 1584.14 4
160 1222.76 1369.68 1159.9 1207.54 2
161 1227.36 1577.66 1130.38 1584.14 4
162 1222.76 1369.68 1159.9 1207.54 2
163 1227.36 1577.66 1130.38 1584.14 4
164 1222.76 1369.68 1159.9 1207.54 2
165 1227.36 1577.66 1130.38 1584.14 4
166 1222.76 1369.68 1159.9 1207.54 2
167 1227.36 1577.66 1130.38 1584.14 4
168 RANDOM
169 1235.64 1376.37 1180.99 1202.06 2
170 1172.12 1396.8 1072.29 1326.12 2
171 1227.36 1577.66 1130.38 1584.14 4
172 1222.76 1369.68 1159.9 1207.54 2
173 1227.36 1577.66 1130.38 1584.14 4
174 1222.76 1369.68 1159.9 1207.54 2
175 1227.36 1577.66 1130.38 1584.14 4
176 1222.76 1369.68 1159.9 1207.54 2
177 1227.36 1577.66 1130.38 1584.14 4
178 1222.76 1369.68 1159.9 1207.54 2
179 1227.36 1577.66 1130.38 1584.14 4
180 1222.76 1369.68 1159.9 1207.54 2
181 1227.36 1577.66 1130.38 1584.14 4
182 1222.76 1369.68 1159.9 1207.54 2
183 1227.36 1577.66 1130.38 1584.14 4
184 1222.76 1369.68 1159.9 1207.54 2
185 1227.36 1577.66 1130.38 1584.14 4
186 1222.76 1369.68 1159.9 1207.54 2
187 1227.36 1577.66 1130.38 1584.14 4
188 1222.76 1369.68 1159.9 1207.54 2
189 1227.36 1577.66 1130.38 1584.14 4
190 1222.76 1369.68 1159.9 1207.54 2
191 1227.36 1577.66 1130.38 1584.14 4
192 1222.76 1369.68 1159.9 1207.54 2
193 1227.36 1577.66 1130.38 1584.14 4
194 1222.76 1369.68 1159.9 1207.54 2
195 RANDOM
196 1206.88 1552.79 1102.29 1564.94 4
197 1327.17 1675.45 1271.29 1652.95 2
198 1206.88 1552.79 1102.29 1564.94 4
199 1327.17 1675.45 1271.29 1652.95 2
200 1206.88 1552.79 1102.29 1564.94 4
201 1327.17 1675.45 1271.29 1652.95 2
202 RANDOM
203 1192.69 1536.66 1082.01 1552.89 4
204 1300.45 1638.26 1232.39 1612.97 2
205 1192.69 1536.66 1082.01 1552.89 4
206 1300.45 1638.26 1232.39 1612.97 2
207 1192.69 1536.66 1082.01 1552.89 4
208 1300.45 1638.26 1232.39 1612.97 2
209 RANDOM
210 1177.3 1495.09 1062.39 1499.76 4
211 1272.49 1571.93 1195.65 1524.81 2
212 RANDOM
213 1164.59 1511.47 1045.43 1535.21 4
214 1268.88 1573.79 1189.64 1532.86 2
