0 2829.58 7244.65 -374.444 7104.12 2
1 2844.46 7206.44 -382.644 7082.72 2
2 2866.3 7237.08 -356.025 7126.39 2
3 2725.34 6996.3 -365.999 6707.63 2
4 2757.06 6912.36 -368.333 6645.99 2
5 2773.03 6919.24 -334.062 6653.28 2
6 2863.86 6830.87 -311.47 6616.06 2
7 2779.22 6773.77 -341.425 6504.75 2
8 2788.25 6663.85 -295.274 6321.93 2
9 2774.09 6664.94 -259.661 6297.16 2
10 2823.75 6550.5 -188.146 6169.37 2
11 RANDOM
12 2835.69 6469.81 -221.834 5981.51 2
13 2837.05 6453.94 -191.311 5942.18 2
14 2915.57 6253.95 -96.2985 5700.17 2
15 RANDOM
16 RANDOM
17 2853.25 6769.44 -46.5495 6207.91 2
18 2886.98 6645.08 30.8551 6034.21 2
19 2853.26 7147.76 -94.4423 6938.63 2
20 2880.14 7001.77 -30.6171 6684.52 2
21 2930.32 6903.3 60.9935 6485.04 2
22 3060.7 6614.64 215.687 6062.68 2
23 3026.51 7498.73 316.95 7207.65 2
24 3079.87 7221.94 362.97 6789.56 2
25 3082.21 7048.9 367.665 6534.5 2
26 3107.53 6748.99 442.983 6123.16 2
27 3154.19 7128.32 481.778 6734.28 2
28 3228.86 6896.39 547.166 6359.04 2
29 3265.79 6691.03 591.774 6027.02 2
30 3397.63 6250.17 788.281 5395.99 2
31 3173.06 7074.55 640.489 6560.85 2
32 3286.45 6704.69 755.583 5976.01 2
33 RANDOM
34 3576.97 6158.77 1089.07 5088.65 2
35 3192.62 7228.35 691.569 6777.94 2
36 3253.8 6988.96 770.53 6382.8 2
37 3326.37 6807.25 864.914 6043.67 2
38 3547.45 6466.36 1123.73 5437.5 2
39 3378.92 7135.76 908.62 6364.5 2
40 3447.52 6911.77 956.165 6020.76 2
41 3508.85 6739.47 1001.48 5741.07 2
42 3680.65 6447.94 1138.06 5244.68 2
43 3612.57 6779.6 1131.2 5777.19 2
44 3655.46 6647.09 1151.92 5561.31 2
45 3704.88 6526.15 1168.1 5361.36 2
46 3925.13 6308.13 1351.57 4968.85 2
47 3665.33 6785.89 991.158 5799.24 2
48 3571.69 6712.7 906.031 5707.25 2
49 3494.01 6680.11 834.517 5674.74 2
50 3445.82 6571.78 795.197 5514.64 2
51 3445.82 6571.78 795.197 5514.64 2
