0 40.1682 63.0481 32.3791 72.5914 4
1 40.8752 70.5783 27.374 87.1007 4
2 40.3052 65.1699 28.4512 79.8907 4
3 40.4204 65.4783 28.5027 80.3165 4
4 40.7736 66.2743 28.6718 81.3901 4
5 41.4889 67.7704 29.0541 83.363 4
6 37.8542 59.8098 27.4243 72.723 4
7 37.8276 59.9442 27.2925 73.0668 4
8 38.1177 60.768 27.321 74.2941 4
9 38.3469 61.4697 27.3052 75.3944 4
10 33.7355 52.8239 24.2298 65.3388 4
11 34.0464 53.5055 24.2419 66.3321 4
12 34.2921 54.0505 24.2004 67.1596 4
13 34.6335 54.7882 24.2209 68.2081 4
14 31.0251 46.2911 20.6554 57.8346 4
15 30.7814 46.2494 20.344 57.9508 4
16 30.6401 46.3796 20.0992 58.2871 4
17 30.5933 46.6905 19.9344 58.8635 4
18 28.6816 42.006 19.1492 52.3085 4
19 28.6609 42.3118 19.0127 52.8516 4
20 28.8829 43.1506 19.0373 54.1196 4
21 29.2203 44.1983 19.15 55.6502 4
22 26.4963 39.1748 17.507 49.0328 4
23 RANDOM
24 26.2832 39.4426 17.1657 49.7564 4
25 26.4367 40.1325 17.1626 50.816 4
26 23.3467 36.3732 13.0825 43.9861 4
27 RANDOM
28 23.4736 36.6044 12.6961 44.4939 4
29 24.0086 37.3527 12.6906 45.5051 4
30 22.1636 33.9484 11.5123 41.4053 4
31 22.578 34.4927 11.6056 42.1675 4
32 23.2353 35.3432 11.8474 43.2293 4
33 24.1255 36.5519 12.1271 44.7539 4
34 21.1141 29.268 13.8369 34.3635 4
35 22.0081 30.5932 14.0973 36.091 4
36 22.9874 32.0423 14.3973 37.9804 4
37 24.0537 33.6562 14.7024 40.0808 4
38 22.9204 30.3211 16.3564 35.356 4
39 23.1875 30.3889 16.7214 35.3374 4
40 23.2124 30.3881 16.5626 35.3873 4
41 23.9465 31.3273 16.8543 36.5341 4
42 15.9855 22.6022 11.686 25.9285 4
43 16.3555 23.3519 11.6723 26.9012 4
44 17.1292 24.671 11.7688 28.5348 4
45 18.3444 26.4473 12.039 30.7971 4
46 12.262 19.0375 8.72651 18.3197 2
47 20.6002 22.8256 19.5056 22.7279 2
48 21.9604 23.9622 20.8518 23.8975 2
49 23.1635 25.1732 22.1881 25.0674 2
50 24.3458 26.4566 23.5355 26.2982 2
51 28.7284 31.3805 28.1567 31.5467 4
52 15.2923 20.8339 12.1444 23.1233 4
53 15.5909 21.4291 12.1099 23.9869 4
54 16.2624 22.5364 12.2028 25.5037 4
55 17.1562 24.0175 12.3695 27.4566 4
56 12.262 19.0375 8.72651 18.3197 2
57 20.6002 22.8256 19.5056 22.7279 2
58 21.9604 23.9622 20.8518 23.8975 2
59 23.1635 25.1732 22.1881 25.0674 2
60 24.3458 26.4566 23.5355 26.2982 2
61 28.7284 31.3805 28.1567 31.5467 4
62 15.2923 20.8339 12.1444 23.1233 4
63 15.5909 21.4291 12.1099 23.9869 4
64 RANDOM
65 17.1562 24.0175 12.3695 27.4566 4
66 12.262 19.0375 8.72651 18.3197 2
67 20.6002 22.8256 19.5056 22.7279 2
68 21.9604 23.9622 20.8518 23.8975 2
69 23.1635 25.1732 22.1881 25.0674 2
70 24.3458 26.4566 23.5355 26.2982 2
71 28.7284 31.3805 28.1567 31.5467 4
72 15.2923 20.8339 12.1444 23.1233 4
73 RANDOM
74 16.2624 22.5364 12.2028 25.5037 4
75 17.1562 24.0175 12.3695 27.4566 4
76 12.262 19.0375 8.72651 18.3197 2
77 20.6002 22.8256 19.5056 22.7279 2
78 21.9604 23.9622 20.8518 23.8975 2
79 23.1635 25.1732 22.1881 25.0674 2
80 24.3458 26.4566 23.5355 26.2982 2
81 28.7284 31.3805 28.1567 31.5467 4
82 15.2923 20.8339 12.1444 23.1233 4
83 15.5909 21.4291 12.1099 23.9869 4
84 16.2624 22.5364 12.2028 25.5037 4
85 17.1562 24.0175 12.3695 27.4566 4
86 12.262 19.0375 8.72651 18.3197 2
87 20.6002 22.8256 19.5056 22.7279 2
88 21.9604 23.9622 20.8518 23.8975 2
89 23.1635 25.1732 22.1881 25.0674 2
90 24.3458 26.4566 23.5355 26.2982 2
91 28.7284 31.3805 28.1567 31.5467 4
92 15.2923 20.8339 12.1444 23.1233 4
93 15.5909 21.4291 12.1099 23.9869 4
94 RANDOM
95 17.1562 24.0175 12.3695 27.4566 4
96 RANDOM
97 12.3698 19.1522 8.94946 18.4318 2
98 16.2366 18.6447 15.7415 17.5266 2
99 20.6002 22.8256 19.5056 22.7279 2
100 21.7996 23.8242 20.6851 23.779 2
101 22.9982 25.0313 22.0144 24.948 2
102 24.1548 26.2929 23.3408 26.1535 2
103 28.5121 31.1829 27.9354 31.361 4
104 15.1987 20.7579 12.0435 23.0628 4
105 RANDOM
106 16.1672 22.4582 12.1018 25.4423 4
107 17.0572 23.9388 12.2693 27.3926 4
108 12.1723 18.9684 8.62707 18.2667 2
109 RANDOM
110 RANDOM
111 22.9982 25.0313 22.0144 24.948 2
112 24.1548 26.2929 23.3408 26.1535 2
113 28.5121 31.1829 27.9354 31.361 4
114 15.1987 20.7579 12.0435 23.0628 4
115 15.4962 21.3521 12.0083 23.9257 4
116 16.1672 22.4582 12.1018 25.4423 4
117 17.0572 23.9388 12.2693 27.3926 4
118 12.1723 18.9684 8.62707 18.2667 2
119 20.4677 22.7158 19.3637 22.6386 2
120 21.7996 23.8242 20.6851 23.779 2
121 22.9982 25.0313 22.0144 24.948 2
122 24.1548 26.2929 23.3408 26.1535 2
123 28.5121 31.1829 27.9354 31.361 4
124 15.1987 20.7579 12.0435 23.0628 4
125 15.4962 21.3521 12.0083 23.9257 4
126 16.1672 22.4582 12.1018 25.4423 4
127 17.0572 23.9388 12.2693 27.3926 4
128 12.1723 18.9684 8.62707 18.2667 2
129 20.4677 22.7158 19.3637 22.6386 2
130 21.7996 23.8242 20.6851 23.779 2
131 22.9982 25.0313 22.0144 24.948 2
132 24.1548 26.2929 23.3408 26.1535 2
133 RANDOM
134 29.1666 32.13 28.7274 32.1062 2
135 29.4566 32.6446 29.0037 32.5233 2
136 29.2822 32.5851 28.64 32.4875 2
137 28.513 31.8237 26.5123 32.2375 4
138 21.7237 26.5038 18.2879 29.5449 4
139 21.901 26.4877 18.6849 29.4582 4
140 22.2708 26.8962 18.9 29.9513 4
141 22.9716 27.8202 19.1696 31.1023 4
142 15.1987 20.7579 12.0435 23.0628 4
143 15.4962 21.3521 12.0083 23.9257 4
144 16.1672 22.4582 12.1018 25.4423 4
145 17.0572 23.9388 12.2693 27.3926 4
146 12.1723 18.9684 8.62707 18.2667 2
147 20.4677 22.7158 19.3637 22.6386 2
148 21.7996 23.8242 20.6851 23.779 2
149 22.9982 25.0313 22.0144 24.948 2
150 24.1548 26.2929 23.3408 26.1535 2
151 28.5121 31.1829 27.9354 31.361 4
152 15.1987 20.7579 12.0435 23.0628 4
153 15.4962 21.3521 12.0083 23.9257 4
154 16.1672 22.4582 12.1018 25.4423 4
155 17.0572 23.9388 12.2693 27.3926 4
156 12.1723 18.9684 8.62707 18.2667 2
157 20.4677 22.7158 19.3637 22.6386 2
158 21.7996 23.8242 20.6851 23.779 2
159 RANDOM
160 24.1548 26.2929 23.3408 26.1535 2
161 28.5121 31.1829 27.9354 31.361 4
162 15.1987 20.7579 12.0435 23.0628 4
163 15.4962 21.3521 12.0083 23.9257 4
164 16.1672 22.4582 12.1018 25.4423 4
165 17.0572 23.9388 12.2693 27.3926 4
166 12.1723 18.9684 8.62707 18.2667 2
167 20.4677 22.7158 19.3637 22.6386 2
168 21.7996 23.8242 20.6851 23.779 2
169 22.9982 25.0313 22.0144 24.948 2
170 24.1548 26.2929 23.3408 26.1535 2
171 28.5121 31.1829 27.9354 31.361 4
172 15.1987 20.7579 12.0435 23.0628 4
173 15.4962 21.3521 12.0083 23.9257 4
174 16.1672 22.4582 12.1018 25.4423 4
175 17.0572 23.9388 12.2693 27.3926 4
176 RANDOM
177 12.2802 19.0831 8.85003 18.3788 2
178 16.0993 18.531 15.5945 17.4296 2
179 20.4677 22.7158 19.3637 22.6386 2
180 21.7996 23.8242 20.6851 23.779 2
181 22.9982 25.0313 22.0144 24.948 2
182 24.1548 26.2929 23.3408 26.1535 2
183 28.5121 31.1829 27.9354 31.361 4
184 15.1987 20.7579 12.0435 23.0628 4
185 15.4962 21.3521 12.0083 23.9257 4
186 RANDOM
187 17.0572 23.9388 12.2693 27.3926 4
188 12.1723 18.9684 8.62707 18.2667 2
189 20.4677 22.7158 19.3637 22.6386 2
190 21.7996 23.8242 20.6851 23.779 2
191 22.9982 25.0313 22.0144 24.948 2
192 24.1548 26.2929 23.3408 26.1535 2
193 28.5121 31.1829 27.9354 31.361 4
194 15.1987 20.7579 12.0435 23.0628 4
195 15.4962 21.3521 12.0083 23.9257 4
196 RANDOM
197 17.0572 23.9388 12.2693 27.3926 4
198 12.1723 18.9684 8.62707 18.2667 2
199 20.4677 22.7158 19.3637 22.6386 2
200 21.7996 23.8242 20.6851 23.779 2
201 22.9982 25.0313 22.0144 24.948 2
202 24.1548 26.2929 23.3408 26.1535 2
203 28.5121 31.1829 27.9354 31.361 4
204 15.1987 20.7579 12.0435 23.0628 4
205 15.4962 21.3521 12.0083 23.9257 4
206 16.1672 22.4582 12.1018 25.4423 4
207 RANDOM
208 12.1723 18.9684 8.62707 18.2667 2
209 20.4677 22.7158 19.3637 22.6386 2
210 21.7996 23.8242 20.6851 23.779 2
211 22.9982 25.0313 22.0144 24.948 2
212 24.1548 26.2929 23.3408 26.1535 2
213 28.5121 31.1829 27.9354 31.361 4
214 15.1987 20.7579 12.0435 23.0628 4
215 15.4962 21.3521 12.0083 23.9257 4
216 16.1672 22.4582 12.1018 25.4423 4
217 17.0572 23.9388 12.2693 27.3926 4
218 12.1723 18.9684 8.62707 18.2667 2
219 20.4677 22.7158 19.3637 22.6386 2
220 21.7996 23.8242 20.6851 23.779 2
221 22.9982 25.0313 22.0144 24.948 2
222 24.1548 26.2929 23.3408 26.1535 2
223 28.5121 31.1829 27.9354 31.361 4
224 15.1987 20.7579 12.0435 23.0628 4
225 15.4962 21.3521 12.0083 23.9257 4
226 16.1672 22.4582 12.1018 25.4423 4
227 17.0572 23.9388 12.2693 27.3926 4
228 12.1723 18.9684 8.62707 18.2667 2
229 20.4677 22.7158 19.3637 22.6386 2
230 RANDOM
231 22.9982 25.0313 22.0144 24.948 2
232 24.1548 26.2929 23.3408 26.1535 2
233 28.5121 31.1829 27.9354 31.361 4
234 15.1987 20.7579 12.0435 23.0628 4
235 15.4962 21.3521 12.0083 23.9257 4
236 16.1672 22.4582 12.1018 25.4423 4
237 17.0572 23.9388 12.2693 27.3926 4
238 12.1723 18.9684 8.62707 18.2667 2
239 20.4677 22.7158 19.3637 22.6386 2
240 21.7996 23.8242 20.6851 23.779 2
241 22.9982 25.0313 22.0144 24.948 2
242 24.1548 26.2929 23.3408 26.1535 2
243 28.5121 31.1829 27.9354 31.361 4
244 15.1987 20.7579 12.0435 23.0628 4
245 15.4962 21.3521 12.0083 23.9257 4
246 16.1672 22.4582 12.1018 25.4423 4
247 17.0572 23.9388 12.2693 27.3926 4
248 12.1723 18.9684 8.62707 18.2667 2
249 20.4677 22.7158 19.3637 22.6386 2
250 21.7996 23.8242 20.6851 23.779 2
251 22.9982 25.0313 22.0144 24.948 2
252 24.1548 26.2929 23.3408 26.1535 2
253 28.5121 31.1829 27.9354 31.361 4
254 15.1987 20.7579 12.0435 23.0628 4
255 15.4962 21.3521 12.0083 23.9257 4
256 16.1672 22.4582 12.1018 25.4423 4
257 17.0572 23.9388 12.2693 27.3926 4
258 12.1723 18.9684 8.62707 18.2667 2
259 20.4677 22.7158 19.3637 22.6386 2
260 21.7996 23.8242 20.6851 23.779 2
261 22.9982 25.0313 22.0144 24.948 2
262 24.1548 26.2929 23.3408 26.1535 2
263 28.5121 31.1829 27.9354 31.361 4
264 15.1987 20.7579 12.0435 23.0628 4
265 15.4962 21.3521 12.0083 23.9257 4
266 16.1672 22.4582 12.1018 25.4423 4
267 17.0572 23.9388 12.2693 27.3926 4
268 12.1723 18.9684 8.62707 18.2667 2
269 20.4677 22.7158 19.3637 22.6386 2
270 21.7996 23.8242 20.6851 23.779 2
271 22.9982 25.0313 22.0144 24.948 2
272 24.1548 26.2929 23.3408 26.1535 2
273 28.5121 31.1829 27.9354 31.361 4
274 15.1987 20.7579 12.0435 23.0628 4
275 15.4962 21.3521 12.0083 23.9257 4
276 16.1672 22.4582 12.1018 25.4423 4
277 RANDOM
278 12.1723 18.9684 8.62707 18.2667 2
279 20.4677 22.7158 19.3637 22.6386 2
280 21.7996 23.8242 20.6851 23.779 2
281 22.9982 25.0313 22.0144 24.948 2
282 24.1548 26.2929 23.3408 26.1535 2
283 28.5121 31.1829 27.9354 31.361 4
284 15.1987 20.7579 12.0435 23.0628 4
285 15.4962 21.3521 12.0083 23.9257 4
286 RANDOM
287 17.0572 23.9388 12.2693 27.3926 4
288 12.1723 18.9684 8.62707 18.2667 2
289 20.4677 22.7158 19.3637 22.6386 2
290 21.7996 23.8242 20.6851 23.779 2
291 22.9982 25.0313 22.0144 24.948 2
292 24.1548 26.2929 23.3408 26.1535 2
293 28.5121 31.1829 27.9354 31.361 4
294 15.1987 20.7579 12.0435 23.0628 4
295 15.4962 21.3521 12.0083 23.9257 4
296 16.1672 22.4582 12.1018 25.4423 4
297 17.0572 23.9388 12.2693 27.3926 4
298 12.1723 18.9684 8.62707 18.2667 2
299 20.4677 22.7158 19.3637 22.6386 2
300 21.7996 23.8242 20.6851 23.779 2
301 22.9982 25.0313 22.0144 24.948 2
302 24.1548 26.2929 23.3408 26.1535 2
303 28.5121 31.1829 27.9354 31.361 4
304 15.1987 20.7579 12.0435 23.0628 4
305 15.4962 21.3521 12.0083 23.9257 4
306 16.1672 22.4582 12.1018 25.4423 4
307 17.0572 23.9388 12.2693 27.3926 4
308 12.1723 18.9684 8.62707 18.2667 2
309 20.4677 22.7158 19.3637 22.6386 2
310 21.7996 23.8242 20.6851 23.779 2
311 22.9982 25.0313 22.0144 24.948 2
312 24.1548 26.2929 23.3408 26.1535 2
313 28.5121 31.1829 27.9354 31.361 4
314 15.1987 20.7579 12.0435 23.0628 4
315 15.4962 21.3521 12.0083 23.9257 4
316 16.1672 22.4582 12.1018 25.4423 4
317 17.0572 23.9388 12.2693 27.3926 4
318 12.1723 18.9684 8.62707 18.2667 2
319 20.4677 22.7158 19.3637 22.6386 2
320 21.7996 23.8242 20.6851 23.779 2
321 22.9982 25.0313 22.0144 24.948 2
322 24.1548 26.2929 23.3408 26.1535 2
323 28.5121 31.1829 27.9354 31.361 4
324 15.1987 20.7579 12.0435 23.0628 4
325 15.4962 21.3521 12.0083 23.9257 4
326 16.1672 22.4582 12.1018 25.4423 4
327 17.0572 23.9388 12.2693 27.3926 4
328 12.1723 18.9684 8.62707 18.2667 2
329 20.4677 22.7158 19.3637 22.6386 2
330 21.7996 23.8242 20.6851 23.779 2
331 22.9982 25.0313 22.0144 24.948 2
332 24.1548 26.2929 23.3408 26.1535 2
333 28.5121 31.1829 27.9354 31.361 4
334 15.1987 20.7579 12.0435 23.0628 4
335 15.4962 21.3521 12.0083 23.9257 4
336 16.1672 22.4582 12.1018 25.4423 4
337 17.0572 23.9388 12.2693 27.3926 4
338 12.1723 18.9684 8.62707 18.2667 2
339 20.4677 22.7158 19.3637 22.6386 2
340 21.7996 23.8242 20.6851 23.779 2
341 22.9982 25.0313 22.0144 24.948 2
342 24.1548 26.2929 23.3408 26.1535 2
343 28.5121 31.1829 27.9354 31.361 4
344 15.1987 20.7579 12.0435 23.0628 4
345 15.4962 21.3521 12.0083 23.9257 4
346 16.1672 22.4582 12.1018 25.4423 4
347 17.0572 23.9388 12.2693 27.3926 4
348 12.1723 18.9684 8.62707 18.2667 2
349 20.4677 22.7158 19.3637 22.6386 2
350 21.7996 23.8242 20.6851 23.779 2
351 22.9982 25.0313 22.0144 24.948 2
352 24.1548 26.2929 23.3408 26.1535 2
353 28.5121 31.1829 27.9354 31.361 4
354 15.1987 20.7579 12.0435 23.0628 4
355 15.4962 21.3521 12.0083 23.9257 4
356 16.1672 22.4582 12.1018 25.4423 4
357 17.0572 23.9388 12.2693 27.3926 4
358 12.1723 18.9684 8.62707 18.2667 2
359 20.4677 22.7158 19.3637 22.6386 2
360 21.7996 23.8242 20.6851 23.779 2
361 22.9982 25.0313 22.0144 24.948 2
362 24.1548 26.2929 23.3408 26.1535 2
363 28.5121 31.1829 27.9354 31.361 4
364 15.1987 20.7579 12.0435 23.0628 4
365 15.4962 21.3521 12.0083 23.9257 4
366 16.1672 22.4582 12.1018 25.4423 4
367 17.0572 23.9388 12.2693 27.3926 4
368 12.1723 18.9684 8.62707 18.2667 2
369 20.4677 22.7158 19.3637 22.6386 2
370 21.7996 23.8242 20.6851 23.779 2
371 22.9982 25.0313 22.0144 24.948 2
372 24.1548 26.2929 23.3408 26.1535 2
373 28.5121 31.1829 27.9354 31.361 4
374 RANDOM
375 15.4962 21.3521 12.0083 23.9257 4
376 16.1672 22.4582 12.1018 25.4423 4
377 17.0572 23.9388 12.2693 27.3926 4
378 RANDOM
379 12.2802 19.0831 8.85003 18.3788 2
380 16.0993 18.531 15.5945 17.4296 2
381 20.4677 22.7158 19.3637 22.6386 2
382 21.7996 23.8242 20.6851 23.779 2
383 22.9982 25.0313 22.0144 24.948 2
384 24.1548 26.2929 23.3408 26.1535 2
385 28.5121 31.1829 27.9354 31.361 4
386 15.1987 20.7579 12.0435 23.0628 4
387 15.4962 21.3521 12.0083 23.9257 4
388 16.1672 22.4582 12.1018 25.4423 4
389 17.0572 23.9388 12.2693 27.3926 4
390 12.1723 18.9684 8.62707 18.2667 2
391 20.4677 22.7158 19.3637 22.6386 2
392 21.7996 23.8242 20.6851 23.779 2
393 22.9982 25.0313 22.0144 24.948 2
394 24.1548 26.2929 23.3408 26.1535 2
395 28.5121 31.1829 27.9354 31.361 4
396 15.1987 20.7579 12.0435 23.0628 4
397 15.4962 21.3521 12.0083 23.9257 4
398 16.1672 22.4582 12.1018 25.4423 4
399 17.0572 23.9388 12.2693 27.3926 4
400 12.1723 18.9684 8.62707 18.2667 2
401 20.4677 22.7158 19.3637 22.6386 2
402 21.7996 23.8242 20.6851 23.779 2
403 22.9982 25.0313 22.0144 24.948 2
404 24.1548 26.2929 23.3408 26.1535 2
405 28.5121 31.1829 27.9354 31.361 4
406 15.1987 20.7579 12.0435 23.0628 4
407 15.4962 21.3521 12.0083 23.9257 4
408 16.1672 22.4582 12.1018 25.4423 4
409 17.0572 23.9388 12.2693 27.3926 4
410 12.1723 18.9684 8.62707 18.2667 2
411 20.4677 22.7158 19.3637 22.6386 2
412 21.7996 23.8242 20.6851 23.779 2
413 22.9982 25.0313 22.0144 24.948 2
414 24.1548 26.2929 23.3408 26.1535 2
415 28.5121 31.1829 27.9354 31.361 4
416 15.1987 20.7579 12.0435 23.0628 4
417 15.4962 21.3521 12.0083 23.9257 4
418 16.1672 22.4582 12.1018 25.4423 4
419 17.0572 23.9388 12.2693 27.3926 4
420 12.1723 18.9684 8.62707 18.2667 2
421 20.4677 22.7158 19.3637 22.6386 2
422 21.7996 23.8242 20.6851 23.779 2
423 22.9982 25.0313 22.0144 24.948 2
424 24.1548 26.2929 23.3408 26.1535 2
425 28.5121 31.1829 27.9354 31.361 4
426 15.1987 20.7579 12.0435 23.0628 4
427 15.4962 21.3521 12.0083 23.9257 4
428 16.1672 22.4582 12.1018 25.4423 4
429 17.0572 23.9388 12.2693 27.3926 4
430 12.1723 18.9684 8.62707 18.2667 2
431 20.4677 22.7158 19.3637 22.6386 2
432 21.7996 23.8242 20.6851 23.779 2
433 22.9982 25.0313 22.0144 24.948 2
434 24.1548 26.2929 23.3408 26.1535 2
435 28.5121 31.1829 27.9354 31.361 4
436 15.1987 20.7579 12.0435 23.0628 4
437 15.4962 21.3521 12.0083 23.9257 4
438 16.1672 22.4582 12.1018 25.4423 4
439 17.0572 23.9388 12.2693 27.3926 4
440 12.1723 18.9684 8.62707 18.2667 2
441 20.4677 22.7158 19.3637 22.6386 2
442 21.7996 23.8242 20.6851 23.779 2
443 22.9982 25.0313 22.0144 24.948 2
444 24.1548 26.2929 23.3408 26.1535 2
445 28.5121 31.1829 27.9354 31.361 4
446 15.1987 20.7579 12.0435 23.0628 4
447 15.4962 21.3521 12.0083 23.9257 4
448 16.1672 22.4582 12.1018 25.4423 4
449 17.0572 23.9388 12.2693 27.3926 4
450 12.1723 18.9684 8.62707 18.2667 2
451 20.4677 22.7158 19.3637 22.6386 2
452 21.7996 23.8242 20.6851 23.779 2
453 22.9982 25.0313 22.0144 24.948 2
454 RANDOM
455 27.196 28.9599 28.1873 31.0643 4
456 24.516 27.6187 25.4204 30.9437 4
