0 -11.0453 46.8676 -5.42541 50.0385 4
1 -23.5886 48.8249 -13.8667 56.9841 4
2 -15.7475 51.3436 -8.79222 59.3513 4
3 -16.2759 50.5714 -9.17988 58.807 4
4 -17.0083 50.1397 -9.68163 58.6388 4
5 -17.8886 50.3588 -10.2403 59.1651 4
6 -15.536 47.0087 -8.83801 54.7657 4
7 -16.112 46.6055 -9.22446 54.5606 4
8 -16.9702 46.1559 -9.78449 54.3488 4
9 -17.923 46.1096 -10.3829 54.5806 4
10 -11.8602 43.1889 -7.04058 50.9028 4
11 -12.2649 42.9527 -7.30437 50.8107 4
12 -12.7613 42.5776 -7.63942 50.5977 4
13 -13.3812 42.7917 -8.02311 51.0289 4
14 -12.0815 36.357 -7.88411 45.3443 4
15 -12.7447 36.0449 -8.29534 45.1414 4
16 -13.4389 36.3447 -8.69799 45.5587 4
17 -14.1545 36.9795 -9.11247 46.3923 4
18 -11.2452 30.7726 -7.62658 38.9279 4
19 -11.9261 31.1575 -8.01953 39.4582 4
20 -12.6438 32.2315 -8.41286 40.768 4
21 -13.4363 33.8253 -8.84499 42.722 4
22 -14.1846 23.2265 -9.50541 30.597 4
23 -14.8126 23.0844 -9.80475 30.5182 4
24 -15.6193 23.5022 -10.2256 31.0853 4
25 -16.4339 24.5776 -10.6759 32.4292 4
26 -16.3557 22.5722 -9.64357 26.6472 4
27 -17.0191 22.6818 -9.75215 26.7355 4
28 -17.8963 22.9089 -9.9534 26.9303 4
29 -18.8863 23.5533 -10.2582 27.5502 4
30 -18.9415 19.2152 -9.9802 22.6 4
31 -19.7227 18.9706 -9.86918 22.3047 4
32 -20.6104 18.7792 -9.79455 22.0722 4
33 -21.5918 18.6707 -9.7782 21.9779 4
34 -16.1393 13.5978 -6.26852 16.385 4
35 -16.4589 13.5309 -6.00074 16.3881 4
36 -16.9742 13.5143 -5.75617 16.4417 4
37 -17.5804 13.7273 -5.57476 16.7469 4
38 -15.0596 10.1412 -1.26841 13.2642 4
39 RANDOM
40 -15.6742 10.2638 -0.10455 13.6337 4
41 -16.3938 10.8466 -0.141067 14.3475 4
42 -12.8097 6.34091 -0.281928 8.329 4
43 -13.2152 6.59388 -0.364768 8.63581 4
44 -13.733 6.95411 -0.450616 9.10049 4
45 -14.4574 7.65166 -0.832119 9.94489 4
46 -14.3449 3.96516 8.2792 4.4206 3
47 -9.45919 2.79895 6.41697 2.80328 3
