0 97.6163 98.0406 96.3541 105.681 4
1 130.939 131.506 128.292 141.825 4
2 106.226 106.71 104.603 115.072 4
3 109.002 109.498 107.262 118.085 4
4 114.211 114.733 112.271 123.74 4
5 121.865 122.425 119.638 132.051 4
6 105.352 105.831 103.765 114.121 4
7 109.743 110.243 107.986 118.887 4
8 117.115 117.647 115.088 126.879 4
9 126.315 126.888 123.95 136.854 4
10 110.19 110.687 108.431 119.357 4
11 115.543 116.062 113.587 125.157 4
12 123.885 124.437 121.624 134.193 4
13 134.537 135.134 131.887 145.734 4
14 102.165 102.612 100.736 110.615 4
15 104.675 105.136 103.161 113.338 4
16 109.811 110.302 108.131 118.914 4
17 117.764 118.298 115.821 127.545 4
18 104.496 104.975 103.016 113.19 4
19 108.14 108.646 106.563 117.155 4
20 114.362 114.909 112.613 123.914 4
21 123.901 124.504 121.875 134.27 4
22 105.521 106.009 104.066 114.295 4
23 RANDOM
24 117.714 118.295 115.971 127.559 4
25 127.03 127.679 125.059 137.692 4
26 104.856 105.338 103.451 113.565 4
27 108.03 108.534 106.542 117.014 4
28 114.385 114.937 112.744 123.926 4
29 124.084 124.71 122.209 134.481 4
30 105.78 106.275 104.426 114.581 4
31 109.561 110.083 108.116 118.687 4
32 115.464 116.029 113.875 125.107 4
33 124.734 125.375 122.943 135.201 4
34 112.89 113.435 111.443 122.311 4
35 119.604 120.2 118.063 129.596 4
36 128.939 129.609 127.282 139.73 4
37 140.224 140.983 138.423 151.985 4
38 115.848 116.421 114.501 125.526 4
39 123.143 123.778 121.76 133.448 4
40 132.959 133.678 131.524 144.11 4
41 144.95 145.769 143.448 157.134 4
42 141.257 141.965 139.709 153.053 4
43 151.245 152.041 149.658 163.896 4
44 163.544 164.447 161.899 177.253 4
45 177.98 179.005 176.259 192.93 4
46 147.586 148.282 146.059 159.812 4
47 158.491 159.276 156.912 171.65 4
48 171.656 172.547 170.011 185.943 4
49 186.218 187.226 184.5 201.753 4
50 193.881 194.807 192.14 209.875 4
51 193.881 194.807 192.14 209.875 4
