0 70.8793 83.239 64.201 86.3181 4
1 65.34 83.604 54.9823 98.406 4
2 73.3162 88.1273 63.5772 100.01 4
3 73.5879 88.5667 63.7296 100.829 4
4 73.7014 88.9486 63.6904 101.724 4
5 73.614 89.3447 63.353 102.972 4
6 76.1529 89.1969 66.7647 97.9428 4
7 76.0675 89.3654 66.6037 98.6066 4
8 75.9399 89.6236 66.3559 99.6109 4
9 75.5705 89.7972 65.843 100.77 4
10 74.0342 86.0906 65.0593 92.985 4
11 73.9696 86.3682 64.8647 93.9089 4
12 73.7851 86.6324 64.6193 94.9735 4
13 73.4553 86.866 64.1831 96.193 4
14 RANDOM
15 75.9505 86.7165 65.3381 93.5926 4
16 75.9827 86.9277 65.1884 94.3127 4
17 76.1414 87.281 65.1485 95.2202 4
18 73.3285 83.2386 63.3151 88.2772 4
19 RANDOM
20 73.4825 83.826 62.9855 89.9865 4
21 73.8198 84.4575 63.0782 91.3601 4
22 71.6639 81.7399 61.4395 87.1304 4
23 71.7756 81.998 61.3069 87.8411 4
24 72.0825 82.4749 61.3809 88.8823 4
25 72.7314 83.3911 61.782 90.5659 4
26 58.4167 69.6434 49.9563 62.7451 2
27 76.8016 85.1626 72.8664 82.0369 2
28 77.9388 86.3512 75.1634 82.3524 2
29 79.1832 87.7885 77.644 82.9231 2
30 80.5267 89.2156 79.9025 83.6435 2
31 81.6945 90.3719 81.955 84.0846 2
32 83.1555 91.7719 84.3128 84.8105 2
33 84.6329 93.2562 86.7956 85.6961 2
34 85.748 94.3317 88.4795 86.3854 2
35 83.8952 92.603 85.0585 85.8012 2
36 84.7929 93.5058 86.9127 86.1192 2
37 RANDOM
38 RANDOM
39 88.541 96.856 91.0158 89.1502 2
40 89.9022 97.9867 92.8869 89.8641 2
41 90.3065 98.1959 93.2173 90.0339 2
42 90.6212 98.3732 93.4964 90.167 2
43 89.2672 97.5995 89.9543 91.1506 2
44 90.6155 98.639 92.3239 91.42 2
45 91.1501 98.8897 93.0419 91.3771 2
46 91.2124 98.7455 92.9784 91.1637 2
47 86.9609 96.0007 86.1495 90.8983 2
48 89.2174 97.5738 89.48 91.326 2
49 90.4247 98.3611 91.4618 91.4393 2
50 90.8424 98.5168 92.0937 91.2922 2
51 RANDOM
52 82.189 91.8344 79.5259 88.5387 2
53 84.229 93.4759 82.3067 89.1911 2
54 85.1023 94.064 83.2684 89.366 2
55 82.1575 91.3628 79.9077 86.9373 2
56 84.7893 93.1992 82.9817 87.9843 2
57 86.1251 94.2205 84.6526 88.5726 2
58 87.6442 95.3758 86.7656 89.1465 2
59 77.0075 87.5527 72.2844 85.6221 2
60 79.2945 89.5822 75.6155 86.6609 2
61 81.427 91.2675 78.7111 87.3424 2
62 83.742 92.6875 81.4767 87.9804 2
63 79.2049 89.4632 75.6315 86.4397 2
64 81.8221 91.5168 79.3515 87.3534 2
65 84.2691 93.1348 82.3058 88.1945 2
66 85.8584 94.2483 84.4841 88.5992 2
67 87.591 94.3853 84.2839 89.8189 2
68 90.541 96.5273 88.0816 91.0312 2
69 RANDOM
70 92.7242 98.1618 91.3785 91.84 2
71 84.4226 92.2251 80.1538 88.7096 2
72 RANDOM
73 90.9473 96.5759 88.3785 90.9167 2
74 92.2467 97.8497 90.8397 91.4957 2
75 83.1956 91.4875 79.2623 87.7654 2
76 87.5101 93.9468 83.3675 89.8758 2
77 90.8428 96.1006 86.9712 91.4586 2
78 92.9752 97.6502 89.9137 92.2258 2
79 79.8222 89.9384 77.3079 85.3051 2
80 83.8674 92.1293 80.8489 87.5921 2
81 87.5212 94.4255 84.3585 89.695 2
82 90.9193 96.6741 88.0718 91.3724 2
83 80.3406 89.868 78.5541 84.1594 2
84 83.3895 91.5078 81.0954 86.0149 2
85 86.4201 93.3291 84.1303 87.5971 2
86 88.9903 94.9424 86.8565 88.8339 2
87 84.832 92.459 84.1124 85.1361 2
88 88.5912 94.3679 86.5184 87.8434 2
89 92.0672 96.4675 89.4182 90.331 2
90 94.1951 98.0582 91.6504 91.9955 2
91 89.0602 96.6791 94.2722 86.2609 2
92 90.5849 95.96 91.9135 87.5389 2
93 93.252 97.1214 92.1469 89.874 2
94 97.7047 100.157 94.64 94.3594 2
95 91.5136 102.056 103.056 88.4298 3
96 98.1259 111.519 116.014 94.5424 3
