0 56.3001 64.5156 51.1691 77.1724 4
1 55.2121 69.125 46.6792 94.8736 4
2 61.6475 72.5849 53.9978 95.4054 4
3 62.0955 73.1483 54.2855 96.3792 4
4 62.3879 73.606 54.3884 97.3179 4
5 62.7377 74.338 54.4086 98.9953 4
6 62.6698 72.0218 55.8169 91.6044 4
7 62.8707 72.3769 55.8477 92.4996 4
8 63.1085 72.8742 55.8682 93.7467 4
9 63.391 73.5702 55.9014 95.3766 4
10 61.9166 70.3704 55.2521 87.5838 4
11 61.9229 70.6611 55.0866 88.6491 4
12 61.9197 70.9939 54.9076 89.8541 4
13 62.0054 71.476 54.8244 91.3155 4
14 65.7604 72.5665 57.1858 89.7655 4
15 65.795 72.7053 57.0673 90.3278 4
16 65.9892 73.048 57.0628 91.1694 4
17 RANDOM
18 63.1858 69.3963 54.9622 84.9748 4
19 63.3192 69.6545 54.9288 85.696 4
20 63.5963 70.1117 54.9467 86.8527 4
21 64.0342 70.7825 55.0926 88.2728 4
22 62.3113 68.622 53.8313 84.6017 4
23 62.5625 68.9878 53.8654 85.4375 4
24 62.9966 69.6083 54.0277 86.6867 4
25 63.699 70.58 54.447 88.476 4
26 49.8986 57.3312 43.2028 61.0066 4
27 49.5425 57.1814 42.8747 60.4804 4
28 49.4471 57.4157 42.7351 60.6026 4
29 49.3794 57.7632 42.6007 60.9501 4
30 45.3883 53.3615 38.9352 52.6087 2
31 57.1984 60.4715 52.9545 62.5845 4
32 45.3883 53.3615 38.9352 52.6087 2
33 57.1984 60.4715 52.9545 62.5845 4
34 45.3883 53.3615 38.9352 52.6087 2
35 57.1984 60.4715 52.9545 62.5845 4
36 45.3883 53.3615 38.9352 52.6087 2
37 57.1984 60.4715 52.9545 62.5845 4
38 45.3883 53.3615 38.9352 52.6087 2
39 57.1984 60.4715 52.9545 62.5845 4
40 45.5606 53.5221 39.1392 52.7467 2
41 57.48 60.7424 53.2886 62.7948 4
42 45.5606 53.5221 39.1392 52.7467 2
43 RANDOM
44 58.2578 61.3503 54.2322 63.1956 4
45 49.779 57.5393 43.4655 60.3432 4
46 45.5606 53.5221 39.1392 52.7467 2
47 57.48 60.7424 53.2886 62.7948 4
48 45.5606 53.5221 39.1392 52.7467 2
49 57.48 60.7424 53.2886 62.7948 4
50 45.5606 53.5221 39.1392 52.7467 2
51 57.48 60.7424 53.2886 62.7948 4
52 45.5606 53.5221 39.1392 52.7467 2
53 57.48 60.7424 53.2886 62.7948 4
54 45.5606 53.5221 39.1392 52.7467 2
55 57.48 60.7424 53.2886 62.7948 4
56 45.5606 53.5221 39.1392 52.7467 2
57 57.48 60.7424 53.2886 62.7948 4
58 45.5606 53.5221 39.1392 52.7467 2
59 57.48 60.7424 53.2886 62.7948 4
60 45.5606 53.5221 39.1392 52.7467 2
61 57.48 60.7424 53.2886 62.7948 4
62 45.5606 53.5221 39.1392 52.7467 2
63 57.48 60.7424 53.2886 62.7948 4
64 45.5606 53.5221 39.1392 52.7467 2
65 57.48 60.7424 53.2886 62.7948 4
66 45.5606 53.5221 39.1392 52.7467 2
67 57.48 60.7424 53.2886 62.7948 4
68 45.5606 53.5221 39.1392 52.7467 2
69 57.48 60.7424 53.2886 62.7948 4
70 45.5606 53.5221 39.1392 52.7467 2
71 RANDOM
72 58.2578 61.3503 54.2322 63.1956 4
73 49.779 57.5393 43.4655 60.3432 4
74 45.5606 53.5221 39.1392 52.7467 2
75 57.48 60.7424 53.2886 62.7948 4
76 45.5606 53.5221 39.1392 52.7467 2
77 57.48 60.7424 53.2886 62.7948 4
78 45.5606 53.5221 39.1392 52.7467 2
79 57.48 60.7424 53.2886 62.7948 4
80 45.5606 53.5221 39.1392 52.7467 2
81 57.48 60.7424 53.2886 62.7948 4
82 45.5606 53.5221 39.1392 52.7467 2
83 RANDOM
84 58.2578 61.3503 54.2322 63.1956 4
85 49.779 57.5393 43.4655 60.3432 4
86 45.5606 53.5221 39.1392 52.7467 2
87 57.48 60.7424 53.2886 62.7948 4
88 45.5606 53.5221 39.1392 52.7467 2
89 57.48 60.7424 53.2886 62.7948 4
90 45.5606 53.5221 39.1392 52.7467 2
91 57.48 60.7424 53.2886 62.7948 4
92 45.5606 53.5221 39.1392 52.7467 2
93 57.48 60.7424 53.2886 62.7948 4
94 45.5606 53.5221 39.1392 52.7467 2
95 57.48 60.7424 53.2886 62.7948 4
96 45.5606 53.5221 39.1392 52.7467 2
97 RANDOM
98 58.2578 61.3503 54.2322 63.1956 4
99 49.779 57.5393 43.4655 60.3432 4
100 45.8511 53.7862 39.4783 52.9759 2
101 57.9605 61.1963 53.8545 63.1441 4
102 45.8511 53.7862 39.4783 52.9759 2
103 57.9605 61.1963 53.8545 63.1441 4
104 45.8511 53.7862 39.4783 52.9759 2
105 57.9605 61.1963 53.8545 63.1441 4
106 45.8511 53.7862 39.4783 52.9759 2
107 57.9605 61.1963 53.8545 63.1441 4
108 45.8511 53.7862 39.4783 52.9759 2
109 57.9605 61.1963 53.8545 63.1441 4
110 45.8511 53.7862 39.4783 52.9759 2
111 57.9605 61.1963 53.8545 63.1441 4
112 45.8511 53.7862 39.4783 52.9759 2
113 57.9605 61.1963 53.8545 63.1441 4
114 45.8511 53.7862 39.4783 52.9759 2
115 57.9605 61.1963 53.8545 63.1441 4
116 45.8511 53.7862 39.4783 52.9759 2
117 57.9605 61.1963 53.8545 63.1441 4
118 45.8511 53.7862 39.4783 52.9759 2
119 57.9605 61.1963 53.8545 63.1441 4
120 RANDOM
121 45.6816 53.9579 39.143 53.0097 2
122 56.4434 58.9387 52.3976 59.0429 4
123 45.6816 53.9579 39.143 53.0097 2
124 56.4434 58.9387 52.3976 59.0429 4
125 45.6816 53.9579 39.143 53.0097 2
126 56.4434 58.9387 52.3976 59.0429 4
127 45.6816 53.9579 39.143 53.0097 2
128 56.4434 58.9387 52.3976 59.0429 4
129 45.6816 53.9579 39.143 53.0097 2
130 56.4434 58.9387 52.3976 59.0429 4
131 45.6816 53.9579 39.143 53.0097 2
132 56.4434 58.9387 52.3976 59.0429 4
133 45.6816 53.9579 39.143 53.0097 2
134 56.4434 58.9387 52.3976 59.0429 4
135 45.6816 53.9579 39.143 53.0097 2
136 56.4434 58.9387 52.3976 59.0429 4
137 45.6816 53.9579 39.143 53.0097 2
138 56.4434 58.9387 52.3976 59.0429 4
139 45.6816 53.9579 39.143 53.0097 2
140 56.4434 58.9387 52.3976 59.0429 4
141 45.6816 53.9579 39.143 53.0097 2
142 56.4434 58.9387 52.3976 59.0429 4
143 45.6816 53.9579 39.143 53.0097 2
144 56.4434 58.9387 52.3976 59.0429 4
145 45.6816 53.9579 39.143 53.0097 2
146 56.4434 58.9387 52.3976 59.0429 4
147 45.6816 53.9579 39.143 53.0097 2
148 RANDOM
149 67.8998 70.7692 66.4365 71.3745 4
150 RANDOM
