0 8198.32 15026.3 8097.68 16290.8 4
1 8350.49 15365.1 8203.79 16377.2 4
2 9812.72 18045.9 10147.2 19402.7 4
3 RANDOM
4 9421.57 17466.0 9607.08 18633.5 4
5 9243.57 17200.8 9357.82 18260.6 4
6 10585.2 19564.3 11108.5 21442.0 4
7 11133.1 20565.6 11789.2 22672.8 4
8 11611.5 21443.3 12390.7 23733.2 4
9 12012.7 22181.0 12902.8 24595.9 4
10 RANDOM
11 11183.4 20767.2 11732.4 22841.6 4
12 11122.7 20653.8 11639.8 22709.5 4
13 11125.2 20655.4 11626.0 22710.7 4
14 13114.0 24032.9 14189.5 27088.3 4
15 13253.0 24267.5 14374.2 27379.2 4
16 13378.5 24475.9 14544.6 27634.7 4
17 13482.7 24661.6 14686.5 27843.6 4
18 15535.1 28298.7 17260.9 32406.3 4
19 16037.2 29192.9 17891.2 33508.2 4
20 16201.7 29508.5 18085.9 33868.0 4
21 16255.1 29634.8 18139.0 33982.4 4
22 18359.6 33250.9 20821.4 38650.9 4
23 19125.4 34620.9 21785.7 40333.2 4
24 19927.6 36051.0 22809.0 42078.6 4
25 20322.1 36769.3 23305.5 42934.3 4
26 22134.6 40662.4 24643.4 47973.6 4
27 22417.7 41221.5 24847.6 48773.5 4
28 22489.6 41418.7 24763.5 49133.5 4
29 22640.6 41771.5 24761.5 49688.7 4
30 21642.7 39376.5 24027.5 46943.4 4
31 21721.5 39520.2 24070.8 47184.9 4
32 21874.2 39809.0 24201.7 47597.3 4
33 22022.2 40111.9 24310.0 48016.9 4
34 21273.0 38804.4 23406.0 46343.2 4
35 21349.2 38936.9 23476.9 46573.0 4
36 21446.8 39156.1 23530.4 46904.1 4
37 21588.7 39472.5 23616.5 47356.6 4
38 20427.3 37033.9 22765.1 44068.0 4
39 RANDOM
40 20901.8 37879.6 23415.7 45064.6 4
41 20968.8 38014.8 23527.8 45203.2 4
42 19670.4 35758.8 21445.4 43107.0 4
43 19660.5 35808.1 21124.8 43477.9 4
44 19713.1 36054.0 20660.2 44229.7 4
45 19714.1 36218.0 20155.1 44825.6 4
46 18385.5 33018.2 20755.1 39249.6 4
47 18339.3 32874.9 20885.2 38939.6 4
48 18340.8 32819.8 21067.7 38728.2 4
49 18363.3 32818.1 21239.4 38599.8 4
50 18522.2 32699.6 22423.7 37760.0 4
51 18522.2 32699.6 22423.7 37760.0 4
