0 45.3085 50.4032 34.3277 58.6105 4
1 43.5274 53.5523 29.4863 69.0818 4
2 44.6745 52.11 31.8296 64.5175 4
3 44.8066 52.4113 31.9258 65.0299 4
4 44.9736 52.9096 32.0607 65.8988 4
5 45.128 53.661 32.2021 67.2644 4
6 45.1749 50.7521 32.5849 61.3172 4
7 45.03 50.8412 32.4266 61.6801 4
8 44.9571 51.1237 32.3166 62.359 4
9 45.0702 51.7831 32.3837 63.6028 4
10 37.8014 43.7555 27.883 53.1187 4
11 38.3091 44.6539 28.1522 54.6525 4
12 38.683 45.3536 28.2982 55.9197 4
13 39.1974 46.3066 28.5456 57.5677 4
14 33.98 38.0591 23.7449 45.9846 4
15 33.7504 37.9136 23.4787 45.9907 4
16 33.674 37.9584 23.2935 46.2722 4
17 33.7357 38.1807 23.1899 46.8126 4
18 30.2142 33.2892 22.1269 38.825 4
19 30.3919 33.5968 22.094 39.4148 4
20 30.6237 34.0344 22.0635 40.2556 4
21 31.0212 34.6646 22.1181 41.3629 4
22 28.1637 31.0393 21.071 35.6356 4
23 28.0235 30.9481 20.9243 35.6092 4
24 28.1093 31.1626 20.8402 36.0835 4
25 28.3167 31.58 20.8071 36.8629 4
26 RANDOM
27 26.5796 29.5904 17.7481 31.4003 4
28 26.9262 30.0432 17.8066 31.9355 4
29 27.6283 30.9069 18.0349 32.9922 4
30 24.8778 27.7865 15.7566 28.1413 4
31 25.4505 28.4281 15.871 28.8689 4
32 26.1442 29.1923 16.0995 29.7037 4
33 27.0198 30.1701 16.3796 30.8194 4
34 25.0742 26.1101 18.2594 25.221 2
35 26.5296 26.4309 21.9741 25.2747 1
36 33.939 33.1748 29.8142 30.5748 1
