0 -271.514 295.297 -825.561 242.59 2
1 -237.507 289.507 -853.284 235.234 2
2 -213.803 300.796 -865.716 243.451 2
3 -352.525 274.907 -713.307 259.915 2
4 -313.259 255.882 -713.873 223.261 2
5 -299.528 270.547 -695.001 222.284 2
6 -201.724 252.273 -745.532 206.101 2
7 -311.839 290.403 -671.703 288.29 2
8 -299.178 266.614 -660.056 254.059 2
9 RANDOM
10 -228.169 321.942 -610.042 300.715 2
11 -191.964 226.839 -608.099 177.774 2
12 -166.937 228.339 -600.782 165.737 2
13 -146.476 242.978 -592.135 170.228 2
14 -50.758 306.769 -518.621 220.639 2
15 -191.656 240.137 -702.758 184.767 2
16 -169.449 262.606 -638.433 182.891 2
17 -162.002 294.573 -590.079 199.968 2
18 RANDOM
19 -148.516 369.489 -572.536 352.036 2
20 -118.935 399.72 -541.32 366.727 2
21 -95.4003 413.777 -499.665 363.291 2
22 35.3258 440.645 -363.844 347.601 2
23 -8.63906 504.708 -223.841 431.212 2
24 79.5699 498.782 -176.3 379.224 2
25 86.5948 494.718 -177.82 361.262 2
26 141.7 500.584 -119.602 337.6 2
27 127.883 506.982 -91.6424 371.222 2
28 244.269 509.624 -19.137 326.542 2
29 272.052 498.761 12.4037 300.17 2
30 383.723 551.13 183.637 317.056 2
31 69.7623 482.65 -6.41878 421.234 2
32 219.962 482.574 118.911 362.717 2
33 271.766 511.07 212.805 370.112 2
34 444.811 585.843 429.228 399.36 2
35 -4.93692 516.918 -9.56111 499.627 2
36 96.8883 553.056 121.184 501.539 2
37 194.237 580.764 243.144 503.341 2
38 400.549 619.821 482.731 504.636 2
39 226.725 535.966 262.64 466.641 2
40 334.901 551.278 344.95 448.894 2
41 430.858 551.557 406.005 414.738 2
42 592.847 555.061 521.303 366.547 1
43 619.611 567.617 416.905 316.571 1
