0 575.506 1228.7 -671.626 1186.65 2
1 610.543 1195.6 -700.42 1161.04 2
2 641.26 1197.7 -713.561 1177.01 2
3 RANDOM
4 449.193 1202.13 -464.959 1132.07 2
5 469.289 1215.48 -439.334 1145.0 2
6 616.026 1120.66 -503.661 1091.94 2
7 431.141 1185.04 -335.993 1200.7 4
8 540.237 954.325 -583.641 850.559 2
9 431.141 1185.04 -335.993 1200.7 4
10 540.237 954.325 -583.641 850.559 2
11 431.141 1185.04 -335.993 1200.7 4
12 540.237 954.325 -583.641 850.559 2
13 431.141 1185.04 -335.993 1200.7 4
14 540.237 954.325 -583.641 850.559 2
15 431.141 1185.04 -335.993 1200.7 4
16 540.237 954.325 -583.641 850.559 2
17 431.141 1185.04 -335.993 1200.7 4
18 540.237 954.325 -583.641 850.559 2
19 431.141 1185.04 -335.993 1200.7 4
20 540.237 954.325 -583.641 850.559 2
21 431.141 1185.04 -335.993 1200.7 4
22 540.237 954.325 -583.641 850.559 2
23 431.141 1185.04 -335.993 1200.7 4
24 540.237 954.325 -583.641 850.559 2
25 431.141 1185.04 -335.993 1200.7 4
26 540.237 954.325 -583.641 850.559 2
27 431.141 1185.04 -335.993 1200.7 4
28 540.237 954.325 -583.641 850.559 2
29 431.141 1185.04 -335.993 1200.7 4
30 540.237 954.325 -583.641 850.559 2
31 431.141 1185.04 -335.993 1200.7 4
32 540.237 954.325 -583.641 850.559 2
33 RANDOM
34 453.934 1164.78 -307.054 1159.62 2
35 450.483 1170.08 -280.224 1153.31 2
36 520.073 1144.9 -219.94 1107.89 2
37 541.434 1156.34 -254.146 1135.78 2
38 556.245 1157.56 -230.008 1116.23 2
39 568.741 1166.1 -205.951 1105.05 2
40 710.78 1116.03 -39.5161 1021.79 2
41 558.993 1162.53 -262.643 1107.94 2
42 568.602 1189.99 -171.489 1106.36 2
43 571.563 1225.13 -103.301 1121.58 2
44 669.148 1222.65 17.9419 1095.02 2
45 659.698 1186.49 -146.89 1233.11 4
46 629.386 1118.66 -121.542 1045.39 2
47 659.698 1186.49 -146.89 1233.11 4
48 629.386 1118.66 -121.542 1045.39 2
49 659.698 1186.49 -146.89 1233.11 4
50 629.386 1118.66 -121.542 1045.39 2
51 659.698 1186.49 -146.89 1233.11 4
52 629.386 1118.66 -121.542 1045.39 2
53 RANDOM
54 678.914 1206.97 -99.5644 1203.31 2
55 701.047 1219.16 -20.645 1168.36 2
56 855.729 1199.23 171.567 1077.68 2
57 684.076 1354.82 270.002 1365.44 4
58 929.843 1090.65 170.724 1178.44 4
59 908.699 1104.57 81.0139 1228.31 4
60 863.024 1083.45 31.6153 1245.6 4
61 815.43 1067.03 6.88992 1294.39 4
62 718.072 1106.59 -81.081 1004.91 2
63 754.795 1162.56 -81.8496 1166.09 4
64 718.072 1106.59 -81.081 1004.91 2
65 754.795 1162.56 -81.8496 1166.09 4
66 718.072 1106.59 -81.081 1004.91 2
67 754.795 1162.56 -81.8496 1166.09 4
68 718.072 1106.59 -81.081 1004.91 2
69 754.795 1162.56 -81.8496 1166.09 4
70 718.072 1106.59 -81.081 1004.91 2
71 754.795 1162.56 -81.8496 1166.09 4
72 718.072 1106.59 -81.081 1004.91 2
73 754.795 1162.56 -81.8496 1166.09 4
74 718.072 1106.59 -81.081 1004.91 2
75 754.795 1162.56 -81.8496 1166.09 4
76 718.072 1106.59 -81.081 1004.91 2
77 RANDOM
78 791.044 1185.96 -22.5022 1135.51 2
79 827.102 1192.33 58.5606 1091.46 2
80 855.729 1199.23 171.567 1077.68 2
81 684.076 1354.82 270.002 1365.44 4
82 929.843 1090.65 170.724 1178.44 4
83 908.699 1104.57 81.0139 1228.31 4
84 863.024 1083.45 31.6153 1245.6 4
85 815.43 1067.03 6.88992 1294.39 4
86 718.072 1106.59 -81.081 1004.91 2
87 754.795 1162.56 -81.8496 1166.09 4
88 718.072 1106.59 -81.081 1004.91 2
89 754.795 1162.56 -81.8496 1166.09 4
90 718.072 1106.59 -81.081 1004.91 2
91 754.795 1162.56 -81.8496 1166.09 4
92 718.072 1106.59 -81.081 1004.91 2
93 754.795 1162.56 -81.8496 1166.09 4
94 718.072 1106.59 -81.081 1004.91 2
95 754.795 1162.56 -81.8496 1166.09 4
96 718.072 1106.59 -81.081 1004.91 2
97 754.795 1162.56 -81.8496 1166.09 4
98 718.072 1106.59 -81.081 1004.91 2
99 754.795 1162.56 -81.8496 1166.09 4
100 710.767 1123.82 -153.811 1020.22 2
101 743.871 1185.45 -164.759 1184.08 2
102 779.448 1199.3 -100.922 1139.63 2
103 809.422 1203.39 -24.9946 1090.26 2
104 838.314 1231.19 76.3321 1110.18 2
105 668.614 1374.72 154.662 1379.59 4
106 900.089 1147.42 42.9397 1239.02 4
107 886.195 1151.46 -21.4675 1279.79 4
108 841.834 1130.17 -66.1262 1297.42 4
109 795.222 1115.36 -90.7019 1348.95 4
110 710.767 1123.82 -153.811 1020.22 2
111 743.871 1185.45 -164.759 1184.08 2
112 779.448 1199.3 -100.922 1139.63 2
113 809.422 1203.39 -24.9946 1090.26 2
114 838.314 1231.19 76.3321 1110.18 2
115 668.614 1374.72 154.662 1379.59 4
116 900.089 1147.42 42.9397 1239.02 4
117 886.195 1151.46 -21.4675 1279.79 4
118 841.834 1130.17 -66.1262 1297.42 4
119 795.222 1115.36 -90.7019 1348.95 4
120 710.767 1123.82 -153.811 1020.22 2
121 743.871 1185.45 -164.759 1184.08 2
122 779.448 1199.3 -100.922 1139.63 2
123 RANDOM
124 838.314 1231.19 76.3321 1110.18 2
125 668.614 1374.72 154.662 1379.59 4
126 900.089 1147.42 42.9397 1239.02 4
127 886.195 1151.46 -21.4675 1279.79 4
128 841.834 1130.17 -66.1262 1297.42 4
129 795.222 1115.36 -90.7019 1348.95 4
130 710.767 1123.82 -153.811 1020.22 2
131 743.871 1185.45 -164.759 1184.08 2
132 779.448 1199.3 -100.922 1139.63 2
133 809.422 1203.39 -24.9946 1090.26 2
134 838.314 1231.19 76.3321 1110.18 2
135 668.614 1374.72 154.662 1379.59 4
136 900.089 1147.42 42.9397 1239.02 4
137 886.195 1151.46 -21.4675 1279.79 4
138 841.834 1130.17 -66.1262 1297.42 4
139 795.222 1115.36 -90.7019 1348.95 4
140 710.767 1123.82 -153.811 1020.22 2
141 743.871 1185.45 -164.759 1184.08 2
142 779.448 1199.3 -100.922 1139.63 2
143 809.422 1203.39 -24.9946 1090.26 2
144 838.314 1231.19 76.3321 1110.18 2
145 668.614 1374.72 154.662 1379.59 4
146 900.089 1147.42 42.9397 1239.02 4
147 RANDOM
148 841.834 1130.17 -66.1262 1297.42 4
149 795.222 1115.36 -90.7019 1348.95 4
150 710.767 1123.82 -153.811 1020.22 2
151 743.871 1185.45 -164.759 1184.08 2
152 779.448 1199.3 -100.922 1139.63 2
153 809.422 1203.39 -24.9946 1090.26 2
154 838.314 1231.19 76.3321 1110.18 2
155 668.614 1374.72 154.662 1379.59 4
156 900.089 1147.42 42.9397 1239.02 4
157 886.195 1151.46 -21.4675 1279.79 4
158 841.834 1130.17 -66.1262 1297.42 4
159 795.222 1115.36 -90.7019 1348.95 4
160 710.767 1123.82 -153.811 1020.22 2
161 743.871 1185.45 -164.759 1184.08 2
162 779.448 1199.3 -100.922 1139.63 2
163 809.422 1203.39 -24.9946 1090.26 2
164 838.314 1231.19 76.3321 1110.18 2
165 668.614 1374.72 154.662 1379.59 4
166 900.089 1147.42 42.9397 1239.02 4
167 886.195 1151.46 -21.4675 1279.79 4
168 841.834 1130.17 -66.1262 1297.42 4
169 795.222 1115.36 -90.7019 1348.95 4
170 710.767 1123.82 -153.811 1020.22 2
171 743.871 1185.45 -164.759 1184.08 2
172 779.448 1199.3 -100.922 1139.63 2
173 809.422 1203.39 -24.9946 1090.26 2
174 838.314 1231.19 76.3321 1110.18 2
175 668.614 1374.72 154.662 1379.59 4
176 900.089 1147.42 42.9397 1239.02 4
177 886.195 1151.46 -21.4675 1279.79 4
178 841.834 1130.17 -66.1262 1297.42 4
179 795.222 1115.36 -90.7019 1348.95 4
180 710.767 1123.82 -153.811 1020.22 2
181 743.871 1185.45 -164.759 1184.08 2
182 779.448 1199.3 -100.922 1139.63 2
183 809.422 1203.39 -24.9946 1090.26 2
184 838.314 1231.19 76.3321 1110.18 2
185 668.614 1374.72 154.662 1379.59 4
186 900.089 1147.42 42.9397 1239.02 4
187 886.195 1151.46 -21.4675 1279.79 4
188 841.834 1130.17 -66.1262 1297.42 4
189 795.222 1115.36 -90.7019 1348.95 4
190 710.767 1123.82 -153.811 1020.22 2
191 743.871 1185.45 -164.759 1184.08 2
192 779.448 1199.3 -100.922 1139.63 2
193 809.422 1203.39 -24.9946 1090.26 2
194 838.314 1231.19 76.3321 1110.18 2
195 668.614 1374.72 154.662 1379.59 4
196 900.089 1147.42 42.9397 1239.02 4
197 886.195 1151.46 -21.4675 1279.79 4
198 841.834 1130.17 -66.1262 1297.42 4
199 795.222 1115.36 -90.7019 1348.95 4
200 710.767 1123.82 -153.811 1020.22 2
201 743.871 1185.45 -164.759 1184.08 2
202 779.448 1199.3 -100.922 1139.63 2
203 RANDOM
204 838.314 1231.19 76.3321 1110.18 2
205 668.614 1374.72 154.662 1379.59 4
206 900.089 1147.42 42.9397 1239.02 4
207 886.195 1151.46 -21.4675 1279.79 4
208 841.834 1130.17 -66.1262 1297.42 4
209 795.222 1115.36 -90.7019 1348.95 4
210 710.767 1123.82 -153.811 1020.22 2
211 743.871 1185.45 -164.759 1184.08 2
212 RANDOM
213 809.422 1203.39 -24.9946 1090.26 2
214 838.314 1231.19 76.3321 1110.18 2
215 668.614 1374.72 154.662 1379.59 4
216 900.089 1147.42 42.9397 1239.02 4
217 886.195 1151.46 -21.4675 1279.79 4
218 841.834 1130.17 -66.1262 1297.42 4
219 795.222 1115.36 -90.7019 1348.95 4
220 710.767 1123.82 -153.811 1020.22 2
221 743.871 1185.45 -164.759 1184.08 2
222 779.448 1199.3 -100.922 1139.63 2
223 RANDOM
224 838.314 1231.19 76.3321 1110.18 2
225 668.614 1374.72 154.662 1379.59 4
226 900.089 1147.42 42.9397 1239.02 4
227 886.195 1151.46 -21.4675 1279.79 4
228 841.834 1130.17 -66.1262 1297.42 4
229 795.222 1115.36 -90.7019 1348.95 4
230 710.767 1123.82 -153.811 1020.22 2
231 743.871 1185.45 -164.759 1184.08 2
232 779.448 1199.3 -100.922 1139.63 2
233 809.422 1203.39 -24.9946 1090.26 2
234 838.314 1231.19 76.3321 1110.18 2
235 668.614 1374.72 154.662 1379.59 4
236 900.089 1147.42 42.9397 1239.02 4
237 886.195 1151.46 -21.4675 1279.79 4
238 841.834 1130.17 -66.1262 1297.42 4
239 795.222 1115.36 -90.7019 1348.95 4
240 710.767 1123.82 -153.811 1020.22 2
241 743.871 1185.45 -164.759 1184.08 2
242 779.448 1199.3 -100.922 1139.63 2
243 809.422 1203.39 -24.9946 1090.26 2
244 838.314 1231.19 76.3321 1110.18 2
245 668.614 1374.72 154.662 1379.59 4
246 900.089 1147.42 42.9397 1239.02 4
247 886.195 1151.46 -21.4675 1279.79 4
248 841.834 1130.17 -66.1262 1297.42 4
249 RANDOM
250 710.767 1123.82 -153.811 1020.22 2
251 743.871 1185.45 -164.759 1184.08 2
252 779.448 1199.3 -100.922 1139.63 2
253 809.422 1203.39 -24.9946 1090.26 2
254 838.314 1231.19 76.3321 1110.18 2
255 668.614 1374.72 154.662 1379.59 4
256 900.089 1147.42 42.9397 1239.02 4
257 886.195 1151.46 -21.4675 1279.79 4
258 RANDOM
259 795.222 1115.36 -90.7019 1348.95 4
260 710.767 1123.82 -153.811 1020.22 2
261 743.871 1185.45 -164.759 1184.08 2
262 779.448 1199.3 -100.922 1139.63 2
263 809.422 1203.39 -24.9946 1090.26 2
264 RANDOM
265 668.614 1374.72 154.662 1379.59 4
266 900.089 1147.42 42.9397 1239.02 4
267 886.195 1151.46 -21.4675 1279.79 4
268 841.834 1130.17 -66.1262 1297.42 4
269 795.222 1115.36 -90.7019 1348.95 4
270 710.767 1123.82 -153.811 1020.22 2
271 743.871 1185.45 -164.759 1184.08 2
272 779.448 1199.3 -100.922 1139.63 2
273 809.422 1203.39 -24.9946 1090.26 2
274 838.314 1231.19 76.3321 1110.18 2
275 668.614 1374.72 154.662 1379.59 4
276 900.089 1147.42 42.9397 1239.02 4
277 886.195 1151.46 -21.4675 1279.79 4
278 841.834 1130.17 -66.1262 1297.42 4
279 795.222 1115.36 -90.7019 1348.95 4
280 710.767 1123.82 -153.811 1020.22 2
281 743.871 1185.45 -164.759 1184.08 2
282 779.448 1199.3 -100.922 1139.63 2
283 809.422 1203.39 -24.9946 1090.26 2
284 838.314 1231.19 76.3321 1110.18 2
285 668.614 1374.72 154.662 1379.59 4
286 900.089 1147.42 42.9397 1239.02 4
287 886.195 1151.46 -21.4675 1279.79 4
288 841.834 1130.17 -66.1262 1297.42 4
289 795.222 1115.36 -90.7019 1348.95 4
290 710.767 1123.82 -153.811 1020.22 2
291 743.871 1185.45 -164.759 1184.08 2
292 779.448 1199.3 -100.922 1139.63 2
293 809.422 1203.39 -24.9946 1090.26 2
294 838.314 1231.19 76.3321 1110.18 2
295 668.614 1374.72 154.662 1379.59 4
296 900.089 1147.42 42.9397 1239.02 4
297 886.195 1151.46 -21.4675 1279.79 4
298 841.834 1130.17 -66.1262 1297.42 4
299 795.222 1115.36 -90.7019 1348.95 4
300 710.767 1123.82 -153.811 1020.22 2
301 743.871 1185.45 -164.759 1184.08 2
302 779.448 1199.3 -100.922 1139.63 2
303 809.422 1203.39 -24.9946 1090.26 2
304 838.314 1231.19 76.3321 1110.18 2
305 668.614 1374.72 154.662 1379.59 4
306 900.089 1147.42 42.9397 1239.02 4
307 886.195 1151.46 -21.4675 1279.79 4
308 841.834 1130.17 -66.1262 1297.42 4
309 795.222 1115.36 -90.7019 1348.95 4
310 710.767 1123.82 -153.811 1020.22 2
311 743.871 1185.45 -164.759 1184.08 2
312 779.448 1199.3 -100.922 1139.63 2
313 809.422 1203.39 -24.9946 1090.26 2
314 838.314 1231.19 76.3321 1110.18 2
315 668.614 1374.72 154.662 1379.59 4
316 RANDOM
317 886.195 1151.46 -21.4675 1279.79 4
318 841.834 1130.17 -66.1262 1297.42 4
319 795.222 1115.36 -90.7019 1348.95 4
320 710.767 1123.82 -153.811 1020.22 2
321 743.871 1185.45 -164.759 1184.08 2
322 779.448 1199.3 -100.922 1139.63 2
323 809.422 1203.39 -24.9946 1090.26 2
324 RANDOM
325 668.614 1374.72 154.662 1379.59 4
326 900.089 1147.42 42.9397 1239.02 4
327 886.195 1151.46 -21.4675 1279.79 4
328 841.834 1130.17 -66.1262 1297.42 4
329 795.222 1115.36 -90.7019 1348.95 4
330 710.767 1123.82 -153.811 1020.22 2
331 743.871 1185.45 -164.759 1184.08 2
332 779.448 1199.3 -100.922 1139.63 2
333 809.422 1203.39 -24.9946 1090.26 2
334 838.314 1231.19 76.3321 1110.18 2
335 668.614 1374.72 154.662 1379.59 4
336 900.089 1147.42 42.9397 1239.02 4
337 886.195 1151.46 -21.4675 1279.79 4
338 841.834 1130.17 -66.1262 1297.42 4
339 795.222 1115.36 -90.7019 1348.95 4
340 710.767 1123.82 -153.811 1020.22 2
341 743.871 1185.45 -164.759 1184.08 2
342 RANDOM
343 809.422 1203.39 -24.9946 1090.26 2
344 838.314 1231.19 76.3321 1110.18 2
345 668.614 1374.72 154.662 1379.59 4
346 900.089 1147.42 42.9397 1239.02 4
347 886.195 1151.46 -21.4675 1279.79 4
348 841.834 1130.17 -66.1262 1297.42 4
349 795.222 1115.36 -90.7019 1348.95 4
350 710.767 1123.82 -153.811 1020.22 2
351 743.871 1185.45 -164.759 1184.08 2
352 779.448 1199.3 -100.922 1139.63 2
353 809.422 1203.39 -24.9946 1090.26 2
354 838.314 1231.19 76.3321 1110.18 2
355 668.614 1374.72 154.662 1379.59 4
356 900.089 1147.42 42.9397 1239.02 4
357 RANDOM
358 841.834 1130.17 -66.1262 1297.42 4
359 795.222 1115.36 -90.7019 1348.95 4
360 710.767 1123.82 -153.811 1020.22 2
361 743.871 1185.45 -164.759 1184.08 2
362 779.448 1199.3 -100.922 1139.63 2
363 809.422 1203.39 -24.9946 1090.26 2
364 838.314 1231.19 76.3321 1110.18 2
365 RANDOM
366 760.666 1371.8 252.86 1272.52 2
367 778.749 1368.06 257.889 1244.41 2
368 821.046 1343.28 322.517 1195.58 2
369 799.19 1342.56 325.359 1274.4 2
370 902.149 1351.78 435.566 1208.63 2
371 945.798 1341.66 495.23 1180.38 2
372 1067.43 1372.86 731.285 1196.4 2
373 715.451 1273.7 471.926 1267.66 2
374 865.154 1294.87 661.562 1241.83 2
375 956.655 1341.14 827.107 1267.59 2
376 1118.58 1405.6 1091.33 1306.91 2
377 698.211 1308.58 529.5 1354.32 4
378 1033.39 1242.82 1108.8 1262.3 4
379 891.795 1197.98 910.977 1241.23 4
380 719.698 1169.6 684.345 1274.03 4
381 616.521 1200.83 496.943 1457.59 4
382 1149.49 1172.04 1025.52 1073.45 2
383 729.488 1244.53 524.434 1229.58 2
384 889.752 1278.04 733.974 1216.47 2
385 1070.72 1359.43 979.212 1265.46 2
386 1118.58 1405.6 1091.33 1306.91 2
387 698.211 1308.58 529.5 1354.32 4
388 1033.39 1242.82 1108.8 1262.3 4
389 891.795 1197.98 910.977 1241.23 4
390 719.698 1169.6 684.345 1274.03 4
391 616.521 1200.83 496.943 1457.59 4
392 1149.49 1172.04 1025.52 1073.45 2
393 729.488 1244.53 524.434 1229.58 2
394 889.752 1278.04 733.974 1216.47 2
395 1070.72 1359.43 979.212 1265.46 2
396 1118.58 1405.6 1091.33 1306.91 2
397 698.211 1308.58 529.5 1354.32 4
398 1033.39 1242.82 1108.8 1262.3 4
399 891.795 1197.98 910.977 1241.23 4
400 719.698 1169.6 684.345 1274.03 4
401 616.521 1200.83 496.943 1457.59 4
402 1149.49 1172.04 1025.52 1073.45 2
403 729.488 1244.53 524.434 1229.58 2
404 889.752 1278.04 733.974 1216.47 2
405 1070.72 1359.43 979.212 1265.46 2
406 1118.58 1405.6 1091.33 1306.91 2
407 698.211 1308.58 529.5 1354.32 4
408 1033.39 1242.82 1108.8 1262.3 4
409 891.795 1197.98 910.977 1241.23 4
410 719.698 1169.6 684.345 1274.03 4
411 616.521 1200.83 496.943 1457.59 4
412 RANDOM
413 1176.75 1431.19 839.128 1206.14 2
414 1169.13 1349.86 852.128 1155.41 2
