0 53.1201 60.8023 47.6233 71.4305 4
1 51.8183 64.9487 42.9236 88.8616 4
2 58.5484 68.7964 50.4312 89.8745 4
3 59.011 69.3514 50.75 90.8106 4
4 59.3844 69.8654 50.9495 91.7962 4
5 59.7233 70.5607 50.986 93.4224 4
6 RANDOM
7 59.9748 68.8064 52.3971 87.0212 4
8 RANDOM
9 60.4295 69.8513 52.4407 89.7779 4
10 59.1353 66.9464 51.9646 82.0137 4
11 59.1794 67.2354 51.8483 83.0269 4
12 59.1375 67.5091 51.6285 84.189 4
13 59.1339 67.8723 51.4532 85.6317 4
14 63.2001 69.4778 54.1868 84.8035 4
15 63.2271 69.5841 54.0714 85.3667 4
16 63.4187 69.9017 54.0709 86.1854 4
17 63.7404 70.3907 54.1881 87.2594 4
18 60.7755 66.5721 52.0332 80.3746 4
19 60.8886 66.7823 52.0041 81.0797 4
20 61.1339 67.1742 52.0213 82.1883 4
21 61.5607 67.8116 52.1691 83.5994 4
22 60.0457 65.9446 51.0407 80.3818 4
23 60.3097 66.3148 51.1021 81.2234 4
24 60.7712 66.9439 51.303 82.4758 4
25 61.4358 67.8231 51.6746 84.1054 4
26 47.2098 54.5624 39.9781 56.246 4
27 46.8716 54.4277 39.6754 55.7002 4
28 46.7389 54.6252 39.5138 55.7389 4
29 46.7188 55.0181 39.4283 56.0852 4
30 42.5396 50.6935 35.5956 48.0035 2
31 54.7398 57.8278 49.6757 58.0397 4
32 42.5396 50.6935 35.5956 48.0035 2
33 54.7398 57.8278 49.6757 58.0397 4
34 42.5396 50.6935 35.5956 48.0035 2
35 54.7398 57.8278 49.6757 58.0397 4
36 42.5396 50.6935 35.5956 48.0035 2
37 54.7398 57.8278 49.6757 58.0397 4
38 42.5396 50.6935 35.5956 48.0035 2
39 54.7398 57.8278 49.6757 58.0397 4
40 42.7258 50.8697 35.8147 48.1553 2
41 55.0642 58.1439 50.0552 58.288 4
42 42.7258 50.8697 35.8147 48.1553 2
43 55.0642 58.1439 50.0552 58.288 4
44 42.7258 50.8697 35.8147 48.1553 2
45 55.0642 58.1439 50.0552 58.288 4
46 42.7258 50.8697 35.8147 48.1553 2
47 55.0642 58.1439 50.0552 58.288 4
48 42.7258 50.8697 35.8147 48.1553 2
49 55.0642 58.1439 50.0552 58.288 4
50 42.7258 50.8697 35.8147 48.1553 2
51 55.0642 58.1439 50.0552 58.288 4
52 42.7258 50.8697 35.8147 48.1553 2
53 55.0642 58.1439 50.0552 58.288 4
54 42.7258 50.8697 35.8147 48.1553 2
55 55.0642 58.1439 50.0552 58.288 4
56 42.7258 50.8697 35.8147 48.1553 2
57 55.0642 58.1439 50.0552 58.288 4
58 42.7258 50.8697 35.8147 48.1553 2
59 55.0642 58.1439 50.0552 58.288 4
60 42.7258 50.8697 35.8147 48.1553 2
61 55.0642 58.1439 50.0552 58.288 4
62 RANDOM
63 64.6885 67.1131 61.7701 65.8318 2
64 55.5347 57.6704 50.7587 55.8859 2
