0 -13.7657 34.0685 26.4305 34.7846 4
1 -13.7657 34.0685 26.4305 34.7846 4
2 -13.7657 34.0685 26.4305 34.7846 4
3 -13.7657 34.0685 26.4305 34.7846 4
4 -13.7657 34.0685 26.4305 34.7846 4
5 -13.7657 34.0685 26.4305 34.7846 4
6 -13.7657 34.0685 26.4305 34.7846 4
7 -13.7657 34.0685 26.4305 34.7846 4
8 -13.7657 34.0685 26.4305 34.7846 4
9 -13.7657 34.0685 26.4305 34.7846 4
10 RANDOM
11 -13.7657 34.0685 26.4305 34.7846 4
12 -13.7657 34.0685 26.4305 34.7846 4
13 -13.7657 34.0685 26.4305 34.7846 4
14 -13.7657 34.0685 26.4305 34.7846 4
15 -13.7657 34.0685 26.4305 34.7846 4
16 -13.7657 34.0685 26.4305 34.7846 4
17 -13.7657 34.0685 26.4305 34.7846 4
18 -13.7657 34.0685 26.4305 34.7846 4
19 -13.7657 34.0685 26.4305 34.7846 4
20 -13.7657 34.0685 26.4305 34.7846 4
21 -13.7657 34.0685 26.4305 34.7846 4
22 -13.7657 34.0685 26.4305 34.7846 4
23 -13.7657 34.0685 26.4305 34.7846 4
24 -13.7657 34.0685 26.4305 34.7846 4
25 -13.7657 34.0685 26.4305 34.7846 4
26 -13.7657 34.0685 26.4305 34.7846 4
27 -13.7657 34.0685 26.4305 34.7846 4
28 -13.7657 34.0685 26.4305 34.7846 4
29 -13.7657 34.0685 26.4305 34.7846 4
30 -13.7657 34.0685 26.4305 34.7846 4
31 -13.7657 34.0685 26.4305 34.7846 4
32 -13.7657 34.0685 26.4305 34.7846 4
33 -13.7657 34.0685 26.4305 34.7846 4
34 -13.7657 34.0685 26.4305 34.7846 4
35 -13.7657 34.0685 26.4305 34.7846 4
36 -13.7657 34.0685 26.4305 34.7846 4
37 -13.7657 34.0685 26.4305 34.7846 4
38 -13.7657 34.0685 26.4305 34.7846 4
39 -13.7657 34.0685 26.4305 34.7846 4
40 -13.7657 34.0685 26.4305 34.7846 4
41 -13.7657 34.0685 26.4305 34.7846 4
42 -9.77147 18.8706 -65.8194 19.658 4
43 -7.54444 18.1392 -72.2199 18.4595 4
44 -6.17257 16.0105 -79.8378 14.8269 2
45 -13.7241 9.28584 -35.3417 10.2383 4
46 -6.17257 16.0105 -79.8378 14.8269 2
47 -13.7241 9.28584 -35.3417 10.2383 4
48 RANDOM
49 -4.86433 12.476 -88.6227 8.97719 2
50 -13.5504 11.5595 -39.4097 12.7243 4
51 -4.86433 12.476 -88.6227 8.97719 2
52 -13.5504 11.5595 -39.4097 12.7243 4
53 -4.86433 12.476 -88.6227 8.97719 2
54 -13.5504 11.5595 -39.4097 12.7243 4
55 -4.86433 12.476 -88.6227 8.97719 2
56 -13.5504 11.5595 -39.4097 12.7243 4
57 -4.86433 12.476 -88.6227 8.97719 2
58 -13.5504 11.5595 -39.4097 12.7243 4
59 -4.86433 12.476 -88.6227 8.97719 2
60 -13.5504 11.5595 -39.4097 12.7243 4
61 -4.86433 12.476 -88.6227 8.97719 2
62 -13.5504 11.5595 -39.4097 12.7243 4
63 -4.86433 12.476 -88.6227 8.97719 2
64 -13.5504 11.5595 -39.4097 12.7243 4
65 -4.86433 12.476 -88.6227 8.97719 2
66 -13.5504 11.5595 -39.4097 12.7243 4
67 -4.86433 12.476 -88.6227 8.97719 2
68 -13.5504 11.5595 -39.4097 12.7243 4
69 -4.86433 12.476 -88.6227 8.97719 2
70 -13.5504 11.5595 -39.4097 12.7243 4
71 -4.86433 12.476 -88.6227 8.97719 2
72 -13.5504 11.5595 -39.4097 12.7243 4
73 -4.86433 12.476 -88.6227 8.97719 2
74 -13.5504 11.5595 -39.4097 12.7243 4
75 -4.86433 12.476 -88.6227 8.97719 2
76 -13.5504 11.5595 -39.4097 12.7243 4
77 -4.86433 12.476 -88.6227 8.97719 2
78 -13.5504 11.5595 -39.4097 12.7243 4
79 -4.86433 12.476 -88.6227 8.97719 2
80 -13.5504 11.5595 -39.4097 12.7243 4
81 -4.86433 12.476 -88.6227 8.97719 2
82 -13.5504 11.5595 -39.4097 12.7243 4
83 -4.86433 12.476 -88.6227 8.97719 2
84 -13.5504 11.5595 -39.4097 12.7243 4
85 -4.86433 12.476 -88.6227 8.97719 2
86 -13.5504 11.5595 -39.4097 12.7243 4
87 -4.86433 12.476 -88.6227 8.97719 2
88 RANDOM
89 RANDOM
90 -13.8963 7.23198 -31.7384 7.97641 4
91 -7.54444 18.1392 -72.2199 18.4595 4
92 -6.17257 16.0105 -79.8378 14.8269 2
93 -13.7241 9.28584 -35.3417 10.2383 4
94 -6.17257 16.0105 -79.8378 14.8269 2
95 -13.7241 9.28584 -35.3417 10.2383 4
96 -6.17257 16.0105 -79.8378 14.8269 2
97 -13.7241 9.28584 -35.3417 10.2383 4
98 RANDOM
99 -4.86433 12.476 -88.6227 8.97719 2
100 -13.5504 11.5595 -39.4097 12.7243 4
101 -4.86433 12.476 -88.6227 8.97719 2
102 -13.5504 11.5595 -39.4097 12.7243 4
103 -4.86433 12.476 -88.6227 8.97719 2
104 -13.5504 11.5595 -39.4097 12.7243 4
105 -4.86433 12.476 -88.6227 8.97719 2
106 -13.5504 11.5595 -39.4097 12.7243 4
107 -4.86433 12.476 -88.6227 8.97719 2
108 -13.5504 11.5595 -39.4097 12.7243 4
109 -4.86433 12.476 -88.6227 8.97719 2
110 -13.5504 11.5595 -39.4097 12.7243 4
111 -4.86433 12.476 -88.6227 8.97719 2
112 -13.5504 11.5595 -39.4097 12.7243 4
113 -4.86433 12.476 -88.6227 8.97719 2
114 -13.5504 11.5595 -39.4097 12.7243 4
115 -4.86433 12.476 -88.6227 8.97719 2
116 -13.5504 11.5595 -39.4097 12.7243 4
117 -4.86433 12.476 -88.6227 8.97719 2
118 -13.5504 11.5595 -39.4097 12.7243 4
119 -4.86433 12.476 -88.6227 8.97719 2
120 -13.5504 11.5595 -39.4097 12.7243 4
121 -4.86433 12.476 -88.6227 8.97719 2
122 -13.5504 11.5595 -39.4097 12.7243 4
123 RANDOM
124 -14.9317 12.0483 -51.0322 11.3662 2
125 -16.9527 4.67554 -41.2415 2.28744 2
126 -16.6723 3.42471 -36.4139 1.38872 2
127 -16.3235 2.05215 -31.9092 0.319162 2
128 -16.3843 0.345422 -28.5367 -1.48087 2
129 -13.7657 34.0685 26.4305 34.7846 4
130 -8.38665 8.47136 -68.1796 4.8079 2
131 RANDOM
132 -13.7657 34.0685 26.4305 34.7846 4
133 -13.7657 34.0685 26.4305 34.7846 4
134 -8.38665 8.47136 -68.1796 4.8079 2
135 -13.7657 34.0685 26.4305 34.7846 4
136 -8.38665 8.47136 -68.1796 4.8079 2
137 -13.7657 34.0685 26.4305 34.7846 4
138 -8.38665 8.47136 -68.1796 4.8079 2
139 -13.7657 34.0685 26.4305 34.7846 4
140 -8.38665 8.47136 -68.1796 4.8079 2
141 -13.7657 34.0685 26.4305 34.7846 4
142 -8.38665 8.47136 -68.1796 4.8079 2
143 -13.7657 34.0685 26.4305 34.7846 4
144 -8.38665 8.47136 -68.1796 4.8079 2
145 -13.7657 34.0685 26.4305 34.7846 4
146 -8.38665 8.47136 -68.1796 4.8079 2
147 -13.7657 34.0685 26.4305 34.7846 4
148 -8.38665 8.47136 -68.1796 4.8079 2
149 -13.7657 34.0685 26.4305 34.7846 4
150 -8.38665 8.47136 -68.1796 4.8079 2
151 -13.7657 34.0685 26.4305 34.7846 4
152 -8.38665 8.47136 -68.1796 4.8079 2
153 -13.7657 34.0685 26.4305 34.7846 4
154 -8.38665 8.47136 -68.1796 4.8079 2
155 -13.7657 34.0685 26.4305 34.7846 4
156 -8.38665 8.47136 -68.1796 4.8079 2
157 -13.7657 34.0685 26.4305 34.7846 4
158 -8.38665 8.47136 -68.1796 4.8079 2
159 -13.7657 34.0685 26.4305 34.7846 4
160 -8.38665 8.47136 -68.1796 4.8079 2
161 -13.7657 34.0685 26.4305 34.7846 4
162 -8.38665 8.47136 -68.1796 4.8079 2
163 -13.7657 34.0685 26.4305 34.7846 4
164 -8.38665 8.47136 -68.1796 4.8079 2
165 RANDOM
166 -13.7657 34.0685 26.4305 34.7846 4
167 -13.7657 34.0685 26.4305 34.7846 4
168 -8.38665 8.47136 -68.1796 4.8079 2
169 -13.7657 34.0685 26.4305 34.7846 4
170 -8.38665 8.47136 -68.1796 4.8079 2
171 -13.7657 34.0685 26.4305 34.7846 4
172 -8.38665 8.47136 -68.1796 4.8079 2
173 -13.7657 34.0685 26.4305 34.7846 4
174 -8.38665 8.47136 -68.1796 4.8079 2
175 -13.7657 34.0685 26.4305 34.7846 4
176 -8.38665 8.47136 -68.1796 4.8079 2
177 -13.7657 34.0685 26.4305 34.7846 4
178 -8.38665 8.47136 -68.1796 4.8079 2
179 -13.7657 34.0685 26.4305 34.7846 4
180 -8.38665 8.47136 -68.1796 4.8079 2
181 -13.7657 34.0685 26.4305 34.7846 4
182 -8.38665 8.47136 -68.1796 4.8079 2
183 -13.7657 34.0685 26.4305 34.7846 4
184 -8.38665 8.47136 -68.1796 4.8079 2
185 -13.7657 34.0685 26.4305 34.7846 4
186 -8.38665 8.47136 -68.1796 4.8079 2
187 -13.7657 34.0685 26.4305 34.7846 4
188 -8.38665 8.47136 -68.1796 4.8079 2
189 -13.7657 34.0685 26.4305 34.7846 4
190 -8.38665 8.47136 -68.1796 4.8079 2
191 -13.7657 34.0685 26.4305 34.7846 4
192 -8.38665 8.47136 -68.1796 4.8079 2
193 -13.7657 34.0685 26.4305 34.7846 4
194 -8.38665 8.47136 -68.1796 4.8079 2
195 -13.7657 34.0685 26.4305 34.7846 4
196 RANDOM
197 -7.1656 5.78541 -75.1754 0.41196 2
198 RANDOM
199 -13.7657 34.0685 26.4305 34.7846 4
200 -8.38665 8.47136 -68.1796 4.8079 2
201 -13.7657 34.0685 26.4305 34.7846 4
202 -8.38665 8.47136 -68.1796 4.8079 2
203 -13.7657 34.0685 26.4305 34.7846 4
204 -8.38665 8.47136 -68.1796 4.8079 2
205 -13.7657 34.0685 26.4305 34.7846 4
206 -8.38665 8.47136 -68.1796 4.8079 2
207 RANDOM
208 -13.7657 34.0685 26.4305 34.7846 4
209 -13.7657 34.0685 26.4305 34.7846 4
210 -8.38665 8.47136 -68.1796 4.8079 2
211 -13.7657 34.0685 26.4305 34.7846 4
212 -8.38665 8.47136 -68.1796 4.8079 2
213 -13.7657 34.0685 26.4305 34.7846 4
214 -8.38665 8.47136 -68.1796 4.8079 2
215 -13.7657 34.0685 26.4305 34.7846 4
216 -8.38665 8.47136 -68.1796 4.8079 2
217 -13.7657 34.0685 26.4305 34.7846 4
218 RANDOM
219 -7.1656 5.78541 -75.1754 0.41196 2
220 -16.3843 0.345422 -28.5367 -1.48087 2
221 -13.7657 34.0685 26.4305 34.7846 4
222 RANDOM
223 -16.5459 -12.1302 -28.1735 -21.9164 2
224 -19.7471 -5.93359 -9.18205 -12.2473 2
