0 -344.891 139.373 -589.341 92.398 2
1 RANDOM
2 -341.613 147.257 -596.136 109.66 2
3 -431.709 130.867 -531.084 108.182 2
4 -421.799 118.623 -527.033 85.7549 2
5 -421.722 121.825 -513.505 78.1807 2
6 -358.144 130.025 -571.108 111.636 2
7 -364.199 115.698 -539.246 85.7984 2
8 -369.295 103.02 -533.334 64.0298 2
9 -383.286 105.88 -530.586 63.5986 2
10 -378.237 121.091 -534.378 84.8345 2
11 -338.02 64.2847 -504.729 -11.9272 2
12 -335.395 56.3885 -507.263 -26.5037 2
13 -333.703 56.6795 -516.467 -30.3054 2
14 -301.565 74.9634 -519.402 -13.311 2
15 -294.513 88.0523 -581.913 31.8921 2
16 -292.155 75.5474 -566.164 0.140637 2
17 -302.033 70.2459 -560.127 -17.134 2
18 -290.572 75.9012 -547.364 -18.0659 2
19 -280.02 89.9556 -543.8 28.251 2
20 -277.066 99.5589 -551.201 36.3159 2
21 -282.878 105.562 -550.996 40.6655 2
22 -253.357 117.201 -523.155 35.147 2
23 -197.251 85.1975 -441.137 -44.2983 2
24 -144.984 69.8694 -421.762 -92.3855 2
25 -153.605 72.8035 -430.011 -89.6311 2
26 -151.365 81.9136 -407.181 -88.3982 2
27 -185.718 79.7161 -402.68 -89.2732 2
28 -113.372 54.5716 -370.426 -148.926 2
29 -79.9012 47.1441 -349.048 -168.8 2
30 -44.6907 62.5769 -291.396 -163.591 2
31 -236.734 85.5279 -357.692 -47.2444 2
32 -149.158 66.7932 -302.129 -102.08 2
33 -140.192 58.21 -275.087 -113.635 2
34 -95.013 91.8929 -200.387 -87.657 2
35 -279.493 110.713 -384.372 12.7022 2
36 -254.251 103.147 -346.641 -11.0715 2
37 -225.783 78.1617 -311.382 -48.4065 2
38 -173.904 73.6255 -221.666 -64.9289 2
39 -145.015 -24.0425 -273.924 -161.97 2
40 -128.724 1.77395 -258.521 -139.595 2
41 -104.557 10.3313 -245.776 -139.041 2
42 -57.0826 11.4485 -201.73 -152.312 2
43 -88.1638 0.867459 -205.289 -146.459 2
44 -65.844 9.58841 -201.033 -148.077 2
45 -47.1824 14.6856 -199.23 -150.741 2
46 33.1506 22.9292 -129.308 -159.921 1
47 -9.48392 22.9019 -215.216 -163.241 2
