0 18.3967 55.7597 29.9164 57.4371 4
1 18.3967 55.7597 29.9164 57.4371 4
2 RANDOM
3 18.3967 55.7597 29.9164 57.4371 4
4 18.3967 55.7597 29.9164 57.4371 4
5 RANDOM
6 18.3967 55.7597 29.9164 57.4371 4
7 18.3967 55.7597 29.9164 57.4371 4
8 18.3967 55.7597 29.9164 57.4371 4
9 18.3967 55.7597 29.9164 57.4371 4
10 18.3967 55.7597 29.9164 57.4371 4
11 18.3967 55.7597 29.9164 57.4371 4
12 18.3967 55.7597 29.9164 57.4371 4
13 18.3967 55.7597 29.9164 57.4371 4
14 18.3967 55.7597 29.9164 57.4371 4
15 18.3967 55.7597 29.9164 57.4371 4
16 18.3967 55.7597 29.9164 57.4371 4
17 18.3967 55.7597 29.9164 57.4371 4
18 18.3967 55.7597 29.9164 57.4371 4
19 18.3967 55.7597 29.9164 57.4371 4
20 18.3967 55.7597 29.9164 57.4371 4
21 18.3967 55.7597 29.9164 57.4371 4
22 18.3967 55.7597 29.9164 57.4371 4
23 18.3967 55.7597 29.9164 57.4371 4
24 18.3967 55.7597 29.9164 57.4371 4
25 18.3967 55.7597 29.9164 57.4371 4
26 18.3967 55.7597 29.9164 57.4371 4
27 18.3967 55.7597 29.9164 57.4371 4
28 18.3967 55.7597 29.9164 57.4371 4
29 18.3967 55.7597 29.9164 57.4371 4
30 18.3967 55.7597 29.9164 57.4371 4
31 18.3967 55.7597 29.9164 57.4371 4
32 18.3967 55.7597 29.9164 57.4371 4
33 18.3967 55.7597 29.9164 57.4371 4
34 18.3967 55.7597 29.9164 57.4371 4
35 18.3967 55.7597 29.9164 57.4371 4
36 18.3967 55.7597 29.9164 57.4371 4
37 18.3967 55.7597 29.9164 57.4371 4
38 18.3967 55.7597 29.9164 57.4371 4
39 18.3967 55.7597 29.9164 57.4371 4
40 18.3967 55.7597 29.9164 57.4371 4
41 18.3967 55.7597 29.9164 57.4371 4
42 42.3563 139.98 34.5951 150.29 4
43 49.3174 162.342 45.0466 167.404 4
44 57.5068 188.012 57.0976 187.663 2
45 18.7982 68.5539 13.052 84.7056 4
46 57.5068 188.012 57.0976 187.663 2
47 18.7982 68.5539 13.052 84.7056 4
48 57.5068 188.012 57.0976 187.663 2
49 18.7982 68.5539 13.052 84.7056 4
50 57.5068 188.012 57.0976 187.663 2
51 18.7982 68.5539 13.052 84.7056 4
52 57.5068 188.012 57.0976 187.663 2
53 18.7982 68.5539 13.052 84.7056 4
54 57.5068 188.012 57.0976 187.663 2
55 RANDOM
56 17.7782 64.7604 14.5795 78.4964 4
57 49.3174 162.342 45.0466 167.404 4
58 57.5068 188.012 57.0976 187.663 2
59 18.7982 68.5539 13.052 84.7056 4
60 57.5068 188.012 57.0976 187.663 2
61 RANDOM
62 17.7782 64.7604 14.5795 78.4964 4
63 49.3174 162.342 45.0466 167.404 4
64 57.5068 188.012 57.0976 187.663 2
65 18.7982 68.5539 13.052 84.7056 4
66 57.5068 188.012 57.0976 187.663 2
67 18.7982 68.5539 13.052 84.7056 4
68 57.5068 188.012 57.0976 187.663 2
69 18.7982 68.5539 13.052 84.7056 4
70 57.5068 188.012 57.0976 187.663 2
71 18.7982 68.5539 13.052 84.7056 4
72 57.5068 188.012 57.0976 187.663 2
73 18.7982 68.5539 13.052 84.7056 4
74 RANDOM
75 67.4352 217.46 71.7055 210.697 2
76 20.3203 73.6735 11.5361 92.7395 4
77 67.4352 217.46 71.7055 210.697 2
78 20.3203 73.6735 11.5361 92.7395 4
79 67.4352 217.46 71.7055 210.697 2
80 20.3203 73.6735 11.5361 92.7395 4
81 67.4352 217.46 71.7055 210.697 2
82 20.3203 73.6735 11.5361 92.7395 4
83 67.4352 217.46 71.7055 210.697 2
84 20.3203 73.6735 11.5361 92.7395 4
85 67.4352 217.46 71.7055 210.697 2
86 20.3203 73.6735 11.5361 92.7395 4
87 67.4352 217.46 71.7055 210.697 2
88 20.3203 73.6735 11.5361 92.7395 4
89 67.4352 217.46 71.7055 210.697 2
90 20.3203 73.6735 11.5361 92.7395 4
91 67.4352 217.46 71.7055 210.697 2
92 20.3203 73.6735 11.5361 92.7395 4
93 67.4352 217.46 71.7055 210.697 2
94 20.3203 73.6735 11.5361 92.7395 4
95 67.4352 217.46 71.7055 210.697 2
96 20.3203 73.6735 11.5361 92.7395 4
97 67.4352 217.46 71.7055 210.697 2
98 20.3203 73.6735 11.5361 92.7395 4
99 67.4352 217.46 71.7055 210.697 2
100 20.3203 73.6735 11.5361 92.7395 4
101 67.4352 217.46 71.7055 210.697 2
102 20.3203 73.6735 11.5361 92.7395 4
103 67.4352 217.46 71.7055 210.697 2
104 20.3203 73.6735 11.5361 92.7395 4
105 67.4352 217.46 71.7055 210.697 2
106 20.3203 73.6735 11.5361 92.7395 4
107 67.4352 217.46 71.7055 210.697 2
108 20.3203 73.6735 11.5361 92.7395 4
109 67.4352 217.46 71.7055 210.697 2
110 20.3203 73.6735 11.5361 92.7395 4
111 67.4352 217.46 71.7055 210.697 2
112 20.3203 73.6735 11.5361 92.7395 4
113 67.4352 217.46 71.7055 210.697 2
114 RANDOM
115 18.7982 68.5539 13.052 84.7056 4
116 57.5068 188.012 57.0976 187.663 2
117 18.7982 68.5539 13.052 84.7056 4
118 57.5068 188.012 57.0976 187.663 2
119 18.7982 68.5539 13.052 84.7056 4
120 57.5068 188.012 57.0976 187.663 2
121 18.7982 68.5539 13.052 84.7056 4
122 RANDOM
123 67.4352 217.46 71.7055 210.697 2
124 20.3203 73.6735 11.5361 92.7395 4
125 RANDOM
126 29.6498 103.106 13.2057 125.781 4
127 26.6978 93.0035 12.1404 114.793 4
128 26.1475 89.065 14.8472 107.35 4
129 25.5581 85.5578 17.8998 99.3653 4
130 140.415 329.773 220.849 264.894 2
131 RANDOM
132 18.091 55.5216 28.7556 57.6653 4
133 33.1911 105.103 36.5146 106.356 4
134 140.415 329.773 220.849 264.894 2
135 18.3967 55.7597 29.9164 57.4371 4
136 140.415 329.773 220.849 264.894 2
137 18.3967 55.7597 29.9164 57.4371 4
138 140.415 329.773 220.849 264.894 2
139 18.3967 55.7597 29.9164 57.4371 4
140 140.415 329.773 220.849 264.894 2
141 18.3967 55.7597 29.9164 57.4371 4
142 140.415 329.773 220.849 264.894 2
143 18.3967 55.7597 29.9164 57.4371 4
144 140.415 329.773 220.849 264.894 2
145 18.3967 55.7597 29.9164 57.4371 4
146 140.415 329.773 220.849 264.894 2
147 18.3967 55.7597 29.9164 57.4371 4
148 140.415 329.773 220.849 264.894 2
149 18.3967 55.7597 29.9164 57.4371 4
150 140.415 329.773 220.849 264.894 2
151 18.3967 55.7597 29.9164 57.4371 4
152 140.415 329.773 220.849 264.894 2
153 RANDOM
154 RANDOM
155 16.6901 55.155 23.108 60.1788 4
156 32.1292 104.062 31.0163 109.834 4
157 33.1911 105.103 36.5146 106.356 4
158 140.415 329.773 220.849 264.894 2
159 18.3967 55.7597 29.9164 57.4371 4
160 140.415 329.773 220.849 264.894 2
161 18.3967 55.7597 29.9164 57.4371 4
162 RANDOM
163 18.3967 55.7597 29.9164 57.4371 4
164 133.482 323.337 207.011 262.295 2
