0 48.2443 48.2596 47.8993 49.4076 4
1 51.5303 51.5685 50.9952 52.8032 4
2 50.0306 50.0542 49.5815 51.2461 4
3 50.1855 50.2105 49.7273 51.4064 4
4 50.6088 50.6365 50.126 51.8432 4
5 51.3863 51.4198 50.8599 52.6476 4
6 49.6565 49.6802 49.2295 50.8637 4
7 49.9961 50.0222 49.549 51.2142 4
8 50.6919 50.7227 50.2049 51.9327 4
9 51.7454 51.7818 51.1989 53.0191 4
10 50.1575 50.1827 49.7044 51.3782 4
11 50.3033 50.3299 49.8408 51.5293 4
12 50.8854 50.9148 50.3888 52.1287 4
13 51.8341 51.8684 51.2835 53.1068 4
14 RANDOM
15 49.3914 49.4158 48.9795 50.5941 4
16 49.8151 49.8421 49.3782 51.0308 4
17 50.5869 50.6183 50.1055 51.8264 4
18 48.9749 48.9961 48.5907 50.1637 4
19 RANDOM
20 49.4055 49.4316 49.0029 50.6106 4
21 50.3841 50.4181 49.9507 51.621 4
22 48.963 48.9846 48.5844 50.1521 4
23 48.8993 48.9211 48.5236 50.0872 4
24 49.2652 49.2904 48.8781 50.4655 4
25 50.1139 50.1459 49.6985 51.342 4
26 49.5346 49.5601 49.1563 50.7409 4
27 49.8736 49.9023 49.4853 51.0915 4
28 50.44 50.4735 50.0346 51.6768 4
29 51.3143 51.355 50.8807 52.58 4
30 49.6887 49.7127 49.3257 50.8982 4
31 50.1728 50.2018 49.7954 51.3992 4
32 51.0347 51.0712 50.6303 52.2899 4
33 52.2481 52.2947 51.8055 53.5431 4
34 50.3974 50.4245 50.0214 51.6282 4
35 50.3841 50.4118 50.0042 51.6157 4
36 50.8306 50.8623 50.4339 52.0782 4
37 52.2151 52.2571 51.7922 53.5066 4
38 51.435 51.464 51.0334 52.6971 4
39 51.6219 51.6528 51.2139 52.891 4
40 53.0276 53.0683 52.6087 54.3403 4
41 55.6763 55.7358 55.2439 57.07 4
42 55.5323 55.5591 55.0738 56.8951 4
43 55.793 55.8271 55.3389 57.1678 4
44 57.4006 57.4502 56.9465 58.8272 4
45 59.9051 59.9752 59.4464 61.4097 4
46 61.6981 61.7293 61.2278 63.2095 4
47 63.556 63.6021 63.0781 65.1263 4
48 66.3469 66.413 65.8615 68.0027 4
49 70.4051 70.4992 69.9095 72.1837 4
50 75.2881 75.3412 74.7795 77.143 4
51 75.2881 75.3412 74.7795 77.143 4
