0 -270.726 336.289 -760.917 281.258 2
1 -236.419 329.387 -790.119 272.771 2
2 -212.412 339.448 -804.026 279.717 2
3 -352.358 319.425 -641.728 302.767 2
4 -312.828 299.744 -643.193 265.348 2
5 -298.912 313.518 -625.091 263.425 2
6 -201.136 292.471 -678.332 244.177 2
7 -310.048 335.154 -600.004 330.49 2
8 -298.999 307.302 -588.454 292.562 2
9 -287.995 322.81 -574.768 303.7 2
10 -228.223 360.149 -537.543 336.455 2
11 -192.064 268.774 -534.156 217.609 2
12 -166.839 269.534 -527.332 204.711 2
13 -146.345 283.868 -518.715 208.798 2
14 -50.838 346.997 -444.014 258.693 2
15 -190.583 279.406 -633.589 221.613 2
16 -168.67 301.701 -568.56 219.483 2
17 -161.302 333.5 -519.851 236.364 2
18 -75.706 386.89 -424.887 272.317 2
19 -147.007 408.278 -502.07 388.898 2
20 -117.776 438.014 -470.243 402.828 2
21 -93.9945 452.002 -427.469 399.186 2
22 36.6751 480.424 -287.306 385.413 2
23 -7.18912 546.927 -147.069 472.249 2
24 80.931 541.954 -97.8496 421.208 2
25 88.2926 537.696 -99.1914 402.892 2
26 143.186 544.204 -38.5822 380.01 2
27 129.432 551.215 -10.3933 414.551 2
28 245.698 555.396 64.4192 371.57 2
29 273.202 545.171 97.2974 345.818 2
30 384.371 599.948 273.781 365.595 2
31 69.7257 529.423 77.1492 467.068 2
32 219.522 531.883 206.674 411.305 2
33 271.347 561.693 303.677 420.205 2
34 444.532 640.654 527.711 454.321 2
35 -4.31339 563.958 74.2276 545.356 2
36 96.6734 601.803 208.461 549.034 2
37 193.715 631.849 334.391 553.406 2
38 399.268 676.949 582.403 562.03 2
39 225.325 590.081 353.641 520.113 2
40 333.423 606.988 439.44 504.083 2
41 429.357 608.686 502.911 471.668 2
42 589.849 617.064 622.659 429.193 3
43 286.962 544.044 444.667 448.554 2
44 298.312 578.545 379.39 442.054 2
