0 17.1268 47.9425 13.2112 52.6885 4
1 10.9765 51.7184 5.24966 60.0625 4
2 16.4123 50.1546 10.2835 58.1816 4
3 16.044 49.9448 10.0268 58.037 4
4 15.9368 50.5318 9.93511 58.778 4
5 16.3796 52.6354 10.2199 61.1743 4
6 15.777 45.4707 9.84575 52.9974 4
7 15.6086 45.5717 9.67501 53.233 4
8 15.5409 46.3621 9.55017 54.2401 4
9 15.4016 47.4125 9.35721 55.5634 4
10 15.1065 38.8604 9.58624 45.5631 4
11 15.1646 39.3825 9.58759 46.196 4
12 RANDOM
13 14.9648 41.1435 9.25559 48.4656 4
14 14.3664 33.8723 7.57753 39.9281 4
15 13.9466 33.8307 7.19255 40.0013 4
16 13.5458 33.9107 6.7975 40.2282 4
17 13.2593 34.2871 6.45423 40.8094 4
18 13.9178 30.5266 7.92333 35.7552 4
19 13.6239 30.7237 7.59426 36.1048 4
20 13.336 31.2236 7.21541 36.8382 4
21 13.1474 32.1492 6.88635 38.0791 4
22 10.7885 26.6393 5.92052 32.0243 4
23 10.5124 26.635 5.69225 32.1103 4
24 10.2631 27.09 5.42384 32.7429 4
25 10.051 27.9945 5.16421 33.9165 4
26 11.1946 26.0197 5.7991 30.2291 4
27 11.1635 26.0641 5.76166 30.3267 4
28 11.1572 26.5882 5.6548 31.0241 4
29 11.3376 27.8549 5.58157 32.6358 4
30 11.9788 24.048 6.24441 27.9492 4
31 12.2363 24.4479 6.36973 28.4292 4
32 12.6243 25.3309 6.4734 29.5112 4
33 RANDOM
34 14.9685 21.1994 10.718 23.1867 4
35 15.5849 22.3016 10.822 24.7183 4
36 16.3719 23.8072 10.934 26.7241 4
37 17.394 25.7382 11.0544 29.2719 4
38 17.2428 22.51 13.4678 23.7189 4
39 17.678 22.8605 13.8898 23.9194 4
40 17.437 22.8609 13.3178 24.0403 4
41 18.0594 24.0304 13.2977 25.6015 4
42 RANDOM
43 19.4223 20.0004 22.6845 17.6693 3
44 21.3198 21.5602 24.9912 19.6219 3
45 RANDOM
46 RANDOM
47 43.791 40.6455 47.4281 43.7615 3
48 48.0355 44.6071 51.2013 48.3092 3
49 49.7136 46.1757 52.7915 50.2208 3
50 49.4644 45.9199 52.3996 49.7152 3
51 50.4622 47.2693 54.1739 51.0223 3
52 53.169 49.8658 57.168 54.7762 3
53 53.9565 50.4514 58.1093 56.127 3
54 54.4701 50.8559 58.664 56.4419 3
55 52.1705 49.6649 57.0921 54.7073 3
56 51.1607 48.7323 56.323 54.266 3
57 RANDOM
58 50.7019 48.2631 56.3269 54.056 3
59 52.6832 49.9926 57.1421 55.2043 3
60 52.5427 49.8373 57.0031 55.2682 3
61 52.4553 49.7056 56.9784 55.2911 3
62 52.3102 49.5314 57.0066 55.2611 3
63 53.2032 50.1143 57.2067 54.9732 3
64 53.2888 50.2157 57.158 55.033 3
65 53.1225 49.9949 56.9609 54.9075 3
66 52.9532 49.7644 56.9846 54.8486 3
67 54.4306 50.6614 60.1028 57.1789 3
68 54.7769 50.8671 60.3689 57.5693 3
69 54.9124 50.9039 60.6456 57.8841 3
70 55.1005 51.0022 60.9286 58.2141 3
71 55.9144 54.3922 65.1566 61.542 3
72 55.9276 54.5356 65.1107 61.5683 3
73 RANDOM
74 56.3703 54.9291 65.982 62.7117 3
75 56.2471 57.2779 65.6144 62.9525 3
76 55.9277 57.1383 64.902 62.3605 3
77 56.0933 57.4651 64.8955 62.4878 3
78 56.7298 58.2177 65.8949 63.3405 3
79 58.2817 59.3263 66.7148 65.3439 3
80 58.0465 59.2789 66.0925 64.6086 3
81 58.1493 59.4495 66.2103 64.748 3
82 58.0887 59.5454 66.6541 65.0814 3
83 56.947 58.6097 64.2106 62.4259 3
84 55.5357 57.3615 62.0547 60.4987 3
85 54.6662 56.6185 60.7869 59.5209 3
86 54.7854 56.7349 61.0852 59.6797 3
87 55.8447 56.259 59.676 58.7809 3
88 54.41 55.2577 57.9801 57.4052 3
89 RANDOM
90 54.547 56.2396 59.087 58.4156 3
91 56.4144 57.6144 59.2849 60.1742 4
92 61.0725 64.5963 66.6917 68.0693 4
