0 -3.04343 30.5018 5.65523 30.6536 4
1 -3.04343 30.5018 5.65523 30.6536 4
2 -3.04343 30.5018 5.65523 30.6536 4
3 -3.04343 30.5018 5.65523 30.6536 4
4 -3.04343 30.5018 5.65523 30.6536 4
5 -3.04343 30.5018 5.65523 30.6536 4
6 -3.04343 30.5018 5.65523 30.6536 4
7 -3.04343 30.5018 5.65523 30.6536 4
8 -3.04343 30.5018 5.65523 30.6536 4
9 -3.04343 30.5018 5.65523 30.6536 4
10 -3.04343 30.5018 5.65523 30.6536 4
11 -3.04343 30.5018 5.65523 30.6536 4
12 -3.04343 30.5018 5.65523 30.6536 4
13 -3.04343 30.5018 5.65523 30.6536 4
14 -3.04343 30.5018 5.65523 30.6536 4
15 -3.04343 30.5018 5.65523 30.6536 4
16 -3.04343 30.5018 5.65523 30.6536 4
17 -3.04343 30.5018 5.65523 30.6536 4
18 -3.04343 30.5018 5.65523 30.6536 4
19 -3.04343 30.5018 5.65523 30.6536 4
20 -3.04343 30.5018 5.65523 30.6536 4
21 -3.04343 30.5018 5.65523 30.6536 4
22 -3.04343 30.5018 5.65523 30.6536 4
23 -3.04343 30.5018 5.65523 30.6536 4
24 -3.04343 30.5018 5.65523 30.6536 4
25 -3.04343 30.5018 5.65523 30.6536 4
26 -3.04343 30.5018 5.65523 30.6536 4
27 -3.04343 30.5018 5.65523 30.6536 4
28 -3.04343 30.5018 5.65523 30.6536 4
29 -3.04343 30.5018 5.65523 30.6536 4
30 -3.04343 30.5018 5.65523 30.6536 4
31 -3.04343 30.5018 5.65523 30.6536 4
32 -3.04343 30.5018 5.65523 30.6536 4
33 -3.04343 30.5018 5.65523 30.6536 4
34 -3.04343 30.5018 5.65523 30.6536 4
35 -3.04343 30.5018 5.65523 30.6536 4
36 -3.04343 30.5018 5.65523 30.6536 4
37 -3.04343 30.5018 5.65523 30.6536 4
38 -3.04343 30.5018 5.65523 30.6536 4
39 -3.04343 30.5018 5.65523 30.6536 4
40 -3.04343 30.5018 5.65523 30.6536 4
41 -3.04343 30.5018 5.65523 30.6536 4
42 22.5895 29.9083 -76.1316 47.9518 4
43 25.4861 31.956 -81.8882 47.5328 4
44 28.4158 33.5275 -89.8915 46.0388 4
45 32.3109 35.9831 -99.0115 44.5691 4
46 16.7632 24.3121 -64.5292 45.735 4
47 15.0655 21.7649 -59.0574 41.8582 4
48 13.8511 20.3284 -54.2811 39.6131 4
49 12.6673 19.3521 -49.2239 37.7707 4
50 30.5411 29.8495 -65.7042 24.7894 1
51 -3.04343 30.5018 5.65523 30.6536 4
52 32.2618 33.3475 -75.891 30.1711 2
