0 -6.99463 25.1645 13.3064 26.0719 4
1 -6.99463 25.1645 13.3064 26.0719 4
2 -6.99463 25.1645 13.3064 26.0719 4
3 -6.99463 25.1645 13.3064 26.0719 4
4 -6.99463 25.1645 13.3064 26.0719 4
5 RANDOM
6 -6.99463 25.1645 13.3064 26.0719 4
7 -6.99463 25.1645 13.3064 26.0719 4
8 -6.99463 25.1645 13.3064 26.0719 4
9 -6.99463 25.1645 13.3064 26.0719 4
10 -6.99463 25.1645 13.3064 26.0719 4
11 -6.99463 25.1645 13.3064 26.0719 4
12 -6.99463 25.1645 13.3064 26.0719 4
13 -6.99463 25.1645 13.3064 26.0719 4
14 -6.99463 25.1645 13.3064 26.0719 4
15 -6.99463 25.1645 13.3064 26.0719 4
16 -6.99463 25.1645 13.3064 26.0719 4
17 -6.99463 25.1645 13.3064 26.0719 4
18 -6.99463 25.1645 13.3064 26.0719 4
19 RANDOM
20 -6.99463 25.1645 13.3064 26.0719 4
21 -6.99463 25.1645 13.3064 26.0719 4
22 -6.99463 25.1645 13.3064 26.0719 4
23 -6.99463 25.1645 13.3064 26.0719 4
24 -6.99463 25.1645 13.3064 26.0719 4
25 -6.99463 25.1645 13.3064 26.0719 4
26 -6.99463 25.1645 13.3064 26.0719 4
27 RANDOM
28 -6.99463 25.1645 13.3064 26.0719 4
29 -6.99463 25.1645 13.3064 26.0719 4
30 -6.99463 25.1645 13.3064 26.0719 4
31 -6.99463 25.1645 13.3064 26.0719 4
32 -6.99463 25.1645 13.3064 26.0719 4
33 -6.99463 25.1645 13.3064 26.0719 4
34 -6.99463 25.1645 13.3064 26.0719 4
35 -6.99463 25.1645 13.3064 26.0719 4
36 -6.99463 25.1645 13.3064 26.0719 4
37 -6.99463 25.1645 13.3064 26.0719 4
38 -6.99463 25.1645 13.3064 26.0719 4
39 -6.99463 25.1645 13.3064 26.0719 4
40 -6.99463 25.1645 13.3064 26.0719 4
41 -6.99463 25.1645 13.3064 26.0719 4
42 -19.7846 26.6179 -15.9159 66.0604 4
43 -21.3219 29.1513 -15.1872 68.2814 4
44 -24.0678 31.9225 -14.6009 70.2956 4
45 -27.4853 34.7904 -13.8303 72.1488 4
46 -16.8834 24.4413 -16.7835 63.6292 4
47 -15.9057 21.496 -14.5549 57.8007 4
48 -14.5897 19.8035 -12.1626 53.6549 4
49 -13.2163 18.2351 -9.67368 49.5485 4
50 -11.5152 23.0141 21.1078 25.3152 4
51 -11.5152 23.0141 21.1078 25.3152 4
