0 637.63 772.557 660.786 662.084 2
1 690.76 856.004 716.058 748.401 2
2 749.649 950.427 781.975 864.026 2
3 RANDOM
4 670.161 803.113 701.126 691.229 2
5 753.737 949.67 790.478 877.978 2
6 875.182 1141.43 912.237 1118.88 2
7 899.009 1133.5 972.96 1085.06 2
8 900.508 1155.68 971.531 1119.61 2
9 909.656 1186.07 981.534 1161.53 2
10 914.321 1183.31 977.72 1171.09 2
11 860.182 1097.46 918.59 1059.96 2
12 852.179 1101.43 906.836 1075.95 2
13 855.766 1122.36 909.218 1109.68 2
14 863.742 1127.52 909.397 1127.15 2
15 820.894 1040.12 855.718 1016.19 2
16 813.216 1045.27 847.351 1029.83 2
17 819.355 1073.45 854.448 1071.79 2
18 843.474 1106.82 876.381 1119.32 4
19 886.25 1051.81 938.378 1002.7 2
20 843.474 1106.82 876.381 1119.32 4
21 886.25 1051.81 938.378 1002.7 2
22 843.474 1106.82 876.381 1119.32 4
23 886.25 1051.81 938.378 1002.7 2
24 843.474 1106.82 876.381 1119.32 4
25 886.25 1051.81 938.378 1002.7 2
26 843.474 1106.82 876.381 1119.32 4
27 886.25 1051.81 938.378 1002.7 2
28 843.474 1106.82 876.381 1119.32 4
29 886.25 1051.81 938.378 1002.7 2
30 843.474 1106.82 876.381 1119.32 4
31 886.25 1051.81 938.378 1002.7 2
32 843.474 1106.82 876.381 1119.32 4
33 886.25 1051.81 938.378 1002.7 2
34 843.474 1106.82 876.381 1119.32 4
35 886.25 1051.81 938.378 1002.7 2
36 843.474 1106.82 876.381 1119.32 4
37 886.25 1051.81 938.378 1002.7 2
38 843.474 1106.82 876.381 1119.32 4
39 886.25 1051.81 938.378 1002.7 2
40 873.348 1149.43 906.441 1168.48 4
41 905.958 1072.6 957.997 1025.06 2
42 873.348 1149.43 906.441 1168.48 4
43 905.958 1072.6 957.997 1025.06 2
44 873.348 1149.43 906.441 1168.48 4
45 905.958 1072.6 957.997 1025.06 2
46 873.348 1149.43 906.441 1168.48 4
47 RANDOM
48 908.663 1054.29 962.504 997.063 2
49 853.094 1101.51 882.198 1105.03 4
50 908.663 1054.29 962.504 997.063 2
51 853.094 1101.51 882.198 1105.03 4
52 908.663 1054.29 962.504 997.063 2
53 853.094 1101.51 882.198 1105.03 4
54 908.663 1054.29 962.504 997.063 2
55 853.094 1101.51 882.198 1105.03 4
56 908.663 1054.29 962.504 997.063 2
57 853.094 1101.51 882.198 1105.03 4
58 908.663 1054.29 962.504 997.063 2
59 853.094 1101.51 882.198 1105.03 4
60 908.663 1054.29 962.504 997.063 2
61 853.094 1101.51 882.198 1105.03 4
62 908.663 1054.29 962.504 997.063 2
63 853.094 1101.51 882.198 1105.03 4
64 908.663 1054.29 962.504 997.063 2
65 853.094 1101.51 882.198 1105.03 4
66 908.663 1054.29 962.504 997.063 2
67 853.094 1101.51 882.198 1105.03 4
68 908.663 1054.29 962.504 997.063 2
69 853.094 1101.51 882.198 1105.03 4
70 908.663 1054.29 962.504 997.063 2
71 853.094 1101.51 882.198 1105.03 4
72 908.663 1054.29 962.504 997.063 2
73 853.094 1101.51 882.198 1105.03 4
74 908.663 1054.29 962.504 997.063 2
75 853.094 1101.51 882.198 1105.03 4
76 908.663 1054.29 962.504 997.063 2
77 853.094 1101.51 882.198 1105.03 4
78 908.663 1054.29 962.504 997.063 2
79 853.094 1101.51 882.198 1105.03 4
80 908.663 1054.29 962.504 997.063 2
81 853.094 1101.51 882.198 1105.03 4
82 908.663 1054.29 962.504 997.063 2
83 853.094 1101.51 882.198 1105.03 4
84 908.663 1054.29 962.504 997.063 2
85 853.094 1101.51 882.198 1105.03 4
86 908.663 1054.29 962.504 997.063 2
87 853.094 1101.51 882.198 1105.03 4
88 908.663 1054.29 962.504 997.063 2
89 853.094 1101.51 882.198 1105.03 4
90 908.663 1054.29 962.504 997.063 2
91 853.094 1101.51 882.198 1105.03 4
92 908.663 1054.29 962.504 997.063 2
93 853.094 1101.51 882.198 1105.03 4
94 908.663 1054.29 962.504 997.063 2
95 853.094 1101.51 882.198 1105.03 4
96 908.663 1054.29 962.504 997.063 2
97 853.094 1101.51 882.198 1105.03 4
98 908.663 1054.29 962.504 997.063 2
99 853.094 1101.51 882.198 1105.03 4
100 905.295 1073.28 959.437 1021.17 2
101 829.294 1072.24 856.641 1074.54 4
102 905.295 1073.28 959.437 1021.17 2
103 829.294 1072.24 856.641 1074.54 4
104 905.295 1073.28 959.437 1021.17 2
105 829.294 1072.24 856.641 1074.54 4
106 905.295 1073.28 959.437 1021.17 2
107 829.294 1072.24 856.641 1074.54 4
108 RANDOM
109 913.386 1062.07 971.515 999.606 2
110 828.836 1052.59 854.881 1043.94 2
111 829.294 1072.24 856.641 1074.54 4
112 905.295 1073.28 959.437 1021.17 2
113 829.294 1072.24 856.641 1074.54 4
114 905.295 1073.28 959.437 1021.17 2
115 829.294 1072.24 856.641 1074.54 4
116 905.295 1073.28 959.437 1021.17 2
117 829.294 1072.24 856.641 1074.54 4
118 905.295 1073.28 959.437 1021.17 2
119 829.294 1072.24 856.641 1074.54 4
120 905.295 1073.28 959.437 1021.17 2
121 829.294 1072.24 856.641 1074.54 4
122 905.295 1073.28 959.437 1021.17 2
123 829.294 1072.24 856.641 1074.54 4
124 905.295 1073.28 959.437 1021.17 2
125 829.294 1072.24 856.641 1074.54 4
126 905.295 1073.28 959.437 1021.17 2
127 829.294 1072.24 856.641 1074.54 4
128 905.295 1073.28 959.437 1021.17 2
129 829.294 1072.24 856.641 1074.54 4
130 905.295 1073.28 959.437 1021.17 2
131 829.294 1072.24 856.641 1074.54 4
132 905.295 1073.28 959.437 1021.17 2
133 829.294 1072.24 856.641 1074.54 4
134 905.295 1073.28 959.437 1021.17 2
135 829.294 1072.24 856.641 1074.54 4
136 905.295 1073.28 959.437 1021.17 2
137 829.294 1072.24 856.641 1074.54 4
138 905.295 1073.28 959.437 1021.17 2
139 RANDOM
140 848.252 1118.54 879.542 1135.93 4
141 RANDOM
142 905.295 1073.28 959.437 1021.17 2
143 829.294 1072.24 856.641 1074.54 4
144 905.295 1073.28 959.437 1021.17 2
145 829.294 1072.24 856.641 1074.54 4
146 905.295 1073.28 959.437 1021.17 2
147 829.294 1072.24 856.641 1074.54 4
148 905.295 1073.28 959.437 1021.17 2
149 829.294 1072.24 856.641 1074.54 4
150 905.295 1073.28 959.437 1021.17 2
151 829.294 1072.24 856.641 1074.54 4
152 905.295 1073.28 959.437 1021.17 2
153 RANDOM
154 848.252 1118.54 879.542 1135.93 4
155 902.754 1091.61 955.097 1049.3 2
156 848.252 1118.54 879.542 1135.93 4
157 902.754 1091.61 955.097 1049.3 2
158 RANDOM
159 877.405 1113.62 906.974 1127.35 4
160 903.405 1102.86 942.884 1094.79 2
