0 -299.708 118.502 -202.861 58.6964 2
1 -297.968 129.264 -209.435 79.9974 2
2 RANDOM
3 -343.756 141.045 -149.224 102.603 2
4 -344.356 132.951 -143.248 86.3226 2
5 -352.948 134.04 -129.899 79.3119 2
6 -309.437 141.22 -179.474 105.606 2
7 -307.056 129.774 -152.019 85.7093 2
8 -316.633 117.779 -142.42 64.4769 2
9 -327.958 120.531 -138.198 62.4592 2
10 -333.86 121.097 -145.402 66.0447 2
11 -293.518 120.031 -112.861 36.593 2
12 -296.013 116.529 -116.493 26.2178 2
13 -299.651 110.774 -124.738 14.3928 2
14 -284.721 122.423 -131.086 22.1479 2
15 -258.556 137.429 -196.141 66.072 2
16 RANDOM
17 -281.368 117.709 -176.454 21.7758 2
18 -278.157 128.32 -170.833 29.3062 2
19 -261.192 120.758 -182.85 51.2303 2
20 -263.865 125.428 -190.623 51.0892 2
21 -270.868 121.983 -192.162 41.137 2
22 -253.176 119.136 -169.865 23.771 2
23 -236.649 93.2339 -101.437 -36.2921 2
24 -184.933 83.7681 -78.9859 -80.7806 2
25 -182.905 81.0475 -80.7134 -86.8442 2
26 -185.605 82.868 -61.279 -87.8291 2
27 -245.886 78.5364 -79.3171 -77.275 2
28 -195.317 45.1374 -56.0535 -147.516 2
29 -135.256 40.3972 -22.992 -176.243 2
30 -115.683 65.5709 14.5474 -152.721 2
31 -270.372 84.0828 -48.894 -55.3738 2
32 -213.748 67.698 -4.49365 -105.384 2
33 -200.437 89.3792 28.499 -86.8827 2
34 -187.904 116.68 81.4817 -59.7256 2
35 -279.377 102.166 -60.5424 -17.6829 2
36 -268.866 89.4573 -33.2982 -42.9122 2
37 -266.12 83.0658 -8.87094 -54.9969 2
38 -254.197 108.648 60.5128 -34.0134 2
39 -145.549 57.9058 70.6969 -111.231 3
40 -171.269 38.4098 82.4003 -107.684 3
