0 -341.563 189.828 -479.097 130.194 2
1 -333.793 188.962 -487.22 135.883 2
2 -331.118 202.428 -479.662 146.571 2
3 -431.398 204.582 -392.121 158.992 2
4 -416.043 200.304 -386.288 141.969 2
5 -415.291 202.722 -371.181 133.082 2
6 -349.438 193.912 -436.944 151.163 2
7 -351.695 207.08 -393.912 149.669 2
8 -353.175 199.692 -388.596 133.082 2
9 -367.536 198.846 -387.851 129.956 2
10 -357.126 219.484 -391.754 156.689 2
11 -313.133 163.66 -355.209 58.3307 2
12 -307.531 154.923 -358.4 43.0333 2
13 -304.199 152.79 -367.821 37.8309 2
14 -267.972 169.631 -366.524 52.2943 2
15 -277.165 163.649 -439.909 79.0548 2
16 -269.127 152.13 -420.973 46.9327 2
17 -276.17 149.622 -411.858 32.6414 2
18 -260.388 164.727 -392.527 41.0745 2
19 -257.244 178.777 -392.02 94.0909 2
20 -252.892 187.787 -396.754 100.49 2
21 -255.542 194.548 -394.461 105.191 2
22 -220.557 204.043 -358.729 90.3739 2
23 -158.423 179.389 -261.979 12.5423 2
24 -104.719 168.529 -242.121 -31.5041 2
25 -114.412 171.095 -253.277 -27.8295 2
26 -106.363 185.486 -223.46 -24.3571 2
27 -134.156 173.34 -213.556 -41.3442 2
28 -53.8849 159.739 -168.369 -92.537 2
29 -26.78 159.31 -146.828 -102.75 2
30 13.6219 182.733 -76.0194 -96.0151 2
31 -184.634 195.795 -151.736 22.5255 2
32 -90.8657 186.535 -84.7155 -27.152 2
33 -82.5246 185.7 -56.4906 -30.8005 2
34 -30.6105 231.509 29.5883 0.305505 2
35 -243.591 219.338 -192.854 88.0726 2
36 -207.659 218.427 -147.714 66.8866 2
37 -165.773 207.412 -97.5619 39.5982 2
38 -102.823 226.996 21.2123 40.9776 2
39 -96.353 123.969 -50.7382 -46.9394 2
40 -74.6271 147.857 -28.8339 -32.5649 2
41 -45.5173 159.276 -11.2916 -31.0619 2
42 11.0252 178.939 44.7259 -27.9789 2
43 -35.7585 155.514 31.0104 -29.0573 2
44 -5.56684 170.544 40.8888 -26.6298 2
45 17.4498 182.604 46.2133 -23.7941 2
46 101.526 203.423 128.245 -25.768 2
47 107.923 168.209 -25.809 -96.0219 2
48 95.9151 163.1 -36.2296 -101.014 2
49 53.5545 153.131 -65.3319 -99.4313 2
50 20.3433 152.132 -78.8063 -89.455 2
51 20.3433 152.132 -78.8063 -89.455 2
