0 -340.686 135.582 -729.084 107.428 2
1 -327.729 135.108 -739.153 110.381 2
2 -321.299 148.143 -730.814 118.491 2
3 -448.626 126.931 -628.555 105.103 2
4 -424.647 123.041 -619.405 84.4734 2
5 -418.158 124.84 -604.733 72.1206 2
6 -338.715 113.459 -669.92 82.8723 2
7 -366.792 124.92 -621.817 77.0056 2
8 -364.282 118.58 -620.942 62.5154 2
9 -371.684 122.356 -624.646 68.9751 2
10 -350.666 149.609 -624.288 100.272 2
11 -301.718 87.2484 -589.71 -4.19435 2
12 -291.071 79.0321 -593.207 -18.5249 2
13 -279.559 83.4972 -597.962 -15.844 2
14 -234.652 103.307 -585.676 -5.01076 2
15 -268.701 86.3243 -670.997 11.9895 2
16 -259.256 81.3649 -642.932 -15.0308 2
17 -263.457 83.9383 -627.941 -24.3367 2
18 -229.573 104.519 -594.973 -17.3518 2
19 RANDOM
20 -237.051 117.854 -602.459 44.3911 2
21 -234.604 129.174 -593.409 53.2058 2
22 -180.545 144.406 -545.812 33.2717 2
23 -126.306 129.223 -411.243 -34.4729 2
24 -78.3237 116.952 -396.685 -78.1299 2
25 -83.4661 118.429 -409.496 -78.6948 2
26 -63.4426 124.695 -386.138 -95.3294 2
27 RANDOM
28 RANDOM
29 32.4395 110.064 -290.65 -167.887 2
30 86.054 131.064 -205.776 -180.784 2
31 -112.607 139.955 -281.564 -29.0105 2
32 -9.70971 137.608 -211.174 -80.241 2
33 -2.65429 150.195 -174.811 -75.5632 2
34 66.3711 173.834 -71.0025 -90.0047 2
35 -194.297 177.27 -321.175 58.8601 2
36 -134.191 194.398 -251.102 47.5906 2
37 -78.1872 195.21 -183.019 24.7014 2
38 30.4043 193.074 -43.001 -16.0803 2
39 -31.1846 122.91 -141.902 -40.2883 2
40 13.9819 118.597 -111.27 -69.4519 2
41 59.4263 126.891 -86.6163 -81.1726 2
42 137.248 166.127 -19.8016 -69.5271 2
43 54.4565 125.633 -53.9566 -64.5315 2
44 104.986 154.191 -29.6045 -59.8989 2
45 141.215 169.036 -16.7813 -63.5899 2
46 232.48 212.097 63.0009 -43.4138 1
47 179.402 177.812 -58.0428 -98.2869 1
