0 80.4695 80.8615 76.9314 85.3991 4
1 82.9004 81.8535 75.5563 88.9269 4
2 82.7775 81.0735 77.2427 87.7335 4
3 84.1861 82.4665 78.3785 89.3961 4
4 85.9253 84.1811 79.632 91.5493 4
5 88.2238 86.4985 81.2349 94.5841 4
6 83.7508 82.4446 78.3996 88.9031 4
7 85.4226 84.033 79.7137 90.8711 4
8 87.5059 86.0507 81.3031 93.4967 4
9 90.7312 89.3321 83.7585 97.7758 4
10 94.5274 92.6892 89.8042 101.317 4
11 96.2601 94.2922 91.3219 103.471 4
12 98.4386 96.3265 93.1833 106.164 4
13 101.422 99.1596 95.7038 109.851 4
14 95.3589 93.1934 90.8405 103.329 4
15 96.596 94.3434 91.9076 104.937 4
16 98.7896 96.4084 93.8071 107.656 4
17 102.168 99.5886 96.7468 111.743 4
18 94.867 92.6724 90.8086 102.799 4
19 96.8903 94.5664 92.595 105.334 4
20 100.01 97.4724 95.3309 109.232 4
21 104.989 102.128 99.7419 115.29 4
22 93.7661 91.4443 89.7344 102.485 4
23 95.587 93.132 91.3511 104.768 4
24 98.9043 96.2203 94.313 108.792 4
25 104.113 101.077 98.9469 115.055 4
26 93.0902 91.163 89.8745 100.003 4
27 93.9647 91.956 90.7039 101.326 4
28 RANDOM
29 99.9632 97.5601 96.2465 109.289 4
30 91.2276 88.9349 89.0964 98.8232 4
31 95.203 92.7257 92.98 103.526 4
32 101.059 98.2563 98.5832 110.429 4
33 RANDOM
34 88.497 85.9788 87.7605 97.3724 4
35 93.7443 91.0311 93.0213 103.536 4
36 102.942 99.7018 101.821 114.028 4
37 116.364 112.254 114.378 129.367 4
38 90.9376 88.1957 90.94 102.096 4
39 95.747 92.8608 95.7235 107.761 4
40 105.557 102.187 105.08 118.848 4
41 119.872 115.753 118.581 135.08 4
42 90.0208 87.9511 92.4963 104.397 4
43 96.1692 93.8686 98.5486 111.428 4
44 107.227 104.345 109.111 123.807 4
45 122.814 119.126 123.836 141.244 4
46 94.5558 92.9632 98.3986 112.791 4
47 101.659 99.8917 105.639 121.069 4
48 114.417 112.112 118.24 135.46 4
49 132.366 129.192 135.663 155.456 4
50 123.344 122.322 130.877 151.332 4
51 123.344 122.322 130.877 151.332 4
