0 -0.670641 24.0184 1.82947 25.546 4
1 -0.670641 24.0184 1.82947 25.546 4
2 -0.670641 24.0184 1.82947 25.546 4
3 -0.670641 24.0184 1.82947 25.546 4
4 -0.670641 24.0184 1.82947 25.546 4
5 -0.670641 24.0184 1.82947 25.546 4
6 -0.670641 24.0184 1.82947 25.546 4
7 RANDOM
8 -0.670641 24.0184 1.82947 25.546 4
9 -0.670641 24.0184 1.82947 25.546 4
10 -0.670641 24.0184 1.82947 25.546 4
11 -0.670641 24.0184 1.82947 25.546 4
12 -0.670641 24.0184 1.82947 25.546 4
13 -0.670641 24.0184 1.82947 25.546 4
14 -0.670641 24.0184 1.82947 25.546 4
15 -0.670641 24.0184 1.82947 25.546 4
16 -0.670641 24.0184 1.82947 25.546 4
17 RANDOM
18 -0.670641 24.0184 1.82947 25.546 4
19 RANDOM
20 -0.670641 24.0184 1.82947 25.546 4
21 -0.670641 24.0184 1.82947 25.546 4
22 -0.670641 24.0184 1.82947 25.546 4
23 -0.670641 24.0184 1.82947 25.546 4
24 -0.670641 24.0184 1.82947 25.546 4
25 -0.670641 24.0184 1.82947 25.546 4
26 -0.670641 24.0184 1.82947 25.546 4
27 -0.670641 24.0184 1.82947 25.546 4
28 -0.670641 24.0184 1.82947 25.546 4
29 -0.670641 24.0184 1.82947 25.546 4
30 -0.670641 24.0184 1.82947 25.546 4
31 -0.670641 24.0184 1.82947 25.546 4
32 -0.670641 24.0184 1.82947 25.546 4
33 -0.670641 24.0184 1.82947 25.546 4
34 -0.670641 24.0184 1.82947 25.546 4
35 -0.670641 24.0184 1.82947 25.546 4
36 RANDOM
37 RANDOM
38 -0.670641 24.0184 1.82947 25.546 4
39 -0.670641 24.0184 1.82947 25.546 4
40 -0.670641 24.0184 1.82947 25.546 4
41 -0.670641 24.0184 1.82947 25.546 4
42 11.4559 23.5727 -54.3919 42.3441 4
43 13.4705 26.1058 -57.0289 42.3982 4
44 15.6408 28.7144 -61.1517 41.4292 4
45 18.1041 31.9088 -65.493 41.9464 4
46 8.79531 19.5549 -49.5569 40.7527 4
47 7.67487 17.3119 -44.6573 37.1718 4
48 7.30596 16.3636 -39.9918 35.2412 4
49 6.95673 15.4636 -35.5309 33.4003 4
50 18.018 23.4839 -27.1622 17.7653 2
51 -0.670641 24.0184 1.82947 25.546 4
52 18.018 23.4839 -27.1622 17.7653 2
53 -0.670641 24.0184 1.82947 25.546 4
54 18.018 23.4839 -27.1622 17.7653 2
55 -0.670641 24.0184 1.82947 25.546 4
56 18.018 23.4839 -27.1622 17.7653 2
57 -0.670641 24.0184 1.82947 25.546 4
58 18.018 23.4839 -27.1622 17.7653 2
59 -0.670641 24.0184 1.82947 25.546 4
60 18.018 23.4839 -27.1622 17.7653 2
61 -0.670641 24.0184 1.82947 25.546 4
62 18.018 23.4839 -27.1622 17.7653 2
63 -0.670641 24.0184 1.82947 25.546 4
64 18.018 23.4839 -27.1622 17.7653 2
65 -0.670641 24.0184 1.82947 25.546 4
66 18.018 23.4839 -27.1622 17.7653 2
67 -0.670641 24.0184 1.82947 25.546 4
68 18.018 23.4839 -27.1622 17.7653 2
69 -0.670641 24.0184 1.82947 25.546 4
70 18.018 23.4839 -27.1622 17.7653 2
71 -0.670641 24.0184 1.82947 25.546 4
72 18.018 23.4839 -27.1622 17.7653 2
73 -0.670641 24.0184 1.82947 25.546 4
74 18.018 23.4839 -27.1622 17.7653 2
75 -0.670641 24.0184 1.82947 25.546 4
76 18.018 23.4839 -27.1622 17.7653 2
77 -0.670641 24.0184 1.82947 25.546 4
78 18.018 23.4839 -27.1622 17.7653 2
79 -0.670641 24.0184 1.82947 25.546 4
80 18.018 23.4839 -27.1622 17.7653 2
81 -0.670641 24.0184 1.82947 25.546 4
82 18.018 23.4839 -27.1622 17.7653 2
83 -0.670641 24.0184 1.82947 25.546 4
84 18.018 23.4839 -27.1622 17.7653 2
85 -0.670641 24.0184 1.82947 25.546 4
86 18.018 23.4839 -27.1622 17.7653 2
87 -0.670641 24.0184 1.82947 25.546 4
88 18.018 23.4839 -27.1622 17.7653 2
89 -0.670641 24.0184 1.82947 25.546 4
90 18.018 23.4839 -27.1622 17.7653 2
91 -0.670641 24.0184 1.82947 25.546 4
92 18.018 23.4839 -27.1622 17.7653 2
93 -0.670641 24.0184 1.82947 25.546 4
94 18.018 23.4839 -27.1622 17.7653 2
95 -0.670641 24.0184 1.82947 25.546 4
96 18.018 23.4839 -27.1622 17.7653 2
97 -0.670641 24.0184 1.82947 25.546 4
98 RANDOM
99 -0.670641 24.0184 1.82947 25.546 4
100 18.565 26.4371 -35.7809 22.8975 2
