0 0.377655 24.1029 3.40431 26.1913 4
1 0.377655 24.1029 3.40431 26.1913 4
2 0.377655 24.1029 3.40431 26.1913 4
3 0.377655 24.1029 3.40431 26.1913 4
4 0.377655 24.1029 3.40431 26.1913 4
5 0.377655 24.1029 3.40431 26.1913 4
6 0.377655 24.1029 3.40431 26.1913 4
7 0.377655 24.1029 3.40431 26.1913 4
8 0.377655 24.1029 3.40431 26.1913 4
9 0.377655 24.1029 3.40431 26.1913 4
10 0.377655 24.1029 3.40431 26.1913 4
11 0.377655 24.1029 3.40431 26.1913 4
12 0.377655 24.1029 3.40431 26.1913 4
13 RANDOM
14 0.377655 24.1029 3.40431 26.1913 4
15 0.377655 24.1029 3.40431 26.1913 4
16 0.377655 24.1029 3.40431 26.1913 4
17 0.377655 24.1029 3.40431 26.1913 4
18 0.377655 24.1029 3.40431 26.1913 4
19 0.377655 24.1029 3.40431 26.1913 4
20 0.377655 24.1029 3.40431 26.1913 4
21 0.377655 24.1029 3.40431 26.1913 4
22 0.377655 24.1029 3.40431 26.1913 4
23 0.377655 24.1029 3.40431 26.1913 4
24 0.377655 24.1029 3.40431 26.1913 4
25 0.377655 24.1029 3.40431 26.1913 4
26 0.377655 24.1029 3.40431 26.1913 4
27 0.377655 24.1029 3.40431 26.1913 4
28 0.377655 24.1029 3.40431 26.1913 4
29 0.377655 24.1029 3.40431 26.1913 4
30 0.377655 24.1029 3.40431 26.1913 4
31 0.377655 24.1029 3.40431 26.1913 4
32 0.377655 24.1029 3.40431 26.1913 4
33 0.377655 24.1029 3.40431 26.1913 4
34 0.377655 24.1029 3.40431 26.1913 4
35 0.377655 24.1029 3.40431 26.1913 4
36 0.377655 24.1029 3.40431 26.1913 4
37 0.377655 24.1029 3.40431 26.1913 4
38 0.377655 24.1029 3.40431 26.1913 4
39 0.377655 24.1029 3.40431 26.1913 4
40 0.377655 24.1029 3.40431 26.1913 4
41 0.377655 24.1029 3.40431 26.1913 4
42 3.55981 23.0784 -43.4679 40.6999 4
43 4.94522 26.1465 -44.8742 41.2279 4
44 6.07939 29.1345 -47.5068 40.5167 4
45 7.34874 32.5385 -50.154 41.4704 4
46 2.45886 19.4245 -40.4648 39.0425 4
47 2.03831 17.3141 -36.0797 35.7021 4
48 2.18277 16.3318 -31.8738 33.8221 4
49 2.31931 15.3563 -27.7503 31.9564 4
50 11.2827 23.859 -11.7323 16.0735 2
51 0.377655 24.1029 3.40431 26.1913 4
52 11.2827 23.859 -11.7323 16.0735 2
53 0.377655 24.1029 3.40431 26.1913 4
54 11.2827 23.859 -11.7323 16.0735 2
55 0.377655 24.1029 3.40431 26.1913 4
56 11.2827 23.859 -11.7323 16.0735 2
57 0.377655 24.1029 3.40431 26.1913 4
58 11.2827 23.859 -11.7323 16.0735 2
59 0.377655 24.1029 3.40431 26.1913 4
60 11.2827 23.859 -11.7323 16.0735 2
61 0.377655 24.1029 3.40431 26.1913 4
62 11.2827 23.859 -11.7323 16.0735 2
63 0.377655 24.1029 3.40431 26.1913 4
64 11.2827 23.859 -11.7323 16.0735 2
65 0.377655 24.1029 3.40431 26.1913 4
66 11.2827 23.859 -11.7323 16.0735 2
67 0.377655 24.1029 3.40431 26.1913 4
68 11.2827 23.859 -11.7323 16.0735 2
69 0.377655 24.1029 3.40431 26.1913 4
70 11.2827 23.859 -11.7323 16.0735 2
71 0.377655 24.1029 3.40431 26.1913 4
72 11.2827 23.859 -11.7323 16.0735 2
73 0.377655 24.1029 3.40431 26.1913 4
74 11.2827 23.859 -11.7323 16.0735 2
75 0.377655 24.1029 3.40431 26.1913 4
76 11.2827 23.859 -11.7323 16.0735 2
77 0.377655 24.1029 3.40431 26.1913 4
78 11.2827 23.859 -11.7323 16.0735 2
79 0.377655 24.1029 3.40431 26.1913 4
80 11.2827 23.859 -11.7323 16.0735 2
81 0.377655 24.1029 3.40431 26.1913 4
82 11.2827 23.859 -11.7323 16.0735 2
83 0.377655 24.1029 3.40431 26.1913 4
84 11.2827 23.859 -11.7323 16.0735 2
85 0.377655 24.1029 3.40431 26.1913 4
86 11.2827 23.859 -11.7323 16.0735 2
87 0.377655 24.1029 3.40431 26.1913 4
88 11.2827 23.859 -11.7323 16.0735 2
89 0.377655 24.1029 3.40431 26.1913 4
90 11.2827 23.859 -11.7323 16.0735 2
91 0.377655 24.1029 3.40431 26.1913 4
92 11.2827 23.859 -11.7323 16.0735 2
93 0.377655 24.1029 3.40431 26.1913 4
94 11.2827 23.859 -11.7323 16.0735 2
95 0.377655 24.1029 3.40431 26.1913 4
96 11.2827 23.859 -11.7323 16.0735 2
97 0.377655 24.1029 3.40431 26.1913 4
98 11.2827 23.859 -11.7323 16.0735 2
99 0.377655 24.1029 3.40431 26.1913 4
100 11.2827 23.859 -11.7323 16.0735 2
101 0.377655 24.1029 3.40431 26.1913 4
102 11.2827 23.859 -11.7323 16.0735 2
103 0.377655 24.1029 3.40431 26.1913 4
104 11.2827 23.859 -11.7323 16.0735 2
105 0.377655 24.1029 3.40431 26.1913 4
106 11.2827 23.859 -11.7323 16.0735 2
107 0.377655 24.1029 3.40431 26.1913 4
108 11.2827 23.859 -11.7323 16.0735 2
109 0.377655 24.1029 3.40431 26.1913 4
110 11.2827 23.859 -11.7323 16.0735 2
111 0.377655 24.1029 3.40431 26.1913 4
112 11.2827 23.859 -11.7323 16.0735 2
113 0.377655 24.1029 3.40431 26.1913 4
114 11.2827 23.859 -11.7323 16.0735 2
115 0.377655 24.1029 3.40431 26.1913 4
116 11.2827 23.859 -11.7323 16.0735 2
117 0.377655 24.1029 3.40431 26.1913 4
118 11.2827 23.859 -11.7323 16.0735 2
119 0.377655 24.1029 3.40431 26.1913 4
120 11.2827 23.859 -11.7323 16.0735 2
121 0.377655 24.1029 3.40431 26.1913 4
122 11.2827 23.859 -11.7323 16.0735 2
123 0.377655 24.1029 3.40431 26.1913 4
124 11.2827 23.859 -11.7323 16.0735 2
125 0.377655 24.1029 3.40431 26.1913 4
126 11.2827 23.859 -11.7323 16.0735 2
127 RANDOM
128 0.377655 24.1029 3.40431 26.1913 4
129 3.65506 15.3499 -23.3365 28.4162 4
130 11.2827 23.859 -11.7323 16.0735 2
131 0.377655 24.1029 3.40431 26.1913 4
132 11.2827 23.859 -11.7323 16.0735 2
133 0.377655 24.1029 3.40431 26.1913 4
134 11.2827 23.859 -11.7323 16.0735 2
135 0.377655 24.1029 3.40431 26.1913 4
136 11.2827 23.859 -11.7323 16.0735 2
137 0.377655 24.1029 3.40431 26.1913 4
138 11.2827 23.859 -11.7323 16.0735 2
139 0.377655 24.1029 3.40431 26.1913 4
140 11.2827 23.859 -11.7323 16.0735 2
141 0.377655 24.1029 3.40431 26.1913 4
142 11.2827 23.859 -11.7323 16.0735 2
143 0.377655 24.1029 3.40431 26.1913 4
144 11.2827 23.859 -11.7323 16.0735 2
145 0.377655 24.1029 3.40431 26.1913 4
146 11.2827 23.859 -11.7323 16.0735 2
147 0.377655 24.1029 3.40431 26.1913 4
148 11.2827 23.859 -11.7323 16.0735 2
149 0.377655 24.1029 3.40431 26.1913 4
150 11.2827 23.859 -11.7323 16.0735 2
151 0.377655 24.1029 3.40431 26.1913 4
152 11.2827 23.859 -11.7323 16.0735 2
153 0.377655 24.1029 3.40431 26.1913 4
154 11.2827 23.859 -11.7323 16.0735 2
155 0.377655 24.1029 3.40431 26.1913 4
156 11.2827 23.859 -11.7323 16.0735 2
157 0.377655 24.1029 3.40431 26.1913 4
158 11.2827 23.859 -11.7323 16.0735 2
159 RANDOM
160 0.377655 24.1029 3.40431 26.1913 4
161 3.65506 15.3499 -23.3365 28.4162 4
162 11.2827 23.859 -11.7323 16.0735 2
163 0.377655 24.1029 3.40431 26.1913 4
164 11.2827 23.859 -11.7323 16.0735 2
165 0.377655 24.1029 3.40431 26.1913 4
166 11.2827 23.859 -11.7323 16.0735 2
167 0.377655 24.1029 3.40431 26.1913 4
168 11.2827 23.859 -11.7323 16.0735 2
169 0.377655 24.1029 3.40431 26.1913 4
170 11.2827 23.859 -11.7323 16.0735 2
171 0.377655 24.1029 3.40431 26.1913 4
172 11.2827 23.859 -11.7323 16.0735 2
173 0.377655 24.1029 3.40431 26.1913 4
174 11.2827 23.859 -11.7323 16.0735 2
175 0.377655 24.1029 3.40431 26.1913 4
176 11.2827 23.859 -11.7323 16.0735 2
177 0.377655 24.1029 3.40431 26.1913 4
178 11.2827 23.859 -11.7323 16.0735 2
179 0.377655 24.1029 3.40431 26.1913 4
180 11.2827 23.859 -11.7323 16.0735 2
181 0.377655 24.1029 3.40431 26.1913 4
182 11.2827 23.859 -11.7323 16.0735 2
183 0.377655 24.1029 3.40431 26.1913 4
184 11.2827 23.859 -11.7323 16.0735 2
185 0.377655 24.1029 3.40431 26.1913 4
186 11.2827 23.859 -11.7323 16.0735 2
187 0.377655 24.1029 3.40431 26.1913 4
188 11.2827 23.859 -11.7323 16.0735 2
189 0.377655 24.1029 3.40431 26.1913 4
190 11.2827 23.859 -11.7323 16.0735 2
191 0.377655 24.1029 3.40431 26.1913 4
192 11.2827 23.859 -11.7323 16.0735 2
193 0.377655 24.1029 3.40431 26.1913 4
194 11.2827 23.859 -11.7323 16.0735 2
195 0.377655 24.1029 3.40431 26.1913 4
196 11.2827 23.859 -11.7323 16.0735 2
197 0.377655 24.1029 3.40431 26.1913 4
198 11.2827 23.859 -11.7323 16.0735 2
199 0.377655 24.1029 3.40431 26.1913 4
200 11.2827 23.859 -11.7323 16.0735 2
201 0.377655 24.1029 3.40431 26.1913 4
202 11.2827 23.859 -11.7323 16.0735 2
203 0.377655 24.1029 3.40431 26.1913 4
204 11.2827 23.859 -11.7323 16.0735 2
205 0.377655 24.1029 3.40431 26.1913 4
206 11.2827 23.859 -11.7323 16.0735 2
207 0.377655 24.1029 3.40431 26.1913 4
208 11.2827 23.859 -11.7323 16.0735 2
209 0.377655 24.1029 3.40431 26.1913 4
210 11.2827 23.859 -11.7323 16.0735 2
211 0.377655 24.1029 3.40431 26.1913 4
212 11.2827 23.859 -11.7323 16.0735 2
213 0.377655 24.1029 3.40431 26.1913 4
214 RANDOM
215 0.377655 24.1029 3.40431 26.1913 4
216 10.4297 25.7724 -19.4373 19.9384 2
