0 -263.68 318.419 -689.483 276.961 2
1 -249.709 316.656 -700.624 278.194 2
2 -242.676 331.175 -693.738 288.647 2
3 -367.842 313.694 -581.63 274.946 2
4 -343.54 308.479 -573.595 252.892 2
5 -338.167 307.135 -559.95 238.066 2
6 -256.919 298.644 -624.619 249.945 2
7 RANDOM
8 -284.285 306.365 -575.483 233.371 2
9 -290.806 310.56 -578.665 240.203 2
10 -268.734 337.646 -577.45 270.754 2
11 -220.03 275.269 -543.532 166.158 2
12 -208.262 267.716 -546.476 152.475 2
13 -196.277 273.667 -548.358 155.982 2
14 -149.446 293.929 -534.813 166.307 2
15 -188.883 277.249 -623.016 184.022 2
16 -177.972 274.54 -592.15 159.292 2
17 -181.939 278.531 -575.887 151.465 2
18 -145.768 297.874 -537.112 154.21 2
19 -176.242 295.026 -556.25 212.467 2
20 RANDOM
21 -153.271 324.601 -538.779 230.944 2
22 -96.892 339.217 -486.395 206.996 2
23 -46.5678 323.315 -348.171 140.987 2
24 4.87017 311.27 -331.969 95.8132 2
25 0.337946 311.824 -344.937 93.3886 2
26 19.074 315.931 -323.736 73.851 2
27 12.2208 290.223 -290.558 39.998 2
28 111.086 293.585 -239.07 -2.53982 2
29 117.815 302.396 -225.798 1.55759 2
30 174.297 323.83 -137.081 -13.5491 2
31 -26.7163 334.498 -211.708 147.248 2
32 79.5674 333.56 -138.683 94.6701 2
33 88.1189 349.35 -98.4882 101.595 2
34 162.768 377.334 11.2579 87.2251 2
35 -107.627 373.741 -247.567 237.799 2
36 -43.0327 395.254 -173.0 229.486 2
37 14.3179 403.544 -99.556 213.431 2
38 130.648 408.812 47.4601 177.182 2
39 61.4249 342.987 -54.9332 160.65 2
40 109.615 338.93 -23.1505 130.227 2
41 164.995 336.315 4.93397 102.734 2
42 245.036 380.993 73.2347 116.864 2
43 160.24 336.602 39.1122 121.75 2
44 212.886 367.189 64.704 126.51 2
45 249.667 384.81 78.0538 124.714 2
46 343.88 433.651 158.954 147.715 2
47 337.16 374.529 6.08875 57.476 2
48 322.765 371.135 -10.2132 51.5429 2
49 256.461 373.698 -52.9886 71.3198 2
50 220.253 371.391 -74.2057 76.6999 2
51 220.253 371.391 -74.2057 76.6999 2
