0 -68.0042 371.216 -384.516 297.784 2
1 -64.8827 361.329 -397.327 296.294 2
2 -64.7852 373.452 -391.295 307.425 2
3 -141.041 377.687 -306.946 328.028 2
4 -133.263 361.356 -304.329 300.801 2
5 -133.065 366.902 -291.191 294.937 2
6 RANDOM
7 -80.1117 351.634 -321.036 292.816 2
8 -85.6283 337.089 -314.882 269.95 2
9 -95.9718 347.739 -311.489 276.776 2
10 -94.3885 352.766 -316.402 288.862 2
11 -49.63 300.715 -280.557 195.772 2
12 -46.3775 293.069 -282.923 181.786 2
13 -44.8683 290.809 -292.1 176.026 2
14 -11.9947 305.873 -294.626 189.856 2
15 -12.295 313.834 -365.687 229.876 2
16 RANDOM
17 -16.5033 296.569 -339.781 181.311 2
18 -4.26059 301.256 -324.074 178.892 2
19 4.3566 313.44 -324.535 224.211 2
20 RANDOM
21 1.22379 327.373 -330.459 234.609 2
22 34.1674 339.13 -297.167 227.263 2
23 94.4023 316.826 -207.138 157.456 2
24 152.218 305.783 -185.138 112.975 2
25 143.495 307.603 -194.696 114.313 2
26 148.694 321.331 -168.069 120.35 2
27 113.804 314.218 -163.724 113.259 2
28 192.587 296.762 -124.051 60.5358 2
29 226.81 292.653 -99.492 44.5366 2
30 268.08 315.539 -32.0075 55.8561 2
31 64.8383 324.275 -109.678 160.889 2
32 159.286 314.686 -44.7882 113.666 2
33 RANDOM
34 225.032 354.27 69.2017 141.547 2
35 16.0465 347.545 -141.127 219.19 2
36 47.0065 344.235 -97.1289 198.694 2
37 85.5248 327.663 -54.3025 169.559 2
38 149.77 342.042 52.8853 172.154 2
39 RANDOM
40 185.403 267.716 9.92898 97.5534 2
41 212.65 278.236 25.3477 99.5742 2
42 267.249 293.239 77.261 101.114 2
43 RANDOM
44 255.048 287.867 75.8733 102.973 2
45 276.47 297.69 79.7105 104.614 2
46 364.729 314.977 159.454 103.179 1
47 314.506 302.118 63.0999 84.9789 1
