0 3679.28 3972.71 3809.19 3790.21 2
1 3855.23 4190.47 3974.74 4101.87 2
2 4032.35 4422.38 4164.15 4429.62 4
3 3780.04 4151.46 3991.91 3837.4 2
4 4032.35 4422.38 4164.15 4429.62 4
5 3780.04 4151.46 3991.91 3837.4 2
6 4032.35 4422.38 4164.15 4429.62 4
7 3780.04 4151.46 3991.91 3837.4 2
8 4032.35 4422.38 4164.15 4429.62 4
9 RANDOM
10 3621.12 3932.77 3834.94 3558.88 2
11 3855.23 4190.47 3974.74 4101.87 2
12 4032.35 4422.38 4164.15 4429.62 4
13 3780.04 4151.46 3991.91 3837.4 2
14 4032.35 4422.38 4164.15 4429.62 4
15 3780.04 4151.46 3991.91 3837.4 2
16 4032.35 4422.38 4164.15 4429.62 4
17 RANDOM
18 3621.12 3932.77 3834.94 3558.88 2
19 3855.23 4190.47 3974.74 4101.87 2
20 4032.35 4422.38 4164.15 4429.62 4
21 3780.04 4151.46 3991.91 3837.4 2
22 4032.35 4422.38 4164.15 4429.62 4
23 3780.04 4151.46 3991.91 3837.4 2
24 4032.35 4422.38 4164.15 4429.62 4
25 3780.04 4151.46 3991.91 3837.4 2
26 4032.35 4422.38 4164.15 4429.62 4
27 3780.04 4151.46 3991.91 3837.4 2
28 4032.35 4422.38 4164.15 4429.62 4
29 3780.04 4151.46 3991.91 3837.4 2
30 4032.35 4422.38 4164.15 4429.62 4
31 3780.04 4151.46 3991.91 3837.4 2
32 4032.35 4422.38 4164.15 4429.62 4
33 3780.04 4151.46 3991.91 3837.4 2
34 4032.35 4422.38 4164.15 4429.62 4
35 3780.04 4151.46 3991.91 3837.4 2
36 RANDOM
37 3445.37 3569.0 3530.84 3320.92 2
38 3649.84 3853.56 3736.37 3724.44 2
39 3854.48 4152.86 3966.65 4131.8 2
40 4316.82 4724.32 4431.36 4913.58 4
41 4194.34 4547.65 4343.05 4364.6 2
42 4316.82 4724.32 4431.36 4913.58 4
43 4194.34 4547.65 4343.05 4364.6 2
44 4316.82 4724.32 4431.36 4913.58 4
45 4194.34 4547.65 4343.05 4364.6 2
46 4316.82 4724.32 4431.36 4913.58 4
47 RANDOM
48 3984.65 4293.57 4143.37 4010.61 2
49 4103.75 4423.17 4198.55 4469.72 4
50 3984.65 4293.57 4143.37 4010.61 2
51 4103.75 4423.17 4198.55 4469.72 4
52 3984.65 4293.57 4143.37 4010.61 2
53 4103.75 4423.17 4198.55 4469.72 4
54 3984.65 4293.57 4143.37 4010.61 2
55 4103.75 4423.17 4198.55 4469.72 4
56 RANDOM
57 3803.86 4070.74 3983.94 3692.4 2
58 3907.41 4160.67 3989.19 4091.89 2
59 4103.75 4423.17 4198.55 4469.72 4
60 3984.65 4293.57 4143.37 4010.61 2
61 4103.75 4423.17 4198.55 4469.72 4
62 3984.65 4293.57 4143.37 4010.61 2
63 4103.75 4423.17 4198.55 4469.72 4
64 3984.65 4293.57 4143.37 4010.61 2
65 4103.75 4423.17 4198.55 4469.72 4
66 3984.65 4293.57 4143.37 4010.61 2
67 4103.75 4423.17 4198.55 4469.72 4
68 3984.65 4293.57 4143.37 4010.61 2
69 4103.75 4423.17 4198.55 4469.72 4
70 3984.65 4293.57 4143.37 4010.61 2
71 4103.75 4423.17 4198.55 4469.72 4
72 3984.65 4293.57 4143.37 4010.61 2
73 4103.75 4423.17 4198.55 4469.72 4
74 3984.65 4293.57 4143.37 4010.61 2
75 4103.75 4423.17 4198.55 4469.72 4
76 3984.65 4293.57 4143.37 4010.61 2
77 4103.75 4423.17 4198.55 4469.72 4
78 3984.65 4293.57 4143.37 4010.61 2
79 4103.75 4423.17 4198.55 4469.72 4
80 3984.65 4293.57 4143.37 4010.61 2
81 4103.75 4423.17 4198.55 4469.72 4
82 3984.65 4293.57 4143.37 4010.61 2
83 4103.75 4423.17 4198.55 4469.72 4
84 3984.65 4293.57 4143.37 4010.61 2
85 4103.75 4423.17 4198.55 4469.72 4
86 3984.65 4293.57 4143.37 4010.61 2
87 4103.75 4423.17 4198.55 4469.72 4
88 3984.65 4293.57 4143.37 4010.61 2
89 4103.75 4423.17 4198.55 4469.72 4
90 3984.65 4293.57 4143.37 4010.61 2
91 4103.75 4423.17 4198.55 4469.72 4
92 3984.65 4293.57 4143.37 4010.61 2
93 4103.75 4423.17 4198.55 4469.72 4
94 3984.65 4293.57 4143.37 4010.61 2
95 4103.75 4423.17 4198.55 4469.72 4
96 RANDOM
97 3803.86 4070.74 3983.94 3692.4 2
98 3907.41 4160.67 3989.19 4091.89 2
99 4103.75 4423.17 4198.55 4469.72 4
100 3929.65 4252.4 4099.51 3955.93 2
101 4036.38 4371.88 4146.15 4398.25 4
102 RANDOM
103 3742.99 4019.15 3933.63 3628.35 2
104 RANDOM
105 4036.38 4371.88 4146.15 4398.25 4
106 3929.65 4252.4 4099.51 3955.93 2
107 4036.38 4371.88 4146.15 4398.25 4
108 3929.65 4252.4 4099.51 3955.93 2
109 4036.38 4371.88 4146.15 4398.25 4
110 3929.65 4252.4 4099.51 3955.93 2
111 4036.38 4371.88 4146.15 4398.25 4
112 3929.65 4252.4 4099.51 3955.93 2
113 4036.38 4371.88 4146.15 4398.25 4
114 3929.65 4252.4 4099.51 3955.93 2
115 4036.38 4371.88 4146.15 4398.25 4
116 3929.65 4252.4 4099.51 3955.93 2
117 4036.38 4371.88 4146.15 4398.25 4
118 3929.65 4252.4 4099.51 3955.93 2
119 4036.38 4371.88 4146.15 4398.25 4
120 3929.65 4252.4 4099.51 3955.93 2
121 4036.38 4371.88 4146.15 4398.25 4
122 3929.65 4252.4 4099.51 3955.93 2
123 4036.38 4371.88 4146.15 4398.25 4
124 3929.65 4252.4 4099.51 3955.93 2
125 4036.38 4371.88 4146.15 4398.25 4
126 3929.65 4252.4 4099.51 3955.93 2
127 4036.38 4371.88 4146.15 4398.25 4
128 RANDOM
129 3742.99 4019.15 3933.63 3628.35 2
130 3834.14 4096.15 3927.13 4007.37 2
131 4036.38 4371.88 4146.15 4398.25 4
132 3929.65 4252.4 4099.51 3955.93 2
133 4036.38 4371.88 4146.15 4398.25 4
134 3929.65 4252.4 4099.51 3955.93 2
135 4036.38 4371.88 4146.15 4398.25 4
136 3929.65 4252.4 4099.51 3955.93 2
137 4036.38 4371.88 4146.15 4398.25 4
138 3929.65 4252.4 4099.51 3955.93 2
139 4036.38 4371.88 4146.15 4398.25 4
140 3929.65 4252.4 4099.51 3955.93 2
141 4036.38 4371.88 4146.15 4398.25 4
142 3929.65 4252.4 4099.51 3955.93 2
143 4036.38 4371.88 4146.15 4398.25 4
144 3929.65 4252.4 4099.51 3955.93 2
145 4036.38 4371.88 4146.15 4398.25 4
146 3929.65 4252.4 4099.51 3955.93 2
147 4036.38 4371.88 4146.15 4398.25 4
148 3929.65 4252.4 4099.51 3955.93 2
149 4036.38 4371.88 4146.15 4398.25 4
150 3929.65 4252.4 4099.51 3955.93 2
151 4036.38 4371.88 4146.15 4398.25 4
152 3929.65 4252.4 4099.51 3955.93 2
153 4036.38 4371.88 4146.15 4398.25 4
154 3929.65 4252.4 4099.51 3955.93 2
155 4036.38 4371.88 4146.15 4398.25 4
156 3929.65 4252.4 4099.51 3955.93 2
157 4036.38 4371.88 4146.15 4398.25 4
158 3929.65 4252.4 4099.51 3955.93 2
159 4036.38 4371.88 4146.15 4398.25 4
160 3929.65 4252.4 4099.51 3955.93 2
161 4036.38 4371.88 4146.15 4398.25 4
162 3929.65 4252.4 4099.51 3955.93 2
163 4036.38 4371.88 4146.15 4398.25 4
164 3929.65 4252.4 4099.51 3955.93 2
165 4036.38 4371.88 4146.15 4398.25 4
166 3929.65 4252.4 4099.51 3955.93 2
167 4036.38 4371.88 4146.15 4398.25 4
168 3929.65 4252.4 4099.51 3955.93 2
169 4036.38 4371.88 4146.15 4398.25 4
170 3929.65 4252.4 4099.51 3955.93 2
171 RANDOM
172 4249.72 4673.99 4379.24 4844.96 4
173 4143.0 4512.39 4302.23 4317.78 2
174 4249.72 4673.99 4379.24 4844.96 4
175 4143.0 4512.39 4302.23 4317.78 2
176 4249.72 4673.99 4379.24 4844.96 4
177 4143.0 4512.39 4302.23 4317.78 2
178 4249.72 4673.99 4379.24 4844.96 4
179 4143.0 4512.39 4302.23 4317.78 2
180 4249.72 4673.99 4379.24 4844.96 4
181 4143.0 4512.39 4302.23 4317.78 2
182 4249.72 4673.99 4379.24 4844.96 4
183 4143.0 4512.39 4302.23 4317.78 2
184 4249.72 4673.99 4379.24 4844.96 4
185 4143.0 4512.39 4302.23 4317.78 2
186 4249.72 4673.99 4379.24 4844.96 4
187 4143.0 4512.39 4302.23 4317.78 2
188 4249.72 4673.99 4379.24 4844.96 4
189 RANDOM
190 3929.65 4252.4 4099.51 3955.93 2
191 4036.38 4371.88 4146.15 4398.25 4
192 3929.65 4252.4 4099.51 3955.93 2
193 4036.38 4371.88 4146.15 4398.25 4
194 3929.65 4252.4 4099.51 3955.93 2
195 4036.38 4371.88 4146.15 4398.25 4
196 3929.65 4252.4 4099.51 3955.93 2
197 4036.38 4371.88 4146.15 4398.25 4
198 3929.65 4252.4 4099.51 3955.93 2
199 4036.38 4371.88 4146.15 4398.25 4
200 3929.65 4252.4 4099.51 3955.93 2
201 4036.38 4371.88 4146.15 4398.25 4
202 3929.65 4252.4 4099.51 3955.93 2
203 4036.38 4371.88 4146.15 4398.25 4
204 3929.65 4252.4 4099.51 3955.93 2
205 4036.38 4371.88 4146.15 4398.25 4
206 3929.65 4252.4 4099.51 3955.93 2
207 4036.38 4371.88 4146.15 4398.25 4
208 3929.65 4252.4 4099.51 3955.93 2
209 4036.38 4371.88 4146.15 4398.25 4
210 3929.65 4252.4 4099.51 3955.93 2
211 4036.38 4371.88 4146.15 4398.25 4
212 3929.65 4252.4 4099.51 3955.93 2
213 4036.38 4371.88 4146.15 4398.25 4
214 3929.65 4252.4 4099.51 3955.93 2
215 4036.38 4371.88 4146.15 4398.25 4
216 3929.65 4252.4 4099.51 3955.93 2
217 4036.38 4371.88 4146.15 4398.25 4
218 3929.65 4252.4 4099.51 3955.93 2
219 4036.38 4371.88 4146.15 4398.25 4
220 3929.65 4252.4 4099.51 3955.93 2
221 4036.38 4371.88 4146.15 4398.25 4
222 3929.65 4252.4 4099.51 3955.93 2
223 4036.38 4371.88 4146.15 4398.25 4
224 3929.65 4252.4 4099.51 3955.93 2
225 4036.38 4371.88 4146.15 4398.25 4
226 3929.65 4252.4 4099.51 3955.93 2
227 4036.38 4371.88 4146.15 4398.25 4
228 3929.65 4252.4 4099.51 3955.93 2
229 RANDOM
230 4249.72 4673.99 4379.24 4844.96 4
231 4143.0 4512.39 4302.23 4317.78 2
232 4249.72 4673.99 4379.24 4844.96 4
233 4143.0 4512.39 4302.23 4317.78 2
234 4249.72 4673.99 4379.24 4844.96 4
235 4143.0 4512.39 4302.23 4317.78 2
236 4249.72 4673.99 4379.24 4844.96 4
237 4143.0 4512.39 4302.23 4317.78 2
238 4249.72 4673.99 4379.24 4844.96 4
239 4143.0 4512.39 4302.23 4317.78 2
240 4249.72 4673.99 4379.24 4844.96 4
241 4143.0 4512.39 4302.23 4317.78 2
242 4249.72 4673.99 4379.24 4844.96 4
243 4143.0 4512.39 4302.23 4317.78 2
244 4249.72 4673.99 4379.24 4844.96 4
245 4143.0 4512.39 4302.23 4317.78 2
246 4249.72 4673.99 4379.24 4844.96 4
247 4143.0 4512.39 4302.23 4317.78 2
248 4249.72 4673.99 4379.24 4844.96 4
249 4143.0 4512.39 4302.23 4317.78 2
250 RANDOM
251 4303.76 4702.79 4462.69 4778.97 4
252 4361.59 4786.88 4524.73 4685.49 2
253 4303.76 4702.79 4462.69 4778.97 4
254 4361.59 4786.88 4524.73 4685.49 2
255 4303.76 4702.79 4462.69 4778.97 4
256 4361.59 4786.88 4524.73 4685.49 2
257 4303.76 4702.79 4462.69 4778.97 4
258 4361.59 4786.88 4524.73 4685.49 2
259 4303.76 4702.79 4462.69 4778.97 4
260 4361.59 4786.88 4524.73 4685.49 2
261 4303.76 4702.79 4462.69 4778.97 4
262 4361.59 4786.88 4524.73 4685.49 2
263 4303.76 4702.79 4462.69 4778.97 4
264 4361.59 4786.88 4524.73 4685.49 2
265 4303.76 4702.79 4462.69 4778.97 4
266 RANDOM
267 4143.0 4512.39 4302.23 4317.78 2
268 RANDOM
269 4166.31 4616.83 4300.67 4881.49 4
270 4356.39 4755.58 4509.77 4641.13 2
