0 49.4672 49.7786 47.367 50.9169 4
1 55.0596 55.4192 52.4993 56.7034 4
2 51.6907 52.0165 49.4049 53.2093 4
3 RANDOM
4 52.5859 52.9205 50.2266 54.1371 4
5 53.615 53.9595 51.1723 55.2033 4
6 51.4952 51.824 49.2241 53.015 4
7 51.9299 52.2629 49.623 53.4652 4
8 52.8757 53.2173 50.4912 54.4445 4
9 54.6893 55.0434 52.1587 56.315 4
10 52.2029 52.5319 49.8791 53.7369 4
11 52.564 52.8968 50.21 54.1117 4
12 53.6047 53.9453 51.1666 55.1863 4
13 55.4183 55.7719 52.8368 57.0573 4
14 50.9205 51.2438 48.6984 52.4195 4
15 51.115 51.4399 48.8766 52.6204 4
16 51.6529 51.9812 49.3707 53.1744 4
17 52.6836 53.0203 50.3181 54.2397 4
18 50.9167 51.24 48.7003 52.4152 4
19 51.0458 51.3707 48.8187 52.5496 4
20 51.7248 52.0567 49.4572 53.2514 4
21 53.0154 53.3594 50.6675 54.5843 4
22 50.7647 51.0887 48.5653 52.2605 4
23 50.9054 51.2315 48.6985 52.4066 4
24 51.7046 52.0381 49.4486 53.2318 4
25 RANDOM
26 51.3408 51.6715 49.1186 52.8561 4
27 51.7867 52.1216 49.5367 53.3167 4
28 52.6797 53.0225 50.3736 54.2384 4
29 RANDOM
30 51.5995 51.9348 49.3837 53.1278 4
31 52.4871 52.8309 50.218 54.0443 4
32 53.7997 54.1557 51.4513 55.3991 4
33 55.5677 55.9396 53.1139 57.2231 4
34 52.8808 53.227 50.6033 54.4498 4
35 53.2853 53.6355 50.9842 54.8671 4
36 54.4708 54.8317 52.1003 56.0906 4
37 57.2475 57.6368 54.7442 58.9568 4
38 53.8616 54.214 51.5377 55.4651 4
39 54.372 54.73 52.0245 55.9926 4
40 56.6682 57.0531 54.2347 58.3657 4
41 60.3766 60.805 57.807 62.1978 4
42 59.7061 60.0935 57.1334 61.4823 4
43 61.1649 61.5737 58.5486 62.9906 4
44 64.2452 64.6935 61.5248 66.1743 4
45 68.7948 69.2973 65.9137 70.8746 4
46 66.4053 66.8402 63.6198 68.3712 4
47 69.5685 70.0394 66.673 71.6382 4
48 74.2503 74.7727 71.1949 76.4714 4
49 80.5281 81.119 77.2556 82.9517 4
50 82.5618 83.1121 79.1894 85.0019 4
51 82.5618 83.1121 79.1894 85.0019 4
