0 -7.11707 57.9486 -2.10553 58.8633 4
1 -20.5851 54.6193 -11.9921 60.8237 4
2 -11.6719 58.4078 -6.04468 64.8887 4
3 -12.2037 57.6819 -6.44877 64.2673 4
4 -12.8022 58.0556 -6.8191 64.743 4
5 -13.3884 59.7352 -7.09898 66.5374 4
6 -11.1142 54.3111 -5.95182 60.6961 4
7 -11.6405 54.3563 -6.29003 60.8535 4
8 -12.4367 54.8797 -6.77774 61.508 4
9 -13.3974 55.6635 -7.33133 62.4476 4
10 -7.33655 48.1579 -3.4768 54.256 4
11 -7.52575 48.298 -3.53859 54.459 4
12 -7.87909 48.0724 -3.76809 54.2998 4
13 -8.36804 48.4953 -4.11776 54.8467 4
14 -6.86096 36.3747 -4.91086 43.6634 4
15 -7.39407 36.499 -5.23123 43.8509 4
16 -8.00497 37.0887 -5.61399 44.62 4
17 -8.61825 37.9564 -5.99951 45.7305 4
18 -6.5033 31.0974 -4.89666 37.3158 4
19 -7.03814 31.8329 -5.21447 38.2415 4
20 -7.72406 33.0483 -5.62091 39.7507 4
21 -8.52726 34.7254 -6.12511 41.8553 4
22 -8.9835 25.8734 -6.05613 31.0519 4
23 -9.44953 25.9104 -6.29271 31.1387 4
24 -10.0342 26.4917 -6.60621 31.9011 4
25 -10.7481 27.8569 -6.96552 33.5739 4
26 -10.8886 24.023 -5.60616 27.9745 4
27 -11.2494 23.8995 -5.72151 27.8732 4
28 -11.754 24.2242 -5.97384 28.2872 4
29 -12.3729 25.3676 -6.33777 29.5521 4
30 -13.2026 19.2285 -6.73523 22.9546 4
31 -13.6395 18.8769 -6.79087 22.552 4
32 -14.2324 18.7205 -6.97014 22.375 4
33 -14.8823 18.9263 -7.21715 22.5856 4
34 -8.1643 14.8832 -2.90612 16.7492 4
35 -8.2245 15.239 -2.88487 17.2521 4
36 -8.39004 15.5194 -2.89199 17.6137 4
37 -8.75878 16.1049 -3.04194 18.4043 4
38 -5.41109 13.3325 0.752506 14.8406 4
39 -5.50239 13.5965 0.924404 15.1664 4
40 -6.23081 13.8283 0.296216 15.6561 4
41 -6.81577 14.5856 -0.0676187 16.7422 4
42 -4.0132 11.9691 1.37395 11.9759 4
43 -4.55131 12.2196 0.914438 12.6033 4
44 -5.2627 12.8198 0.176391 13.8382 4
45 -6.2079 13.8011 -0.799333 15.5902 4
46 -5.44346 9.32037 4.75528 3.19636 2
47 3.02618 10.4671 5.59951 8.73837 2
48 4.65504 10.6814 7.09411 8.61262 2
49 5.70549 10.9391 7.963 8.55789 2
50 RANDOM
51 11.2694 16.8193 21.6978 14.4331 3
52 13.3687 18.4068 24.2471 16.6583 3
53 15.0898 19.804 26.5243 18.8279 3
54 15.9737 20.6003 27.8351 20.075 3
55 20.0164 23.5381 31.5659 24.3761 3
56 20.5176 23.6775 31.2264 24.5885 3
57 20.6046 23.7069 31.0415 24.6775 3
58 19.937 23.2625 30.3912 23.9482 3
59 23.4535 25.3993 33.8583 27.7016 3
60 24.6838 26.3063 34.4446 29.0556 3
61 25.4692 26.8823 35.1114 30.0179 3
62 25.6512 27.051 35.4734 30.1501 3
63 22.592 24.3947 29.8532 25.081 3
64 22.816 24.6235 30.1074 25.6315 3
65 22.7127 24.5206 30.1239 25.6172 3
66 22.4552 24.2448 29.9883 25.2929 3
67 RANDOM
68 20.3585 22.9074 28.6402 22.5532 3
69 20.2575 22.795 28.4868 22.3576 3
70 20.2336 22.799 28.5673 22.3978 3
71 17.2385 20.3211 24.9512 18.5468 3
72 16.4982 19.6835 23.7543 17.6257 3
73 16.3468 19.5238 23.4726 17.4122 3
74 16.3643 19.533 23.5852 17.4466 3
75 19.2769 22.4717 29.8253 21.9768 3
76 19.3605 22.4508 29.7794 21.9082 3
77 19.6698 22.8012 30.4413 22.4515 3
78 19.9228 23.0872 30.9772 22.893 3
79 20.859 26.3319 32.1722 24.139 3
80 20.6548 26.3032 31.8334 24.0299 3
81 20.62 26.379 31.842 24.1427 3
82 RANDOM
83 22.446 29.6568 32.2156 26.0791 3
84 21.9025 29.1944 31.0468 25.5106 3
85 22.0597 29.3855 30.804 25.6468 3
86 22.1876 29.5739 30.9521 25.83 3
87 26.3384 32.747 33.6789 29.3569 3
88 25.0996 31.6638 32.0434 28.1952 3
89 25.1723 31.7505 32.1007 28.2924 3
90 24.941 31.6777 32.0821 28.1701 3
91 22.3253 28.9527 28.9063 24.658 2
92 17.4207 22.0018 21.0086 17.519 2
