0 RANDOM
1 -206.72 65.3821 -357.931 42.651 2
2 -213.98 78.5686 -348.74 60.4616 2
3 -255.65 73.4225 -324.033 77.6234 4
4 -273.657 87.1798 -346.279 92.1255 4
5 -269.876 87.4759 -343.431 91.5662 4
6 -268.941 101.326 -323.051 104.232 4
7 -269.664 124.379 -289.218 127.454 4
8 -14.5637 96.745 -494.802 117.766 4
9 -26.235 94.1153 -502.532 117.748 4
10 -43.1985 92.36 -501.24 117.404 4
11 -49.813 96.4762 -494.018 123.657 4
12 -85.1146 63.8442 -547.586 69.9114 4
13 -117.006 58.8071 -519.628 62.3572 4
14 -139.557 63.6715 -485.487 64.1023 4
15 -147.968 67.6532 -457.555 62.7663 2
16 -117.044 77.7613 -480.384 61.2702 2
17 -96.317 86.1432 -506.197 78.154 2
18 -96.0624 94.3142 -519.598 92.3398 2
19 -14.2624 92.3839 -521.873 89.1886 2
20 -2.44492 89.0861 -528.322 84.6631 2
21 0.741357 100.912 -525.199 100.183 2
22 -16.4479 112.006 -508.315 112.583 4
23 66.8889 73.8133 -571.26 77.8957 4
24 47.9342 72.1394 -565.665 76.6244 4
25 42.4905 76.3386 -557.54 82.1241 4
26 -85.1146 63.8442 -547.586 69.9114 4
27 -117.006 58.8071 -519.628 62.3572 4
28 -139.557 63.6715 -485.487 64.1023 4
29 -147.968 67.6532 -457.555 62.7663 2
30 -117.044 77.7613 -480.384 61.2702 2
31 -96.317 86.1432 -506.197 78.154 2
32 -96.0624 94.3142 -519.598 92.3398 2
33 -14.2624 92.3839 -521.873 89.1886 2
34 -2.44492 89.0861 -528.322 84.6631 2
35 0.741357 100.912 -525.199 100.183 2
36 -16.4479 112.006 -508.315 112.583 4
37 66.8889 73.8133 -571.26 77.8957 4
38 47.9342 72.1394 -565.665 76.6244 4
39 42.4905 76.3386 -557.54 82.1241 4
40 -90.3318 48.5699 -547.934 52.505 4
41 -123.387 39.5647 -521.715 36.3534 2
42 -99.7586 75.3845 -521.751 67.8172 2
43 -17.8742 77.4709 -522.683 71.9345 2
44 -5.89805 74.078 -529.352 67.3369 2
45 RANDOM
46 -22.8305 98.0452 -507.111 96.4109 2
47 -152.617 41.5707 -329.174 -13.8152 2
48 -158.084 22.113 -354.62 -42.8082 2
49 -162.581 26.4934 -361.692 -27.1269 2
50 RANDOM
51 -202.058 25.4427 -358.752 7.74527 2
52 -208.158 26.9971 -354.342 5.09732 2
53 -214.191 44.8813 -344.675 19.4207 2
54 -188.016 11.1022 -376.117 -3.66916 2
55 -199.017 35.9775 -358.471 31.6971 2
56 -205.362 29.5671 -352.927 18.1709 2
57 -215.108 36.4148 -347.907 19.8925 2
58 -214.897 29.9298 -358.968 15.6043 2
59 -204.075 -3.73939 -335.058 -30.1761 2
60 -201.61 1.6339 -343.806 -28.0636 2
61 -204.149 -1.13831 -347.173 -37.8661 2
62 -194.091 1.60546 -355.252 -40.687 2
63 RANDOM
64 -176.976 5.29455 -389.754 -28.8683 2
65 -192.517 2.51159 -384.789 -38.1377 2
66 -193.419 -1.29932 -378.465 -49.3589 2
67 -171.342 -40.8418 -370.585 -72.5674 2
68 -176.126 -34.8671 -380.135 -70.8136 2
69 -182.403 -34.9578 -384.302 -77.9183 2
70 -163.994 -24.7719 -365.246 -80.1688 2
71 -146.423 -15.7247 -290.872 -93.4929 2
72 -97.0541 -8.62037 -273.462 -113.411 2
73 -94.1655 -12.5548 -276.69 -121.049 2
74 -99.7815 -10.2477 -259.877 -122.398 2
75 -154.448 -10.0848 -270.625 -109.313 2
76 -103.562 -30.6288 -252.54 -159.679 2
77 -48.0342 -21.0784 -228.428 -167.952 2
78 -17.5306 15.4726 -192.568 -133.493 2
79 -182.019 -28.8389 -262.358 -114.435 2
80 RANDOM
81 -114.486 -7.2848 -200.726 -120.322 2
82 -105.093 33.4799 -151.768 -74.8667 2
83 -185.706 -24.8247 -272.962 -96.2447 2
84 -181.795 -34.4508 -252.906 -114.806 2
85 RANDOM
86 -197.736 0.26452 -179.392 -75.6928 2
87 -90.9568 -30.4929 -178.644 -119.458 2
88 -84.7544 -30.8059 -176.08 -124.467 2
89 -82.551 -32.2644 -175.296 -128.709 2
90 -59.14 -36.5287 -144.297 -139.518 2
91 -42.8288 -39.9201 -125.761 -144.208 2
92 -43.2867 -39.9758 -131.278 -146.833 2
93 -41.5606 -33.632 -138.048 -140.528 2
94 5.9623 -41.8278 -90.5531 -159.67 1
95 -29.9603 -28.552 -152.835 -140.267 2
