0 RANDOM
1 -4.66927 71.1149 -19.3178 71.2014 4
2 -11.8306 62.0455 -25.8257 64.4075 4
3 -12.585 62.0395 -26.2668 64.657 4
4 -9.55145 58.4375 -24.1719 61.3235 4
5 -10.1262 59.2864 -24.6358 62.1457 4
6 -10.9295 59.4457 -25.068 62.3203 4
7 -11.947 59.7106 -25.8045 62.6616 4
8 -11.3397 49.7631 -22.8703 52.189 4
9 -12.1484 49.2805 -22.9832 51.5622 4
10 -13.0962 48.1665 -22.9643 50.2589 4
11 -14.1355 47.2487 -23.1143 49.1898 4
12 -10.3343 44.159 -18.5696 45.138 4
13 RANDOM
14 -11.1861 46.8677 -19.4909 47.9045 4
15 -11.7462 47.8773 -20.0063 48.9635 4
16 -11.9804 46.197 -21.4574 47.9745 4
17 -12.3767 46.6001 -21.4398 48.2559 4
18 -12.8641 47.0423 -21.5616 48.6201 4
19 -13.454 47.4011 -21.7866 48.9274 4
20 -13.8634 37.9529 -19.9354 38.9834 4
21 -14.2856 38.8662 -20.2588 39.9461 4
22 -14.8685 39.8612 -20.7774 41.0104 4
23 -15.521 40.4383 -21.2205 41.6646 4
24 -15.4047 32.0593 -19.2982 32.9394 4
25 -16.0755 31.155 -19.1045 32.012 4
26 -16.6905 30.8772 -19.1691 31.7151 4
27 -17.3567 31.0654 -19.4704 32.0223 4
28 -20.0058 18.7991 -13.8135 18.9941 4
29 -21.4551 18.3729 -14.2416 18.5581 4
30 -22.9489 18.0381 -14.6696 18.2215 4
31 -24.615 17.6309 -15.2309 17.8326 4
32 -26.7303 12.2715 -17.3175 12.5898 4
33 -28.0261 11.5995 -17.0266 11.786 4
34 -29.579 11.2654 -17.1299 11.3774 4
35 -31.2267 11.0751 -17.3653 11.1881 4
36 -27.3833 9.50338 -14.7864 8.99603 2
37 RANDOM
38 -15.4288 11.4927 -11.0202 11.3474 2
39 -14.0294 12.5961 -10.9363 12.607 4
40 -24.9398 9.33606 -8.19533 9.86481 4
41 RANDOM
42 -27.334 9.53791 -14.6943 9.03053 2
43 -16.9668 10.7287 -10.9863 10.4865 2
44 -15.3671 11.5468 -10.9393 11.39 2
45 -13.9679 12.6502 -10.8557 12.6498 2
46 -12.7795 14.0065 -11.0445 14.148 4
47 -23.696 9.45591 -8.5005 9.86994 4
48 -24.9398 9.33606 -8.19533 9.86481 4
49 -26.2554 9.24271 -7.97481 9.94009 4
50 -27.334 9.53791 -14.6943 9.03053 2
51 -16.9668 10.7287 -10.9863 10.4865 2
52 -15.3671 11.5468 -10.9393 11.39 2
53 -13.9679 12.6502 -10.8557 12.6498 2
54 -12.7795 14.0065 -11.0445 14.148 4
55 -23.696 9.45591 -8.5005 9.86994 4
56 -24.9398 9.33606 -8.19533 9.86481 4
57 -26.2554 9.24271 -7.97481 9.94009 4
58 -27.334 9.53791 -14.6943 9.03053 2
59 -16.9668 10.7287 -10.9863 10.4865 2
60 -15.3671 11.5468 -10.9393 11.39 2
61 -13.9679 12.6502 -10.8557 12.6498 2
62 -12.7795 14.0065 -11.0445 14.148 4
63 -23.696 9.45591 -8.5005 9.86994 4
64 -24.9398 9.33606 -8.19533 9.86481 4
65 -26.2554 9.24271 -7.97481 9.94009 4
66 -27.334 9.53791 -14.6943 9.03053 2
67 -16.9668 10.7287 -10.9863 10.4865 2
68 -15.3671 11.5468 -10.9393 11.39 2
69 -13.9679 12.6502 -10.8557 12.6498 2
70 -12.7795 14.0065 -11.0445 14.148 4
71 -23.696 9.45591 -8.5005 9.86994 4
72 -24.9398 9.33606 -8.19533 9.86481 4
73 -26.2554 9.24271 -7.97481 9.94009 4
74 -27.334 9.53791 -14.6943 9.03053 2
75 -16.9668 10.7287 -10.9863 10.4865 2
76 -15.3671 11.5468 -10.9393 11.39 2
77 -13.9679 12.6502 -10.8557 12.6498 2
78 -12.7795 14.0065 -11.0445 14.148 4
79 -23.696 9.45591 -8.5005 9.86994 4
80 -24.9398 9.33606 -8.19533 9.86481 4
81 -26.2554 9.24271 -7.97481 9.94009 4
82 -27.334 9.53791 -14.6943 9.03053 2
83 -16.9668 10.7287 -10.9863 10.4865 2
84 RANDOM
85 -13.9679 12.6502 -10.8557 12.6498 2
86 -12.7795 14.0065 -11.0445 14.148 4
87 -23.696 9.45591 -8.5005 9.86994 4
88 -24.9398 9.33606 -8.19533 9.86481 4
89 -26.2554 9.24271 -7.97481 9.94009 4
90 -27.334 9.53791 -14.6943 9.03053 2
91 -16.9668 10.7287 -10.9863 10.4865 2
92 -15.3671 11.5468 -10.9393 11.39 2
93 -13.9679 12.6502 -10.8557 12.6498 2
94 -12.7795 14.0065 -11.0445 14.148 4
95 -23.696 9.45591 -8.5005 9.86994 4
96 -24.9398 9.33606 -8.19533 9.86481 4
97 -26.2554 9.24271 -7.97481 9.94009 4
98 -27.334 9.53791 -14.6943 9.03053 2
99 -16.9668 10.7287 -10.9863 10.4865 2
100 -16.2816 10.3459 -11.8245 10.1276 2
101 -14.884 11.4322 -11.7362 11.3681 2
102 -13.6995 12.7129 -11.9195 12.8272 4
103 -24.6364 8.53617 -9.9157 8.74729 4
104 -25.8293 8.47187 -9.58306 8.84235 4
105 -27.1242 8.40139 -9.30896 8.94671 4
106 -28.0657 8.66844 -15.7217 8.01529 2
107 RANDOM
108 -16.2816 10.3459 -11.8245 10.1276 2
109 -14.884 11.4322 -11.7362 11.3681 2
110 -13.6995 12.7129 -11.9195 12.8272 4
111 -24.6364 8.53617 -9.9157 8.74729 4
112 -25.8293 8.47187 -9.58306 8.84235 4
113 -27.1242 8.40139 -9.30896 8.94671 4
114 -28.0657 8.66844 -15.7217 8.01529 2
115 -17.8453 9.64886 -12.0256 9.27444 2
116 -16.2816 10.3459 -11.8245 10.1276 2
117 -14.884 11.4322 -11.7362 11.3681 2
118 -13.6995 12.7129 -11.9195 12.8272 4
119 -24.6364 8.53617 -9.9157 8.74729 4
120 -25.8293 8.47187 -9.58306 8.84235 4
121 -27.1242 8.40139 -9.30896 8.94671 4
122 -28.0657 8.66844 -15.7217 8.01529 2
123 -17.8453 9.64886 -12.0256 9.27444 2
124 -16.2816 10.3459 -11.8245 10.1276 2
125 -14.884 11.4322 -11.7362 11.3681 2
126 -13.6995 12.7129 -11.9195 12.8272 4
127 -24.6364 8.53617 -9.9157 8.74729 4
128 -25.8293 8.47187 -9.58306 8.84235 4
129 -27.1242 8.40139 -9.30896 8.94671 4
130 RANDOM
131 -28.9076 8.72784 -15.8957 8.03236 2
132 -18.9316 11.1533 -16.0293 11.3964 4
133 -28.9076 8.72784 -15.8957 8.03236 2
134 -18.9316 11.1533 -16.0293 11.3964 4
135 -28.9076 8.72784 -15.8957 8.03236 2
136 -18.9316 11.1533 -16.0293 11.3964 4
137 RANDOM
138 -29.9895 8.77243 -16.0193 8.03128 2
139 -20.292 10.8696 -16.5808 10.9304 4
140 -29.9895 8.77243 -16.0193 8.03128 2
141 -20.292 10.8696 -16.5808 10.9304 4
142 -29.9895 8.77243 -16.0193 8.03128 2
143 -20.292 10.8696 -16.5808 10.9304 4
144 -29.9895 8.77243 -16.0193 8.03128 2
145 -20.292 10.8696 -16.5808 10.9304 4
146 -29.9895 8.77243 -16.0193 8.03128 2
147 -20.292 10.8696 -16.5808 10.9304 4
148 -29.9895 8.77243 -16.0193 8.03128 2
149 -20.292 10.8696 -16.5808 10.9304 4
150 -29.9895 8.77243 -16.0193 8.03128 2
151 -20.292 10.8696 -16.5808 10.9304 4
152 -29.9895 8.77243 -16.0193 8.03128 2
153 -20.292 10.8696 -16.5808 10.9304 4
154 -29.9895 8.77243 -16.0193 8.03128 2
155 -20.292 10.8696 -16.5808 10.9304 4
156 -29.9895 8.77243 -16.0193 8.03128 2
157 -20.292 10.8696 -16.5808 10.9304 4
158 -29.9895 8.77243 -16.0193 8.03128 2
159 -20.292 10.8696 -16.5808 10.9304 4
160 -29.9895 8.77243 -16.0193 8.03128 2
161 RANDOM
162 -18.9316 11.1533 -16.0293 11.3964 4
163 -28.9076 8.72784 -15.8957 8.03236 2
164 -18.9316 11.1533 -16.0293 11.3964 4
165 -28.9076 8.72784 -15.8957 8.03236 2
166 -18.9316 11.1533 -16.0293 11.3964 4
167 -28.9076 8.72784 -15.8957 8.03236 2
168 -18.9316 11.1533 -16.0293 11.3964 4
169 -28.9076 8.72784 -15.8957 8.03236 2
170 -18.9316 11.1533 -16.0293 11.3964 4
171 -28.9076 8.72784 -15.8957 8.03236 2
172 -18.9316 11.1533 -16.0293 11.3964 4
173 -28.9076 8.72784 -15.8957 8.03236 2
174 -18.9316 11.1533 -16.0293 11.3964 4
175 -28.9076 8.72784 -15.8957 8.03236 2
176 -18.9316 11.1533 -16.0293 11.3964 4
177 -28.9076 8.72784 -15.8957 8.03236 2
178 -18.9316 11.1533 -16.0293 11.3964 4
179 -28.9076 8.72784 -15.8957 8.03236 2
180 -18.9316 11.1533 -16.0293 11.3964 4
181 -28.9076 8.72784 -15.8957 8.03236 2
182 -18.9316 11.1533 -16.0293 11.3964 4
183 -28.9076 8.72784 -15.8957 8.03236 2
184 -18.9316 11.1533 -16.0293 11.3964 4
185 -28.9076 8.72784 -15.8957 8.03236 2
186 -18.9316 11.1533 -16.0293 11.3964 4
187 -28.9076 8.72784 -15.8957 8.03236 2
188 -18.9316 11.1533 -16.0293 11.3964 4
189 -28.9076 8.72784 -15.8957 8.03236 2
190 -18.9316 11.1533 -16.0293 11.3964 4
191 -28.9076 8.72784 -15.8957 8.03236 2
192 -18.9316 11.1533 -16.0293 11.3964 4
193 -28.9076 8.72784 -15.8957 8.03236 2
194 -18.9316 11.1533 -16.0293 11.3964 4
195 -28.9076 8.72784 -15.8957 8.03236 2
196 -18.9316 11.1533 -16.0293 11.3964 4
197 -28.9076 8.72784 -15.8957 8.03236 2
198 -18.9316 11.1533 -16.0293 11.3964 4
199 -28.9076 8.72784 -15.8957 8.03236 2
200 -18.9316 11.1533 -16.0293 11.3964 4
201 RANDOM
202 -29.9895 8.77243 -16.0193 8.03128 2
203 -20.292 10.8696 -16.5808 10.9304 4
204 -29.9895 8.77243 -16.0193 8.03128 2
205 -20.292 10.8696 -16.5808 10.9304 4
206 -29.9895 8.77243 -16.0193 8.03128 2
207 -20.292 10.8696 -16.5808 10.9304 4
208 -29.9895 8.77243 -16.0193 8.03128 2
209 -20.292 10.8696 -16.5808 10.9304 4
210 RANDOM
211 -31.0675 8.90773 -16.0 8.16049 2
212 -21.468 10.2872 -16.7232 10.0045 2
213 -20.292 10.8696 -16.5808 10.9304 4
214 -29.9895 8.77243 -16.0193 8.03128 2
215 -20.292 10.8696 -16.5808 10.9304 4
216 -29.9895 8.77243 -16.0193 8.03128 2
217 -20.292 10.8696 -16.5808 10.9304 4
218 -29.9895 8.77243 -16.0193 8.03128 2
219 -20.292 10.8696 -16.5808 10.9304 4
220 -29.9895 8.77243 -16.0193 8.03128 2
221 -20.292 10.8696 -16.5808 10.9304 4
222 -29.9895 8.77243 -16.0193 8.03128 2
223 -20.292 10.8696 -16.5808 10.9304 4
224 -29.9895 8.77243 -16.0193 8.03128 2
225 RANDOM
226 -18.9316 11.1533 -16.0293 11.3964 4
227 -28.9076 8.72784 -15.8957 8.03236 2
228 -18.9316 11.1533 -16.0293 11.3964 4
229 -28.9076 8.72784 -15.8957 8.03236 2
230 RANDOM
231 -17.8453 9.64886 -12.0256 9.27444 2
232 -16.2816 10.3459 -11.8245 10.1276 2
233 -14.884 11.4322 -11.7362 11.3681 2
234 -13.6995 12.7129 -11.9195 12.8272 4
235 -24.6364 8.53617 -9.9157 8.74729 4
236 -25.8293 8.47187 -9.58306 8.84235 4
237 -27.1242 8.40139 -9.30896 8.94671 4
238 RANDOM
239 -28.9076 8.72784 -15.8957 8.03236 2
240 -18.9316 11.1533 -16.0293 11.3964 4
241 -28.9076 8.72784 -15.8957 8.03236 2
242 -18.9316 11.1533 -16.0293 11.3964 4
243 RANDOM
244 -29.9895 8.77243 -16.0193 8.03128 2
245 -20.292 10.8696 -16.5808 10.9304 4
246 -29.9895 8.77243 -16.0193 8.03128 2
247 -20.292 10.8696 -16.5808 10.9304 4
248 -29.9895 8.77243 -16.0193 8.03128 2
249 -20.292 10.8696 -16.5808 10.9304 4
250 -29.9895 8.77243 -16.0193 8.03128 2
251 -20.292 10.8696 -16.5808 10.9304 4
252 -29.9895 8.77243 -16.0193 8.03128 2
253 -20.292 10.8696 -16.5808 10.9304 4
254 -29.9895 8.77243 -16.0193 8.03128 2
255 -20.292 10.8696 -16.5808 10.9304 4
256 -29.9895 8.77243 -16.0193 8.03128 2
257 -20.292 10.8696 -16.5808 10.9304 4
258 -29.9895 8.77243 -16.0193 8.03128 2
259 -20.292 10.8696 -16.5808 10.9304 4
260 -29.9895 8.77243 -16.0193 8.03128 2
261 -20.292 10.8696 -16.5808 10.9304 4
262 -29.9895 8.77243 -16.0193 8.03128 2
263 -20.292 10.8696 -16.5808 10.9304 4
264 RANDOM
265 -31.0675 8.90773 -16.0 8.16049 2
266 -21.468 10.2872 -16.7232 10.0045 2
267 -20.292 10.8696 -16.5808 10.9304 4
268 -29.9895 8.77243 -16.0193 8.03128 2
269 -20.292 10.8696 -16.5808 10.9304 4
270 -29.9895 8.77243 -16.0193 8.03128 2
271 -20.292 10.8696 -16.5808 10.9304 4
272 -29.9895 8.77243 -16.0193 8.03128 2
273 -20.292 10.8696 -16.5808 10.9304 4
274 -29.9895 8.77243 -16.0193 8.03128 2
275 -20.292 10.8696 -16.5808 10.9304 4
276 -29.9895 8.77243 -16.0193 8.03128 2
277 -20.292 10.8696 -16.5808 10.9304 4
278 -29.9895 8.77243 -16.0193 8.03128 2
279 -20.292 10.8696 -16.5808 10.9304 4
280 -29.9895 8.77243 -16.0193 8.03128 2
281 -20.292 10.8696 -16.5808 10.9304 4
282 -29.9895 8.77243 -16.0193 8.03128 2
283 -20.292 10.8696 -16.5808 10.9304 4
284 -29.9895 8.77243 -16.0193 8.03128 2
285 -20.292 10.8696 -16.5808 10.9304 4
286 -29.9895 8.77243 -16.0193 8.03128 2
287 -20.292 10.8696 -16.5808 10.9304 4
288 -29.9895 8.77243 -16.0193 8.03128 2
289 -20.292 10.8696 -16.5808 10.9304 4
290 -29.9895 8.77243 -16.0193 8.03128 2
291 -20.292 10.8696 -16.5808 10.9304 4
292 -29.9895 8.77243 -16.0193 8.03128 2
293 -20.292 10.8696 -16.5808 10.9304 4
294 -29.9895 8.77243 -16.0193 8.03128 2
295 -20.292 10.8696 -16.5808 10.9304 4
296 -29.9895 8.77243 -16.0193 8.03128 2
297 -20.292 10.8696 -16.5808 10.9304 4
298 -29.9895 8.77243 -16.0193 8.03128 2
299 -20.292 10.8696 -16.5808 10.9304 4
300 -29.9895 8.77243 -16.0193 8.03128 2
301 -20.292 10.8696 -16.5808 10.9304 4
302 -29.9895 8.77243 -16.0193 8.03128 2
303 -20.292 10.8696 -16.5808 10.9304 4
304 -29.9895 8.77243 -16.0193 8.03128 2
305 -20.292 10.8696 -16.5808 10.9304 4
306 -29.9895 8.77243 -16.0193 8.03128 2
307 -20.292 10.8696 -16.5808 10.9304 4
308 -29.9895 8.77243 -16.0193 8.03128 2
309 -20.292 10.8696 -16.5808 10.9304 4
310 -29.9895 8.77243 -16.0193 8.03128 2
311 -20.292 10.8696 -16.5808 10.9304 4
312 -29.9895 8.77243 -16.0193 8.03128 2
313 -20.292 10.8696 -16.5808 10.9304 4
314 -29.9895 8.77243 -16.0193 8.03128 2
315 -20.292 10.8696 -16.5808 10.9304 4
316 -29.9895 8.77243 -16.0193 8.03128 2
317 -20.292 10.8696 -16.5808 10.9304 4
318 -29.9895 8.77243 -16.0193 8.03128 2
319 -20.292 10.8696 -16.5808 10.9304 4
320 -29.9895 8.77243 -16.0193 8.03128 2
321 -20.292 10.8696 -16.5808 10.9304 4
322 -29.9895 8.77243 -16.0193 8.03128 2
323 -20.292 10.8696 -16.5808 10.9304 4
324 -29.9895 8.77243 -16.0193 8.03128 2
325 -20.292 10.8696 -16.5808 10.9304 4
326 -29.9895 8.77243 -16.0193 8.03128 2
327 -20.292 10.8696 -16.5808 10.9304 4
328 -29.9895 8.77243 -16.0193 8.03128 2
329 -20.292 10.8696 -16.5808 10.9304 4
330 -29.9895 8.77243 -16.0193 8.03128 2
331 -20.292 10.8696 -16.5808 10.9304 4
332 -29.9895 8.77243 -16.0193 8.03128 2
333 -20.292 10.8696 -16.5808 10.9304 4
334 -29.9895 8.77243 -16.0193 8.03128 2
335 -20.292 10.8696 -16.5808 10.9304 4
336 -29.9895 8.77243 -16.0193 8.03128 2
337 -20.292 10.8696 -16.5808 10.9304 4
338 -29.9895 8.77243 -16.0193 8.03128 2
339 -20.292 10.8696 -16.5808 10.9304 4
340 -29.9895 8.77243 -16.0193 8.03128 2
341 -20.292 10.8696 -16.5808 10.9304 4
342 -29.9895 8.77243 -16.0193 8.03128 2
343 -20.292 10.8696 -16.5808 10.9304 4
344 -29.9895 8.77243 -16.0193 8.03128 2
345 -20.292 10.8696 -16.5808 10.9304 4
346 -29.9895 8.77243 -16.0193 8.03128 2
347 -20.292 10.8696 -16.5808 10.9304 4
348 -29.9895 8.77243 -16.0193 8.03128 2
349 RANDOM
350 -18.9316 11.1533 -16.0293 11.3964 4
351 -28.9076 8.72784 -15.8957 8.03236 2
352 -18.9316 11.1533 -16.0293 11.3964 4
353 -28.9076 8.72784 -15.8957 8.03236 2
354 -18.9316 11.1533 -16.0293 11.3964 4
355 -28.9076 8.72784 -15.8957 8.03236 2
356 -18.9316 11.1533 -16.0293 11.3964 4
357 -28.9076 8.72784 -15.8957 8.03236 2
358 -18.9316 11.1533 -16.0293 11.3964 4
359 -28.9076 8.72784 -15.8957 8.03236 2
360 -18.9316 11.1533 -16.0293 11.3964 4
361 -28.9076 8.72784 -15.8957 8.03236 2
362 -18.9316 11.1533 -16.0293 11.3964 4
363 -28.9076 8.72784 -15.8957 8.03236 2
364 -18.9316 11.1533 -16.0293 11.3964 4
365 -28.9076 8.72784 -15.8957 8.03236 2
366 -18.9316 11.1533 -16.0293 11.3964 4
367 -28.9076 8.72784 -15.8957 8.03236 2
368 -18.9316 11.1533 -16.0293 11.3964 4
369 -28.9076 8.72784 -15.8957 8.03236 2
370 -18.9316 11.1533 -16.0293 11.3964 4
371 RANDOM
372 -29.9895 8.77243 -16.0193 8.03128 2
373 -20.292 10.8696 -16.5808 10.9304 4
374 -29.9895 8.77243 -16.0193 8.03128 2
375 -20.292 10.8696 -16.5808 10.9304 4
376 -29.9895 8.77243 -16.0193 8.03128 2
377 -20.292 10.8696 -16.5808 10.9304 4
378 -29.9895 8.77243 -16.0193 8.03128 2
379 -20.292 10.8696 -16.5808 10.9304 4
380 -29.9895 8.77243 -16.0193 8.03128 2
381 -20.292 10.8696 -16.5808 10.9304 4
382 -29.9895 8.77243 -16.0193 8.03128 2
383 -20.292 10.8696 -16.5808 10.9304 4
384 -29.9895 8.77243 -16.0193 8.03128 2
385 -20.292 10.8696 -16.5808 10.9304 4
386 -29.9895 8.77243 -16.0193 8.03128 2
387 -20.292 10.8696 -16.5808 10.9304 4
388 -29.9895 8.77243 -16.0193 8.03128 2
389 -20.292 10.8696 -16.5808 10.9304 4
390 -29.9895 8.77243 -16.0193 8.03128 2
391 -20.292 10.8696 -16.5808 10.9304 4
392 -29.9895 8.77243 -16.0193 8.03128 2
393 -20.292 10.8696 -16.5808 10.9304 4
394 -29.9895 8.77243 -16.0193 8.03128 2
395 RANDOM
396 -18.9316 11.1533 -16.0293 11.3964 4
397 -28.9076 8.72784 -15.8957 8.03236 2
398 -18.9316 11.1533 -16.0293 11.3964 4
399 -28.9076 8.72784 -15.8957 8.03236 2
400 -18.9316 11.1533 -16.0293 11.3964 4
401 -28.9076 8.72784 -15.8957 8.03236 2
402 -18.9316 11.1533 -16.0293 11.3964 4
403 -28.9076 8.72784 -15.8957 8.03236 2
404 -18.9316 11.1533 -16.0293 11.3964 4
405 -28.9076 8.72784 -15.8957 8.03236 2
406 -18.9316 11.1533 -16.0293 11.3964 4
407 RANDOM
408 -29.9895 8.77243 -16.0193 8.03128 2
409 -20.292 10.8696 -16.5808 10.9304 4
410 -29.9895 8.77243 -16.0193 8.03128 2
411 -20.292 10.8696 -16.5808 10.9304 4
412 -29.9895 8.77243 -16.0193 8.03128 2
413 -20.292 10.8696 -16.5808 10.9304 4
414 -29.9895 8.77243 -16.0193 8.03128 2
415 -20.292 10.8696 -16.5808 10.9304 4
416 -29.9895 8.77243 -16.0193 8.03128 2
417 -20.292 10.8696 -16.5808 10.9304 4
418 -29.9895 8.77243 -16.0193 8.03128 2
419 RANDOM
420 -18.9316 11.1533 -16.0293 11.3964 4
421 -28.9076 8.72784 -15.8957 8.03236 2
422 -18.9316 11.1533 -16.0293 11.3964 4
423 -28.9076 8.72784 -15.8957 8.03236 2
424 -18.9316 11.1533 -16.0293 11.3964 4
425 -28.9076 8.72784 -15.8957 8.03236 2
426 -18.9316 11.1533 -16.0293 11.3964 4
427 -28.9076 8.72784 -15.8957 8.03236 2
428 -18.9316 11.1533 -16.0293 11.3964 4
429 -28.9076 8.72784 -15.8957 8.03236 2
430 -18.9316 11.1533 -16.0293 11.3964 4
431 -28.9076 8.72784 -15.8957 8.03236 2
432 -18.9316 11.1533 -16.0293 11.3964 4
433 -28.9076 8.72784 -15.8957 8.03236 2
434 -18.9316 11.1533 -16.0293 11.3964 4
435 -28.9076 8.72784 -15.8957 8.03236 2
436 -18.9316 11.1533 -16.0293 11.3964 4
437 -28.9076 8.72784 -15.8957 8.03236 2
438 -18.9316 11.1533 -16.0293 11.3964 4
439 -28.9076 8.72784 -15.8957 8.03236 2
440 -18.9316 11.1533 -16.0293 11.3964 4
441 -28.9076 8.72784 -15.8957 8.03236 2
442 -18.9316 11.1533 -16.0293 11.3964 4
443 -28.9076 8.72784 -15.8957 8.03236 2
444 -18.9316 11.1533 -16.0293 11.3964 4
445 -28.9076 8.72784 -15.8957 8.03236 2
446 -18.9316 11.1533 -16.0293 11.3964 4
447 RANDOM
448 -29.9895 8.77243 -16.0193 8.03128 2
449 -20.292 10.8696 -16.5808 10.9304 4
450 RANDOM
451 -31.0675 8.90773 -16.0 8.16049 2
452 -21.468 10.2872 -16.7232 10.0045 2
453 -20.292 10.8696 -16.5808 10.9304 4
454 -29.9895 8.77243 -16.0193 8.03128 2
455 -20.292 10.8696 -16.5808 10.9304 4
456 -29.9895 8.77243 -16.0193 8.03128 2
457 -20.292 10.8696 -16.5808 10.9304 4
458 -29.9895 8.77243 -16.0193 8.03128 2
459 -20.292 10.8696 -16.5808 10.9304 4
460 -29.9895 8.77243 -16.0193 8.03128 2
461 -20.292 10.8696 -16.5808 10.9304 4
462 -29.9895 8.77243 -16.0193 8.03128 2
463 -20.292 10.8696 -16.5808 10.9304 4
464 RANDOM
465 -31.0675 8.90773 -16.0 8.16049 2
466 -21.468 10.2872 -16.7232 10.0045 2
467 RANDOM
468 -18.9316 11.1533 -16.0293 11.3964 4
469 -28.9076 8.72784 -15.8957 8.03236 2
470 -18.9316 11.1533 -16.0293 11.3964 4
471 -28.9076 8.72784 -15.8957 8.03236 2
472 RANDOM
473 -17.8453 9.64886 -12.0256 9.27444 2
474 -16.2816 10.3459 -11.8245 10.1276 2
475 -14.884 11.4322 -11.7362 11.3681 2
476 -13.6995 12.7129 -11.9195 12.8272 4
477 -24.6364 8.53617 -9.9157 8.74729 4
478 -25.8293 8.47187 -9.58306 8.84235 4
479 -27.1242 8.40139 -9.30896 8.94671 4
480 -28.0657 8.66844 -15.7217 8.01529 2
481 -17.8453 9.64886 -12.0256 9.27444 2
482 -16.2816 10.3459 -11.8245 10.1276 2
483 -14.884 11.4322 -11.7362 11.3681 2
484 -13.6995 12.7129 -11.9195 12.8272 4
485 -24.6364 8.53617 -9.9157 8.74729 4
486 -25.8293 8.47187 -9.58306 8.84235 4
487 -27.1242 8.40139 -9.30896 8.94671 4
488 -28.0657 8.66844 -15.7217 8.01529 2
489 -17.8453 9.64886 -12.0256 9.27444 2
490 -16.2816 10.3459 -11.8245 10.1276 2
491 -14.884 11.4322 -11.7362 11.3681 2
492 -13.6995 12.7129 -11.9195 12.8272 4
493 -24.6364 8.53617 -9.9157 8.74729 4
494 -25.8293 8.47187 -9.58306 8.84235 4
495 -27.1242 8.40139 -9.30896 8.94671 4
496 RANDOM
497 -28.9076 8.72784 -15.8957 8.03236 2
498 -18.9316 11.1533 -16.0293 11.3964 4
499 -28.9076 8.72784 -15.8957 8.03236 2
500 -18.9316 11.1533 -16.0293 11.3964 4
501 -28.9076 8.72784 -15.8957 8.03236 2
502 -18.9316 11.1533 -16.0293 11.3964 4
503 -28.9076 8.72784 -15.8957 8.03236 2
504 -18.9316 11.1533 -16.0293 11.3964 4
505 -28.9076 8.72784 -15.8957 8.03236 2
506 -18.9316 11.1533 -16.0293 11.3964 4
507 -28.9076 8.72784 -15.8957 8.03236 2
508 -18.9316 11.1533 -16.0293 11.3964 4
509 -28.9076 8.72784 -15.8957 8.03236 2
510 -18.9316 11.1533 -16.0293 11.3964 4
511 -28.9076 8.72784 -15.8957 8.03236 2
512 -18.9316 11.1533 -16.0293 11.3964 4
513 -28.9076 8.72784 -15.8957 8.03236 2
514 -18.9316 11.1533 -16.0293 11.3964 4
515 -28.9076 8.72784 -15.8957 8.03236 2
516 -18.9316 11.1533 -16.0293 11.3964 4
517 -28.9076 8.72784 -15.8957 8.03236 2
518 -18.9316 11.1533 -16.0293 11.3964 4
519 RANDOM
520 -29.9895 8.77243 -16.0193 8.03128 2
521 -20.292 10.8696 -16.5808 10.9304 4
522 -29.9895 8.77243 -16.0193 8.03128 2
523 -20.292 10.8696 -16.5808 10.9304 4
524 -29.9895 8.77243 -16.0193 8.03128 2
525 -20.292 10.8696 -16.5808 10.9304 4
526 -29.9895 8.77243 -16.0193 8.03128 2
527 -20.292 10.8696 -16.5808 10.9304 4
528 -29.9895 8.77243 -16.0193 8.03128 2
529 -20.292 10.8696 -16.5808 10.9304 4
530 -29.9895 8.77243 -16.0193 8.03128 2
531 -20.292 10.8696 -16.5808 10.9304 4
532 -29.9895 8.77243 -16.0193 8.03128 2
533 -20.292 10.8696 -16.5808 10.9304 4
534 -29.9895 8.77243 -16.0193 8.03128 2
535 -20.292 10.8696 -16.5808 10.9304 4
536 -29.9895 8.77243 -16.0193 8.03128 2
537 -20.292 10.8696 -16.5808 10.9304 4
538 RANDOM
539 -31.0675 8.90773 -16.0 8.16049 2
540 -21.468 10.2872 -16.7232 10.0045 2
541 -20.292 10.8696 -16.5808 10.9304 4
542 -29.9895 8.77243 -16.0193 8.03128 2
543 -20.292 10.8696 -16.5808 10.9304 4
544 -29.9895 8.77243 -16.0193 8.03128 2
545 -20.292 10.8696 -16.5808 10.9304 4
546 -29.9895 8.77243 -16.0193 8.03128 2
547 -20.292 10.8696 -16.5808 10.9304 4
548 RANDOM
549 -31.0675 8.90773 -16.0 8.16049 2
550 -21.468 10.2872 -16.7232 10.0045 2
551 -20.292 10.8696 -16.5808 10.9304 4
552 -29.9895 8.77243 -16.0193 8.03128 2
553 -20.292 10.8696 -16.5808 10.9304 4
554 -29.9895 8.77243 -16.0193 8.03128 2
555 -20.292 10.8696 -16.5808 10.9304 4
556 -29.9895 8.77243 -16.0193 8.03128 2
557 -20.292 10.8696 -16.5808 10.9304 4
558 -29.9895 8.77243 -16.0193 8.03128 2
559 -20.292 10.8696 -16.5808 10.9304 4
560 -29.9895 8.77243 -16.0193 8.03128 2
561 -20.292 10.8696 -16.5808 10.9304 4
562 -29.9895 8.77243 -16.0193 8.03128 2
563 -20.292 10.8696 -16.5808 10.9304 4
564 -29.9895 8.77243 -16.0193 8.03128 2
565 -20.292 10.8696 -16.5808 10.9304 4
566 -29.9895 8.77243 -16.0193 8.03128 2
567 -20.292 10.8696 -16.5808 10.9304 4
568 -29.9895 8.77243 -16.0193 8.03128 2
569 -20.292 10.8696 -16.5808 10.9304 4
570 -29.9895 8.77243 -16.0193 8.03128 2
571 -20.292 10.8696 -16.5808 10.9304 4
572 -29.9895 8.77243 -16.0193 8.03128 2
573 -20.292 10.8696 -16.5808 10.9304 4
574 -29.9895 8.77243 -16.0193 8.03128 2
575 -20.292 10.8696 -16.5808 10.9304 4
576 -29.9895 8.77243 -16.0193 8.03128 2
577 -20.292 10.8696 -16.5808 10.9304 4
578 RANDOM
579 -31.0675 8.90773 -16.0 8.16049 2
580 -21.468 10.2872 -16.7232 10.0045 2
581 -20.292 10.8696 -16.5808 10.9304 4
582 -29.9895 8.77243 -16.0193 8.03128 2
583 -20.292 10.8696 -16.5808 10.9304 4
584 -29.9895 8.77243 -16.0193 8.03128 2
585 -20.292 10.8696 -16.5808 10.9304 4
586 -29.9895 8.77243 -16.0193 8.03128 2
587 -20.292 10.8696 -16.5808 10.9304 4
588 -29.9895 8.77243 -16.0193 8.03128 2
589 -20.292 10.8696 -16.5808 10.9304 4
590 -29.9895 8.77243 -16.0193 8.03128 2
591 -20.292 10.8696 -16.5808 10.9304 4
592 -29.9895 8.77243 -16.0193 8.03128 2
593 -20.292 10.8696 -16.5808 10.9304 4
594 RANDOM
595 -31.0675 8.90773 -16.0 8.16049 2
596 -21.468 10.2872 -16.7232 10.0045 2
597 -20.292 10.8696 -16.5808 10.9304 4
598 -29.9895 8.77243 -16.0193 8.03128 2
599 -20.292 10.8696 -16.5808 10.9304 4
600 -29.9895 8.77243 -16.0193 8.03128 2
601 -20.292 10.8696 -16.5808 10.9304 4
602 -29.9895 8.77243 -16.0193 8.03128 2
603 -20.292 10.8696 -16.5808 10.9304 4
604 -29.9895 8.77243 -16.0193 8.03128 2
605 -20.292 10.8696 -16.5808 10.9304 4
606 -29.9895 8.77243 -16.0193 8.03128 2
607 -20.292 10.8696 -16.5808 10.9304 4
608 -29.9895 8.77243 -16.0193 8.03128 2
609 -20.292 10.8696 -16.5808 10.9304 4
610 -29.9895 8.77243 -16.0193 8.03128 2
611 -20.292 10.8696 -16.5808 10.9304 4
612 -29.9895 8.77243 -16.0193 8.03128 2
613 -20.292 10.8696 -16.5808 10.9304 4
614 -29.9895 8.77243 -16.0193 8.03128 2
615 -20.292 10.8696 -16.5808 10.9304 4
616 -29.9895 8.77243 -16.0193 8.03128 2
617 -20.292 10.8696 -16.5808 10.9304 4
618 -29.9895 8.77243 -16.0193 8.03128 2
619 -20.292 10.8696 -16.5808 10.9304 4
620 -29.9895 8.77243 -16.0193 8.03128 2
621 -20.292 10.8696 -16.5808 10.9304 4
622 -29.9895 8.77243 -16.0193 8.03128 2
623 -20.292 10.8696 -16.5808 10.9304 4
624 -29.9895 8.77243 -16.0193 8.03128 2
625 -20.292 10.8696 -16.5808 10.9304 4
626 -29.9895 8.77243 -16.0193 8.03128 2
627 -20.292 10.8696 -16.5808 10.9304 4
628 -29.9895 8.77243 -16.0193 8.03128 2
629 -20.292 10.8696 -16.5808 10.9304 4
630 -29.9895 8.77243 -16.0193 8.03128 2
631 -20.292 10.8696 -16.5808 10.9304 4
632 -29.9895 8.77243 -16.0193 8.03128 2
633 -20.292 10.8696 -16.5808 10.9304 4
634 -29.9895 8.77243 -16.0193 8.03128 2
635 -20.292 10.8696 -16.5808 10.9304 4
636 -29.9895 8.77243 -16.0193 8.03128 2
637 -20.292 10.8696 -16.5808 10.9304 4
638 -29.9895 8.77243 -16.0193 8.03128 2
639 -20.292 10.8696 -16.5808 10.9304 4
640 -29.9895 8.77243 -16.0193 8.03128 2
641 -20.292 10.8696 -16.5808 10.9304 4
642 -29.9895 8.77243 -16.0193 8.03128 2
643 -20.292 10.8696 -16.5808 10.9304 4
644 -29.9895 8.77243 -16.0193 8.03128 2
645 -20.292 10.8696 -16.5808 10.9304 4
646 -29.9895 8.77243 -16.0193 8.03128 2
647 -20.292 10.8696 -16.5808 10.9304 4
648 -29.9895 8.77243 -16.0193 8.03128 2
649 -20.292 10.8696 -16.5808 10.9304 4
650 -29.9895 8.77243 -16.0193 8.03128 2
651 -20.292 10.8696 -16.5808 10.9304 4
652 -29.9895 8.77243 -16.0193 8.03128 2
653 -20.292 10.8696 -16.5808 10.9304 4
654 -29.9895 8.77243 -16.0193 8.03128 2
655 -20.292 10.8696 -16.5808 10.9304 4
656 -29.9895 8.77243 -16.0193 8.03128 2
657 -20.292 10.8696 -16.5808 10.9304 4
658 -29.9895 8.77243 -16.0193 8.03128 2
659 -20.292 10.8696 -16.5808 10.9304 4
660 -29.9895 8.77243 -16.0193 8.03128 2
661 -20.292 10.8696 -16.5808 10.9304 4
662 -29.9895 8.77243 -16.0193 8.03128 2
663 -20.292 10.8696 -16.5808 10.9304 4
664 -29.9895 8.77243 -16.0193 8.03128 2
665 -20.292 10.8696 -16.5808 10.9304 4
666 -29.9895 8.77243 -16.0193 8.03128 2
667 -20.292 10.8696 -16.5808 10.9304 4
668 -29.9895 8.77243 -16.0193 8.03128 2
669 -20.292 10.8696 -16.5808 10.9304 4
670 -29.9895 8.77243 -16.0193 8.03128 2
671 -20.292 10.8696 -16.5808 10.9304 4
672 -29.9895 8.77243 -16.0193 8.03128 2
673 -20.292 10.8696 -16.5808 10.9304 4
674 -29.9895 8.77243 -16.0193 8.03128 2
675 -20.292 10.8696 -16.5808 10.9304 4
676 -29.9895 8.77243 -16.0193 8.03128 2
677 RANDOM
678 -18.9316 11.1533 -16.0293 11.3964 4
679 -28.9076 8.72784 -15.8957 8.03236 2
680 -18.9316 11.1533 -16.0293 11.3964 4
681 -28.9076 8.72784 -15.8957 8.03236 2
682 -18.9316 11.1533 -16.0293 11.3964 4
683 -28.9076 8.72784 -15.8957 8.03236 2
684 -18.9316 11.1533 -16.0293 11.3964 4
685 -28.9076 8.72784 -15.8957 8.03236 2
686 -18.9316 11.1533 -16.0293 11.3964 4
687 -28.9076 8.72784 -15.8957 8.03236 2
688 -18.9316 11.1533 -16.0293 11.3964 4
689 -28.9076 8.72784 -15.8957 8.03236 2
690 -18.9316 11.1533 -16.0293 11.3964 4
691 -28.9076 8.72784 -15.8957 8.03236 2
692 -18.9316 11.1533 -16.0293 11.3964 4
693 -28.9076 8.72784 -15.8957 8.03236 2
694 -18.9316 11.1533 -16.0293 11.3964 4
695 -28.9076 8.72784 -15.8957 8.03236 2
696 -18.9316 11.1533 -16.0293 11.3964 4
697 RANDOM
698 RANDOM
699 -31.0675 8.90773 -16.0 8.16049 2
700 -21.468 10.2872 -16.7232 10.0045 2
701 -20.292 10.8696 -16.5808 10.9304 4
702 -29.9895 8.77243 -16.0193 8.03128 2
703 -20.292 10.8696 -16.5808 10.9304 4
704 -29.9895 8.77243 -16.0193 8.03128 2
705 -20.292 10.8696 -16.5808 10.9304 4
706 -29.9895 8.77243 -16.0193 8.03128 2
707 -20.292 10.8696 -16.5808 10.9304 4
708 -29.9895 8.77243 -16.0193 8.03128 2
709 -20.292 10.8696 -16.5808 10.9304 4
710 -29.9895 8.77243 -16.0193 8.03128 2
711 -20.292 10.8696 -16.5808 10.9304 4
712 -29.9895 8.77243 -16.0193 8.03128 2
713 -20.292 10.8696 -16.5808 10.9304 4
714 -29.9895 8.77243 -16.0193 8.03128 2
715 -20.292 10.8696 -16.5808 10.9304 4
716 -29.9895 8.77243 -16.0193 8.03128 2
717 -20.292 10.8696 -16.5808 10.9304 4
718 -29.9895 8.77243 -16.0193 8.03128 2
719 -20.292 10.8696 -16.5808 10.9304 4
720 -29.9895 8.77243 -16.0193 8.03128 2
721 -20.292 10.8696 -16.5808 10.9304 4
722 -29.9895 8.77243 -16.0193 8.03128 2
723 -20.292 10.8696 -16.5808 10.9304 4
724 -29.9895 8.77243 -16.0193 8.03128 2
725 -20.292 10.8696 -16.5808 10.9304 4
726 -29.9895 8.77243 -16.0193 8.03128 2
727 -20.292 10.8696 -16.5808 10.9304 4
728 -29.9895 8.77243 -16.0193 8.03128 2
729 -20.292 10.8696 -16.5808 10.9304 4
730 -29.9895 8.77243 -16.0193 8.03128 2
731 -20.292 10.8696 -16.5808 10.9304 4
732 -29.9895 8.77243 -16.0193 8.03128 2
733 -20.292 10.8696 -16.5808 10.9304 4
734 -29.9895 8.77243 -16.0193 8.03128 2
735 -20.292 10.8696 -16.5808 10.9304 4
736 -29.9895 8.77243 -16.0193 8.03128 2
737 -20.292 10.8696 -16.5808 10.9304 4
738 -29.9895 8.77243 -16.0193 8.03128 2
739 -20.292 10.8696 -16.5808 10.9304 4
740 -29.9895 8.77243 -16.0193 8.03128 2
741 -20.292 10.8696 -16.5808 10.9304 4
742 -29.9895 8.77243 -16.0193 8.03128 2
743 -20.292 10.8696 -16.5808 10.9304 4
744 -29.9895 8.77243 -16.0193 8.03128 2
745 -20.292 10.8696 -16.5808 10.9304 4
746 -29.9895 8.77243 -16.0193 8.03128 2
747 -20.292 10.8696 -16.5808 10.9304 4
748 -29.9895 8.77243 -16.0193 8.03128 2
749 -20.292 10.8696 -16.5808 10.9304 4
750 -29.9895 8.77243 -16.0193 8.03128 2
751 -20.292 10.8696 -16.5808 10.9304 4
752 -29.9895 8.77243 -16.0193 8.03128 2
753 -20.292 10.8696 -16.5808 10.9304 4
754 -29.9895 8.77243 -16.0193 8.03128 2
755 RANDOM
756 -18.9316 11.1533 -16.0293 11.3964 4
757 -28.9076 8.72784 -15.8957 8.03236 2
758 -18.9316 11.1533 -16.0293 11.3964 4
759 -28.9076 8.72784 -15.8957 8.03236 2
760 -18.9316 11.1533 -16.0293 11.3964 4
761 -28.9076 8.72784 -15.8957 8.03236 2
762 -18.9316 11.1533 -16.0293 11.3964 4
763 -28.9076 8.72784 -15.8957 8.03236 2
764 -18.9316 11.1533 -16.0293 11.3964 4
765 -28.9076 8.72784 -15.8957 8.03236 2
766 -18.9316 11.1533 -16.0293 11.3964 4
767 -28.9076 8.72784 -15.8957 8.03236 2
768 -18.9316 11.1533 -16.0293 11.3964 4
769 -28.9076 8.72784 -15.8957 8.03236 2
770 -18.9316 11.1533 -16.0293 11.3964 4
771 -28.9076 8.72784 -15.8957 8.03236 2
772 -18.9316 11.1533 -16.0293 11.3964 4
773 -28.9076 8.72784 -15.8957 8.03236 2
774 -18.9316 11.1533 -16.0293 11.3964 4
775 -28.9076 8.72784 -15.8957 8.03236 2
776 -18.9316 11.1533 -16.0293 11.3964 4
777 -28.9076 8.72784 -15.8957 8.03236 2
778 -18.9316 11.1533 -16.0293 11.3964 4
779 -28.9076 8.72784 -15.8957 8.03236 2
780 -18.9316 11.1533 -16.0293 11.3964 4
781 -28.9076 8.72784 -15.8957 8.03236 2
782 -18.9316 11.1533 -16.0293 11.3964 4
783 -28.9076 8.72784 -15.8957 8.03236 2
784 -18.9316 11.1533 -16.0293 11.3964 4
785 -28.9076 8.72784 -15.8957 8.03236 2
786 -18.9316 11.1533 -16.0293 11.3964 4
787 -28.9076 8.72784 -15.8957 8.03236 2
788 -18.9316 11.1533 -16.0293 11.3964 4
789 -28.9076 8.72784 -15.8957 8.03236 2
790 -18.9316 11.1533 -16.0293 11.3964 4
791 RANDOM
792 -29.9895 8.77243 -16.0193 8.03128 2
793 -20.292 10.8696 -16.5808 10.9304 4
794 -29.9895 8.77243 -16.0193 8.03128 2
795 -20.292 10.8696 -16.5808 10.9304 4
796 -29.9895 8.77243 -16.0193 8.03128 2
797 -20.292 10.8696 -16.5808 10.9304 4
798 -29.9895 8.77243 -16.0193 8.03128 2
799 -20.292 10.8696 -16.5808 10.9304 4
800 -29.9895 8.77243 -16.0193 8.03128 2
801 -20.292 10.8696 -16.5808 10.9304 4
802 -29.9895 8.77243 -16.0193 8.03128 2
803 -20.292 10.8696 -16.5808 10.9304 4
804 -29.9895 8.77243 -16.0193 8.03128 2
805 -20.292 10.8696 -16.5808 10.9304 4
806 -29.9895 8.77243 -16.0193 8.03128 2
807 -20.292 10.8696 -16.5808 10.9304 4
808 -29.9895 8.77243 -16.0193 8.03128 2
809 -20.292 10.8696 -16.5808 10.9304 4
810 -29.9895 8.77243 -16.0193 8.03128 2
811 -20.292 10.8696 -16.5808 10.9304 4
812 -29.9895 8.77243 -16.0193 8.03128 2
813 -20.292 10.8696 -16.5808 10.9304 4
814 -29.9895 8.77243 -16.0193 8.03128 2
815 -20.292 10.8696 -16.5808 10.9304 4
816 -29.9895 8.77243 -16.0193 8.03128 2
817 -20.292 10.8696 -16.5808 10.9304 4
818 -29.9895 8.77243 -16.0193 8.03128 2
819 -20.292 10.8696 -16.5808 10.9304 4
820 -29.9895 8.77243 -16.0193 8.03128 2
821 -20.292 10.8696 -16.5808 10.9304 4
822 -29.9895 8.77243 -16.0193 8.03128 2
823 -20.292 10.8696 -16.5808 10.9304 4
824 -29.9895 8.77243 -16.0193 8.03128 2
825 RANDOM
826 -18.9316 11.1533 -16.0293 11.3964 4
827 -28.9076 8.72784 -15.8957 8.03236 2
828 -18.9316 11.1533 -16.0293 11.3964 4
829 -28.9076 8.72784 -15.8957 8.03236 2
830 -18.9316 11.1533 -16.0293 11.3964 4
831 -28.9076 8.72784 -15.8957 8.03236 2
832 -18.9316 11.1533 -16.0293 11.3964 4
833 -28.9076 8.72784 -15.8957 8.03236 2
834 -18.9316 11.1533 -16.0293 11.3964 4
835 -28.9076 8.72784 -15.8957 8.03236 2
836 -18.9316 11.1533 -16.0293 11.3964 4
837 -28.9076 8.72784 -15.8957 8.03236 2
838 -18.9316 11.1533 -16.0293 11.3964 4
839 -28.9076 8.72784 -15.8957 8.03236 2
840 RANDOM
841 -17.8453 9.64886 -12.0256 9.27444 2
842 -16.2816 10.3459 -11.8245 10.1276 2
843 -14.884 11.4322 -11.7362 11.3681 2
844 -13.6995 12.7129 -11.9195 12.8272 4
845 RANDOM
846 -25.8293 8.47187 -9.58306 8.84235 4
847 -27.1242 8.40139 -9.30896 8.94671 4
848 -28.0657 8.66844 -15.7217 8.01529 2
849 -17.8453 9.64886 -12.0256 9.27444 2
850 -16.2816 10.3459 -11.8245 10.1276 2
851 RANDOM
852 -13.6995 12.7129 -11.9195 12.8272 4
853 -24.6364 8.53617 -9.9157 8.74729 4
854 -25.8293 8.47187 -9.58306 8.84235 4
855 -27.1242 8.40139 -9.30896 8.94671 4
856 -28.0657 8.66844 -15.7217 8.01529 2
857 -17.8453 9.64886 -12.0256 9.27444 2
858 -16.2816 10.3459 -11.8245 10.1276 2
859 -14.884 11.4322 -11.7362 11.3681 2
860 -13.6995 12.7129 -11.9195 12.8272 4
861 -24.6364 8.53617 -9.9157 8.74729 4
862 -25.8293 8.47187 -9.58306 8.84235 4
863 -27.1242 8.40139 -9.30896 8.94671 4
864 -28.0657 8.66844 -15.7217 8.01529 2
865 -17.8453 9.64886 -12.0256 9.27444 2
866 -16.2816 10.3459 -11.8245 10.1276 2
867 -14.884 11.4322 -11.7362 11.3681 2
868 -13.6995 12.7129 -11.9195 12.8272 4
869 -24.6364 8.53617 -9.9157 8.74729 4
870 -25.8293 8.47187 -9.58306 8.84235 4
871 RANDOM
872 -28.0657 8.66844 -15.7217 8.01529 2
873 -17.8453 9.64886 -12.0256 9.27444 2
874 -16.2816 10.3459 -11.8245 10.1276 2
875 -14.884 11.4322 -11.7362 11.3681 2
876 -13.6995 12.7129 -11.9195 12.8272 4
877 -24.6364 8.53617 -9.9157 8.74729 4
878 -25.8293 8.47187 -9.58306 8.84235 4
879 -27.1242 8.40139 -9.30896 8.94671 4
880 -28.0657 8.66844 -15.7217 8.01529 2
881 RANDOM
882 -16.2816 10.3459 -11.8245 10.1276 2
883 -14.884 11.4322 -11.7362 11.3681 2
884 -13.6995 12.7129 -11.9195 12.8272 4
885 -24.6364 8.53617 -9.9157 8.74729 4
886 -25.8293 8.47187 -9.58306 8.84235 4
887 -27.1242 8.40139 -9.30896 8.94671 4
888 -28.0657 8.66844 -15.7217 8.01529 2
889 -17.8453 9.64886 -12.0256 9.27444 2
890 -16.2816 10.3459 -11.8245 10.1276 2
891 -14.884 11.4322 -11.7362 11.3681 2
892 -13.6995 12.7129 -11.9195 12.8272 4
893 -24.6364 8.53617 -9.9157 8.74729 4
894 -25.8293 8.47187 -9.58306 8.84235 4
895 RANDOM
896 -28.0657 8.66844 -15.7217 8.01529 2
897 -17.8453 9.64886 -12.0256 9.27444 2
898 -16.2816 10.3459 -11.8245 10.1276 2
899 -14.884 11.4322 -11.7362 11.3681 2
900 -13.6995 12.7129 -11.9195 12.8272 4
901 -24.6364 8.53617 -9.9157 8.74729 4
902 -25.8293 8.47187 -9.58306 8.84235 4
903 -27.1242 8.40139 -9.30896 8.94671 4
904 -28.0657 8.66844 -15.7217 8.01529 2
905 -17.8453 9.64886 -12.0256 9.27444 2
906 -16.2816 10.3459 -11.8245 10.1276 2
907 -14.884 11.4322 -11.7362 11.3681 2
908 -13.6995 12.7129 -11.9195 12.8272 4
909 -24.6364 8.53617 -9.9157 8.74729 4
910 -25.8293 8.47187 -9.58306 8.84235 4
911 -27.1242 8.40139 -9.30896 8.94671 4
912 -28.0657 8.66844 -15.7217 8.01529 2
913 -17.8453 9.64886 -12.0256 9.27444 2
914 -16.2816 10.3459 -11.8245 10.1276 2
915 -14.884 11.4322 -11.7362 11.3681 2
916 -13.6995 12.7129 -11.9195 12.8272 4
917 -24.6364 8.53617 -9.9157 8.74729 4
918 -25.8293 8.47187 -9.58306 8.84235 4
919 -27.1242 8.40139 -9.30896 8.94671 4
920 -28.0657 8.66844 -15.7217 8.01529 2
921 -17.8453 9.64886 -12.0256 9.27444 2
922 RANDOM
923 -14.884 11.4322 -11.7362 11.3681 2
924 -13.6995 12.7129 -11.9195 12.8272 4
925 -24.6364 8.53617 -9.9157 8.74729 4
926 -25.8293 8.47187 -9.58306 8.84235 4
927 -27.1242 8.40139 -9.30896 8.94671 4
928 -28.0657 8.66844 -15.7217 8.01529 2
929 RANDOM
930 -16.2816 10.3459 -11.8245 10.1276 2
931 -14.884 11.4322 -11.7362 11.3681 2
932 -13.6995 12.7129 -11.9195 12.8272 4
933 -24.6364 8.53617 -9.9157 8.74729 4
934 -25.8293 8.47187 -9.58306 8.84235 4
935 -27.1242 8.40139 -9.30896 8.94671 4
936 -28.0657 8.66844 -15.7217 8.01529 2
937 RANDOM
938 -16.2816 10.3459 -11.8245 10.1276 2
939 -14.884 11.4322 -11.7362 11.3681 2
940 -13.6995 12.7129 -11.9195 12.8272 4
941 RANDOM
942 -25.8293 8.47187 -9.58306 8.84235 4
943 -27.1242 8.40139 -9.30896 8.94671 4
944 -28.0657 8.66844 -15.7217 8.01529 2
945 -17.8453 9.64886 -12.0256 9.27444 2
946 -16.2816 10.3459 -11.8245 10.1276 2
947 -14.884 11.4322 -11.7362 11.3681 2
948 -13.6995 12.7129 -11.9195 12.8272 4
949 RANDOM
950 -25.8293 8.47187 -9.58306 8.84235 4
951 -27.1242 8.40139 -9.30896 8.94671 4
952 -28.0657 8.66844 -15.7217 8.01529 2
953 -17.8453 9.64886 -12.0256 9.27444 2
954 -16.2816 10.3459 -11.8245 10.1276 2
955 RANDOM
956 -13.6995 12.7129 -11.9195 12.8272 4
957 -24.6364 8.53617 -9.9157 8.74729 4
958 -25.8293 8.47187 -9.58306 8.84235 4
959 -27.1242 8.40139 -9.30896 8.94671 4
960 -28.0657 8.66844 -15.7217 8.01529 2
961 -17.8453 9.64886 -12.0256 9.27444 2
962 -16.2816 10.3459 -11.8245 10.1276 2
963 -14.884 11.4322 -11.7362 11.3681 2
964 -13.6995 12.7129 -11.9195 12.8272 4
965 -24.6364 8.53617 -9.9157 8.74729 4
966 -25.8293 8.47187 -9.58306 8.84235 4
967 -27.1242 8.40139 -9.30896 8.94671 4
968 -28.0657 8.66844 -15.7217 8.01529 2
969 -17.8453 9.64886 -12.0256 9.27444 2
970 -16.2816 10.3459 -11.8245 10.1276 2
971 -14.884 11.4322 -11.7362 11.3681 2
972 -13.6995 12.7129 -11.9195 12.8272 4
973 -24.6364 8.53617 -9.9157 8.74729 4
974 -25.8293 8.47187 -9.58306 8.84235 4
975 -27.1242 8.40139 -9.30896 8.94671 4
976 -28.0657 8.66844 -15.7217 8.01529 2
977 -17.8453 9.64886 -12.0256 9.27444 2
978 -16.2816 10.3459 -11.8245 10.1276 2
979 -14.884 11.4322 -11.7362 11.3681 2
980 RANDOM
981 -7.26912 15.0246 -9.0244 14.9002 2
982 -13.1573 11.4997 -10.8762 11.3602 2
