0 -14.1647 81.5568 -9.51618 66.2799 2
1 -12.5558 78.5161 -8.26237 63.3729 2
2 -11.138 76.1494 -7.07877 60.8936 2
3 -9.77447 77.7871 -2.41099 56.201 2
4 -8.15891 72.86 -1.37764 52.2986 2
5 -6.91611 68.8607 -0.481141 49.1077 2
6 -6.41383 60.7556 -0.97491 43.1539 2
7 -3.12738 66.1421 9.90092 40.9336 2
8 -1.98117 62.4825 9.62166 38.7959 2
9 -1.3001 58.4744 8.92851 36.3301 2
10 -1.49642 51.702 6.75471 31.9956 2
11 -3.36044 57.3287 7.04439 35.1476 2
12 -2.35753 53.5328 6.6462 32.9163 2
13 -1.66902 50.3401 6.21777 31.0548 2
14 -1.60165 43.7222 4.3826 26.9784 2
15 -5.03142 49.0567 3.36015 29.3777 2
16 -4.78977 44.5611 2.1618 26.6866 2
17 -4.46577 41.5073 1.56699 24.926 2
18 -4.04556 35.3684 0.294278 21.3227 2
19 -6.64308 37.0346 -0.597086 20.9594 2
20 -6.46738 32.3006 -1.79453 18.2754 2
21 -6.30362 29.5752 -2.48792 16.8003 2
22 -5.7556 24.6876 -3.46165 14.1221 2
23 -7.61216 27.6077 -3.31232 14.4762 2
24 -7.40264 24.3629 -4.04363 12.5754 2
25 -7.27456 22.443 -4.5152 11.5636 2
26 -7.01654 18.1324 -5.54366 9.3867 2
27 -7.47294 20.996 -4.8197 10.0825 2
28 -7.28641 17.5495 -5.6016 8.11888 2
29 -7.17838 15.0524 -6.13331 6.75046 2
30 -6.90779 12.0916 -6.53466 5.48365 2
31 -8.39045 15.659 -6.70815 6.40718 2
32 -7.94361 13.7832 -6.87908 5.52123 2
33 -7.69162 11.7474 -7.15913 4.47569 2
34 -7.37336 10.8131 -7.00249 4.36361 2
35 -7.52573 8.7166 -7.59574 2.23952 2
36 -7.13757 7.03249 -7.40563 1.61396 2
37 -6.88489 5.19398 -7.32153 0.728156 2
38 -6.61551 3.83961 -6.98591 0.13225 2
39 -7.10921 -3.81198 -8.3541 -5.55938 2
40 -6.61429 -3.19511 -7.84074 -5.14344 2
41 -6.29957 -2.52843 -7.46196 -4.56414 2
42 -6.00831 -0.686685 -6.78442 -2.63774 2
43 -6.46147 -2.98618 -7.63327 -4.88884 2
44 -6.0924 -2.15053 -7.20398 -4.18392 2
45 -6.03628 -1.66692 -7.05269 -3.70531 2
46 -6.00859 -0.0718067 -6.61632 -1.9837 2
47 -7.53921 -4.49877 -8.56346 -6.13088 2
48 -7.21431 -3.81032 -8.20529 -5.52038 2
49 -6.9605 -3.27336 -7.93333 -5.06118 2
50 -6.44748 -1.23755 -7.10221 -3.11232 2
51 -6.44748 -1.23755 -7.10221 -3.11232 2
