0 -19.262 91.8631 -11.4424 75.9202 2
1 -17.7409 87.0689 -10.5395 71.67 2
2 -16.4111 82.9827 -9.73624 67.9345 2
3 -15.2163 84.2502 -6.32303 64.0764 2
4 -13.8017 78.0639 -5.87332 59.0523 2
5 -12.6211 73.1674 -5.37234 54.9938 2
6 -11.7955 64.6369 -5.71918 48.3827 2
7 -8.19741 71.1903 5.47173 47.6803 2
8 -7.68137 66.1965 4.27045 44.4955 2
9 -7.17082 61.3947 3.21639 41.3458 2
10 -7.05498 54.5776 1.29034 36.7618 2
11 -8.45954 63.0556 2.66191 42.1363 2
12 -7.80747 58.4639 1.76959 39.1536 2
13 -7.24827 54.5464 1.04129 36.5753 2
14 -7.05765 47.3937 -0.873836 31.8588 2
15 -9.06254 58.2844 0.801812 38.6946 2
16 -8.66737 52.6887 -0.567669 34.965 2
17 -8.23989 48.9315 -1.35872 32.5554 2
18 -7.93166 42.0047 -2.9476 28.1478 2
19 -9.37115 52.6644 -0.893689 34.2066 2
20 -9.14686 46.9315 -2.32387 30.6273 2
21 -8.97504 42.4702 -3.37386 27.8787 2
22 -8.69294 35.2941 -5.09014 23.472 2
23 -10.4278 46.0139 -3.26311 29.3797 2
24 -9.92939 42.3739 -3.86618 27.0902 2
25 -9.68134 39.5278 -4.43477 25.3586 2
26 -9.36509 32.7846 -6.02959 21.3396 2
27 -10.0682 39.0898 -4.7273 24.5288 2
28 -9.7961 34.49 -5.72393 21.6362 2
29 -9.60796 31.1076 -6.48546 19.5615 2
30 -9.3089 26.1636 -7.61017 16.804 2
31 -11.9199 28.9951 -8.46351 17.4416 2
32 -11.1137 26.814 -8.54927 16.2059 2
33 -10.4459 24.5507 -8.71883 14.8667 2
34 -10.0849 22.729 -8.74991 14.1681 2
35 -10.3078 20.256 -9.44795 11.0264 2
36 -9.82141 17.9142 -9.38106 9.89013 2
37 -9.38242 16.0042 -9.15324 8.86231 2
38 -9.05074 14.4709 -8.78723 8.25001 2
39 -8.25106 3.8562 -9.71383 -0.485304 2
40 -7.82307 4.92853 -9.1384 0.539043 2
41 -7.78003 5.72609 -8.8627 1.32062 2
42 -7.75968 8.08565 -8.26285 3.32708 2
43 -7.75837 4.71644 -9.04652 0.398002 2
44 -7.75119 5.86682 -8.75853 1.48517 2
45 -7.81503 6.65624 -8.63138 2.1459 2
46 -7.78374 8.48394 -8.16452 3.76954 2
47 -8.39942 2.71097 -9.96382 -1.79365 2
48 -8.41302 3.30118 -9.7732 -1.05009 2
49 -8.42337 3.79777 -9.61159 -0.432943 2
50 -8.29426 6.25665 -8.88681 1.78326 2
51 -8.29426 6.25665 -8.88681 1.78326 2
