0 1.67427 34.4511 23.5886 36.0887 4
1 RANDOM
2 1.67427 34.4511 23.5886 36.0887 4
3 1.67427 34.4511 23.5886 36.0887 4
4 1.67427 34.4511 23.5886 36.0887 4
5 1.67427 34.4511 23.5886 36.0887 4
6 1.67427 34.4511 23.5886 36.0887 4
7 1.67427 34.4511 23.5886 36.0887 4
8 1.67427 34.4511 23.5886 36.0887 4
9 1.67427 34.4511 23.5886 36.0887 4
10 1.67427 34.4511 23.5886 36.0887 4
11 1.67427 34.4511 23.5886 36.0887 4
12 1.67427 34.4511 23.5886 36.0887 4
13 1.67427 34.4511 23.5886 36.0887 4
14 1.67427 34.4511 23.5886 36.0887 4
15 1.67427 34.4511 23.5886 36.0887 4
16 1.67427 34.4511 23.5886 36.0887 4
17 1.67427 34.4511 23.5886 36.0887 4
18 1.67427 34.4511 23.5886 36.0887 4
19 1.67427 34.4511 23.5886 36.0887 4
20 1.67427 34.4511 23.5886 36.0887 4
21 1.67427 34.4511 23.5886 36.0887 4
22 1.67427 34.4511 23.5886 36.0887 4
23 1.67427 34.4511 23.5886 36.0887 4
24 1.67427 34.4511 23.5886 36.0887 4
25 1.67427 34.4511 23.5886 36.0887 4
26 1.67427 34.4511 23.5886 36.0887 4
27 1.67427 34.4511 23.5886 36.0887 4
28 1.67427 34.4511 23.5886 36.0887 4
29 1.67427 34.4511 23.5886 36.0887 4
30 1.67427 34.4511 23.5886 36.0887 4
31 RANDOM
32 1.67427 34.4511 23.5886 36.0887 4
33 1.67427 34.4511 23.5886 36.0887 4
34 1.67427 34.4511 23.5886 36.0887 4
35 1.67427 34.4511 23.5886 36.0887 4
36 1.67427 34.4511 23.5886 36.0887 4
37 1.67427 34.4511 23.5886 36.0887 4
38 1.67427 34.4511 23.5886 36.0887 4
39 1.67427 34.4511 23.5886 36.0887 4
40 1.67427 34.4511 23.5886 36.0887 4
41 1.67427 34.4511 23.5886 36.0887 4
42 -5.6339 41.0194 7.22239 88.1088 4
43 -6.15555 45.1822 10.2624 92.2042 4
44 -7.6883 49.6018 13.5969 97.2414 4
45 -9.57098 54.913 18.4498 102.661 4
46 -4.52174 36.6108 2.5621 83.4227 4
47 -3.91892 33.7003 3.90455 76.8758 4
48 -3.39144 31.1536 5.07867 71.1456 4
49 -2.85066 28.5534 6.28773 65.2716 4
50 11.8642 62.2114 69.4613 60.5612 3
51 1.80564 41.5616 35.6357 40.6258 2
