0 -3.36052 29.1015 3.87642 30.1409 4
1 -3.36052 29.1015 3.87642 30.1409 4
2 -3.36052 29.1015 3.87642 30.1409 4
3 -3.36052 29.1015 3.87642 30.1409 4
4 -3.36052 29.1015 3.87642 30.1409 4
5 -3.36052 29.1015 3.87642 30.1409 4
6 -3.36052 29.1015 3.87642 30.1409 4
7 -3.36052 29.1015 3.87642 30.1409 4
8 -3.36052 29.1015 3.87642 30.1409 4
9 -3.36052 29.1015 3.87642 30.1409 4
10 -3.36052 29.1015 3.87642 30.1409 4
11 -3.36052 29.1015 3.87642 30.1409 4
12 -3.36052 29.1015 3.87642 30.1409 4
13 -3.36052 29.1015 3.87642 30.1409 4
14 -3.36052 29.1015 3.87642 30.1409 4
15 -3.36052 29.1015 3.87642 30.1409 4
16 -3.36052 29.1015 3.87642 30.1409 4
17 -3.36052 29.1015 3.87642 30.1409 4
18 RANDOM
19 -3.36052 29.1015 3.87642 30.1409 4
20 -3.36052 29.1015 3.87642 30.1409 4
