0 -189.507 184.487 -380.785 145.891 2
1 -191.192 186.783 -389.609 161.664 2
2 RANDOM
3 -256.923 174.385 -336.511 172.908 2
4 -256.298 163.84 -331.21 154.923 2
5 -262.836 166.955 -317.432 149.184 2
6 -216.659 172.23 -365.265 175.219 4
7 -263.352 160.019 -344.816 156.647 2
8 -216.659 172.23 -365.265 175.219 4
9 -263.352 160.019 -344.816 156.647 2
10 -216.659 172.23 -365.265 175.219 4
11 -263.352 160.019 -344.816 156.647 2
12 -216.659 172.23 -365.265 175.219 4
13 -263.352 160.019 -344.816 156.647 2
14 -216.659 172.23 -365.265 175.219 4
15 -263.352 160.019 -344.816 156.647 2
16 RANDOM
17 RANDOM
18 -257.739 155.502 -312.328 127.458 2
19 -261.479 150.208 -312.486 125.845 2
