0 -9.84006 47.819 -3.86442 51.5307 4
1 -22.3156 48.5473 -12.8752 54.8968 4
2 -14.6325 45.2433 -8.35319 51.8599 4
3 -15.0221 44.6843 -8.62004 51.3566 4
4 -15.6209 45.1014 -8.93065 51.8796 4
5 -16.2046 46.8911 -9.12816 53.8737 4
6 -13.6585 38.7592 -8.15901 44.8569 4
7 -14.0994 38.7673 -8.41557 44.9057 4
8 -14.7961 39.0917 -8.7956 45.3036 4
9 -15.63 39.9229 -9.23196 46.292 4
10 -10.665 32.3326 -6.21521 37.656 4
11 -10.8464 32.5225 -6.28986 37.9136 4
12 -11.1605 32.571 -6.53142 38.0104 4
13 -11.5844 33.6347 -6.86119 39.2711 4
14 -10.1624 30.3293 -7.28031 36.4881 4
15 -10.6033 30.5624 -7.53852 36.7907 4
16 -11.0594 31.1201 -7.82409 37.4751 4
17 -11.5241 31.9273 -8.13577 38.4567 4
18 -9.86567 25.7617 -6.94914 30.8502 4
19 -10.2693 26.1429 -7.1968 31.3217 4
20 -10.7654 26.9003 -7.51842 32.2331 4
21 -11.3403 28.4654 -7.91711 34.1036 4
22 -12.2545 20.653 -7.93088 24.9306 4
23 -12.7161 20.8503 -8.18732 25.2801 4
24 -13.2854 21.1973 -8.51433 25.83 4
25 -13.9794 22.3791 -8.88589 27.2706 4
26 -15.0851 18.2949 -7.7364 20.0166 4
27 -15.5809 17.8605 -7.83553 19.4455 4
28 -16.2465 18.1095 -8.14567 19.6865 4
29 -16.9307 19.0268 -8.50517 20.6647 4
30 -17.6023 13.6107 -8.39951 14.7183 4
31 -18.2338 13.1732 -8.52659 14.195 4
32 -18.984 12.9309 -8.76315 13.8875 4
33 -19.7894 12.9034 -9.04417 13.8065 4
34 -11.5642 9.2464 -4.20204 9.48082 4
35 -11.7281 9.86247 -4.28155 10.2959 4
36 -12.189 10.2982 -4.46419 10.8254 4
37 -12.7912 10.9313 -4.74597 11.603 4
38 -9.22116 7.48614 -0.942377 6.10571 2
39 -3.07645 7.64272 -0.025691 6.5809 2
40 -2.60259 7.09388 0.0801501 6.13126 2
41 -1.93434 6.85473 0.494448 5.98762 2
42 RANDOM
43 RANDOM
44 -3.53429 7.86427 -0.9656 7.28605 2
45 -2.61577 8.23706 -0.371306 7.75059 2
46 -2.07321 8.58156 0.000520352 8.16152 2
47 RANDOM
48 -1.14643 8.65743 0.502404 8.55034 2
49 -0.791491 9.00249 0.754753 8.90391 2
50 -0.603539 9.42309 0.883812 9.35998 2
51 0.415465 10.0718 1.59713 10.3175 4
52 -9.61932 5.55293 -3.69117 5.49097 2
53 0.415465 10.0718 1.59713 10.3175 4
54 -9.61932 5.55293 -3.69117 5.49097 2
55 0.415465 10.0718 1.59713 10.3175 4
56 -9.61932 5.55293 -3.69117 5.49097 2
57 0.415465 10.0718 1.59713 10.3175 4
58 -9.61932 5.55293 -3.69117 5.49097 2
59 0.415465 10.0718 1.59713 10.3175 4
60 -9.61932 5.55293 -3.69117 5.49097 2
61 0.415465 10.0718 1.59713 10.3175 4
62 -9.61932 5.55293 -3.69117 5.49097 2
63 0.415465 10.0718 1.59713 10.3175 4
64 -9.61932 5.55293 -3.69117 5.49097 2
65 0.415465 10.0718 1.59713 10.3175 4
66 -9.61932 5.55293 -3.69117 5.49097 2
67 0.415465 10.0718 1.59713 10.3175 4
68 RANDOM
69 -10.1451 5.29935 -3.8176 5.17802 2
70 -0.603539 9.42309 0.883812 9.35998 2
71 0.415465 10.0718 1.59713 10.3175 4
72 -9.61932 5.55293 -3.69117 5.49097 2
73 0.415465 10.0718 1.59713 10.3175 4
74 -9.61932 5.55293 -3.69117 5.49097 2
75 0.415465 10.0718 1.59713 10.3175 4
76 -9.61932 5.55293 -3.69117 5.49097 2
77 0.415465 10.0718 1.59713 10.3175 4
78 -9.61932 5.55293 -3.69117 5.49097 2
79 0.415465 10.0718 1.59713 10.3175 4
80 RANDOM
81 -10.1451 5.29935 -3.8176 5.17802 2
82 -0.603539 9.42309 0.883812 9.35998 2
83 0.415465 10.0718 1.59713 10.3175 4
84 -9.61932 5.55293 -3.69117 5.49097 2
85 0.415465 10.0718 1.59713 10.3175 4
86 -9.61932 5.55293 -3.69117 5.49097 2
87 0.415465 10.0718 1.59713 10.3175 4
88 -9.61932 5.55293 -3.69117 5.49097 2
89 0.415465 10.0718 1.59713 10.3175 4
90 -9.61932 5.55293 -3.69117 5.49097 2
91 0.415465 10.0718 1.59713 10.3175 4
92 -9.61932 5.55293 -3.69117 5.49097 2
93 0.415465 10.0718 1.59713 10.3175 4
94 -9.61932 5.55293 -3.69117 5.49097 2
95 0.415465 10.0718 1.59713 10.3175 4
96 -9.61932 5.55293 -3.69117 5.49097 2
97 0.415465 10.0718 1.59713 10.3175 4
98 -9.61932 5.55293 -3.69117 5.49097 2
99 0.415465 10.0718 1.59713 10.3175 4
100 -9.58523 5.612 -3.64906 5.56022 2
101 0.494415 10.1724 1.68246 10.4189 4
102 -9.58523 5.612 -3.64906 5.56022 2
103 0.494415 10.1724 1.68246 10.4189 4
104 -9.58523 5.612 -3.64906 5.56022 2
105 0.494415 10.1724 1.68246 10.4189 4
106 -9.58523 5.612 -3.64906 5.56022 2
107 0.494415 10.1724 1.68246 10.4189 4
108 -9.58523 5.612 -3.64906 5.56022 2
109 0.494415 10.1724 1.68246 10.4189 4
110 -9.58523 5.612 -3.64906 5.56022 2
111 0.494415 10.1724 1.68246 10.4189 4
112 -9.58523 5.612 -3.64906 5.56022 2
113 0.494415 10.1724 1.68246 10.4189 4
114 -9.58523 5.612 -3.64906 5.56022 2
115 0.494415 10.1724 1.68246 10.4189 4
116 -9.58523 5.612 -3.64906 5.56022 2
117 0.494415 10.1724 1.68246 10.4189 4
118 -9.58523 5.612 -3.64906 5.56022 2
119 0.494415 10.1724 1.68246 10.4189 4
120 -9.58523 5.612 -3.64906 5.56022 2
121 0.494415 10.1724 1.68246 10.4189 4
122 -9.58523 5.612 -3.64906 5.56022 2
123 0.494415 10.1724 1.68246 10.4189 4
124 -9.58523 5.612 -3.64906 5.56022 2
125 0.494415 10.1724 1.68246 10.4189 4
126 -9.58523 5.612 -3.64906 5.56022 2
127 0.494415 10.1724 1.68246 10.4189 4
128 -9.58523 5.612 -3.64906 5.56022 2
129 0.494415 10.1724 1.68246 10.4189 4
130 -9.58523 5.612 -3.64906 5.56022 2
131 0.494415 10.1724 1.68246 10.4189 4
132 -9.58523 5.612 -3.64906 5.56022 2
133 0.494415 10.1724 1.68246 10.4189 4
134 -9.58523 5.612 -3.64906 5.56022 2
135 0.494415 10.1724 1.68246 10.4189 4
136 -9.58523 5.612 -3.64906 5.56022 2
137 0.494415 10.1724 1.68246 10.4189 4
138 -9.58523 5.612 -3.64906 5.56022 2
139 0.494415 10.1724 1.68246 10.4189 4
140 -9.58523 5.612 -3.64906 5.56022 2
141 0.494415 10.1724 1.68246 10.4189 4
142 -9.58523 5.612 -3.64906 5.56022 2
143 0.494415 10.1724 1.68246 10.4189 4
144 -9.58523 5.612 -3.64906 5.56022 2
145 0.494415 10.1724 1.68246 10.4189 4
146 -9.58523 5.612 -3.64906 5.56022 2
147 0.494415 10.1724 1.68246 10.4189 4
148 -9.58523 5.612 -3.64906 5.56022 2
149 0.494415 10.1724 1.68246 10.4189 4
150 -9.58523 5.612 -3.64906 5.56022 2
151 0.494415 10.1724 1.68246 10.4189 4
152 -9.58523 5.612 -3.64906 5.56022 2
153 0.494415 10.1724 1.68246 10.4189 4
154 -9.58523 5.612 -3.64906 5.56022 2
155 0.494415 10.1724 1.68246 10.4189 4
156 -9.58523 5.612 -3.64906 5.56022 2
157 0.494415 10.1724 1.68246 10.4189 4
158 -9.58523 5.612 -3.64906 5.56022 2
159 0.494415 10.1724 1.68246 10.4189 4
160 -9.58523 5.612 -3.64906 5.56022 2
161 0.494415 10.1724 1.68246 10.4189 4
162 -9.58523 5.612 -3.64906 5.56022 2
163 0.494415 10.1724 1.68246 10.4189 4
164 -9.58523 5.612 -3.64906 5.56022 2
165 0.494415 10.1724 1.68246 10.4189 4
166 -9.58523 5.612 -3.64906 5.56022 2
167 0.494415 10.1724 1.68246 10.4189 4
168 -9.58523 5.612 -3.64906 5.56022 2
169 0.494415 10.1724 1.68246 10.4189 4
170 -9.58523 5.612 -3.64906 5.56022 2
171 0.494415 10.1724 1.68246 10.4189 4
172 -9.58523 5.612 -3.64906 5.56022 2
173 0.494415 10.1724 1.68246 10.4189 4
174 -9.58523 5.612 -3.64906 5.56022 2
175 0.494415 10.1724 1.68246 10.4189 4
176 -9.58523 5.612 -3.64906 5.56022 2
177 0.494415 10.1724 1.68246 10.4189 4
178 -9.58523 5.612 -3.64906 5.56022 2
179 0.494415 10.1724 1.68246 10.4189 4
180 -9.58523 5.612 -3.64906 5.56022 2
181 0.494415 10.1724 1.68246 10.4189 4
182 -9.58523 5.612 -3.64906 5.56022 2
183 0.494415 10.1724 1.68246 10.4189 4
184 -9.58523 5.612 -3.64906 5.56022 2
185 0.494415 10.1724 1.68246 10.4189 4
186 -9.58523 5.612 -3.64906 5.56022 2
187 0.494415 10.1724 1.68246 10.4189 4
188 -9.58523 5.612 -3.64906 5.56022 2
189 0.494415 10.1724 1.68246 10.4189 4
190 -9.58523 5.612 -3.64906 5.56022 2
191 0.494415 10.1724 1.68246 10.4189 4
192 -9.58523 5.612 -3.64906 5.56022 2
193 0.494415 10.1724 1.68246 10.4189 4
194 -9.58523 5.612 -3.64906 5.56022 2
195 0.494415 10.1724 1.68246 10.4189 4
196 -9.58523 5.612 -3.64906 5.56022 2
197 0.494415 10.1724 1.68246 10.4189 4
198 -9.58523 5.612 -3.64906 5.56022 2
199 0.494415 10.1724 1.68246 10.4189 4
200 -9.58523 5.612 -3.64906 5.56022 2
201 0.494415 10.1724 1.68246 10.4189 4
202 -9.58523 5.612 -3.64906 5.56022 2
203 0.494415 10.1724 1.68246 10.4189 4
204 -9.58523 5.612 -3.64906 5.56022 2
205 0.494415 10.1724 1.68246 10.4189 4
206 -9.58523 5.612 -3.64906 5.56022 2
207 0.494415 10.1724 1.68246 10.4189 4
208 -9.58523 5.612 -3.64906 5.56022 2
209 0.494415 10.1724 1.68246 10.4189 4
210 -9.58523 5.612 -3.64906 5.56022 2
211 0.494415 10.1724 1.68246 10.4189 4
212 -9.58523 5.612 -3.64906 5.56022 2
213 0.494415 10.1724 1.68246 10.4189 4
214 -9.58523 5.612 -3.64906 5.56022 2
215 0.494415 10.1724 1.68246 10.4189 4
216 -9.58523 5.612 -3.64906 5.56022 2
217 0.494415 10.1724 1.68246 10.4189 4
218 -9.58523 5.612 -3.64906 5.56022 2
219 0.494415 10.1724 1.68246 10.4189 4
220 -9.58523 5.612 -3.64906 5.56022 2
221 0.494415 10.1724 1.68246 10.4189 4
222 -9.58523 5.612 -3.64906 5.56022 2
223 0.494415 10.1724 1.68246 10.4189 4
224 -9.58523 5.612 -3.64906 5.56022 2
225 0.494415 10.1724 1.68246 10.4189 4
226 -9.58523 5.612 -3.64906 5.56022 2
227 0.494415 10.1724 1.68246 10.4189 4
228 RANDOM
229 -10.1083 5.35849 -3.77257 5.24709 2
230 -0.508739 9.57588 0.99742 9.51496 2
231 0.494415 10.1724 1.68246 10.4189 4
232 -9.58523 5.612 -3.64906 5.56022 2
233 0.494415 10.1724 1.68246 10.4189 4
234 -9.58523 5.612 -3.64906 5.56022 2
235 0.494415 10.1724 1.68246 10.4189 4
236 -9.58523 5.612 -3.64906 5.56022 2
237 0.494415 10.1724 1.68246 10.4189 4
238 -9.58523 5.612 -3.64906 5.56022 2
239 0.494415 10.1724 1.68246 10.4189 4
240 -9.58523 5.612 -3.64906 5.56022 2
241 0.494415 10.1724 1.68246 10.4189 4
242 -9.58523 5.612 -3.64906 5.56022 2
243 0.494415 10.1724 1.68246 10.4189 4
244 -9.58523 5.612 -3.64906 5.56022 2
245 0.494415 10.1724 1.68246 10.4189 4
246 -9.58523 5.612 -3.64906 5.56022 2
247 0.494415 10.1724 1.68246 10.4189 4
248 -9.58523 5.612 -3.64906 5.56022 2
249 0.494415 10.1724 1.68246 10.4189 4
250 -9.58523 5.612 -3.64906 5.56022 2
251 0.494415 10.1724 1.68246 10.4189 4
252 -9.58523 5.612 -3.64906 5.56022 2
253 0.494415 10.1724 1.68246 10.4189 4
254 RANDOM
255 -10.1083 5.35849 -3.77257 5.24709 2
256 -0.508739 9.57588 0.99742 9.51496 2
257 0.494415 10.1724 1.68246 10.4189 4
258 -9.58523 5.612 -3.64906 5.56022 2
259 0.494415 10.1724 1.68246 10.4189 4
260 -9.58523 5.612 -3.64906 5.56022 2
261 0.494415 10.1724 1.68246 10.4189 4
262 -9.58523 5.612 -3.64906 5.56022 2
263 0.494415 10.1724 1.68246 10.4189 4
264 -9.58523 5.612 -3.64906 5.56022 2
265 0.494415 10.1724 1.68246 10.4189 4
266 -9.58523 5.612 -3.64906 5.56022 2
267 0.494415 10.1724 1.68246 10.4189 4
268 -9.58523 5.612 -3.64906 5.56022 2
269 0.494415 10.1724 1.68246 10.4189 4
270 -9.58523 5.612 -3.64906 5.56022 2
271 0.494415 10.1724 1.68246 10.4189 4
272 -9.58523 5.612 -3.64906 5.56022 2
273 0.494415 10.1724 1.68246 10.4189 4
274 -9.58523 5.612 -3.64906 5.56022 2
275 0.494415 10.1724 1.68246 10.4189 4
276 -9.58523 5.612 -3.64906 5.56022 2
277 0.494415 10.1724 1.68246 10.4189 4
278 -9.58523 5.612 -3.64906 5.56022 2
279 RANDOM
280 1.80589 9.79416 2.84332 9.85123 4
281 -10.8369 7.95323 -6.2487 10.3555 4
282 RANDOM
283 -10.1083 5.35849 -3.77257 5.24709 2
284 -0.508739 9.57588 0.99742 9.51496 2
285 0.494415 10.1724 1.68246 10.4189 4
286 -9.58523 5.612 -3.64906 5.56022 2
287 0.494415 10.1724 1.68246 10.4189 4
288 -9.58523 5.612 -3.64906 5.56022 2
289 0.494415 10.1724 1.68246 10.4189 4
290 -9.58523 5.612 -3.64906 5.56022 2
291 0.494415 10.1724 1.68246 10.4189 4
292 -9.58523 5.612 -3.64906 5.56022 2
293 0.494415 10.1724 1.68246 10.4189 4
294 -9.58523 5.612 -3.64906 5.56022 2
295 0.494415 10.1724 1.68246 10.4189 4
296 -9.58523 5.612 -3.64906 5.56022 2
297 0.494415 10.1724 1.68246 10.4189 4
298 -9.58523 5.612 -3.64906 5.56022 2
299 0.494415 10.1724 1.68246 10.4189 4
300 -9.58523 5.612 -3.64906 5.56022 2
301 0.494415 10.1724 1.68246 10.4189 4
302 -9.58523 5.612 -3.64906 5.56022 2
303 0.494415 10.1724 1.68246 10.4189 4
304 RANDOM
305 -10.1083 5.35849 -3.77257 5.24709 2
306 -0.508739 9.57588 0.99742 9.51496 2
307 0.494415 10.1724 1.68246 10.4189 4
308 -9.58523 5.612 -3.64906 5.56022 2
309 0.494415 10.1724 1.68246 10.4189 4
310 -9.58523 5.612 -3.64906 5.56022 2
311 0.494415 10.1724 1.68246 10.4189 4
312 -9.58523 5.612 -3.64906 5.56022 2
313 0.494415 10.1724 1.68246 10.4189 4
314 -9.58523 5.612 -3.64906 5.56022 2
315 0.494415 10.1724 1.68246 10.4189 4
316 -9.58523 5.612 -3.64906 5.56022 2
317 0.494415 10.1724 1.68246 10.4189 4
318 -9.58523 5.612 -3.64906 5.56022 2
319 0.494415 10.1724 1.68246 10.4189 4
320 -9.58523 5.612 -3.64906 5.56022 2
321 0.494415 10.1724 1.68246 10.4189 4
322 -9.58523 5.612 -3.64906 5.56022 2
323 RANDOM
324 1.80589 9.79416 2.84332 9.85123 4
325 -10.8369 7.95323 -6.2487 10.3555 4
326 -9.58523 5.612 -3.64906 5.56022 2
327 0.494415 10.1724 1.68246 10.4189 4
328 -9.58523 5.612 -3.64906 5.56022 2
329 0.494415 10.1724 1.68246 10.4189 4
330 -9.58523 5.612 -3.64906 5.56022 2
331 0.494415 10.1724 1.68246 10.4189 4
332 -9.58523 5.612 -3.64906 5.56022 2
333 0.494415 10.1724 1.68246 10.4189 4
334 RANDOM
335 -10.1083 5.35849 -3.77257 5.24709 2
336 -0.508739 9.57588 0.99742 9.51496 2
337 RANDOM
338 1.80589 9.79416 2.84332 9.85123 4
339 -10.8369 7.95323 -6.2487 10.3555 4
340 -9.58523 5.612 -3.64906 5.56022 2
341 0.494415 10.1724 1.68246 10.4189 4
342 -9.58523 5.612 -3.64906 5.56022 2
343 RANDOM
344 1.80589 9.79416 2.84332 9.85123 4
345 -10.8369 7.95323 -6.2487 10.3555 4
346 -9.58523 5.612 -3.64906 5.56022 2
347 0.494415 10.1724 1.68246 10.4189 4
348 -9.58523 5.612 -3.64906 5.56022 2
349 0.494415 10.1724 1.68246 10.4189 4
350 -9.58523 5.612 -3.64906 5.56022 2
351 0.494415 10.1724 1.68246 10.4189 4
352 -9.58523 5.612 -3.64906 5.56022 2
353 0.494415 10.1724 1.68246 10.4189 4
354 -9.58523 5.612 -3.64906 5.56022 2
355 0.494415 10.1724 1.68246 10.4189 4
356 -9.58523 5.612 -3.64906 5.56022 2
357 0.494415 10.1724 1.68246 10.4189 4
358 RANDOM
359 -10.1083 5.35849 -3.77257 5.24709 2
360 -0.508739 9.57588 0.99742 9.51496 2
361 0.494415 10.1724 1.68246 10.4189 4
362 -9.58523 5.612 -3.64906 5.56022 2
363 0.494415 10.1724 1.68246 10.4189 4
364 -9.58523 5.612 -3.64906 5.56022 2
365 0.494415 10.1724 1.68246 10.4189 4
366 -9.58523 5.612 -3.64906 5.56022 2
367 0.494415 10.1724 1.68246 10.4189 4
368 -9.58523 5.612 -3.64906 5.56022 2
369 0.494415 10.1724 1.68246 10.4189 4
370 RANDOM
371 -10.1083 5.35849 -3.77257 5.24709 2
372 RANDOM
373 0.494415 10.1724 1.68246 10.4189 4
374 -9.58523 5.612 -3.64906 5.56022 2
375 0.494415 10.1724 1.68246 10.4189 4
376 -9.58523 5.612 -3.64906 5.56022 2
377 0.494415 10.1724 1.68246 10.4189 4
378 -9.58523 5.612 -3.64906 5.56022 2
379 0.494415 10.1724 1.68246 10.4189 4
380 -9.58523 5.612 -3.64906 5.56022 2
381 0.494415 10.1724 1.68246 10.4189 4
382 -9.58523 5.612 -3.64906 5.56022 2
383 0.494415 10.1724 1.68246 10.4189 4
384 -9.58523 5.612 -3.64906 5.56022 2
385 0.494415 10.1724 1.68246 10.4189 4
386 -9.58523 5.612 -3.64906 5.56022 2
387 0.494415 10.1724 1.68246 10.4189 4
388 -9.58523 5.612 -3.64906 5.56022 2
389 0.494415 10.1724 1.68246 10.4189 4
390 -9.58523 5.612 -3.64906 5.56022 2
391 0.494415 10.1724 1.68246 10.4189 4
392 -9.58523 5.612 -3.64906 5.56022 2
393 0.494415 10.1724 1.68246 10.4189 4
394 -9.58523 5.612 -3.64906 5.56022 2
395 0.494415 10.1724 1.68246 10.4189 4
396 -9.58523 5.612 -3.64906 5.56022 2
397 0.494415 10.1724 1.68246 10.4189 4
398 -9.58523 5.612 -3.64906 5.56022 2
399 0.494415 10.1724 1.68246 10.4189 4
400 -9.58523 5.612 -3.64906 5.56022 2
401 0.494415 10.1724 1.68246 10.4189 4
402 -9.58523 5.612 -3.64906 5.56022 2
403 0.494415 10.1724 1.68246 10.4189 4
404 -9.58523 5.612 -3.64906 5.56022 2
405 0.494415 10.1724 1.68246 10.4189 4
406 -9.58523 5.612 -3.64906 5.56022 2
407 0.494415 10.1724 1.68246 10.4189 4
408 -9.58523 5.612 -3.64906 5.56022 2
409 0.494415 10.1724 1.68246 10.4189 4
410 -9.58523 5.612 -3.64906 5.56022 2
411 0.494415 10.1724 1.68246 10.4189 4
412 -9.58523 5.612 -3.64906 5.56022 2
413 0.494415 10.1724 1.68246 10.4189 4
414 -9.58523 5.612 -3.64906 5.56022 2
415 0.494415 10.1724 1.68246 10.4189 4
416 -9.58523 5.612 -3.64906 5.56022 2
417 0.494415 10.1724 1.68246 10.4189 4
418 -9.58523 5.612 -3.64906 5.56022 2
419 0.494415 10.1724 1.68246 10.4189 4
420 -9.58523 5.612 -3.64906 5.56022 2
421 0.494415 10.1724 1.68246 10.4189 4
422 -9.58523 5.612 -3.64906 5.56022 2
423 0.494415 10.1724 1.68246 10.4189 4
424 -9.58523 5.612 -3.64906 5.56022 2
425 0.494415 10.1724 1.68246 10.4189 4
426 -9.58523 5.612 -3.64906 5.56022 2
427 0.494415 10.1724 1.68246 10.4189 4
428 RANDOM
429 -10.1083 5.35849 -3.77257 5.24709 2
430 -0.508739 9.57588 0.99742 9.51496 2
431 0.494415 10.1724 1.68246 10.4189 4
432 -9.58523 5.612 -3.64906 5.56022 2
433 0.494415 10.1724 1.68246 10.4189 4
434 -9.58523 5.612 -3.64906 5.56022 2
435 0.494415 10.1724 1.68246 10.4189 4
436 -9.58523 5.612 -3.64906 5.56022 2
437 0.494415 10.1724 1.68246 10.4189 4
438 -9.58523 5.612 -3.64906 5.56022 2
439 0.494415 10.1724 1.68246 10.4189 4
440 -9.58523 5.612 -3.64906 5.56022 2
441 0.494415 10.1724 1.68246 10.4189 4
442 -9.58523 5.612 -3.64906 5.56022 2
443 0.494415 10.1724 1.68246 10.4189 4
444 -9.58523 5.612 -3.64906 5.56022 2
445 0.494415 10.1724 1.68246 10.4189 4
446 -9.58523 5.612 -3.64906 5.56022 2
447 0.494415 10.1724 1.68246 10.4189 4
448 -9.58523 5.612 -3.64906 5.56022 2
449 0.494415 10.1724 1.68246 10.4189 4
450 -9.58523 5.612 -3.64906 5.56022 2
451 0.494415 10.1724 1.68246 10.4189 4
452 -9.58523 5.612 -3.64906 5.56022 2
453 RANDOM
454 1.80589 9.79416 2.84332 9.85123 4
455 -10.8369 7.95323 -6.2487 10.3555 4
456 -9.58523 5.612 -3.64906 5.56022 2
457 0.494415 10.1724 1.68246 10.4189 4
458 -9.58523 5.612 -3.64906 5.56022 2
459 0.494415 10.1724 1.68246 10.4189 4
460 -9.58523 5.612 -3.64906 5.56022 2
461 0.494415 10.1724 1.68246 10.4189 4
462 -9.58523 5.612 -3.64906 5.56022 2
463 0.494415 10.1724 1.68246 10.4189 4
464 -9.58523 5.612 -3.64906 5.56022 2
465 0.494415 10.1724 1.68246 10.4189 4
466 -9.58523 5.612 -3.64906 5.56022 2
467 0.494415 10.1724 1.68246 10.4189 4
468 -9.58523 5.612 -3.64906 5.56022 2
469 0.494415 10.1724 1.68246 10.4189 4
470 -9.58523 5.612 -3.64906 5.56022 2
471 0.494415 10.1724 1.68246 10.4189 4
472 -9.58523 5.612 -3.64906 5.56022 2
473 0.494415 10.1724 1.68246 10.4189 4
474 -9.58523 5.612 -3.64906 5.56022 2
475 0.494415 10.1724 1.68246 10.4189 4
476 -9.58523 5.612 -3.64906 5.56022 2
477 0.494415 10.1724 1.68246 10.4189 4
478 -9.58523 5.612 -3.64906 5.56022 2
479 0.494415 10.1724 1.68246 10.4189 4
480 -9.58523 5.612 -3.64906 5.56022 2
481 0.494415 10.1724 1.68246 10.4189 4
482 -9.58523 5.612 -3.64906 5.56022 2
483 0.494415 10.1724 1.68246 10.4189 4
484 -9.58523 5.612 -3.64906 5.56022 2
485 0.494415 10.1724 1.68246 10.4189 4
486 -9.58523 5.612 -3.64906 5.56022 2
487 0.494415 10.1724 1.68246 10.4189 4
488 -9.58523 5.612 -3.64906 5.56022 2
489 0.494415 10.1724 1.68246 10.4189 4
490 -9.58523 5.612 -3.64906 5.56022 2
491 0.494415 10.1724 1.68246 10.4189 4
492 -9.58523 5.612 -3.64906 5.56022 2
493 0.494415 10.1724 1.68246 10.4189 4
494 -9.58523 5.612 -3.64906 5.56022 2
495 0.494415 10.1724 1.68246 10.4189 4
496 -9.58523 5.612 -3.64906 5.56022 2
497 0.494415 10.1724 1.68246 10.4189 4
498 -9.58523 5.612 -3.64906 5.56022 2
499 0.494415 10.1724 1.68246 10.4189 4
500 -9.58523 5.612 -3.64906 5.56022 2
501 0.494415 10.1724 1.68246 10.4189 4
502 -9.58523 5.612 -3.64906 5.56022 2
503 0.494415 10.1724 1.68246 10.4189 4
504 -9.58523 5.612 -3.64906 5.56022 2
505 0.494415 10.1724 1.68246 10.4189 4
506 -9.58523 5.612 -3.64906 5.56022 2
507 0.494415 10.1724 1.68246 10.4189 4
508 -9.58523 5.612 -3.64906 5.56022 2
509 0.494415 10.1724 1.68246 10.4189 4
510 -9.58523 5.612 -3.64906 5.56022 2
511 0.494415 10.1724 1.68246 10.4189 4
512 RANDOM
513 -10.1083 5.35849 -3.77257 5.24709 2
514 -0.508739 9.57588 0.99742 9.51496 2
515 0.494415 10.1724 1.68246 10.4189 4
516 -9.58523 5.612 -3.64906 5.56022 2
517 0.494415 10.1724 1.68246 10.4189 4
518 -9.58523 5.612 -3.64906 5.56022 2
519 0.494415 10.1724 1.68246 10.4189 4
520 -9.58523 5.612 -3.64906 5.56022 2
521 0.494415 10.1724 1.68246 10.4189 4
522 -9.58523 5.612 -3.64906 5.56022 2
523 0.494415 10.1724 1.68246 10.4189 4
524 -9.58523 5.612 -3.64906 5.56022 2
525 0.494415 10.1724 1.68246 10.4189 4
526 -9.58523 5.612 -3.64906 5.56022 2
527 0.494415 10.1724 1.68246 10.4189 4
528 -9.58523 5.612 -3.64906 5.56022 2
529 0.494415 10.1724 1.68246 10.4189 4
530 -9.58523 5.612 -3.64906 5.56022 2
531 0.494415 10.1724 1.68246 10.4189 4
532 -9.58523 5.612 -3.64906 5.56022 2
533 0.494415 10.1724 1.68246 10.4189 4
534 -9.58523 5.612 -3.64906 5.56022 2
535 0.494415 10.1724 1.68246 10.4189 4
536 -9.58523 5.612 -3.64906 5.56022 2
537 0.494415 10.1724 1.68246 10.4189 4
538 -9.58523 5.612 -3.64906 5.56022 2
539 0.494415 10.1724 1.68246 10.4189 4
540 -9.58523 5.612 -3.64906 5.56022 2
541 0.494415 10.1724 1.68246 10.4189 4
542 -9.58523 5.612 -3.64906 5.56022 2
543 RANDOM
544 1.80589 9.79416 2.84332 9.85123 4
545 -10.8369 7.95323 -6.2487 10.3555 4
546 -9.58523 5.612 -3.64906 5.56022 2
547 0.494415 10.1724 1.68246 10.4189 4
548 -9.58523 5.612 -3.64906 5.56022 2
549 0.494415 10.1724 1.68246 10.4189 4
550 -9.58523 5.612 -3.64906 5.56022 2
551 0.494415 10.1724 1.68246 10.4189 4
552 -9.58523 5.612 -3.64906 5.56022 2
553 0.494415 10.1724 1.68246 10.4189 4
554 -9.58523 5.612 -3.64906 5.56022 2
555 0.494415 10.1724 1.68246 10.4189 4
556 -9.58523 5.612 -3.64906 5.56022 2
557 0.494415 10.1724 1.68246 10.4189 4
558 -9.58523 5.612 -3.64906 5.56022 2
559 0.494415 10.1724 1.68246 10.4189 4
560 -9.58523 5.612 -3.64906 5.56022 2
561 RANDOM
562 1.80589 9.79416 2.84332 9.85123 4
563 -10.8369 7.95323 -6.2487 10.3555 4
564 -9.58523 5.612 -3.64906 5.56022 2
565 0.494415 10.1724 1.68246 10.4189 4
566 -9.58523 5.612 -3.64906 5.56022 2
567 0.494415 10.1724 1.68246 10.4189 4
568 -9.58523 5.612 -3.64906 5.56022 2
569 0.494415 10.1724 1.68246 10.4189 4
570 -9.58523 5.612 -3.64906 5.56022 2
571 0.494415 10.1724 1.68246 10.4189 4
572 -9.58523 5.612 -3.64906 5.56022 2
573 0.494415 10.1724 1.68246 10.4189 4
574 -9.58523 5.612 -3.64906 5.56022 2
575 0.494415 10.1724 1.68246 10.4189 4
576 RANDOM
577 -10.1083 5.35849 -3.77257 5.24709 2
578 -0.508739 9.57588 0.99742 9.51496 2
579 0.494415 10.1724 1.68246 10.4189 4
580 -9.58523 5.612 -3.64906 5.56022 2
581 0.494415 10.1724 1.68246 10.4189 4
582 -9.58523 5.612 -3.64906 5.56022 2
583 0.494415 10.1724 1.68246 10.4189 4
584 -9.58523 5.612 -3.64906 5.56022 2
585 0.494415 10.1724 1.68246 10.4189 4
586 -9.58523 5.612 -3.64906 5.56022 2
587 0.494415 10.1724 1.68246 10.4189 4
588 -9.58523 5.612 -3.64906 5.56022 2
589 0.494415 10.1724 1.68246 10.4189 4
590 -9.58523 5.612 -3.64906 5.56022 2
591 0.494415 10.1724 1.68246 10.4189 4
592 -9.58523 5.612 -3.64906 5.56022 2
593 0.494415 10.1724 1.68246 10.4189 4
594 -9.58523 5.612 -3.64906 5.56022 2
595 0.494415 10.1724 1.68246 10.4189 4
596 -9.58523 5.612 -3.64906 5.56022 2
597 0.494415 10.1724 1.68246 10.4189 4
598 RANDOM
599 -10.1083 5.35849 -3.77257 5.24709 2
600 -0.508739 9.57588 0.99742 9.51496 2
601 0.494415 10.1724 1.68246 10.4189 4
602 -9.58523 5.612 -3.64906 5.56022 2
603 0.494415 10.1724 1.68246 10.4189 4
604 -9.58523 5.612 -3.64906 5.56022 2
605 0.494415 10.1724 1.68246 10.4189 4
606 -9.58523 5.612 -3.64906 5.56022 2
607 RANDOM
608 1.80589 9.79416 2.84332 9.85123 4
609 -10.8369 7.95323 -6.2487 10.3555 4
610 -9.58523 5.612 -3.64906 5.56022 2
611 0.494415 10.1724 1.68246 10.4189 4
612 -9.58523 5.612 -3.64906 5.56022 2
613 0.494415 10.1724 1.68246 10.4189 4
614 -9.58523 5.612 -3.64906 5.56022 2
615 0.494415 10.1724 1.68246 10.4189 4
616 -9.58523 5.612 -3.64906 5.56022 2
617 0.494415 10.1724 1.68246 10.4189 4
618 -9.58523 5.612 -3.64906 5.56022 2
619 0.494415 10.1724 1.68246 10.4189 4
620 -9.58523 5.612 -3.64906 5.56022 2
621 0.494415 10.1724 1.68246 10.4189 4
622 -9.58523 5.612 -3.64906 5.56022 2
623 0.494415 10.1724 1.68246 10.4189 4
624 -9.58523 5.612 -3.64906 5.56022 2
625 0.494415 10.1724 1.68246 10.4189 4
626 -9.58523 5.612 -3.64906 5.56022 2
627 0.494415 10.1724 1.68246 10.4189 4
628 -9.58523 5.612 -3.64906 5.56022 2
629 0.494415 10.1724 1.68246 10.4189 4
630 -9.58523 5.612 -3.64906 5.56022 2
631 0.494415 10.1724 1.68246 10.4189 4
632 -9.58523 5.612 -3.64906 5.56022 2
633 0.494415 10.1724 1.68246 10.4189 4
634 -9.58523 5.612 -3.64906 5.56022 2
635 0.494415 10.1724 1.68246 10.4189 4
636 -9.58523 5.612 -3.64906 5.56022 2
637 0.494415 10.1724 1.68246 10.4189 4
638 -9.58523 5.612 -3.64906 5.56022 2
639 0.494415 10.1724 1.68246 10.4189 4
640 -9.58523 5.612 -3.64906 5.56022 2
641 0.494415 10.1724 1.68246 10.4189 4
642 -9.58523 5.612 -3.64906 5.56022 2
643 0.494415 10.1724 1.68246 10.4189 4
644 -9.58523 5.612 -3.64906 5.56022 2
645 0.494415 10.1724 1.68246 10.4189 4
646 -9.58523 5.612 -3.64906 5.56022 2
647 0.494415 10.1724 1.68246 10.4189 4
648 -9.58523 5.612 -3.64906 5.56022 2
649 0.494415 10.1724 1.68246 10.4189 4
650 -9.58523 5.612 -3.64906 5.56022 2
651 0.494415 10.1724 1.68246 10.4189 4
652 -9.58523 5.612 -3.64906 5.56022 2
653 0.494415 10.1724 1.68246 10.4189 4
654 -9.58523 5.612 -3.64906 5.56022 2
655 0.494415 10.1724 1.68246 10.4189 4
656 -9.58523 5.612 -3.64906 5.56022 2
657 0.494415 10.1724 1.68246 10.4189 4
658 -9.58523 5.612 -3.64906 5.56022 2
659 0.494415 10.1724 1.68246 10.4189 4
660 -9.58523 5.612 -3.64906 5.56022 2
661 0.494415 10.1724 1.68246 10.4189 4
662 -9.58523 5.612 -3.64906 5.56022 2
663 0.494415 10.1724 1.68246 10.4189 4
664 -9.58523 5.612 -3.64906 5.56022 2
665 0.494415 10.1724 1.68246 10.4189 4
666 -9.58523 5.612 -3.64906 5.56022 2
667 RANDOM
668 1.80589 9.79416 2.84332 9.85123 4
669 -10.8369 7.95323 -6.2487 10.3555 4
670 -9.58523 5.612 -3.64906 5.56022 2
671 0.494415 10.1724 1.68246 10.4189 4
672 -9.58523 5.612 -3.64906 5.56022 2
673 0.494415 10.1724 1.68246 10.4189 4
674 -9.58523 5.612 -3.64906 5.56022 2
675 0.494415 10.1724 1.68246 10.4189 4
676 -9.58523 5.612 -3.64906 5.56022 2
677 0.494415 10.1724 1.68246 10.4189 4
678 -9.58523 5.612 -3.64906 5.56022 2
679 0.494415 10.1724 1.68246 10.4189 4
680 -9.58523 5.612 -3.64906 5.56022 2
681 0.494415 10.1724 1.68246 10.4189 4
682 -9.58523 5.612 -3.64906 5.56022 2
683 0.494415 10.1724 1.68246 10.4189 4
684 -9.58523 5.612 -3.64906 5.56022 2
685 0.494415 10.1724 1.68246 10.4189 4
686 -9.58523 5.612 -3.64906 5.56022 2
687 0.494415 10.1724 1.68246 10.4189 4
688 -9.58523 5.612 -3.64906 5.56022 2
689 0.494415 10.1724 1.68246 10.4189 4
690 -9.58523 5.612 -3.64906 5.56022 2
691 0.494415 10.1724 1.68246 10.4189 4
692 -9.58523 5.612 -3.64906 5.56022 2
693 0.494415 10.1724 1.68246 10.4189 4
694 -9.58523 5.612 -3.64906 5.56022 2
695 0.494415 10.1724 1.68246 10.4189 4
696 -9.58523 5.612 -3.64906 5.56022 2
697 0.494415 10.1724 1.68246 10.4189 4
698 -9.58523 5.612 -3.64906 5.56022 2
699 0.494415 10.1724 1.68246 10.4189 4
700 -9.58523 5.612 -3.64906 5.56022 2
701 0.494415 10.1724 1.68246 10.4189 4
702 -9.58523 5.612 -3.64906 5.56022 2
703 0.494415 10.1724 1.68246 10.4189 4
704 -9.58523 5.612 -3.64906 5.56022 2
705 0.494415 10.1724 1.68246 10.4189 4
706 -9.58523 5.612 -3.64906 5.56022 2
707 0.494415 10.1724 1.68246 10.4189 4
708 -9.58523 5.612 -3.64906 5.56022 2
709 0.494415 10.1724 1.68246 10.4189 4
710 -9.58523 5.612 -3.64906 5.56022 2
711 0.494415 10.1724 1.68246 10.4189 4
712 -9.58523 5.612 -3.64906 5.56022 2
713 0.494415 10.1724 1.68246 10.4189 4
714 -9.58523 5.612 -3.64906 5.56022 2
715 0.494415 10.1724 1.68246 10.4189 4
716 -9.58523 5.612 -3.64906 5.56022 2
717 0.494415 10.1724 1.68246 10.4189 4
718 -9.58523 5.612 -3.64906 5.56022 2
719 0.494415 10.1724 1.68246 10.4189 4
720 -9.58523 5.612 -3.64906 5.56022 2
721 0.494415 10.1724 1.68246 10.4189 4
722 -9.58523 5.612 -3.64906 5.56022 2
723 0.494415 10.1724 1.68246 10.4189 4
724 -9.58523 5.612 -3.64906 5.56022 2
725 0.494415 10.1724 1.68246 10.4189 4
726 -9.58523 5.612 -3.64906 5.56022 2
727 0.494415 10.1724 1.68246 10.4189 4
728 -9.58523 5.612 -3.64906 5.56022 2
729 0.494415 10.1724 1.68246 10.4189 4
730 -9.58523 5.612 -3.64906 5.56022 2
731 0.494415 10.1724 1.68246 10.4189 4
732 -9.58523 5.612 -3.64906 5.56022 2
733 0.494415 10.1724 1.68246 10.4189 4
734 -9.58523 5.612 -3.64906 5.56022 2
735 RANDOM
736 1.80589 9.79416 2.84332 9.85123 4
737 -10.8369 7.95323 -6.2487 10.3555 4
738 -9.58523 5.612 -3.64906 5.56022 2
739 0.494415 10.1724 1.68246 10.4189 4
740 -9.58523 5.612 -3.64906 5.56022 2
741 0.494415 10.1724 1.68246 10.4189 4
742 -9.58523 5.612 -3.64906 5.56022 2
743 0.494415 10.1724 1.68246 10.4189 4
744 -9.58523 5.612 -3.64906 5.56022 2
745 0.494415 10.1724 1.68246 10.4189 4
746 -9.58523 5.612 -3.64906 5.56022 2
747 0.494415 10.1724 1.68246 10.4189 4
748 -9.58523 5.612 -3.64906 5.56022 2
749 0.494415 10.1724 1.68246 10.4189 4
750 -9.58523 5.612 -3.64906 5.56022 2
751 0.494415 10.1724 1.68246 10.4189 4
752 -9.58523 5.612 -3.64906 5.56022 2
753 0.494415 10.1724 1.68246 10.4189 4
754 -9.58523 5.612 -3.64906 5.56022 2
755 0.494415 10.1724 1.68246 10.4189 4
756 -9.58523 5.612 -3.64906 5.56022 2
757 0.494415 10.1724 1.68246 10.4189 4
758 -9.58523 5.612 -3.64906 5.56022 2
759 0.494415 10.1724 1.68246 10.4189 4
760 -9.58523 5.612 -3.64906 5.56022 2
761 0.494415 10.1724 1.68246 10.4189 4
762 -9.58523 5.612 -3.64906 5.56022 2
763 0.494415 10.1724 1.68246 10.4189 4
764 -9.58523 5.612 -3.64906 5.56022 2
765 0.494415 10.1724 1.68246 10.4189 4
766 -9.58523 5.612 -3.64906 5.56022 2
767 0.494415 10.1724 1.68246 10.4189 4
768 -9.58523 5.612 -3.64906 5.56022 2
769 RANDOM
770 1.80589 9.79416 2.84332 9.85123 4
771 -10.8369 7.95323 -6.2487 10.3555 4
772 -9.58523 5.612 -3.64906 5.56022 2
773 0.494415 10.1724 1.68246 10.4189 4
774 -9.58523 5.612 -3.64906 5.56022 2
775 0.494415 10.1724 1.68246 10.4189 4
776 -9.58523 5.612 -3.64906 5.56022 2
777 0.494415 10.1724 1.68246 10.4189 4
778 -9.58523 5.612 -3.64906 5.56022 2
779 0.494415 10.1724 1.68246 10.4189 4
780 -9.58523 5.612 -3.64906 5.56022 2
781 0.494415 10.1724 1.68246 10.4189 4
782 -9.58523 5.612 -3.64906 5.56022 2
783 0.494415 10.1724 1.68246 10.4189 4
784 -9.58523 5.612 -3.64906 5.56022 2
785 0.494415 10.1724 1.68246 10.4189 4
786 -9.58523 5.612 -3.64906 5.56022 2
787 0.494415 10.1724 1.68246 10.4189 4
788 -9.58523 5.612 -3.64906 5.56022 2
789 0.494415 10.1724 1.68246 10.4189 4
790 -9.58523 5.612 -3.64906 5.56022 2
791 0.494415 10.1724 1.68246 10.4189 4
792 -9.58523 5.612 -3.64906 5.56022 2
793 0.494415 10.1724 1.68246 10.4189 4
794 -9.58523 5.612 -3.64906 5.56022 2
795 0.494415 10.1724 1.68246 10.4189 4
796 -9.58523 5.612 -3.64906 5.56022 2
797 0.494415 10.1724 1.68246 10.4189 4
798 -9.58523 5.612 -3.64906 5.56022 2
799 0.494415 10.1724 1.68246 10.4189 4
800 -9.58523 5.612 -3.64906 5.56022 2
801 0.494415 10.1724 1.68246 10.4189 4
802 -9.58523 5.612 -3.64906 5.56022 2
803 0.494415 10.1724 1.68246 10.4189 4
804 -9.58523 5.612 -3.64906 5.56022 2
805 0.494415 10.1724 1.68246 10.4189 4
806 -9.58523 5.612 -3.64906 5.56022 2
807 0.494415 10.1724 1.68246 10.4189 4
808 -9.58523 5.612 -3.64906 5.56022 2
809 0.494415 10.1724 1.68246 10.4189 4
810 -9.58523 5.612 -3.64906 5.56022 2
811 0.494415 10.1724 1.68246 10.4189 4
812 RANDOM
813 -10.1083 5.35849 -3.77257 5.24709 2
814 -0.508739 9.57588 0.99742 9.51496 2
815 0.494415 10.1724 1.68246 10.4189 4
816 -9.58523 5.612 -3.64906 5.56022 2
817 0.494415 10.1724 1.68246 10.4189 4
818 -9.58523 5.612 -3.64906 5.56022 2
819 0.494415 10.1724 1.68246 10.4189 4
820 -9.58523 5.612 -3.64906 5.56022 2
821 0.494415 10.1724 1.68246 10.4189 4
822 -9.58523 5.612 -3.64906 5.56022 2
823 0.494415 10.1724 1.68246 10.4189 4
824 -9.58523 5.612 -3.64906 5.56022 2
825 0.494415 10.1724 1.68246 10.4189 4
826 -9.58523 5.612 -3.64906 5.56022 2
827 0.494415 10.1724 1.68246 10.4189 4
828 -9.58523 5.612 -3.64906 5.56022 2
829 0.494415 10.1724 1.68246 10.4189 4
830 -9.58523 5.612 -3.64906 5.56022 2
831 0.494415 10.1724 1.68246 10.4189 4
832 -9.58523 5.612 -3.64906 5.56022 2
833 0.494415 10.1724 1.68246 10.4189 4
834 -9.58523 5.612 -3.64906 5.56022 2
835 0.494415 10.1724 1.68246 10.4189 4
836 -9.58523 5.612 -3.64906 5.56022 2
837 0.494415 10.1724 1.68246 10.4189 4
838 -9.58523 5.612 -3.64906 5.56022 2
839 0.494415 10.1724 1.68246 10.4189 4
840 RANDOM
841 -10.1083 5.35849 -3.77257 5.24709 2
842 -0.508739 9.57588 0.99742 9.51496 2
843 0.494415 10.1724 1.68246 10.4189 4
844 -9.58523 5.612 -3.64906 5.56022 2
845 0.494415 10.1724 1.68246 10.4189 4
846 -9.58523 5.612 -3.64906 5.56022 2
847 0.494415 10.1724 1.68246 10.4189 4
848 -9.58523 5.612 -3.64906 5.56022 2
849 0.494415 10.1724 1.68246 10.4189 4
850 -9.58523 5.612 -3.64906 5.56022 2
851 0.494415 10.1724 1.68246 10.4189 4
852 -9.58523 5.612 -3.64906 5.56022 2
853 0.494415 10.1724 1.68246 10.4189 4
854 -9.58523 5.612 -3.64906 5.56022 2
855 0.494415 10.1724 1.68246 10.4189 4
856 -9.58523 5.612 -3.64906 5.56022 2
857 0.494415 10.1724 1.68246 10.4189 4
858 -9.58523 5.612 -3.64906 5.56022 2
859 0.494415 10.1724 1.68246 10.4189 4
860 -9.58523 5.612 -3.64906 5.56022 2
861 0.494415 10.1724 1.68246 10.4189 4
862 -9.58523 5.612 -3.64906 5.56022 2
863 0.494415 10.1724 1.68246 10.4189 4
864 -9.58523 5.612 -3.64906 5.56022 2
865 0.494415 10.1724 1.68246 10.4189 4
866 -9.58523 5.612 -3.64906 5.56022 2
867 0.494415 10.1724 1.68246 10.4189 4
868 -9.58523 5.612 -3.64906 5.56022 2
869 0.494415 10.1724 1.68246 10.4189 4
870 -9.58523 5.612 -3.64906 5.56022 2
871 0.494415 10.1724 1.68246 10.4189 4
872 -9.58523 5.612 -3.64906 5.56022 2
873 0.494415 10.1724 1.68246 10.4189 4
874 -9.58523 5.612 -3.64906 5.56022 2
875 0.494415 10.1724 1.68246 10.4189 4
876 -9.58523 5.612 -3.64906 5.56022 2
877 RANDOM
878 1.80589 9.79416 2.84332 9.85123 4
879 -10.8369 7.95323 -6.2487 10.3555 4
880 -9.58523 5.612 -3.64906 5.56022 2
881 0.494415 10.1724 1.68246 10.4189 4
882 -9.58523 5.612 -3.64906 5.56022 2
883 0.494415 10.1724 1.68246 10.4189 4
884 -9.58523 5.612 -3.64906 5.56022 2
885 0.494415 10.1724 1.68246 10.4189 4
886 -9.58523 5.612 -3.64906 5.56022 2
887 0.494415 10.1724 1.68246 10.4189 4
888 -9.58523 5.612 -3.64906 5.56022 2
889 0.494415 10.1724 1.68246 10.4189 4
890 -9.58523 5.612 -3.64906 5.56022 2
891 0.494415 10.1724 1.68246 10.4189 4
892 -9.58523 5.612 -3.64906 5.56022 2
893 0.494415 10.1724 1.68246 10.4189 4
894 -9.58523 5.612 -3.64906 5.56022 2
895 0.494415 10.1724 1.68246 10.4189 4
896 -9.58523 5.612 -3.64906 5.56022 2
897 RANDOM
898 1.80589 9.79416 2.84332 9.85123 4
899 -10.8369 7.95323 -6.2487 10.3555 4
900 -9.58523 5.612 -3.64906 5.56022 2
901 0.494415 10.1724 1.68246 10.4189 4
902 -9.58523 5.612 -3.64906 5.56022 2
903 0.494415 10.1724 1.68246 10.4189 4
904 -9.58523 5.612 -3.64906 5.56022 2
905 0.494415 10.1724 1.68246 10.4189 4
906 -9.58523 5.612 -3.64906 5.56022 2
907 0.494415 10.1724 1.68246 10.4189 4
908 -9.58523 5.612 -3.64906 5.56022 2
909 0.494415 10.1724 1.68246 10.4189 4
910 -9.58523 5.612 -3.64906 5.56022 2
911 0.494415 10.1724 1.68246 10.4189 4
912 -9.58523 5.612 -3.64906 5.56022 2
913 0.494415 10.1724 1.68246 10.4189 4
914 -9.58523 5.612 -3.64906 5.56022 2
915 0.494415 10.1724 1.68246 10.4189 4
916 -9.58523 5.612 -3.64906 5.56022 2
917 0.494415 10.1724 1.68246 10.4189 4
918 -9.58523 5.612 -3.64906 5.56022 2
919 0.494415 10.1724 1.68246 10.4189 4
920 -9.58523 5.612 -3.64906 5.56022 2
921 0.494415 10.1724 1.68246 10.4189 4
922 -9.58523 5.612 -3.64906 5.56022 2
923 0.494415 10.1724 1.68246 10.4189 4
924 -9.58523 5.612 -3.64906 5.56022 2
925 0.494415 10.1724 1.68246 10.4189 4
926 -9.58523 5.612 -3.64906 5.56022 2
927 0.494415 10.1724 1.68246 10.4189 4
928 -9.58523 5.612 -3.64906 5.56022 2
929 0.494415 10.1724 1.68246 10.4189 4
930 -9.58523 5.612 -3.64906 5.56022 2
931 0.494415 10.1724 1.68246 10.4189 4
932 -9.58523 5.612 -3.64906 5.56022 2
933 0.494415 10.1724 1.68246 10.4189 4
934 -9.58523 5.612 -3.64906 5.56022 2
935 0.494415 10.1724 1.68246 10.4189 4
936 -9.58523 5.612 -3.64906 5.56022 2
937 0.494415 10.1724 1.68246 10.4189 4
938 -9.58523 5.612 -3.64906 5.56022 2
939 0.494415 10.1724 1.68246 10.4189 4
940 -9.58523 5.612 -3.64906 5.56022 2
941 0.494415 10.1724 1.68246 10.4189 4
942 -9.58523 5.612 -3.64906 5.56022 2
943 0.494415 10.1724 1.68246 10.4189 4
944 -9.58523 5.612 -3.64906 5.56022 2
945 0.494415 10.1724 1.68246 10.4189 4
946 -9.58523 5.612 -3.64906 5.56022 2
947 0.494415 10.1724 1.68246 10.4189 4
948 -9.58523 5.612 -3.64906 5.56022 2
949 0.494415 10.1724 1.68246 10.4189 4
950 -9.58523 5.612 -3.64906 5.56022 2
951 0.494415 10.1724 1.68246 10.4189 4
952 -9.58523 5.612 -3.64906 5.56022 2
953 0.494415 10.1724 1.68246 10.4189 4
954 -9.58523 5.612 -3.64906 5.56022 2
955 0.494415 10.1724 1.68246 10.4189 4
956 -9.58523 5.612 -3.64906 5.56022 2
957 0.494415 10.1724 1.68246 10.4189 4
958 -9.58523 5.612 -3.64906 5.56022 2
959 0.494415 10.1724 1.68246 10.4189 4
960 -9.58523 5.612 -3.64906 5.56022 2
961 0.494415 10.1724 1.68246 10.4189 4
962 -9.58523 5.612 -3.64906 5.56022 2
963 0.494415 10.1724 1.68246 10.4189 4
964 -9.58523 5.612 -3.64906 5.56022 2
965 0.494415 10.1724 1.68246 10.4189 4
966 -9.58523 5.612 -3.64906 5.56022 2
967 0.494415 10.1724 1.68246 10.4189 4
968 RANDOM
969 RANDOM
970 -10.8149 5.52905 -4.06547 5.46767 2
971 -0.72275 9.11087 0.84378 9.00992 2
972 -0.508739 9.57588 0.99742 9.51496 2
973 0.494415 10.1724 1.68246 10.4189 4
974 -9.58523 5.612 -3.64906 5.56022 2
975 0.494415 10.1724 1.68246 10.4189 4
976 -9.58523 5.612 -3.64906 5.56022 2
977 0.494415 10.1724 1.68246 10.4189 4
978 -9.58523 5.612 -3.64906 5.56022 2
979 0.494415 10.1724 1.68246 10.4189 4
980 -9.58523 5.612 -3.64906 5.56022 2
981 0.494415 10.1724 1.68246 10.4189 4
982 -9.58523 5.612 -3.64906 5.56022 2
983 0.494415 10.1724 1.68246 10.4189 4
984 -9.58523 5.612 -3.64906 5.56022 2
985 0.494415 10.1724 1.68246 10.4189 4
986 -9.58523 5.612 -3.64906 5.56022 2
987 0.494415 10.1724 1.68246 10.4189 4
988 -9.58523 5.612 -3.64906 5.56022 2
989 0.494415 10.1724 1.68246 10.4189 4
990 -9.58523 5.612 -3.64906 5.56022 2
991 0.494415 10.1724 1.68246 10.4189 4
992 -9.58523 5.612 -3.64906 5.56022 2
993 0.494415 10.1724 1.68246 10.4189 4
994 -9.58523 5.612 -3.64906 5.56022 2
995 0.494415 10.1724 1.68246 10.4189 4
996 -9.58523 5.612 -3.64906 5.56022 2
997 0.494415 10.1724 1.68246 10.4189 4
998 -9.58523 5.612 -3.64906 5.56022 2
999 0.494415 10.1724 1.68246 10.4189 4
1000 -9.58523 5.612 -3.64906 5.56022 2
1001 0.494415 10.1724 1.68246 10.4189 4
1002 -9.58523 5.612 -3.64906 5.56022 2
1003 0.494415 10.1724 1.68246 10.4189 4
1004 -9.58523 5.612 -3.64906 5.56022 2
1005 0.494415 10.1724 1.68246 10.4189 4
1006 -9.58523 5.612 -3.64906 5.56022 2
1007 0.494415 10.1724 1.68246 10.4189 4
1008 -9.58523 5.612 -3.64906 5.56022 2
1009 0.494415 10.1724 1.68246 10.4189 4
1010 -9.58523 5.612 -3.64906 5.56022 2
1011 0.494415 10.1724 1.68246 10.4189 4
1012 -9.58523 5.612 -3.64906 5.56022 2
1013 0.494415 10.1724 1.68246 10.4189 4
1014 -9.58523 5.612 -3.64906 5.56022 2
1015 0.494415 10.1724 1.68246 10.4189 4
1016 -9.58523 5.612 -3.64906 5.56022 2
1017 0.494415 10.1724 1.68246 10.4189 4
1018 -9.58523 5.612 -3.64906 5.56022 2
1019 0.494415 10.1724 1.68246 10.4189 4
1020 -9.58523 5.612 -3.64906 5.56022 2
1021 0.494415 10.1724 1.68246 10.4189 4
1022 -9.58523 5.612 -3.64906 5.56022 2
1023 0.494415 10.1724 1.68246 10.4189 4
1024 -9.58523 5.612 -3.64906 5.56022 2
1025 0.494415 10.1724 1.68246 10.4189 4
1026 -9.58523 5.612 -3.64906 5.56022 2
1027 0.494415 10.1724 1.68246 10.4189 4
1028 -9.58523 5.612 -3.64906 5.56022 2
1029 0.494415 10.1724 1.68246 10.4189 4
1030 -9.58523 5.612 -3.64906 5.56022 2
1031 0.494415 10.1724 1.68246 10.4189 4
1032 -9.58523 5.612 -3.64906 5.56022 2
1033 0.494415 10.1724 1.68246 10.4189 4
1034 -9.58523 5.612 -3.64906 5.56022 2
1035 0.494415 10.1724 1.68246 10.4189 4
1036 -9.58523 5.612 -3.64906 5.56022 2
1037 0.494415 10.1724 1.68246 10.4189 4
1038 -9.58523 5.612 -3.64906 5.56022 2
1039 0.494415 10.1724 1.68246 10.4189 4
1040 -9.58523 5.612 -3.64906 5.56022 2
1041 0.494415 10.1724 1.68246 10.4189 4
1042 -9.58523 5.612 -3.64906 5.56022 2
1043 0.494415 10.1724 1.68246 10.4189 4
1044 -9.58523 5.612 -3.64906 5.56022 2
1045 0.494415 10.1724 1.68246 10.4189 4
1046 -9.58523 5.612 -3.64906 5.56022 2
1047 0.494415 10.1724 1.68246 10.4189 4
1048 -9.58523 5.612 -3.64906 5.56022 2
1049 0.494415 10.1724 1.68246 10.4189 4
1050 -9.58523 5.612 -3.64906 5.56022 2
1051 0.494415 10.1724 1.68246 10.4189 4
1052 -9.58523 5.612 -3.64906 5.56022 2
1053 0.494415 10.1724 1.68246 10.4189 4
1054 -9.58523 5.612 -3.64906 5.56022 2
1055 0.494415 10.1724 1.68246 10.4189 4
1056 -9.58523 5.612 -3.64906 5.56022 2
1057 RANDOM
1058 1.80589 9.79416 2.84332 9.85123 4
1059 -10.8369 7.95323 -6.2487 10.3555 4
1060 -9.58523 5.612 -3.64906 5.56022 2
1061 0.494415 10.1724 1.68246 10.4189 4
1062 -9.58523 5.612 -3.64906 5.56022 2
1063 0.494415 10.1724 1.68246 10.4189 4
1064 -9.58523 5.612 -3.64906 5.56022 2
1065 0.494415 10.1724 1.68246 10.4189 4
1066 -9.58523 5.612 -3.64906 5.56022 2
1067 0.494415 10.1724 1.68246 10.4189 4
1068 -9.58523 5.612 -3.64906 5.56022 2
1069 0.494415 10.1724 1.68246 10.4189 4
1070 -9.58523 5.612 -3.64906 5.56022 2
1071 0.494415 10.1724 1.68246 10.4189 4
1072 -9.58523 5.612 -3.64906 5.56022 2
1073 0.494415 10.1724 1.68246 10.4189 4
1074 -9.58523 5.612 -3.64906 5.56022 2
1075 0.494415 10.1724 1.68246 10.4189 4
1076 -9.58523 5.612 -3.64906 5.56022 2
1077 0.494415 10.1724 1.68246 10.4189 4
1078 -9.58523 5.612 -3.64906 5.56022 2
1079 0.494415 10.1724 1.68246 10.4189 4
1080 -9.58523 5.612 -3.64906 5.56022 2
1081 0.494415 10.1724 1.68246 10.4189 4
1082 -9.58523 5.612 -3.64906 5.56022 2
1083 0.494415 10.1724 1.68246 10.4189 4
1084 -9.58523 5.612 -3.64906 5.56022 2
1085 0.494415 10.1724 1.68246 10.4189 4
1086 RANDOM
1087 -10.1083 5.35849 -3.77257 5.24709 2
1088 -0.508739 9.57588 0.99742 9.51496 2
1089 0.494415 10.1724 1.68246 10.4189 4
1090 -9.58523 5.612 -3.64906 5.56022 2
1091 0.494415 10.1724 1.68246 10.4189 4
1092 -9.58523 5.612 -3.64906 5.56022 2
1093 0.494415 10.1724 1.68246 10.4189 4
1094 -9.58523 5.612 -3.64906 5.56022 2
1095 0.494415 10.1724 1.68246 10.4189 4
1096 -9.58523 5.612 -3.64906 5.56022 2
1097 0.494415 10.1724 1.68246 10.4189 4
1098 -9.58523 5.612 -3.64906 5.56022 2
1099 0.494415 10.1724 1.68246 10.4189 4
1100 -9.58523 5.612 -3.64906 5.56022 2
1101 0.494415 10.1724 1.68246 10.4189 4
1102 -9.58523 5.612 -3.64906 5.56022 2
1103 0.494415 10.1724 1.68246 10.4189 4
1104 -9.58523 5.612 -3.64906 5.56022 2
1105 0.494415 10.1724 1.68246 10.4189 4
1106 -9.58523 5.612 -3.64906 5.56022 2
1107 0.494415 10.1724 1.68246 10.4189 4
1108 -9.58523 5.612 -3.64906 5.56022 2
1109 0.494415 10.1724 1.68246 10.4189 4
1110 -9.58523 5.612 -3.64906 5.56022 2
1111 0.494415 10.1724 1.68246 10.4189 4
1112 -9.58523 5.612 -3.64906 5.56022 2
1113 0.494415 10.1724 1.68246 10.4189 4
1114 -9.58523 5.612 -3.64906 5.56022 2
1115 0.494415 10.1724 1.68246 10.4189 4
1116 -9.58523 5.612 -3.64906 5.56022 2
1117 0.494415 10.1724 1.68246 10.4189 4
1118 -9.58523 5.612 -3.64906 5.56022 2
1119 0.494415 10.1724 1.68246 10.4189 4
1120 -9.58523 5.612 -3.64906 5.56022 2
1121 0.494415 10.1724 1.68246 10.4189 4
1122 -9.58523 5.612 -3.64906 5.56022 2
1123 0.494415 10.1724 1.68246 10.4189 4
1124 -9.58523 5.612 -3.64906 5.56022 2
1125 0.494415 10.1724 1.68246 10.4189 4
1126 -9.58523 5.612 -3.64906 5.56022 2
1127 0.494415 10.1724 1.68246 10.4189 4
1128 -9.58523 5.612 -3.64906 5.56022 2
1129 0.494415 10.1724 1.68246 10.4189 4
1130 -9.58523 5.612 -3.64906 5.56022 2
1131 RANDOM
1132 1.80589 9.79416 2.84332 9.85123 4
1133 -10.8369 7.95323 -6.2487 10.3555 4
1134 -9.58523 5.612 -3.64906 5.56022 2
1135 0.494415 10.1724 1.68246 10.4189 4
1136 -9.58523 5.612 -3.64906 5.56022 2
1137 RANDOM
1138 1.80589 9.79416 2.84332 9.85123 4
1139 -10.8369 7.95323 -6.2487 10.3555 4
1140 -9.58523 5.612 -3.64906 5.56022 2
1141 0.494415 10.1724 1.68246 10.4189 4
1142 RANDOM
1143 -10.1083 5.35849 -3.77257 5.24709 2
1144 -0.508739 9.57588 0.99742 9.51496 2
1145 RANDOM
1146 1.80589 9.79416 2.84332 9.85123 4
1147 -10.8369 7.95323 -6.2487 10.3555 4
1148 -9.58523 5.612 -3.64906 5.56022 2
1149 0.494415 10.1724 1.68246 10.4189 4
1150 -9.58523 5.612 -3.64906 5.56022 2
1151 0.494415 10.1724 1.68246 10.4189 4
1152 -9.58523 5.612 -3.64906 5.56022 2
1153 0.494415 10.1724 1.68246 10.4189 4
1154 RANDOM
1155 -10.1083 5.35849 -3.77257 5.24709 2
1156 -0.508739 9.57588 0.99742 9.51496 2
1157 0.494415 10.1724 1.68246 10.4189 4
1158 -9.58523 5.612 -3.64906 5.56022 2
1159 0.494415 10.1724 1.68246 10.4189 4
1160 -9.58523 5.612 -3.64906 5.56022 2
1161 0.494415 10.1724 1.68246 10.4189 4
1162 RANDOM
1163 RANDOM
1164 -10.8149 5.52905 -4.06547 5.46767 2
1165 -0.72275 9.11087 0.84378 9.00992 2
1166 -0.508739 9.57588 0.99742 9.51496 2
1167 0.494415 10.1724 1.68246 10.4189 4
1168 -9.58523 5.612 -3.64906 5.56022 2
1169 RANDOM
1170 1.80589 9.79416 2.84332 9.85123 4
1171 -10.8369 7.95323 -6.2487 10.3555 4
1172 -9.58523 5.612 -3.64906 5.56022 2
1173 0.494415 10.1724 1.68246 10.4189 4
1174 -9.58523 5.612 -3.64906 5.56022 2
1175 0.494415 10.1724 1.68246 10.4189 4
1176 -9.58523 5.612 -3.64906 5.56022 2
1177 0.494415 10.1724 1.68246 10.4189 4
1178 RANDOM
1179 -10.1083 5.35849 -3.77257 5.24709 2
1180 -0.508739 9.57588 0.99742 9.51496 2
1181 0.494415 10.1724 1.68246 10.4189 4
1182 RANDOM
1183 -10.1083 5.35849 -3.77257 5.24709 2
1184 -0.508739 9.57588 0.99742 9.51496 2
1185 0.494415 10.1724 1.68246 10.4189 4
1186 -9.58523 5.612 -3.64906 5.56022 2
1187 0.494415 10.1724 1.68246 10.4189 4
1188 -9.58523 5.612 -3.64906 5.56022 2
1189 0.494415 10.1724 1.68246 10.4189 4
1190 -9.58523 5.612 -3.64906 5.56022 2
1191 0.494415 10.1724 1.68246 10.4189 4
1192 RANDOM
1193 -10.1083 5.35849 -3.77257 5.24709 2
1194 -0.508739 9.57588 0.99742 9.51496 2
1195 0.494415 10.1724 1.68246 10.4189 4
1196 -9.58523 5.612 -3.64906 5.56022 2
1197 0.494415 10.1724 1.68246 10.4189 4
1198 -9.58523 5.612 -3.64906 5.56022 2
1199 0.494415 10.1724 1.68246 10.4189 4
1200 -9.58523 5.612 -3.64906 5.56022 2
1201 0.494415 10.1724 1.68246 10.4189 4
1202 -9.58523 5.612 -3.64906 5.56022 2
1203 0.494415 10.1724 1.68246 10.4189 4
1204 -9.58523 5.612 -3.64906 5.56022 2
1205 0.494415 10.1724 1.68246 10.4189 4
1206 -9.58523 5.612 -3.64906 5.56022 2
1207 0.494415 10.1724 1.68246 10.4189 4
1208 -9.58523 5.612 -3.64906 5.56022 2
1209 0.494415 10.1724 1.68246 10.4189 4
1210 -9.58523 5.612 -3.64906 5.56022 2
1211 0.494415 10.1724 1.68246 10.4189 4
1212 -9.58523 5.612 -3.64906 5.56022 2
1213 0.494415 10.1724 1.68246 10.4189 4
1214 -9.58523 5.612 -3.64906 5.56022 2
1215 0.494415 10.1724 1.68246 10.4189 4
1216 -9.58523 5.612 -3.64906 5.56022 2
1217 0.494415 10.1724 1.68246 10.4189 4
1218 -9.58523 5.612 -3.64906 5.56022 2
1219 0.494415 10.1724 1.68246 10.4189 4
1220 -9.58523 5.612 -3.64906 5.56022 2
1221 0.494415 10.1724 1.68246 10.4189 4
1222 -9.58523 5.612 -3.64906 5.56022 2
1223 RANDOM
1224 1.80589 9.79416 2.84332 9.85123 4
1225 -10.8369 7.95323 -6.2487 10.3555 4
1226 -9.58523 5.612 -3.64906 5.56022 2
1227 0.494415 10.1724 1.68246 10.4189 4
1228 -9.58523 5.612 -3.64906 5.56022 2
1229 0.494415 10.1724 1.68246 10.4189 4
1230 RANDOM
1231 -10.1083 5.35849 -3.77257 5.24709 2
1232 -0.508739 9.57588 0.99742 9.51496 2
1233 0.494415 10.1724 1.68246 10.4189 4
1234 -9.58523 5.612 -3.64906 5.56022 2
1235 0.494415 10.1724 1.68246 10.4189 4
1236 -9.58523 5.612 -3.64906 5.56022 2
1237 0.494415 10.1724 1.68246 10.4189 4
1238 -9.58523 5.612 -3.64906 5.56022 2
1239 0.494415 10.1724 1.68246 10.4189 4
1240 -9.58523 5.612 -3.64906 5.56022 2
1241 0.494415 10.1724 1.68246 10.4189 4
1242 -9.58523 5.612 -3.64906 5.56022 2
1243 0.494415 10.1724 1.68246 10.4189 4
1244 -9.58523 5.612 -3.64906 5.56022 2
1245 0.494415 10.1724 1.68246 10.4189 4
1246 -9.58523 5.612 -3.64906 5.56022 2
1247 0.494415 10.1724 1.68246 10.4189 4
1248 RANDOM
1249 -10.1083 5.35849 -3.77257 5.24709 2
1250 -0.508739 9.57588 0.99742 9.51496 2
1251 0.494415 10.1724 1.68246 10.4189 4
1252 -9.58523 5.612 -3.64906 5.56022 2
1253 0.494415 10.1724 1.68246 10.4189 4
1254 -9.58523 5.612 -3.64906 5.56022 2
1255 0.494415 10.1724 1.68246 10.4189 4
1256 -9.58523 5.612 -3.64906 5.56022 2
1257 0.494415 10.1724 1.68246 10.4189 4
1258 -9.58523 5.612 -3.64906 5.56022 2
1259 0.494415 10.1724 1.68246 10.4189 4
1260 -9.58523 5.612 -3.64906 5.56022 2
1261 0.494415 10.1724 1.68246 10.4189 4
1262 -9.58523 5.612 -3.64906 5.56022 2
1263 0.494415 10.1724 1.68246 10.4189 4
1264 -9.58523 5.612 -3.64906 5.56022 2
1265 0.494415 10.1724 1.68246 10.4189 4
1266 -9.58523 5.612 -3.64906 5.56022 2
1267 RANDOM
1268 1.80589 9.79416 2.84332 9.85123 4
1269 -10.8369 7.95323 -6.2487 10.3555 4
1270 -9.58523 5.612 -3.64906 5.56022 2
1271 0.494415 10.1724 1.68246 10.4189 4
1272 -9.58523 5.612 -3.64906 5.56022 2
1273 0.494415 10.1724 1.68246 10.4189 4
1274 -9.58523 5.612 -3.64906 5.56022 2
1275 0.494415 10.1724 1.68246 10.4189 4
1276 -9.58523 5.612 -3.64906 5.56022 2
1277 0.494415 10.1724 1.68246 10.4189 4
1278 -9.58523 5.612 -3.64906 5.56022 2
1279 0.494415 10.1724 1.68246 10.4189 4
1280 -9.58523 5.612 -3.64906 5.56022 2
1281 RANDOM
1282 RANDOM
1283 2.23017 9.43834 3.23163 9.36951 2
1284 2.44891 9.02009 3.41097 8.87999 2
1285 2.07277 9.42373 3.0697 9.41278 2
1286 2.62652 8.57796 3.5945 8.39563 2
1287 3.23901 8.16259 4.23015 7.79699 2
1288 3.75691 7.84635 4.76987 7.33943 2
1289 2.48926 9.32792 3.57055 9.18864 2
1290 3.10879 8.50927 4.13429 8.23195 2
1291 3.46727 8.14203 4.47979 7.75522 2
1292 3.79724 7.78053 4.81045 7.28005 2
1293 2.85753 9.525 4.0787 9.18444 2
1294 3.15928 8.70936 4.26235 8.37495 2
1295 3.55954 8.10993 4.60622 7.68118 2
1296 4.18383 7.76489 5.24111 7.09851 2
1297 RANDOM
1298 3.30016 10.4877 4.83494 9.5815 2
1299 4.00405 9.0733 5.35386 8.1157 2
1300 4.44946 8.55373 5.75102 7.48875 2
1301 1.87553 19.646 4.80286 18.7299 2
1302 2.37132 18.391 5.18996 17.1199 2
1303 2.65502 17.6854 5.35679 16.2778 2
1304 2.96403 16.1852 5.42268 14.6752 2
1305 1.15177 26.6881 5.61033 24.9518 2
1306 2.46659 25.5834 6.81587 23.1448 2
1307 3.31152 27.0191 8.06561 23.6829 2
1308 3.79941 29.0231 9.23501 24.6396 2
1309 11.9941 50.7925 23.3903 39.7629 2
1310 12.4593 47.6725 23.0021 37.0656 2
1311 12.3512 44.3386 22.1107 34.1511 2
1312 11.201 35.6948 19.0376 26.6849 2
1313 22.4657 57.6319 33.457 46.2318 2
1314 20.0254 51.2924 29.8241 40.6482 2
1315 17.5939 45.1158 26.2961 35.1565 2
1316 14.4987 35.1607 21.4467 26.5328 2
1317 24.4727 55.9013 34.5569 44.8542 2
1318 24.2851 50.8438 32.9271 41.1182 2
1319 RANDOM
1320 17.275 34.9138 23.4833 27.2537 2
1321 16.9341 56.5465 29.2607 44.6035 2
1322 17.6748 54.987 29.1024 43.7447 2
1323 RANDOM
1324 19.0807 48.89 27.92 39.4447 2
1325 14.723 55.9091 28.071 42.9994 2
1326 13.746 50.8005 25.5065 39.1465 2
1327 13.4695 47.4088 24.0449 36.6768 2
1328 15.6278 42.306 23.71 33.2987 2
1329 13.8916 48.4193 25.0174 36.6926 2
1330 13.0754 44.9094 23.1771 33.9838 2
1331 12.4702 42.9488 22.0125 32.4888 2
1332 13.262 38.068 21.0231 28.8582 2
1333 14.3764 46.3135 24.9156 34.4656 2
1334 13.6918 43.1647 23.2906 32.1105 2
1335 13.3667 40.4477 22.1439 30.0018 2
1336 14.4822 36.7969 21.8274 27.773 2
1337 13.2871 37.746 21.6471 26.8173 2
1338 RANDOM
1339 RANDOM
1340 11.2809 27.5389 17.0682 19.3725 2
1341 12.6438 25.3696 18.2121 17.8091 2
1342 11.6225 21.7859 16.4099 15.0355 2
1343 RANDOM
1344 11.8435 17.8827 15.5993 13.0847 2
1345 13.9522 13.3748 16.1952 10.7118 3
1346 19.8035 18.5774 21.6294 16.2715 3
