0 -346.162 265.81 -876.788 209.497 2
1 -310.886 261.114 -902.578 203.363 2
2 -286.391 272.556 -913.511 211.619 2
3 -434.999 241.55 -774.215 222.955 2
4 -395.452 223.781 -773.657 187.742 2
5 -381.113 237.838 -754.733 186.162 2
6 -284.091 218.873 -803.619 169.565 2
7 -394.594 255.625 -736.341 247.828 2
8 -384.48 227.925 -726.202 210.388 2
9 -376.027 237.702 -714.436 216.403 2
10 -320.404 271.25 -683.062 245.369 2
11 RANDOM
12 -258.059 182.582 -669.758 115.985 2
13 -237.611 197.149 -661.402 120.656 2
14 -147.259 254.718 -595.6 164.978 2
15 -278.462 198.222 -768.465 139.557 2
16 RANDOM
17 RANDOM
18 -170.586 294.633 -574.915 179.071 2
19 -236.0 314.17 -646.159 289.774 2
20 -208.588 343.088 -616.494 303.701 2
21 -187.193 355.817 -577.708 299.614 2
22 -65.4997 374.761 -452.691 276.098 2
23 -104.266 431.981 -316.88 349.85 2
24 -18.6494 424.082 -272.007 296.098 2
25 -12.3674 420.069 -273.734 278.659 2
26 38.9971 423.229 -218.79 252.337 2
27 26.7764 425.977 -192.001 279.966 2
28 138.871 427.537 -123.287 235.157 2
29 164.083 417.286 -93.3537 210.438 2
30 267.535 463.089 68.7562 220.919 2
31 -34.7778 404.945 -109.647 333.806 2
32 107.718 402.387 9.53791 274.018 2
33 152.514 426.658 97.5513 278.434 2
34 315.142 495.452 303.512 302.826 2
35 -111.243 442.531 -113.309 415.923 2
36 -16.6328 473.436 11.1995 413.221 2
37 75.3306 499.27 128.564 414.211 2
38 270.121 533.015 357.012 412.422 2
39 107.086 460.554 150.466 386.22 2
40 209.351 471.775 227.781 364.463 2
41 302.168 470.367 286.119 329.688 2
42 452.937 480.62 395.28 291.399 2
43 312.089 446.089 338.268 329.008 2
44 391.501 451.136 376.009 299.904 2
45 448.258 477.819 397.69 299.59 2
46 587.949 565.864 530.713 366.551 1
47 463.411 480.473 296.847 242.887 2
