0 -329.173 191.176 -879.772 154.607 2
1 -302.394 193.006 -896.414 157.171 2
2 -283.614 207.497 -896.918 169.721 2
3 -424.736 175.948 -765.736 169.473 2
4 -390.839 162.994 -762.46 138.675 2
5 -377.458 174.789 -745.134 135.019 2
6 -286.903 177.004 -787.263 143.581 2
7 -379.815 191.781 -730.417 185.561 2
8 -360.813 193.069 -721.17 174.896 2
9 -353.228 210.38 -710.196 189.237 2
10 -307.062 259.379 -683.06 235.845 2
11 -266.301 162.05 -673.112 107.955 2
12 -246.719 165.065 -666.295 99.0606 2
13 -227.046 183.753 -657.023 108.494 2
14 -146.255 252.015 -599.201 163.069 2
15 -262.728 187.234 -754.866 134.319 2
16 -242.722 204.884 -699.427 127.976 2
17 -235.47 235.918 -655.475 144.717 2
18 -162.47 285.747 -573.965 172.547 2
19 -221.538 307.17 -639.056 283.405 2
20 -196.013 340.783 -611.124 303.537 2
21 -179.891 356.165 -576.715 305.872 2
22 -74.8374 393.406 -466.95 299.54 2
23 -83.7888 425.724 -322.311 333.116 2
24 -11.9358 418.979 -289.311 283.614 2
25 -9.83371 416.66 -294.397 269.715 2
26 36.031 428.308 -244.9 250.391 2
27 35.6216 431.158 -205.205 269.437 2
28 144.855 436.359 -140.982 226.117 2
29 157.712 424.284 -122.253 202.268 2
30 251.21 474.622 21.4512 213.42 2
31 RANDOM
32 114.533 399.614 -19.5674 247.038 2
33 150.849 429.404 55.9903 260.128 2
34 292.515 505.987 239.045 288.759 2
35 -103.184 434.866 -149.916 391.778 2
36 -13.8672 464.686 -35.9685 385.85 2
37 71.9766 495.889 74.8775 390.633 2
38 250.651 541.146 287.268 395.858 2
39 106.614 447.293 100.803 353.31 2
40 198.909 462.301 167.745 333.838 2
41 284.187 462.787 219.696 300.782 2
42 411.19 503.499 317.986 294.862 2
43 297.572 441.513 271.21 298.3 2
44 361.614 469.855 304.396 297.152 2
45 RANDOM
46 536.74 587.604 442.578 362.745 2
47 RANDOM
48 436.891 553.504 192.921 299.154 2
49 359.12 541.569 138.207 302.33 2
50 327.178 526.697 116.816 293.221 2
51 327.178 526.697 116.816 293.221 2
