0 1.58014 34.7727 22.4648 36.0805 4
1 1.58014 34.7727 22.4648 36.0805 4
2 1.58014 34.7727 22.4648 36.0805 4
3 1.58014 34.7727 22.4648 36.0805 4
4 1.58014 34.7727 22.4648 36.0805 4
5 1.58014 34.7727 22.4648 36.0805 4
6 1.58014 34.7727 22.4648 36.0805 4
7 1.58014 34.7727 22.4648 36.0805 4
8 1.58014 34.7727 22.4648 36.0805 4
9 RANDOM
10 1.58014 34.7727 22.4648 36.0805 4
11 1.58014 34.7727 22.4648 36.0805 4
12 1.58014 34.7727 22.4648 36.0805 4
13 1.58014 34.7727 22.4648 36.0805 4
14 1.58014 34.7727 22.4648 36.0805 4
15 1.58014 34.7727 22.4648 36.0805 4
16 1.58014 34.7727 22.4648 36.0805 4
17 1.58014 34.7727 22.4648 36.0805 4
18 1.58014 34.7727 22.4648 36.0805 4
19 1.58014 34.7727 22.4648 36.0805 4
20 1.58014 34.7727 22.4648 36.0805 4
21 1.58014 34.7727 22.4648 36.0805 4
22 1.58014 34.7727 22.4648 36.0805 4
23 1.58014 34.7727 22.4648 36.0805 4
24 1.58014 34.7727 22.4648 36.0805 4
25 1.58014 34.7727 22.4648 36.0805 4
26 1.58014 34.7727 22.4648 36.0805 4
27 1.58014 34.7727 22.4648 36.0805 4
28 1.58014 34.7727 22.4648 36.0805 4
29 1.58014 34.7727 22.4648 36.0805 4
30 1.58014 34.7727 22.4648 36.0805 4
31 1.58014 34.7727 22.4648 36.0805 4
32 1.58014 34.7727 22.4648 36.0805 4
33 1.58014 34.7727 22.4648 36.0805 4
34 1.58014 34.7727 22.4648 36.0805 4
35 1.58014 34.7727 22.4648 36.0805 4
36 1.58014 34.7727 22.4648 36.0805 4
37 1.58014 34.7727 22.4648 36.0805 4
38 1.58014 34.7727 22.4648 36.0805 4
39 1.58014 34.7727 22.4648 36.0805 4
40 1.58014 34.7727 22.4648 36.0805 4
41 1.58014 34.7727 22.4648 36.0805 4
42 -6.17786 39.7757 3.50797 87.6718 4
43 -6.84122 43.6304 6.10805 91.6519 4
44 -8.48343 47.7668 8.95271 96.4503 4
45 -10.5046 52.5025 12.9328 101.509 4
46 -4.90776 35.7274 -0.513397 83.1468 4
47 -4.26119 32.9356 1.05955 76.6916 4
48 -3.69516 30.4918 2.43595 71.0393 4
49 -3.11684 27.9951 3.84901 65.2477 4
50 9.34273 56.3705 61.6213 57.0977 3
51 1.47518 41.2337 33.5676 40.0422 2
