0 10.1103 40.9054 26.527 42.7214 4
1 10.1103 40.9054 26.527 42.7214 4
2 10.1103 40.9054 26.527 42.7214 4
3 10.1103 40.9054 26.527 42.7214 4
4 10.1103 40.9054 26.527 42.7214 4
5 10.1103 40.9054 26.527 42.7214 4
6 RANDOM
7 10.1103 40.9054 26.527 42.7214 4
8 10.1103 40.9054 26.527 42.7214 4
9 10.1103 40.9054 26.527 42.7214 4
10 10.1103 40.9054 26.527 42.7214 4
11 10.1103 40.9054 26.527 42.7214 4
12 10.1103 40.9054 26.527 42.7214 4
13 10.1103 40.9054 26.527 42.7214 4
14 10.1103 40.9054 26.527 42.7214 4
15 10.1103 40.9054 26.527 42.7214 4
16 10.1103 40.9054 26.527 42.7214 4
17 10.1103 40.9054 26.527 42.7214 4
18 10.1103 40.9054 26.527 42.7214 4
19 10.1103 40.9054 26.527 42.7214 4
20 RANDOM
21 10.1103 40.9054 26.527 42.7214 4
22 10.1103 40.9054 26.527 42.7214 4
23 10.1103 40.9054 26.527 42.7214 4
24 10.1103 40.9054 26.527 42.7214 4
25 10.1103 40.9054 26.527 42.7214 4
26 10.1103 40.9054 26.527 42.7214 4
27 RANDOM
28 10.1103 40.9054 26.527 42.7214 4
29 10.1103 40.9054 26.527 42.7214 4
30 10.1103 40.9054 26.527 42.7214 4
31 10.1103 40.9054 26.527 42.7214 4
32 10.1103 40.9054 26.527 42.7214 4
33 10.1103 40.9054 26.527 42.7214 4
34 10.1103 40.9054 26.527 42.7214 4
35 10.1103 40.9054 26.527 42.7214 4
36 10.1103 40.9054 26.527 42.7214 4
37 10.1103 40.9054 26.527 42.7214 4
38 10.1103 40.9054 26.527 42.7214 4
39 10.1103 40.9054 26.527 42.7214 4
40 10.1103 40.9054 26.527 42.7214 4
41 10.1103 40.9054 26.527 42.7214 4
42 18.9723 83.5429 18.3356 110.898 4
43 RANDOM
44 23.9017 106.544 29.2848 130.176 4
45 27.5151 122.588 37.7815 143.131 4
46 RANDOM
47 11.5868 58.6627 7.01123 89.6566 4
48 RANDOM
49 11.1196 51.9555 10.6346 76.875 4
50 78.8874 194.788 151.183 159.061 2
51 10.1103 40.9054 26.527 42.7214 4
52 78.8874 194.788 151.183 159.061 2
53 10.1103 40.9054 26.527 42.7214 4
54 78.8874 194.788 151.183 159.061 2
55 10.1103 40.9054 26.527 42.7214 4
56 RANDOM
57 10.1103 40.9054 26.527 42.7214 4
58 70.1977 185.058 136.807 154.31 2
