0 -3.86937 21.1898 -0.898163 22.3157 4
1 -3.86937 21.1898 -0.898163 22.3157 4
2 -3.86937 21.1898 -0.898163 22.3157 4
3 -3.86937 21.1898 -0.898163 22.3157 4
4 -3.86937 21.1898 -0.898163 22.3157 4
5 -3.86937 21.1898 -0.898163 22.3157 4
6 -3.86937 21.1898 -0.898163 22.3157 4
7 -3.86937 21.1898 -0.898163 22.3157 4
8 -3.86937 21.1898 -0.898163 22.3157 4
9 -3.86937 21.1898 -0.898163 22.3157 4
10 -3.86937 21.1898 -0.898163 22.3157 4
11 -3.86937 21.1898 -0.898163 22.3157 4
12 -3.86937 21.1898 -0.898163 22.3157 4
13 -3.86937 21.1898 -0.898163 22.3157 4
14 -3.86937 21.1898 -0.898163 22.3157 4
15 -3.86937 21.1898 -0.898163 22.3157 4
16 -3.86937 21.1898 -0.898163 22.3157 4
17 -3.86937 21.1898 -0.898163 22.3157 4
18 RANDOM
19 -3.86937 21.1898 -0.898163 22.3157 4
20 -3.86937 21.1898 -0.898163 22.3157 4
21 -3.86937 21.1898 -0.898163 22.3157 4
22 -3.86937 21.1898 -0.898163 22.3157 4
23 RANDOM
24 -3.86937 21.1898 -0.898163 22.3157 4
25 -3.86937 21.1898 -0.898163 22.3157 4
26 -3.86937 21.1898 -0.898163 22.3157 4
27 -3.86937 21.1898 -0.898163 22.3157 4
28 -3.86937 21.1898 -0.898163 22.3157 4
29 -3.86937 21.1898 -0.898163 22.3157 4
30 -3.86937 21.1898 -0.898163 22.3157 4
31 -3.86937 21.1898 -0.898163 22.3157 4
32 -3.86937 21.1898 -0.898163 22.3157 4
33 -3.86937 21.1898 -0.898163 22.3157 4
34 -3.86937 21.1898 -0.898163 22.3157 4
35 -3.86937 21.1898 -0.898163 22.3157 4
36 -3.86937 21.1898 -0.898163 22.3157 4
37 -3.86937 21.1898 -0.898163 22.3157 4
38 -3.86937 21.1898 -0.898163 22.3157 4
39 -3.86937 21.1898 -0.898163 22.3157 4
40 -3.86937 21.1898 -0.898163 22.3157 4
41 -3.86937 21.1898 -0.898163 22.3157 4
42 9.33172 20.0147 -65.9649 37.5377 4
43 RANDOM
44 13.162 24.2672 -75.8672 35.7768 4
45 15.5994 27.5466 -82.1031 36.3458 4
46 6.52153 15.8412 -58.1263 35.8565 4
47 5.46911 13.4596 -52.8109 32.1238 4
48 4.79836 11.8878 -48.1733 29.4403 4
49 4.08104 11.0911 -43.1567 27.6216 4
50 15.5136 20.4225 -44.8477 14.8449 2
51 -3.86937 21.1898 -0.898163 22.3157 4
52 15.5136 20.4225 -44.8477 14.8449 2
53 -3.86937 21.1898 -0.898163 22.3157 4
54 15.5136 20.4225 -44.8477 14.8449 2
55 -3.86937 21.1898 -0.898163 22.3157 4
56 15.5136 20.4225 -44.8477 14.8449 2
57 -3.86937 21.1898 -0.898163 22.3157 4
58 15.5136 20.4225 -44.8477 14.8449 2
59 -3.86937 21.1898 -0.898163 22.3157 4
60 15.5136 20.4225 -44.8477 14.8449 2
61 -3.86937 21.1898 -0.898163 22.3157 4
62 15.5136 20.4225 -44.8477 14.8449 2
63 -3.86937 21.1898 -0.898163 22.3157 4
64 15.5136 20.4225 -44.8477 14.8449 2
65 RANDOM
66 -3.80098 19.4857 -2.84745 21.311 4
67 6.02142 10.6574 -39.2396 21.4437 4
68 15.5136 20.4225 -44.8477 14.8449 2
69 -3.86937 21.1898 -0.898163 22.3157 4
70 15.5136 20.4225 -44.8477 14.8449 2
71 -3.86937 21.1898 -0.898163 22.3157 4
72 15.5136 20.4225 -44.8477 14.8449 2
73 -3.86937 21.1898 -0.898163 22.3157 4
74 15.5136 20.4225 -44.8477 14.8449 2
75 -3.86937 21.1898 -0.898163 22.3157 4
76 15.5136 20.4225 -44.8477 14.8449 2
77 RANDOM
78 -3.80098 19.4857 -2.84745 21.311 4
79 RANDOM
80 15.5136 20.4225 -44.8477 14.8449 2
81 -3.86937 21.1898 -0.898163 22.3157 4
82 15.5136 20.4225 -44.8477 14.8449 2
83 -3.86937 21.1898 -0.898163 22.3157 4
84 15.5136 20.4225 -44.8477 14.8449 2
85 -3.86937 21.1898 -0.898163 22.3157 4
86 15.5136 20.4225 -44.8477 14.8449 2
87 -3.86937 21.1898 -0.898163 22.3157 4
88 15.5136 20.4225 -44.8477 14.8449 2
89 -3.86937 21.1898 -0.898163 22.3157 4
90 15.5136 20.4225 -44.8477 14.8449 2
91 -3.86937 21.1898 -0.898163 22.3157 4
92 15.5136 20.4225 -44.8477 14.8449 2
93 RANDOM
94 -3.80098 19.4857 -2.84745 21.311 4
95 6.02142 10.6574 -39.2396 21.4437 4
96 15.5136 20.4225 -44.8477 14.8449 2
97 -3.86937 21.1898 -0.898163 22.3157 4
98 15.5136 20.4225 -44.8477 14.8449 2
99 -3.86937 21.1898 -0.898163 22.3157 4
100 RANDOM
101 -3.86937 21.1898 -0.898163 22.3157 4
102 16.0207 23.5942 -54.1072 19.831 2
