0 -259.251 283.35 -861.643 248.568 2
1 -225.975 278.283 -887.247 241.756 2
2 -203.342 289.836 -897.866 249.937 2
3 -340.62 257.684 -759.116 260.052 4
4 -331.723 239.218 -971.987 271.269 4
5 -374.483 242.725 -938.329 278.577 4
6 -421.907 247.644 -907.37 288.168 4
7 -471.421 256.533 -861.505 301.978 4
8 236.501 288.893 -1469.76 205.647 2
9 -303.075 299.015 -835.502 265.298 2
10 RANDOM
11 -225.975 278.283 -887.247 241.756 2
12 -203.342 289.836 -897.866 249.937 2
13 -340.62 257.684 -759.116 260.052 4
14 -331.723 239.218 -971.987 271.269 4
15 -374.483 242.725 -938.329 278.577 4
16 -421.907 247.644 -907.37 288.168 4
17 -471.421 256.533 -861.505 301.978 4
18 236.501 288.893 -1469.76 205.647 2
19 -303.075 299.015 -835.502 265.298 2
20 -259.251 283.35 -861.643 248.568 2
21 -225.975 278.283 -887.247 241.756 2
22 -203.342 289.836 -897.866 249.937 2
23 -340.62 257.684 -759.116 260.052 4
24 -331.723 239.218 -971.987 271.269 4
25 -374.483 242.725 -938.329 278.577 4
26 -421.907 247.644 -907.37 288.168 4
27 -471.421 256.533 -861.505 301.978 4
28 236.501 288.893 -1469.76 205.647 2
29 -303.075 299.015 -835.502 265.298 2
30 -259.251 283.35 -861.643 248.568 2
31 -225.975 278.283 -887.247 241.756 2
32 -203.342 289.836 -897.866 249.937 2
33 -340.62 257.684 -759.116 260.052 4
34 -331.723 239.218 -971.987 271.269 4
35 -374.483 242.725 -938.329 278.577 4
36 -421.907 247.644 -907.37 288.168 4
37 -471.421 256.533 -861.505 301.978 4
38 236.501 288.893 -1469.76 205.647 2
39 -303.075 299.015 -835.502 265.298 2
40 -266.1 257.727 -839.056 224.799 2
41 RANDOM
42 RANDOM
43 -345.152 236.909 -739.267 241.872 4
44 -352.181 210.174 -946.989 240.867 4
45 -395.47 216.151 -911.273 251.178 4
46 -442.43 229.357 -878.219 270.977 4
47 -492.386 246.26 -837.679 292.458 4
48 216.71 270.629 -1461.29 177.839 2
49 -308.921 282.439 -817.386 250.643 2
50 -266.1 257.727 -839.056 224.799 2
51 -234.18 251.196 -860.696 216.926 2
52 -213.962 256.493 -868.253 217.894 2
53 -345.152 236.909 -739.267 241.872 4
54 -352.181 210.174 -946.989 240.867 4
55 -395.47 216.151 -911.273 251.178 4
56 -442.43 229.357 -878.219 270.977 4
57 -492.386 246.26 -837.679 292.458 4
58 216.71 270.629 -1461.29 177.839 2
59 -308.921 282.439 -817.386 250.643 2
60 RANDOM
61 -234.18 251.196 -860.696 216.926 2
62 -213.962 256.493 -868.253 217.894 2
63 -345.152 236.909 -739.267 241.872 4
64 -352.181 210.174 -946.989 240.867 4
65 -395.47 216.151 -911.273 251.178 4
66 -442.43 229.357 -878.219 270.977 4
67 -492.386 246.26 -837.679 292.458 4
68 216.71 270.629 -1461.29 177.839 2
69 -308.921 282.439 -817.386 250.643 2
70 -266.1 257.727 -839.056 224.799 2
71 -234.18 251.196 -860.696 216.926 2
72 -213.962 256.493 -868.253 217.894 2
73 -345.152 236.909 -739.267 241.872 4
74 -352.181 210.174 -946.989 240.867 4
75 -395.47 216.151 -911.273 251.178 4
76 -442.43 229.357 -878.219 270.977 4
77 -492.386 246.26 -837.679 292.458 4
78 216.71 270.629 -1461.29 177.839 2
79 -308.921 282.439 -817.386 250.643 2
80 -266.1 257.727 -839.056 224.799 2
81 -234.18 251.196 -860.696 216.926 2
82 -213.962 256.493 -868.253 217.894 2
83 RANDOM
84 -308.6 218.157 -735.147 205.686 2
85 -295.066 233.606 -713.016 206.286 2
86 -204.612 202.293 -751.708 175.939 2
87 -314.198 235.387 -686.868 247.172 4
88 -286.451 151.539 -790.511 166.577 4
89 -328.443 174.746 -810.039 204.998 4
90 -365.039 206.825 -822.217 258.249 4
91 RANDOM
92 -292.615 162.124 -981.104 183.93 4
93 -339.066 185.176 -943.978 211.728 4
94 -390.82 197.835 -906.462 229.165 4
95 -455.266 211.767 -855.543 243.077 4
96 RANDOM
97 174.581 177.592 -1441.07 98.7405 2
98 117.438 237.264 -1382.87 178.217 2
99 -261.691 235.584 -829.806 191.363 2
100 -203.921 213.866 -878.52 170.664 2
101 -173.555 206.277 -897.931 163.535 2
102 -142.981 217.183 -901.231 176.111 2
103 -244.655 187.968 -844.064 190.056 4
104 -283.11 161.417 -985.108 186.099 4
105 -330.077 185.185 -947.604 214.926 4
106 -381.992 198.64 -909.447 233.47 4
107 -449.243 202.456 -857.886 234.516 4
108 276.914 289.088 -1474.87 195.505 2
109 -248.946 241.096 -859.815 197.387 2
110 -203.921 213.866 -878.52 170.664 2
111 -173.555 206.277 -897.931 163.535 2
112 -142.981 217.183 -901.231 176.111 2
113 RANDOM
114 -204.161 156.097 -843.724 142.292 2
115 RANDOM
116 -199.903 212.598 -773.426 189.439 2
117 -306.473 237.811 -708.643 253.523 4
118 -276.83 158.011 -805.133 174.064 4
119 -315.88 178.657 -822.761 209.973 4
120 RANDOM
121 -408.189 247.99 -824.409 327.512 4
122 -283.11 161.417 -985.108 186.099 4
123 -330.077 185.185 -947.604 214.926 4
124 -381.992 198.64 -909.447 233.47 4
125 -449.243 202.456 -857.886 234.516 4
126 276.914 289.088 -1474.87 195.505 2
127 -248.946 241.096 -859.815 197.387 2
128 -203.921 213.866 -878.52 170.664 2
129 -173.555 206.277 -897.931 163.535 2
130 -142.981 217.183 -901.231 176.111 2
131 -244.655 187.968 -844.064 190.056 4
132 -283.11 161.417 -985.108 186.099 4
133 -330.077 185.185 -947.604 214.926 4
134 -381.992 198.64 -909.447 233.47 4
135 -449.243 202.456 -857.886 234.516 4
136 276.914 289.088 -1474.87 195.505 2
137 -248.946 241.096 -859.815 197.387 2
138 -203.921 213.866 -878.52 170.664 2
139 -173.555 206.277 -897.931 163.535 2
140 -142.981 217.183 -901.231 176.111 2
141 -244.655 187.968 -844.064 190.056 4
142 -283.11 161.417 -985.108 186.099 4
143 -330.077 185.185 -947.604 214.926 4
144 -381.992 198.64 -909.447 233.47 4
145 -449.243 202.456 -857.886 234.516 4
146 276.914 289.088 -1474.87 195.505 2
147 -248.946 241.096 -859.815 197.387 2
148 -203.921 213.866 -878.52 170.664 2
149 -173.555 206.277 -897.931 163.535 2
150 -142.981 217.183 -901.231 176.111 2
151 RANDOM
152 RANDOM
153 -187.392 167.38 -817.986 143.033 2
154 -199.903 212.598 -773.426 189.439 2
155 -306.473 237.811 -708.643 253.523 4
156 -276.83 158.011 -805.133 174.064 4
157 -315.88 178.657 -822.761 209.973 4
158 -354.543 207.367 -828.236 259.782 4
159 -408.189 247.99 -824.409 327.512 4
160 -283.11 161.417 -985.108 186.099 4
161 RANDOM
162 -381.992 198.64 -909.447 233.47 4
163 -449.243 202.456 -857.886 234.516 4
164 276.914 289.088 -1474.87 195.505 2
165 -248.946 241.096 -859.815 197.387 2
166 RANDOM
167 -173.555 206.277 -897.931 163.535 2
168 -142.981 217.183 -901.231 176.111 2
169 -244.655 187.968 -844.064 190.056 4
170 -283.11 161.417 -985.108 186.099 4
171 -330.077 185.185 -947.604 214.926 4
172 -381.992 198.64 -909.447 233.47 4
173 -449.243 202.456 -857.886 234.516 4
174 RANDOM
175 193.432 177.507 -1455.34 107.241 1
176 57.027 260.736 -1294.08 211.691 2
