0 -241.616 271.834 -831.848 249.571 2
1 -211.039 271.63 -855.473 248.655 2
2 -189.845 285.114 -863.976 259.668 2
3 -318.748 250.132 -724.792 260.563 4
4 -320.245 233.898 -935.592 281.441 4
5 -360.283 231.718 -904.168 281.371 4
6 -405.74 233.446 -873.172 286.597 4
7 -453.573 236.613 -828.516 292.796 4
8 202.534 271.633 -1434.93 228.273 2
9 -282.678 283.903 -806.808 261.802 2
10 -241.616 271.834 -831.848 249.571 2
11 -211.039 271.63 -855.473 248.655 2
12 -189.845 285.114 -863.976 259.668 2
13 -318.748 250.132 -724.792 260.563 4
14 -320.245 233.898 -935.592 281.441 4
15 -360.283 231.718 -904.168 281.371 4
16 -405.74 233.446 -873.172 286.597 4
17 -453.573 236.613 -828.516 292.796 4
18 202.534 271.633 -1434.93 228.273 2
19 RANDOM
20 -241.616 271.834 -831.848 249.571 2
21 -211.039 271.63 -855.473 248.655 2
22 -189.845 285.114 -863.976 259.668 2
23 -318.748 250.132 -724.792 260.563 4
24 -320.245 233.898 -935.592 281.441 4
25 -360.283 231.718 -904.168 281.371 4
26 -405.74 233.446 -873.172 286.597 4
27 -453.573 236.613 -828.516 292.796 4
28 202.534 271.633 -1434.93 228.273 2
29 -282.678 283.903 -806.808 261.802 2
30 -241.616 271.834 -831.848 249.571 2
31 -211.039 271.63 -855.473 248.655 2
32 -189.845 285.114 -863.976 259.668 2
33 -318.748 250.132 -724.792 260.563 4
34 -320.245 233.898 -935.592 281.441 4
35 -360.283 231.718 -904.168 281.371 4
36 -405.74 233.446 -873.172 286.597 4
37 -453.573 236.613 -828.516 292.796 4
38 202.534 271.633 -1434.93 228.273 2
39 -282.678 283.903 -806.808 261.802 2
40 -247.811 248.414 -808.599 227.629 2
41 -217.964 248.097 -828.106 227.187 2
42 -198.866 256.444 -833.867 232.233 2
43 -323.23 229.858 -704.326 242.181 4
44 -338.423 210.406 -910.654 256.81 4
45 -378.775 211.322 -876.731 260.552 4
46 -424.547 218.73 -843.37 272.752 4
47 -473.652 227.849 -804.258 284.304 4
48 183.483 254.336 -1426.5 201.178 2
49 -287.903 269.387 -788.238 249.018 2
50 -247.811 248.414 -808.599 227.629 2
51 -217.964 248.097 -828.106 227.187 2
52 -198.866 256.444 -833.867 232.233 2
53 -323.23 229.858 -704.326 242.181 4
54 -338.423 210.406 -910.654 256.81 4
55 -378.775 211.322 -876.731 260.552 4
56 -424.547 218.73 -843.37 272.752 4
57 -473.652 227.849 -804.258 284.304 4
58 183.483 254.336 -1426.5 201.178 2
59 -287.903 269.387 -788.238 249.018 2
60 -247.811 248.414 -808.599 227.629 2
61 -217.964 248.097 -828.106 227.187 2
62 -198.866 256.444 -833.867 232.233 2
63 -323.23 229.858 -704.326 242.181 4
64 -338.423 210.406 -910.654 256.81 4
65 -378.775 211.322 -876.731 260.552 4
66 -424.547 218.73 -843.37 272.752 4
67 -473.652 227.849 -804.258 284.304 4
68 183.483 254.336 -1426.5 201.178 2
69 -287.903 269.387 -788.238 249.018 2
70 -247.811 248.414 -808.599 227.629 2
71 -217.964 248.097 -828.106 227.187 2
72 -198.866 256.444 -833.867 232.233 2
73 -323.23 229.858 -704.326 242.181 4
74 -338.423 210.406 -910.654 256.81 4
75 -378.775 211.322 -876.731 260.552 4
76 -424.547 218.73 -843.37 272.752 4
77 -473.652 227.849 -804.258 284.304 4
78 183.483 254.336 -1426.5 201.178 2
79 -287.903 269.387 -788.238 249.018 2
80 -247.811 248.414 -808.599 227.629 2
81 RANDOM
82 -198.866 256.444 -833.867 232.233 2
83 RANDOM
84 -287.402 214.595 -699.865 210.288 2
85 -274.419 230.515 -677.888 211.449 2
86 -185.89 211.36 -715.344 195.904 2
87 -281.062 255.531 -648.72 271.579 4
88 -268.485 157.862 -755.79 183.306 4
89 -309.306 176.635 -775.317 217.153 4
90 -344.912 205.065 -787.388 266.302 4
91 -397.287 239.442 -783.706 326.188 4
92 RANDOM
93 -324.914 184.801 -909.387 227.673 4
94 -373.347 193.102 -873.816 239.462 4
95 -435.208 197.012 -825.972 240.484 4
96 239.414 243.585 -1442.96 176.304 2
97 -240.299 227.116 -800.547 195.659 2
98 -196.649 205.347 -820.158 173.845 2
99 -163.761 204.494 -844.139 174.081 2
100 -130.532 220.613 -867.57 194.802 2
101 -226.696 185.669 -809.434 198.256 4
102 RANDOM
103 -316.1 185.564 -913.948 231.791 4
104 -365.436 192.051 -877.362 241.524 4
105 -429.09 188.487 -829.506 233.002 4
106 249.774 242.073 -1454.5 181.845 1
107 42.5521 311.172 -1229.2 311.958 4
