0 -204.472 47.7312 -263.506 11.438 2
1 -204.979 49.7357 -274.279 23.8119 2
2 -212.506 60.9823 -266.074 39.9461 2
3 -255.043 54.615 -233.762 54.445 2
4 -253.957 49.8256 -232.145 44.605 2
5 -259.817 56.0803 -219.02 44.281 2
6 -223.632 54.1492 -261.103 52.2337 2
7 -221.702 56.0877 -233.476 56.3644 4
8 -270.837 33.6123 -231.96 28.8347 2
9 -221.702 56.0877 -233.476 56.3644 4
10 -270.837 33.6123 -231.96 28.8347 2
11 -221.702 56.0877 -233.476 56.3644 4
12 -270.837 33.6123 -231.96 28.8347 2
13 -221.702 56.0877 -233.476 56.3644 4
14 -270.837 33.6123 -231.96 28.8347 2
15 -221.702 56.0877 -233.476 56.3644 4
16 -270.837 33.6123 -231.96 28.8347 2
17 -221.702 56.0877 -233.476 56.3644 4
18 -270.837 33.6123 -231.96 28.8347 2
19 -221.702 56.0877 -233.476 56.3644 4
20 -270.837 33.6123 -231.96 28.8347 2
21 -221.702 56.0877 -233.476 56.3644 4
22 -270.837 33.6123 -231.96 28.8347 2
23 -221.702 56.0877 -233.476 56.3644 4
24 -270.837 33.6123 -231.96 28.8347 2
25 -221.702 56.0877 -233.476 56.3644 4
26 -270.837 33.6123 -231.96 28.8347 2
27 -221.702 56.0877 -233.476 56.3644 4
28 -270.837 33.6123 -231.96 28.8347 2
29 -221.702 56.0877 -233.476 56.3644 4
30 -270.837 33.6123 -231.96 28.8347 2
31 RANDOM
32 -230.124 45.2438 -223.783 37.2233 2
33 -240.439 45.3209 -220.401 32.3969 2
34 -247.72 39.8411 -226.835 27.1122 2
35 -215.235 47.2671 -202.27 18.9623 2
36 -217.615 46.5122 -207.527 12.655 2
37 -220.473 39.6797 -214.617 -1.55224 2
38 -209.413 47.4999 -221.195 1.25843 2
39 -184.9 58.5397 -281.373 35.9585 2
40 -202.456 46.657 -262.338 8.99684 2
41 -215.814 42.445 -256.144 -1.38195 2
42 -216.318 41.758 -250.17 -8.52001 2
43 -198.058 24.3767 -245.565 -5.91369 2
44 -201.942 32.32 -255.961 -1.96398 2
45 -207.718 30.0084 -258.088 -11.5538 2
46 -184.867 41.6503 -240.564 -11.2549 2
47 -161.002 50.9656 -170.086 -22.9039 2
48 -112.968 40.1536 -153.629 -64.1309 2
49 RANDOM
50 -115.17 40.3158 -138.663 -70.9239 2
51 -171.345 48.7918 -150.174 -48.1112 2
52 -123.042 13.8847 -132.247 -115.403 2
53 -73.5428 29.3153 -106.538 -116.116 2
54 -45.8658 64.0349 -70.0718 -83.5067 2
55 -197.79 29.3998 -134.9 -53.9353 2
56 -150.325 29.3792 -99.7463 -79.7259 2
57 -141.038 44.0642 -72.8389 -68.0029 2
58 -135.213 73.531 -25.324 -36.136 2
59 -205.159 31.8817 -147.928 -38.0476 2
60 -204.0 12.4087 -128.113 -67.9873 2
61 -218.815 16.1791 -110.037 -63.7225 2
62 -215.475 52.3216 -47.497 -24.3636 2
63 -125.795 -3.34983 -52.9089 -96.5603 2
64 -119.595 -6.19797 -49.6509 -104.655 2
65 -116.585 -8.95725 -48.0754 -110.483 2
66 -94.405 -16.0905 -15.5939 -125.181 3
67 -150.142 -88.2082 2.50411 -178.634 3
68 -127.419 -60.4079 -2.69852 -164.502 3
69 -104.999 -44.9343 -4.54801 -159.666 3
70 -62.1817 -46.4109 23.6086 -174.771 3
71 -74.9931 -23.0095 -16.6562 -142.547 3
72 -65.2204 -28.7583 -34.196 -156.401 2
73 -71.2081 -35.9531 -74.6943 -171.158 2
