0 -395.892 482.848 -430.524 422.317 2
1 -373.656 480.776 -443.712 422.517 2
2 -360.178 487.21 -443.477 426.696 2
3 -501.468 472.378 -287.821 423.535 2
4 -467.218 469.496 -281.935 402.406 2
5 -459.948 466.777 -269.648 384.688 2
6 -361.442 466.137 -328.189 394.878 2
7 RANDOM
8 -404.959 498.298 -263.285 418.508 2
9 -405.205 506.547 -264.128 426.554 2
10 -369.007 530.883 -251.658 448.462 2
11 -328.422 463.425 -218.792 350.418 2
12 -311.335 459.62 -220.14 337.25 2
13 -293.578 469.199 -218.216 339.069 2
14 -231.461 497.888 -186.64 354.925 2
15 -305.47 479.884 -309.109 374.525 2
16 RANDOM
17 -291.524 499.787 -239.932 356.724 2
18 -228.093 526.907 -171.289 361.633 2
19 -278.148 533.791 -217.955 446.479 2
20 -251.488 558.767 -196.947 459.372 2
21 -243.931 576.384 -173.24 470.859 2
22 -162.591 576.335 -88.7289 423.814 2
23 -133.0 587.452 75.8817 407.261 2
24 -72.2973 575.395 101.405 358.876 2
25 -74.424 573.153 87.7181 349.071 2
26 -45.1415 563.884 118.552 309.204 2
27 -39.5798 543.71 168.478 287.71 2
28 63.2398 544.712 229.692 243.143 2
29 68.2579 542.744 243.682 235.508 2
30 144.121 573.586 372.754 226.54 2
31 -84.1227 562.45 258.004 375.165 2
32 34.2769 558.188 356.804 316.785 2
33 53.2815 579.15 419.828 323.312 2
34 RANDOM
35 RANDOM
36 -90.7145 645.101 328.91 476.664 2
37 -17.7333 657.236 428.537 461.822 2
38 RANDOM
39 20.0479 621.59 466.597 440.735 2
40 94.2701 613.232 526.419 399.207 2
41 161.044 631.342 574.671 390.834 2
42 259.55 683.748 668.006 407.377 2
43 158.065 627.878 621.256 409.215 2
44 216.216 660.657 655.154 415.173 2
45 260.772 686.407 676.372 419.469 2
46 373.36 746.984 787.395 452.907 3
47 347.307 719.758 844.323 456.28 3
