0 -13.4166 68.5461 -6.86118 55.7702 2
1 -11.8521 66.4679 -5.76155 53.6812 2
2 -10.4298 65.3726 -4.52729 52.1703 2
3 -6.95524 76.7421 4.22767 54.7177 2
4 -5.69625 71.2622 4.6905 50.6706 2
5 -4.7292 67.025 5.1685 47.4354 2
6 -4.49056 57.437 3.61951 40.682 2
7 -0.318259 64.4335 15.0836 39.6997 2
8 0.171072 60.3556 14.1413 37.3467 2
9 0.34765 55.4198 12.7157 34.3912 2
10 RANDOM
11 0.20437 60.9218 14.3668 37.5646 2
12 0.409792 54.7868 12.5928 33.9268 2
13 0.0613552 49.014 10.4902 30.383 2
14 -0.562947 39.6456 7.11168 24.6137 2
15 -1.53388 56.3212 11.5519 34.37 2
16 -1.72997 50.7119 9.60029 30.9412 2
17 -1.8207 45.7287 7.93048 27.9201 2
18 -2.2113 36.9284 4.90062 22.5275 2
19 -2.83852 49.73 8.73543 29.4415 2
20 -3.1159 43.2917 6.42799 25.6013 2
21 -3.41625 37.8437 4.46758 22.3192 2
22 -3.45947 29.0262 1.85537 17.3152 2
23 -4.95128 33.8952 3.02598 18.4965 2
24 -4.92469 31.5985 2.30427 17.3355 2
25 -4.93357 29.2668 1.52609 16.1951 2
26 -4.95135 22.5279 -0.577519 12.6302 2
27 -4.97741 25.1162 0.87091 12.9006 2
28 -4.98534 21.4557 -0.262491 10.9773 2
29 -5.04108 18.8306 -1.13215 9.64463 2
30 -5.17494 13.4631 -2.79504 6.89233 2
31 -5.90651 15.9157 -2.0355 6.76789 2
32 -5.70908 13.7803 -2.63013 5.76837 2
33 -5.59991 11.5456 -3.16541 4.64709 2
34 -5.56409 9.41481 -3.74334 3.94066 2
35 -5.20031 8.91803 -3.32259 2.75004 2
36 -5.13655 6.5573 -3.92236 1.80159 2
37 -5.02399 4.68495 -4.28082 1.02872 2
38 -5.00835 3.44322 -4.24844 0.710301 2
39 -4.57916 -0.193373 -4.35247 -2.61685 2
40 -4.41979 -0.0580467 -4.19661 -2.44984 2
41 -4.34661 0.0410949 -4.12929 -2.27469 2
42 -4.46796 1.11301 -3.94778 -0.687709 2
43 -4.36822 -0.069413 -4.1422 -2.38604 2
44 -4.24435 0.153411 -4.01877 -2.1003 2
45 -4.33455 0.335902 -4.03764 -1.8155 2
46 -4.45255 1.5167 -3.83884 -0.185981 2
47 -5.00778 -0.853132 -4.657 -3.21989 2
48 RANDOM
49 -4.92685 -0.606148 -4.59304 -2.84245 2
50 -4.88342 0.640365 -4.27857 -1.15231 2
51 RANDOM
