0 -3.6559 21.7685 3.98312 22.2562 4
1 -3.6559 21.7685 3.98312 22.2562 4
2 -3.6559 21.7685 3.98312 22.2562 4
3 -3.6559 21.7685 3.98312 22.2562 4
4 -3.6559 21.7685 3.98312 22.2562 4
5 -3.6559 21.7685 3.98312 22.2562 4
6 -3.6559 21.7685 3.98312 22.2562 4
7 -3.6559 21.7685 3.98312 22.2562 4
8 -3.6559 21.7685 3.98312 22.2562 4
9 RANDOM
10 -3.6559 21.7685 3.98312 22.2562 4
11 -3.6559 21.7685 3.98312 22.2562 4
12 -3.6559 21.7685 3.98312 22.2562 4
13 -3.6559 21.7685 3.98312 22.2562 4
14 -3.6559 21.7685 3.98312 22.2562 4
15 -3.6559 21.7685 3.98312 22.2562 4
16 -3.6559 21.7685 3.98312 22.2562 4
17 -3.6559 21.7685 3.98312 22.2562 4
18 -3.6559 21.7685 3.98312 22.2562 4
19 -3.6559 21.7685 3.98312 22.2562 4
20 -3.6559 21.7685 3.98312 22.2562 4
21 -3.6559 21.7685 3.98312 22.2562 4
22 -3.6559 21.7685 3.98312 22.2562 4
23 -3.6559 21.7685 3.98312 22.2562 4
24 -3.6559 21.7685 3.98312 22.2562 4
25 -3.6559 21.7685 3.98312 22.2562 4
26 RANDOM
27 -3.6559 21.7685 3.98312 22.2562 4
28 -3.6559 21.7685 3.98312 22.2562 4
29 -3.6559 21.7685 3.98312 22.2562 4
30 -3.6559 21.7685 3.98312 22.2562 4
31 -3.6559 21.7685 3.98312 22.2562 4
32 -3.6559 21.7685 3.98312 22.2562 4
33 -3.6559 21.7685 3.98312 22.2562 4
34 -3.6559 21.7685 3.98312 22.2562 4
35 -3.6559 21.7685 3.98312 22.2562 4
36 -3.6559 21.7685 3.98312 22.2562 4
37 -3.6559 21.7685 3.98312 22.2562 4
38 -3.6559 21.7685 3.98312 22.2562 4
39 -3.6559 21.7685 3.98312 22.2562 4
40 -3.6559 21.7685 3.98312 22.2562 4
41 -3.6559 21.7685 3.98312 22.2562 4
42 -8.27164 21.5844 -40.5946 38.8984 4
43 -7.88782 24.7163 -41.6187 39.5688 4
44 -8.30006 27.5848 -43.8263 38.7097 4
45 -8.72802 30.8811 -46.0728 39.677 4
46 -7.60313 18.5946 -38.158 37.9043 4
47 -7.46555 15.8517 -34.418 33.7818 4
48 -6.71415 14.5391 -30.594 31.4615 4
49 -5.86408 13.562 -26.5634 29.592 4
50 0.688288 21.077 -6.87523 12.2509 2
51 -3.6559 21.7685 3.98312 22.2562 4
52 0.688288 21.077 -6.87523 12.2509 2
53 -3.6559 21.7685 3.98312 22.2562 4
54 0.688288 21.077 -6.87523 12.2509 2
55 -3.6559 21.7685 3.98312 22.2562 4
56 0.688288 21.077 -6.87523 12.2509 2
57 -3.6559 21.7685 3.98312 22.2562 4
58 0.688288 21.077 -6.87523 12.2509 2
59 -3.6559 21.7685 3.98312 22.2562 4
60 0.688288 21.077 -6.87523 12.2509 2
61 -3.6559 21.7685 3.98312 22.2562 4
62 0.688288 21.077 -6.87523 12.2509 2
63 -3.6559 21.7685 3.98312 22.2562 4
64 0.688288 21.077 -6.87523 12.2509 2
65 -3.6559 21.7685 3.98312 22.2562 4
66 0.688288 21.077 -6.87523 12.2509 2
67 -3.6559 21.7685 3.98312 22.2562 4
68 0.688288 21.077 -6.87523 12.2509 2
69 -3.6559 21.7685 3.98312 22.2562 4
70 0.688288 21.077 -6.87523 12.2509 2
71 -3.6559 21.7685 3.98312 22.2562 4
72 0.688288 21.077 -6.87523 12.2509 2
73 -3.6559 21.7685 3.98312 22.2562 4
74 0.688288 21.077 -6.87523 12.2509 2
75 -3.6559 21.7685 3.98312 22.2562 4
76 0.688288 21.077 -6.87523 12.2509 2
77 -3.6559 21.7685 3.98312 22.2562 4
78 0.688288 21.077 -6.87523 12.2509 2
79 -3.6559 21.7685 3.98312 22.2562 4
80 0.688288 21.077 -6.87523 12.2509 2
81 -3.6559 21.7685 3.98312 22.2562 4
82 0.688288 21.077 -6.87523 12.2509 2
83 -3.6559 21.7685 3.98312 22.2562 4
84 0.688288 21.077 -6.87523 12.2509 2
85 -3.6559 21.7685 3.98312 22.2562 4
86 0.688288 21.077 -6.87523 12.2509 2
87 -3.6559 21.7685 3.98312 22.2562 4
88 0.688288 21.077 -6.87523 12.2509 2
89 -3.6559 21.7685 3.98312 22.2562 4
90 0.688288 21.077 -6.87523 12.2509 2
91 RANDOM
92 RANDOM
93 -4.7233 14.5333 -4.1759 19.1578 4
94 -5.60143 13.9331 -26.301 29.7071 4
95 -4.12896 13.8402 -22.2007 26.9244 4
96 0.688288 21.077 -6.87523 12.2509 2
97 -3.6559 21.7685 3.98312 22.2562 4
98 0.688288 21.077 -6.87523 12.2509 2
99 -3.6559 21.7685 3.98312 22.2562 4
100 0.688288 21.077 -6.87523 12.2509 2
101 -3.6559 21.7685 3.98312 22.2562 4
102 0.688288 21.077 -6.87523 12.2509 2
103 -3.6559 21.7685 3.98312 22.2562 4
104 0.688288 21.077 -6.87523 12.2509 2
105 -3.6559 21.7685 3.98312 22.2562 4
106 0.688288 21.077 -6.87523 12.2509 2
107 -3.6559 21.7685 3.98312 22.2562 4
108 0.688288 21.077 -6.87523 12.2509 2
109 -3.6559 21.7685 3.98312 22.2562 4
110 0.688288 21.077 -6.87523 12.2509 2
111 -3.6559 21.7685 3.98312 22.2562 4
112 0.688288 21.077 -6.87523 12.2509 2
113 -3.6559 21.7685 3.98312 22.2562 4
114 0.688288 21.077 -6.87523 12.2509 2
115 -3.6559 21.7685 3.98312 22.2562 4
116 0.688288 21.077 -6.87523 12.2509 2
117 -3.6559 21.7685 3.98312 22.2562 4
118 0.688288 21.077 -6.87523 12.2509 2
119 RANDOM
120 -3.6559 21.7685 3.98312 22.2562 4
121 -4.12896 13.8402 -22.2007 26.9244 4
122 0.688288 21.077 -6.87523 12.2509 2
123 -3.6559 21.7685 3.98312 22.2562 4
124 0.688288 21.077 -6.87523 12.2509 2
125 -3.6559 21.7685 3.98312 22.2562 4
126 0.688288 21.077 -6.87523 12.2509 2
127 -3.6559 21.7685 3.98312 22.2562 4
128 0.688288 21.077 -6.87523 12.2509 2
129 -3.6559 21.7685 3.98312 22.2562 4
130 0.688288 21.077 -6.87523 12.2509 2
131 -3.6559 21.7685 3.98312 22.2562 4
132 0.688288 21.077 -6.87523 12.2509 2
133 -3.6559 21.7685 3.98312 22.2562 4
134 0.688288 21.077 -6.87523 12.2509 2
135 -3.6559 21.7685 3.98312 22.2562 4
136 0.688288 21.077 -6.87523 12.2509 2
137 -3.6559 21.7685 3.98312 22.2562 4
138 0.688288 21.077 -6.87523 12.2509 2
139 -3.6559 21.7685 3.98312 22.2562 4
140 0.688288 21.077 -6.87523 12.2509 2
141 -3.6559 21.7685 3.98312 22.2562 4
142 0.688288 21.077 -6.87523 12.2509 2
143 -3.6559 21.7685 3.98312 22.2562 4
144 0.688288 21.077 -6.87523 12.2509 2
145 -3.6559 21.7685 3.98312 22.2562 4
146 0.688288 21.077 -6.87523 12.2509 2
147 -3.6559 21.7685 3.98312 22.2562 4
148 0.688288 21.077 -6.87523 12.2509 2
149 -3.6559 21.7685 3.98312 22.2562 4
150 0.688288 21.077 -6.87523 12.2509 2
151 -3.6559 21.7685 3.98312 22.2562 4
152 0.688288 21.077 -6.87523 12.2509 2
153 -3.6559 21.7685 3.98312 22.2562 4
154 0.688288 21.077 -6.87523 12.2509 2
155 -3.6559 21.7685 3.98312 22.2562 4
156 0.688288 21.077 -6.87523 12.2509 2
157 -3.6559 21.7685 3.98312 22.2562 4
158 0.688288 21.077 -6.87523 12.2509 2
159 -3.6559 21.7685 3.98312 22.2562 4
160 0.688288 21.077 -6.87523 12.2509 2
161 -3.6559 21.7685 3.98312 22.2562 4
162 0.688288 21.077 -6.87523 12.2509 2
163 -3.6559 21.7685 3.98312 22.2562 4
164 0.688288 21.077 -6.87523 12.2509 2
165 -3.6559 21.7685 3.98312 22.2562 4
166 0.688288 21.077 -6.87523 12.2509 2
167 -3.6559 21.7685 3.98312 22.2562 4
168 0.688288 21.077 -6.87523 12.2509 2
169 -3.6559 21.7685 3.98312 22.2562 4
170 0.688288 21.077 -6.87523 12.2509 2
171 -3.6559 21.7685 3.98312 22.2562 4
172 0.688288 21.077 -6.87523 12.2509 2
173 RANDOM
174 -3.6559 21.7685 3.98312 22.2562 4
175 -4.12896 13.8402 -22.2007 26.9244 4
176 0.688288 21.077 -6.87523 12.2509 2
177 -3.6559 21.7685 3.98312 22.2562 4
178 0.688288 21.077 -6.87523 12.2509 2
179 -3.6559 21.7685 3.98312 22.2562 4
180 RANDOM
181 -3.6559 21.7685 3.98312 22.2562 4
182 -1.88729 22.3483 -14.5793 15.4895 2
