0 RANDOM
1 -4.75141 24.9582 11.9364 26.2301 4
2 -4.75141 24.9582 11.9364 26.2301 4
3 -4.75141 24.9582 11.9364 26.2301 4
4 -4.75141 24.9582 11.9364 26.2301 4
5 -4.75141 24.9582 11.9364 26.2301 4
6 -4.75141 24.9582 11.9364 26.2301 4
7 -4.75141 24.9582 11.9364 26.2301 4
8 -4.75141 24.9582 11.9364 26.2301 4
9 -4.75141 24.9582 11.9364 26.2301 4
10 -4.75141 24.9582 11.9364 26.2301 4
11 -4.75141 24.9582 11.9364 26.2301 4
12 -4.75141 24.9582 11.9364 26.2301 4
13 -4.75141 24.9582 11.9364 26.2301 4
14 RANDOM
15 -4.75141 24.9582 11.9364 26.2301 4
16 -4.75141 24.9582 11.9364 26.2301 4
17 -4.75141 24.9582 11.9364 26.2301 4
18 -4.75141 24.9582 11.9364 26.2301 4
19 -4.75141 24.9582 11.9364 26.2301 4
20 -4.75141 24.9582 11.9364 26.2301 4
21 -4.75141 24.9582 11.9364 26.2301 4
22 -4.75141 24.9582 11.9364 26.2301 4
23 -4.75141 24.9582 11.9364 26.2301 4
24 -4.75141 24.9582 11.9364 26.2301 4
25 -4.75141 24.9582 11.9364 26.2301 4
26 -4.75141 24.9582 11.9364 26.2301 4
27 -4.75141 24.9582 11.9364 26.2301 4
28 -4.75141 24.9582 11.9364 26.2301 4
29 -4.75141 24.9582 11.9364 26.2301 4
30 -4.75141 24.9582 11.9364 26.2301 4
31 -4.75141 24.9582 11.9364 26.2301 4
32 -4.75141 24.9582 11.9364 26.2301 4
33 -4.75141 24.9582 11.9364 26.2301 4
34 -4.75141 24.9582 11.9364 26.2301 4
35 -4.75141 24.9582 11.9364 26.2301 4
36 -4.75141 24.9582 11.9364 26.2301 4
37 -4.75141 24.9582 11.9364 26.2301 4
38 -4.75141 24.9582 11.9364 26.2301 4
39 -4.75141 24.9582 11.9364 26.2301 4
40 -4.75141 24.9582 11.9364 26.2301 4
41 -4.75141 24.9582 11.9364 26.2301 4
42 -4.75141 24.9582 11.9364 26.2301 4
43 -4.75141 24.9582 11.9364 26.2301 4
44 -15.1894 26.4185 -19.7697 62.7964 4
45 -16.2479 29.0043 -19.3384 64.7728 4
46 -18.3451 31.7994 -19.2226 66.3755 4
47 -20.9937 34.6546 -19.0471 67.7553 4
48 -12.943 24.081 -20.1483 60.4233 4
49 -12.2844 21.0916 -17.711 54.7784 4
50 -11.1674 19.5311 -15.0529 50.9751 4
51 -10.0119 18.0351 -12.3281 47.1758 4
52 RANDOM
53 -4.75141 24.9582 11.9364 26.2301 4
54 -12.0374 21.7273 8.76706 27.4468 4
