0 43.7513 691.344 -433.122 640.888 2
1 78.2596 679.966 -458.971 630.629 2
2 102.261 690.065 -469.357 637.044 2
3 -97.5861 778.449 -176.418 851.335 4
4 -2.7331 586.368 -616.792 585.644 2
5 -97.5861 778.449 -176.418 851.335 4
6 -2.7331 586.368 -616.792 585.644 2
7 -97.5861 778.449 -176.418 851.335 4
8 -2.7331 586.368 -616.792 585.644 2
9 RANDOM
10 -43.883 756.877 -183.438 808.664 4
11 -245.254 886.633 -140.467 1021.97 4
12 -2.7331 586.368 -616.792 585.644 2
13 -97.5861 778.449 -176.418 851.335 4
14 -2.7331 586.368 -616.792 585.644 2
15 -97.5861 778.449 -176.418 851.335 4
16 -2.7331 586.368 -616.792 585.644 2
17 -97.5861 778.449 -176.418 851.335 4
18 -2.7331 586.368 -616.792 585.644 2
19 -97.5861 778.449 -176.418 851.335 4
20 -2.7331 586.368 -616.792 585.644 2
21 -97.5861 778.449 -176.418 851.335 4
22 -2.7331 586.368 -616.792 585.644 2
23 -97.5861 778.449 -176.418 851.335 4
24 -2.7331 586.368 -616.792 585.644 2
25 -97.5861 778.449 -176.418 851.335 4
26 -2.7331 586.368 -616.792 585.644 2
27 -97.5861 778.449 -176.418 851.335 4
28 -2.7331 586.368 -616.792 585.644 2
29 -97.5861 778.449 -176.418 851.335 4
30 -2.7331 586.368 -616.792 585.644 2
31 -97.5861 778.449 -176.418 851.335 4
32 -2.7331 586.368 -616.792 585.644 2
33 -97.5861 778.449 -176.418 851.335 4
34 -2.7331 586.368 -616.792 585.644 2
35 -97.5861 778.449 -176.418 851.335 4
36 -2.7331 586.368 -616.792 585.644 2
37 -97.5861 778.449 -176.418 851.335 4
38 -2.7331 586.368 -616.792 585.644 2
39 -97.5861 778.449 -176.418 851.335 4
40 -23.4597 553.572 -570.898 559.55 4
41 RANDOM
42 -130.011 636.777 -462.068 658.431 4
43 -192.481 685.722 -393.678 710.994 4
44 607.094 633.512 -1383.59 420.63 2
45 -5.96015 708.272 -373.97 663.366 2
46 39.3016 672.58 -393.568 631.463 2
47 70.3172 655.604 -413.564 615.992 2
48 89.0955 658.493 -419.399 615.05 2
49 -91.4733 787.354 -139.053 868.656 4
50 -23.4597 553.572 -570.898 559.55 4
51 -75.0998 595.329 -516.739 608.588 4
52 RANDOM
53 RANDOM
54 607.094 633.512 -1383.59 420.63 2
55 -5.96015 708.272 -373.97 663.366 2
56 39.3016 672.58 -393.568 631.463 2
57 70.3172 655.604 -413.564 615.992 2
58 89.0955 658.493 -419.399 615.05 2
59 -91.4733 787.354 -139.053 868.656 4
60 -23.4597 553.572 -570.898 559.55 4
61 -75.0998 595.329 -516.739 608.588 4
62 -130.011 636.777 -462.068 658.431 4
63 -192.481 685.722 -393.678 710.994 4
64 607.094 633.512 -1383.59 420.63 2
65 -5.96015 708.272 -373.97 663.366 2
66 39.3016 672.58 -393.568 631.463 2
67 70.3172 655.604 -413.564 615.992 2
68 89.0955 658.493 -419.399 615.05 2
69 -91.4733 787.354 -139.053 868.656 4
70 -23.4597 553.572 -570.898 559.55 4
71 -75.0998 595.329 -516.739 608.588 4
72 -130.011 636.777 -462.068 658.431 4
73 -192.481 685.722 -393.678 710.994 4
74 607.094 633.512 -1383.59 420.63 2
75 -5.96015 708.272 -373.97 663.366 2
76 39.3016 672.58 -393.568 631.463 2
77 70.3172 655.604 -413.564 615.992 2
78 89.0955 658.493 -419.399 615.05 2
79 -91.4733 787.354 -139.053 868.656 4
80 -23.4597 553.572 -570.898 559.55 4
81 -75.0998 595.329 -516.739 608.588 4
82 -130.011 636.777 -462.068 658.431 4
83 -192.481 685.722 -393.678 710.994 4
84 607.094 633.512 -1383.59 420.63 2
85 -5.96015 708.272 -373.97 663.366 2
86 39.3016 672.58 -393.568 631.463 2
87 70.3172 655.604 -413.564 615.992 2
88 89.0955 658.493 -419.399 615.05 2
89 -91.4733 787.354 -139.053 868.656 4
90 -23.4597 553.572 -570.898 559.55 4
91 -75.0998 595.329 -516.739 608.588 4
92 -130.011 636.777 -462.068 658.431 4
93 -192.481 685.722 -393.678 710.994 4
94 607.094 633.512 -1383.59 420.63 2
95 -5.96015 708.272 -373.97 663.366 2
96 39.3016 672.58 -393.568 631.463 2
97 70.3172 655.604 -413.564 615.992 2
98 89.0955 658.493 -419.399 615.05 2
99 -91.4733 787.354 -139.053 868.656 4
100 -10.3933 551.759 -582.407 558.982 4
101 -61.6784 594.559 -527.796 609.72 4
102 -116.38 638.378 -472.67 662.41 4
103 -180.843 682.836 -401.418 708.313 4
104 617.317 647.781 -1394.96 443.78 2
105 7.85723 700.496 -407.539 651.138 2
106 50.7498 669.378 -424.426 625.544 2
107 79.91 655.248 -440.413 614.68 2
108 101.554 658.133 -447.971 615.613 2
109 RANDOM
110 -25.7136 753.145 -185.205 806.988 4
111 -252.147 870.065 -105.669 1014.7 4
112 -10.3933 551.759 -582.407 558.982 4
113 -61.6784 594.559 -527.796 609.72 4
114 -116.38 638.378 -472.67 662.41 4
115 -180.843 682.836 -401.418 708.313 4
116 617.317 647.781 -1394.96 443.78 2
117 7.85723 700.496 -407.539 651.138 2
118 50.7498 669.378 -424.426 625.544 2
119 79.91 655.248 -440.413 614.68 2
120 101.554 658.133 -447.971 615.613 2
121 -80.6828 756.764 -189.977 827.826 4
122 -10.3933 551.759 -582.407 558.982 4
123 -61.6784 594.559 -527.796 609.72 4
124 -116.38 638.378 -472.67 662.41 4
125 -180.843 682.836 -401.418 708.313 4
126 617.317 647.781 -1394.96 443.78 2
127 RANDOM
128 50.7498 669.378 -424.426 625.544 2
129 79.91 655.248 -440.413 614.68 2
130 101.554 658.133 -447.971 615.613 2
131 -80.6828 756.764 -189.977 827.826 4
132 -10.3933 551.759 -582.407 558.982 4
133 -61.6784 594.559 -527.796 609.72 4
134 -116.38 638.378 -472.67 662.41 4
135 -180.843 682.836 -401.418 708.313 4
136 617.317 647.781 -1394.96 443.78 2
137 7.85723 700.496 -407.539 651.138 2
138 50.7498 669.378 -424.426 625.544 2
139 79.91 655.248 -440.413 614.68 2
140 101.554 658.133 -447.971 615.613 2
141 -80.6828 756.764 -189.977 827.826 4
142 -10.3933 551.759 -582.407 558.982 4
143 -61.6784 594.559 -527.796 609.72 4
144 -116.38 638.378 -472.67 662.41 4
145 -180.843 682.836 -401.418 708.313 4
146 617.317 647.781 -1394.96 443.78 2
147 7.85723 700.496 -407.539 651.138 2
148 50.7498 669.378 -424.426 625.544 2
149 79.91 655.248 -440.413 614.68 2
150 101.554 658.133 -447.971 615.613 2
151 -80.6828 756.764 -189.977 827.826 4
152 -10.3933 551.759 -582.407 558.982 4
153 -61.6784 594.559 -527.796 609.72 4
154 -116.38 638.378 -472.67 662.41 4
155 -180.843 682.836 -401.418 708.313 4
156 617.317 647.781 -1394.96 443.78 2
157 7.85723 700.496 -407.539 651.138 2
158 50.7498 669.378 -424.426 625.544 2
159 79.91 655.248 -440.413 614.68 2
160 101.554 658.133 -447.971 615.613 2
161 -80.6828 756.764 -189.977 827.826 4
162 -10.3933 551.759 -582.407 558.982 4
163 -61.6784 594.559 -527.796 609.72 4
164 -116.38 638.378 -472.67 662.41 4
165 -180.843 682.836 -401.418 708.313 4
166 617.317 647.781 -1394.96 443.78 2
167 RANDOM
168 50.7498 669.378 -424.426 625.544 2
169 79.91 655.248 -440.413 614.68 2
170 101.554 658.133 -447.971 615.613 2
171 -80.6828 756.764 -189.977 827.826 4
172 -10.3933 551.759 -582.407 558.982 4
173 -61.6784 594.559 -527.796 609.72 4
174 -116.38 638.378 -472.67 662.41 4
175 -180.843 682.836 -401.418 708.313 4
176 617.317 647.781 -1394.96 443.78 2
177 7.85723 700.496 -407.539 651.138 2
178 50.7498 669.378 -424.426 625.544 2
179 RANDOM
180 101.554 658.133 -447.971 615.613 2
181 -80.6828 756.764 -189.977 827.826 4
182 -10.3933 551.759 -582.407 558.982 4
183 -61.6784 594.559 -527.796 609.72 4
184 RANDOM
185 -180.843 682.836 -401.418 708.313 4
186 RANDOM
187 574.324 451.83 -1411.62 244.113 1
188 383.712 465.298 -1159.69 292.768 2
