0 -212.051 205.765 -626.218 199.686 2
1 -194.556 202.473 -637.36 198.277 2
2 -183.039 210.368 -635.783 203.51 2
3 -320.97 180.265 -502.43 188.315 4
4 -300.088 179.053 -688.606 228.131 4
5 -327.078 174.027 -671.841 224.683 4
6 -358.514 176.021 -653.671 228.213 4
7 -394.11 180.802 -625.004 233.156 4
8 118.788 221.804 -1068.29 254.219 4
9 68.3494 177.693 -1058.01 227.645 4
10 -3.14959 122.994 -1038.73 192.164 4
11 -61.4079 87.8709 -1015.02 173.175 4
12 -30.8071 114.349 -1151.2 180.994 4
13 -125.182 49.3343 -1074.05 106.482 4
14 RANDOM
15 -249.757 -25.132 -927.974 8.04059 4
16 RANDOM
17 -267.022 120.47 -920.844 205.857 4
18 -403.536 80.9969 -744.896 130.698 4
19 -518.029 31.0184 -566.679 34.324 4
20 -50.7951 284.193 -918.369 283.111 2
21 -167.826 159.596 -603.581 4.84699 2
22 -65.3827 184.459 -782.069 84.949 2
23 36.6221 236.56 -963.872 205.339 2
24 167.589 361.882 -1095.11 365.835 4
25 -91.8827 200.227 -960.583 222.789 4
26 -267.872 107.732 -794.683 113.866 4
27 -396.565 61.8084 -613.534 25.7803 2
28 -65.3827 184.459 -782.069 84.949 2
29 36.6221 236.56 -963.872 205.339 2
30 167.589 361.882 -1095.11 365.835 4
31 -91.8827 200.227 -960.583 222.789 4
32 -267.872 107.732 -794.683 113.866 4
33 -396.565 61.8084 -613.534 25.7803 2
34 -65.3827 184.459 -782.069 84.949 2
35 36.6221 236.56 -963.872 205.339 2
36 167.589 361.882 -1095.11 365.835 4
37 -91.8827 200.227 -960.583 222.789 4
38 RANDOM
39 -396.565 61.8084 -613.534 25.7803 2
40 -69.6642 165.995 -782.236 61.8074 2
41 32.5579 217.912 -963.085 181.496 2
42 164.867 347.164 -1090.59 345.893 2
43 166.979 218.588 -1039.04 108.537 2
44 224.568 272.267 -1084.67 176.796 2
45 266.566 313.248 -1113.42 237.392 2
46 282.419 340.726 -1117.35 286.664 2
47 259.632 278.557 -1097.03 207.987 2
48 307.411 312.16 -1110.54 231.885 2
49 336.053 348.507 -1111.17 268.202 2
50 347.036 379.929 -1106.67 328.318 2
51 22.3922 258.892 -597.496 276.796 4
52 514.683 495.934 -1177.8 381.331 1
53 221.275 284.818 -1008.42 301.724 4
