0 -150.214 194.398 -301.452 166.164 2
1 -144.55 191.746 -311.718 170.182 2
2 -143.891 201.757 -305.016 177.316 2
3 -232.567 186.233 -203.109 174.575 2
4 -221.862 175.415 -199.139 151.947 2
5 -220.16 185.541 -183.949 149.809 2
6 -159.265 178.206 -255.488 166.743 2
7 -166.852 168.515 -211.728 146.381 2
8 -170.18 156.156 -205.945 124.565 2
9 -181.8 163.071 -204.754 128.368 2
10 -176.867 172.172 -208.485 142.995 2
11 -129.326 116.229 -169.145 46.4422 2
12 -125.106 108.734 -172.759 32.422 2
13 -122.162 106.659 -182.59 26.619 2
14 -87.1279 118.666 -180.415 34.8236 2
15 -92.6491 131.481 -259.629 84.0697 2
16 -85.7519 117.688 -240.844 49.5372 2
17 RANDOM
18 -80.1511 115.022 -212.23 24.9256 2
19 RANDOM
20 -73.1569 138.69 -222.663 83.9461 2
21 -76.1977 144.109 -220.095 86.7469 2
22 -39.8391 148.29 -179.285 66.243 2
23 25.3438 122.99 -81.0774 -10.1586 2
24 80.8033 106.891 -58.6577 -60.786 2
25 70.3038 109.018 -70.5017 -58.2448 2
26 78.7652 121.511 -38.0886 -55.6884 2
27 49.6768 109.05 -28.8875 -72.8107 2
28 132.529 92.7198 19.7383 -126.168 1
29 190.83 39.8304 -1.74929 -212.114 1
