0 -1.94332 31.3923 19.4487 32.6813 4
1 -1.94332 31.3923 19.4487 32.6813 4
2 -1.94332 31.3923 19.4487 32.6813 4
3 -1.94332 31.3923 19.4487 32.6813 4
4 -1.94332 31.3923 19.4487 32.6813 4
5 RANDOM
6 -1.94332 31.3923 19.4487 32.6813 4
7 -1.94332 31.3923 19.4487 32.6813 4
8 -1.94332 31.3923 19.4487 32.6813 4
9 -1.94332 31.3923 19.4487 32.6813 4
10 -1.94332 31.3923 19.4487 32.6813 4
11 -1.94332 31.3923 19.4487 32.6813 4
12 -1.94332 31.3923 19.4487 32.6813 4
13 -1.94332 31.3923 19.4487 32.6813 4
14 -1.94332 31.3923 19.4487 32.6813 4
15 RANDOM
16 -1.94332 31.3923 19.4487 32.6813 4
17 -1.94332 31.3923 19.4487 32.6813 4
18 -1.94332 31.3923 19.4487 32.6813 4
19 -1.94332 31.3923 19.4487 32.6813 4
20 -1.94332 31.3923 19.4487 32.6813 4
21 -1.94332 31.3923 19.4487 32.6813 4
22 RANDOM
23 -1.94332 31.3923 19.4487 32.6813 4
24 -1.94332 31.3923 19.4487 32.6813 4
25 -1.94332 31.3923 19.4487 32.6813 4
26 -1.94332 31.3923 19.4487 32.6813 4
27 -1.94332 31.3923 19.4487 32.6813 4
28 -1.94332 31.3923 19.4487 32.6813 4
29 -1.94332 31.3923 19.4487 32.6813 4
30 -1.94332 31.3923 19.4487 32.6813 4
31 -1.94332 31.3923 19.4487 32.6813 4
32 -1.94332 31.3923 19.4487 32.6813 4
33 -1.94332 31.3923 19.4487 32.6813 4
34 -1.94332 31.3923 19.4487 32.6813 4
35 -1.94332 31.3923 19.4487 32.6813 4
36 -1.94332 31.3923 19.4487 32.6813 4
37 -1.94332 31.3923 19.4487 32.6813 4
38 -1.94332 31.3923 19.4487 32.6813 4
39 -1.94332 31.3923 19.4487 32.6813 4
40 -1.94332 31.3923 19.4487 32.6813 4
41 -1.94332 31.3923 19.4487 32.6813 4
42 -12.5379 32.7946 -1.95077 79.3373 4
43 -13.8022 35.6918 -0.0317088 82.4139 4
44 -15.9964 38.9828 2.23206 85.9748 4
45 -18.6842 42.7584 5.35931 89.8091 4
46 -10.4494 29.6684 -5.09383 75.6498 4
47 -9.39403 27.3825 -3.20498 69.9018 4
48 -8.45663 25.409 -1.5401 64.8879 4
49 RANDOM
50 -0.834819 39.1169 46.1493 42.2136 3
51 -3.2324 35.6336 28.6148 34.536 2
