0 215.626 221.017 200.343 224.488 4
1 213.59 217.466 196.839 221.909 4
2 205.36 209.361 193.238 211.746 4
3 209.386 213.281 196.462 216.202 4
4 214.182 217.805 199.931 221.638 4
5 221.304 224.479 204.741 229.853 4
6 207.135 211.804 194.994 214.075 4
7 RANDOM
8 218.064 222.505 203.824 226.335 4
9 227.54 231.569 210.547 237.326 4
10 221.352 225.97 208.608 230.085 4
11 224.132 228.518 210.768 233.384 4
12 229.772 233.872 215.203 239.961 4
13 238.459 242.114 221.789 250.11 4
14 222.512 226.193 209.498 231.958 4
15 225.512 229.004 211.954 235.506 4
16 230.506 233.698 215.981 241.333 4
17 239.215 241.948 222.963 251.398 4
18 RANDOM
19 RANDOM
20 203.568 206.493 193.715 208.775 4
21 204.25 204.48 193.776 211.246 4
