0 -164.672 213.168 -496.761 169.456 2
1 -160.772 208.027 -508.694 172.903 2
2 -161.562 217.625 -503.952 181.672 2
3 -240.126 213.481 -428.842 192.463 2
4 -228.052 209.077 -424.975 176.757 2
5 -230.706 206.735 -413.019 164.115 2
6 -172.014 207.826 -474.308 189.734 2
7 -172.217 210.65 -439.377 179.682 2
8 -174.996 203.163 -433.125 163.347 2
9 -190.17 202.119 -430.679 159.834 2
10 -182.447 222.467 -434.404 186.191 2
11 -140.129 168.54 -402.847 91.303 2
12 -136.715 161.138 -404.931 77.6153 2
13 -134.968 160.398 -413.766 73.3958 2
14 -101.722 178.86 -415.8 90.3118 2
15 -102.923 179.406 -483.152 121.191 2
16 -98.413 168.397 -465.372 91.5413 2
17 -108.005 164.934 -457.454 76.4371 2
18 -93.9172 177.214 -442.894 82.6995 2
19 -84.935 190.616 -440.163 129.813 2
20 -82.1491 200.366 -446.672 137.516 2
21 -87.6945 207.262 -445.942 142.759 2
22 -55.7123 223.364 -415.314 140.317 2
23 3.61431 200.116 -328.929 71.0101 2
24 59.2454 190.403 -308.316 28.3651 2
25 50.5147 192.577 -317.435 30.1014 2
26 55.253 206.428 -292.155 35.9227 2
27 20.033 202.835 -288.356 33.5013 2
28 95.7254 183.242 -252.803 -21.5031 2
29 130.406 179.042 -229.439 -37.9191 2
30 169.305 202.964 -166.889 -24.6445 2
31 -28.5663 209.113 -240.165 77.0836 2
32 64.0557 197.719 -180.888 28.5079 2
33 73.9642 191.784 -152.326 19.2847 2
34 125.79 234.428 -74.4218 53.1407 2
35 RANDOM
36 -45.6635 225.186 -229.722 110.806 2
37 -11.2587 206.0 -191.221 78.6697 2
38 47.5567 215.043 -93.0894 75.0816 2
39 65.5401 112.567 -152.13 -22.9826 2
40 85.0992 137.993 -134.437 -3.27264 2
41 111.899 148.525 -119.988 -1.16571 2
42 164.617 159.917 -71.746 -3.83538 1
43 192.884 153.736 -108.727 -40.7546 1
