0 -198.608 740.605 -496.216 662.758 2
1 -181.001 735.309 -508.577 660.125 2
2 -170.199 741.505 -507.22 664.214 2
3 -299.683 753.494 -369.508 677.006 2
4 -270.985 743.457 -364.877 649.345 2
5 -265.676 738.209 -351.753 629.288 2
6 -175.788 730.133 -412.759 638.692 2
7 -218.368 757.194 -357.281 655.988 2
8 -210.172 749.552 -356.916 638.597 2
9 -214.11 756.577 -358.562 646.818 2
10 -184.791 784.911 -351.514 675.947 2
11 -142.995 708.857 -322.656 562.581 2
12 -128.984 701.955 -324.569 547.532 2
13 -113.043 709.636 -323.425 549.609 2
14 -59.4679 733.224 -300.791 561.194 2
15 -114.33 720.801 -402.157 586.449 2
16 -103.759 715.902 -367.625 557.582 2
17 -106.629 731.551 -342.778 561.141 2
18 -56.3321 750.772 -287.011 557.607 2
19 -95.9757 769.691 -319.949 653.172 2
20 -73.7237 789.903 -304.415 662.826 2
21 -68.5758 806.221 -285.236 674.194 2
22 0.821449 804.514 -219.377 625.446 2
23 39.3041 798.495 -64.6711 580.104 2
24 97.5636 781.078 -43.7363 525.174 2
25 94.2738 778.995 -57.0256 517.195 2
26 116.104 772.561 -34.4638 482.218 2
27 113.386 747.678 6.31378 453.348 2
28 214.152 743.443 61.824 400.788 2
29 219.546 743.953 75.3148 394.894 2
30 286.246 763.4 183.243 372.005 2
31 71.9526 777.476 89.7318 548.891 2
32 185.306 764.689 174.886 478.949 2
33 201.603 779.142 226.555 478.838 2
34 299.73 803.409 362.78 449.394 2
35 -10.4459 829.951 54.1736 655.805 2
36 64.3615 848.532 150.4 637.736 2
37 129.242 852.729 235.201 613.684 2
38 262.283 844.934 403.977 556.554 2
39 169.275 796.611 273.495 566.719 2
40 230.773 786.598 317.484 524.761 2
41 297.422 788.143 357.193 496.741 2
42 386.444 829.997 433.333 500.768 2
43 291.613 783.394 396.214 512.158 2
44 347.294 812.326 424.925 513.099 2
45 388.754 834.566 442.582 514.304 2
46 491.56 882.69 533.669 531.516 2
47 466.516 848.605 353.423 478.076 2
48 RANDOM
49 379.922 842.109 285.119 485.629 2
50 343.534 833.913 260.847 483.267 2
51 343.534 833.913 260.847 483.267 2
