0 57.8706 62.4524 48.8291 70.3118 4
1 59.6504 67.7237 43.6184 90.6645 4
2 RANDOM
3 68.8339 75.2047 54.2572 97.2163 4
4 69.3152 75.7989 54.3261 98.7775 4
5 69.7318 76.4277 54.1282 100.755 4
6 71.0186 76.2474 58.0053 94.0073 4
7 71.4787 76.809 58.1362 95.4409 4
8 71.7812 77.3079 57.9994 97.1305 4
9 72.1368 77.9269 57.7846 99.1878 4
10 73.2105 77.6789 60.3038 93.4594 4
11 73.4669 78.113 60.2889 94.9212 4
12 73.6263 78.506 60.0961 96.5906 4
13 73.7543 78.9425 59.7892 98.4432 4
14 84.3029 86.7142 70.6001 99.5585 4
15 84.6799 87.1551 70.7467 100.636 4
16 84.9416 87.5576 70.6952 101.989 4
17 85.2372 88.0122 70.6422 103.493 4
18 85.1094 86.7131 71.2754 98.2711 4
19 85.3405 87.0632 71.1942 99.4928 4
20 85.5599 87.4552 71.0185 101.029 4
21 85.8315 87.957 70.8156 102.947 4
22 86.1736 87.8379 71.7963 100.51 4
23 86.7113 88.4442 71.9854 101.937 4
24 87.4254 89.264 72.2618 103.825 4
25 88.2806 90.2659 72.6179 106.101 4
26 74.5465 78.7024 62.5324 82.1317 4
27 74.6271 79.0285 62.5484 82.3801 4
28 75.0548 79.7934 62.782 83.3502 4
29 75.5952 80.7639 63.0498 84.6771 4
30 67.856 73.3424 56.685 71.2344 2
31 74.9505 76.3114 66.9133 75.0847 2
32 75.3933 76.5772 67.9855 74.7929 2
33 76.4376 77.4896 69.6594 75.254 2
34 77.5263 78.5476 71.4127 75.8834 2
35 80.9563 81.9843 73.8704 81.6282 2
36 81.9085 83.3508 76.8556 81.7806 2
37 83.2355 85.065 80.0944 82.424 2
38 84.5613 86.8206 82.9283 83.322 2
39 84.7433 87.6243 84.9726 83.0355 2
40 87.2824 90.8356 89.8183 85.1212 2
41 RANDOM
42 RANDOM
43 85.5752 89.7089 88.6273 84.3726 2
44 87.4785 91.9426 92.0331 85.7047 3
45 79.9614 81.3945 71.9647 82.5076 4
