0 -27.842 93.2837 -18.0312 81.7129 2
1 -25.8464 88.8115 -16.7458 77.4227 2
2 -24.0781 84.3599 -15.6229 73.1172 2
3 -22.6039 81.4248 -13.081 66.4927 2
4 -20.615 75.995 -11.9655 61.6353 2
5 -19.0131 71.5439 -11.013 57.5341 2
6 -17.7984 63.1381 -10.9154 50.4372 2
7 -13.7453 68.1162 0.485452 48.8126 2
8 -12.8586 64.1766 -0.141459 46.1248 2
9 RANDOM
10 -11.9551 53.2719 -2.72449 38.1667 2
11 -14.1183 58.3339 -2.79559 41.6433 2
12 -13.0815 55.1317 -3.043 39.386 2
13 -12.2441 52.1786 -3.3234 37.2224 2
14 -11.8323 45.8271 -4.81938 32.6883 2
15 -14.3817 54.3887 -4.12379 38.6297 2
16 -13.7221 50.2971 -4.87057 35.6774 2
17 -13.2641 46.2699 -5.70855 32.8481 2
18 -12.7503 39.3608 -7.10056 28.0501 2
19 -14.9897 48.0606 -6.07134 33.537 2
20 -14.4752 42.9394 -7.07274 30.0816 2
21 -14.1169 39.2649 -7.77383 27.6316 2
22 RANDOM
23 -16.4717 40.3083 -8.85674 27.8246 2
24 -15.6356 37.2344 -9.07019 25.6999 2
25 -15.2373 34.7428 -9.41595 24.005 2
26 -14.5096 28.6136 -10.548 19.973 2
27 -15.8328 33.0691 -10.166 22.4867 2
28 -15.3475 28.8852 -10.8754 19.6213 2
29 RANDOM
30 -14.2234 21.7648 -11.6 15.0261 2
31 -17.8127 22.437 -13.9816 14.4428 2
32 -16.7127 20.586 -13.7012 13.25 2
33 -15.7883 18.6654 -13.2994 11.9762 2
34 -15.142 17.4237 -12.817 11.4474 2
35 -15.899 13.6226 -14.1073 8.02536 2
36 -15.0206 11.8415 -13.5344 7.0882 2
37 -14.326 10.1844 -13.0954 6.12463 2
38 -13.723 9.14656 -12.4645 5.49165 2
39 -13.1052 -1.63832 -13.5306 -2.73412 2
40 -12.663 -0.480845 -12.9235 -1.70788 2
41 -12.5428 0.362574 -12.5963 -0.961229 2
42 -12.2464 3.40008 -11.7028 1.32078 2
43 -12.4794 -0.53428 -12.6604 -1.83769 2
44 -12.3596 0.969682 -12.2643 -0.564562 2
45 -12.3973 1.81299 -12.1282 0.114369 2
46 RANDOM
47 -13.2861 -3.34065 -13.9253 -4.67415 2
48 -13.2106 -2.46062 -13.6107 -3.76735 2
49 -13.1613 -1.74262 -13.3627 -3.03318 2
50 -12.8267 1.12871 -12.4097 -0.576065 2
51 -12.8267 1.12871 -12.4097 -0.576065 2
