0 3160.95 6441.51 -719.779 6124.15 2
1 3140.2 6351.73 -749.733 6050.4 2
2 3158.41 6383.48 -721.497 6096.18 2
3 3023.11 5968.91 -787.213 5486.95 2
4 3044.36 5902.64 -780.132 5447.04 2
5 3054.45 5915.92 -741.175 5461.54 2
6 3134.44 5897.17 -693.78 5499.6 2
7 3059.87 5681.71 -760.588 5187.84 2
8 3063.7 5564.59 -715.744 4994.52 2
9 3048.06 5559.61 -681.618 4961.94 2
10 3096.69 5493.58 -593.341 4881.64 2
11 3094.13 5434.79 -684.86 4758.96 2
12 3106.37 5347.32 -648.532 4621.04 2
13 3104.17 5324.91 -618.128 4575.15 2
14 3180.33 5260.21 -485.281 4466.52 2
15 RANDOM
16 3130.13 5634.24 -540.859 4880.8 2
17 3130.12 5627.74 -488.078 4832.22 2
18 3157.18 5489.87 -412.242 4638.95 2
19 3137.74 6066.31 -517.005 5628.97 2
20 3163.46 5897.81 -455.774 5346.0 2
21 3212.22 5768.04 -370.38 5105.4 2
22 3339.16 5501.7 -207.534 4695.06 2
23 3329.32 6373.8 -126.511 5830.86 2
24 3377.15 6074.54 -70.9072 5384.42 2
25 3376.4 5890.18 -57.6906 5111.28 2
26 3396.66 5551.26 30.1975 4640.58 2
27 3454.32 5965.55 67.5974 5297.1 2
28 3521.39 5719.62 130.731 4901.3 2
29 3562.0 5485.25 178.495 4526.96 2
30 3694.9 5147.97 407.777 3977.15 2
31 3495.84 5799.65 178.19 4987.21 2
32 3604.89 5403.68 292.734 4363.47 2
33 3687.56 5133.64 383.584 3932.9 2
34 3912.69 4850.85 656.808 3426.39 2
35 3536.73 5948.67 221.108 5183.04 2
36 3585.22 5651.05 285.591 4727.98 2
37 3656.94 5428.06 373.339 4336.86 2
38 3896.08 5013.78 639.329 3622.67 2
39 3734.85 5747.42 395.322 4622.87 2
40 3793.22 5507.52 442.688 4262.17 2
41 3845.2 5297.22 485.885 3946.66 2
42 4030.24 4959.18 633.366 3384.33 2
43 3982.32 5307.69 619.946 3925.66 2
44 4008.46 5150.39 634.546 3692.47 2
45 4053.49 5031.44 655.285 3494.67 2
46 4292.36 4760.06 848.734 3025.12 2
47 3960.33 5423.27 476.138 4122.31 2
48 3863.34 5366.31 397.971 4052.76 2
49 3783.45 5346.75 332.036 4038.13 2
50 3735.37 5234.93 298.039 3872.9 2
51 3735.37 5234.93 298.039 3872.9 2
