0 0.263972 31.1528 19.7526 32.3639 4
1 0.263972 31.1528 19.7526 32.3639 4
2 0.263972 31.1528 19.7526 32.3639 4
3 0.263972 31.1528 19.7526 32.3639 4
4 0.263972 31.1528 19.7526 32.3639 4
5 0.263972 31.1528 19.7526 32.3639 4
6 0.263972 31.1528 19.7526 32.3639 4
7 RANDOM
8 0.263972 31.1528 19.7526 32.3639 4
9 0.263972 31.1528 19.7526 32.3639 4
10 0.263972 31.1528 19.7526 32.3639 4
11 0.263972 31.1528 19.7526 32.3639 4
12 0.263972 31.1528 19.7526 32.3639 4
13 0.263972 31.1528 19.7526 32.3639 4
14 0.263972 31.1528 19.7526 32.3639 4
15 0.263972 31.1528 19.7526 32.3639 4
16 0.263972 31.1528 19.7526 32.3639 4
17 0.263972 31.1528 19.7526 32.3639 4
18 0.263972 31.1528 19.7526 32.3639 4
19 0.263972 31.1528 19.7526 32.3639 4
20 0.263972 31.1528 19.7526 32.3639 4
21 RANDOM
22 0.263972 31.1528 19.7526 32.3639 4
23 0.263972 31.1528 19.7526 32.3639 4
24 0.263972 31.1528 19.7526 32.3639 4
25 0.263972 31.1528 19.7526 32.3639 4
26 RANDOM
27 0.263972 31.1528 19.7526 32.3639 4
28 0.263972 31.1528 19.7526 32.3639 4
29 0.263972 31.1528 19.7526 32.3639 4
30 0.263972 31.1528 19.7526 32.3639 4
31 0.263972 31.1528 19.7526 32.3639 4
32 0.263972 31.1528 19.7526 32.3639 4
33 0.263972 31.1528 19.7526 32.3639 4
34 0.263972 31.1528 19.7526 32.3639 4
35 0.263972 31.1528 19.7526 32.3639 4
36 0.263972 31.1528 19.7526 32.3639 4
37 0.263972 31.1528 19.7526 32.3639 4
38 0.263972 31.1528 19.7526 32.3639 4
39 0.263972 31.1528 19.7526 32.3639 4
40 0.263972 31.1528 19.7526 32.3639 4
41 0.263972 31.1528 19.7526 32.3639 4
42 -7.71329 35.277 0.236235 83.2224 4
43 -8.55071 38.6277 2.46834 86.8564 4
44 -10.1788 42.3737 4.9936 91.1932 4
45 -12.2196 46.5954 8.49696 95.7264 4
46 -6.30132 31.6066 -3.3808 78.8969 4
47 -5.57009 29.1045 -1.61579 72.7612 4
48 -4.92955 26.9148 -0.0709036 67.3888 4
49 -4.27741 24.6765 1.51069 61.8873 4
50 5.56307 46.1832 53.2251 48.4424 3
51 -0.211415 36.3507 29.7873 35.172 2
