0 51.9981 53.2363 46.7437 56.6644 4
1 44.7503 45.3189 40.5319 47.8191 4
2 44.5222 45.5867 39.5134 48.6798 4
3 45.6762 46.705 40.5439 49.8279 4
4 47.1588 48.1497 41.874 51.3101 4
5 49.1532 50.1011 43.6629 53.3047 4
6 44.4794 45.5249 39.49 48.6344 4
7 45.6656 46.6601 40.5676 49.7937 4
8 47.6499 48.6122 42.3266 51.8046 4
9 50.7554 51.6888 45.0621 54.9832 4
10 47.3806 48.6757 41.9996 52.0585 4
11 47.8113 49.0814 42.3454 52.4984 4
12 48.8717 50.1274 43.2313 53.6196 4
13 51.1118 52.3664 45.1412 55.9869 4
14 48.1249 49.5974 42.5438 53.2162 4
15 48.8493 50.338 43.1203 54.0346 4
16 50.066 51.578 44.1002 55.3865 4
17 52.1376 53.6736 45.8187 57.6359 4
18 48.7375 50.3536 42.9508 54.1663 4
19 49.9604 51.6799 43.8449 55.6756 4
20 52.6003 54.4793 45.891 58.7879 4
21 57.1572 59.2527 49.4976 64.0312 4
22 49.0824 50.7367 43.1344 54.6982 4
23 50.0686 51.7736 43.8867 55.8736 4
24 51.7676 53.5288 45.2035 57.842 4
25 54.7786 56.6398 47.6179 61.2708 4
26 52.3661 54.1635 46.1961 58.203 4
27 53.2848 55.1648 46.8721 59.3464 4
28 RANDOM
29 RANDOM
30 51.978 53.6754 45.9787 57.749 4
31 52.0115 53.7928 45.7513 58.005 4
32 52.8707 54.7775 46.2121 59.1993 4
33 56.4274 58.6027 48.8805 63.486 4
34 60.9722 63.2798 53.5595 68.295 4
35 64.3685 66.9884 56.2394 72.4538 4
36 69.1565 72.2299 59.9675 78.3427 4
37 76.3575 80.1136 65.5646 87.1898 4
38 70.3054 73.2848 61.095 79.5269 4
39 75.1999 78.6023 65.0056 85.4557 4
40 81.9168 85.8912 70.3632 93.5923 4
41 90.6741 95.394 77.354 104.196 4
42 77.7788 81.4503 67.0401 88.8348 4
43 83.902 88.1289 71.9305 96.3062 4
44 92.536 97.5444 78.8235 106.835 4
45 103.998 110.042 87.9762 120.804 4
46 84.1928 88.4405 72.2981 97.0076 4
47 89.5506 94.2681 76.6156 103.537 4
48 98.0886 103.577 83.4868 113.963 4
49 110.447 117.059 93.4182 129.046 4
50 101.565 107.37 86.506 118.557 4
51 101.565 107.37 86.506 118.557 4
