0 -116.724 402.043 -717.057 333.391 2
1 -84.6248 395.147 -747.035 325.344 2
2 RANDOM
3 -182.343 393.55 -588.139 366.274 2
4 -143.409 373.464 -590.339 328.83 2
5 -130.412 386.716 -572.453 326.3 2
6 -36.3023 364.326 -625.579 305.8 2
7 -135.371 414.423 -540.491 402.443 2
8 -119.681 395.491 -527.398 372.321 2
9 -107.29 411.593 -512.841 384.053 2
10 -42.4258 454.7 -469.154 423.651 2
11 -8.26568 359.845 -471.745 300.623 2
12 RANDOM
13 37.4731 373.704 -455.345 289.737 2
14 139.436 444.254 -372.747 348.658 2
15 -13.6583 361.83 -574.803 293.325 2
16 9.98579 386.424 -507.518 293.468 2
17 18.0434 419.123 -457.877 311.339 2
18 111.882 481.54 -355.208 358.279 2
19 34.8969 509.348 -431.652 485.515 2
20 65.9211 538.304 -398.781 497.996 2
21 93.6628 553.164 -353.021 494.817 2
22 237.707 594.37 -199.457 496.015 2
23 190.192 668.644 -56.8568 594.397 2
24 281.727 666.741 -4.27207 546.398 2
25 290.07 661.961 -5.48228 526.704 2
26 351.497 673.996 60.6496 510.276 2
27 336.881 687.684 91.3842 554.707 2
28 458.844 693.975 170.534 513.386 2
29 490.166 683.671 205.03 486.703 2
30 615.358 751.708 394.462 521.964 2
31 281.714 662.391 177.55 603.794 2
32 441.887 670.797 315.053 553.75 2
33 502.752 704.432 418.566 565.311 2
34 693.024 795.027 656.899 612.317 2
35 209.817 693.031 175.428 676.434 2
36 320.145 735.419 315.728 684.396 2
37 425.014 768.341 446.779 691.228 2
38 649.496 825.046 709.162 712.177 2
39 455.673 716.833 460.007 643.951 2
40 571.663 739.438 552.325 634.382 2
41 672.677 744.528 619.849 604.953 2
42 843.85 756.224 746.86 565.511 1
43 863.458 761.448 633.099 506.397 1
