0 -402.443 287.877 -696.978 228.804 2
1 -389.35 287.923 -707.089 233.08 2
2 -382.647 301.093 -698.819 241.625 2
3 -513.036 287.188 -598.933 232.139 2
4 -491.495 274.94 -590.846 204.378 2
5 -481.717 282.073 -576.374 196.682 2
6 -404.516 260.51 -641.462 200.185 2
7 -433.442 269.493 -593.233 190.476 2
8 RANDOM
9 -439.203 265.842 -596.6 181.353 2
10 -418.269 293.379 -596.937 213.604 2
11 -371.91 225.683 -563.751 102.286 2
12 -361.904 215.807 -567.896 86.4844 2
13 -350.116 218.62 -573.704 87.8467 2
14 -306.418 237.851 -562.18 98.686 2
15 -336.751 222.488 -645.952 118.611 2
16 -328.077 214.653 -618.966 88.4443 2
17 -332.264 216.949 -603.792 78.7271 2
18 -300.978 236.373 -574.312 85.2922 2
19 -323.37 251.988 -577.334 157.135 2
20 -305.028 262.455 -575.9 160.455 2
21 -302.779 271.458 -568.732 167.01 2
22 -252.596 286.645 -522.909 147.46 2
23 -197.959 271.486 -390.525 77.4565 2
24 -152.641 256.501 -377.465 31.4675 2
25 -157.861 257.936 -390.372 31.2876 2
26 -138.05 264.994 -365.168 14.9827 2
27 -144.924 244.139 -331.937 -16.625 2
28 -50.9136 238.382 -284.198 -67.4902 2
29 -46.794 244.587 -272.8 -64.8992 2
30 3.57738 263.901 -188.801 -80.2141 2
31 -189.562 275.994 -265.205 73.0132 2
32 -90.5066 267.377 -196.959 14.8162 2
33 RANDOM
34 -21.0442 293.967 -62.2975 -5.63623 2
35 -270.816 312.625 -306.796 160.683 2
36 RANDOM
37 -160.377 314.932 -174.291 108.039 2
38 -59.2998 301.494 -39.4029 53.4036 2
39 -114.495 224.927 -138.17 22.5317 2
40 -71.8748 219.634 -108.743 -7.39746 2
41 -23.582 212.25 -84.9422 -37.374 2
42 51.9099 240.601 -20.0948 -38.4194 2
43 -26.5571 206.985 -51.5228 -27.1843 2
44 21.8572 231.521 -28.7379 -26.4031 2
45 56.6841 243.75 -16.7428 -32.6006 2
46 144.32 280.045 61.2565 -20.7654 2
47 RANDOM
48 137.593 241.97 -93.5943 -89.7651 2
49 76.1277 249.917 -132.363 -64.678 2
50 38.2217 248.323 -154.883 -58.679 2
51 38.2217 248.323 -154.883 -58.679 2
