0 46.6679 694.554 -393.078 630.408 2
1 80.7836 685.133 -419.163 622.81 2
2 104.654 696.745 -429.867 631.18 2
3 -92.3658 780.987 -131.033 837.94 4
4 0.172804 591.546 -578.138 578.217 2
5 -92.3658 780.987 -131.033 837.94 4
6 0.172804 591.546 -578.138 578.217 2
7 -92.3658 780.987 -131.033 837.94 4
8 0.172804 591.546 -578.138 578.217 2
9 -92.3658 780.987 -131.033 837.94 4
10 0.172804 591.546 -578.138 578.217 2
11 -92.3658 780.987 -131.033 837.94 4
12 0.172804 591.546 -578.138 578.217 2
13 -92.3658 780.987 -131.033 837.94 4
14 0.172804 591.546 -578.138 578.217 2
15 -92.3658 780.987 -131.033 837.94 4
16 0.172804 591.546 -578.138 578.217 2
17 -92.3658 780.987 -131.033 837.94 4
18 RANDOM
19 -48.8165 627.904 -518.237 622.409 2
20 104.654 696.745 -429.867 631.18 2
21 -92.3658 780.987 -131.033 837.94 4
22 0.172804 591.546 -578.138 578.217 2
23 -92.3658 780.987 -131.033 837.94 4
24 0.172804 591.546 -578.138 578.217 2
25 -92.3658 780.987 -131.033 837.94 4
26 0.172804 591.546 -578.138 578.217 2
27 -92.3658 780.987 -131.033 837.94 4
28 0.172804 591.546 -578.138 578.217 2
29 -92.3658 780.987 -131.033 837.94 4
30 0.172804 591.546 -578.138 578.217 2
31 -92.3658 780.987 -131.033 837.94 4
32 0.172804 591.546 -578.138 578.217 2
33 -92.3658 780.987 -131.033 837.94 4
34 0.172804 591.546 -578.138 578.217 2
35 -92.3658 780.987 -131.033 837.94 4
36 0.172804 591.546 -578.138 578.217 2
37 -92.3658 780.987 -131.033 837.94 4
38 0.172804 591.546 -578.138 578.217 2
39 -92.3658 780.987 -131.033 837.94 4
40 -20.379 561.923 -531.197 555.698 2
41 -86.6119 790.323 -92.7311 856.071 4
42 -20.379 561.923 -531.197 555.698 2
43 -86.6119 790.323 -92.7311 856.071 4
44 -20.379 561.923 -531.197 555.698 2
45 -86.6119 790.323 -92.7311 856.071 4
46 -20.379 561.923 -531.197 555.698 2
47 -86.6119 790.323 -92.7311 856.071 4
48 -20.379 561.923 -531.197 555.698 2
49 RANDOM
50 -30.4439 776.523 -94.8849 821.042 4
51 -261.593 875.677 -45.4059 1005.42 4
52 -20.379 561.923 -531.197 555.698 2
53 -86.6119 790.323 -92.7311 856.071 4
54 -20.379 561.923 -531.197 555.698 2
55 -86.6119 790.323 -92.7311 856.071 4
56 -20.379 561.923 -531.197 555.698 2
57 -86.6119 790.323 -92.7311 856.071 4
58 -20.379 561.923 -531.197 555.698 2
59 -86.6119 790.323 -92.7311 856.071 4
60 -20.379 561.923 -531.197 555.698 2
61 -86.6119 790.323 -92.7311 856.071 4
62 -20.379 561.923 -531.197 555.698 2
63 -86.6119 790.323 -92.7311 856.071 4
64 -20.379 561.923 -531.197 555.698 2
65 -86.6119 790.323 -92.7311 856.071 4
66 -20.379 561.923 -531.197 555.698 2
67 -86.6119 790.323 -92.7311 856.071 4
68 -20.379 561.923 -531.197 555.698 2
69 RANDOM
70 -30.4439 776.523 -94.8849 821.042 4
71 -261.593 875.677 -45.4059 1005.42 4
72 -20.379 561.923 -531.197 555.698 2
73 -86.6119 790.323 -92.7311 856.071 4
74 -20.379 561.923 -531.197 555.698 2
75 -86.6119 790.323 -92.7311 856.071 4
76 -20.379 561.923 -531.197 555.698 2
77 -86.6119 790.323 -92.7311 856.071 4
78 -20.379 561.923 -531.197 555.698 2
79 -86.6119 790.323 -92.7311 856.071 4
80 -20.379 561.923 -531.197 555.698 2
81 -86.6119 790.323 -92.7311 856.071 4
82 -20.379 561.923 -531.197 555.698 2
83 -86.6119 790.323 -92.7311 856.071 4
84 -20.379 561.923 -531.197 555.698 2
85 -86.6119 790.323 -92.7311 856.071 4
86 -20.379 561.923 -531.197 555.698 2
87 -86.6119 790.323 -92.7311 856.071 4
88 -20.379 561.923 -531.197 555.698 2
89 -86.6119 790.323 -92.7311 856.071 4
90 -20.379 561.923 -531.197 555.698 2
91 RANDOM
92 -30.4439 776.523 -94.8849 821.042 4
93 -261.593 875.677 -45.4059 1005.42 4
94 -20.379 561.923 -531.197 555.698 2
95 -86.6119 790.323 -92.7311 856.071 4
96 -20.379 561.923 -531.197 555.698 2
97 -86.6119 790.323 -92.7311 856.071 4
98 -20.379 561.923 -531.197 555.698 2
99 -86.6119 790.323 -92.7311 856.071 4
100 -7.22612 559.556 -542.919 554.528 2
101 -75.8609 758.227 -145.128 813.586 4
102 -7.22612 559.556 -542.919 554.528 2
103 -75.8609 758.227 -145.128 813.586 4
104 -7.22612 559.556 -542.919 554.528 2
105 -75.8609 758.227 -145.128 813.586 4
106 -7.22612 559.556 -542.919 554.528 2
107 -75.8609 758.227 -145.128 813.586 4
108 -7.22612 559.556 -542.919 554.528 2
109 -75.8609 758.227 -145.128 813.586 4
110 -7.22612 559.556 -542.919 554.528 2
111 -75.8609 758.227 -145.128 813.586 4
112 -7.22612 559.556 -542.919 554.528 2
113 RANDOM
114 -21.2847 756.073 -140.385 794.711 4
115 -246.314 869.507 -58.8422 997.343 4
116 -7.22612 559.556 -542.919 554.528 2
117 RANDOM
118 -21.2847 756.073 -140.385 794.711 4
119 -246.314 869.507 -58.8422 997.343 4
120 -7.22612 559.556 -542.919 554.528 2
121 -75.8609 758.227 -145.128 813.586 4
122 -7.22612 559.556 -542.919 554.528 2
123 -75.8609 758.227 -145.128 813.586 4
124 -7.22612 559.556 -542.919 554.528 2
125 -75.8609 758.227 -145.128 813.586 4
126 -7.22612 559.556 -542.919 554.528 2
127 RANDOM
128 -21.2847 756.073 -140.385 794.711 4
129 -246.314 869.507 -58.8422 997.343 4
130 -7.22612 559.556 -542.919 554.528 2
131 -75.8609 758.227 -145.128 813.586 4
132 -7.22612 559.556 -542.919 554.528 2
133 -75.8609 758.227 -145.128 813.586 4
134 -7.22612 559.556 -542.919 554.528 2
135 -75.8609 758.227 -145.128 813.586 4
136 -7.22612 559.556 -542.919 554.528 2
137 -75.8609 758.227 -145.128 813.586 4
138 -7.22612 559.556 -542.919 554.528 2
139 -75.8609 758.227 -145.128 813.586 4
140 -7.22612 559.556 -542.919 554.528 2
141 -75.8609 758.227 -145.128 813.586 4
142 -7.22612 559.556 -542.919 554.528 2
143 -75.8609 758.227 -145.128 813.586 4
144 RANDOM
145 -58.1353 598.961 -487.571 600.922 4
146 -112.443 640.493 -431.642 650.458 4
147 -176.258 682.306 -359.562 692.952 4
148 617.11 666.672 -1371.81 458.782 2
149 11.4091 702.104 -367.627 638.546 2
150 53.7436 673.196 -384.334 615.681 2
151 82.6025 661.688 -399.952 608.352 2
152 104.137 666.22 -407.762 611.396 2
153 -75.8609 758.227 -145.128 813.586 4
154 -7.22612 559.556 -542.919 554.528 2
155 -75.8609 758.227 -145.128 813.586 4
156 -7.22612 559.556 -542.919 554.528 2
157 -75.8609 758.227 -145.128 813.586 4
158 -7.22612 559.556 -542.919 554.528 2
159 -75.8609 758.227 -145.128 813.586 4
160 -7.22612 559.556 -542.919 554.528 2
161 -75.8609 758.227 -145.128 813.586 4
162 -7.22612 559.556 -542.919 554.528 2
163 -75.8609 758.227 -145.128 813.586 4
164 -7.22612 559.556 -542.919 554.528 2
165 -75.8609 758.227 -145.128 813.586 4
166 -7.22612 559.556 -542.919 554.528 2
167 -75.8609 758.227 -145.128 813.586 4
168 -7.22612 559.556 -542.919 554.528 2
169 -75.8609 758.227 -145.128 813.586 4
170 -7.22612 559.556 -542.919 554.528 2
171 -75.8609 758.227 -145.128 813.586 4
172 -7.22612 559.556 -542.919 554.528 2
173 -75.8609 758.227 -145.128 813.586 4
174 RANDOM
175 -58.1353 598.961 -487.571 600.922 4
176 -112.443 640.493 -431.642 650.458 4
177 -176.258 682.306 -359.562 692.952 4
178 617.11 666.672 -1371.81 458.782 2
179 11.4091 702.104 -367.627 638.546 2
180 53.7436 673.196 -384.334 615.681 2
181 82.6025 661.688 -399.952 608.352 2
182 RANDOM
183 -75.8609 758.227 -145.128 813.586 4
184 -7.22612 559.556 -542.919 554.528 2
185 -75.8609 758.227 -145.128 813.586 4
186 -7.22612 559.556 -542.919 554.528 2
187 -75.8609 758.227 -145.128 813.586 4
188 -7.22612 559.556 -542.919 554.528 2
189 -75.8609 758.227 -145.128 813.586 4
190 -7.22612 559.556 -542.919 554.528 2
191 -75.8609 758.227 -145.128 813.586 4
192 -7.22612 559.556 -542.919 554.528 2
193 -75.8609 758.227 -145.128 813.586 4
194 -7.22612 559.556 -542.919 554.528 2
195 -75.8609 758.227 -145.128 813.586 4
196 -7.22612 559.556 -542.919 554.528 2
197 -75.8609 758.227 -145.128 813.586 4
198 -7.22612 559.556 -542.919 554.528 2
199 -75.8609 758.227 -145.128 813.586 4
200 -7.22612 559.556 -542.919 554.528 2
201 -75.8609 758.227 -145.128 813.586 4
202 -7.22612 559.556 -542.919 554.528 2
203 RANDOM
204 -21.2847 756.073 -140.385 794.711 4
205 -246.314 869.507 -58.8422 997.343 4
206 -7.22612 559.556 -542.919 554.528 2
207 -75.8609 758.227 -145.128 813.586 4
208 -7.22612 559.556 -542.919 554.528 2
209 -75.8609 758.227 -145.128 813.586 4
210 -7.22612 559.556 -542.919 554.528 2
211 -75.8609 758.227 -145.128 813.586 4
212 -7.22612 559.556 -542.919 554.528 2
213 -75.8609 758.227 -145.128 813.586 4
214 -7.22612 559.556 -542.919 554.528 2
215 -75.8609 758.227 -145.128 813.586 4
216 -7.22612 559.556 -542.919 554.528 2
217 -75.8609 758.227 -145.128 813.586 4
218 -7.22612 559.556 -542.919 554.528 2
219 -75.8609 758.227 -145.128 813.586 4
220 -7.22612 559.556 -542.919 554.528 2
221 -75.8609 758.227 -145.128 813.586 4
222 -7.22612 559.556 -542.919 554.528 2
223 -75.8609 758.227 -145.128 813.586 4
224 -7.22612 559.556 -542.919 554.528 2
225 -75.8609 758.227 -145.128 813.586 4
226 -7.22612 559.556 -542.919 554.528 2
227 -75.8609 758.227 -145.128 813.586 4
228 -7.22612 559.556 -542.919 554.528 2
229 -75.8609 758.227 -145.128 813.586 4
230 -7.22612 559.556 -542.919 554.528 2
231 -75.8609 758.227 -145.128 813.586 4
232 -7.22612 559.556 -542.919 554.528 2
233 -75.8609 758.227 -145.128 813.586 4
234 -7.22612 559.556 -542.919 554.528 2
235 -75.8609 758.227 -145.128 813.586 4
236 -7.22612 559.556 -542.919 554.528 2
237 -75.8609 758.227 -145.128 813.586 4
238 -7.22612 559.556 -542.919 554.528 2
239 -75.8609 758.227 -145.128 813.586 4
240 -7.22612 559.556 -542.919 554.528 2
241 -75.8609 758.227 -145.128 813.586 4
242 -7.22612 559.556 -542.919 554.528 2
243 -75.8609 758.227 -145.128 813.586 4
244 -7.22612 559.556 -542.919 554.528 2
245 -75.8609 758.227 -145.128 813.586 4
246 -7.22612 559.556 -542.919 554.528 2
247 -75.8609 758.227 -145.128 813.586 4
248 -7.22612 559.556 -542.919 554.528 2
249 -75.8609 758.227 -145.128 813.586 4
250 -7.22612 559.556 -542.919 554.528 2
251 -75.8609 758.227 -145.128 813.586 4
252 -7.22612 559.556 -542.919 554.528 2
253 -75.8609 758.227 -145.128 813.586 4
254 -7.22612 559.556 -542.919 554.528 2
255 -75.8609 758.227 -145.128 813.586 4
256 -7.22612 559.556 -542.919 554.528 2
257 -75.8609 758.227 -145.128 813.586 4
258 -7.22612 559.556 -542.919 554.528 2
259 -75.8609 758.227 -145.128 813.586 4
260 -7.22612 559.556 -542.919 554.528 2
261 -75.8609 758.227 -145.128 813.586 4
262 -7.22612 559.556 -542.919 554.528 2
263 -75.8609 758.227 -145.128 813.586 4
264 -7.22612 559.556 -542.919 554.528 2
265 -75.8609 758.227 -145.128 813.586 4
266 -7.22612 559.556 -542.919 554.528 2
267 -75.8609 758.227 -145.128 813.586 4
268 -7.22612 559.556 -542.919 554.528 2
269 -75.8609 758.227 -145.128 813.586 4
270 -7.22612 559.556 -542.919 554.528 2
271 -75.8609 758.227 -145.128 813.586 4
272 -7.22612 559.556 -542.919 554.528 2
273 RANDOM
274 -21.2847 756.073 -140.385 794.711 4
275 -246.314 869.507 -58.8422 997.343 4
276 -7.22612 559.556 -542.919 554.528 2
277 -75.8609 758.227 -145.128 813.586 4
278 -7.22612 559.556 -542.919 554.528 2
279 -75.8609 758.227 -145.128 813.586 4
280 -7.22612 559.556 -542.919 554.528 2
281 -75.8609 758.227 -145.128 813.586 4
282 -7.22612 559.556 -542.919 554.528 2
283 RANDOM
284 -21.2847 756.073 -140.385 794.711 4
285 -246.314 869.507 -58.8422 997.343 4
286 -7.22612 559.556 -542.919 554.528 2
287 -75.8609 758.227 -145.128 813.586 4
288 -7.22612 559.556 -542.919 554.528 2
289 -75.8609 758.227 -145.128 813.586 4
290 -7.22612 559.556 -542.919 554.528 2
291 -75.8609 758.227 -145.128 813.586 4
292 -7.22612 559.556 -542.919 554.528 2
293 -75.8609 758.227 -145.128 813.586 4
294 RANDOM
295 -58.1353 598.961 -487.571 600.922 4
296 -112.443 640.493 -431.642 650.458 4
297 -176.258 682.306 -359.562 692.952 4
298 617.11 666.672 -1371.81 458.782 2
299 11.4091 702.104 -367.627 638.546 2
300 53.7436 673.196 -384.334 615.681 2
301 82.6025 661.688 -399.952 608.352 2
302 104.137 666.22 -407.762 611.396 2
303 -75.8609 758.227 -145.128 813.586 4
304 -7.22612 559.556 -542.919 554.528 2
305 -75.8609 758.227 -145.128 813.586 4
306 -7.22612 559.556 -542.919 554.528 2
307 -75.8609 758.227 -145.128 813.586 4
308 -7.22612 559.556 -542.919 554.528 2
309 -75.8609 758.227 -145.128 813.586 4
310 -7.22612 559.556 -542.919 554.528 2
311 -75.8609 758.227 -145.128 813.586 4
312 RANDOM
313 -58.1353 598.961 -487.571 600.922 4
314 -112.443 640.493 -431.642 650.458 4
315 -176.258 682.306 -359.562 692.952 4
316 617.11 666.672 -1371.81 458.782 2
317 11.4091 702.104 -367.627 638.546 2
318 53.7436 673.196 -384.334 615.681 2
319 82.6025 661.688 -399.952 608.352 2
320 104.137 666.22 -407.762 611.396 2
321 -75.8609 758.227 -145.128 813.586 4
322 -7.22612 559.556 -542.919 554.528 2
323 -75.8609 758.227 -145.128 813.586 4
324 RANDOM
325 -58.1353 598.961 -487.571 600.922 4
326 -112.443 640.493 -431.642 650.458 4
327 -176.258 682.306 -359.562 692.952 4
328 617.11 666.672 -1371.81 458.782 2
329 11.4091 702.104 -367.627 638.546 2
330 53.7436 673.196 -384.334 615.681 2
331 RANDOM
332 104.137 666.22 -407.762 611.396 2
333 RANDOM
334 -21.2847 756.073 -140.385 794.711 4
335 -246.314 869.507 -58.8422 997.343 4
336 -7.22612 559.556 -542.919 554.528 2
337 -75.8609 758.227 -145.128 813.586 4
338 -7.22612 559.556 -542.919 554.528 2
339 -75.8609 758.227 -145.128 813.586 4
340 -7.22612 559.556 -542.919 554.528 2
341 RANDOM
342 -21.2847 756.073 -140.385 794.711 4
343 -246.314 869.507 -58.8422 997.343 4
344 -7.22612 559.556 -542.919 554.528 2
345 -75.8609 758.227 -145.128 813.586 4
346 -7.22612 559.556 -542.919 554.528 2
347 -75.8609 758.227 -145.128 813.586 4
348 RANDOM
349 -58.1353 598.961 -487.571 600.922 4
350 -112.443 640.493 -431.642 650.458 4
351 -176.258 682.306 -359.562 692.952 4
352 617.11 666.672 -1371.81 458.782 2
353 11.4091 702.104 -367.627 638.546 2
354 53.7436 673.196 -384.334 615.681 2
355 82.6025 661.688 -399.952 608.352 2
356 104.137 666.22 -407.762 611.396 2
357 -75.8609 758.227 -145.128 813.586 4
358 -7.22612 559.556 -542.919 554.528 2
359 -75.8609 758.227 -145.128 813.586 4
360 -7.22612 559.556 -542.919 554.528 2
361 -75.8609 758.227 -145.128 813.586 4
362 -7.22612 559.556 -542.919 554.528 2
363 -75.8609 758.227 -145.128 813.586 4
364 -7.22612 559.556 -542.919 554.528 2
365 -75.8609 758.227 -145.128 813.586 4
366 -7.22612 559.556 -542.919 554.528 2
367 -75.8609 758.227 -145.128 813.586 4
368 -7.22612 559.556 -542.919 554.528 2
369 RANDOM
370 -21.2847 756.073 -140.385 794.711 4
371 -246.314 869.507 -58.8422 997.343 4
372 -7.22612 559.556 -542.919 554.528 2
373 -75.8609 758.227 -145.128 813.586 4
374 -7.22612 559.556 -542.919 554.528 2
375 -75.8609 758.227 -145.128 813.586 4
376 -7.22612 559.556 -542.919 554.528 2
377 -75.8609 758.227 -145.128 813.586 4
378 -7.22612 559.556 -542.919 554.528 2
379 -75.8609 758.227 -145.128 813.586 4
380 -7.22612 559.556 -542.919 554.528 2
381 -75.8609 758.227 -145.128 813.586 4
382 -7.22612 559.556 -542.919 554.528 2
383 -75.8609 758.227 -145.128 813.586 4
384 -7.22612 559.556 -542.919 554.528 2
385 -75.8609 758.227 -145.128 813.586 4
386 -7.22612 559.556 -542.919 554.528 2
387 -75.8609 758.227 -145.128 813.586 4
388 -7.22612 559.556 -542.919 554.528 2
389 -75.8609 758.227 -145.128 813.586 4
390 -7.22612 559.556 -542.919 554.528 2
391 -75.8609 758.227 -145.128 813.586 4
392 -7.22612 559.556 -542.919 554.528 2
393 -75.8609 758.227 -145.128 813.586 4
394 -7.22612 559.556 -542.919 554.528 2
395 -75.8609 758.227 -145.128 813.586 4
396 -7.22612 559.556 -542.919 554.528 2
397 -75.8609 758.227 -145.128 813.586 4
398 -7.22612 559.556 -542.919 554.528 2
399 -75.8609 758.227 -145.128 813.586 4
400 -7.22612 559.556 -542.919 554.528 2
401 RANDOM
402 -21.2847 756.073 -140.385 794.711 4
403 -246.314 869.507 -58.8422 997.343 4
404 -7.22612 559.556 -542.919 554.528 2
405 RANDOM
406 -21.2847 756.073 -140.385 794.711 4
407 -246.314 869.507 -58.8422 997.343 4
408 -7.22612 559.556 -542.919 554.528 2
409 -75.8609 758.227 -145.128 813.586 4
410 -7.22612 559.556 -542.919 554.528 2
411 -75.8609 758.227 -145.128 813.586 4
412 -7.22612 559.556 -542.919 554.528 2
413 -75.8609 758.227 -145.128 813.586 4
414 -7.22612 559.556 -542.919 554.528 2
415 -75.8609 758.227 -145.128 813.586 4
416 -7.22612 559.556 -542.919 554.528 2
417 -75.8609 758.227 -145.128 813.586 4
418 -7.22612 559.556 -542.919 554.528 2
419 -75.8609 758.227 -145.128 813.586 4
420 -7.22612 559.556 -542.919 554.528 2
421 -75.8609 758.227 -145.128 813.586 4
422 -7.22612 559.556 -542.919 554.528 2
423 -75.8609 758.227 -145.128 813.586 4
424 -7.22612 559.556 -542.919 554.528 2
425 -75.8609 758.227 -145.128 813.586 4
426 -7.22612 559.556 -542.919 554.528 2
427 -75.8609 758.227 -145.128 813.586 4
428 -7.22612 559.556 -542.919 554.528 2
429 -75.8609 758.227 -145.128 813.586 4
430 -7.22612 559.556 -542.919 554.528 2
431 -75.8609 758.227 -145.128 813.586 4
432 -7.22612 559.556 -542.919 554.528 2
433 -75.8609 758.227 -145.128 813.586 4
434 -7.22612 559.556 -542.919 554.528 2
435 -75.8609 758.227 -145.128 813.586 4
436 -7.22612 559.556 -542.919 554.528 2
437 -75.8609 758.227 -145.128 813.586 4
438 -7.22612 559.556 -542.919 554.528 2
439 -75.8609 758.227 -145.128 813.586 4
440 -7.22612 559.556 -542.919 554.528 2
441 -75.8609 758.227 -145.128 813.586 4
442 -7.22612 559.556 -542.919 554.528 2
443 RANDOM
444 -21.2847 756.073 -140.385 794.711 4
445 -246.314 869.507 -58.8422 997.343 4
446 -7.22612 559.556 -542.919 554.528 2
447 -75.8609 758.227 -145.128 813.586 4
448 -7.22612 559.556 -542.919 554.528 2
449 -75.8609 758.227 -145.128 813.586 4
450 -7.22612 559.556 -542.919 554.528 2
451 -75.8609 758.227 -145.128 813.586 4
452 -7.22612 559.556 -542.919 554.528 2
453 -75.8609 758.227 -145.128 813.586 4
454 -7.22612 559.556 -542.919 554.528 2
455 -75.8609 758.227 -145.128 813.586 4
456 -7.22612 559.556 -542.919 554.528 2
457 -75.8609 758.227 -145.128 813.586 4
458 -7.22612 559.556 -542.919 554.528 2
459 RANDOM
460 RANDOM
461 -9.57671 781.615 -102.16 808.004 4
462 -181.84 805.093 -87.0243 900.139 4
463 -246.314 869.507 -58.8422 997.343 4
464 -7.22612 559.556 -542.919 554.528 2
465 -75.8609 758.227 -145.128 813.586 4
466 -7.22612 559.556 -542.919 554.528 2
467 -75.8609 758.227 -145.128 813.586 4
468 -7.22612 559.556 -542.919 554.528 2
469 -75.8609 758.227 -145.128 813.586 4
470 -7.22612 559.556 -542.919 554.528 2
471 -75.8609 758.227 -145.128 813.586 4
472 -7.22612 559.556 -542.919 554.528 2
473 -75.8609 758.227 -145.128 813.586 4
474 -7.22612 559.556 -542.919 554.528 2
475 -75.8609 758.227 -145.128 813.586 4
476 -7.22612 559.556 -542.919 554.528 2
477 -75.8609 758.227 -145.128 813.586 4
478 -7.22612 559.556 -542.919 554.528 2
479 -75.8609 758.227 -145.128 813.586 4
480 -7.22612 559.556 -542.919 554.528 2
481 RANDOM
482 -21.2847 756.073 -140.385 794.711 4
483 -246.314 869.507 -58.8422 997.343 4
484 -7.22612 559.556 -542.919 554.528 2
485 -75.8609 758.227 -145.128 813.586 4
486 -7.22612 559.556 -542.919 554.528 2
487 -75.8609 758.227 -145.128 813.586 4
488 -7.22612 559.556 -542.919 554.528 2
489 -75.8609 758.227 -145.128 813.586 4
490 RANDOM
491 -58.1353 598.961 -487.571 600.922 4
492 -112.443 640.493 -431.642 650.458 4
493 -176.258 682.306 -359.562 692.952 4
494 617.11 666.672 -1371.81 458.782 2
495 11.4091 702.104 -367.627 638.546 2
496 53.7436 673.196 -384.334 615.681 2
497 82.6025 661.688 -399.952 608.352 2
498 104.137 666.22 -407.762 611.396 2
499 -75.8609 758.227 -145.128 813.586 4
500 -7.22612 559.556 -542.919 554.528 2
501 -75.8609 758.227 -145.128 813.586 4
502 -7.22612 559.556 -542.919 554.528 2
503 -75.8609 758.227 -145.128 813.586 4
504 -7.22612 559.556 -542.919 554.528 2
505 -75.8609 758.227 -145.128 813.586 4
506 -7.22612 559.556 -542.919 554.528 2
507 -75.8609 758.227 -145.128 813.586 4
508 -7.22612 559.556 -542.919 554.528 2
509 -75.8609 758.227 -145.128 813.586 4
510 -7.22612 559.556 -542.919 554.528 2
511 -75.8609 758.227 -145.128 813.586 4
512 -7.22612 559.556 -542.919 554.528 2
513 -75.8609 758.227 -145.128 813.586 4
514 RANDOM
515 -58.1353 598.961 -487.571 600.922 4
516 -112.443 640.493 -431.642 650.458 4
517 -176.258 682.306 -359.562 692.952 4
518 617.11 666.672 -1371.81 458.782 2
519 11.4091 702.104 -367.627 638.546 2
520 53.7436 673.196 -384.334 615.681 2
521 82.6025 661.688 -399.952 608.352 2
522 104.137 666.22 -407.762 611.396 2
523 -75.8609 758.227 -145.128 813.586 4
524 -7.22612 559.556 -542.919 554.528 2
525 -75.8609 758.227 -145.128 813.586 4
526 RANDOM
527 RANDOM
528 -112.443 640.493 -431.642 650.458 4
529 -176.258 682.306 -359.562 692.952 4
530 617.11 666.672 -1371.81 458.782 2
531 11.4091 702.104 -367.627 638.546 2
532 RANDOM
533 82.6025 661.688 -399.952 608.352 2
534 104.137 666.22 -407.762 611.396 2
535 -75.8609 758.227 -145.128 813.586 4
536 -7.22612 559.556 -542.919 554.528 2
537 -75.8609 758.227 -145.128 813.586 4
538 -7.22612 559.556 -542.919 554.528 2
539 -75.8609 758.227 -145.128 813.586 4
540 -7.22612 559.556 -542.919 554.528 2
541 -75.8609 758.227 -145.128 813.586 4
542 -7.22612 559.556 -542.919 554.528 2
543 -75.8609 758.227 -145.128 813.586 4
544 -7.22612 559.556 -542.919 554.528 2
545 -75.8609 758.227 -145.128 813.586 4
546 -7.22612 559.556 -542.919 554.528 2
547 -75.8609 758.227 -145.128 813.586 4
548 -7.22612 559.556 -542.919 554.528 2
549 -75.8609 758.227 -145.128 813.586 4
550 -7.22612 559.556 -542.919 554.528 2
551 -75.8609 758.227 -145.128 813.586 4
552 -7.22612 559.556 -542.919 554.528 2
553 -75.8609 758.227 -145.128 813.586 4
554 -7.22612 559.556 -542.919 554.528 2
555 RANDOM
556 -21.2847 756.073 -140.385 794.711 4
557 -246.314 869.507 -58.8422 997.343 4
558 -7.22612 559.556 -542.919 554.528 2
559 -75.8609 758.227 -145.128 813.586 4
560 -7.22612 559.556 -542.919 554.528 2
561 -75.8609 758.227 -145.128 813.586 4
562 -7.22612 559.556 -542.919 554.528 2
563 -75.8609 758.227 -145.128 813.586 4
564 -7.22612 559.556 -542.919 554.528 2
565 -75.8609 758.227 -145.128 813.586 4
566 RANDOM
567 -58.1353 598.961 -487.571 600.922 4
568 -112.443 640.493 -431.642 650.458 4
569 -176.258 682.306 -359.562 692.952 4
570 617.11 666.672 -1371.81 458.782 2
571 11.4091 702.104 -367.627 638.546 2
572 53.7436 673.196 -384.334 615.681 2
573 82.6025 661.688 -399.952 608.352 2
574 104.137 666.22 -407.762 611.396 2
575 -75.8609 758.227 -145.128 813.586 4
576 -7.22612 559.556 -542.919 554.528 2
577 -75.8609 758.227 -145.128 813.586 4
578 -7.22612 559.556 -542.919 554.528 2
579 -75.8609 758.227 -145.128 813.586 4
580 -7.22612 559.556 -542.919 554.528 2
581 -75.8609 758.227 -145.128 813.586 4
582 -7.22612 559.556 -542.919 554.528 2
583 -75.8609 758.227 -145.128 813.586 4
584 -7.22612 559.556 -542.919 554.528 2
585 -75.8609 758.227 -145.128 813.586 4
586 -7.22612 559.556 -542.919 554.528 2
587 -75.8609 758.227 -145.128 813.586 4
588 -7.22612 559.556 -542.919 554.528 2
589 -75.8609 758.227 -145.128 813.586 4
590 -7.22612 559.556 -542.919 554.528 2
591 -75.8609 758.227 -145.128 813.586 4
592 -7.22612 559.556 -542.919 554.528 2
593 -75.8609 758.227 -145.128 813.586 4
594 -7.22612 559.556 -542.919 554.528 2
595 -75.8609 758.227 -145.128 813.586 4
596 -7.22612 559.556 -542.919 554.528 2
597 -75.8609 758.227 -145.128 813.586 4
598 -7.22612 559.556 -542.919 554.528 2
599 -75.8609 758.227 -145.128 813.586 4
600 -7.22612 559.556 -542.919 554.528 2
601 -75.8609 758.227 -145.128 813.586 4
602 -7.22612 559.556 -542.919 554.528 2
603 -75.8609 758.227 -145.128 813.586 4
604 -7.22612 559.556 -542.919 554.528 2
605 -75.8609 758.227 -145.128 813.586 4
606 -7.22612 559.556 -542.919 554.528 2
607 -75.8609 758.227 -145.128 813.586 4
608 -7.22612 559.556 -542.919 554.528 2
609 RANDOM
610 -21.2847 756.073 -140.385 794.711 4
611 -246.314 869.507 -58.8422 997.343 4
612 -7.22612 559.556 -542.919 554.528 2
613 -75.8609 758.227 -145.128 813.586 4
614 -7.22612 559.556 -542.919 554.528 2
615 -75.8609 758.227 -145.128 813.586 4
616 -7.22612 559.556 -542.919 554.528 2
617 -75.8609 758.227 -145.128 813.586 4
618 -7.22612 559.556 -542.919 554.528 2
619 -75.8609 758.227 -145.128 813.586 4
620 -7.22612 559.556 -542.919 554.528 2
621 -75.8609 758.227 -145.128 813.586 4
622 -7.22612 559.556 -542.919 554.528 2
623 -75.8609 758.227 -145.128 813.586 4
624 -7.22612 559.556 -542.919 554.528 2
625 -75.8609 758.227 -145.128 813.586 4
626 -7.22612 559.556 -542.919 554.528 2
627 -75.8609 758.227 -145.128 813.586 4
628 -7.22612 559.556 -542.919 554.528 2
629 -75.8609 758.227 -145.128 813.586 4
630 -7.22612 559.556 -542.919 554.528 2
631 -75.8609 758.227 -145.128 813.586 4
632 -7.22612 559.556 -542.919 554.528 2
633 -75.8609 758.227 -145.128 813.586 4
634 -7.22612 559.556 -542.919 554.528 2
635 -75.8609 758.227 -145.128 813.586 4
636 -7.22612 559.556 -542.919 554.528 2
637 -75.8609 758.227 -145.128 813.586 4
638 -7.22612 559.556 -542.919 554.528 2
639 RANDOM
640 -21.2847 756.073 -140.385 794.711 4
641 -246.314 869.507 -58.8422 997.343 4
642 -7.22612 559.556 -542.919 554.528 2
643 RANDOM
644 -21.2847 756.073 -140.385 794.711 4
645 -246.314 869.507 -58.8422 997.343 4
646 -7.22612 559.556 -542.919 554.528 2
647 -75.8609 758.227 -145.128 813.586 4
648 -7.22612 559.556 -542.919 554.528 2
649 -75.8609 758.227 -145.128 813.586 4
650 -7.22612 559.556 -542.919 554.528 2
651 -75.8609 758.227 -145.128 813.586 4
652 -7.22612 559.556 -542.919 554.528 2
653 -75.8609 758.227 -145.128 813.586 4
654 -7.22612 559.556 -542.919 554.528 2
655 -75.8609 758.227 -145.128 813.586 4
656 -7.22612 559.556 -542.919 554.528 2
657 -75.8609 758.227 -145.128 813.586 4
658 -7.22612 559.556 -542.919 554.528 2
659 -75.8609 758.227 -145.128 813.586 4
660 -7.22612 559.556 -542.919 554.528 2
661 -75.8609 758.227 -145.128 813.586 4
662 -7.22612 559.556 -542.919 554.528 2
663 -75.8609 758.227 -145.128 813.586 4
664 -7.22612 559.556 -542.919 554.528 2
665 -75.8609 758.227 -145.128 813.586 4
666 -7.22612 559.556 -542.919 554.528 2
667 -75.8609 758.227 -145.128 813.586 4
668 -7.22612 559.556 -542.919 554.528 2
669 -75.8609 758.227 -145.128 813.586 4
670 -7.22612 559.556 -542.919 554.528 2
671 -75.8609 758.227 -145.128 813.586 4
672 -7.22612 559.556 -542.919 554.528 2
673 -75.8609 758.227 -145.128 813.586 4
674 -7.22612 559.556 -542.919 554.528 2
675 -75.8609 758.227 -145.128 813.586 4
676 -7.22612 559.556 -542.919 554.528 2
677 -75.8609 758.227 -145.128 813.586 4
678 -7.22612 559.556 -542.919 554.528 2
679 -75.8609 758.227 -145.128 813.586 4
680 -7.22612 559.556 -542.919 554.528 2
681 -75.8609 758.227 -145.128 813.586 4
682 -7.22612 559.556 -542.919 554.528 2
683 -75.8609 758.227 -145.128 813.586 4
684 -7.22612 559.556 -542.919 554.528 2
685 -75.8609 758.227 -145.128 813.586 4
686 -7.22612 559.556 -542.919 554.528 2
687 -75.8609 758.227 -145.128 813.586 4
688 -7.22612 559.556 -542.919 554.528 2
689 -75.8609 758.227 -145.128 813.586 4
690 -7.22612 559.556 -542.919 554.528 2
691 -75.8609 758.227 -145.128 813.586 4
692 -7.22612 559.556 -542.919 554.528 2
693 -75.8609 758.227 -145.128 813.586 4
694 -7.22612 559.556 -542.919 554.528 2
695 -75.8609 758.227 -145.128 813.586 4
696 -7.22612 559.556 -542.919 554.528 2
697 -75.8609 758.227 -145.128 813.586 4
698 RANDOM
699 -58.1353 598.961 -487.571 600.922 4
700 -112.443 640.493 -431.642 650.458 4
701 -176.258 682.306 -359.562 692.952 4
702 617.11 666.672 -1371.81 458.782 2
703 11.4091 702.104 -367.627 638.546 2
704 53.7436 673.196 -384.334 615.681 2
705 82.6025 661.688 -399.952 608.352 2
706 104.137 666.22 -407.762 611.396 2
707 -75.8609 758.227 -145.128 813.586 4
708 -7.22612 559.556 -542.919 554.528 2
709 -75.8609 758.227 -145.128 813.586 4
710 -7.22612 559.556 -542.919 554.528 2
711 -75.8609 758.227 -145.128 813.586 4
712 -7.22612 559.556 -542.919 554.528 2
713 -75.8609 758.227 -145.128 813.586 4
714 -7.22612 559.556 -542.919 554.528 2
715 -75.8609 758.227 -145.128 813.586 4
716 -7.22612 559.556 -542.919 554.528 2
717 -75.8609 758.227 -145.128 813.586 4
718 -7.22612 559.556 -542.919 554.528 2
719 -75.8609 758.227 -145.128 813.586 4
720 -7.22612 559.556 -542.919 554.528 2
721 -75.8609 758.227 -145.128 813.586 4
722 -7.22612 559.556 -542.919 554.528 2
723 -75.8609 758.227 -145.128 813.586 4
724 -7.22612 559.556 -542.919 554.528 2
725 -75.8609 758.227 -145.128 813.586 4
726 RANDOM
727 -58.1353 598.961 -487.571 600.922 4
728 -112.443 640.493 -431.642 650.458 4
729 -176.258 682.306 -359.562 692.952 4
730 617.11 666.672 -1371.81 458.782 2
731 11.4091 702.104 -367.627 638.546 2
732 53.7436 673.196 -384.334 615.681 2
733 82.6025 661.688 -399.952 608.352 2
734 104.137 666.22 -407.762 611.396 2
735 -75.8609 758.227 -145.128 813.586 4
736 -7.22612 559.556 -542.919 554.528 2
737 -75.8609 758.227 -145.128 813.586 4
738 -7.22612 559.556 -542.919 554.528 2
739 -75.8609 758.227 -145.128 813.586 4
740 -7.22612 559.556 -542.919 554.528 2
741 -75.8609 758.227 -145.128 813.586 4
742 RANDOM
743 -58.1353 598.961 -487.571 600.922 4
744 -112.443 640.493 -431.642 650.458 4
745 -176.258 682.306 -359.562 692.952 4
746 617.11 666.672 -1371.81 458.782 2
747 11.4091 702.104 -367.627 638.546 2
748 53.7436 673.196 -384.334 615.681 2
749 82.6025 661.688 -399.952 608.352 2
750 104.137 666.22 -407.762 611.396 2
751 -75.8609 758.227 -145.128 813.586 4
752 -7.22612 559.556 -542.919 554.528 2
753 -75.8609 758.227 -145.128 813.586 4
754 -7.22612 559.556 -542.919 554.528 2
755 -75.8609 758.227 -145.128 813.586 4
756 -7.22612 559.556 -542.919 554.528 2
757 -75.8609 758.227 -145.128 813.586 4
758 -7.22612 559.556 -542.919 554.528 2
759 -75.8609 758.227 -145.128 813.586 4
760 -7.22612 559.556 -542.919 554.528 2
761 -75.8609 758.227 -145.128 813.586 4
762 -7.22612 559.556 -542.919 554.528 2
763 -75.8609 758.227 -145.128 813.586 4
764 -7.22612 559.556 -542.919 554.528 2
765 -75.8609 758.227 -145.128 813.586 4
766 -7.22612 559.556 -542.919 554.528 2
767 -75.8609 758.227 -145.128 813.586 4
768 -7.22612 559.556 -542.919 554.528 2
769 -75.8609 758.227 -145.128 813.586 4
770 -7.22612 559.556 -542.919 554.528 2
771 -75.8609 758.227 -145.128 813.586 4
772 -7.22612 559.556 -542.919 554.528 2
773 -75.8609 758.227 -145.128 813.586 4
774 -7.22612 559.556 -542.919 554.528 2
775 -75.8609 758.227 -145.128 813.586 4
776 -7.22612 559.556 -542.919 554.528 2
777 -75.8609 758.227 -145.128 813.586 4
778 -7.22612 559.556 -542.919 554.528 2
779 -75.8609 758.227 -145.128 813.586 4
780 -7.22612 559.556 -542.919 554.528 2
781 -75.8609 758.227 -145.128 813.586 4
782 -7.22612 559.556 -542.919 554.528 2
783 -75.8609 758.227 -145.128 813.586 4
784 -7.22612 559.556 -542.919 554.528 2
785 -75.8609 758.227 -145.128 813.586 4
786 -7.22612 559.556 -542.919 554.528 2
787 -75.8609 758.227 -145.128 813.586 4
788 -7.22612 559.556 -542.919 554.528 2
789 -75.8609 758.227 -145.128 813.586 4
790 -7.22612 559.556 -542.919 554.528 2
791 -75.8609 758.227 -145.128 813.586 4
792 -7.22612 559.556 -542.919 554.528 2
793 -75.8609 758.227 -145.128 813.586 4
794 -7.22612 559.556 -542.919 554.528 2
795 -75.8609 758.227 -145.128 813.586 4
796 -7.22612 559.556 -542.919 554.528 2
797 -75.8609 758.227 -145.128 813.586 4
798 -7.22612 559.556 -542.919 554.528 2
799 -75.8609 758.227 -145.128 813.586 4
800 -7.22612 559.556 -542.919 554.528 2
801 -75.8609 758.227 -145.128 813.586 4
802 RANDOM
803 -58.1353 598.961 -487.571 600.922 4
804 -112.443 640.493 -431.642 650.458 4
805 -176.258 682.306 -359.562 692.952 4
806 617.11 666.672 -1371.81 458.782 2
807 11.4091 702.104 -367.627 638.546 2
808 53.7436 673.196 -384.334 615.681 2
809 82.6025 661.688 -399.952 608.352 2
810 104.137 666.22 -407.762 611.396 2
811 RANDOM
812 -21.2847 756.073 -140.385 794.711 4
813 -246.314 869.507 -58.8422 997.343 4
814 -7.22612 559.556 -542.919 554.528 2
815 -75.8609 758.227 -145.128 813.586 4
816 -7.22612 559.556 -542.919 554.528 2
817 -75.8609 758.227 -145.128 813.586 4
818 -7.22612 559.556 -542.919 554.528 2
819 -75.8609 758.227 -145.128 813.586 4
820 -7.22612 559.556 -542.919 554.528 2
821 -75.8609 758.227 -145.128 813.586 4
822 -7.22612 559.556 -542.919 554.528 2
823 -75.8609 758.227 -145.128 813.586 4
824 RANDOM
825 -58.1353 598.961 -487.571 600.922 4
826 -112.443 640.493 -431.642 650.458 4
827 -176.258 682.306 -359.562 692.952 4
828 617.11 666.672 -1371.81 458.782 2
829 11.4091 702.104 -367.627 638.546 2
830 53.7436 673.196 -384.334 615.681 2
831 82.6025 661.688 -399.952 608.352 2
832 104.137 666.22 -407.762 611.396 2
833 -75.8609 758.227 -145.128 813.586 4
834 -7.22612 559.556 -542.919 554.528 2
835 -75.8609 758.227 -145.128 813.586 4
836 -7.22612 559.556 -542.919 554.528 2
837 -75.8609 758.227 -145.128 813.586 4
838 RANDOM
839 -58.1353 598.961 -487.571 600.922 4
840 -112.443 640.493 -431.642 650.458 4
841 -176.258 682.306 -359.562 692.952 4
842 617.11 666.672 -1371.81 458.782 2
843 11.4091 702.104 -367.627 638.546 2
844 53.7436 673.196 -384.334 615.681 2
845 82.6025 661.688 -399.952 608.352 2
846 104.137 666.22 -407.762 611.396 2
847 -75.8609 758.227 -145.128 813.586 4
848 -7.22612 559.556 -542.919 554.528 2
849 -75.8609 758.227 -145.128 813.586 4
850 -7.22612 559.556 -542.919 554.528 2
851 -75.8609 758.227 -145.128 813.586 4
852 -7.22612 559.556 -542.919 554.528 2
853 -75.8609 758.227 -145.128 813.586 4
854 -7.22612 559.556 -542.919 554.528 2
855 -75.8609 758.227 -145.128 813.586 4
856 -7.22612 559.556 -542.919 554.528 2
857 -75.8609 758.227 -145.128 813.586 4
858 -7.22612 559.556 -542.919 554.528 2
859 -75.8609 758.227 -145.128 813.586 4
860 -7.22612 559.556 -542.919 554.528 2
861 -75.8609 758.227 -145.128 813.586 4
862 -7.22612 559.556 -542.919 554.528 2
863 -75.8609 758.227 -145.128 813.586 4
864 -7.22612 559.556 -542.919 554.528 2
865 RANDOM
866 -21.2847 756.073 -140.385 794.711 4
867 -246.314 869.507 -58.8422 997.343 4
868 -7.22612 559.556 -542.919 554.528 2
869 -75.8609 758.227 -145.128 813.586 4
870 -7.22612 559.556 -542.919 554.528 2
871 -75.8609 758.227 -145.128 813.586 4
872 -7.22612 559.556 -542.919 554.528 2
873 -75.8609 758.227 -145.128 813.586 4
874 -7.22612 559.556 -542.919 554.528 2
875 -75.8609 758.227 -145.128 813.586 4
876 -7.22612 559.556 -542.919 554.528 2
877 -75.8609 758.227 -145.128 813.586 4
878 -7.22612 559.556 -542.919 554.528 2
879 -75.8609 758.227 -145.128 813.586 4
880 -7.22612 559.556 -542.919 554.528 2
881 -75.8609 758.227 -145.128 813.586 4
882 -7.22612 559.556 -542.919 554.528 2
883 -75.8609 758.227 -145.128 813.586 4
884 -7.22612 559.556 -542.919 554.528 2
885 -75.8609 758.227 -145.128 813.586 4
886 -7.22612 559.556 -542.919 554.528 2
887 -75.8609 758.227 -145.128 813.586 4
888 -7.22612 559.556 -542.919 554.528 2
889 -75.8609 758.227 -145.128 813.586 4
890 -7.22612 559.556 -542.919 554.528 2
891 -75.8609 758.227 -145.128 813.586 4
892 -7.22612 559.556 -542.919 554.528 2
893 -75.8609 758.227 -145.128 813.586 4
894 -7.22612 559.556 -542.919 554.528 2
895 -75.8609 758.227 -145.128 813.586 4
896 -7.22612 559.556 -542.919 554.528 2
897 -75.8609 758.227 -145.128 813.586 4
898 -7.22612 559.556 -542.919 554.528 2
899 RANDOM
900 -21.2847 756.073 -140.385 794.711 4
901 -246.314 869.507 -58.8422 997.343 4
902 -7.22612 559.556 -542.919 554.528 2
903 RANDOM
904 -21.2847 756.073 -140.385 794.711 4
905 -246.314 869.507 -58.8422 997.343 4
906 -7.22612 559.556 -542.919 554.528 2
907 -75.8609 758.227 -145.128 813.586 4
908 -7.22612 559.556 -542.919 554.528 2
909 -75.8609 758.227 -145.128 813.586 4
910 -7.22612 559.556 -542.919 554.528 2
911 -75.8609 758.227 -145.128 813.586 4
912 -7.22612 559.556 -542.919 554.528 2
913 -75.8609 758.227 -145.128 813.586 4
914 -7.22612 559.556 -542.919 554.528 2
915 -75.8609 758.227 -145.128 813.586 4
916 -7.22612 559.556 -542.919 554.528 2
917 -75.8609 758.227 -145.128 813.586 4
918 -7.22612 559.556 -542.919 554.528 2
919 -75.8609 758.227 -145.128 813.586 4
920 -7.22612 559.556 -542.919 554.528 2
921 -75.8609 758.227 -145.128 813.586 4
922 -7.22612 559.556 -542.919 554.528 2
923 -75.8609 758.227 -145.128 813.586 4
924 -7.22612 559.556 -542.919 554.528 2
925 -75.8609 758.227 -145.128 813.586 4
926 -7.22612 559.556 -542.919 554.528 2
927 -75.8609 758.227 -145.128 813.586 4
928 -7.22612 559.556 -542.919 554.528 2
929 -75.8609 758.227 -145.128 813.586 4
930 -7.22612 559.556 -542.919 554.528 2
931 -75.8609 758.227 -145.128 813.586 4
932 -7.22612 559.556 -542.919 554.528 2
933 -75.8609 758.227 -145.128 813.586 4
934 -7.22612 559.556 -542.919 554.528 2
935 -75.8609 758.227 -145.128 813.586 4
936 -7.22612 559.556 -542.919 554.528 2
937 -75.8609 758.227 -145.128 813.586 4
938 -7.22612 559.556 -542.919 554.528 2
939 -75.8609 758.227 -145.128 813.586 4
940 -7.22612 559.556 -542.919 554.528 2
941 -75.8609 758.227 -145.128 813.586 4
942 -7.22612 559.556 -542.919 554.528 2
943 -75.8609 758.227 -145.128 813.586 4
944 -7.22612 559.556 -542.919 554.528 2
945 -75.8609 758.227 -145.128 813.586 4
946 -7.22612 559.556 -542.919 554.528 2
947 -75.8609 758.227 -145.128 813.586 4
948 -7.22612 559.556 -542.919 554.528 2
949 -75.8609 758.227 -145.128 813.586 4
950 -7.22612 559.556 -542.919 554.528 2
951 -75.8609 758.227 -145.128 813.586 4
952 -7.22612 559.556 -542.919 554.528 2
953 -75.8609 758.227 -145.128 813.586 4
954 -7.22612 559.556 -542.919 554.528 2
955 -75.8609 758.227 -145.128 813.586 4
956 -7.22612 559.556 -542.919 554.528 2
957 -75.8609 758.227 -145.128 813.586 4
958 -7.22612 559.556 -542.919 554.528 2
959 -75.8609 758.227 -145.128 813.586 4
960 -7.22612 559.556 -542.919 554.528 2
961 -75.8609 758.227 -145.128 813.586 4
962 -7.22612 559.556 -542.919 554.528 2
963 -75.8609 758.227 -145.128 813.586 4
964 -7.22612 559.556 -542.919 554.528 2
965 -75.8609 758.227 -145.128 813.586 4
966 -7.22612 559.556 -542.919 554.528 2
967 -75.8609 758.227 -145.128 813.586 4
968 RANDOM
969 -58.1353 598.961 -487.571 600.922 4
970 -112.443 640.493 -431.642 650.458 4
971 -176.258 682.306 -359.562 692.952 4
972 617.11 666.672 -1371.81 458.782 2
973 RANDOM
974 53.7436 673.196 -384.334 615.681 2
975 82.6025 661.688 -399.952 608.352 2
976 104.137 666.22 -407.762 611.396 2
977 -75.8609 758.227 -145.128 813.586 4
978 -7.22612 559.556 -542.919 554.528 2
979 -75.8609 758.227 -145.128 813.586 4
980 -7.22612 559.556 -542.919 554.528 2
981 -75.8609 758.227 -145.128 813.586 4
982 -7.22612 559.556 -542.919 554.528 2
983 -75.8609 758.227 -145.128 813.586 4
984 -7.22612 559.556 -542.919 554.528 2
985 -75.8609 758.227 -145.128 813.586 4
986 -7.22612 559.556 -542.919 554.528 2
987 -75.8609 758.227 -145.128 813.586 4
988 -7.22612 559.556 -542.919 554.528 2
989 -75.8609 758.227 -145.128 813.586 4
990 -7.22612 559.556 -542.919 554.528 2
991 RANDOM
992 -21.2847 756.073 -140.385 794.711 4
993 -246.314 869.507 -58.8422 997.343 4
994 -7.22612 559.556 -542.919 554.528 2
995 -75.8609 758.227 -145.128 813.586 4
996 -7.22612 559.556 -542.919 554.528 2
997 -75.8609 758.227 -145.128 813.586 4
998 -7.22612 559.556 -542.919 554.528 2
999 -75.8609 758.227 -145.128 813.586 4
1000 -7.22612 559.556 -542.919 554.528 2
1001 -75.8609 758.227 -145.128 813.586 4
1002 -7.22612 559.556 -542.919 554.528 2
1003 -75.8609 758.227 -145.128 813.586 4
1004 -7.22612 559.556 -542.919 554.528 2
1005 -75.8609 758.227 -145.128 813.586 4
1006 -7.22612 559.556 -542.919 554.528 2
1007 -75.8609 758.227 -145.128 813.586 4
1008 -7.22612 559.556 -542.919 554.528 2
1009 -75.8609 758.227 -145.128 813.586 4
1010 -7.22612 559.556 -542.919 554.528 2
1011 -75.8609 758.227 -145.128 813.586 4
1012 -7.22612 559.556 -542.919 554.528 2
1013 -75.8609 758.227 -145.128 813.586 4
1014 -7.22612 559.556 -542.919 554.528 2
1015 -75.8609 758.227 -145.128 813.586 4
1016 -7.22612 559.556 -542.919 554.528 2
1017 -75.8609 758.227 -145.128 813.586 4
1018 -7.22612 559.556 -542.919 554.528 2
1019 -75.8609 758.227 -145.128 813.586 4
1020 -7.22612 559.556 -542.919 554.528 2
1021 -75.8609 758.227 -145.128 813.586 4
1022 -7.22612 559.556 -542.919 554.528 2
1023 RANDOM
1024 -21.2847 756.073 -140.385 794.711 4
1025 -246.314 869.507 -58.8422 997.343 4
1026 -7.22612 559.556 -542.919 554.528 2
1027 -75.8609 758.227 -145.128 813.586 4
1028 -7.22612 559.556 -542.919 554.528 2
1029 -75.8609 758.227 -145.128 813.586 4
1030 -7.22612 559.556 -542.919 554.528 2
1031 -75.8609 758.227 -145.128 813.586 4
1032 -7.22612 559.556 -542.919 554.528 2
1033 -75.8609 758.227 -145.128 813.586 4
1034 RANDOM
1035 -58.1353 598.961 -487.571 600.922 4
1036 -112.443 640.493 -431.642 650.458 4
1037 -176.258 682.306 -359.562 692.952 4
1038 617.11 666.672 -1371.81 458.782 2
1039 11.4091 702.104 -367.627 638.546 2
1040 53.7436 673.196 -384.334 615.681 2
1041 82.6025 661.688 -399.952 608.352 2
1042 104.137 666.22 -407.762 611.396 2
1043 -75.8609 758.227 -145.128 813.586 4
1044 -7.22612 559.556 -542.919 554.528 2
1045 -75.8609 758.227 -145.128 813.586 4
1046 -7.22612 559.556 -542.919 554.528 2
1047 -75.8609 758.227 -145.128 813.586 4
1048 -7.22612 559.556 -542.919 554.528 2
1049 -75.8609 758.227 -145.128 813.586 4
1050 -7.22612 559.556 -542.919 554.528 2
1051 -75.8609 758.227 -145.128 813.586 4
1052 -7.22612 559.556 -542.919 554.528 2
1053 -75.8609 758.227 -145.128 813.586 4
1054 -7.22612 559.556 -542.919 554.528 2
1055 -75.8609 758.227 -145.128 813.586 4
1056 -7.22612 559.556 -542.919 554.528 2
1057 -75.8609 758.227 -145.128 813.586 4
1058 -7.22612 559.556 -542.919 554.528 2
1059 -75.8609 758.227 -145.128 813.586 4
1060 -7.22612 559.556 -542.919 554.528 2
1061 -75.8609 758.227 -145.128 813.586 4
1062 -7.22612 559.556 -542.919 554.528 2
1063 -75.8609 758.227 -145.128 813.586 4
1064 -7.22612 559.556 -542.919 554.528 2
1065 -75.8609 758.227 -145.128 813.586 4
1066 -7.22612 559.556 -542.919 554.528 2
1067 RANDOM
1068 -21.2847 756.073 -140.385 794.711 4
1069 -246.314 869.507 -58.8422 997.343 4
1070 -7.22612 559.556 -542.919 554.528 2
1071 -75.8609 758.227 -145.128 813.586 4
1072 RANDOM
1073 -58.1353 598.961 -487.571 600.922 4
1074 -112.443 640.493 -431.642 650.458 4
1075 -176.258 682.306 -359.562 692.952 4
1076 617.11 666.672 -1371.81 458.782 2
1077 11.4091 702.104 -367.627 638.546 2
1078 53.7436 673.196 -384.334 615.681 2
1079 82.6025 661.688 -399.952 608.352 2
1080 104.137 666.22 -407.762 611.396 2
1081 -75.8609 758.227 -145.128 813.586 4
1082 -7.22612 559.556 -542.919 554.528 2
1083 -75.8609 758.227 -145.128 813.586 4
1084 -7.22612 559.556 -542.919 554.528 2
1085 -75.8609 758.227 -145.128 813.586 4
1086 -7.22612 559.556 -542.919 554.528 2
1087 -75.8609 758.227 -145.128 813.586 4
1088 -7.22612 559.556 -542.919 554.528 2
1089 -75.8609 758.227 -145.128 813.586 4
1090 -7.22612 559.556 -542.919 554.528 2
1091 -75.8609 758.227 -145.128 813.586 4
1092 RANDOM
1093 -58.1353 598.961 -487.571 600.922 4
1094 -112.443 640.493 -431.642 650.458 4
1095 -176.258 682.306 -359.562 692.952 4
1096 617.11 666.672 -1371.81 458.782 2
1097 RANDOM
1098 53.7436 673.196 -384.334 615.681 2
1099 RANDOM
1100 104.137 666.22 -407.762 611.396 2
1101 -75.8609 758.227 -145.128 813.586 4
1102 -7.22612 559.556 -542.919 554.528 2
1103 -75.8609 758.227 -145.128 813.586 4
1104 -7.22612 559.556 -542.919 554.528 2
1105 -75.8609 758.227 -145.128 813.586 4
1106 -7.22612 559.556 -542.919 554.528 2
1107 -75.8609 758.227 -145.128 813.586 4
1108 -7.22612 559.556 -542.919 554.528 2
1109 -75.8609 758.227 -145.128 813.586 4
1110 RANDOM
1111 -58.1353 598.961 -487.571 600.922 4
1112 -112.443 640.493 -431.642 650.458 4
1113 -176.258 682.306 -359.562 692.952 4
1114 617.11 666.672 -1371.81 458.782 2
1115 RANDOM
1116 53.7436 673.196 -384.334 615.681 2
1117 82.6025 661.688 -399.952 608.352 2
1118 104.137 666.22 -407.762 611.396 2
1119 -75.8609 758.227 -145.128 813.586 4
1120 -7.22612 559.556 -542.919 554.528 2
1121 RANDOM
1122 -21.2847 756.073 -140.385 794.711 4
1123 -246.314 869.507 -58.8422 997.343 4
1124 -7.22612 559.556 -542.919 554.528 2
1125 -75.8609 758.227 -145.128 813.586 4
1126 -7.22612 559.556 -542.919 554.528 2
1127 -75.8609 758.227 -145.128 813.586 4
1128 RANDOM
1129 -58.1353 598.961 -487.571 600.922 4
1130 -112.443 640.493 -431.642 650.458 4
1131 -176.258 682.306 -359.562 692.952 4
1132 617.11 666.672 -1371.81 458.782 2
1133 11.4091 702.104 -367.627 638.546 2
1134 53.7436 673.196 -384.334 615.681 2
1135 82.6025 661.688 -399.952 608.352 2
1136 104.137 666.22 -407.762 611.396 2
1137 -75.8609 758.227 -145.128 813.586 4
1138 -7.22612 559.556 -542.919 554.528 2
1139 -75.8609 758.227 -145.128 813.586 4
1140 -7.22612 559.556 -542.919 554.528 2
1141 -75.8609 758.227 -145.128 813.586 4
1142 -7.22612 559.556 -542.919 554.528 2
1143 -75.8609 758.227 -145.128 813.586 4
1144 -7.22612 559.556 -542.919 554.528 2
1145 -75.8609 758.227 -145.128 813.586 4
1146 -7.22612 559.556 -542.919 554.528 2
1147 -75.8609 758.227 -145.128 813.586 4
1148 -7.22612 559.556 -542.919 554.528 2
1149 -75.8609 758.227 -145.128 813.586 4
1150 -7.22612 559.556 -542.919 554.528 2
1151 -75.8609 758.227 -145.128 813.586 4
1152 -7.22612 559.556 -542.919 554.528 2
1153 -75.8609 758.227 -145.128 813.586 4
1154 -7.22612 559.556 -542.919 554.528 2
1155 -75.8609 758.227 -145.128 813.586 4
1156 -7.22612 559.556 -542.919 554.528 2
1157 -75.8609 758.227 -145.128 813.586 4
1158 -7.22612 559.556 -542.919 554.528 2
1159 -75.8609 758.227 -145.128 813.586 4
1160 -7.22612 559.556 -542.919 554.528 2
1161 -75.8609 758.227 -145.128 813.586 4
1162 -7.22612 559.556 -542.919 554.528 2
1163 -75.8609 758.227 -145.128 813.586 4
1164 -7.22612 559.556 -542.919 554.528 2
1165 -75.8609 758.227 -145.128 813.586 4
1166 -7.22612 559.556 -542.919 554.528 2
1167 -75.8609 758.227 -145.128 813.586 4
1168 -7.22612 559.556 -542.919 554.528 2
1169 -75.8609 758.227 -145.128 813.586 4
1170 -7.22612 559.556 -542.919 554.528 2
1171 -75.8609 758.227 -145.128 813.586 4
1172 RANDOM
1173 -58.1353 598.961 -487.571 600.922 4
1174 -112.443 640.493 -431.642 650.458 4
1175 -176.258 682.306 -359.562 692.952 4
1176 617.11 666.672 -1371.81 458.782 2
1177 11.4091 702.104 -367.627 638.546 2
1178 53.7436 673.196 -384.334 615.681 2
1179 82.6025 661.688 -399.952 608.352 2
1180 104.137 666.22 -407.762 611.396 2
1181 -75.8609 758.227 -145.128 813.586 4
1182 -7.22612 559.556 -542.919 554.528 2
1183 -75.8609 758.227 -145.128 813.586 4
1184 -7.22612 559.556 -542.919 554.528 2
1185 -75.8609 758.227 -145.128 813.586 4
1186 -7.22612 559.556 -542.919 554.528 2
1187 -75.8609 758.227 -145.128 813.586 4
1188 -7.22612 559.556 -542.919 554.528 2
1189 -75.8609 758.227 -145.128 813.586 4
1190 -7.22612 559.556 -542.919 554.528 2
1191 -75.8609 758.227 -145.128 813.586 4
1192 -7.22612 559.556 -542.919 554.528 2
1193 -75.8609 758.227 -145.128 813.586 4
1194 -7.22612 559.556 -542.919 554.528 2
1195 -75.8609 758.227 -145.128 813.586 4
1196 -7.22612 559.556 -542.919 554.528 2
1197 -75.8609 758.227 -145.128 813.586 4
1198 -7.22612 559.556 -542.919 554.528 2
1199 RANDOM
1200 -21.2847 756.073 -140.385 794.711 4
1201 -246.314 869.507 -58.8422 997.343 4
1202 -7.22612 559.556 -542.919 554.528 2
1203 -75.8609 758.227 -145.128 813.586 4
1204 -7.22612 559.556 -542.919 554.528 2
1205 -75.8609 758.227 -145.128 813.586 4
1206 -7.22612 559.556 -542.919 554.528 2
1207 -75.8609 758.227 -145.128 813.586 4
1208 -7.22612 559.556 -542.919 554.528 2
1209 -75.8609 758.227 -145.128 813.586 4
1210 -7.22612 559.556 -542.919 554.528 2
1211 -75.8609 758.227 -145.128 813.586 4
1212 -7.22612 559.556 -542.919 554.528 2
1213 -75.8609 758.227 -145.128 813.586 4
1214 -7.22612 559.556 -542.919 554.528 2
1215 -75.8609 758.227 -145.128 813.586 4
1216 -7.22612 559.556 -542.919 554.528 2
1217 -75.8609 758.227 -145.128 813.586 4
1218 -7.22612 559.556 -542.919 554.528 2
1219 -75.8609 758.227 -145.128 813.586 4
1220 -7.22612 559.556 -542.919 554.528 2
1221 -75.8609 758.227 -145.128 813.586 4
1222 -7.22612 559.556 -542.919 554.528 2
1223 -75.8609 758.227 -145.128 813.586 4
1224 -7.22612 559.556 -542.919 554.528 2
1225 -75.8609 758.227 -145.128 813.586 4
1226 -7.22612 559.556 -542.919 554.528 2
1227 -75.8609 758.227 -145.128 813.586 4
1228 -7.22612 559.556 -542.919 554.528 2
1229 -75.8609 758.227 -145.128 813.586 4
1230 -7.22612 559.556 -542.919 554.528 2
1231 -75.8609 758.227 -145.128 813.586 4
1232 -7.22612 559.556 -542.919 554.528 2
1233 -75.8609 758.227 -145.128 813.586 4
1234 -7.22612 559.556 -542.919 554.528 2
1235 -75.8609 758.227 -145.128 813.586 4
1236 -7.22612 559.556 -542.919 554.528 2
1237 -75.8609 758.227 -145.128 813.586 4
1238 -7.22612 559.556 -542.919 554.528 2
1239 -75.8609 758.227 -145.128 813.586 4
1240 -7.22612 559.556 -542.919 554.528 2
1241 -75.8609 758.227 -145.128 813.586 4
1242 -7.22612 559.556 -542.919 554.528 2
1243 -75.8609 758.227 -145.128 813.586 4
1244 -7.22612 559.556 -542.919 554.528 2
1245 -75.8609 758.227 -145.128 813.586 4
1246 -7.22612 559.556 -542.919 554.528 2
1247 -75.8609 758.227 -145.128 813.586 4
1248 -7.22612 559.556 -542.919 554.528 2
1249 -75.8609 758.227 -145.128 813.586 4
1250 -7.22612 559.556 -542.919 554.528 2
1251 -75.8609 758.227 -145.128 813.586 4
1252 -7.22612 559.556 -542.919 554.528 2
1253 -75.8609 758.227 -145.128 813.586 4
1254 -7.22612 559.556 -542.919 554.528 2
1255 -75.8609 758.227 -145.128 813.586 4
1256 -7.22612 559.556 -542.919 554.528 2
1257 -75.8609 758.227 -145.128 813.586 4
1258 -7.22612 559.556 -542.919 554.528 2
1259 -75.8609 758.227 -145.128 813.586 4
1260 -7.22612 559.556 -542.919 554.528 2
1261 -75.8609 758.227 -145.128 813.586 4
1262 -7.22612 559.556 -542.919 554.528 2
1263 -75.8609 758.227 -145.128 813.586 4
1264 -7.22612 559.556 -542.919 554.528 2
1265 -75.8609 758.227 -145.128 813.586 4
1266 -7.22612 559.556 -542.919 554.528 2
1267 -75.8609 758.227 -145.128 813.586 4
1268 -7.22612 559.556 -542.919 554.528 2
1269 -75.8609 758.227 -145.128 813.586 4
1270 RANDOM
1271 -58.1353 598.961 -487.571 600.922 4
1272 -112.443 640.493 -431.642 650.458 4
1273 -176.258 682.306 -359.562 692.952 4
1274 617.11 666.672 -1371.81 458.782 2
1275 11.4091 702.104 -367.627 638.546 2
1276 53.7436 673.196 -384.334 615.681 2
1277 RANDOM
1278 104.137 666.22 -407.762 611.396 2
1279 -75.8609 758.227 -145.128 813.586 4
1280 -7.22612 559.556 -542.919 554.528 2
1281 -75.8609 758.227 -145.128 813.586 4
1282 -7.22612 559.556 -542.919 554.528 2
1283 RANDOM
1284 -21.2847 756.073 -140.385 794.711 4
1285 RANDOM
1286 -7.22612 559.556 -542.919 554.528 2
1287 -75.8609 758.227 -145.128 813.586 4
1288 -7.22612 559.556 -542.919 554.528 2
1289 -75.8609 758.227 -145.128 813.586 4
1290 -7.22612 559.556 -542.919 554.528 2
1291 -75.8609 758.227 -145.128 813.586 4
1292 -7.22612 559.556 -542.919 554.528 2
1293 -75.8609 758.227 -145.128 813.586 4
1294 -7.22612 559.556 -542.919 554.528 2
1295 -75.8609 758.227 -145.128 813.586 4
1296 -7.22612 559.556 -542.919 554.528 2
1297 -75.8609 758.227 -145.128 813.586 4
1298 -7.22612 559.556 -542.919 554.528 2
1299 -75.8609 758.227 -145.128 813.586 4
1300 -7.22612 559.556 -542.919 554.528 2
1301 -75.8609 758.227 -145.128 813.586 4
1302 -7.22612 559.556 -542.919 554.528 2
1303 -75.8609 758.227 -145.128 813.586 4
1304 -7.22612 559.556 -542.919 554.528 2
1305 -75.8609 758.227 -145.128 813.586 4
1306 -7.22612 559.556 -542.919 554.528 2
1307 -75.8609 758.227 -145.128 813.586 4
1308 -7.22612 559.556 -542.919 554.528 2
1309 -75.8609 758.227 -145.128 813.586 4
1310 -7.22612 559.556 -542.919 554.528 2
1311 RANDOM
1312 -21.2847 756.073 -140.385 794.711 4
1313 -246.314 869.507 -58.8422 997.343 4
1314 -7.22612 559.556 -542.919 554.528 2
1315 -75.8609 758.227 -145.128 813.586 4
1316 -7.22612 559.556 -542.919 554.528 2
1317 -75.8609 758.227 -145.128 813.586 4
1318 -7.22612 559.556 -542.919 554.528 2
1319 -75.8609 758.227 -145.128 813.586 4
1320 -7.22612 559.556 -542.919 554.528 2
1321 -75.8609 758.227 -145.128 813.586 4
1322 -7.22612 559.556 -542.919 554.528 2
1323 -75.8609 758.227 -145.128 813.586 4
1324 -7.22612 559.556 -542.919 554.528 2
1325 -75.8609 758.227 -145.128 813.586 4
1326 -7.22612 559.556 -542.919 554.528 2
1327 -75.8609 758.227 -145.128 813.586 4
1328 -7.22612 559.556 -542.919 554.528 2
1329 -75.8609 758.227 -145.128 813.586 4
1330 -7.22612 559.556 -542.919 554.528 2
1331 -75.8609 758.227 -145.128 813.586 4
1332 -7.22612 559.556 -542.919 554.528 2
1333 -75.8609 758.227 -145.128 813.586 4
1334 -7.22612 559.556 -542.919 554.528 2
1335 -75.8609 758.227 -145.128 813.586 4
1336 -7.22612 559.556 -542.919 554.528 2
1337 -75.8609 758.227 -145.128 813.586 4
1338 -7.22612 559.556 -542.919 554.528 2
1339 -75.8609 758.227 -145.128 813.586 4
1340 -7.22612 559.556 -542.919 554.528 2
1341 -75.8609 758.227 -145.128 813.586 4
1342 -7.22612 559.556 -542.919 554.528 2
1343 -75.8609 758.227 -145.128 813.586 4
1344 -7.22612 559.556 -542.919 554.528 2
1345 -75.8609 758.227 -145.128 813.586 4
1346 RANDOM
1347 -58.1353 598.961 -487.571 600.922 4
1348 -112.443 640.493 -431.642 650.458 4
1349 RANDOM
1350 617.11 666.672 -1371.81 458.782 2
1351 11.4091 702.104 -367.627 638.546 2
1352 53.7436 673.196 -384.334 615.681 2
1353 82.6025 661.688 -399.952 608.352 2
1354 104.137 666.22 -407.762 611.396 2
1355 -75.8609 758.227 -145.128 813.586 4
1356 -7.22612 559.556 -542.919 554.528 2
1357 -75.8609 758.227 -145.128 813.586 4
1358 -7.22612 559.556 -542.919 554.528 2
1359 -75.8609 758.227 -145.128 813.586 4
1360 -7.22612 559.556 -542.919 554.528 2
1361 -75.8609 758.227 -145.128 813.586 4
1362 RANDOM
1363 -58.1353 598.961 -487.571 600.922 4
1364 -112.443 640.493 -431.642 650.458 4
1365 -176.258 682.306 -359.562 692.952 4
1366 617.11 666.672 -1371.81 458.782 2
1367 11.4091 702.104 -367.627 638.546 2
1368 53.7436 673.196 -384.334 615.681 2
1369 82.6025 661.688 -399.952 608.352 2
1370 104.137 666.22 -407.762 611.396 2
1371 -75.8609 758.227 -145.128 813.586 4
1372 -7.22612 559.556 -542.919 554.528 2
1373 -75.8609 758.227 -145.128 813.586 4
1374 -7.22612 559.556 -542.919 554.528 2
1375 -75.8609 758.227 -145.128 813.586 4
1376 -7.22612 559.556 -542.919 554.528 2
1377 -75.8609 758.227 -145.128 813.586 4
1378 -7.22612 559.556 -542.919 554.528 2
1379 -75.8609 758.227 -145.128 813.586 4
1380 -7.22612 559.556 -542.919 554.528 2
1381 -75.8609 758.227 -145.128 813.586 4
1382 -7.22612 559.556 -542.919 554.528 2
1383 -75.8609 758.227 -145.128 813.586 4
1384 -7.22612 559.556 -542.919 554.528 2
1385 -75.8609 758.227 -145.128 813.586 4
1386 -7.22612 559.556 -542.919 554.528 2
1387 -75.8609 758.227 -145.128 813.586 4
1388 -7.22612 559.556 -542.919 554.528 2
1389 -75.8609 758.227 -145.128 813.586 4
1390 -7.22612 559.556 -542.919 554.528 2
1391 -75.8609 758.227 -145.128 813.586 4
1392 -7.22612 559.556 -542.919 554.528 2
1393 -75.8609 758.227 -145.128 813.586 4
1394 -7.22612 559.556 -542.919 554.528 2
1395 -75.8609 758.227 -145.128 813.586 4
1396 -7.22612 559.556 -542.919 554.528 2
1397 -75.8609 758.227 -145.128 813.586 4
1398 -7.22612 559.556 -542.919 554.528 2
1399 -75.8609 758.227 -145.128 813.586 4
1400 -7.22612 559.556 -542.919 554.528 2
1401 -75.8609 758.227 -145.128 813.586 4
1402 -7.22612 559.556 -542.919 554.528 2
1403 -75.8609 758.227 -145.128 813.586 4
1404 -7.22612 559.556 -542.919 554.528 2
1405 -75.8609 758.227 -145.128 813.586 4
1406 -7.22612 559.556 -542.919 554.528 2
1407 -75.8609 758.227 -145.128 813.586 4
1408 -7.22612 559.556 -542.919 554.528 2
1409 -75.8609 758.227 -145.128 813.586 4
1410 -7.22612 559.556 -542.919 554.528 2
1411 -75.8609 758.227 -145.128 813.586 4
1412 -7.22612 559.556 -542.919 554.528 2
1413 -75.8609 758.227 -145.128 813.586 4
1414 -7.22612 559.556 -542.919 554.528 2
1415 -75.8609 758.227 -145.128 813.586 4
1416 -7.22612 559.556 -542.919 554.528 2
1417 -75.8609 758.227 -145.128 813.586 4
1418 -7.22612 559.556 -542.919 554.528 2
1419 -75.8609 758.227 -145.128 813.586 4
1420 -7.22612 559.556 -542.919 554.528 2
1421 -75.8609 758.227 -145.128 813.586 4
1422 -7.22612 559.556 -542.919 554.528 2
1423 -75.8609 758.227 -145.128 813.586 4
1424 -7.22612 559.556 -542.919 554.528 2
1425 -75.8609 758.227 -145.128 813.586 4
1426 -7.22612 559.556 -542.919 554.528 2
1427 -75.8609 758.227 -145.128 813.586 4
1428 -7.22612 559.556 -542.919 554.528 2
1429 -75.8609 758.227 -145.128 813.586 4
1430 -7.22612 559.556 -542.919 554.528 2
1431 -75.8609 758.227 -145.128 813.586 4
1432 -7.22612 559.556 -542.919 554.528 2
1433 -75.8609 758.227 -145.128 813.586 4
1434 -7.22612 559.556 -542.919 554.528 2
1435 -75.8609 758.227 -145.128 813.586 4
1436 -7.22612 559.556 -542.919 554.528 2
1437 -75.8609 758.227 -145.128 813.586 4
1438 -7.22612 559.556 -542.919 554.528 2
1439 -75.8609 758.227 -145.128 813.586 4
1440 -7.22612 559.556 -542.919 554.528 2
1441 RANDOM
1442 -21.2847 756.073 -140.385 794.711 4
1443 -246.314 869.507 -58.8422 997.343 4
1444 -7.22612 559.556 -542.919 554.528 2
1445 -75.8609 758.227 -145.128 813.586 4
1446 -7.22612 559.556 -542.919 554.528 2
1447 RANDOM
1448 RANDOM
1449 -9.57671 781.615 -102.16 808.004 4
1450 -181.84 805.093 -87.0243 900.139 4
1451 -246.314 869.507 -58.8422 997.343 4
1452 -7.22612 559.556 -542.919 554.528 2
1453 -75.8609 758.227 -145.128 813.586 4
1454 -7.22612 559.556 -542.919 554.528 2
1455 -75.8609 758.227 -145.128 813.586 4
1456 -7.22612 559.556 -542.919 554.528 2
1457 -75.8609 758.227 -145.128 813.586 4
1458 -7.22612 559.556 -542.919 554.528 2
1459 -75.8609 758.227 -145.128 813.586 4
1460 -7.22612 559.556 -542.919 554.528 2
1461 -75.8609 758.227 -145.128 813.586 4
1462 -7.22612 559.556 -542.919 554.528 2
1463 -75.8609 758.227 -145.128 813.586 4
1464 -7.22612 559.556 -542.919 554.528 2
1465 -75.8609 758.227 -145.128 813.586 4
1466 -7.22612 559.556 -542.919 554.528 2
1467 -75.8609 758.227 -145.128 813.586 4
1468 -7.22612 559.556 -542.919 554.528 2
1469 -75.8609 758.227 -145.128 813.586 4
1470 -7.22612 559.556 -542.919 554.528 2
1471 -75.8609 758.227 -145.128 813.586 4
1472 -7.22612 559.556 -542.919 554.528 2
1473 -75.8609 758.227 -145.128 813.586 4
1474 -7.22612 559.556 -542.919 554.528 2
1475 -75.8609 758.227 -145.128 813.586 4
1476 -7.22612 559.556 -542.919 554.528 2
1477 -75.8609 758.227 -145.128 813.586 4
1478 -7.22612 559.556 -542.919 554.528 2
1479 -75.8609 758.227 -145.128 813.586 4
1480 -7.22612 559.556 -542.919 554.528 2
1481 -75.8609 758.227 -145.128 813.586 4
1482 RANDOM
1483 -58.1353 598.961 -487.571 600.922 4
1484 -112.443 640.493 -431.642 650.458 4
1485 -176.258 682.306 -359.562 692.952 4
1486 617.11 666.672 -1371.81 458.782 2
1487 11.4091 702.104 -367.627 638.546 2
1488 53.7436 673.196 -384.334 615.681 2
1489 82.6025 661.688 -399.952 608.352 2
1490 104.137 666.22 -407.762 611.396 2
1491 -75.8609 758.227 -145.128 813.586 4
1492 -7.22612 559.556 -542.919 554.528 2
1493 -75.8609 758.227 -145.128 813.586 4
1494 -7.22612 559.556 -542.919 554.528 2
1495 -75.8609 758.227 -145.128 813.586 4
1496 -7.22612 559.556 -542.919 554.528 2
1497 RANDOM
1498 -21.2847 756.073 -140.385 794.711 4
1499 -246.314 869.507 -58.8422 997.343 4
1500 -7.22612 559.556 -542.919 554.528 2
1501 -75.8609 758.227 -145.128 813.586 4
1502 -7.22612 559.556 -542.919 554.528 2
1503 -75.8609 758.227 -145.128 813.586 4
1504 -7.22612 559.556 -542.919 554.528 2
1505 -75.8609 758.227 -145.128 813.586 4
1506 -7.22612 559.556 -542.919 554.528 2
1507 -75.8609 758.227 -145.128 813.586 4
1508 -7.22612 559.556 -542.919 554.528 2
1509 -75.8609 758.227 -145.128 813.586 4
1510 RANDOM
1511 -58.1353 598.961 -487.571 600.922 4
1512 -112.443 640.493 -431.642 650.458 4
1513 -176.258 682.306 -359.562 692.952 4
1514 617.11 666.672 -1371.81 458.782 2
1515 11.4091 702.104 -367.627 638.546 2
1516 53.7436 673.196 -384.334 615.681 2
1517 82.6025 661.688 -399.952 608.352 2
1518 104.137 666.22 -407.762 611.396 2
1519 -75.8609 758.227 -145.128 813.586 4
1520 -7.22612 559.556 -542.919 554.528 2
1521 -75.8609 758.227 -145.128 813.586 4
1522 -7.22612 559.556 -542.919 554.528 2
1523 -75.8609 758.227 -145.128 813.586 4
1524 -7.22612 559.556 -542.919 554.528 2
1525 -75.8609 758.227 -145.128 813.586 4
1526 -7.22612 559.556 -542.919 554.528 2
1527 -75.8609 758.227 -145.128 813.586 4
1528 -7.22612 559.556 -542.919 554.528 2
1529 -75.8609 758.227 -145.128 813.586 4
1530 RANDOM
1531 -58.1353 598.961 -487.571 600.922 4
1532 -112.443 640.493 -431.642 650.458 4
1533 -176.258 682.306 -359.562 692.952 4
1534 617.11 666.672 -1371.81 458.782 2
1535 11.4091 702.104 -367.627 638.546 2
1536 53.7436 673.196 -384.334 615.681 2
1537 RANDOM
1538 104.137 666.22 -407.762 611.396 2
1539 -75.8609 758.227 -145.128 813.586 4
1540 -7.22612 559.556 -542.919 554.528 2
1541 -75.8609 758.227 -145.128 813.586 4
1542 -7.22612 559.556 -542.919 554.528 2
1543 -75.8609 758.227 -145.128 813.586 4
1544 -7.22612 559.556 -542.919 554.528 2
1545 RANDOM
1546 -21.2847 756.073 -140.385 794.711 4
1547 -246.314 869.507 -58.8422 997.343 4
1548 -7.22612 559.556 -542.919 554.528 2
1549 -75.8609 758.227 -145.128 813.586 4
1550 -7.22612 559.556 -542.919 554.528 2
1551 -75.8609 758.227 -145.128 813.586 4
1552 -7.22612 559.556 -542.919 554.528 2
1553 -75.8609 758.227 -145.128 813.586 4
1554 -7.22612 559.556 -542.919 554.528 2
1555 -75.8609 758.227 -145.128 813.586 4
1556 -7.22612 559.556 -542.919 554.528 2
1557 -75.8609 758.227 -145.128 813.586 4
1558 -7.22612 559.556 -542.919 554.528 2
1559 -75.8609 758.227 -145.128 813.586 4
1560 -7.22612 559.556 -542.919 554.528 2
1561 -75.8609 758.227 -145.128 813.586 4
1562 -7.22612 559.556 -542.919 554.528 2
1563 -75.8609 758.227 -145.128 813.586 4
1564 RANDOM
1565 -58.1353 598.961 -487.571 600.922 4
1566 -112.443 640.493 -431.642 650.458 4
1567 -176.258 682.306 -359.562 692.952 4
1568 617.11 666.672 -1371.81 458.782 2
1569 11.4091 702.104 -367.627 638.546 2
1570 53.7436 673.196 -384.334 615.681 2
1571 82.6025 661.688 -399.952 608.352 2
1572 104.137 666.22 -407.762 611.396 2
1573 -75.8609 758.227 -145.128 813.586 4
1574 -7.22612 559.556 -542.919 554.528 2
1575 -75.8609 758.227 -145.128 813.586 4
1576 -7.22612 559.556 -542.919 554.528 2
1577 -75.8609 758.227 -145.128 813.586 4
1578 -7.22612 559.556 -542.919 554.528 2
1579 -75.8609 758.227 -145.128 813.586 4
1580 -7.22612 559.556 -542.919 554.528 2
1581 -75.8609 758.227 -145.128 813.586 4
1582 -7.22612 559.556 -542.919 554.528 2
1583 -75.8609 758.227 -145.128 813.586 4
1584 -7.22612 559.556 -542.919 554.528 2
1585 -75.8609 758.227 -145.128 813.586 4
1586 -7.22612 559.556 -542.919 554.528 2
1587 -75.8609 758.227 -145.128 813.586 4
1588 -7.22612 559.556 -542.919 554.528 2
1589 -75.8609 758.227 -145.128 813.586 4
1590 -7.22612 559.556 -542.919 554.528 2
1591 -75.8609 758.227 -145.128 813.586 4
1592 -7.22612 559.556 -542.919 554.528 2
1593 -75.8609 758.227 -145.128 813.586 4
1594 -7.22612 559.556 -542.919 554.528 2
1595 -75.8609 758.227 -145.128 813.586 4
1596 -7.22612 559.556 -542.919 554.528 2
1597 -75.8609 758.227 -145.128 813.586 4
1598 -7.22612 559.556 -542.919 554.528 2
1599 -75.8609 758.227 -145.128 813.586 4
1600 -7.22612 559.556 -542.919 554.528 2
1601 -75.8609 758.227 -145.128 813.586 4
1602 -7.22612 559.556 -542.919 554.528 2
1603 -75.8609 758.227 -145.128 813.586 4
1604 -7.22612 559.556 -542.919 554.528 2
1605 -75.8609 758.227 -145.128 813.586 4
1606 -7.22612 559.556 -542.919 554.528 2
1607 -75.8609 758.227 -145.128 813.586 4
1608 -7.22612 559.556 -542.919 554.528 2
1609 -75.8609 758.227 -145.128 813.586 4
1610 -7.22612 559.556 -542.919 554.528 2
1611 -75.8609 758.227 -145.128 813.586 4
1612 -7.22612 559.556 -542.919 554.528 2
1613 RANDOM
1614 -21.2847 756.073 -140.385 794.711 4
1615 -246.314 869.507 -58.8422 997.343 4
1616 -7.22612 559.556 -542.919 554.528 2
1617 -75.8609 758.227 -145.128 813.586 4
1618 -7.22612 559.556 -542.919 554.528 2
1619 RANDOM
1620 -21.2847 756.073 -140.385 794.711 4
1621 -246.314 869.507 -58.8422 997.343 4
1622 RANDOM
1623 -58.1353 598.961 -487.571 600.922 4
1624 -112.443 640.493 -431.642 650.458 4
1625 -176.258 682.306 -359.562 692.952 4
1626 617.11 666.672 -1371.81 458.782 2
1627 11.4091 702.104 -367.627 638.546 2
1628 53.7436 673.196 -384.334 615.681 2
1629 82.6025 661.688 -399.952 608.352 2
1630 104.137 666.22 -407.762 611.396 2
1631 -75.8609 758.227 -145.128 813.586 4
1632 -7.22612 559.556 -542.919 554.528 2
1633 -75.8609 758.227 -145.128 813.586 4
1634 -7.22612 559.556 -542.919 554.528 2
1635 -75.8609 758.227 -145.128 813.586 4
1636 -7.22612 559.556 -542.919 554.528 2
1637 -75.8609 758.227 -145.128 813.586 4
1638 -7.22612 559.556 -542.919 554.528 2
1639 -75.8609 758.227 -145.128 813.586 4
1640 -7.22612 559.556 -542.919 554.528 2
1641 -75.8609 758.227 -145.128 813.586 4
1642 -7.22612 559.556 -542.919 554.528 2
1643 -75.8609 758.227 -145.128 813.586 4
1644 -7.22612 559.556 -542.919 554.528 2
1645 -75.8609 758.227 -145.128 813.586 4
1646 -7.22612 559.556 -542.919 554.528 2
1647 -75.8609 758.227 -145.128 813.586 4
1648 -7.22612 559.556 -542.919 554.528 2
1649 -75.8609 758.227 -145.128 813.586 4
1650 -7.22612 559.556 -542.919 554.528 2
1651 -75.8609 758.227 -145.128 813.586 4
1652 -7.22612 559.556 -542.919 554.528 2
1653 -75.8609 758.227 -145.128 813.586 4
1654 -7.22612 559.556 -542.919 554.528 2
1655 -75.8609 758.227 -145.128 813.586 4
1656 -7.22612 559.556 -542.919 554.528 2
1657 -75.8609 758.227 -145.128 813.586 4
1658 -7.22612 559.556 -542.919 554.528 2
1659 -75.8609 758.227 -145.128 813.586 4
1660 -7.22612 559.556 -542.919 554.528 2
1661 -75.8609 758.227 -145.128 813.586 4
1662 -7.22612 559.556 -542.919 554.528 2
1663 -75.8609 758.227 -145.128 813.586 4
1664 -7.22612 559.556 -542.919 554.528 2
1665 -75.8609 758.227 -145.128 813.586 4
1666 -7.22612 559.556 -542.919 554.528 2
1667 -75.8609 758.227 -145.128 813.586 4
1668 RANDOM
1669 -58.1353 598.961 -487.571 600.922 4
1670 -112.443 640.493 -431.642 650.458 4
1671 -176.258 682.306 -359.562 692.952 4
1672 617.11 666.672 -1371.81 458.782 2
1673 11.4091 702.104 -367.627 638.546 2
1674 53.7436 673.196 -384.334 615.681 2
1675 82.6025 661.688 -399.952 608.352 2
1676 104.137 666.22 -407.762 611.396 2
1677 -75.8609 758.227 -145.128 813.586 4
1678 -7.22612 559.556 -542.919 554.528 2
1679 -75.8609 758.227 -145.128 813.586 4
1680 -7.22612 559.556 -542.919 554.528 2
1681 -75.8609 758.227 -145.128 813.586 4
1682 -7.22612 559.556 -542.919 554.528 2
1683 -75.8609 758.227 -145.128 813.586 4
1684 -7.22612 559.556 -542.919 554.528 2
1685 -75.8609 758.227 -145.128 813.586 4
1686 RANDOM
1687 -58.1353 598.961 -487.571 600.922 4
1688 -112.443 640.493 -431.642 650.458 4
1689 -176.258 682.306 -359.562 692.952 4
1690 617.11 666.672 -1371.81 458.782 2
1691 11.4091 702.104 -367.627 638.546 2
1692 53.7436 673.196 -384.334 615.681 2
1693 82.6025 661.688 -399.952 608.352 2
1694 104.137 666.22 -407.762 611.396 2
1695 -75.8609 758.227 -145.128 813.586 4
1696 RANDOM
1697 -58.1353 598.961 -487.571 600.922 4
1698 -112.443 640.493 -431.642 650.458 4
1699 -176.258 682.306 -359.562 692.952 4
1700 617.11 666.672 -1371.81 458.782 2
1701 11.4091 702.104 -367.627 638.546 2
1702 53.7436 673.196 -384.334 615.681 2
1703 82.6025 661.688 -399.952 608.352 2
1704 104.137 666.22 -407.762 611.396 2
1705 -75.8609 758.227 -145.128 813.586 4
1706 -7.22612 559.556 -542.919 554.528 2
1707 -75.8609 758.227 -145.128 813.586 4
1708 -7.22612 559.556 -542.919 554.528 2
1709 -75.8609 758.227 -145.128 813.586 4
1710 -7.22612 559.556 -542.919 554.528 2
1711 -75.8609 758.227 -145.128 813.586 4
1712 -7.22612 559.556 -542.919 554.528 2
1713 -75.8609 758.227 -145.128 813.586 4
1714 -7.22612 559.556 -542.919 554.528 2
1715 -75.8609 758.227 -145.128 813.586 4
1716 -7.22612 559.556 -542.919 554.528 2
1717 -75.8609 758.227 -145.128 813.586 4
1718 -7.22612 559.556 -542.919 554.528 2
1719 -75.8609 758.227 -145.128 813.586 4
1720 -7.22612 559.556 -542.919 554.528 2
1721 -75.8609 758.227 -145.128 813.586 4
1722 -7.22612 559.556 -542.919 554.528 2
1723 -75.8609 758.227 -145.128 813.586 4
1724 -7.22612 559.556 -542.919 554.528 2
1725 -75.8609 758.227 -145.128 813.586 4
1726 -7.22612 559.556 -542.919 554.528 2
1727 -75.8609 758.227 -145.128 813.586 4
1728 -7.22612 559.556 -542.919 554.528 2
1729 -75.8609 758.227 -145.128 813.586 4
1730 RANDOM
1731 -58.1353 598.961 -487.571 600.922 4
1732 -112.443 640.493 -431.642 650.458 4
1733 -176.258 682.306 -359.562 692.952 4
1734 617.11 666.672 -1371.81 458.782 2
1735 11.4091 702.104 -367.627 638.546 2
1736 53.7436 673.196 -384.334 615.681 2
1737 82.6025 661.688 -399.952 608.352 2
1738 104.137 666.22 -407.762 611.396 2
1739 -75.8609 758.227 -145.128 813.586 4
1740 -7.22612 559.556 -542.919 554.528 2
1741 -75.8609 758.227 -145.128 813.586 4
1742 -7.22612 559.556 -542.919 554.528 2
1743 -75.8609 758.227 -145.128 813.586 4
1744 -7.22612 559.556 -542.919 554.528 2
1745 -75.8609 758.227 -145.128 813.586 4
1746 -7.22612 559.556 -542.919 554.528 2
1747 -75.8609 758.227 -145.128 813.586 4
1748 -7.22612 559.556 -542.919 554.528 2
1749 -75.8609 758.227 -145.128 813.586 4
1750 -7.22612 559.556 -542.919 554.528 2
1751 -75.8609 758.227 -145.128 813.586 4
1752 -7.22612 559.556 -542.919 554.528 2
1753 -75.8609 758.227 -145.128 813.586 4
1754 -7.22612 559.556 -542.919 554.528 2
1755 -75.8609 758.227 -145.128 813.586 4
1756 RANDOM
1757 -58.1353 598.961 -487.571 600.922 4
1758 -112.443 640.493 -431.642 650.458 4
1759 -176.258 682.306 -359.562 692.952 4
1760 617.11 666.672 -1371.81 458.782 2
1761 11.4091 702.104 -367.627 638.546 2
1762 53.7436 673.196 -384.334 615.681 2
1763 82.6025 661.688 -399.952 608.352 2
1764 104.137 666.22 -407.762 611.396 2
1765 -75.8609 758.227 -145.128 813.586 4
1766 -7.22612 559.556 -542.919 554.528 2
1767 -75.8609 758.227 -145.128 813.586 4
1768 -7.22612 559.556 -542.919 554.528 2
1769 -75.8609 758.227 -145.128 813.586 4
1770 -7.22612 559.556 -542.919 554.528 2
1771 -75.8609 758.227 -145.128 813.586 4
1772 -7.22612 559.556 -542.919 554.528 2
1773 -75.8609 758.227 -145.128 813.586 4
1774 -7.22612 559.556 -542.919 554.528 2
1775 -75.8609 758.227 -145.128 813.586 4
1776 -7.22612 559.556 -542.919 554.528 2
1777 -75.8609 758.227 -145.128 813.586 4
1778 -7.22612 559.556 -542.919 554.528 2
1779 -75.8609 758.227 -145.128 813.586 4
1780 -7.22612 559.556 -542.919 554.528 2
1781 -75.8609 758.227 -145.128 813.586 4
1782 -7.22612 559.556 -542.919 554.528 2
1783 -75.8609 758.227 -145.128 813.586 4
1784 -7.22612 559.556 -542.919 554.528 2
1785 -75.8609 758.227 -145.128 813.586 4
1786 -7.22612 559.556 -542.919 554.528 2
1787 -75.8609 758.227 -145.128 813.586 4
1788 -7.22612 559.556 -542.919 554.528 2
1789 -75.8609 758.227 -145.128 813.586 4
1790 -7.22612 559.556 -542.919 554.528 2
1791 -75.8609 758.227 -145.128 813.586 4
1792 -7.22612 559.556 -542.919 554.528 2
1793 -75.8609 758.227 -145.128 813.586 4
1794 -7.22612 559.556 -542.919 554.528 2
1795 -75.8609 758.227 -145.128 813.586 4
1796 -7.22612 559.556 -542.919 554.528 2
1797 -75.8609 758.227 -145.128 813.586 4
1798 -7.22612 559.556 -542.919 554.528 2
1799 -75.8609 758.227 -145.128 813.586 4
1800 -7.22612 559.556 -542.919 554.528 2
1801 -75.8609 758.227 -145.128 813.586 4
1802 -7.22612 559.556 -542.919 554.528 2
1803 -75.8609 758.227 -145.128 813.586 4
1804 -7.22612 559.556 -542.919 554.528 2
1805 -75.8609 758.227 -145.128 813.586 4
1806 -7.22612 559.556 -542.919 554.528 2
1807 -75.8609 758.227 -145.128 813.586 4
1808 -7.22612 559.556 -542.919 554.528 2
1809 -75.8609 758.227 -145.128 813.586 4
1810 -7.22612 559.556 -542.919 554.528 2
1811 -75.8609 758.227 -145.128 813.586 4
1812 -7.22612 559.556 -542.919 554.528 2
1813 -75.8609 758.227 -145.128 813.586 4
1814 -7.22612 559.556 -542.919 554.528 2
1815 -75.8609 758.227 -145.128 813.586 4
1816 -7.22612 559.556 -542.919 554.528 2
1817 -75.8609 758.227 -145.128 813.586 4
1818 -7.22612 559.556 -542.919 554.528 2
1819 -75.8609 758.227 -145.128 813.586 4
1820 -7.22612 559.556 -542.919 554.528 2
1821 -75.8609 758.227 -145.128 813.586 4
1822 -7.22612 559.556 -542.919 554.528 2
1823 -75.8609 758.227 -145.128 813.586 4
1824 -7.22612 559.556 -542.919 554.528 2
1825 -75.8609 758.227 -145.128 813.586 4
1826 -7.22612 559.556 -542.919 554.528 2
1827 RANDOM
1828 -21.2847 756.073 -140.385 794.711 4
1829 -246.314 869.507 -58.8422 997.343 4
1830 -7.22612 559.556 -542.919 554.528 2
1831 -75.8609 758.227 -145.128 813.586 4
1832 RANDOM
1833 -58.1353 598.961 -487.571 600.922 4
1834 -112.443 640.493 -431.642 650.458 4
1835 -176.258 682.306 -359.562 692.952 4
1836 617.11 666.672 -1371.81 458.782 2
1837 11.4091 702.104 -367.627 638.546 2
1838 53.7436 673.196 -384.334 615.681 2
1839 82.6025 661.688 -399.952 608.352 2
1840 104.137 666.22 -407.762 611.396 2
1841 -75.8609 758.227 -145.128 813.586 4
1842 -7.22612 559.556 -542.919 554.528 2
1843 -75.8609 758.227 -145.128 813.586 4
1844 -7.22612 559.556 -542.919 554.528 2
1845 -75.8609 758.227 -145.128 813.586 4
1846 RANDOM
1847 RANDOM
1848 -112.443 640.493 -431.642 650.458 4
1849 -176.258 682.306 -359.562 692.952 4
1850 617.11 666.672 -1371.81 458.782 2
1851 11.4091 702.104 -367.627 638.546 2
1852 53.7436 673.196 -384.334 615.681 2
1853 82.6025 661.688 -399.952 608.352 2
1854 104.137 666.22 -407.762 611.396 2
1855 -75.8609 758.227 -145.128 813.586 4
1856 -7.22612 559.556 -542.919 554.528 2
1857 -75.8609 758.227 -145.128 813.586 4
1858 -7.22612 559.556 -542.919 554.528 2
1859 -75.8609 758.227 -145.128 813.586 4
1860 -7.22612 559.556 -542.919 554.528 2
1861 RANDOM
1862 -21.2847 756.073 -140.385 794.711 4
1863 -246.314 869.507 -58.8422 997.343 4
1864 -7.22612 559.556 -542.919 554.528 2
1865 -75.8609 758.227 -145.128 813.586 4
1866 -7.22612 559.556 -542.919 554.528 2
1867 -75.8609 758.227 -145.128 813.586 4
1868 -7.22612 559.556 -542.919 554.528 2
1869 -75.8609 758.227 -145.128 813.586 4
1870 -7.22612 559.556 -542.919 554.528 2
1871 -75.8609 758.227 -145.128 813.586 4
1872 -7.22612 559.556 -542.919 554.528 2
1873 -75.8609 758.227 -145.128 813.586 4
1874 -7.22612 559.556 -542.919 554.528 2
1875 -75.8609 758.227 -145.128 813.586 4
1876 -7.22612 559.556 -542.919 554.528 2
1877 -75.8609 758.227 -145.128 813.586 4
1878 -7.22612 559.556 -542.919 554.528 2
1879 -75.8609 758.227 -145.128 813.586 4
1880 -7.22612 559.556 -542.919 554.528 2
1881 -75.8609 758.227 -145.128 813.586 4
1882 -7.22612 559.556 -542.919 554.528 2
1883 -75.8609 758.227 -145.128 813.586 4
1884 -7.22612 559.556 -542.919 554.528 2
1885 -75.8609 758.227 -145.128 813.586 4
1886 -7.22612 559.556 -542.919 554.528 2
1887 -75.8609 758.227 -145.128 813.586 4
1888 -7.22612 559.556 -542.919 554.528 2
1889 -75.8609 758.227 -145.128 813.586 4
1890 -7.22612 559.556 -542.919 554.528 2
1891 -75.8609 758.227 -145.128 813.586 4
1892 -7.22612 559.556 -542.919 554.528 2
1893 RANDOM
1894 -21.2847 756.073 -140.385 794.711 4
1895 -246.314 869.507 -58.8422 997.343 4
1896 -7.22612 559.556 -542.919 554.528 2
1897 -75.8609 758.227 -145.128 813.586 4
1898 -7.22612 559.556 -542.919 554.528 2
1899 -75.8609 758.227 -145.128 813.586 4
1900 -7.22612 559.556 -542.919 554.528 2
1901 RANDOM
1902 -21.2847 756.073 -140.385 794.711 4
1903 -246.314 869.507 -58.8422 997.343 4
1904 -7.22612 559.556 -542.919 554.528 2
1905 -75.8609 758.227 -145.128 813.586 4
1906 -7.22612 559.556 -542.919 554.528 2
1907 -75.8609 758.227 -145.128 813.586 4
1908 -7.22612 559.556 -542.919 554.528 2
1909 -75.8609 758.227 -145.128 813.586 4
1910 -7.22612 559.556 -542.919 554.528 2
1911 -75.8609 758.227 -145.128 813.586 4
1912 RANDOM
1913 RANDOM
1914 -112.443 640.493 -431.642 650.458 4
1915 -176.258 682.306 -359.562 692.952 4
1916 617.11 666.672 -1371.81 458.782 2
1917 11.4091 702.104 -367.627 638.546 2
1918 53.7436 673.196 -384.334 615.681 2
1919 82.6025 661.688 -399.952 608.352 2
1920 104.137 666.22 -407.762 611.396 2
1921 -75.8609 758.227 -145.128 813.586 4
1922 -7.22612 559.556 -542.919 554.528 2
1923 -75.8609 758.227 -145.128 813.586 4
1924 -7.22612 559.556 -542.919 554.528 2
1925 -75.8609 758.227 -145.128 813.586 4
1926 -7.22612 559.556 -542.919 554.528 2
1927 -75.8609 758.227 -145.128 813.586 4
1928 -7.22612 559.556 -542.919 554.528 2
1929 -75.8609 758.227 -145.128 813.586 4
1930 -7.22612 559.556 -542.919 554.528 2
1931 -75.8609 758.227 -145.128 813.586 4
1932 -7.22612 559.556 -542.919 554.528 2
1933 -75.8609 758.227 -145.128 813.586 4
1934 -7.22612 559.556 -542.919 554.528 2
1935 -75.8609 758.227 -145.128 813.586 4
1936 -7.22612 559.556 -542.919 554.528 2
1937 -75.8609 758.227 -145.128 813.586 4
1938 -7.22612 559.556 -542.919 554.528 2
1939 -75.8609 758.227 -145.128 813.586 4
1940 -7.22612 559.556 -542.919 554.528 2
1941 -75.8609 758.227 -145.128 813.586 4
1942 -7.22612 559.556 -542.919 554.528 2
1943 -75.8609 758.227 -145.128 813.586 4
1944 -7.22612 559.556 -542.919 554.528 2
1945 -75.8609 758.227 -145.128 813.586 4
1946 -7.22612 559.556 -542.919 554.528 2
1947 -75.8609 758.227 -145.128 813.586 4
1948 -7.22612 559.556 -542.919 554.528 2
1949 -75.8609 758.227 -145.128 813.586 4
1950 -7.22612 559.556 -542.919 554.528 2
1951 -75.8609 758.227 -145.128 813.586 4
1952 -7.22612 559.556 -542.919 554.528 2
1953 -75.8609 758.227 -145.128 813.586 4
1954 -7.22612 559.556 -542.919 554.528 2
1955 -75.8609 758.227 -145.128 813.586 4
1956 -7.22612 559.556 -542.919 554.528 2
1957 -75.8609 758.227 -145.128 813.586 4
1958 -7.22612 559.556 -542.919 554.528 2
1959 -75.8609 758.227 -145.128 813.586 4
1960 -7.22612 559.556 -542.919 554.528 2
1961 -75.8609 758.227 -145.128 813.586 4
1962 -7.22612 559.556 -542.919 554.528 2
1963 -75.8609 758.227 -145.128 813.586 4
1964 -7.22612 559.556 -542.919 554.528 2
1965 -75.8609 758.227 -145.128 813.586 4
1966 -7.22612 559.556 -542.919 554.528 2
1967 -75.8609 758.227 -145.128 813.586 4
1968 -7.22612 559.556 -542.919 554.528 2
1969 -75.8609 758.227 -145.128 813.586 4
1970 -7.22612 559.556 -542.919 554.528 2
1971 -75.8609 758.227 -145.128 813.586 4
1972 -7.22612 559.556 -542.919 554.528 2
1973 -75.8609 758.227 -145.128 813.586 4
1974 -7.22612 559.556 -542.919 554.528 2
1975 RANDOM
1976 -21.2847 756.073 -140.385 794.711 4
1977 -246.314 869.507 -58.8422 997.343 4
1978 -7.22612 559.556 -542.919 554.528 2
1979 -75.8609 758.227 -145.128 813.586 4
1980 -7.22612 559.556 -542.919 554.528 2
1981 -75.8609 758.227 -145.128 813.586 4
1982 -7.22612 559.556 -542.919 554.528 2
1983 -75.8609 758.227 -145.128 813.586 4
1984 -7.22612 559.556 -542.919 554.528 2
1985 -75.8609 758.227 -145.128 813.586 4
1986 -7.22612 559.556 -542.919 554.528 2
1987 -75.8609 758.227 -145.128 813.586 4
1988 -7.22612 559.556 -542.919 554.528 2
1989 -75.8609 758.227 -145.128 813.586 4
1990 -7.22612 559.556 -542.919 554.528 2
1991 -75.8609 758.227 -145.128 813.586 4
1992 -7.22612 559.556 -542.919 554.528 2
1993 -75.8609 758.227 -145.128 813.586 4
1994 RANDOM
1995 -58.1353 598.961 -487.571 600.922 4
1996 -112.443 640.493 -431.642 650.458 4
1997 -176.258 682.306 -359.562 692.952 4
1998 617.11 666.672 -1371.81 458.782 2
1999 11.4091 702.104 -367.627 638.546 2
2000 53.7436 673.196 -384.334 615.681 2
2001 82.6025 661.688 -399.952 608.352 2
2002 104.137 666.22 -407.762 611.396 2
2003 -75.8609 758.227 -145.128 813.586 4
2004 -7.22612 559.556 -542.919 554.528 2
2005 RANDOM
2006 -21.2847 756.073 -140.385 794.711 4
2007 -246.314 869.507 -58.8422 997.343 4
2008 -7.22612 559.556 -542.919 554.528 2
2009 -75.8609 758.227 -145.128 813.586 4
2010 RANDOM
2011 -58.1353 598.961 -487.571 600.922 4
2012 -112.443 640.493 -431.642 650.458 4
2013 -176.258 682.306 -359.562 692.952 4
2014 617.11 666.672 -1371.81 458.782 2
2015 11.4091 702.104 -367.627 638.546 2
2016 53.7436 673.196 -384.334 615.681 2
2017 82.6025 661.688 -399.952 608.352 2
2018 104.137 666.22 -407.762 611.396 2
2019 -75.8609 758.227 -145.128 813.586 4
2020 -7.22612 559.556 -542.919 554.528 2
2021 -75.8609 758.227 -145.128 813.586 4
2022 -7.22612 559.556 -542.919 554.528 2
2023 -75.8609 758.227 -145.128 813.586 4
2024 -7.22612 559.556 -542.919 554.528 2
2025 -75.8609 758.227 -145.128 813.586 4
2026 -7.22612 559.556 -542.919 554.528 2
2027 -75.8609 758.227 -145.128 813.586 4
2028 -7.22612 559.556 -542.919 554.528 2
2029 -75.8609 758.227 -145.128 813.586 4
2030 -7.22612 559.556 -542.919 554.528 2
2031 -75.8609 758.227 -145.128 813.586 4
2032 -7.22612 559.556 -542.919 554.528 2
2033 -75.8609 758.227 -145.128 813.586 4
2034 -7.22612 559.556 -542.919 554.528 2
2035 -75.8609 758.227 -145.128 813.586 4
2036 -7.22612 559.556 -542.919 554.528 2
2037 -75.8609 758.227 -145.128 813.586 4
2038 -7.22612 559.556 -542.919 554.528 2
2039 -75.8609 758.227 -145.128 813.586 4
2040 -7.22612 559.556 -542.919 554.528 2
2041 RANDOM
2042 -21.2847 756.073 -140.385 794.711 4
2043 -246.314 869.507 -58.8422 997.343 4
2044 -7.22612 559.556 -542.919 554.528 2
2045 -75.8609 758.227 -145.128 813.586 4
2046 -7.22612 559.556 -542.919 554.528 2
2047 -75.8609 758.227 -145.128 813.586 4
2048 -7.22612 559.556 -542.919 554.528 2
2049 -75.8609 758.227 -145.128 813.586 4
2050 -7.22612 559.556 -542.919 554.528 2
2051 -75.8609 758.227 -145.128 813.586 4
2052 -7.22612 559.556 -542.919 554.528 2
2053 -75.8609 758.227 -145.128 813.586 4
2054 -7.22612 559.556 -542.919 554.528 2
2055 -75.8609 758.227 -145.128 813.586 4
2056 -7.22612 559.556 -542.919 554.528 2
2057 -75.8609 758.227 -145.128 813.586 4
2058 RANDOM
2059 -58.1353 598.961 -487.571 600.922 4
2060 -112.443 640.493 -431.642 650.458 4
2061 -176.258 682.306 -359.562 692.952 4
2062 RANDOM
2063 573.784 469.845 -1387.85 257.773 1
2064 387.009 471.508 -1137.81 289.569 2
