0 -16.2372 25.4365 16.4236 27.4551 4
1 -16.2372 25.4365 16.4236 27.4551 4
2 -16.2372 25.4365 16.4236 27.4551 4
3 -16.2372 25.4365 16.4236 27.4551 4
4 -16.2372 25.4365 16.4236 27.4551 4
5 -16.2372 25.4365 16.4236 27.4551 4
6 -16.2372 25.4365 16.4236 27.4551 4
7 -16.2372 25.4365 16.4236 27.4551 4
8 -16.2372 25.4365 16.4236 27.4551 4
9 -16.2372 25.4365 16.4236 27.4551 4
10 -16.2372 25.4365 16.4236 27.4551 4
11 -16.2372 25.4365 16.4236 27.4551 4
12 -16.2372 25.4365 16.4236 27.4551 4
13 -16.2372 25.4365 16.4236 27.4551 4
14 -16.2372 25.4365 16.4236 27.4551 4
15 -16.2372 25.4365 16.4236 27.4551 4
16 -16.2372 25.4365 16.4236 27.4551 4
17 -16.2372 25.4365 16.4236 27.4551 4
18 -16.2372 25.4365 16.4236 27.4551 4
19 -16.2372 25.4365 16.4236 27.4551 4
20 -16.2372 25.4365 16.4236 27.4551 4
21 -16.2372 25.4365 16.4236 27.4551 4
22 -16.2372 25.4365 16.4236 27.4551 4
23 RANDOM
24 -16.2372 25.4365 16.4236 27.4551 4
25 -16.2372 25.4365 16.4236 27.4551 4
26 -16.2372 25.4365 16.4236 27.4551 4
27 -16.2372 25.4365 16.4236 27.4551 4
28 -16.2372 25.4365 16.4236 27.4551 4
29 -16.2372 25.4365 16.4236 27.4551 4
30 -16.2372 25.4365 16.4236 27.4551 4
31 -16.2372 25.4365 16.4236 27.4551 4
32 -16.2372 25.4365 16.4236 27.4551 4
33 -16.2372 25.4365 16.4236 27.4551 4
34 -16.2372 25.4365 16.4236 27.4551 4
35 RANDOM
36 RANDOM
37 -16.2372 25.4365 16.4236 27.4551 4
38 -16.2372 25.4365 16.4236 27.4551 4
39 -16.2372 25.4365 16.4236 27.4551 4
40 -16.2372 25.4365 16.4236 27.4551 4
41 -16.2372 25.4365 16.4236 27.4551 4
42 -5.6972 12.5122 -80.1937 17.7811 4
43 RANDOM
44 -1.24045 15.0024 -95.1412 20.1521 4
45 1.01967 15.0837 -105.158 19.1024 4
46 -11.6666 6.79934 -65.2553 11.3212 4
47 -11.6149 5.9528 -60.1975 10.4288 4
48 -10.3624 5.72568 -57.1988 10.3718 4
49 -8.28475 5.39831 -55.5297 9.83579 4
50 -4.06672 0.137746 -79.3399 -5.53574 2
51 -18.5559 0.652043 -9.78782 0.460367 2
52 -18.7988 -5.40249 -17.3497 -5.8164 2
53 -17.0877 -6.19211 -22.5828 -5.68224 4
54 -7.35145 2.36625 -58.0863 4.18899 4
55 -6.88688 0.682145 -56.3562 1.53735 4
56 -4.06672 0.137746 -79.3399 -5.53574 2
57 -18.5559 0.652043 -9.78782 0.460367 2
58 -18.7988 -5.40249 -17.3497 -5.8164 2
59 -17.0877 -6.19211 -22.5828 -5.68224 4
60 RANDOM
61 -6.88688 0.682145 -56.3562 1.53735 4
62 -4.06672 0.137746 -79.3399 -5.53574 2
63 -18.5559 0.652043 -9.78782 0.460367 2
64 -18.7988 -5.40249 -17.3497 -5.8164 2
65 -17.0877 -6.19211 -22.5828 -5.68224 4
66 -7.35145 2.36625 -58.0863 4.18899 4
67 -6.88688 0.682145 -56.3562 1.53735 4
68 -4.06672 0.137746 -79.3399 -5.53574 2
69 -18.5559 0.652043 -9.78782 0.460367 2
70 -18.7988 -5.40249 -17.3497 -5.8164 2
71 -17.0877 -6.19211 -22.5828 -5.68224 4
72 -7.35145 2.36625 -58.0863 4.18899 4
73 -6.88688 0.682145 -56.3562 1.53735 4
74 -4.06672 0.137746 -79.3399 -5.53574 2
75 -18.5559 0.652043 -9.78782 0.460367 2
76 -18.7988 -5.40249 -17.3497 -5.8164 2
77 -17.0877 -6.19211 -22.5828 -5.68224 4
78 -7.35145 2.36625 -58.0863 4.18899 4
79 -6.88688 0.682145 -56.3562 1.53735 4
80 -4.06672 0.137746 -79.3399 -5.53574 2
81 -18.5559 0.652043 -9.78782 0.460367 2
82 -18.7988 -5.40249 -17.3497 -5.8164 2
83 -17.0877 -6.19211 -22.5828 -5.68224 4
84 -7.35145 2.36625 -58.0863 4.18899 4
85 -6.88688 0.682145 -56.3562 1.53735 4
86 -4.06672 0.137746 -79.3399 -5.53574 2
87 -18.5559 0.652043 -9.78782 0.460367 2
88 -18.7988 -5.40249 -17.3497 -5.8164 2
89 -17.0877 -6.19211 -22.5828 -5.68224 4
90 -7.35145 2.36625 -58.0863 4.18899 4
91 -6.88688 0.682145 -56.3562 1.53735 4
92 -4.06672 0.137746 -79.3399 -5.53574 2
93 -18.5559 0.652043 -9.78782 0.460367 2
94 -18.7988 -5.40249 -17.3497 -5.8164 2
95 -17.0877 -6.19211 -22.5828 -5.68224 4
96 -7.35145 2.36625 -58.0863 4.18899 4
97 -6.88688 0.682145 -56.3562 1.53735 4
98 -4.06672 0.137746 -79.3399 -5.53574 2
99 -18.5559 0.652043 -9.78782 0.460367 2
100 RANDOM
101 -17.0877 -6.19211 -22.5828 -5.68224 4
102 -7.35145 2.36625 -58.0863 4.18899 4
103 -6.88688 0.682145 -56.3562 1.53735 4
104 -4.06672 0.137746 -79.3399 -5.53574 2
105 RANDOM
106 -18.7988 -5.40249 -17.3497 -5.8164 2
107 -17.0877 -6.19211 -22.5828 -5.68224 4
108 -7.35145 2.36625 -58.0863 4.18899 4
109 RANDOM
110 -4.06672 0.137746 -79.3399 -5.53574 2
111 -18.5559 0.652043 -9.78782 0.460367 2
112 -18.7988 -5.40249 -17.3497 -5.8164 2
113 -17.0877 -6.19211 -22.5828 -5.68224 4
114 -7.35145 2.36625 -58.0863 4.18899 4
115 -6.88688 0.682145 -56.3562 1.53735 4
116 -4.06672 0.137746 -79.3399 -5.53574 2
117 -18.5559 0.652043 -9.78782 0.460367 2
118 -18.7988 -5.40249 -17.3497 -5.8164 2
119 -17.0877 -6.19211 -22.5828 -5.68224 4
120 -7.35145 2.36625 -58.0863 4.18899 4
121 -6.88688 0.682145 -56.3562 1.53735 4
122 -4.06672 0.137746 -79.3399 -5.53574 2
123 -18.5559 0.652043 -9.78782 0.460367 2
124 -18.7988 -5.40249 -17.3497 -5.8164 2
125 -17.0877 -6.19211 -22.5828 -5.68224 4
126 -7.35145 2.36625 -58.0863 4.18899 4
127 -6.88688 0.682145 -56.3562 1.53735 4
128 -4.06672 0.137746 -79.3399 -5.53574 2
129 -18.5559 0.652043 -9.78782 0.460367 2
130 RANDOM
131 -17.0877 -6.19211 -22.5828 -5.68224 4
132 -7.35145 2.36625 -58.0863 4.18899 4
133 -6.88688 0.682145 -56.3562 1.53735 4
134 -4.06672 0.137746 -79.3399 -5.53574 2
135 -18.5559 0.652043 -9.78782 0.460367 2
136 RANDOM
137 -17.0877 -6.19211 -22.5828 -5.68224 4
138 -7.35145 2.36625 -58.0863 4.18899 4
139 -6.88688 0.682145 -56.3562 1.53735 4
140 -4.06672 0.137746 -79.3399 -5.53574 2
141 -18.5559 0.652043 -9.78782 0.460367 2
142 -18.7988 -5.40249 -17.3497 -5.8164 2
143 -17.0877 -6.19211 -22.5828 -5.68224 4
144 -7.35145 2.36625 -58.0863 4.18899 4
145 -6.88688 0.682145 -56.3562 1.53735 4
146 -4.06672 0.137746 -79.3399 -5.53574 2
147 -18.5559 0.652043 -9.78782 0.460367 2
148 -18.7988 -5.40249 -17.3497 -5.8164 2
149 -17.0877 -6.19211 -22.5828 -5.68224 4
150 -7.35145 2.36625 -58.0863 4.18899 4
151 -6.88688 0.682145 -56.3562 1.53735 4
152 -4.06672 0.137746 -79.3399 -5.53574 2
153 RANDOM
154 -18.7988 -5.40249 -17.3497 -5.8164 2
155 -17.0877 -6.19211 -22.5828 -5.68224 4
156 -7.35145 2.36625 -58.0863 4.18899 4
157 -6.88688 0.682145 -56.3562 1.53735 4
158 -4.06672 0.137746 -79.3399 -5.53574 2
159 -18.5559 0.652043 -9.78782 0.460367 2
160 -18.7988 -5.40249 -17.3497 -5.8164 2
161 -17.0877 -6.19211 -22.5828 -5.68224 4
162 -7.35145 2.36625 -58.0863 4.18899 4
163 -6.88688 0.682145 -56.3562 1.53735 4
164 -4.06672 0.137746 -79.3399 -5.53574 2
165 -18.5559 0.652043 -9.78782 0.460367 2
166 -18.7988 -5.40249 -17.3497 -5.8164 2
167 -17.0877 -6.19211 -22.5828 -5.68224 4
168 -7.35145 2.36625 -58.0863 4.18899 4
169 -6.88688 0.682145 -56.3562 1.53735 4
170 -4.06672 0.137746 -79.3399 -5.53574 2
171 -18.5559 0.652043 -9.78782 0.460367 2
172 RANDOM
173 -17.0877 -6.19211 -22.5828 -5.68224 4
174 -7.35145 2.36625 -58.0863 4.18899 4
175 -6.88688 0.682145 -56.3562 1.53735 4
176 -4.06672 0.137746 -79.3399 -5.53574 2
177 -18.5559 0.652043 -9.78782 0.460367 2
178 -18.7988 -5.40249 -17.3497 -5.8164 2
179 RANDOM
180 -15.3014 -6.00858 -26.5499 -4.45456 4
181 -7.71057 4.12244 -60.7733 6.64468 4
182 -7.35145 2.36625 -58.0863 4.18899 4
183 RANDOM
184 RANDOM
185 -18.8012 -5.36071 -17.2873 -5.77284 2
186 -16.5484 -7.59855 -39.7204 -9.04116 2
