0 -3.38073 29.6871 18.5825 30.3663 4
1 -3.38073 29.6871 18.5825 30.3663 4
2 -3.38073 29.6871 18.5825 30.3663 4
3 -3.38073 29.6871 18.5825 30.3663 4
4 -3.38073 29.6871 18.5825 30.3663 4
5 -3.38073 29.6871 18.5825 30.3663 4
6 -3.38073 29.6871 18.5825 30.3663 4
7 -3.38073 29.6871 18.5825 30.3663 4
8 -3.38073 29.6871 18.5825 30.3663 4
9 -3.38073 29.6871 18.5825 30.3663 4
10 -3.38073 29.6871 18.5825 30.3663 4
11 RANDOM
12 -3.38073 29.6871 18.5825 30.3663 4
13 RANDOM
14 -3.38073 29.6871 18.5825 30.3663 4
15 -3.38073 29.6871 18.5825 30.3663 4
16 -3.38073 29.6871 18.5825 30.3663 4
17 -3.38073 29.6871 18.5825 30.3663 4
18 -3.38073 29.6871 18.5825 30.3663 4
19 -3.38073 29.6871 18.5825 30.3663 4
20 -3.38073 29.6871 18.5825 30.3663 4
21 -3.38073 29.6871 18.5825 30.3663 4
22 -3.38073 29.6871 18.5825 30.3663 4
23 -3.38073 29.6871 18.5825 30.3663 4
24 -3.38073 29.6871 18.5825 30.3663 4
25 -3.38073 29.6871 18.5825 30.3663 4
26 RANDOM
27 -3.38073 29.6871 18.5825 30.3663 4
28 -3.38073 29.6871 18.5825 30.3663 4
29 -3.38073 29.6871 18.5825 30.3663 4
30 -3.38073 29.6871 18.5825 30.3663 4
31 -3.38073 29.6871 18.5825 30.3663 4
32 -3.38073 29.6871 18.5825 30.3663 4
33 -3.38073 29.6871 18.5825 30.3663 4
34 -3.38073 29.6871 18.5825 30.3663 4
35 -3.38073 29.6871 18.5825 30.3663 4
36 -3.38073 29.6871 18.5825 30.3663 4
37 -3.38073 29.6871 18.5825 30.3663 4
38 -3.38073 29.6871 18.5825 30.3663 4
39 -3.38073 29.6871 18.5825 30.3663 4
40 -3.38073 29.6871 18.5825 30.3663 4
41 -3.38073 29.6871 18.5825 30.3663 4
42 -14.7338 29.8295 -4.48134 73.1403 4
43 -16.1222 32.4424 -2.79497 75.7185 4
44 -18.4202 35.5598 -0.763765 78.6569 4
45 -21.3336 38.8833 1.90834 81.5259 4
46 -12.4197 27.1059 -7.12948 70.0716 4
47 -11.3703 24.6722 -5.25432 64.4585 4
48 -10.2845 22.9095 -3.43195 59.8834 4
49 -9.18011 21.1208 -1.57291 55.2216 4
50 -3.71621 33.7249 40.5852 35.436 3
51 -5.00585 33.1776 27.0095 31.2809 2
