0 119.203 119.048 117.523 123.946 4
1 117.556 112.583 109.487 120.674 4
2 116.237 113.043 111.0 120.021 4
3 117.828 114.25 112.06 121.777 4
4 119.97 115.929 113.499 124.246 4
5 123.423 118.617 115.705 128.379 4
6 117.24 114.362 112.266 121.447 4
7 119.156 115.808 113.554 123.601 4
8 122.224 118.303 115.746 127.174 4
9 126.833 122.025 118.857 132.761 4
10 127.6 126.14 124.048 134.036 4
11 129.851 128.003 125.693 136.677 4
12 132.861 130.498 128.021 140.321 4
13 137.55 134.4 131.65 146.079 4
14 131.094 129.303 127.617 139.524 4
15 133.159 131.118 129.403 142.032 4
16 136.899 134.443 132.672 146.496 4
17 143.093 139.981 138.078 153.972 4
18 133.457 131.794 130.299 142.507 4
19 136.734 134.785 133.269 146.53 4
20 RANDOM
21 151.509 148.341 146.667 164.326 4
22 131.508 129.504 128.476 141.611 4
23 134.881 132.594 131.561 145.686 4
24 141.155 138.369 137.284 153.132 4
25 151.047 147.501 146.303 164.937 4
26 134.611 133.643 132.151 143.033 4
27 RANDOM
28 140.473 138.984 137.697 151.202 4
29 147.574 145.484 144.38 160.424 4
30 RANDOM
31 138.783 139.544 137.26 142.195 4
32 130.483 129.687 129.612 140.436 4
