0 -6.42736 17.8661 4.5058 18.4027 4
1 -6.42736 17.8661 4.5058 18.4027 4
2 -6.42736 17.8661 4.5058 18.4027 4
3 -6.42736 17.8661 4.5058 18.4027 4
4 -6.42736 17.8661 4.5058 18.4027 4
5 -6.42736 17.8661 4.5058 18.4027 4
6 -6.42736 17.8661 4.5058 18.4027 4
7 -6.42736 17.8661 4.5058 18.4027 4
8 -6.42736 17.8661 4.5058 18.4027 4
9 -6.42736 17.8661 4.5058 18.4027 4
10 -6.42736 17.8661 4.5058 18.4027 4
11 -6.42736 17.8661 4.5058 18.4027 4
12 -6.42736 17.8661 4.5058 18.4027 4
13 -6.42736 17.8661 4.5058 18.4027 4
14 -6.42736 17.8661 4.5058 18.4027 4
15 -6.42736 17.8661 4.5058 18.4027 4
16 -6.42736 17.8661 4.5058 18.4027 4
17 -6.42736 17.8661 4.5058 18.4027 4
18 -6.42736 17.8661 4.5058 18.4027 4
19 -6.42736 17.8661 4.5058 18.4027 4
20 -6.42736 17.8661 4.5058 18.4027 4
21 -6.42736 17.8661 4.5058 18.4027 4
22 -6.42736 17.8661 4.5058 18.4027 4
23 -6.42736 17.8661 4.5058 18.4027 4
24 -6.42736 17.8661 4.5058 18.4027 4
25 -6.42736 17.8661 4.5058 18.4027 4
26 -6.42736 17.8661 4.5058 18.4027 4
27 -6.42736 17.8661 4.5058 18.4027 4
28 -6.42736 17.8661 4.5058 18.4027 4
29 -6.42736 17.8661 4.5058 18.4027 4
30 -6.42736 17.8661 4.5058 18.4027 4
31 -6.42736 17.8661 4.5058 18.4027 4
32 -6.42736 17.8661 4.5058 18.4027 4
33 -6.42736 17.8661 4.5058 18.4027 4
34 -6.42736 17.8661 4.5058 18.4027 4
35 -6.42736 17.8661 4.5058 18.4027 4
36 -6.42736 17.8661 4.5058 18.4027 4
37 -6.42736 17.8661 4.5058 18.4027 4
38 -6.42736 17.8661 4.5058 18.4027 4
39 -6.42736 17.8661 4.5058 18.4027 4
40 -6.42736 17.8661 4.5058 18.4027 4
41 -6.42736 17.8661 4.5058 18.4027 4
42 -14.7083 17.4933 -36.4684 35.1925 4
43 -14.9739 20.1402 -37.226 35.4937 4
44 -16.2168 22.5234 -38.9433 34.2012 4
45 -17.5211 25.4243 -40.6515 35.0232 4
46 -13.2172 15.1778 -34.45 34.6272 4
47 -12.6905 12.4611 -31.0437 30.5753 4
48 -11.6949 10.9853 -27.6443 27.9783 4
49 RANDOM
50 -4.99723 16.7214 -2.43042 7.80901 2
51 -6.42736 17.8661 4.5058 18.4027 4
52 -4.99723 16.7214 -2.43042 7.80901 2
53 RANDOM
54 -6.42736 17.8661 4.5058 18.4027 4
55 -8.50332 10.6104 -19.6534 23.8369 4
56 -4.99723 16.7214 -2.43042 7.80901 2
57 -6.42736 17.8661 4.5058 18.4027 4
58 -4.99723 16.7214 -2.43042 7.80901 2
59 -6.42736 17.8661 4.5058 18.4027 4
60 -4.99723 16.7214 -2.43042 7.80901 2
61 -6.42736 17.8661 4.5058 18.4027 4
62 -4.99723 16.7214 -2.43042 7.80901 2
63 -6.42736 17.8661 4.5058 18.4027 4
64 -4.99723 16.7214 -2.43042 7.80901 2
65 -6.42736 17.8661 4.5058 18.4027 4
66 -4.99723 16.7214 -2.43042 7.80901 2
67 -6.42736 17.8661 4.5058 18.4027 4
68 -4.99723 16.7214 -2.43042 7.80901 2
69 -6.42736 17.8661 4.5058 18.4027 4
70 -4.99723 16.7214 -2.43042 7.80901 2
71 -6.42736 17.8661 4.5058 18.4027 4
72 -4.99723 16.7214 -2.43042 7.80901 2
73 -6.42736 17.8661 4.5058 18.4027 4
74 -4.99723 16.7214 -2.43042 7.80901 2
75 -6.42736 17.8661 4.5058 18.4027 4
76 -4.99723 16.7214 -2.43042 7.80901 2
77 -6.42736 17.8661 4.5058 18.4027 4
78 -4.99723 16.7214 -2.43042 7.80901 2
79 -6.42736 17.8661 4.5058 18.4027 4
80 -4.99723 16.7214 -2.43042 7.80901 2
81 -6.42736 17.8661 4.5058 18.4027 4
82 -4.99723 16.7214 -2.43042 7.80901 2
83 -6.42736 17.8661 4.5058 18.4027 4
84 -4.99723 16.7214 -2.43042 7.80901 2
85 -6.42736 17.8661 4.5058 18.4027 4
86 -4.99723 16.7214 -2.43042 7.80901 2
87 -6.42736 17.8661 4.5058 18.4027 4
88 -4.99723 16.7214 -2.43042 7.80901 2
89 -6.42736 17.8661 4.5058 18.4027 4
90 -4.99723 16.7214 -2.43042 7.80901 2
91 -6.42736 17.8661 4.5058 18.4027 4
92 -4.99723 16.7214 -2.43042 7.80901 2
93 -6.42736 17.8661 4.5058 18.4027 4
94 -4.99723 16.7214 -2.43042 7.80901 2
95 -6.42736 17.8661 4.5058 18.4027 4
96 -4.99723 16.7214 -2.43042 7.80901 2
97 -6.42736 17.8661 4.5058 18.4027 4
98 -4.99723 16.7214 -2.43042 7.80901 2
99 -6.42736 17.8661 4.5058 18.4027 4
100 -4.99723 16.7214 -2.43042 7.80901 2
101 -6.42736 17.8661 4.5058 18.4027 4
102 -4.99723 16.7214 -2.43042 7.80901 2
103 RANDOM
104 -6.42736 17.8661 4.5058 18.4027 4
105 -8.50332 10.6104 -19.6534 23.8369 4
106 -4.99723 16.7214 -2.43042 7.80901 2
107 -6.42736 17.8661 4.5058 18.4027 4
108 -4.99723 16.7214 -2.43042 7.80901 2
109 -6.42736 17.8661 4.5058 18.4027 4
110 RANDOM
111 -6.42736 17.8661 4.5058 18.4027 4
112 -8.35151 17.3877 -9.73694 10.5745 2
