0 -5.66032 20.2687 3.77486 21.5708 4
1 -5.66032 20.2687 3.77486 21.5708 4
2 -5.66032 20.2687 3.77486 21.5708 4
3 -5.66032 20.2687 3.77486 21.5708 4
4 -5.66032 20.2687 3.77486 21.5708 4
5 -5.66032 20.2687 3.77486 21.5708 4
6 -5.66032 20.2687 3.77486 21.5708 4
7 -5.66032 20.2687 3.77486 21.5708 4
8 -5.66032 20.2687 3.77486 21.5708 4
9 -5.66032 20.2687 3.77486 21.5708 4
10 -5.66032 20.2687 3.77486 21.5708 4
11 RANDOM
12 -5.66032 20.2687 3.77486 21.5708 4
13 -5.66032 20.2687 3.77486 21.5708 4
14 -5.66032 20.2687 3.77486 21.5708 4
15 -5.66032 20.2687 3.77486 21.5708 4
16 -5.66032 20.2687 3.77486 21.5708 4
17 -5.66032 20.2687 3.77486 21.5708 4
18 -5.66032 20.2687 3.77486 21.5708 4
19 -5.66032 20.2687 3.77486 21.5708 4
20 -5.66032 20.2687 3.77486 21.5708 4
21 -5.66032 20.2687 3.77486 21.5708 4
22 -5.66032 20.2687 3.77486 21.5708 4
23 -5.66032 20.2687 3.77486 21.5708 4
24 -5.66032 20.2687 3.77486 21.5708 4
25 -5.66032 20.2687 3.77486 21.5708 4
26 -5.66032 20.2687 3.77486 21.5708 4
27 -5.66032 20.2687 3.77486 21.5708 4
28 -5.66032 20.2687 3.77486 21.5708 4
29 -5.66032 20.2687 3.77486 21.5708 4
30 -5.66032 20.2687 3.77486 21.5708 4
31 -5.66032 20.2687 3.77486 21.5708 4
32 -5.66032 20.2687 3.77486 21.5708 4
33 -5.66032 20.2687 3.77486 21.5708 4
34 -5.66032 20.2687 3.77486 21.5708 4
35 -5.66032 20.2687 3.77486 21.5708 4
36 -5.66032 20.2687 3.77486 21.5708 4
37 -5.66032 20.2687 3.77486 21.5708 4
38 -5.66032 20.2687 3.77486 21.5708 4
39 -5.66032 20.2687 3.77486 21.5708 4
40 -5.66032 20.2687 3.77486 21.5708 4
41 RANDOM
42 -13.8984 19.223 -40.7744 37.8749 4
43 -14.0615 22.0318 -41.9028 38.4641 4
44 -15.1922 24.566 -44.1478 37.4153 4
45 -16.4777 27.4359 -46.4828 37.9758 4
46 -12.4229 16.8223 -38.1975 37.1733 4
47 -11.9368 14.0841 -34.508 33.0473 4
48 -10.925 12.8547 -30.6718 30.7821 4
49 -9.73216 12.0074 -26.6286 28.9622 4
50 -4.89895 17.7003 -7.69579 10.1065 2
51 -5.66032 20.2687 3.77486 21.5708 4
52 -4.89895 17.7003 -7.69579 10.1065 2
53 -5.66032 20.2687 3.77486 21.5708 4
54 -4.89895 17.7003 -7.69579 10.1065 2
55 -5.66032 20.2687 3.77486 21.5708 4
56 -4.89895 17.7003 -7.69579 10.1065 2
57 -5.66032 20.2687 3.77486 21.5708 4
58 -4.89895 17.7003 -7.69579 10.1065 2
59 -5.66032 20.2687 3.77486 21.5708 4
60 -4.89895 17.7003 -7.69579 10.1065 2
61 RANDOM
62 -5.66032 20.2687 3.77486 21.5708 4
63 -7.76277 12.4248 -22.2962 26.5747 4
64 -4.89895 17.7003 -7.69579 10.1065 2
65 -5.66032 20.2687 3.77486 21.5708 4
66 -4.89895 17.7003 -7.69579 10.1065 2
67 -5.66032 20.2687 3.77486 21.5708 4
68 -4.89895 17.7003 -7.69579 10.1065 2
69 -5.66032 20.2687 3.77486 21.5708 4
70 -4.89895 17.7003 -7.69579 10.1065 2
71 -5.66032 20.2687 3.77486 21.5708 4
72 -4.89895 17.7003 -7.69579 10.1065 2
73 -5.66032 20.2687 3.77486 21.5708 4
74 -4.89895 17.7003 -7.69579 10.1065 2
75 -5.66032 20.2687 3.77486 21.5708 4
76 -4.89895 17.7003 -7.69579 10.1065 2
77 -5.66032 20.2687 3.77486 21.5708 4
78 -4.89895 17.7003 -7.69579 10.1065 2
79 -5.66032 20.2687 3.77486 21.5708 4
80 -4.89895 17.7003 -7.69579 10.1065 2
81 -5.66032 20.2687 3.77486 21.5708 4
82 -4.89895 17.7003 -7.69579 10.1065 2
83 RANDOM
84 -5.66032 20.2687 3.77486 21.5708 4
85 -7.76277 12.4248 -22.2962 26.5747 4
86 -4.89895 17.7003 -7.69579 10.1065 2
87 -5.66032 20.2687 3.77486 21.5708 4
88 -4.89895 17.7003 -7.69579 10.1065 2
89 -5.66032 20.2687 3.77486 21.5708 4
90 -4.89895 17.7003 -7.69579 10.1065 2
91 -5.66032 20.2687 3.77486 21.5708 4
92 -4.89895 17.7003 -7.69579 10.1065 2
93 -5.66032 20.2687 3.77486 21.5708 4
94 -4.89895 17.7003 -7.69579 10.1065 2
95 -5.66032 20.2687 3.77486 21.5708 4
96 -4.89895 17.7003 -7.69579 10.1065 2
97 -5.66032 20.2687 3.77486 21.5708 4
98 -4.89895 17.7003 -7.69579 10.1065 2
99 -5.66032 20.2687 3.77486 21.5708 4
100 -4.89895 17.7003 -7.69579 10.1065 2
101 -5.66032 20.2687 3.77486 21.5708 4
102 -4.89895 17.7003 -7.69579 10.1065 2
103 RANDOM
104 -5.66032 20.2687 3.77486 21.5708 4
105 -7.76277 12.4248 -22.2962 26.5747 4
106 RANDOM
107 -5.66032 20.2687 3.77486 21.5708 4
108 -7.99541 19.1444 -15.1089 13.6485 2
