0 3.84517 34.5597 25.03 36.2237 4
1 3.84517 34.5597 25.03 36.2237 4
2 3.84517 34.5597 25.03 36.2237 4
3 3.84517 34.5597 25.03 36.2237 4
4 3.84517 34.5597 25.03 36.2237 4
5 3.84517 34.5597 25.03 36.2237 4
6 3.84517 34.5597 25.03 36.2237 4
7 3.84517 34.5597 25.03 36.2237 4
8 3.84517 34.5597 25.03 36.2237 4
9 RANDOM
10 3.84517 34.5597 25.03 36.2237 4
11 RANDOM
12 3.84517 34.5597 25.03 36.2237 4
13 3.84517 34.5597 25.03 36.2237 4
14 3.84517 34.5597 25.03 36.2237 4
15 3.84517 34.5597 25.03 36.2237 4
16 3.84517 34.5597 25.03 36.2237 4
17 3.84517 34.5597 25.03 36.2237 4
18 3.84517 34.5597 25.03 36.2237 4
19 3.84517 34.5597 25.03 36.2237 4
20 3.84517 34.5597 25.03 36.2237 4
21 3.84517 34.5597 25.03 36.2237 4
22 3.84517 34.5597 25.03 36.2237 4
23 3.84517 34.5597 25.03 36.2237 4
24 3.84517 34.5597 25.03 36.2237 4
25 3.84517 34.5597 25.03 36.2237 4
26 3.84517 34.5597 25.03 36.2237 4
27 3.84517 34.5597 25.03 36.2237 4
28 3.84517 34.5597 25.03 36.2237 4
29 3.84517 34.5597 25.03 36.2237 4
30 3.84517 34.5597 25.03 36.2237 4
31 RANDOM
32 3.84517 34.5597 25.03 36.2237 4
33 3.84517 34.5597 25.03 36.2237 4
34 3.84517 34.5597 25.03 36.2237 4
35 3.84517 34.5597 25.03 36.2237 4
36 3.84517 34.5597 25.03 36.2237 4
37 3.84517 34.5597 25.03 36.2237 4
38 RANDOM
39 3.84517 34.5597 25.03 36.2237 4
40 3.84517 34.5597 25.03 36.2237 4
41 3.84517 34.5597 25.03 36.2237 4
42 0.354505 49.0728 12.9907 90.5766 4
43 0.180227 53.8075 16.455 94.9294 4
44 -0.424608 59.7816 20.7451 100.909 4
45 -1.02848 67.3916 27.3042 107.486 4
46 -0.0962178 41.8892 6.37967 84.4621 4
47 0.128314 38.4043 7.42916 77.6129 4
48 0.308343 35.3737 8.36213 71.6255 4
49 0.262574 32.3279 9.48516 65.3553 4
50 RANDOM
51 3.84517 34.5597 25.03 36.2237 4
52 RANDOM
