0 -309.537 194.466 -333.232 134.741 2
1 -308.042 202.913 -341.502 153.792 2
2 -315.902 216.828 -331.958 170.48 2
3 -353.046 222.818 -296.911 179.718 2
4 -350.775 222.427 -291.468 171.536 2
5 -360.956 216.176 -278.867 158.994 2
6 -319.133 218.41 -321.852 182.609 2
7 -313.143 226.504 -298.346 180.276 2
8 -320.963 219.856 -289.956 163.613 2
9 -335.019 214.552 -286.211 154.472 2
10 -337.176 225.42 -291.101 168.347 2
11 -298.997 217.451 -265.898 128.281 2
12 -300.979 213.569 -270.008 117.425 2
13 -304.254 207.063 -277.292 104.471 2
14 -289.302 220.133 -283.738 114.025 2
15 -264.782 232.862 -344.696 158.231 2
16 -269.553 224.327 -329.965 132.179 2
17 -286.663 214.024 -325.796 113.7 2
18 -283.503 225.227 -320.281 121.315 2
19 RANDOM
20 -267.165 242.685 -329.898 169.348 2
21 -272.01 240.521 -331.681 160.435 2
22 -253.128 244.471 -310.608 148.785 2
23 -236.069 234.063 -244.808 104.7 2
24 -185.29 219.868 -227.562 52.9516 2
25 RANDOM
26 -185.384 217.742 -212.1 43.6817 2
27 -242.27 225.093 -224.23 68.3868 2
28 -194.552 182.499 -208.078 -14.0121 2
29 -134.551 165.979 -180.973 -57.9977 2
30 -113.235 193.135 -146.918 -34.1092 2
31 -269.212 213.286 -201.671 70.3304 2
32 -212.797 182.041 -166.611 0.53523 2
33 -202.001 196.416 -140.983 9.82125 2
34 -185.539 224.529 -93.0734 35.8316 2
35 -280.587 225.357 -214.717 102.511 2
36 -271.88 204.032 -194.412 66.3992 2
37 -266.825 182.434 -175.748 35.2708 2
38 -250.639 205.264 -113.743 49.8813 2
39 -153.474 128.667 -113.018 -57.1292 2
40 -153.453 135.686 -111.924 -50.6984 2
41 -149.24 135.329 -110.088 -54.2558 2
42 RANDOM
43 RANDOM
44 -167.209 77.5544 -75.7007 -112.703 2
45 -183.587 116.856 -118.578 -67.8223 2
