0 32.3719 45.4185 23.93 54.2694 4
1 33.6812 51.5575 20.4945 66.5825 4
2 32.1283 46.1986 20.7086 58.9139 4
3 32.2006 46.4101 20.7515 59.2378 4
4 32.5531 47.0796 20.9521 60.1859 4
5 33.1888 48.211 21.3183 61.7842 4
6 29.1265 41.2373 19.3826 51.936 4
7 28.904 41.1187 19.1916 51.9345 4
8 29.0423 41.5567 19.1955 52.6585 4
9 29.1011 41.9091 19.1126 53.2973 4
10 24.7118 35.4783 16.1965 45.4743 4
11 25.1764 36.226 16.3883 46.5355 4
12 25.5449 36.8647 16.4925 47.4972 4
13 25.8992 37.5186 16.5787 48.4884 4
14 22.2857 31.8518 13.3567 41.2157 4
15 22.1223 31.7846 13.1363 41.263 4
16 22.0265 31.8041 12.9385 41.4244 4
17 21.9953 31.924 12.7616 41.7309 4
18 20.3303 28.2578 12.3329 36.0133 4
19 20.3612 28.4949 12.265 36.4575 4
20 20.5009 28.997 12.2452 37.3209 4
21 20.6741 29.554 12.2456 38.2549 4
22 18.346 25.7019 11.3008 32.4509 4
23 18.1741 25.6046 11.1852 32.3374 4
24 RANDOM
25 18.1186 26.001 10.9392 33.033 4
26 14.9619 23.5987 7.85187 27.6667 4
27 14.9987 23.6571 7.83511 27.6928 4
28 RANDOM
29 15.4778 24.5559 7.96977 28.7913 4
30 13.9282 21.7852 6.99602 24.6563 4
31 14.1307 22.0988 7.03379 24.9945 4
32 14.3755 22.4657 7.09427 25.3978 4
33 14.7688 23.0534 7.19972 26.0755 4
34 13.1149 17.9378 8.88927 19.0406 4
35 RANDOM
36 14.4772 19.8688 9.34807 21.4908 4
37 15.1634 20.9025 9.53589 22.7862 4
38 15.0794 19.1396 11.6346 20.1975 4
39 15.3873 19.3367 12.072 20.3338 4
40 15.5666 19.544 12.0821 20.6069 4
41 16.0483 20.1578 12.2789 21.3409 4
42 9.23981 13.341 6.99442 12.4514 2
43 17.7364 18.0315 16.8618 17.4392 2
44 17.9043 18.1612 16.8864 17.4544 2
45 17.9576 18.2667 16.7855 17.4581 2
46 17.9149 18.2945 16.5404 17.3952 2
47 17.8812 18.7729 15.8818 18.0531 2
48 18.2951 19.0405 16.327 18.1586 2
49 18.7032 19.3801 16.7322 18.4589 2
50 19.017 19.6905 17.0325 18.6928 2
51 17.0097 18.3676 14.7003 18.1408 2
52 17.6411 18.8253 15.3449 18.4076 2
53 18.2607 19.3158 15.9965 18.7259 2
54 18.5811 19.6801 16.272 19.1214 2
55 18.8672 20.3908 16.3178 20.398 4
56 12.4467 17.1871 8.1535 18.6993 4
57 12.6039 17.5135 8.09595 19.0803 4
58 12.7072 17.7535 8.05519 19.34 4
59 12.9135 18.1879 7.98639 19.8626 4
60 12.528 15.8754 9.94961 16.0458 4
61 12.9603 16.5142 10.0715 16.9472 4
62 13.4373 17.2003 10.2129 17.879 4
63 14.043 18.0665 10.3667 19.0324 4
64 14.5495 17.9268 12.0459 18.4367 4
65 14.8445 18.1466 12.5149 18.603 4
66 15.2233 18.5864 12.7765 19.1164 4
67 15.6953 19.1789 12.9795 19.8609 4
68 9.23981 13.341 6.99442 12.4514 2
69 17.7364 18.0315 16.8618 17.4392 2
70 17.9043 18.1612 16.8864 17.4544 2
71 17.9576 18.2667 16.7855 17.4581 2
72 17.9149 18.2945 16.5404 17.3952 2
73 17.8812 18.7729 15.8818 18.0531 2
74 18.2951 19.0405 16.327 18.1586 2
75 18.7032 19.3801 16.7322 18.4589 2
76 19.017 19.6905 17.0325 18.6928 2
77 17.0097 18.3676 14.7003 18.1408 2
78 17.6411 18.8253 15.3449 18.4076 2
79 18.2607 19.3158 15.9965 18.7259 2
80 18.5811 19.6801 16.272 19.1214 2
81 18.8672 20.3908 16.3178 20.398 4
82 12.4467 17.1871 8.1535 18.6993 4
83 12.6039 17.5135 8.09595 19.0803 4
84 12.7072 17.7535 8.05519 19.34 4
85 12.9135 18.1879 7.98639 19.8626 4
86 12.528 15.8754 9.94961 16.0458 4
87 12.9603 16.5142 10.0715 16.9472 4
88 13.4373 17.2003 10.2129 17.879 4
89 14.043 18.0665 10.3667 19.0324 4
90 14.5495 17.9268 12.0459 18.4367 4
91 14.8445 18.1466 12.5149 18.603 4
92 15.2233 18.5864 12.7765 19.1164 4
93 15.6953 19.1789 12.9795 19.8609 4
94 RANDOM
95 17.4405 18.27 18.589 18.4177 3
96 19.2066 19.7913 20.2834 20.3025 4
97 RANDOM
