0 RANDOM
1 -3.54621 25.8634 3.45401 27.0463 4
2 -3.54621 25.8634 3.45401 27.0463 4
3 -3.54621 25.8634 3.45401 27.0463 4
4 -3.54621 25.8634 3.45401 27.0463 4
5 -3.54621 25.8634 3.45401 27.0463 4
6 -3.54621 25.8634 3.45401 27.0463 4
7 -3.54621 25.8634 3.45401 27.0463 4
8 -3.54621 25.8634 3.45401 27.0463 4
9 -3.54621 25.8634 3.45401 27.0463 4
10 -3.54621 25.8634 3.45401 27.0463 4
11 -3.54621 25.8634 3.45401 27.0463 4
12 -3.54621 25.8634 3.45401 27.0463 4
13 -3.54621 25.8634 3.45401 27.0463 4
14 -3.54621 25.8634 3.45401 27.0463 4
15 -3.54621 25.8634 3.45401 27.0463 4
16 -3.54621 25.8634 3.45401 27.0463 4
17 -3.54621 25.8634 3.45401 27.0463 4
18 -3.54621 25.8634 3.45401 27.0463 4
19 -3.54621 25.8634 3.45401 27.0463 4
20 RANDOM
21 -3.54621 25.8634 3.45401 27.0463 4
22 -3.54621 25.8634 3.45401 27.0463 4
23 -3.54621 25.8634 3.45401 27.0463 4
24 -3.54621 25.8634 3.45401 27.0463 4
25 -3.54621 25.8634 3.45401 27.0463 4
26 -3.54621 25.8634 3.45401 27.0463 4
27 -3.54621 25.8634 3.45401 27.0463 4
28 -3.54621 25.8634 3.45401 27.0463 4
29 -3.54621 25.8634 3.45401 27.0463 4
30 -3.54621 25.8634 3.45401 27.0463 4
31 -3.54621 25.8634 3.45401 27.0463 4
32 -3.54621 25.8634 3.45401 27.0463 4
33 RANDOM
34 -3.54621 25.8634 3.45401 27.0463 4
35 -3.54621 25.8634 3.45401 27.0463 4
36 -3.54621 25.8634 3.45401 27.0463 4
37 -3.54621 25.8634 3.45401 27.0463 4
38 -3.54621 25.8634 3.45401 27.0463 4
39 -3.54621 25.8634 3.45401 27.0463 4
40 -3.54621 25.8634 3.45401 27.0463 4
41 -3.54621 25.8634 3.45401 27.0463 4
42 -3.54621 25.8634 3.45401 27.0463 4
43 -3.54621 25.8634 3.45401 27.0463 4
44 21.8536 22.343 -90.8882 42.1908 4
45 24.7795 23.9495 -97.8077 41.6019 4
46 27.7403 25.0029 -107.154 39.9622 4
47 31.4874 26.6146 -118.018 39.4218 4
48 16.2695 18.3398 -77.6683 41.5942 4
49 RANDOM
50 13.5954 15.496 -66.1851 37.0595 4
51 12.4721 13.8685 -62.1679 34.3817 4
52 28.6061 20.1997 -86.4351 19.1606 1
53 -2.60632 18.7057 -5.8199 22.7902 4
54 31.7324 24.617 -103.742 26.7402 1
