0 439.919 763.549 -632.012 720.502 2
1 475.528 733.507 -663.026 700.143 2
2 508.542 734.717 -682.182 717.934 2
3 269.477 828.148 -390.433 874.123 4
4 RANDOM
5 351.773 719.848 -750.387 683.103 2
6 508.542 734.717 -682.182 717.934 2
7 269.477 828.148 -390.433 874.123 4
8 404.514 655.38 -813.235 597.131 2
9 269.477 828.148 -390.433 874.123 4
10 404.514 655.38 -813.235 597.131 2
11 269.477 828.148 -390.433 874.123 4
12 404.514 655.38 -813.235 597.131 2
13 269.477 828.148 -390.433 874.123 4
14 RANDOM
15 351.773 719.848 -750.387 683.103 2
16 508.542 734.717 -682.182 717.934 2
17 269.477 828.148 -390.433 874.123 4
18 404.514 655.38 -813.235 597.131 2
19 269.477 828.148 -390.433 874.123 4
20 404.514 655.38 -813.235 597.131 2
21 269.477 828.148 -390.433 874.123 4
22 404.514 655.38 -813.235 597.131 2
23 269.477 828.148 -390.433 874.123 4
24 404.514 655.38 -813.235 597.131 2
25 269.477 828.148 -390.433 874.123 4
26 404.514 655.38 -813.235 597.131 2
27 269.477 828.148 -390.433 874.123 4
28 404.514 655.38 -813.235 597.131 2
29 269.477 828.148 -390.433 874.123 4
30 404.514 655.38 -813.235 597.131 2
31 269.477 828.148 -390.433 874.123 4
32 RANDOM
33 351.773 719.848 -750.387 683.103 2
34 508.542 734.717 -682.182 717.934 2
35 269.477 828.148 -390.433 874.123 4
36 404.514 655.38 -813.235 597.131 2
37 269.477 828.148 -390.433 874.123 4
38 404.514 655.38 -813.235 597.131 2
39 269.477 828.148 -390.433 874.123 4
40 384.097 587.876 -777.115 529.993 2
41 263.955 789.942 -363.934 839.309 4
42 384.097 587.876 -777.115 529.993 2
43 263.955 789.942 -363.934 839.309 4
44 384.097 587.876 -777.115 529.993 2
45 263.955 789.942 -363.934 839.309 4
46 384.097 587.876 -777.115 529.993 2
47 263.955 789.942 -363.934 839.309 4
48 RANDOM
49 328.873 658.873 -721.151 620.306 2
50 500.163 674.391 -645.983 657.65 2
51 263.955 789.942 -363.934 839.309 4
52 384.097 587.876 -777.115 529.993 2
53 263.955 789.942 -363.934 839.309 4
54 384.097 587.876 -777.115 529.993 2
55 263.955 789.942 -363.934 839.309 4
56 384.097 587.876 -777.115 529.993 2
57 263.955 789.942 -363.934 839.309 4
58 384.097 587.876 -777.115 529.993 2
59 263.955 789.942 -363.934 839.309 4
60 384.097 587.876 -777.115 529.993 2
61 263.955 789.942 -363.934 839.309 4
62 384.097 587.876 -777.115 529.993 2
63 263.955 789.942 -363.934 839.309 4
64 384.097 587.876 -777.115 529.993 2
65 263.955 789.942 -363.934 839.309 4
66 384.097 587.876 -777.115 529.993 2
67 263.955 789.942 -363.934 839.309 4
68 RANDOM
69 328.873 658.873 -721.151 620.306 2
70 500.163 674.391 -645.983 657.65 2
71 263.955 789.942 -363.934 839.309 4
72 384.097 587.876 -777.115 529.993 2
73 263.955 789.942 -363.934 839.309 4
74 384.097 587.876 -777.115 529.993 2
75 263.955 789.942 -363.934 839.309 4
76 384.097 587.876 -777.115 529.993 2
77 263.955 789.942 -363.934 839.309 4
78 RANDOM
79 RANDOM
80 270.282 730.642 -659.395 714.107 2
81 467.204 678.396 -632.453 643.976 2
82 500.163 674.391 -645.983 657.65 2
83 263.955 789.942 -363.934 839.309 4
84 384.097 587.876 -777.115 529.993 2
85 263.955 789.942 -363.934 839.309 4
86 384.097 587.876 -777.115 529.993 2
87 263.955 789.942 -363.934 839.309 4
88 384.097 587.876 -777.115 529.993 2
89 263.955 789.942 -363.934 839.309 4
90 384.097 587.876 -777.115 529.993 2
91 263.955 789.942 -363.934 839.309 4
92 384.097 587.876 -777.115 529.993 2
93 263.955 789.942 -363.934 839.309 4
94 384.097 587.876 -777.115 529.993 2
95 263.955 789.942 -363.934 839.309 4
96 384.097 587.876 -777.115 529.993 2
97 263.955 789.942 -363.934 839.309 4
98 384.097 587.876 -777.115 529.993 2
99 263.955 789.942 -363.934 839.309 4
100 397.518 602.5 -793.881 546.911 2
101 291.375 817.048 -412.788 861.038 4
102 397.518 602.5 -793.881 546.911 2
103 291.375 817.048 -412.788 861.038 4
104 397.518 602.5 -793.881 546.911 2
105 291.375 817.048 -412.788 861.038 4
106 397.518 602.5 -793.881 546.911 2
107 291.375 817.048 -412.788 861.038 4
108 397.518 602.5 -793.881 546.911 2
109 291.375 817.048 -412.788 861.038 4
110 397.518 602.5 -793.881 546.911 2
111 291.375 817.048 -412.788 861.038 4
112 397.518 602.5 -793.881 546.911 2
113 291.375 817.048 -412.788 861.038 4
114 397.518 602.5 -793.881 546.911 2
115 291.375 817.048 -412.788 861.038 4
116 397.518 602.5 -793.881 546.911 2
117 RANDOM
118 332.139 752.868 -421.628 769.395 4
119 114.082 978.261 -318.122 1120.4 4
120 397.518 602.5 -793.881 546.911 2
121 291.375 817.048 -412.788 861.038 4
122 397.518 602.5 -793.881 546.911 2
123 RANDOM
124 332.139 752.868 -421.628 769.395 4
125 114.082 978.261 -318.122 1120.4 4
126 397.518 602.5 -793.881 546.911 2
127 291.375 817.048 -412.788 861.038 4
128 397.518 602.5 -793.881 546.911 2
129 291.375 817.048 -412.788 861.038 4
130 397.518 602.5 -793.881 546.911 2
131 291.375 817.048 -412.788 861.038 4
132 RANDOM
133 344.196 676.486 -737.261 641.659 2
134 512.509 693.199 -677.499 673.812 2
135 291.375 817.048 -412.788 861.038 4
136 397.518 602.5 -793.881 546.911 2
137 291.375 817.048 -412.788 861.038 4
138 397.518 602.5 -793.881 546.911 2
139 291.375 817.048 -412.788 861.038 4
140 397.518 602.5 -793.881 546.911 2
141 291.375 817.048 -412.788 861.038 4
142 397.518 602.5 -793.881 546.911 2
143 291.375 817.048 -412.788 861.038 4
144 RANDOM
145 344.196 676.486 -737.261 641.659 2
146 512.509 693.199 -677.499 673.812 2
147 291.375 817.048 -412.788 861.038 4
148 397.518 602.5 -793.881 546.911 2
149 291.375 817.048 -412.788 861.038 4
150 397.518 602.5 -793.881 546.911 2
151 291.375 817.048 -412.788 861.038 4
152 397.518 602.5 -793.881 546.911 2
153 291.375 817.048 -412.788 861.038 4
154 397.518 602.5 -793.881 546.911 2
155 291.375 817.048 -412.788 861.038 4
156 397.518 602.5 -793.881 546.911 2
157 291.375 817.048 -412.788 861.038 4
158 397.518 602.5 -793.881 546.911 2
159 291.375 817.048 -412.788 861.038 4
160 397.518 602.5 -793.881 546.911 2
161 291.375 817.048 -412.788 861.038 4
162 397.518 602.5 -793.881 546.911 2
163 291.375 817.048 -412.788 861.038 4
164 397.518 602.5 -793.881 546.911 2
165 291.375 817.048 -412.788 861.038 4
166 397.518 602.5 -793.881 546.911 2
167 291.375 817.048 -412.788 861.038 4
168 397.518 602.5 -793.881 546.911 2
169 291.375 817.048 -412.788 861.038 4
170 397.518 602.5 -793.881 546.911 2
171 291.375 817.048 -412.788 861.038 4
172 397.518 602.5 -793.881 546.911 2
173 291.375 817.048 -412.788 861.038 4
174 397.518 602.5 -793.881 546.911 2
175 291.375 817.048 -412.788 861.038 4
176 397.518 602.5 -793.881 546.911 2
177 291.375 817.048 -412.788 861.038 4
178 397.518 602.5 -793.881 546.911 2
179 291.375 817.048 -412.788 861.038 4
180 397.518 602.5 -793.881 546.911 2
181 291.375 817.048 -412.788 861.038 4
182 397.518 602.5 -793.881 546.911 2
183 291.375 817.048 -412.788 861.038 4
184 397.518 602.5 -793.881 546.911 2
185 291.375 817.048 -412.788 861.038 4
186 397.518 602.5 -793.881 546.911 2
187 RANDOM
188 332.139 752.868 -421.628 769.395 4
189 114.082 978.261 -318.122 1120.4 4
190 397.518 602.5 -793.881 546.911 2
191 291.375 817.048 -412.788 861.038 4
192 397.518 602.5 -793.881 546.911 2
193 291.375 817.048 -412.788 861.038 4
194 397.518 602.5 -793.881 546.911 2
195 291.375 817.048 -412.788 861.038 4
196 397.518 602.5 -793.881 546.911 2
197 291.375 817.048 -412.788 861.038 4
198 RANDOM
199 344.196 676.486 -737.261 641.659 2
200 512.509 693.199 -677.499 673.812 2
201 291.375 817.048 -412.788 861.038 4
202 397.518 602.5 -793.881 546.911 2
203 291.375 817.048 -412.788 861.038 4
204 397.518 602.5 -793.881 546.911 2
205 RANDOM
206 332.139 752.868 -421.628 769.395 4
207 114.082 978.261 -318.122 1120.4 4
208 397.518 602.5 -793.881 546.911 2
209 291.375 817.048 -412.788 861.038 4
210 397.518 602.5 -793.881 546.911 2
211 291.375 817.048 -412.788 861.038 4
212 397.518 602.5 -793.881 546.911 2
213 291.375 817.048 -412.788 861.038 4
214 397.518 602.5 -793.881 546.911 2
215 291.375 817.048 -412.788 861.038 4
216 397.518 602.5 -793.881 546.911 2
217 291.375 817.048 -412.788 861.038 4
218 397.518 602.5 -793.881 546.911 2
219 291.375 817.048 -412.788 861.038 4
220 397.518 602.5 -793.881 546.911 2
221 291.375 817.048 -412.788 861.038 4
222 397.518 602.5 -793.881 546.911 2
223 291.375 817.048 -412.788 861.038 4
224 397.518 602.5 -793.881 546.911 2
225 RANDOM
226 332.139 752.868 -421.628 769.395 4
227 114.082 978.261 -318.122 1120.4 4
228 RANDOM
229 344.196 676.486 -737.261 641.659 2
230 512.509 693.199 -677.499 673.812 2
231 291.375 817.048 -412.788 861.038 4
232 397.518 602.5 -793.881 546.911 2
233 291.375 817.048 -412.788 861.038 4
234 397.518 602.5 -793.881 546.911 2
235 291.375 817.048 -412.788 861.038 4
236 397.518 602.5 -793.881 546.911 2
237 291.375 817.048 -412.788 861.038 4
238 397.518 602.5 -793.881 546.911 2
239 291.375 817.048 -412.788 861.038 4
240 397.518 602.5 -793.881 546.911 2
241 291.375 817.048 -412.788 861.038 4
242 397.518 602.5 -793.881 546.911 2
243 291.375 817.048 -412.788 861.038 4
244 RANDOM
245 344.196 676.486 -737.261 641.659 2
246 512.509 693.199 -677.499 673.812 2
247 291.375 817.048 -412.788 861.038 4
248 397.518 602.5 -793.881 546.911 2
249 291.375 817.048 -412.788 861.038 4
250 397.518 602.5 -793.881 546.911 2
251 291.375 817.048 -412.788 861.038 4
252 397.518 602.5 -793.881 546.911 2
253 291.375 817.048 -412.788 861.038 4
254 397.518 602.5 -793.881 546.911 2
255 291.375 817.048 -412.788 861.038 4
256 397.518 602.5 -793.881 546.911 2
257 291.375 817.048 -412.788 861.038 4
258 397.518 602.5 -793.881 546.911 2
259 291.375 817.048 -412.788 861.038 4
260 397.518 602.5 -793.881 546.911 2
261 291.375 817.048 -412.788 861.038 4
262 397.518 602.5 -793.881 546.911 2
263 291.375 817.048 -412.788 861.038 4
264 397.518 602.5 -793.881 546.911 2
265 291.375 817.048 -412.788 861.038 4
266 397.518 602.5 -793.881 546.911 2
267 291.375 817.048 -412.788 861.038 4
268 397.518 602.5 -793.881 546.911 2
269 291.375 817.048 -412.788 861.038 4
270 397.518 602.5 -793.881 546.911 2
271 291.375 817.048 -412.788 861.038 4
272 397.518 602.5 -793.881 546.911 2
273 RANDOM
274 332.139 752.868 -421.628 769.395 4
275 114.082 978.261 -318.122 1120.4 4
276 397.518 602.5 -793.881 546.911 2
277 291.375 817.048 -412.788 861.038 4
278 397.518 602.5 -793.881 546.911 2
279 291.375 817.048 -412.788 861.038 4
280 397.518 602.5 -793.881 546.911 2
281 291.375 817.048 -412.788 861.038 4
282 397.518 602.5 -793.881 546.911 2
283 291.375 817.048 -412.788 861.038 4
284 397.518 602.5 -793.881 546.911 2
285 291.375 817.048 -412.788 861.038 4
286 397.518 602.5 -793.881 546.911 2
287 291.375 817.048 -412.788 861.038 4
288 397.518 602.5 -793.881 546.911 2
289 291.375 817.048 -412.788 861.038 4
290 397.518 602.5 -793.881 546.911 2
291 291.375 817.048 -412.788 861.038 4
292 397.518 602.5 -793.881 546.911 2
293 291.375 817.048 -412.788 861.038 4
294 397.518 602.5 -793.881 546.911 2
295 291.375 817.048 -412.788 861.038 4
296 397.518 602.5 -793.881 546.911 2
297 291.375 817.048 -412.788 861.038 4
298 397.518 602.5 -793.881 546.911 2
299 291.375 817.048 -412.788 861.038 4
300 397.518 602.5 -793.881 546.911 2
301 291.375 817.048 -412.788 861.038 4
302 397.518 602.5 -793.881 546.911 2
303 291.375 817.048 -412.788 861.038 4
304 397.518 602.5 -793.881 546.911 2
305 291.375 817.048 -412.788 861.038 4
306 397.518 602.5 -793.881 546.911 2
307 291.375 817.048 -412.788 861.038 4
308 397.518 602.5 -793.881 546.911 2
309 291.375 817.048 -412.788 861.038 4
310 397.518 602.5 -793.881 546.911 2
311 RANDOM
312 RANDOM
313 341.642 756.323 -388.543 754.47 2
314 464.162 637.95 -436.684 615.696 2
315 331.81 783.385 -261.512 878.728 4
316 414.8 512.66 -525.245 498.951 2
317 331.81 783.385 -261.512 878.728 4
318 414.8 512.66 -525.245 498.951 2
319 331.81 783.385 -261.512 878.728 4
320 414.8 512.66 -525.245 498.951 2
321 331.81 783.385 -261.512 878.728 4
322 414.8 512.66 -525.245 498.951 2
323 331.81 783.385 -261.512 878.728 4
324 414.8 512.66 -525.245 498.951 2
325 331.81 783.385 -261.512 878.728 4
326 414.8 512.66 -525.245 498.951 2
327 331.81 783.385 -261.512 878.728 4
328 414.8 512.66 -525.245 498.951 2
329 331.81 783.385 -261.512 878.728 4
330 414.8 512.66 -525.245 498.951 2
331 331.81 783.385 -261.512 878.728 4
332 414.8 512.66 -525.245 498.951 2
333 331.81 783.385 -261.512 878.728 4
334 414.8 512.66 -525.245 498.951 2
335 331.81 783.385 -261.512 878.728 4
336 414.8 512.66 -525.245 498.951 2
337 331.81 783.385 -261.512 878.728 4
338 414.8 512.66 -525.245 498.951 2
339 331.81 783.385 -261.512 878.728 4
340 414.8 512.66 -525.245 498.951 2
341 331.81 783.385 -261.512 878.728 4
342 414.8 512.66 -525.245 498.951 2
343 331.81 783.385 -261.512 878.728 4
344 414.8 512.66 -525.245 498.951 2
345 331.81 783.385 -261.512 878.728 4
346 414.8 512.66 -525.245 498.951 2
347 331.81 783.385 -261.512 878.728 4
348 414.8 512.66 -525.245 498.951 2
349 331.81 783.385 -261.512 878.728 4
350 414.8 512.66 -525.245 498.951 2
351 331.81 783.385 -261.512 878.728 4
352 414.8 512.66 -525.245 498.951 2
353 331.81 783.385 -261.512 878.728 4
354 414.8 512.66 -525.245 498.951 2
355 331.81 783.385 -261.512 878.728 4
356 414.8 512.66 -525.245 498.951 2
357 331.81 783.385 -261.512 878.728 4
358 414.8 512.66 -525.245 498.951 2
359 331.81 783.385 -261.512 878.728 4
360 414.8 512.66 -525.245 498.951 2
361 331.81 783.385 -261.512 878.728 4
362 414.8 512.66 -525.245 498.951 2
363 331.81 783.385 -261.512 878.728 4
364 414.8 512.66 -525.245 498.951 2
365 331.81 783.385 -261.512 878.728 4
366 414.8 512.66 -525.245 498.951 2
367 331.81 783.385 -261.512 878.728 4
368 414.8 512.66 -525.245 498.951 2
369 331.81 783.385 -261.512 878.728 4
370 414.8 512.66 -525.245 498.951 2
371 331.81 783.385 -261.512 878.728 4
372 414.8 512.66 -525.245 498.951 2
373 331.81 783.385 -261.512 878.728 4
374 RANDOM
375 363.146 593.936 -528.48 607.463 4
376 310.102 681.667 -520.077 727.798 4
377 241.928 802.967 -497.516 893.682 4
378 472.779 499.083 -842.531 420.911 2
379 411.189 665.244 -544.048 660.656 2
380 467.227 588.893 -552.891 557.641 2
381 487.944 579.626 -518.69 547.509 2
382 464.162 637.95 -436.684 615.696 2
383 331.81 783.385 -261.512 878.728 4
384 414.8 512.66 -525.245 498.951 2
385 331.81 783.385 -261.512 878.728 4
386 414.8 512.66 -525.245 498.951 2
387 331.81 783.385 -261.512 878.728 4
388 414.8 512.66 -525.245 498.951 2
389 331.81 783.385 -261.512 878.728 4
390 414.8 512.66 -525.245 498.951 2
391 331.81 783.385 -261.512 878.728 4
392 414.8 512.66 -525.245 498.951 2
393 331.81 783.385 -261.512 878.728 4
394 414.8 512.66 -525.245 498.951 2
395 331.81 783.385 -261.512 878.728 4
396 414.8 512.66 -525.245 498.951 2
397 331.81 783.385 -261.512 878.728 4
398 RANDOM
399 363.146 593.936 -528.48 607.463 4
400 310.102 681.667 -520.077 727.798 4
401 241.928 802.967 -497.516 893.682 4
402 472.779 499.083 -842.531 420.911 2
403 411.189 665.244 -544.048 660.656 2
404 467.227 588.893 -552.891 557.641 2
405 RANDOM
406 464.162 637.95 -436.684 615.696 2
407 331.81 783.385 -261.512 878.728 4
408 414.8 512.66 -525.245 498.951 2
409 331.81 783.385 -261.512 878.728 4
410 414.8 512.66 -525.245 498.951 2
411 331.81 783.385 -261.512 878.728 4
412 414.8 512.66 -525.245 498.951 2
413 331.81 783.385 -261.512 878.728 4
414 414.8 512.66 -525.245 498.951 2
415 331.81 783.385 -261.512 878.728 4
416 414.8 512.66 -525.245 498.951 2
417 331.81 783.385 -261.512 878.728 4
418 RANDOM
419 377.428 781.366 -311.204 775.935 2
420 403.945 654.959 -397.923 632.166 2
