0 155.084 599.055 -374.423 521.084 2
1 186.49 587.491 -407.498 510.43 2
2 RANDOM
3 87.902 620.737 -176.152 615.612 2
4 130.474 586.674 -186.874 563.996 2
5 144.059 609.837 -162.33 572.143 2
6 246.82 571.779 -225.825 535.014 2
7 165.009 693.925 -70.4974 728.25 4
8 164.859 530.134 -278.463 540.025 4
9 122.582 560.635 -296.428 582.359 4
10 81.4533 613.444 -305.014 655.238 4
11 24.592 665.319 -285.806 733.477 4
12 146.394 495.44 -585.815 476.257 2
13 176.005 529.519 -307.654 511.529 2
14 230.324 487.217 -319.714 454.136 2
15 254.407 503.698 -294.401 461.743 2
16 246.82 571.779 -225.825 535.014 2
17 165.009 693.925 -70.4974 728.25 4
18 164.859 530.134 -278.463 540.025 4
19 122.582 560.635 -296.428 582.359 4
20 81.4533 613.444 -305.014 655.238 4
21 24.592 665.319 -285.806 733.477 4
22 RANDOM
23 103.197 531.641 -525.236 517.302 2
24 271.064 537.062 -446.007 452.932 2
25 176.005 529.519 -307.654 511.529 2
26 230.324 487.217 -319.714 454.136 2
27 254.407 503.698 -294.401 461.743 2
28 246.82 571.779 -225.825 535.014 2
29 165.009 693.925 -70.4974 728.25 4
30 164.859 530.134 -278.463 540.025 4
31 122.582 560.635 -296.428 582.359 4
32 81.4533 613.444 -305.014 655.238 4
33 24.592 665.319 -285.806 733.477 4
34 146.394 495.44 -585.815 476.257 2
35 176.005 529.519 -307.654 511.529 2
36 230.324 487.217 -319.714 454.136 2
37 254.407 503.698 -294.401 461.743 2
38 246.82 571.779 -225.825 535.014 2
39 165.009 693.925 -70.4974 728.25 4
40 164.82 513.385 -225.152 535.687 4
41 115.079 537.3 -244.853 569.083 4
42 67.6086 580.538 -254.326 629.615 4
43 9.30047 646.638 -238.068 722.632 4
44 134.127 466.81 -536.342 455.227 2
45 177.601 520.117 -269.386 512.056 2
46 233.218 475.479 -275.041 453.178 2
47 RANDOM
48 248.34 555.271 -167.638 529.311 2
49 171.645 699.332 -13.263 738.888 4
50 164.82 513.385 -225.152 535.687 4
51 115.079 537.3 -244.853 569.083 4
52 67.6086 580.538 -254.326 629.615 4
53 9.30047 646.638 -238.068 722.632 4
54 134.127 466.81 -536.342 455.227 2
55 177.601 520.117 -269.386 512.056 2
56 233.218 475.479 -275.041 453.178 2
57 258.408 492.255 -241.096 463.141 2
58 248.34 555.271 -167.638 529.311 2
59 171.645 699.332 -13.263 738.888 4
60 164.82 513.385 -225.152 535.687 4
61 115.079 537.3 -244.853 569.083 4
62 67.6086 580.538 -254.326 629.615 4
63 9.30047 646.638 -238.068 722.632 4
64 134.127 466.81 -536.342 455.227 2
65 177.601 520.117 -269.386 512.056 2
66 233.218 475.479 -275.041 453.178 2
67 258.408 492.255 -241.096 463.141 2
68 248.34 555.271 -167.638 529.311 2
69 171.645 699.332 -13.263 738.888 4
70 164.82 513.385 -225.152 535.687 4
71 115.079 537.3 -244.853 569.083 4
72 67.6086 580.538 -254.326 629.615 4
73 9.30047 646.638 -238.068 722.632 4
74 RANDOM
75 86.8981 509.064 -481.368 500.636 2
76 273.841 516.952 -398.872 442.296 2
77 RANDOM
78 233.218 475.479 -275.041 453.178 2
79 RANDOM
80 248.34 555.271 -167.638 529.311 2
81 171.645 699.332 -13.263 738.888 4
82 164.82 513.385 -225.152 535.687 4
83 115.079 537.3 -244.853 569.083 4
84 67.6086 580.538 -254.326 629.615 4
85 9.30047 646.638 -238.068 722.632 4
86 134.127 466.81 -536.342 455.227 2
87 177.601 520.117 -269.386 512.056 2
88 233.218 475.479 -275.041 453.178 2
89 258.408 492.255 -241.096 463.141 2
90 248.34 555.271 -167.638 529.311 2
91 171.645 699.332 -13.263 738.888 4
92 RANDOM
93 202.817 667.658 -62.0135 649.863 2
94 RANDOM
