0 3778.32 4124.9 4057.46 4471.86 4
1 3709.9 4051.63 3989.77 4190.56 4
2 5045.07 6459.32 5746.14 6914.36 4
3 4843.18 6259.81 5550.49 6600.16 4
4 RANDOM
5 4453.26 5819.41 5139.14 5981.02 4
6 4461.94 5824.9 5137.36 6144.94 4
7 4237.88 5513.59 4875.92 5731.37 4
8 4044.15 5230.18 4636.59 5376.49 4
9 3930.25 5053.41 4494.28 5170.18 4
10 4078.07 5168.75 4649.42 5306.09 4
11 3410.39 3941.21 3803.41 3916.88 2
12 4264.28 5338.98 4842.19 5716.14 4
13 3410.39 3941.21 3803.41 3916.88 2
14 4264.28 5338.98 4842.19 5716.14 4
15 RANDOM
16 2954.16 3148.08 3247.98 2991.9 3
17 3136.06 3413.99 3437.48 3391.45 3
