0 109.411 588.502 -390.452 507.227 2
1 141.963 578.144 -422.119 497.888 2
2 164.138 589.809 -439.633 506.29 2
3 32.4511 611.9 -188.456 608.674 2
4 76.1859 577.952 -199.05 556.886 2
5 90.4189 602.29 -173.633 566.257 2
6 197.238 567.721 -234.838 531.855 2
7 110.496 693.887 -76.495 733.191 4
8 116.408 517.873 -292.754 526.533 4
9 73.164 548.408 -310.932 568.61 4
10 30.8144 601.165 -319.599 640.918 4
11 -28.0919 653.826 -300.68 720.055 4
12 106.268 480.973 -603.503 456.184 2
13 125.87 520.658 -322.004 502.079 2
14 181.501 478.893 -333.099 445.491 2
15 206.18 496.868 -306.295 455.069 2
16 197.238 567.721 -234.838 531.855 2
17 110.496 693.887 -76.495 733.191 4
18 116.408 517.873 -292.754 526.533 4
19 73.164 548.408 -310.932 568.61 4
20 30.8144 601.165 -319.599 640.918 4
21 -28.0919 653.826 -300.68 720.055 4
22 106.268 480.973 -603.503 456.184 2
23 125.87 520.658 -322.004 502.079 2
24 181.501 478.893 -333.099 445.491 2
25 206.18 496.868 -306.295 455.069 2
26 197.238 567.721 -234.838 531.855 2
27 110.496 693.887 -76.495 733.191 4
28 116.408 517.873 -292.754 526.533 4
29 73.164 548.408 -310.932 568.61 4
30 30.8144 601.165 -319.599 640.918 4
31 -28.0919 653.826 -300.68 720.055 4
32 106.268 480.973 -603.503 456.184 2
33 125.87 520.658 -322.004 502.079 2
34 181.501 478.893 -333.099 445.491 2
35 206.18 496.868 -306.295 455.069 2
36 197.238 567.721 -234.838 531.855 2
37 110.496 693.887 -76.495 733.191 4
38 116.408 517.873 -292.754 526.533 4
39 73.164 548.408 -310.932 568.61 4
40 15.9618 568.091 -268.948 615.585 4
41 -44.3736 633.829 -252.956 708.087 4
42 93.0443 452.153 -554.071 435.423 2
43 126.704 511.258 -283.227 503.012 2
44 183.395 467.109 -287.889 444.945 2
45 209.675 486.676 -252.408 457.943 2
46 198.274 552.593 -176.417 527.748 2
47 116.057 699.066 -19.1297 744.057 4
48 115.206 500.971 -239.373 522.529 4
49 64.56 524.775 -259.309 555.477 4
50 15.9618 568.091 -268.948 615.585 4
51 -44.3736 633.829 -252.956 708.087 4
52 93.0443 452.153 -554.071 435.423 2
53 126.704 511.258 -283.227 503.012 2
54 183.395 467.109 -287.889 444.945 2
55 209.675 486.676 -252.408 457.943 2
56 198.274 552.593 -176.417 527.748 2
57 RANDOM
58 142.336 699.669 1.52211 732.1 4
59 -89.5567 857.678 84.9291 987.573 4
60 115.206 500.971 -239.373 522.529 4
61 RANDOM
62 15.9618 568.091 -268.948 615.585 4
63 -44.3736 633.829 -252.956 708.087 4
64 93.0443 452.153 -554.071 435.423 2
65 126.704 511.258 -283.227 503.012 2
66 183.395 467.109 -287.889 444.945 2
67 209.675 486.676 -252.408 457.943 2
68 RANDOM
69 149.264 667.254 -68.5882 652.129 2
70 153.667 556.922 -148.98 536.793 2
