0 -102.261 445.398 -578.587 382.27 2
1 -86.7816 443.399 -590.314 383.177 2
2 -78.649 454.314 -585.999 390.783 2
3 -205.335 446.432 -459.24 385.564 2
4 -180.281 439.558 -453.948 361.818 2
5 -175.124 436.747 -441.398 345.215 2
6 -92.4449 432.765 -503.514 360.616 2
7 -127.917 445.47 -451.524 358.42 2
8 -121.715 439.56 -451.739 343.978 2
9 -127.513 446.451 -453.523 353.03 2
10 -103.81 479.764 -448.855 389.817 2
11 -58.0955 404.519 -419.341 273.619 2
12 -46.3043 398.274 -421.568 260.366 2
13 -32.8143 406.374 -420.862 264.577 2
14 15.5385 432.276 -401.447 279.777 2
15 RANDOM
16 -19.7647 409.197 -464.557 269.257 2
17 -24.0826 421.415 -442.089 269.796 2
18 17.384 444.398 -392.55 273.018 2
19 -13.7591 446.585 -425.004 345.153 2
20 5.45135 468.487 -412.295 358.079 2
21 8.5722 487.924 -394.168 373.774 2
22 69.4484 495.89 -335.636 339.417 2
23 112.644 477.078 -189.308 275.052 2
24 167.941 461.937 -170.164 223.458 2
25 163.866 461.427 -183.447 218.304 2
26 182.417 462.583 -161.576 193.741 2
27 175.06 437.376 -127.496 164.281 2
28 272.274 437.444 -73.9851 116.809 2
29 280.343 443.317 -58.5166 116.3 2
30 339.377 466.514 39.4549 100.524 2
31 134.221 480.345 -43.0083 273.862 2
32 242.923 473.627 36.636 211.892 2
33 254.84 489.895 82.5203 216.513 2
34 336.864 521.823 206.727 200.723 2
35 57.0544 524.434 -75.8574 369.981 2
36 124.164 546.391 10.2559 358.923 2
37 182.32 556.387 90.5638 343.359 2
38 303.207 558.404 247.852 299.818 2
39 222.636 496.856 132.349 292.673 2
40 274.27 491.224 168.029 257.952 2
41 330.214 498.569 201.247 239.838 2
42 411.486 543.557 271.55 250.539 2
43 326.328 498.555 239.666 259.466 2
44 379.353 527.96 265.866 261.586 2
45 417.578 549.281 281.595 263.033 2
46 513.405 597.915 364.909 282.592 2
47 502.995 545.584 199.646 203.68 2
48 489.943 537.254 180.782 190.482 2
49 426.111 533.268 137.114 202.647 2
50 389.662 529.203 114.58 205.436 2
51 389.662 529.203 114.58 205.436 2
