0 -403.573 491.416 -632.482 429.825 2
1 -381.957 488.607 -644.595 429.291 2
2 -368.731 494.481 -643.382 432.98 2
3 -515.527 484.178 -514.156 431.157 2
4 RANDOM
5 -474.806 474.311 -494.884 388.225 2
6 -377.309 470.764 -551.49 396.959 2
7 -431.236 506.043 -496.909 431.476 2
8 -420.646 499.114 -494.94 413.477 2
9 -421.587 506.304 -496.083 420.703 2
10 -387.935 532.218 -488.703 445.105 2
11 -349.579 462.278 -458.76 342.553 2
12 -332.908 457.181 -460.188 328.342 2
13 -315.039 465.504 -458.627 329.409 2
14 -256.543 492.928 -434.031 344.046 2
15 -322.248 476.366 -539.308 365.362 2
16 -310.9 474.225 -503.084 339.084 2
17 -310.447 492.901 -475.402 344.788 2
18 -252.369 518.406 -416.63 347.514 2
19 -296.945 530.456 -452.849 438.061 2
20 -272.051 553.208 -435.637 448.847 2
21 -265.64 570.759 -414.85 460.356 2
22 -191.09 569.979 -345.339 412.356 2
23 -159.133 577.124 -188.821 388.966 2
24 -100.247 564.09 -166.978 339.323 2
25 -102.474 561.801 -179.29 329.991 2
26 -76.7782 552.318 -155.035 290.086 2
27 -74.0441 530.559 -111.041 266.044 2
28 26.3902 530.472 -56.3571 219.376 2
29 30.1522 528.713 -44.8779 211.671 2
30 99.9391 553.444 66.3311 195.242 2
31 -120.109 549.674 -32.2768 352.047 2
32 -6.18106 542.424 54.5672 289.546 2
33 10.3314 559.829 109.453 292.174 2
34 115.008 588.99 249.559 268.877 2
35 -206.588 603.194 -67.6318 459.471 2
36 -128.19 626.523 33.0789 446.341 2
37 -60.0199 635.117 120.924 427.103 2
38 74.6361 638.799 293.266 385.885 2
39 -24.7536 590.66 156.143 394.909 2
40 44.7665 581.425 206.677 352.631 2
41 105.046 605.176 247.291 351.287 2
42 196.742 653.156 325.237 362.71 2
43 99.3236 599.366 286.447 366.399 2
44 155.969 631.768 316.026 371.684 2
45 198.815 656.916 334.551 375.83 2
46 304.98 712.605 428.694 402.645 2
47 274.112 676.423 244.543 343.737 2
48 259.728 666.707 225.45 329.181 2
49 195.758 647.298 177.681 322.974 2
50 159.352 636.101 152.93 317.477 2
51 159.352 636.101 152.93 317.477 2
