0 1333.09 3026.25 -642.68 2894.55 2
1 1370.63 3004.02 -658.322 2877.89 2
2 1399.6 3041.51 -646.733 2918.65 2
3 1199.31 3003.76 -488.708 2828.31 2
4 RANDOM
5 1268.22 2942.62 -483.169 2777.83 2
6 1388.85 2832.88 -513.826 2691.1 2
7 1279.0 2902.96 -442.757 2753.87 2
8 1296.72 2835.4 -388.041 2637.58 2
9 1281.73 2840.91 -357.887 2630.95 2
10 1335.86 2736.94 -299.55 2517.53 2
11 1341.71 2765.56 -328.591 2512.99 2
12 1352.06 2748.61 -285.821 2465.9 2
13 1356.13 2747.27 -256.663 2448.98 2
14 1442.87 2579.78 -149.099 2241.2 2
15 RANDOM
16 1350.54 2925.41 -216.733 2649.77 2
17 1340.31 2941.89 -151.242 2643.72 2
18 1377.03 2820.77 -64.7352 2483.22 2
19 1419.01 3007.84 -307.267 2968.43 2
20 1434.43 2950.68 -219.448 2843.74 2
21 1454.46 2913.67 -110.669 2750.08 2
22 1555.19 2650.65 69.6149 2382.13 2
23 1488.0 3181.29 148.12 3127.77 2
24 1536.04 3015.9 226.449 2855.21 2
25 1536.98 2939.83 225.308 2725.76 2
26 1539.57 2731.8 274.24 2438.68 2
27 1577.2 2860.44 280.669 2723.99 2
28 1636.55 2747.85 379.781 2502.22 2
29 1663.05 2663.57 452.925 2340.46 2
30 1834.92 2521.29 698.862 2080.73 2
31 1528.98 2972.61 499.593 2870.17 2
32 1622.44 2787.99 692.42 2529.86 2
33 1680.71 2690.01 838.075 2337.07 2
34 1860.7 2649.03 1117.26 2178.31 2
35 1558.39 3140.2 588.384 3133.55 2
36 1611.09 3070.34 753.436 2967.56 2
37 1654.54 3023.9 908.623 2828.88 2
38 1775.17 2848.31 1229.06 2490.7 2
39 1653.37 3350.54 1000.59 3198.95 2
40 1707.41 3201.32 1074.86 2944.7 2
41 1759.06 3111.22 1153.92 2772.17 2
42 1859.9 2949.69 1316.32 2486.06 2
43 1791.16 3148.34 1272.86 2855.2 2
44 1830.61 3071.02 1311.73 2702.9 2
45 1867.3 2997.04 1335.85 2556.3 2
46 2081.65 3042.41 1546.19 2564.51 2
47 1945.85 3101.16 1122.61 2706.24 2
48 1863.73 3035.37 1021.46 2603.64 2
49 1791.1 3009.21 929.879 2569.61 2
50 1746.34 2950.16 894.633 2469.3 2
51 1746.34 2950.16 894.633 2469.3 2
