0 -353.466 29.9701 -646.221 16.3 2
1 -343.322 30.8009 -654.343 21.4044 2
2 -338.12 44.0048 -645.602 30.3837 2
3 -455.236 22.9049 -553.679 16.6244 2
4 -439.417 15.318 -545.813 -4.70517 2
5 -432.478 24.1937 -532.49 -8.38095 2
6 -359.475 21.4899 -596.72 13.88 2
7 -380.54 13.8265 -550.666 -9.40146 2
8 -385.511 -2.2743 -548.531 -32.6898 2
9 -391.355 9.67394 -549.073 -22.0626 2
10 -387.953 7.64196 -555.753 -15.8158 2
11 -352.286 -70.9764 -519.084 -136.342 2
12 -345.967 -79.9386 -523.881 -151.701 2
13 -338.057 -79.548 -534.321 -153.385 2
14 -300.002 -58.7726 -531.257 -138.122 2
15 -313.032 -63.6281 -605.704 -105.94 2
16 -305.339 -75.3214 -585.759 -138.74 2
17 -311.228 -75.1491 -575.971 -150.456 2
18 -292.681 -59.5485 -555.075 -145.067 2
19 -294.959 -50.6942 -553.334 -90.7877 2
20 -288.357 -39.8778 -554.787 -84.5982 2
21 -287.435 -32.4037 -551.69 -79.818 2
22 -248.62 -23.0138 -514.051 -100.29 2
23 -187.103 -51.1815 -409.991 -183.273 2
24 -142.58 -64.4193 -396.212 -227.562 2
25 -149.873 -61.0663 -407.732 -223.651 2
26 -137.585 -51.5805 -378.46 -230.618 2
27 -156.398 -70.6195 -358.966 -259.282 2
28 -73.2932 -78.6722 -312.603 -307.811 1
29 -24.2949 -123.474 -338.167 -382.29 1
