0 -1.9306 20.796 -0.285012 20.1906 2
1 -1.9306 20.796 -0.285012 20.1906 2
2 -1.9306 20.796 -0.285012 20.1906 2
3 -1.9306 20.796 -0.285012 20.1906 2
4 -1.9306 20.796 -0.285012 20.1906 2
5 -1.9306 20.796 -0.285012 20.1906 2
6 -1.9306 20.796 -0.285012 20.1906 2
7 -1.9306 20.796 -0.285012 20.1906 2
8 -1.9306 20.796 -0.285012 20.1906 2
9 -1.9306 20.796 -0.285012 20.1906 2
10 -1.9306 20.796 -0.285012 20.1906 2
11 -1.9306 20.796 -0.285012 20.1906 2
12 -1.9306 20.796 -0.285012 20.1906 2
13 -1.9306 20.796 -0.285012 20.1906 2
14 -1.9306 20.796 -0.285012 20.1906 2
15 -1.9306 20.796 -0.285012 20.1906 2
16 RANDOM
17 -1.9306 20.796 -0.285012 20.1906 2
18 -1.9306 20.796 -0.285012 20.1906 2
19 -1.9306 20.796 -0.285012 20.1906 2
20 -1.9306 20.796 -0.285012 20.1906 2
21 -1.9306 20.796 -0.285012 20.1906 2
22 -1.9306 20.796 -0.285012 20.1906 2
23 -1.9306 20.796 -0.285012 20.1906 2
24 -1.9306 20.796 -0.285012 20.1906 2
25 -1.9306 20.796 -0.285012 20.1906 2
26 -1.9306 20.796 -0.285012 20.1906 2
27 -1.9306 20.796 -0.285012 20.1906 2
28 -1.9306 20.796 -0.285012 20.1906 2
29 -1.9306 20.796 -0.285012 20.1906 2
30 -1.9306 20.796 -0.285012 20.1906 2
31 -1.9306 20.796 -0.285012 20.1906 2
32 -1.9306 20.796 -0.285012 20.1906 2
33 -1.9306 20.796 -0.285012 20.1906 2
34 -1.9306 20.796 -0.285012 20.1906 2
35 -1.9306 20.796 -0.285012 20.1906 2
36 -1.9306 20.796 -0.285012 20.1906 2
37 -1.9306 20.796 -0.285012 20.1906 2
38 -1.9306 20.796 -0.285012 20.1906 2
39 -1.9306 20.796 -0.285012 20.1906 2
40 RANDOM
41 -1.9306 20.796 -0.285012 20.1906 2
42 -1.9306 20.796 -0.285012 20.1906 2
43 -1.9306 20.796 -0.285012 20.1906 2
44 -1.9306 20.796 -0.285012 20.1906 2
45 -1.9306 20.796 -0.285012 20.1906 2
46 -1.9306 20.796 -0.285012 20.1906 2
47 -1.9306 20.796 -0.285012 20.1906 2
48 -1.9306 20.796 -0.285012 20.1906 2
49 -1.9306 20.796 -0.285012 20.1906 2
50 -1.9306 20.796 -0.285012 20.1906 2
51 -1.9306 20.796 -0.285012 20.1906 2
