0 -252.189 94.7377 -320.09 50.3058 2
1 -251.955 101.586 -327.585 66.9215 2
2 -259.62 115.102 -317.442 83.5285 2
3 -295.91 113.929 -283.76 96.23 2
4 -296.936 106.589 -277.55 81.0522 2
5 -306.09 108.725 -263.687 75.122 2
6 -264.951 115.278 -307.755 98.3682 2
7 -261.203 107.773 -283.112 86.3896 2
8 -270.627 96.9443 -273.629 66.3196 2
9 -282.037 99.4685 -269.069 63.9129 2
10 -288.938 98.0155 -275.025 64.3261 2
11 -255.768 80.1218 -250.584 24.8682 2
12 -258.625 76.4268 -253.754 14.014 2
13 -262.974 70.887 -260.973 1.85258 2
14 -249.109 81.7872 -266.409 7.60272 2
15 -221.142 91.1141 -326.925 43.7433 2
16 -226.486 86.836 -312.04 23.8727 2
17 -244.546 75.477 -307.642 4.1966 2
18 -242.016 86.4232 -302.036 11.235 2
19 -219.953 79.9608 -306.803 30.4884 2
20 -223.969 84.6451 -315.671 30.3733 2
21 -232.203 81.2288 -317.474 20.5116 2
22 -215.349 88.5909 -295.683 13.871 2
23 -193.57 82.4854 -223.73 -23.6488 2
24 -141.36 76.3865 -204.713 -63.3835 2
25 -139.309 71.9383 -206.997 -71.6194 2
26 -143.604 78.0115 -188.755 -68.117 2
27 -202.819 82.1464 -201.944 -48.6194 2
28 -152.718 50.3465 -183.353 -115.639 2
29 -97.5941 55.0305 -156.423 -131.745 2
30 -77.6744 89.3237 -118.989 -98.116 2
31 -234.199 69.0821 -180.666 -44.3428 2
32 -182.28 65.2035 -142.082 -77.5922 2
33 -167.856 83.602 -114.403 -62.3435 2
34 -155.667 113.096 -66.5149 -32.04 2
35 -243.14 76.8744 -192.438 -18.6788 2
36 -233.764 61.0573 -170.714 -45.8336 2
37 -237.383 60.8936 -151.773 -48.5204 2
38 -226.891 84.63 -92.2273 -27.75 2
39 -114.49 28.5753 -84.3686 -109.439 2
40 -115.162 35.4707 -83.4974 -102.758 2
41 -112.536 34.8935 -82.5344 -105.969 2
42 -86.8783 26.2016 -49.7318 -124.306 2
43 -70.2976 20.1738 -30.269 -132.694 2
44 -69.462 21.7457 -35.1874 -133.89 2
45 -68.1048 28.9355 -42.2029 -126.85 2
46 RANDOM
47 -16.2436 17.5774 -118.852 -175.486 2
48 -44.3119 21.3358 -136.019 -163.296 2
49 -83.213 26.1807 -157.92 -145.214 2
50 RANDOM
51 -149.931 28.3575 -193.792 -117.92 2
52 -101.512 32.6719 -159.656 -129.656 2
