0 377.798 359.129 387.966 393.188 4
1 389.381 357.492 386.531 403.037 4
2 378.884 353.923 382.957 393.501 4
3 385.444 359.25 388.394 400.398 4
4 393.721 365.28 394.646 409.189 4
5 403.221 371.507 401.121 419.404 4
6 385.117 359.935 389.021 400.353 4
7 393.205 366.115 395.354 408.885 4
8 402.233 372.131 401.624 418.638 4
9 412.377 378.296 408.027 429.836 4
10 391.202 368.172 397.306 407.88 4
11 396.744 372.657 401.919 414.038 4
12 404.315 378.156 407.693 422.666 4
13 416.936 387.447 417.436 436.853 4
14 392.233 370.098 399.648 410.542 4
15 400.044 376.572 406.398 419.349 4
16 412.461 386.697 416.978 433.323 4
17 429.646 400.609 431.564 452.679 4
18 398.462 375.745 405.895 418.565 4
19 408.793 384.488 415.172 430.332 4
20 424.228 397.415 428.804 447.848 4
21 445.306 414.914 447.481 472.036 4
22 404.551 380.486 411.073 426.259 4
23 414.99 389.276 420.411 438.139 4
24 431.868 403.372 435.486 457.585 4
25 RANDOM
26 401.235 380.209 411.387 422.176 4
27 409.119 387.1 418.723 431.2 4
28 421.7 397.927 430.352 445.86 4
29 439.296 412.899 446.564 466.602 4
30 401.638 381.001 414.465 426.744 4
31 415.841 393.652 428.577 443.774 4
32 RANDOM
33 466.886 439.738 479.643 503.5 4
34 420.126 398.976 436.085 450.526 4
35 441.591 418.707 458.212 475.75 4
36 468.719 443.732 486.625 507.979 4
37 500.801 473.375 520.094 546.196 4
38 435.428 413.39 453.42 470.252 4
39 460.823 436.973 480.169 500.226 4
40 493.656 467.5 514.503 538.842 4
41 531.147 502.597 553.654 583.167 4
42 433.798 413.216 457.589 475.952 4
43 456.849 434.957 482.255 503.332 4
44 490.279 466.556 518.007 542.693 4
45 530.676 505.103 560.914 590.082 4
46 416.592 399.052 450.141 464.438 4
47 446.015 427.021 482.521 499.491 4
48 481.405 460.646 521.329 541.441 4
49 522.011 499.388 565.714 589.525 4
50 480.691 461.474 529.087 547.938 4
51 480.691 461.474 529.087 547.938 4
