0 -7.07929 23.5905 14.4317 24.6562 4
1 -7.07929 23.5905 14.4317 24.6562 4
2 -7.07929 23.5905 14.4317 24.6562 4
3 -7.07929 23.5905 14.4317 24.6562 4
4 -7.07929 23.5905 14.4317 24.6562 4
5 -7.07929 23.5905 14.4317 24.6562 4
6 -7.07929 23.5905 14.4317 24.6562 4
7 -7.07929 23.5905 14.4317 24.6562 4
8 RANDOM
9 -7.07929 23.5905 14.4317 24.6562 4
10 -7.07929 23.5905 14.4317 24.6562 4
11 -7.07929 23.5905 14.4317 24.6562 4
12 -7.07929 23.5905 14.4317 24.6562 4
13 -7.07929 23.5905 14.4317 24.6562 4
14 RANDOM
15 RANDOM
16 -7.07929 23.5905 14.4317 24.6562 4
17 -7.07929 23.5905 14.4317 24.6562 4
18 -7.07929 23.5905 14.4317 24.6562 4
19 -7.07929 23.5905 14.4317 24.6562 4
20 -7.07929 23.5905 14.4317 24.6562 4
21 -7.07929 23.5905 14.4317 24.6562 4
22 -7.07929 23.5905 14.4317 24.6562 4
23 RANDOM
24 -7.07929 23.5905 14.4317 24.6562 4
25 -7.07929 23.5905 14.4317 24.6562 4
26 -7.07929 23.5905 14.4317 24.6562 4
27 -7.07929 23.5905 14.4317 24.6562 4
28 -7.07929 23.5905 14.4317 24.6562 4
29 -7.07929 23.5905 14.4317 24.6562 4
30 -7.07929 23.5905 14.4317 24.6562 4
31 -7.07929 23.5905 14.4317 24.6562 4
32 -7.07929 23.5905 14.4317 24.6562 4
33 -7.07929 23.5905 14.4317 24.6562 4
34 RANDOM
35 -7.07929 23.5905 14.4317 24.6562 4
36 -7.07929 23.5905 14.4317 24.6562 4
37 -7.07929 23.5905 14.4317 24.6562 4
38 -7.07929 23.5905 14.4317 24.6562 4
39 -7.07929 23.5905 14.4317 24.6562 4
40 -7.07929 23.5905 14.4317 24.6562 4
41 -7.07929 23.5905 14.4317 24.6562 4
42 -19.455 25.7346 -11.4982 64.9873 4
43 -20.9943 28.2149 -10.3948 67.1055 4
44 -23.6393 31.0249 -9.20982 69.1147 4
45 -26.9933 33.8647 -7.69162 70.8517 4
46 -16.6808 23.4877 -13.0385 62.5505 4
47 -15.7324 20.5267 -11.1118 56.6659 4
48 -14.4777 18.7515 -8.99654 52.438 4
49 -13.128 17.1995 -6.74073 48.3373 4
50 -10.0662 24.1621 27.6307 25.3439 3
51 -9.42601 25.6591 21.1129 24.1957 2
