0 RANDOM
1 -378.751 183.257 -764.829 163.678 2
2 -359.763 196.728 -766.271 174.931 2
3 -504.327 165.686 -616.945 176.474 4
4 -492.365 155.055 -832.643 199.041 4
5 -529.236 148.073 -809.091 194.934 4
6 -571.237 143.466 -787.594 193.969 4
7 -619.344 141.38 -753.081 195.65 4
8 15.3517 209.928 -1300.78 161.954 2
9 -440.507 194.062 -729.521 174.588 2
10 -405.721 181.895 -746.953 161.86 2
11 -378.751 183.257 -764.829 163.678 2
12 -359.763 196.728 -766.271 174.931 2
13 -504.327 165.686 -616.945 176.474 4
14 -492.365 155.055 -832.643 199.041 4
15 -529.236 148.073 -809.091 194.934 4
16 -571.237 143.466 -787.594 193.969 4
17 -619.344 141.38 -753.081 195.65 4
18 15.3517 209.928 -1300.78 161.954 2
19 -440.507 194.062 -729.521 174.588 2
20 -405.721 181.895 -746.953 161.86 2
21 -378.751 183.257 -764.829 163.678 2
22 -359.763 196.728 -766.271 174.931 2
23 -504.327 165.686 -616.945 176.474 4
24 -492.365 155.055 -832.643 199.041 4
25 -529.236 148.073 -809.091 194.934 4
26 -571.237 143.466 -787.594 193.969 4
27 -619.344 141.38 -753.081 195.65 4
28 15.3517 209.928 -1300.78 161.954 2
29 -440.507 194.062 -729.521 174.588 2
30 -405.721 181.895 -746.953 161.86 2
31 -378.751 183.257 -764.829 163.678 2
32 -359.763 196.728 -766.271 174.931 2
33 -504.327 165.686 -616.945 176.474 4
34 -492.365 155.055 -832.643 199.041 4
35 -529.236 148.073 -809.091 194.934 4
36 -571.237 143.466 -787.594 193.969 4
37 -619.344 141.38 -753.081 195.65 4
38 15.3517 209.928 -1300.78 161.954 2
39 -440.507 194.062 -729.521 174.588 2
40 RANDOM
41 -389.04 156.788 -736.004 137.616 2
42 -372.288 164.501 -736.327 141.733 2
43 -510.783 142.002 -597.17 153.298 4
44 -511.869 131.653 -807.098 173.39 4
45 -549.805 124.874 -782.997 169.179 4
46 -591.754 123.466 -759.129 172.266 4
47 RANDOM
48 -10.4986 167.894 -1298.32 113.96 2
49 -449.148 173.062 -709.039 153.548 2
50 -414.714 156.675 -722.27 137.145 2
51 -389.04 156.788 -736.004 137.616 2
52 -372.288 164.501 -736.327 141.733 2
53 -510.783 142.002 -597.17 153.298 4
54 -511.869 131.653 -807.098 173.39 4
55 -549.805 124.874 -782.997 169.179 4
56 -591.754 123.466 -759.129 172.266 4
57 -641.046 121.527 -728.425 172.525 4
58 -10.4986 167.894 -1298.32 113.96 2
59 -449.148 173.062 -709.039 153.548 2
60 -414.714 156.675 -722.27 137.145 2
61 -389.04 156.788 -736.004 137.616 2
62 -372.288 164.501 -736.327 141.733 2
63 -510.783 142.002 -597.17 153.298 4
64 -511.869 131.653 -807.098 173.39 4
65 -549.805 124.874 -782.997 169.179 4
66 -591.754 123.466 -759.129 172.266 4
67 -641.046 121.527 -728.425 172.525 4
68 -10.4986 167.894 -1298.32 113.96 2
69 -449.148 173.062 -709.039 153.548 2
70 -414.714 156.675 -722.27 137.145 2
71 -389.04 156.788 -736.004 137.616 2
72 -372.288 164.501 -736.327 141.733 2
73 -510.783 142.002 -597.17 153.298 4
74 -511.869 131.653 -807.098 173.39 4
75 -549.805 124.874 -782.997 169.179 4
76 -591.754 123.466 -759.129 172.266 4
77 -641.046 121.527 -728.425 172.525 4
78 -10.4986 167.894 -1298.32 113.96 2
79 -449.148 173.062 -709.039 153.548 2
80 -414.714 156.675 -722.27 137.145 2
81 -389.04 156.788 -736.004 137.616 2
82 -372.288 164.501 -736.327 141.733 2
83 -510.783 142.002 -597.17 153.298 4
84 -511.869 131.653 -807.098 173.39 4
85 -549.805 124.874 -782.997 169.179 4
86 -591.754 123.466 -759.129 172.266 4
87 -641.046 121.527 -728.425 172.525 4
88 -10.4986 167.894 -1298.32 113.96 2
89 -449.148 173.062 -709.039 153.548 2
90 -414.714 156.675 -722.27 137.145 2
91 -389.04 156.788 -736.004 137.616 2
92 -372.288 164.501 -736.327 141.733 2
93 -510.783 142.002 -597.17 153.298 4
94 -511.869 131.653 -807.098 173.39 4
95 -549.805 124.874 -782.997 169.179 4
96 RANDOM
97 -641.046 121.527 -728.425 172.525 4
98 -10.4986 167.894 -1298.32 113.96 2
99 -449.148 173.062 -709.039 153.548 2
100 -408.289 158.507 -745.42 142.512 2
101 -385.124 158.149 -757.572 142.852 2
102 RANDOM
103 -495.582 154.001 -637.747 168.143 4
104 -503.548 135.206 -816.075 181.498 4
105 -541.75 126.641 -791.338 175.549 4
106 -584.5 124.696 -766.694 177.854 4
107 -634.84 119.912 -735.649 174.632 4
108 -3.18588 165.071 -1315.54 115.02 2
109 RANDOM
110 -408.289 158.507 -745.42 142.512 2
111 -385.124 158.149 -757.572 142.852 2
112 -366.492 172.574 -759.402 156.747 2
113 -495.582 154.001 -637.747 168.143 4
114 RANDOM
115 -541.75 126.641 -791.338 175.549 4
116 -584.5 124.696 -766.694 177.854 4
117 -634.84 119.912 -735.649 174.632 4
118 -3.18588 165.071 -1315.54 115.02 2
119 -440.277 174.508 -732.265 158.805 2
120 -408.289 158.507 -745.42 142.512 2
121 -385.124 158.149 -757.572 142.852 2
122 -366.492 172.574 -759.402 156.747 2
123 -495.582 154.001 -637.747 168.143 4
124 -503.548 135.206 -816.075 181.498 4
125 -541.75 126.641 -791.338 175.549 4
126 -584.5 124.696 -766.694 177.854 4
127 -634.84 119.912 -735.649 174.632 4
128 -3.18588 165.071 -1315.54 115.02 2
129 -440.277 174.508 -732.265 158.805 2
130 -408.289 158.507 -745.42 142.512 2
131 -385.124 158.149 -757.572 142.852 2
132 -366.492 172.574 -759.402 156.747 2
133 -495.582 154.001 -637.747 168.143 4
134 -503.548 135.206 -816.075 181.498 4
135 -541.75 126.641 -791.338 175.549 4
136 -584.5 124.696 -766.694 177.854 4
137 -634.84 119.912 -735.649 174.632 4
138 -3.18588 165.071 -1315.54 115.02 2
139 -440.277 174.508 -732.265 158.805 2
140 -408.289 158.507 -745.42 142.512 2
141 -385.124 158.149 -757.572 142.852 2
142 -366.492 172.574 -759.402 156.747 2
143 -495.582 154.001 -637.747 168.143 4
144 -503.548 135.206 -816.075 181.498 4
145 -541.75 126.641 -791.338 175.549 4
146 -584.5 124.696 -766.694 177.854 4
147 -634.84 119.912 -735.649 174.632 4
148 -3.18588 165.071 -1315.54 115.02 2
149 -440.277 174.508 -732.265 158.805 2
150 -408.289 158.507 -745.42 142.512 2
151 -385.124 158.149 -757.572 142.852 2
152 -366.492 172.574 -759.402 156.747 2
153 -495.582 154.001 -637.747 168.143 4
154 -503.548 135.206 -816.075 181.498 4
155 -541.75 126.641 -791.338 175.549 4
156 -584.5 124.696 -766.694 177.854 4
157 -634.84 119.912 -735.649 174.632 4
158 -3.18588 165.071 -1315.54 115.02 2
159 -440.277 174.508 -732.265 158.805 2
160 -408.289 158.507 -745.42 142.512 2
161 RANDOM
162 -366.492 172.574 -759.402 156.747 2
163 -495.582 154.001 -637.747 168.143 4
164 -503.548 135.206 -816.075 181.498 4
165 -541.75 126.641 -791.338 175.549 4
166 -584.5 124.696 -766.694 177.854 4
167 -634.84 119.912 -735.649 174.632 4
168 -3.18588 165.071 -1315.54 115.02 2
169 -440.277 174.508 -732.265 158.805 2
170 -408.289 158.507 -745.42 142.512 2
171 -385.124 158.149 -757.572 142.852 2
172 -366.492 172.574 -759.402 156.747 2
173 RANDOM
174 -464.453 140.682 -628.217 137.777 2
175 -454.917 148.361 -606.272 130.45 2
176 -371.16 141.425 -638.386 128.866 2
177 -455.693 165.702 -572.358 174.246 4
178 -446.838 90.6479 -667.303 112.595 4
179 -482.774 103.296 -684.332 140.476 4
180 -519.855 122.004 -690.201 178.385 4
181 -571.32 149.543 -688.21 230.196 4
182 -450.003 96.0532 -848.002 135.732 4
183 -489.31 105.27 -821.542 148.291 4
184 -534.62 104.238 -794.656 149.922 4
185 -595.352 95.1665 -755.765 137.164 4
186 52.2238 153.567 -1334.7 87.8656 2
187 -392.009 137.962 -752.098 111.568 2
188 -357.45 119.786 -763.663 93.8051 2
189 -332.636 123.55 -773.825 99.4328 2
190 -307.94 138.264 -773.045 115.904 2
191 -413.239 112.159 -703.968 127.506 4
192 -450.003 96.0532 -848.002 135.732 4
193 -489.31 105.27 -821.542 148.291 4
194 -534.62 104.238 -794.656 149.922 4
195 -595.352 95.1665 -755.765 137.164 4
196 52.2238 153.567 -1334.7 87.8656 2
197 -392.009 137.962 -752.098 111.568 2
198 -357.45 119.786 -763.663 93.8051 2
199 -332.636 123.55 -773.825 99.4328 2
200 -307.94 138.264 -773.045 115.904 2
201 -413.239 112.159 -703.968 127.506 4
202 -450.003 96.0532 -848.002 135.732 4
203 -489.31 105.27 -821.542 148.291 4
204 -534.62 104.238 -794.656 149.922 4
205 -595.352 95.1665 -755.765 137.164 4
206 52.2238 153.567 -1334.7 87.8656 2
207 -392.009 137.962 -752.098 111.568 2
208 -357.45 119.786 -763.663 93.8051 2
209 -332.636 123.55 -773.825 99.4328 2
210 -307.94 138.264 -773.045 115.904 2
211 -413.239 112.159 -703.968 127.506 4
212 -450.003 96.0532 -848.002 135.732 4
213 -489.31 105.27 -821.542 148.291 4
214 -534.62 104.238 -794.656 149.922 4
215 -595.352 95.1665 -755.765 137.164 4
216 52.2238 153.567 -1334.7 87.8656 2
217 -392.009 137.962 -752.098 111.568 2
218 -357.45 119.786 -763.663 93.8051 2
219 -332.636 123.55 -773.825 99.4328 2
220 -307.94 138.264 -773.045 115.904 2
221 -413.239 112.159 -703.968 127.506 4
222 -450.003 96.0532 -848.002 135.732 4
223 -489.31 105.27 -821.542 148.291 4
224 -534.62 104.238 -794.656 149.922 4
225 -595.352 95.1665 -755.765 137.164 4
226 52.2238 153.567 -1334.7 87.8656 2
227 -392.009 137.962 -752.098 111.568 2
228 -357.45 119.786 -763.663 93.8051 2
229 -332.636 123.55 -773.825 99.4328 2
230 -307.94 138.264 -773.045 115.904 2
231 -413.239 112.159 -703.968 127.506 4
232 -450.003 96.0532 -848.002 135.732 4
233 -489.31 105.27 -821.542 148.291 4
234 -534.62 104.238 -794.656 149.922 4
235 -595.352 95.1665 -755.765 137.164 4
236 52.2238 153.567 -1334.7 87.8656 2
237 -392.009 137.962 -752.098 111.568 2
238 -357.45 119.786 -763.663 93.8051 2
239 -332.636 123.55 -773.825 99.4328 2
240 -307.94 138.264 -773.045 115.904 2
241 -413.239 112.159 -703.968 127.506 4
242 -450.003 96.0532 -848.002 135.732 4
243 -489.31 105.27 -821.542 148.291 4
244 -534.62 104.238 -794.656 149.922 4
245 -595.352 95.1665 -755.765 137.164 4
246 52.2238 153.567 -1334.7 87.8656 2
247 -392.009 137.962 -752.098 111.568 2
248 -357.45 119.786 -763.663 93.8051 2
249 -332.636 123.55 -773.825 99.4328 2
250 -307.94 138.264 -773.045 115.904 2
251 -413.239 112.159 -703.968 127.506 4
252 -450.003 96.0532 -848.002 135.732 4
253 -489.31 105.27 -821.542 148.291 4
254 -534.62 104.238 -794.656 149.922 4
255 -595.352 95.1665 -755.765 137.164 4
256 52.2238 153.567 -1334.7 87.8656 2
257 -392.009 137.962 -752.098 111.568 2
258 -357.45 119.786 -763.663 93.8051 2
259 -332.636 123.55 -773.825 99.4328 2
260 -307.94 138.264 -773.045 115.904 2
261 -413.239 112.159 -703.968 127.506 4
262 -450.003 96.0532 -848.002 135.732 4
263 -489.31 105.27 -821.542 148.291 4
264 -534.62 104.238 -794.656 149.922 4
265 -595.352 95.1665 -755.765 137.164 4
266 52.2238 153.567 -1334.7 87.8656 2
267 -392.009 137.962 -752.098 111.568 2
268 -357.45 119.786 -763.663 93.8051 2
269 -332.636 123.55 -773.825 99.4328 2
270 -307.94 138.264 -773.045 115.904 2
271 -413.239 112.159 -703.968 127.506 4
272 -450.003 96.0532 -848.002 135.732 4
273 -489.31 105.27 -821.542 148.291 4
274 RANDOM
275 -595.352 95.1665 -755.765 137.164 4
276 52.2238 153.567 -1334.7 87.8656 2
277 -392.009 137.962 -752.098 111.568 2
278 -357.45 119.786 -763.663 93.8051 2
279 -332.636 123.55 -773.825 99.4328 2
280 -307.94 138.264 -773.045 115.904 2
281 -413.239 112.159 -703.968 127.506 4
282 -450.003 96.0532 -848.002 135.732 4
283 -489.31 105.27 -821.542 148.291 4
284 -534.62 104.238 -794.656 149.922 4
285 -595.352 95.1665 -755.765 137.164 4
286 52.2238 153.567 -1334.7 87.8656 2
287 -392.009 137.962 -752.098 111.568 2
288 -357.45 119.786 -763.663 93.8051 2
289 -332.636 123.55 -773.825 99.4328 2
290 -307.94 138.264 -773.045 115.904 2
291 -413.239 112.159 -703.968 127.506 4
292 -450.003 96.0532 -848.002 135.732 4
293 -489.31 105.27 -821.542 148.291 4
294 -534.62 104.238 -794.656 149.922 4
295 -595.352 95.1665 -755.765 137.164 4
296 52.2238 153.567 -1334.7 87.8656 2
297 -392.009 137.962 -752.098 111.568 2
298 -357.45 119.786 -763.663 93.8051 2
299 -332.636 123.55 -773.825 99.4328 2
300 -307.94 138.264 -773.045 115.904 2
301 -413.239 112.159 -703.968 127.506 4
302 -450.003 96.0532 -848.002 135.732 4
303 -489.31 105.27 -821.542 148.291 4
304 -534.62 104.238 -794.656 149.922 4
305 -595.352 95.1665 -755.765 137.164 4
306 52.2238 153.567 -1334.7 87.8656 2
307 -392.009 137.962 -752.098 111.568 2
308 -357.45 119.786 -763.663 93.8051 2
309 -332.636 123.55 -773.825 99.4328 2
310 -307.94 138.264 -773.045 115.904 2
311 -413.239 112.159 -703.968 127.506 4
312 -450.003 96.0532 -848.002 135.732 4
313 -489.31 105.27 -821.542 148.291 4
314 -534.62 104.238 -794.656 149.922 4
315 -595.352 95.1665 -755.765 137.164 4
316 52.2238 153.567 -1334.7 87.8656 2
317 -392.009 137.962 -752.098 111.568 2
318 -357.45 119.786 -763.663 93.8051 2
319 -332.636 123.55 -773.825 99.4328 2
320 -307.94 138.264 -773.045 115.904 2
321 -413.239 112.159 -703.968 127.506 4
322 -450.003 96.0532 -848.002 135.732 4
323 -489.31 105.27 -821.542 148.291 4
324 -534.62 104.238 -794.656 149.922 4
325 -595.352 95.1665 -755.765 137.164 4
326 52.2238 153.567 -1334.7 87.8656 2
327 -392.009 137.962 -752.098 111.568 2
328 -357.45 119.786 -763.663 93.8051 2
329 -332.636 123.55 -773.825 99.4328 2
330 -307.94 138.264 -773.045 115.904 2
331 -413.239 112.159 -703.968 127.506 4
332 -450.003 96.0532 -848.002 135.732 4
333 -489.31 105.27 -821.542 148.291 4
334 -534.62 104.238 -794.656 149.922 4
335 -595.352 95.1665 -755.765 137.164 4
336 52.2238 153.567 -1334.7 87.8656 2
337 -392.009 137.962 -752.098 111.568 2
338 -357.45 119.786 -763.663 93.8051 2
339 -332.636 123.55 -773.825 99.4328 2
340 -307.94 138.264 -773.045 115.904 2
341 -413.239 112.159 -703.968 127.506 4
342 -450.003 96.0532 -848.002 135.732 4
343 -489.31 105.27 -821.542 148.291 4
344 -534.62 104.238 -794.656 149.922 4
345 -595.352 95.1665 -755.765 137.164 4
346 52.2238 153.567 -1334.7 87.8656 2
347 -392.009 137.962 -752.098 111.568 2
348 -357.45 119.786 -763.663 93.8051 2
349 -332.636 123.55 -773.825 99.4328 2
350 -307.94 138.264 -773.045 115.904 2
351 -413.239 112.159 -703.968 127.506 4
352 -450.003 96.0532 -848.002 135.732 4
353 -489.31 105.27 -821.542 148.291 4
354 -534.62 104.238 -794.656 149.922 4
355 -595.352 95.1665 -755.765 137.164 4
356 52.2238 153.567 -1334.7 87.8656 2
357 -392.009 137.962 -752.098 111.568 2
358 -357.45 119.786 -763.663 93.8051 2
359 -332.636 123.55 -773.825 99.4328 2
360 -307.94 138.264 -773.045 115.904 2
361 -413.239 112.159 -703.968 127.506 4
362 -450.003 96.0532 -848.002 135.732 4
363 -489.31 105.27 -821.542 148.291 4
364 -534.62 104.238 -794.656 149.922 4
365 -595.352 95.1665 -755.765 137.164 4
366 52.2238 153.567 -1334.7 87.8656 2
367 -392.009 137.962 -752.098 111.568 2
368 -357.45 119.786 -763.663 93.8051 2
369 -332.636 123.55 -773.825 99.4328 2
370 -307.94 138.264 -773.045 115.904 2
371 -413.239 112.159 -703.968 127.506 4
372 -450.003 96.0532 -848.002 135.732 4
373 -489.31 105.27 -821.542 148.291 4
374 -534.62 104.238 -794.656 149.922 4
375 -595.352 95.1665 -755.765 137.164 4
376 52.2238 153.567 -1334.7 87.8656 2
377 -392.009 137.962 -752.098 111.568 2
378 -357.45 119.786 -763.663 93.8051 2
379 -332.636 123.55 -773.825 99.4328 2
380 -307.94 138.264 -773.045 115.904 2
381 -413.239 112.159 -703.968 127.506 4
382 -450.003 96.0532 -848.002 135.732 4
383 -489.31 105.27 -821.542 148.291 4
384 -534.62 104.238 -794.656 149.922 4
385 -595.352 95.1665 -755.765 137.164 4
386 52.2238 153.567 -1334.7 87.8656 2
387 -392.009 137.962 -752.098 111.568 2
388 -357.45 119.786 -763.663 93.8051 2
389 -332.636 123.55 -773.825 99.4328 2
390 -307.94 138.264 -773.045 115.904 2
391 -413.239 112.159 -703.968 127.506 4
392 -450.003 96.0532 -848.002 135.732 4
393 RANDOM
394 -534.62 104.238 -794.656 149.922 4
395 -595.352 95.1665 -755.765 137.164 4
396 52.2238 153.567 -1334.7 87.8656 2
397 -392.009 137.962 -752.098 111.568 2
398 -357.45 119.786 -763.663 93.8051 2
399 -332.636 123.55 -773.825 99.4328 2
400 -307.94 138.264 -773.045 115.904 2
401 -413.239 112.159 -703.968 127.506 4
402 -450.003 96.0532 -848.002 135.732 4
403 -489.31 105.27 -821.542 148.291 4
404 -534.62 104.238 -794.656 149.922 4
405 -595.352 95.1665 -755.765 137.164 4
406 52.2238 153.567 -1334.7 87.8656 2
407 -392.009 137.962 -752.098 111.568 2
408 -357.45 119.786 -763.663 93.8051 2
409 -332.636 123.55 -773.825 99.4328 2
410 -307.94 138.264 -773.045 115.904 2
411 -413.239 112.159 -703.968 127.506 4
412 -450.003 96.0532 -848.002 135.732 4
413 -489.31 105.27 -821.542 148.291 4
414 -534.62 104.238 -794.656 149.922 4
415 -595.352 95.1665 -755.765 137.164 4
416 52.2238 153.567 -1334.7 87.8656 2
417 -392.009 137.962 -752.098 111.568 2
418 -357.45 119.786 -763.663 93.8051 2
419 -332.636 123.55 -773.825 99.4328 2
420 -307.94 138.264 -773.045 115.904 2
421 -413.239 112.159 -703.968 127.506 4
422 -450.003 96.0532 -848.002 135.732 4
423 -489.31 105.27 -821.542 148.291 4
424 -534.62 104.238 -794.656 149.922 4
425 -595.352 95.1665 -755.765 137.164 4
426 52.2238 153.567 -1334.7 87.8656 2
427 -392.009 137.962 -752.098 111.568 2
428 -357.45 119.786 -763.663 93.8051 2
429 -332.636 123.55 -773.825 99.4328 2
430 RANDOM
431 -413.239 112.159 -703.968 127.506 4
432 -450.003 96.0532 -848.002 135.732 4
433 -489.31 105.27 -821.542 148.291 4
434 -534.62 104.238 -794.656 149.922 4
435 -595.352 95.1665 -755.765 137.164 4
436 52.2238 153.567 -1334.7 87.8656 2
437 -392.009 137.962 -752.098 111.568 2
438 -357.45 119.786 -763.663 93.8051 2
439 -332.636 123.55 -773.825 99.4328 2
440 -307.94 138.264 -773.045 115.904 2
441 -413.239 112.159 -703.968 127.506 4
442 -450.003 96.0532 -848.002 135.732 4
443 -489.31 105.27 -821.542 148.291 4
444 -534.62 104.238 -794.656 149.922 4
445 -595.352 95.1665 -755.765 137.164 4
446 52.2238 153.567 -1334.7 87.8656 2
447 -392.009 137.962 -752.098 111.568 2
448 -357.45 119.786 -763.663 93.8051 2
449 -332.636 123.55 -773.825 99.4328 2
450 -307.94 138.264 -773.045 115.904 2
451 -413.239 112.159 -703.968 127.506 4
452 -450.003 96.0532 -848.002 135.732 4
453 -489.31 105.27 -821.542 148.291 4
454 -534.62 104.238 -794.656 149.922 4
455 -595.352 95.1665 -755.765 137.164 4
456 52.2238 153.567 -1334.7 87.8656 2
457 -392.009 137.962 -752.098 111.568 2
458 -357.45 119.786 -763.663 93.8051 2
459 -332.636 123.55 -773.825 99.4328 2
460 -307.94 138.264 -773.045 115.904 2
461 -413.239 112.159 -703.968 127.506 4
462 -450.003 96.0532 -848.002 135.732 4
463 -489.31 105.27 -821.542 148.291 4
464 -534.62 104.238 -794.656 149.922 4
465 -595.352 95.1665 -755.765 137.164 4
466 52.2238 153.567 -1334.7 87.8656 2
467 -392.009 137.962 -752.098 111.568 2
468 -357.45 119.786 -763.663 93.8051 2
469 -332.636 123.55 -773.825 99.4328 2
470 -307.94 138.264 -773.045 115.904 2
471 -413.239 112.159 -703.968 127.506 4
472 -450.003 96.0532 -848.002 135.732 4
473 -489.31 105.27 -821.542 148.291 4
474 -534.62 104.238 -794.656 149.922 4
475 -595.352 95.1665 -755.765 137.164 4
476 52.2238 153.567 -1334.7 87.8656 2
477 -392.009 137.962 -752.098 111.568 2
478 -357.45 119.786 -763.663 93.8051 2
479 -332.636 123.55 -773.825 99.4328 2
480 -307.94 138.264 -773.045 115.904 2
481 -413.239 112.159 -703.968 127.506 4
482 -450.003 96.0532 -848.002 135.732 4
483 -489.31 105.27 -821.542 148.291 4
484 -534.62 104.238 -794.656 149.922 4
485 -595.352 95.1665 -755.765 137.164 4
486 52.2238 153.567 -1334.7 87.8656 2
487 -392.009 137.962 -752.098 111.568 2
488 -357.45 119.786 -763.663 93.8051 2
489 RANDOM
490 -307.94 138.264 -773.045 115.904 2
491 -413.239 112.159 -703.968 127.506 4
492 -450.003 96.0532 -848.002 135.732 4
493 -489.31 105.27 -821.542 148.291 4
494 -534.62 104.238 -794.656 149.922 4
495 -595.352 95.1665 -755.765 137.164 4
496 52.2238 153.567 -1334.7 87.8656 2
497 -392.009 137.962 -752.098 111.568 2
498 -357.45 119.786 -763.663 93.8051 2
499 -332.636 123.55 -773.825 99.4328 2
500 -307.94 138.264 -773.045 115.904 2
501 -413.239 112.159 -703.968 127.506 4
502 -450.003 96.0532 -848.002 135.732 4
503 -489.31 105.27 -821.542 148.291 4
504 -534.62 104.238 -794.656 149.922 4
505 -595.352 95.1665 -755.765 137.164 4
506 52.2238 153.567 -1334.7 87.8656 2
507 -392.009 137.962 -752.098 111.568 2
508 -357.45 119.786 -763.663 93.8051 2
509 -332.636 123.55 -773.825 99.4328 2
510 -307.94 138.264 -773.045 115.904 2
511 -413.239 112.159 -703.968 127.506 4
512 -450.003 96.0532 -848.002 135.732 4
513 -489.31 105.27 -821.542 148.291 4
514 -534.62 104.238 -794.656 149.922 4
515 -595.352 95.1665 -755.765 137.164 4
516 RANDOM
517 -21.8958 89.3049 -1308.61 49.4623 2
518 -57.0882 161.146 -1265.77 146.594 2
519 -392.009 137.962 -752.098 111.568 2
520 -357.45 119.786 -763.663 93.8051 2
521 RANDOM
522 -307.94 138.264 -773.045 115.904 2
523 -413.239 112.159 -703.968 127.506 4
524 -450.003 96.0532 -848.002 135.732 4
525 -489.31 105.27 -821.542 148.291 4
526 -534.62 104.238 -794.656 149.922 4
527 -595.352 95.1665 -755.765 137.164 4
528 52.2238 153.567 -1334.7 87.8656 2
529 -392.009 137.962 -752.098 111.568 2
530 RANDOM
531 -332.636 123.55 -773.825 99.4328 2
532 -307.94 138.264 -773.045 115.904 2
533 -413.239 112.159 -703.968 127.506 4
534 -450.003 96.0532 -848.002 135.732 4
535 -489.31 105.27 -821.542 148.291 4
536 -534.62 104.238 -794.656 149.922 4
537 -595.352 95.1665 -755.765 137.164 4
538 52.2238 153.567 -1334.7 87.8656 2
539 -392.009 137.962 -752.098 111.568 2
540 -357.45 119.786 -763.663 93.8051 2
541 -332.636 123.55 -773.825 99.4328 2
542 -307.94 138.264 -773.045 115.904 2
543 -413.239 112.159 -703.968 127.506 4
544 -450.003 96.0532 -848.002 135.732 4
545 -489.31 105.27 -821.542 148.291 4
546 -534.62 104.238 -794.656 149.922 4
547 -595.352 95.1665 -755.765 137.164 4
548 52.2238 153.567 -1334.7 87.8656 2
549 -392.009 137.962 -752.098 111.568 2
550 -357.45 119.786 -763.663 93.8051 2
551 -332.636 123.55 -773.825 99.4328 2
552 -307.94 138.264 -773.045 115.904 2
553 -413.239 112.159 -703.968 127.506 4
554 -450.003 96.0532 -848.002 135.732 4
555 -489.31 105.27 -821.542 148.291 4
556 -534.62 104.238 -794.656 149.922 4
557 -595.352 95.1665 -755.765 137.164 4
558 52.2238 153.567 -1334.7 87.8656 2
559 -392.009 137.962 -752.098 111.568 2
560 -357.45 119.786 -763.663 93.8051 2
561 -332.636 123.55 -773.825 99.4328 2
562 -307.94 138.264 -773.045 115.904 2
563 -413.239 112.159 -703.968 127.506 4
564 -450.003 96.0532 -848.002 135.732 4
565 -489.31 105.27 -821.542 148.291 4
566 -534.62 104.238 -794.656 149.922 4
567 -595.352 95.1665 -755.765 137.164 4
568 52.2238 153.567 -1334.7 87.8656 2
569 -392.009 137.962 -752.098 111.568 2
570 -357.45 119.786 -763.663 93.8051 2
571 -332.636 123.55 -773.825 99.4328 2
572 -307.94 138.264 -773.045 115.904 2
573 -413.239 112.159 -703.968 127.506 4
574 -450.003 96.0532 -848.002 135.732 4
575 -489.31 105.27 -821.542 148.291 4
576 -534.62 104.238 -794.656 149.922 4
577 -595.352 95.1665 -755.765 137.164 4
578 52.2238 153.567 -1334.7 87.8656 2
579 -392.009 137.962 -752.098 111.568 2
580 -357.45 119.786 -763.663 93.8051 2
581 -332.636 123.55 -773.825 99.4328 2
582 -307.94 138.264 -773.045 115.904 2
583 -413.239 112.159 -703.968 127.506 4
584 -450.003 96.0532 -848.002 135.732 4
585 -489.31 105.27 -821.542 148.291 4
586 RANDOM
587 -595.352 95.1665 -755.765 137.164 4
588 52.2238 153.567 -1334.7 87.8656 2
589 RANDOM
590 -357.45 119.786 -763.663 93.8051 2
591 -332.636 123.55 -773.825 99.4328 2
592 -307.94 138.264 -773.045 115.904 2
593 -413.239 112.159 -703.968 127.506 4
594 -450.003 96.0532 -848.002 135.732 4
595 -489.31 105.27 -821.542 148.291 4
596 -534.62 104.238 -794.656 149.922 4
597 -595.352 95.1665 -755.765 137.164 4
598 52.2238 153.567 -1334.7 87.8656 2
599 -392.009 137.962 -752.098 111.568 2
600 -357.45 119.786 -763.663 93.8051 2
601 -332.636 123.55 -773.825 99.4328 2
602 -307.94 138.264 -773.045 115.904 2
603 -413.239 112.159 -703.968 127.506 4
604 -450.003 96.0532 -848.002 135.732 4
605 -489.31 105.27 -821.542 148.291 4
606 -534.62 104.238 -794.656 149.922 4
607 -595.352 95.1665 -755.765 137.164 4
608 52.2238 153.567 -1334.7 87.8656 2
609 -392.009 137.962 -752.098 111.568 2
610 RANDOM
611 -332.636 123.55 -773.825 99.4328 2
612 -307.94 138.264 -773.045 115.904 2
613 RANDOM
614 -375.321 89.4204 -702.756 89.2558 2
615 -361.074 97.7436 -681.236 85.5097 2
616 -371.16 141.425 -638.386 128.866 2
617 -455.693 165.702 -572.358 174.246 4
618 -446.838 90.6479 -667.303 112.595 4
619 -482.774 103.296 -684.332 140.476 4
620 -519.855 122.004 -690.201 178.385 4
621 -571.32 149.543 -688.21 230.196 4
622 -450.003 96.0532 -848.002 135.732 4
623 -489.31 105.27 -821.542 148.291 4
624 -534.62 104.238 -794.656 149.922 4
625 -595.352 95.1665 -755.765 137.164 4
626 52.2238 153.567 -1334.7 87.8656 2
627 -392.009 137.962 -752.098 111.568 2
628 -357.45 119.786 -763.663 93.8051 2
629 -332.636 123.55 -773.825 99.4328 2
630 -307.94 138.264 -773.045 115.904 2
631 -413.239 112.159 -703.968 127.506 4
632 -450.003 96.0532 -848.002 135.732 4
633 -489.31 105.27 -821.542 148.291 4
634 -534.62 104.238 -794.656 149.922 4
635 -595.352 95.1665 -755.765 137.164 4
636 RANDOM
637 -21.8958 89.3049 -1308.61 49.4623 2
638 -57.0882 161.146 -1265.77 146.594 2
639 -392.009 137.962 -752.098 111.568 2
640 -357.45 119.786 -763.663 93.8051 2
641 -332.636 123.55 -773.825 99.4328 2
642 -307.94 138.264 -773.045 115.904 2
643 -413.239 112.159 -703.968 127.506 4
644 -450.003 96.0532 -848.002 135.732 4
645 -489.31 105.27 -821.542 148.291 4
646 -534.62 104.238 -794.656 149.922 4
647 -595.352 95.1665 -755.765 137.164 4
648 52.2238 153.567 -1334.7 87.8656 2
649 -392.009 137.962 -752.098 111.568 2
650 -357.45 119.786 -763.663 93.8051 2
651 -332.636 123.55 -773.825 99.4328 2
652 -307.94 138.264 -773.045 115.904 2
653 -413.239 112.159 -703.968 127.506 4
654 RANDOM
655 -489.31 105.27 -821.542 148.291 4
656 -534.62 104.238 -794.656 149.922 4
657 -595.352 95.1665 -755.765 137.164 4
658 52.2238 153.567 -1334.7 87.8656 2
659 -392.009 137.962 -752.098 111.568 2
660 -357.45 119.786 -763.663 93.8051 2
661 -332.636 123.55 -773.825 99.4328 2
662 -307.94 138.264 -773.045 115.904 2
663 -413.239 112.159 -703.968 127.506 4
664 -450.003 96.0532 -848.002 135.732 4
665 -489.31 105.27 -821.542 148.291 4
666 -534.62 104.238 -794.656 149.922 4
667 -595.352 95.1665 -755.765 137.164 4
668 52.2238 153.567 -1334.7 87.8656 2
669 -392.009 137.962 -752.098 111.568 2
670 -357.45 119.786 -763.663 93.8051 2
671 -332.636 123.55 -773.825 99.4328 2
672 -307.94 138.264 -773.045 115.904 2
673 -413.239 112.159 -703.968 127.506 4
674 -450.003 96.0532 -848.002 135.732 4
675 -489.31 105.27 -821.542 148.291 4
676 -534.62 104.238 -794.656 149.922 4
677 -595.352 95.1665 -755.765 137.164 4
678 52.2238 153.567 -1334.7 87.8656 2
679 -392.009 137.962 -752.098 111.568 2
680 -357.45 119.786 -763.663 93.8051 2
681 -332.636 123.55 -773.825 99.4328 2
682 -307.94 138.264 -773.045 115.904 2
683 -413.239 112.159 -703.968 127.506 4
684 RANDOM
685 -489.31 105.27 -821.542 148.291 4
686 -534.62 104.238 -794.656 149.922 4
687 RANDOM
688 52.2238 153.567 -1334.7 87.8656 2
689 -392.009 137.962 -752.098 111.568 2
690 -357.45 119.786 -763.663 93.8051 2
691 -332.636 123.55 -773.825 99.4328 2
692 -307.94 138.264 -773.045 115.904 2
693 -413.239 112.159 -703.968 127.506 4
694 -450.003 96.0532 -848.002 135.732 4
695 -489.31 105.27 -821.542 148.291 4
696 -534.62 104.238 -794.656 149.922 4
697 -595.352 95.1665 -755.765 137.164 4
698 52.2238 153.567 -1334.7 87.8656 2
699 -392.009 137.962 -752.098 111.568 2
700 -357.45 119.786 -763.663 93.8051 2
701 -332.636 123.55 -773.825 99.4328 2
702 -307.94 138.264 -773.045 115.904 2
703 -413.239 112.159 -703.968 127.506 4
704 -450.003 96.0532 -848.002 135.732 4
705 -489.31 105.27 -821.542 148.291 4
706 -534.62 104.238 -794.656 149.922 4
707 -595.352 95.1665 -755.765 137.164 4
708 52.2238 153.567 -1334.7 87.8656 2
709 -392.009 137.962 -752.098 111.568 2
710 -357.45 119.786 -763.663 93.8051 2
711 -332.636 123.55 -773.825 99.4328 2
712 -307.94 138.264 -773.045 115.904 2
713 -413.239 112.159 -703.968 127.506 4
714 -450.003 96.0532 -848.002 135.732 4
715 -489.31 105.27 -821.542 148.291 4
716 -534.62 104.238 -794.656 149.922 4
717 -595.352 95.1665 -755.765 137.164 4
718 52.2238 153.567 -1334.7 87.8656 2
719 -392.009 137.962 -752.098 111.568 2
720 -357.45 119.786 -763.663 93.8051 2
721 -332.636 123.55 -773.825 99.4328 2
722 -307.94 138.264 -773.045 115.904 2
723 -413.239 112.159 -703.968 127.506 4
724 -450.003 96.0532 -848.002 135.732 4
725 -489.31 105.27 -821.542 148.291 4
726 -534.62 104.238 -794.656 149.922 4
727 -595.352 95.1665 -755.765 137.164 4
728 52.2238 153.567 -1334.7 87.8656 2
729 -392.009 137.962 -752.098 111.568 2
730 -357.45 119.786 -763.663 93.8051 2
731 -332.636 123.55 -773.825 99.4328 2
732 -307.94 138.264 -773.045 115.904 2
733 -413.239 112.159 -703.968 127.506 4
734 -450.003 96.0532 -848.002 135.732 4
735 -489.31 105.27 -821.542 148.291 4
736 -534.62 104.238 -794.656 149.922 4
737 -595.352 95.1665 -755.765 137.164 4
738 52.2238 153.567 -1334.7 87.8656 2
739 -392.009 137.962 -752.098 111.568 2
740 -357.45 119.786 -763.663 93.8051 2
741 -332.636 123.55 -773.825 99.4328 2
742 -307.94 138.264 -773.045 115.904 2
743 -413.239 112.159 -703.968 127.506 4
744 -450.003 96.0532 -848.002 135.732 4
745 -489.31 105.27 -821.542 148.291 4
746 -534.62 104.238 -794.656 149.922 4
747 -595.352 95.1665 -755.765 137.164 4
748 52.2238 153.567 -1334.7 87.8656 2
749 -392.009 137.962 -752.098 111.568 2
750 -357.45 119.786 -763.663 93.8051 2
751 -332.636 123.55 -773.825 99.4328 2
752 -307.94 138.264 -773.045 115.904 2
753 -413.239 112.159 -703.968 127.506 4
754 -450.003 96.0532 -848.002 135.732 4
755 -489.31 105.27 -821.542 148.291 4
756 -534.62 104.238 -794.656 149.922 4
757 -595.352 95.1665 -755.765 137.164 4
758 RANDOM
759 -21.8958 89.3049 -1308.61 49.4623 2
760 -57.0882 161.146 -1265.77 146.594 2
761 -392.009 137.962 -752.098 111.568 2
762 -357.45 119.786 -763.663 93.8051 2
763 -332.636 123.55 -773.825 99.4328 2
764 -307.94 138.264 -773.045 115.904 2
765 -413.239 112.159 -703.968 127.506 4
766 -450.003 96.0532 -848.002 135.732 4
767 -489.31 105.27 -821.542 148.291 4
768 -534.62 104.238 -794.656 149.922 4
769 -595.352 95.1665 -755.765 137.164 4
770 52.2238 153.567 -1334.7 87.8656 2
771 -392.009 137.962 -752.098 111.568 2
772 -357.45 119.786 -763.663 93.8051 2
773 -332.636 123.55 -773.825 99.4328 2
774 -307.94 138.264 -773.045 115.904 2
775 -413.239 112.159 -703.968 127.506 4
776 RANDOM
777 -489.31 105.27 -821.542 148.291 4
778 -534.62 104.238 -794.656 149.922 4
779 -595.352 95.1665 -755.765 137.164 4
780 RANDOM
781 -21.8958 89.3049 -1308.61 49.4623 2
782 -57.0882 161.146 -1265.77 146.594 2
783 -392.009 137.962 -752.098 111.568 2
784 -357.45 119.786 -763.663 93.8051 2
785 -332.636 123.55 -773.825 99.4328 2
786 -307.94 138.264 -773.045 115.904 2
787 -413.239 112.159 -703.968 127.506 4
788 -450.003 96.0532 -848.002 135.732 4
789 -489.31 105.27 -821.542 148.291 4
790 -534.62 104.238 -794.656 149.922 4
791 -595.352 95.1665 -755.765 137.164 4
792 52.2238 153.567 -1334.7 87.8656 2
793 -392.009 137.962 -752.098 111.568 2
794 -357.45 119.786 -763.663 93.8051 2
795 -332.636 123.55 -773.825 99.4328 2
796 -307.94 138.264 -773.045 115.904 2
797 -413.239 112.159 -703.968 127.506 4
798 RANDOM
799 -489.31 105.27 -821.542 148.291 4
800 -534.62 104.238 -794.656 149.922 4
801 -595.352 95.1665 -755.765 137.164 4
802 52.2238 153.567 -1334.7 87.8656 2
803 -392.009 137.962 -752.098 111.568 2
804 -357.45 119.786 -763.663 93.8051 2
805 -332.636 123.55 -773.825 99.4328 2
806 -307.94 138.264 -773.045 115.904 2
807 -413.239 112.159 -703.968 127.506 4
808 -450.003 96.0532 -848.002 135.732 4
809 -489.31 105.27 -821.542 148.291 4
810 RANDOM
811 -595.352 95.1665 -755.765 137.164 4
812 52.2238 153.567 -1334.7 87.8656 2
813 -392.009 137.962 -752.098 111.568 2
814 -357.45 119.786 -763.663 93.8051 2
815 -332.636 123.55 -773.825 99.4328 2
816 -307.94 138.264 -773.045 115.904 2
817 RANDOM
818 -375.321 89.4204 -702.756 89.2558 2
819 -361.074 97.7436 -681.236 85.5097 2
820 -371.16 141.425 -638.386 128.866 2
821 -455.693 165.702 -572.358 174.246 4
822 -446.838 90.6479 -667.303 112.595 4
823 -482.774 103.296 -684.332 140.476 4
824 -519.855 122.004 -690.201 178.385 4
825 -571.32 149.543 -688.21 230.196 4
826 -450.003 96.0532 -848.002 135.732 4
827 -489.31 105.27 -821.542 148.291 4
828 -534.62 104.238 -794.656 149.922 4
829 -595.352 95.1665 -755.765 137.164 4
830 52.2238 153.567 -1334.7 87.8656 2
831 -392.009 137.962 -752.098 111.568 2
832 -357.45 119.786 -763.663 93.8051 2
833 -332.636 123.55 -773.825 99.4328 2
834 -307.94 138.264 -773.045 115.904 2
835 -413.239 112.159 -703.968 127.506 4
836 -450.003 96.0532 -848.002 135.732 4
837 -489.31 105.27 -821.542 148.291 4
838 -534.62 104.238 -794.656 149.922 4
839 -595.352 95.1665 -755.765 137.164 4
840 52.2238 153.567 -1334.7 87.8656 2
841 -392.009 137.962 -752.098 111.568 2
842 -357.45 119.786 -763.663 93.8051 2
843 -332.636 123.55 -773.825 99.4328 2
844 -307.94 138.264 -773.045 115.904 2
845 -413.239 112.159 -703.968 127.506 4
846 -450.003 96.0532 -848.002 135.732 4
847 -489.31 105.27 -821.542 148.291 4
848 -534.62 104.238 -794.656 149.922 4
849 -595.352 95.1665 -755.765 137.164 4
850 52.2238 153.567 -1334.7 87.8656 2
851 -392.009 137.962 -752.098 111.568 2
852 -357.45 119.786 -763.663 93.8051 2
853 -332.636 123.55 -773.825 99.4328 2
854 -307.94 138.264 -773.045 115.904 2
855 -413.239 112.159 -703.968 127.506 4
856 -450.003 96.0532 -848.002 135.732 4
857 -489.31 105.27 -821.542 148.291 4
858 -534.62 104.238 -794.656 149.922 4
859 -595.352 95.1665 -755.765 137.164 4
860 52.2238 153.567 -1334.7 87.8656 2
861 -392.009 137.962 -752.098 111.568 2
862 -357.45 119.786 -763.663 93.8051 2
863 -332.636 123.55 -773.825 99.4328 2
864 -307.94 138.264 -773.045 115.904 2
865 -413.239 112.159 -703.968 127.506 4
866 -450.003 96.0532 -848.002 135.732 4
867 -489.31 105.27 -821.542 148.291 4
868 -534.62 104.238 -794.656 149.922 4
869 RANDOM
870 52.2238 153.567 -1334.7 87.8656 2
871 -392.009 137.962 -752.098 111.568 2
872 -357.45 119.786 -763.663 93.8051 2
873 -332.636 123.55 -773.825 99.4328 2
874 -307.94 138.264 -773.045 115.904 2
875 -413.239 112.159 -703.968 127.506 4
876 -450.003 96.0532 -848.002 135.732 4
877 -489.31 105.27 -821.542 148.291 4
878 -534.62 104.238 -794.656 149.922 4
879 -595.352 95.1665 -755.765 137.164 4
880 52.2238 153.567 -1334.7 87.8656 2
881 -392.009 137.962 -752.098 111.568 2
882 RANDOM
883 -332.636 123.55 -773.825 99.4328 2
884 -307.94 138.264 -773.045 115.904 2
885 -413.239 112.159 -703.968 127.506 4
886 -450.003 96.0532 -848.002 135.732 4
887 -489.31 105.27 -821.542 148.291 4
888 -534.62 104.238 -794.656 149.922 4
889 -595.352 95.1665 -755.765 137.164 4
890 52.2238 153.567 -1334.7 87.8656 2
891 -392.009 137.962 -752.098 111.568 2
892 -357.45 119.786 -763.663 93.8051 2
893 -332.636 123.55 -773.825 99.4328 2
894 -307.94 138.264 -773.045 115.904 2
895 -413.239 112.159 -703.968 127.506 4
896 -450.003 96.0532 -848.002 135.732 4
897 -489.31 105.27 -821.542 148.291 4
898 -534.62 104.238 -794.656 149.922 4
899 RANDOM
900 52.2238 153.567 -1334.7 87.8656 2
901 -392.009 137.962 -752.098 111.568 2
902 -357.45 119.786 -763.663 93.8051 2
903 -332.636 123.55 -773.825 99.4328 2
904 -307.94 138.264 -773.045 115.904 2
905 -413.239 112.159 -703.968 127.506 4
906 -450.003 96.0532 -848.002 135.732 4
907 -489.31 105.27 -821.542 148.291 4
908 RANDOM
909 -595.352 95.1665 -755.765 137.164 4
910 52.2238 153.567 -1334.7 87.8656 2
911 -392.009 137.962 -752.098 111.568 2
912 -357.45 119.786 -763.663 93.8051 2
913 -332.636 123.55 -773.825 99.4328 2
914 -307.94 138.264 -773.045 115.904 2
915 RANDOM
916 RANDOM
917 -361.074 97.7436 -681.236 85.5097 2
918 -371.16 141.425 -638.386 128.866 2
919 -455.693 165.702 -572.358 174.246 4
920 -446.838 90.6479 -667.303 112.595 4
921 -482.774 103.296 -684.332 140.476 4
922 -519.855 122.004 -690.201 178.385 4
923 -571.32 149.543 -688.21 230.196 4
924 -450.003 96.0532 -848.002 135.732 4
925 -489.31 105.27 -821.542 148.291 4
926 -534.62 104.238 -794.656 149.922 4
927 -595.352 95.1665 -755.765 137.164 4
928 52.2238 153.567 -1334.7 87.8656 2
929 -392.009 137.962 -752.098 111.568 2
930 -357.45 119.786 -763.663 93.8051 2
931 -332.636 123.55 -773.825 99.4328 2
932 -307.94 138.264 -773.045 115.904 2
933 -413.239 112.159 -703.968 127.506 4
934 -450.003 96.0532 -848.002 135.732 4
935 -489.31 105.27 -821.542 148.291 4
936 -534.62 104.238 -794.656 149.922 4
937 -595.352 95.1665 -755.765 137.164 4
938 52.2238 153.567 -1334.7 87.8656 2
939 -392.009 137.962 -752.098 111.568 2
940 -357.45 119.786 -763.663 93.8051 2
941 -332.636 123.55 -773.825 99.4328 2
942 -307.94 138.264 -773.045 115.904 2
943 -413.239 112.159 -703.968 127.506 4
944 -450.003 96.0532 -848.002 135.732 4
945 -489.31 105.27 -821.542 148.291 4
946 -534.62 104.238 -794.656 149.922 4
947 -595.352 95.1665 -755.765 137.164 4
948 52.2238 153.567 -1334.7 87.8656 2
949 -392.009 137.962 -752.098 111.568 2
950 -357.45 119.786 -763.663 93.8051 2
951 -332.636 123.55 -773.825 99.4328 2
952 -307.94 138.264 -773.045 115.904 2
953 -413.239 112.159 -703.968 127.506 4
954 -450.003 96.0532 -848.002 135.732 4
955 -489.31 105.27 -821.542 148.291 4
956 RANDOM
957 -595.352 95.1665 -755.765 137.164 4
958 52.2238 153.567 -1334.7 87.8656 2
959 -392.009 137.962 -752.098 111.568 2
960 -357.45 119.786 -763.663 93.8051 2
961 -332.636 123.55 -773.825 99.4328 2
962 -307.94 138.264 -773.045 115.904 2
963 -413.239 112.159 -703.968 127.506 4
964 -450.003 96.0532 -848.002 135.732 4
965 -489.31 105.27 -821.542 148.291 4
966 -534.62 104.238 -794.656 149.922 4
967 -595.352 95.1665 -755.765 137.164 4
968 52.2238 153.567 -1334.7 87.8656 2
969 RANDOM
970 -357.45 119.786 -763.663 93.8051 2
971 -332.636 123.55 -773.825 99.4328 2
972 -307.94 138.264 -773.045 115.904 2
973 -413.239 112.159 -703.968 127.506 4
974 -450.003 96.0532 -848.002 135.732 4
975 -489.31 105.27 -821.542 148.291 4
976 RANDOM
977 -595.352 95.1665 -755.765 137.164 4
978 52.2238 153.567 -1334.7 87.8656 2
979 -392.009 137.962 -752.098 111.568 2
980 RANDOM
981 -332.636 123.55 -773.825 99.4328 2
982 -307.94 138.264 -773.045 115.904 2
983 -413.239 112.159 -703.968 127.506 4
984 -450.003 96.0532 -848.002 135.732 4
985 -489.31 105.27 -821.542 148.291 4
986 -534.62 104.238 -794.656 149.922 4
987 -595.352 95.1665 -755.765 137.164 4
988 52.2238 153.567 -1334.7 87.8656 2
989 -392.009 137.962 -752.098 111.568 2
990 -357.45 119.786 -763.663 93.8051 2
991 -332.636 123.55 -773.825 99.4328 2
992 -307.94 138.264 -773.045 115.904 2
993 RANDOM
994 -375.321 89.4204 -702.756 89.2558 2
995 -361.074 97.7436 -681.236 85.5097 2
996 -371.16 141.425 -638.386 128.866 2
997 -455.693 165.702 -572.358 174.246 4
998 -446.838 90.6479 -667.303 112.595 4
999 -482.774 103.296 -684.332 140.476 4
1000 -519.855 122.004 -690.201 178.385 4
1001 -571.32 149.543 -688.21 230.196 4
1002 -450.003 96.0532 -848.002 135.732 4
1003 -489.31 105.27 -821.542 148.291 4
1004 -534.62 104.238 -794.656 149.922 4
1005 -595.352 95.1665 -755.765 137.164 4
1006 52.2238 153.567 -1334.7 87.8656 2
1007 -392.009 137.962 -752.098 111.568 2
1008 -357.45 119.786 -763.663 93.8051 2
1009 -332.636 123.55 -773.825 99.4328 2
1010 -307.94 138.264 -773.045 115.904 2
1011 RANDOM
1012 -375.321 89.4204 -702.756 89.2558 2
1013 RANDOM
1014 -371.16 141.425 -638.386 128.866 2
1015 -455.693 165.702 -572.358 174.246 4
1016 -446.838 90.6479 -667.303 112.595 4
1017 -482.774 103.296 -684.332 140.476 4
1018 RANDOM
1019 -571.32 149.543 -688.21 230.196 4
1020 -450.003 96.0532 -848.002 135.732 4
1021 -489.31 105.27 -821.542 148.291 4
1022 -534.62 104.238 -794.656 149.922 4
1023 -595.352 95.1665 -755.765 137.164 4
1024 52.2238 153.567 -1334.7 87.8656 2
1025 RANDOM
1026 -357.45 119.786 -763.663 93.8051 2
1027 -332.636 123.55 -773.825 99.4328 2
1028 -307.94 138.264 -773.045 115.904 2
1029 -413.239 112.159 -703.968 127.506 4
1030 -450.003 96.0532 -848.002 135.732 4
1031 -489.31 105.27 -821.542 148.291 4
1032 -534.62 104.238 -794.656 149.922 4
1033 -595.352 95.1665 -755.765 137.164 4
1034 52.2238 153.567 -1334.7 87.8656 2
1035 -392.009 137.962 -752.098 111.568 2
1036 -357.45 119.786 -763.663 93.8051 2
1037 -332.636 123.55 -773.825 99.4328 2
1038 -307.94 138.264 -773.045 115.904 2
1039 -413.239 112.159 -703.968 127.506 4
1040 -450.003 96.0532 -848.002 135.732 4
1041 -489.31 105.27 -821.542 148.291 4
1042 -534.62 104.238 -794.656 149.922 4
1043 -595.352 95.1665 -755.765 137.164 4
1044 52.2238 153.567 -1334.7 87.8656 2
1045 -392.009 137.962 -752.098 111.568 2
1046 -357.45 119.786 -763.663 93.8051 2
1047 -332.636 123.55 -773.825 99.4328 2
1048 -307.94 138.264 -773.045 115.904 2
1049 -413.239 112.159 -703.968 127.506 4
1050 -450.003 96.0532 -848.002 135.732 4
1051 -489.31 105.27 -821.542 148.291 4
1052 -534.62 104.238 -794.656 149.922 4
1053 -595.352 95.1665 -755.765 137.164 4
1054 52.2238 153.567 -1334.7 87.8656 2
1055 -392.009 137.962 -752.098 111.568 2
1056 -357.45 119.786 -763.663 93.8051 2
1057 -332.636 123.55 -773.825 99.4328 2
1058 -307.94 138.264 -773.045 115.904 2
1059 RANDOM
1060 -375.321 89.4204 -702.756 89.2558 2
1061 -361.074 97.7436 -681.236 85.5097 2
1062 -371.16 141.425 -638.386 128.866 2
1063 -455.693 165.702 -572.358 174.246 4
1064 -446.838 90.6479 -667.303 112.595 4
1065 -482.774 103.296 -684.332 140.476 4
1066 -519.855 122.004 -690.201 178.385 4
1067 -571.32 149.543 -688.21 230.196 4
1068 -450.003 96.0532 -848.002 135.732 4
1069 -489.31 105.27 -821.542 148.291 4
1070 -534.62 104.238 -794.656 149.922 4
1071 -595.352 95.1665 -755.765 137.164 4
1072 52.2238 153.567 -1334.7 87.8656 2
1073 -392.009 137.962 -752.098 111.568 2
1074 -357.45 119.786 -763.663 93.8051 2
1075 -332.636 123.55 -773.825 99.4328 2
1076 -307.94 138.264 -773.045 115.904 2
1077 -413.239 112.159 -703.968 127.506 4
1078 -450.003 96.0532 -848.002 135.732 4
1079 -489.31 105.27 -821.542 148.291 4
1080 -534.62 104.238 -794.656 149.922 4
1081 -595.352 95.1665 -755.765 137.164 4
1082 52.2238 153.567 -1334.7 87.8656 2
1083 -392.009 137.962 -752.098 111.568 2
1084 -357.45 119.786 -763.663 93.8051 2
1085 -332.636 123.55 -773.825 99.4328 2
1086 -307.94 138.264 -773.045 115.904 2
1087 -413.239 112.159 -703.968 127.506 4
1088 -450.003 96.0532 -848.002 135.732 4
1089 -489.31 105.27 -821.542 148.291 4
1090 -534.62 104.238 -794.656 149.922 4
1091 -595.352 95.1665 -755.765 137.164 4
1092 52.2238 153.567 -1334.7 87.8656 2
1093 -392.009 137.962 -752.098 111.568 2
1094 -357.45 119.786 -763.663 93.8051 2
1095 -332.636 123.55 -773.825 99.4328 2
1096 -307.94 138.264 -773.045 115.904 2
1097 -413.239 112.159 -703.968 127.506 4
1098 -450.003 96.0532 -848.002 135.732 4
1099 -489.31 105.27 -821.542 148.291 4
1100 -534.62 104.238 -794.656 149.922 4
1101 -595.352 95.1665 -755.765 137.164 4
1102 52.2238 153.567 -1334.7 87.8656 2
1103 -392.009 137.962 -752.098 111.568 2
1104 -357.45 119.786 -763.663 93.8051 2
1105 -332.636 123.55 -773.825 99.4328 2
1106 -307.94 138.264 -773.045 115.904 2
1107 -413.239 112.159 -703.968 127.506 4
1108 -450.003 96.0532 -848.002 135.732 4
1109 -489.31 105.27 -821.542 148.291 4
1110 -534.62 104.238 -794.656 149.922 4
1111 -595.352 95.1665 -755.765 137.164 4
1112 RANDOM
1113 RANDOM
1114 -107.498 17.809 -1268.32 9.59219 2
1115 -79.6517 115.647 -1262.04 90.9565 2
1116 -57.0882 161.146 -1265.77 146.594 2
1117 RANDOM
1118 -357.45 119.786 -763.663 93.8051 2
1119 -332.636 123.55 -773.825 99.4328 2
1120 -307.94 138.264 -773.045 115.904 2
1121 -413.239 112.159 -703.968 127.506 4
1122 -450.003 96.0532 -848.002 135.732 4
1123 -489.31 105.27 -821.542 148.291 4
1124 -534.62 104.238 -794.656 149.922 4
1125 -595.352 95.1665 -755.765 137.164 4
1126 52.2238 153.567 -1334.7 87.8656 2
1127 -392.009 137.962 -752.098 111.568 2
1128 -357.45 119.786 -763.663 93.8051 2
1129 -332.636 123.55 -773.825 99.4328 2
1130 -307.94 138.264 -773.045 115.904 2
1131 -413.239 112.159 -703.968 127.506 4
1132 -450.003 96.0532 -848.002 135.732 4
1133 -489.31 105.27 -821.542 148.291 4
1134 -534.62 104.238 -794.656 149.922 4
1135 RANDOM
1136 52.2238 153.567 -1334.7 87.8656 2
1137 -392.009 137.962 -752.098 111.568 2
1138 -357.45 119.786 -763.663 93.8051 2
1139 -332.636 123.55 -773.825 99.4328 2
1140 -307.94 138.264 -773.045 115.904 2
1141 -413.239 112.159 -703.968 127.506 4
1142 -450.003 96.0532 -848.002 135.732 4
1143 -489.31 105.27 -821.542 148.291 4
1144 -534.62 104.238 -794.656 149.922 4
1145 -595.352 95.1665 -755.765 137.164 4
1146 52.2238 153.567 -1334.7 87.8656 2
1147 -392.009 137.962 -752.098 111.568 2
1148 -357.45 119.786 -763.663 93.8051 2
1149 -332.636 123.55 -773.825 99.4328 2
1150 -307.94 138.264 -773.045 115.904 2
1151 -413.239 112.159 -703.968 127.506 4
1152 -450.003 96.0532 -848.002 135.732 4
1153 -489.31 105.27 -821.542 148.291 4
1154 -534.62 104.238 -794.656 149.922 4
1155 -595.352 95.1665 -755.765 137.164 4
1156 52.2238 153.567 -1334.7 87.8656 2
1157 -392.009 137.962 -752.098 111.568 2
1158 -357.45 119.786 -763.663 93.8051 2
1159 -332.636 123.55 -773.825 99.4328 2
1160 -307.94 138.264 -773.045 115.904 2
1161 -413.239 112.159 -703.968 127.506 4
1162 -450.003 96.0532 -848.002 135.732 4
1163 -489.31 105.27 -821.542 148.291 4
1164 -534.62 104.238 -794.656 149.922 4
1165 -595.352 95.1665 -755.765 137.164 4
1166 52.2238 153.567 -1334.7 87.8656 2
1167 -392.009 137.962 -752.098 111.568 2
1168 RANDOM
1169 -332.636 123.55 -773.825 99.4328 2
1170 -307.94 138.264 -773.045 115.904 2
1171 RANDOM
1172 RANDOM
1173 -361.074 97.7436 -681.236 85.5097 2
1174 -371.16 141.425 -638.386 128.866 2
1175 -455.693 165.702 -572.358 174.246 4
1176 -446.838 90.6479 -667.303 112.595 4
1177 -482.774 103.296 -684.332 140.476 4
1178 -519.855 122.004 -690.201 178.385 4
1179 -571.32 149.543 -688.21 230.196 4
1180 -450.003 96.0532 -848.002 135.732 4
1181 -489.31 105.27 -821.542 148.291 4
1182 -534.62 104.238 -794.656 149.922 4
1183 -595.352 95.1665 -755.765 137.164 4
1184 52.2238 153.567 -1334.7 87.8656 2
1185 -392.009 137.962 -752.098 111.568 2
1186 -357.45 119.786 -763.663 93.8051 2
1187 -332.636 123.55 -773.825 99.4328 2
1188 -307.94 138.264 -773.045 115.904 2
1189 RANDOM
1190 RANDOM
1191 -361.074 97.7436 -681.236 85.5097 2
1192 -371.16 141.425 -638.386 128.866 2
1193 -455.693 165.702 -572.358 174.246 4
1194 -446.838 90.6479 -667.303 112.595 4
1195 -482.774 103.296 -684.332 140.476 4
1196 -519.855 122.004 -690.201 178.385 4
1197 -571.32 149.543 -688.21 230.196 4
1198 -450.003 96.0532 -848.002 135.732 4
1199 -489.31 105.27 -821.542 148.291 4
1200 -534.62 104.238 -794.656 149.922 4
1201 RANDOM
1202 52.2238 153.567 -1334.7 87.8656 2
1203 -392.009 137.962 -752.098 111.568 2
1204 -357.45 119.786 -763.663 93.8051 2
1205 -332.636 123.55 -773.825 99.4328 2
1206 -307.94 138.264 -773.045 115.904 2
1207 -413.239 112.159 -703.968 127.506 4
1208 -450.003 96.0532 -848.002 135.732 4
1209 -489.31 105.27 -821.542 148.291 4
1210 -534.62 104.238 -794.656 149.922 4
1211 -595.352 95.1665 -755.765 137.164 4
1212 52.2238 153.567 -1334.7 87.8656 2
1213 -392.009 137.962 -752.098 111.568 2
1214 -357.45 119.786 -763.663 93.8051 2
1215 -332.636 123.55 -773.825 99.4328 2
1216 -307.94 138.264 -773.045 115.904 2
1217 -413.239 112.159 -703.968 127.506 4
1218 -450.003 96.0532 -848.002 135.732 4
1219 -489.31 105.27 -821.542 148.291 4
1220 -534.62 104.238 -794.656 149.922 4
1221 -595.352 95.1665 -755.765 137.164 4
1222 52.2238 153.567 -1334.7 87.8656 2
1223 -392.009 137.962 -752.098 111.568 2
1224 RANDOM
1225 -332.636 123.55 -773.825 99.4328 2
1226 -307.94 138.264 -773.045 115.904 2
1227 -413.239 112.159 -703.968 127.506 4
1228 -450.003 96.0532 -848.002 135.732 4
1229 -489.31 105.27 -821.542 148.291 4
1230 -534.62 104.238 -794.656 149.922 4
1231 -595.352 95.1665 -755.765 137.164 4
1232 52.2238 153.567 -1334.7 87.8656 2
1233 -392.009 137.962 -752.098 111.568 2
1234 -357.45 119.786 -763.663 93.8051 2
1235 -332.636 123.55 -773.825 99.4328 2
1236 -307.94 138.264 -773.045 115.904 2
1237 -413.239 112.159 -703.968 127.506 4
1238 -450.003 96.0532 -848.002 135.732 4
1239 -489.31 105.27 -821.542 148.291 4
1240 -534.62 104.238 -794.656 149.922 4
1241 -595.352 95.1665 -755.765 137.164 4
1242 52.2238 153.567 -1334.7 87.8656 2
1243 -392.009 137.962 -752.098 111.568 2
1244 -357.45 119.786 -763.663 93.8051 2
1245 -332.636 123.55 -773.825 99.4328 2
1246 -307.94 138.264 -773.045 115.904 2
1247 -413.239 112.159 -703.968 127.506 4
1248 -450.003 96.0532 -848.002 135.732 4
1249 -489.31 105.27 -821.542 148.291 4
1250 -534.62 104.238 -794.656 149.922 4
1251 -595.352 95.1665 -755.765 137.164 4
1252 52.2238 153.567 -1334.7 87.8656 2
1253 -392.009 137.962 -752.098 111.568 2
1254 -357.45 119.786 -763.663 93.8051 2
1255 -332.636 123.55 -773.825 99.4328 2
1256 -307.94 138.264 -773.045 115.904 2
1257 -413.239 112.159 -703.968 127.506 4
1258 -450.003 96.0532 -848.002 135.732 4
1259 -489.31 105.27 -821.542 148.291 4
1260 -534.62 104.238 -794.656 149.922 4
1261 -595.352 95.1665 -755.765 137.164 4
1262 52.2238 153.567 -1334.7 87.8656 2
1263 -392.009 137.962 -752.098 111.568 2
1264 -357.45 119.786 -763.663 93.8051 2
1265 RANDOM
1266 -307.94 138.264 -773.045 115.904 2
1267 -413.239 112.159 -703.968 127.506 4
1268 -450.003 96.0532 -848.002 135.732 4
1269 -489.31 105.27 -821.542 148.291 4
1270 -534.62 104.238 -794.656 149.922 4
1271 -595.352 95.1665 -755.765 137.164 4
1272 52.2238 153.567 -1334.7 87.8656 2
1273 -392.009 137.962 -752.098 111.568 2
1274 -357.45 119.786 -763.663 93.8051 2
1275 -332.636 123.55 -773.825 99.4328 2
1276 -307.94 138.264 -773.045 115.904 2
1277 -413.239 112.159 -703.968 127.506 4
1278 -450.003 96.0532 -848.002 135.732 4
1279 -489.31 105.27 -821.542 148.291 4
1280 -534.62 104.238 -794.656 149.922 4
1281 -595.352 95.1665 -755.765 137.164 4
1282 52.2238 153.567 -1334.7 87.8656 2
1283 -392.009 137.962 -752.098 111.568 2
1284 -357.45 119.786 -763.663 93.8051 2
1285 -332.636 123.55 -773.825 99.4328 2
1286 -307.94 138.264 -773.045 115.904 2
1287 -413.239 112.159 -703.968 127.506 4
1288 -450.003 96.0532 -848.002 135.732 4
1289 -489.31 105.27 -821.542 148.291 4
1290 -534.62 104.238 -794.656 149.922 4
1291 -595.352 95.1665 -755.765 137.164 4
1292 52.2238 153.567 -1334.7 87.8656 2
1293 -392.009 137.962 -752.098 111.568 2
1294 -357.45 119.786 -763.663 93.8051 2
1295 -332.636 123.55 -773.825 99.4328 2
1296 -307.94 138.264 -773.045 115.904 2
1297 -413.239 112.159 -703.968 127.506 4
1298 -450.003 96.0532 -848.002 135.732 4
1299 -489.31 105.27 -821.542 148.291 4
1300 -534.62 104.238 -794.656 149.922 4
1301 -595.352 95.1665 -755.765 137.164 4
1302 52.2238 153.567 -1334.7 87.8656 2
1303 -392.009 137.962 -752.098 111.568 2
1304 -357.45 119.786 -763.663 93.8051 2
1305 -332.636 123.55 -773.825 99.4328 2
1306 -307.94 138.264 -773.045 115.904 2
1307 -413.239 112.159 -703.968 127.506 4
1308 -450.003 96.0532 -848.002 135.732 4
1309 -489.31 105.27 -821.542 148.291 4
1310 -534.62 104.238 -794.656 149.922 4
1311 -595.352 95.1665 -755.765 137.164 4
1312 52.2238 153.567 -1334.7 87.8656 2
1313 -392.009 137.962 -752.098 111.568 2
1314 -357.45 119.786 -763.663 93.8051 2
1315 -332.636 123.55 -773.825 99.4328 2
1316 -307.94 138.264 -773.045 115.904 2
1317 -413.239 112.159 -703.968 127.506 4
1318 -450.003 96.0532 -848.002 135.732 4
1319 -489.31 105.27 -821.542 148.291 4
1320 -534.62 104.238 -794.656 149.922 4
1321 -595.352 95.1665 -755.765 137.164 4
1322 52.2238 153.567 -1334.7 87.8656 2
1323 -392.009 137.962 -752.098 111.568 2
1324 -357.45 119.786 -763.663 93.8051 2
1325 -332.636 123.55 -773.825 99.4328 2
1326 RANDOM
1327 -413.239 112.159 -703.968 127.506 4
1328 -450.003 96.0532 -848.002 135.732 4
1329 -489.31 105.27 -821.542 148.291 4
1330 -534.62 104.238 -794.656 149.922 4
1331 -595.352 95.1665 -755.765 137.164 4
1332 52.2238 153.567 -1334.7 87.8656 2
1333 RANDOM
1334 -357.45 119.786 -763.663 93.8051 2
1335 -332.636 123.55 -773.825 99.4328 2
1336 -307.94 138.264 -773.045 115.904 2
1337 -413.239 112.159 -703.968 127.506 4
1338 -450.003 96.0532 -848.002 135.732 4
1339 -489.31 105.27 -821.542 148.291 4
1340 -534.62 104.238 -794.656 149.922 4
1341 -595.352 95.1665 -755.765 137.164 4
1342 52.2238 153.567 -1334.7 87.8656 2
1343 -392.009 137.962 -752.098 111.568 2
1344 -357.45 119.786 -763.663 93.8051 2
1345 -332.636 123.55 -773.825 99.4328 2
1346 RANDOM
1347 RANDOM
1348 -375.321 89.4204 -702.756 89.2558 2
1349 -361.074 97.7436 -681.236 85.5097 2
1350 -371.16 141.425 -638.386 128.866 2
1351 -455.693 165.702 -572.358 174.246 4
1352 -446.838 90.6479 -667.303 112.595 4
1353 RANDOM
1354 -519.855 122.004 -690.201 178.385 4
1355 -571.32 149.543 -688.21 230.196 4
1356 -450.003 96.0532 -848.002 135.732 4
1357 -489.31 105.27 -821.542 148.291 4
1358 -534.62 104.238 -794.656 149.922 4
1359 -595.352 95.1665 -755.765 137.164 4
1360 52.2238 153.567 -1334.7 87.8656 2
1361 -392.009 137.962 -752.098 111.568 2
1362 RANDOM
1363 -332.636 123.55 -773.825 99.4328 2
1364 -307.94 138.264 -773.045 115.904 2
1365 -413.239 112.159 -703.968 127.506 4
1366 -450.003 96.0532 -848.002 135.732 4
1367 -489.31 105.27 -821.542 148.291 4
1368 -534.62 104.238 -794.656 149.922 4
1369 -595.352 95.1665 -755.765 137.164 4
1370 52.2238 153.567 -1334.7 87.8656 2
1371 -392.009 137.962 -752.098 111.568 2
1372 -357.45 119.786 -763.663 93.8051 2
1373 -332.636 123.55 -773.825 99.4328 2
1374 -307.94 138.264 -773.045 115.904 2
1375 -413.239 112.159 -703.968 127.506 4
1376 RANDOM
1377 RANDOM
1378 -534.62 104.238 -794.656 149.922 4
1379 -595.352 95.1665 -755.765 137.164 4
1380 52.2238 153.567 -1334.7 87.8656 2
1381 -392.009 137.962 -752.098 111.568 2
1382 -357.45 119.786 -763.663 93.8051 2
1383 -332.636 123.55 -773.825 99.4328 2
1384 -307.94 138.264 -773.045 115.904 2
1385 -413.239 112.159 -703.968 127.506 4
1386 -450.003 96.0532 -848.002 135.732 4
1387 -489.31 105.27 -821.542 148.291 4
1388 -534.62 104.238 -794.656 149.922 4
1389 -595.352 95.1665 -755.765 137.164 4
1390 52.2238 153.567 -1334.7 87.8656 2
1391 -392.009 137.962 -752.098 111.568 2
1392 -357.45 119.786 -763.663 93.8051 2
1393 -332.636 123.55 -773.825 99.4328 2
1394 -307.94 138.264 -773.045 115.904 2
1395 -413.239 112.159 -703.968 127.506 4
1396 -450.003 96.0532 -848.002 135.732 4
1397 -489.31 105.27 -821.542 148.291 4
1398 -534.62 104.238 -794.656 149.922 4
1399 -595.352 95.1665 -755.765 137.164 4
1400 52.2238 153.567 -1334.7 87.8656 2
1401 -392.009 137.962 -752.098 111.568 2
1402 -357.45 119.786 -763.663 93.8051 2
1403 -332.636 123.55 -773.825 99.4328 2
1404 -307.94 138.264 -773.045 115.904 2
1405 -413.239 112.159 -703.968 127.506 4
1406 -450.003 96.0532 -848.002 135.732 4
1407 -489.31 105.27 -821.542 148.291 4
1408 -534.62 104.238 -794.656 149.922 4
1409 -595.352 95.1665 -755.765 137.164 4
1410 52.2238 153.567 -1334.7 87.8656 2
1411 -392.009 137.962 -752.098 111.568 2
1412 -357.45 119.786 -763.663 93.8051 2
1413 -332.636 123.55 -773.825 99.4328 2
1414 -307.94 138.264 -773.045 115.904 2
1415 -413.239 112.159 -703.968 127.506 4
1416 -450.003 96.0532 -848.002 135.732 4
1417 -489.31 105.27 -821.542 148.291 4
1418 RANDOM
1419 -595.352 95.1665 -755.765 137.164 4
1420 52.2238 153.567 -1334.7 87.8656 2
1421 -392.009 137.962 -752.098 111.568 2
1422 -357.45 119.786 -763.663 93.8051 2
1423 -332.636 123.55 -773.825 99.4328 2
1424 -307.94 138.264 -773.045 115.904 2
1425 -413.239 112.159 -703.968 127.506 4
1426 -450.003 96.0532 -848.002 135.732 4
1427 -489.31 105.27 -821.542 148.291 4
1428 -534.62 104.238 -794.656 149.922 4
1429 -595.352 95.1665 -755.765 137.164 4
1430 RANDOM
1431 RANDOM
1432 -107.498 17.809 -1268.32 9.59219 2
1433 -79.6517 115.647 -1262.04 90.9565 2
1434 -57.0882 161.146 -1265.77 146.594 2
1435 -392.009 137.962 -752.098 111.568 2
1436 -357.45 119.786 -763.663 93.8051 2
1437 -332.636 123.55 -773.825 99.4328 2
1438 -307.94 138.264 -773.045 115.904 2
1439 -413.239 112.159 -703.968 127.506 4
1440 -450.003 96.0532 -848.002 135.732 4
1441 -489.31 105.27 -821.542 148.291 4
1442 -534.62 104.238 -794.656 149.922 4
1443 -595.352 95.1665 -755.765 137.164 4
1444 52.2238 153.567 -1334.7 87.8656 2
1445 -392.009 137.962 -752.098 111.568 2
1446 -357.45 119.786 -763.663 93.8051 2
1447 -332.636 123.55 -773.825 99.4328 2
1448 -307.94 138.264 -773.045 115.904 2
1449 -413.239 112.159 -703.968 127.506 4
1450 -450.003 96.0532 -848.002 135.732 4
1451 RANDOM
1452 -534.62 104.238 -794.656 149.922 4
1453 -595.352 95.1665 -755.765 137.164 4
1454 RANDOM
1455 -21.8958 89.3049 -1308.61 49.4623 2
1456 -57.0882 161.146 -1265.77 146.594 2
1457 -392.009 137.962 -752.098 111.568 2
1458 -357.45 119.786 -763.663 93.8051 2
1459 -332.636 123.55 -773.825 99.4328 2
1460 -307.94 138.264 -773.045 115.904 2
1461 -413.239 112.159 -703.968 127.506 4
1462 -450.003 96.0532 -848.002 135.732 4
1463 -489.31 105.27 -821.542 148.291 4
1464 -534.62 104.238 -794.656 149.922 4
1465 -595.352 95.1665 -755.765 137.164 4
1466 52.2238 153.567 -1334.7 87.8656 2
1467 -392.009 137.962 -752.098 111.568 2
1468 RANDOM
1469 -332.636 123.55 -773.825 99.4328 2
1470 -307.94 138.264 -773.045 115.904 2
1471 -413.239 112.159 -703.968 127.506 4
1472 -450.003 96.0532 -848.002 135.732 4
1473 -489.31 105.27 -821.542 148.291 4
1474 -534.62 104.238 -794.656 149.922 4
1475 -595.352 95.1665 -755.765 137.164 4
1476 52.2238 153.567 -1334.7 87.8656 2
1477 -392.009 137.962 -752.098 111.568 2
1478 -357.45 119.786 -763.663 93.8051 2
1479 -332.636 123.55 -773.825 99.4328 2
1480 -307.94 138.264 -773.045 115.904 2
1481 -413.239 112.159 -703.968 127.506 4
1482 -450.003 96.0532 -848.002 135.732 4
1483 -489.31 105.27 -821.542 148.291 4
1484 -534.62 104.238 -794.656 149.922 4
1485 -595.352 95.1665 -755.765 137.164 4
1486 52.2238 153.567 -1334.7 87.8656 2
1487 -392.009 137.962 -752.098 111.568 2
1488 -357.45 119.786 -763.663 93.8051 2
1489 -332.636 123.55 -773.825 99.4328 2
1490 -307.94 138.264 -773.045 115.904 2
1491 RANDOM
1492 -375.321 89.4204 -702.756 89.2558 2
1493 -361.074 97.7436 -681.236 85.5097 2
1494 -371.16 141.425 -638.386 128.866 2
1495 -455.693 165.702 -572.358 174.246 4
1496 -446.838 90.6479 -667.303 112.595 4
1497 -482.774 103.296 -684.332 140.476 4
1498 -519.855 122.004 -690.201 178.385 4
1499 -571.32 149.543 -688.21 230.196 4
1500 -450.003 96.0532 -848.002 135.732 4
1501 -489.31 105.27 -821.542 148.291 4
1502 -534.62 104.238 -794.656 149.922 4
1503 -595.352 95.1665 -755.765 137.164 4
1504 52.2238 153.567 -1334.7 87.8656 2
1505 -392.009 137.962 -752.098 111.568 2
1506 -357.45 119.786 -763.663 93.8051 2
1507 -332.636 123.55 -773.825 99.4328 2
1508 -307.94 138.264 -773.045 115.904 2
1509 -413.239 112.159 -703.968 127.506 4
1510 -450.003 96.0532 -848.002 135.732 4
1511 -489.31 105.27 -821.542 148.291 4
1512 -534.62 104.238 -794.656 149.922 4
1513 -595.352 95.1665 -755.765 137.164 4
1514 52.2238 153.567 -1334.7 87.8656 2
1515 -392.009 137.962 -752.098 111.568 2
1516 -357.45 119.786 -763.663 93.8051 2
1517 -332.636 123.55 -773.825 99.4328 2
1518 -307.94 138.264 -773.045 115.904 2
1519 -413.239 112.159 -703.968 127.506 4
1520 -450.003 96.0532 -848.002 135.732 4
1521 -489.31 105.27 -821.542 148.291 4
1522 -534.62 104.238 -794.656 149.922 4
1523 -595.352 95.1665 -755.765 137.164 4
1524 52.2238 153.567 -1334.7 87.8656 2
1525 -392.009 137.962 -752.098 111.568 2
1526 -357.45 119.786 -763.663 93.8051 2
1527 -332.636 123.55 -773.825 99.4328 2
1528 -307.94 138.264 -773.045 115.904 2
1529 RANDOM
1530 -375.321 89.4204 -702.756 89.2558 2
1531 -361.074 97.7436 -681.236 85.5097 2
1532 -371.16 141.425 -638.386 128.866 2
1533 -455.693 165.702 -572.358 174.246 4
1534 -446.838 90.6479 -667.303 112.595 4
1535 -482.774 103.296 -684.332 140.476 4
1536 -519.855 122.004 -690.201 178.385 4
1537 -571.32 149.543 -688.21 230.196 4
1538 -450.003 96.0532 -848.002 135.732 4
1539 -489.31 105.27 -821.542 148.291 4
1540 -534.62 104.238 -794.656 149.922 4
1541 -595.352 95.1665 -755.765 137.164 4
1542 52.2238 153.567 -1334.7 87.8656 2
1543 -392.009 137.962 -752.098 111.568 2
1544 -357.45 119.786 -763.663 93.8051 2
1545 -332.636 123.55 -773.825 99.4328 2
1546 -307.94 138.264 -773.045 115.904 2
1547 RANDOM
1548 -375.321 89.4204 -702.756 89.2558 2
1549 -361.074 97.7436 -681.236 85.5097 2
1550 -371.16 141.425 -638.386 128.866 2
1551 RANDOM
1552 -435.191 166.398 -567.641 164.413 2
1553 -427.496 179.211 -563.523 174.85 2
1554 -376.613 229.986 -538.484 224.324 2
1555 -332.825 148.767 -508.898 112.366 2
1556 -313.513 150.197 -502.976 102.056 2
1557 -297.726 165.312 -498.572 108.502 2
1558 RANDOM
1559 -334.403 157.454 -608.103 121.911 2
1560 -312.858 173.208 -556.452 114.22 2
1561 -303.831 203.172 -516.961 130.226 2
1562 -229.103 250.843 -443.322 157.777 2
1563 -294.924 268.063 -511.127 261.581 2
1564 -267.58 302.09 -484.647 283.206 2
1565 -253.544 315.908 -453.949 286.326 2
1566 -151.418 350.421 -363.009 281.059 2
1567 -148.268 375.694 -234.435 303.597 2
1568 -79.3092 370.06 -202.103 257.001 2
1569 -79.606 366.974 -207.728 243.166 2
1570 -43.3297 377.673 -157.361 226.045 2
1571 -39.2887 379.478 -116.197 239.489 2
1572 68.1086 384.944 -46.4582 198.46 2
1573 76.7133 375.535 -27.1054 180.873 2
1574 RANDOM
1575 -85.3839 356.244 -14.592 286.894 2
1576 42.9538 353.749 91.098 227.795 2
1577 74.9648 380.545 166.037 239.317 2
1578 211.382 451.897 352.892 264.094 2
1579 -173.43 389.961 -49.0912 372.59 2
1580 -82.6793 416.581 70.3072 363.643 2
1581 3.67471 443.191 184.105 364.116 2
1582 180.519 476.074 405.618 355.887 2
1583 RANDOM
1584 131.271 383.477 275.465 273.113 2
1585 217.294 385.08 330.721 241.804 2
1586 343.029 433.497 436.625 246.396 3
1587 100.869 323.092 298.743 217.614 2
1588 106.623 360.057 233.038 220.602 2
