0 104.81 105.854 99.3961 113.297 4
1 110.99 110.705 98.2591 124.245 4
2 113.523 112.312 101.433 125.525 4
3 113.963 112.681 101.441 126.319 4
4 114.677 113.374 101.778 127.456 4
5 115.94 114.685 102.536 129.438 4
6 112.435 111.707 101.13 124.394 4
7 113.325 112.465 101.371 125.748 4
8 114.573 113.562 101.774 127.665 4
9 116.324 115.318 102.805 130.441 4
10 119.636 117.946 106.437 133.284 4
11 120.968 119.224 107.41 135.104 4
12 122.577 120.803 108.594 137.341 4
13 124.996 123.207 110.351 140.77 4
14 123.349 121.382 109.54 137.865 4
15 124.386 122.388 110.297 139.309 4
16 126.002 124.001 111.48 141.594 4
17 128.052 126.089 112.97 144.564 4
18 118.989 117.099 106.792 131.643 4
19 120.761 118.867 108.108 134.123 4
20 123.019 121.118 109.787 137.277 4
21 126.012 124.079 112.043 141.366 4
22 121.598 119.665 108.696 135.282 4
23 122.837 120.89 109.633 136.979 4
24 125.022 123.038 111.306 139.917 4
25 128.294 126.262 113.809 144.297 4
26 119.786 119.095 109.304 132.202 4
27 121.08 120.368 110.291 133.909 4
28 122.684 121.963 111.484 136.096 4
29 124.829 124.1 113.033 139.092 4
30 124.737 124.583 114.594 138.068 4
31 127.251 127.069 116.497 141.315 4
32 130.994 130.754 119.361 146.106 4
33 136.225 135.928 123.377 152.854 4
34 119.505 121.348 112.337 132.603 4
35 121.275 123.23 113.79 134.992 4
36 124.826 126.865 116.658 139.535 4
37 130.032 132.131 120.753 146.119 4
38 120.559 122.46 113.258 133.749 4
39 121.927 123.985 114.405 135.548 4
40 125.677 127.828 117.649 139.977 4
41 130.995 133.25 122.047 146.527 4
42 118.837 122.881 113.443 134.849 4
43 121.332 125.572 115.574 137.963 4
44 125.623 130.158 119.283 143.28 4
45 132.26 137.04 124.7 151.081 4
46 123.927 130.035 119.588 143.815 4
47 124.67 130.93 120.058 144.818 4
48 128.349 134.84 123.017 149.144 4
49 136.348 143.156 129.595 158.315 4
50 141.122 149.425 135.577 166.622 4
51 141.122 149.425 135.577 166.622 4
