0 -138.662 432.88 -703.768 377.314 2
1 -105.778 425.867 -733.66 369.05 2
2 -83.8797 435.825 -748.546 375.768 2
3 -206.745 424.007 -574.163 411.552 2
4 -167.05 403.535 -576.627 373.544 2
5 -153.81 416.202 -558.914 370.257 2
6 -58.5655 392.366 -612.665 347.892 2
7 -159.002 445.636 -526.69 448.95 4
8 -145.278 357.445 -645.458 360.929 4
9 -182.408 383.37 -666.66 401.556 4
10 -219.255 422.05 -678.914 462.805 4
11 -273.719 445.724 -671.523 511.478 4
12 -158.175 347.596 -872.306 352.447 4
13 -201.059 366.141 -825.623 375.081 4
14 -251.218 376.052 -782.179 387.826 4
15 -315.601 388.244 -716.074 398.461 4
16 375.435 409.816 -1443.95 286.242 2
17 -134.583 417.424 -687.242 352.534 2
18 RANDOM
19 -50.1692 378.22 -748.656 311.578 2
20 -21.648 385.215 -763.497 317.308 2
21 -122.092 363.192 -669.339 346.011 2
22 -72.6678 331.404 -676.082 297.165 2
23 -51.2688 342.76 -658.299 296.838 2
24 -58.5655 392.366 -612.665 347.892 2
25 -159.002 445.636 -526.69 448.95 4
26 RANDOM
27 -103.279 463.814 -534.156 425.175 2
28 -94.0723 403.39 -588.385 362.05 2
