0 2571.82 6013.95 -609.188 5768.54 2
1 2589.12 5987.91 -616.635 5760.56 2
2 2612.45 6028.95 -587.695 5814.57 2
3 2459.01 5793.16 -582.675 5418.94 2
4 2492.9 5725.14 -585.656 5374.0 2
5 2511.76 5741.18 -551.122 5391.27 2
6 2605.22 5678.29 -526.968 5381.29 2
7 2513.11 5616.45 -558.488 5282.5 2
8 2524.68 5521.38 -506.899 5118.02 2
9 2512.07 5531.25 -468.529 5104.37 2
10 2561.63 5439.5 -393.247 5005.33 2
11 2554.08 5410.88 -465.715 4914.13 2
12 2573.37 5356.86 -424.068 4818.14 2
13 2576.89 5355.82 -390.185 4795.4 2
14 2654.69 5183.25 -289.388 4589.13 2
15 2549.81 5736.67 -404.656 5265.51 2
16 2586.19 5647.45 -302.545 5070.31 2
17 2586.71 5656.96 -242.885 5040.94 2
18 2623.06 5554.02 -159.905 4896.34 2
19 2592.34 5969.42 -313.227 5694.99 2
20 2617.87 5851.03 -241.915 5475.89 2
21 2664.42 5779.12 -144.102 5311.89 2
22 2794.56 5519.7 16.1826 4934.91 2
23 2755.97 6320.21 108.141 5977.93 2
24 RANDOM
25 2810.79 5917.07 158.526 5364.04 2
26 2835.83 5652.28 229.721 5003.42 2
27 2878.62 5983.56 257.207 5557.9 2
28 2954.25 5779.89 330.34 5219.08 2
29 2988.34 5600.78 379.158 4922.66 2
30 3117.13 5205.22 580.845 4364.02 2
31 2889.86 5979.96 450.984 5456.38 2
32 3000.37 5653.48 574.484 4930.09 2
33 3080.57 5453.33 671.979 4597.09 2
34 3274.95 5188.79 913.165 4165.46 2
35 2907.09 6142.42 510.9 5687.51 2
36 2967.83 5941.41 601.259 5343.01 2
37 3037.28 5797.74 705.443 5054.97 2
38 3245.5 5520.6 973.561 4542.66 2
39 3081.87 6132.84 766.225 5392.69 2
40 3157.64 5946.96 821.062 5088.39 2
41 3217.88 5791.51 869.954 4830.74 2
42 3374.76 5533.19 1003.87 4386.8 2
43 3310.68 5845.34 1000.51 4895.74 2
44 3353.5 5722.9 1022.63 4692.17 2
45 3402.32 5610.73 1039.31 4503.05 2
46 3609.53 5433.58 1221.87 4173.99 2
47 3389.12 5801.43 854.656 4832.9 2
48 3296.54 5725.4 765.708 4733.48 2
49 RANDOM
50 3168.6 5584.42 648.535 4536.6 2
51 3168.6 5584.42 648.535 4536.6 2
