0 -14.6673 34.0589 26.5622 35.8143 4
1 -14.6673 34.0589 26.5622 35.8143 4
2 -14.6673 34.0589 26.5622 35.8143 4
3 -14.6673 34.0589 26.5622 35.8143 4
4 -14.6673 34.0589 26.5622 35.8143 4
5 -14.6673 34.0589 26.5622 35.8143 4
6 -14.6673 34.0589 26.5622 35.8143 4
7 -14.6673 34.0589 26.5622 35.8143 4
8 -14.6673 34.0589 26.5622 35.8143 4
9 -14.6673 34.0589 26.5622 35.8143 4
10 -14.6673 34.0589 26.5622 35.8143 4
11 -14.6673 34.0589 26.5622 35.8143 4
12 -14.6673 34.0589 26.5622 35.8143 4
13 -14.6673 34.0589 26.5622 35.8143 4
14 -14.6673 34.0589 26.5622 35.8143 4
15 -14.6673 34.0589 26.5622 35.8143 4
16 -14.6673 34.0589 26.5622 35.8143 4
17 -14.6673 34.0589 26.5622 35.8143 4
18 -14.6673 34.0589 26.5622 35.8143 4
19 -14.6673 34.0589 26.5622 35.8143 4
20 -14.6673 34.0589 26.5622 35.8143 4
21 -14.6673 34.0589 26.5622 35.8143 4
22 -14.6673 34.0589 26.5622 35.8143 4
23 -14.6673 34.0589 26.5622 35.8143 4
24 -14.6673 34.0589 26.5622 35.8143 4
25 -14.6673 34.0589 26.5622 35.8143 4
26 -14.6673 34.0589 26.5622 35.8143 4
27 -14.6673 34.0589 26.5622 35.8143 4
28 -14.6673 34.0589 26.5622 35.8143 4
29 -14.6673 34.0589 26.5622 35.8143 4
30 -14.6673 34.0589 26.5622 35.8143 4
31 -14.6673 34.0589 26.5622 35.8143 4
32 -14.6673 34.0589 26.5622 35.8143 4
33 -14.6673 34.0589 26.5622 35.8143 4
34 -14.6673 34.0589 26.5622 35.8143 4
35 -14.6673 34.0589 26.5622 35.8143 4
36 -14.6673 34.0589 26.5622 35.8143 4
37 -14.6673 34.0589 26.5622 35.8143 4
38 -14.6673 34.0589 26.5622 35.8143 4
39 -14.6673 34.0589 26.5622 35.8143 4
40 -14.6673 34.0589 26.5622 35.8143 4
41 -14.6673 34.0589 26.5622 35.8143 4
42 -11.7839 24.4716 -60.1227 23.2213 2
43 -14.6673 34.0589 26.5622 35.8143 4
44 -11.7839 24.4716 -60.1227 23.2213 2
45 -14.6673 34.0589 26.5622 35.8143 4
46 -11.7839 24.4716 -60.1227 23.2213 2
47 -14.6673 34.0589 26.5622 35.8143 4
48 -11.7839 24.4716 -60.1227 23.2213 2
49 -14.6673 34.0589 26.5622 35.8143 4
50 -11.7839 24.4716 -60.1227 23.2213 2
51 -14.6673 34.0589 26.5622 35.8143 4
52 -11.7839 24.4716 -60.1227 23.2213 2
53 -14.6673 34.0589 26.5622 35.8143 4
54 -11.7839 24.4716 -60.1227 23.2213 2
55 -14.6673 34.0589 26.5622 35.8143 4
56 -11.7839 24.4716 -60.1227 23.2213 2
57 -14.6673 34.0589 26.5622 35.8143 4
58 -11.7839 24.4716 -60.1227 23.2213 2
59 -14.6673 34.0589 26.5622 35.8143 4
60 -11.7839 24.4716 -60.1227 23.2213 2
61 -14.6673 34.0589 26.5622 35.8143 4
62 -11.7839 24.4716 -60.1227 23.2213 2
63 -14.6673 34.0589 26.5622 35.8143 4
64 -11.7839 24.4716 -60.1227 23.2213 2
65 -14.6673 34.0589 26.5622 35.8143 4
66 -11.7839 24.4716 -60.1227 23.2213 2
67 -14.6673 34.0589 26.5622 35.8143 4
68 -11.7839 24.4716 -60.1227 23.2213 2
69 -14.6673 34.0589 26.5622 35.8143 4
70 -11.7839 24.4716 -60.1227 23.2213 2
71 -14.6673 34.0589 26.5622 35.8143 4
72 -11.7839 24.4716 -60.1227 23.2213 2
73 -14.6673 34.0589 26.5622 35.8143 4
74 RANDOM
75 -15.831 -11.0909 -33.0772 -22.7664 2
76 -21.8693 -11.8435 -16.5396 -20.097 2
