0 1.4761 32.7796 20.7841 34.2269 4
1 1.4761 32.7796 20.7841 34.2269 4
2 1.4761 32.7796 20.7841 34.2269 4
3 1.4761 32.7796 20.7841 34.2269 4
4 1.4761 32.7796 20.7841 34.2269 4
5 1.4761 32.7796 20.7841 34.2269 4
6 1.4761 32.7796 20.7841 34.2269 4
7 1.4761 32.7796 20.7841 34.2269 4
8 1.4761 32.7796 20.7841 34.2269 4
9 RANDOM
10 1.4761 32.7796 20.7841 34.2269 4
11 1.4761 32.7796 20.7841 34.2269 4
12 1.4761 32.7796 20.7841 34.2269 4
13 1.4761 32.7796 20.7841 34.2269 4
14 RANDOM
15 1.4761 32.7796 20.7841 34.2269 4
16 1.4761 32.7796 20.7841 34.2269 4
17 1.4761 32.7796 20.7841 34.2269 4
18 1.4761 32.7796 20.7841 34.2269 4
19 1.4761 32.7796 20.7841 34.2269 4
20 1.4761 32.7796 20.7841 34.2269 4
21 1.4761 32.7796 20.7841 34.2269 4
22 1.4761 32.7796 20.7841 34.2269 4
23 1.4761 32.7796 20.7841 34.2269 4
24 1.4761 32.7796 20.7841 34.2269 4
25 1.4761 32.7796 20.7841 34.2269 4
26 1.4761 32.7796 20.7841 34.2269 4
27 RANDOM
28 1.4761 32.7796 20.7841 34.2269 4
29 1.4761 32.7796 20.7841 34.2269 4
30 1.4761 32.7796 20.7841 34.2269 4
31 1.4761 32.7796 20.7841 34.2269 4
32 1.4761 32.7796 20.7841 34.2269 4
33 RANDOM
34 1.4761 32.7796 20.7841 34.2269 4
35 1.4761 32.7796 20.7841 34.2269 4
36 1.4761 32.7796 20.7841 34.2269 4
37 1.4761 32.7796 20.7841 34.2269 4
38 1.4761 32.7796 20.7841 34.2269 4
39 1.4761 32.7796 20.7841 34.2269 4
40 1.4761 32.7796 20.7841 34.2269 4
41 1.4761 32.7796 20.7841 34.2269 4
42 -6.11299 37.0171 1.3611 84.7905 4
43 -6.77759 40.5951 3.74399 88.5764 4
44 -8.31812 44.4642 6.35398 93.0578 4
45 -10.1877 48.8912 10.0098 97.7901 4
46 -4.89903 33.1684 -2.41022 80.3708 4
47 -4.25638 30.562 -0.70728 74.1277 4
48 -3.68994 28.2878 0.78546 68.6674 4
49 -3.11368 25.96 2.31449 63.0706 4
50 8.4125 50.963 56.9046 52.3752 3
51 1.32864 38.5163 31.2372 37.5536 2
