0 75.0204 73.4535 72.0313 75.483 4
1 76.5478 72.8099 69.6289 78.3119 4
2 76.158 72.8093 71.141 77.4314 4
3 77.5557 74.0588 72.1797 78.9948 4
4 79.3243 75.5901 73.3791 80.9775 4
5 81.4875 77.4768 74.779 83.6298 4
6 76.8795 73.791 72.0102 78.1399 4
7 78.3021 75.0548 73.0626 79.7636 4
8 80.3595 76.9118 74.6363 82.1687 4
9 83.2258 79.5663 76.8234 85.7827 4
10 89.5574 86.6982 85.3876 92.872 4
11 91.3288 88.3436 86.9405 95.0706 4
12 RANDOM
13 96.2038 92.7836 91.0648 101.064 4
14 89.691 86.7614 85.8613 94.2043 4
15 91.1237 88.0859 87.1231 96.0151 4
16 93.4026 90.2026 89.134 98.7876 4
17 96.9294 93.4906 92.2613 102.935 4
18 88.3171 85.5053 85.0025 92.8789 4
19 RANDOM
20 94.1411 90.954 90.2469 99.982 4
21 99.524 95.992 95.1234 106.338 4
22 87.5281 84.5978 84.2506 92.9261 4
23 89.5264 86.4542 86.0521 95.3917 4
24 92.8655 89.5844 89.0984 99.3786 4
25 98.1671 94.5632 93.9423 105.614 4
26 85.4796 82.8941 82.9017 88.9488 4
27 85.9022 83.283 83.3566 89.9922 4
28 RANDOM
29 93.0896 90.1585 90.4165 99.16 4
30 82.8978 80.2486 81.63 87.2888 4
31 86.3855 83.6511 85.2607 91.4348 4
32 91.521 88.6357 90.4732 97.453 4
33 100.208 97.0421 99.1115 107.357 4
34 80.7076 78.0387 81.0751 86.8695 4
35 85.6682 82.9629 86.3638 92.7132 4
36 94.0443 91.2145 95.0756 102.307 4
37 107.067 103.805 108.017 116.823 4
38 83.4721 80.8867 84.6078 91.8936 4
39 87.7021 85.0515 89.0404 96.8281 4
40 96.4316 93.6374 98.0617 106.562 4
41 109.884 106.639 111.382 121.391 4
42 82.7063 81.0278 86.2515 94.0209 4
43 88.5107 86.7705 92.415 100.554 4
44 98.3225 96.3992 102.596 111.411 4
45 113.199 110.705 117.389 127.522 4
46 87.6199 86.3556 92.1597 101.882 4
47 93.9824 92.6277 98.9979 109.219 4
48 105.303 103.835 111.064 121.79 4
49 121.79 120.004 128.292 139.843 4
50 115.131 114.818 124.299 138.018 4
51 115.131 114.818 124.299 138.018 4
