0 29.2519 42.792 22.6237 48.0601 4
1 28.5357 47.4217 18.1045 56.9334 4
2 27.3056 41.8352 18.5587 49.7881 4
3 27.2952 41.9401 18.5688 49.9441 4
4 27.5831 42.5424 18.7559 50.7101 4
5 28.2624 43.7818 19.1817 52.2583 4
6 24.2238 36.4694 16.9874 42.9381 4
7 24.0082 36.3924 16.8047 42.9226 4
8 24.123 36.8674 16.804 43.5988 4
9 24.1708 37.2359 16.7536 44.1625 4
10 21.4331 32.5436 14.7529 38.8032 4
11 21.7993 33.2904 14.8791 39.7933 4
12 22.0596 33.8553 14.9431 40.5548 4
13 22.3413 34.471 15.0153 41.3837 4
14 19.8689 29.4217 12.1272 35.0617 4
15 19.655 29.352 11.8742 35.0816 4
16 19.4625 29.3328 11.6339 35.1667 4
17 RANDOM
18 17.9984 25.4445 11.7452 29.5764 4
19 17.9307 25.5792 11.5886 29.8377 4
20 17.9434 25.959 11.4428 30.4613 4
21 18.0127 26.436 11.3408 31.2008 4
22 15.9744 22.6398 10.8276 25.8805 4
23 15.7296 22.4269 10.6605 25.6486 4
24 15.5687 22.452 10.4559 25.7724 4
25 15.478 22.6166 10.2908 26.0843 4
26 12.2265 20.9272 7.36822 22.6503 4
27 12.1728 20.9638 7.29885 22.6785 4
28 12.2611 21.287 7.30257 23.0382 4
29 12.5307 21.9032 7.38743 23.7426 4
30 11.6954 19.8447 6.52316 20.5035 4
31 11.826 20.1328 6.51654 20.7768 4
32 RANDOM
33 12.4139 21.1612 6.65572 21.8612 4
34 12.6349 17.5506 9.59873 16.8357 2
35 15.1456 16.9108 12.9755 15.8405 2
36 16.0098 17.5647 13.7909 16.3796 2
37 16.7992 18.2198 14.5688 16.9173 2
38 17.4603 18.8919 15.1226 17.6204 2
39 17.7818 19.3241 15.389 18.5903 2
40 18.1796 19.5666 15.7431 18.7345 2
41 18.8889 20.1787 16.422 19.2026 2
42 19.5466 20.8056 17.031 19.7795 2
43 20.0 21.2762 17.5652 20.3415 2
44 21.2624 22.3685 18.9187 21.0332 2
45 22.4606 23.447 20.2176 21.818 2
46 23.3343 24.2826 21.1496 22.5168 2
47 24.0771 24.8324 22.1239 22.6979 2
48 24.9001 25.574 23.3611 22.9586 2
49 25.6315 26.3438 24.4794 23.3839 2
50 26.2442 26.969 25.3092 23.8708 2
51 23.3943 24.4667 21.253 22.8118 2
52 24.1356 25.022 22.266 22.8804 2
53 25.0269 25.8223 23.4777 23.2178 2
54 25.8496 26.6895 24.5744 23.8375 2
55 25.6122 27.0458 24.1053 24.3173 2
56 26.4745 27.7171 25.0925 24.8222 2
57 27.1939 28.3086 25.9118 25.3147 2
58 28.2879 29.2663 27.1997 26.1872 2
59 26.6254 28.2415 24.8749 25.5657 2
60 27.7144 28.9988 26.1192 26.1376 2
61 RANDOM
62 29.0059 30.0384 27.5858 27.0835 2
63 26.3753 30.1139 24.4958 28.2989 2
64 26.6133 29.4886 24.8602 27.1254 2
65 27.0518 29.3637 25.3746 26.6896 2
66 27.5592 29.7334 26.0331 26.8743 2
67 RANDOM
68 27.7422 33.9118 26.127 32.567 2
69 28.6628 34.5734 27.3953 32.6605 2
70 29.3606 35.141 28.3917 32.8336 2
71 31.4332 37.0094 31.0585 34.0801 2
72 32.1378 36.8805 31.6869 33.8668 2
73 32.7427 36.6848 32.1255 33.7414 2
74 33.1995 35.6599 32.1806 32.9023 2
75 36.1787 42.5057 36.7848 38.9677 2
76 35.3162 40.5371 35.6732 36.9847 2
77 34.872 39.1411 34.9509 35.6566 2
78 34.7812 37.9366 34.5679 34.6293 2
79 37.2738 42.1506 37.9545 38.1877 2
80 RANDOM
81 35.6358 38.7453 35.8764 35.0813 2
82 35.7307 38.1924 35.6849 34.7339 2
83 42.0647 46.1429 41.4585 42.9203 2
84 41.3343 43.9503 40.418 40.9292 2
85 40.9843 43.0771 39.9846 40.1187 2
86 40.6336 41.7067 39.4384 38.8928 2
87 38.4387 44.5627 39.3423 40.4819 2
88 42.4278 45.5769 41.6911 42.3638 2
89 42.2477 44.1696 41.0859 41.2619 2
90 41.5059 42.133 40.203 39.3763 2
91 41.7529 45.8231 41.7017 42.1209 2
92 44.4266 46.7389 43.4477 43.5634 2
93 RANDOM
94 49.4329 48.9649 47.5531 46.7673 1
95 42.7436 41.2791 40.9167 39.3637 1
