0 366.126 391.152 340.046 380.133 2
1 371.983 396.524 345.858 385.557 2
2 380.387 405.007 354.116 393.953 2
3 388.62 418.642 360.047 407.898 2
4 391.456 419.329 363.034 408.984 2
5 398.264 424.635 370.381 413.928 2
6 RANDOM
7 411.916 442.325 384.989 429.451 2
8 419.652 447.518 393.605 434.582 2
9 428.452 455.803 405.562 441.185 2
10 443.928 471.315 424.623 454.363 2
11 402.487 433.146 377.456 418.835 2
12 418.88 447.121 394.443 432.914 2
13 434.552 462.531 413.487 446.422 2
14 RANDOM
15 397.139 426.046 374.072 411.885 2
16 417.734 444.378 393.485 430.939 2
17 435.545 462.099 413.573 446.688 2
18 456.154 483.154 436.823 465.29 2
19 388.354 421.851 373.518 400.169 2
20 405.608 434.72 386.964 416.975 2
21 430.189 457.238 410.082 440.527 2
22 458.891 485.863 440.276 467.421 2
23 396.546 427.711 386.007 404.191 2
24 411.38 438.849 396.161 419.292 2
25 432.821 459.025 415.893 440.375 2
26 460.634 486.656 443.532 467.281 2
27 399.904 433.079 391.5 407.711 2
28 412.304 441.323 398.851 420.448 2
29 430.39 457.345 414.44 438.124 2
30 457.691 483.889 440.477 464.734 2
31 421.445 455.445 422.166 423.712 2
32 RANDOM
33 444.864 472.322 434.934 448.535 2
34 464.798 490.746 451.571 468.652 2
35 448.201 486.803 461.632 446.687 2
36 RANDOM
37 461.203 490.015 456.251 462.44 2
38 476.345 503.266 466.854 478.588 2
39 504.77 544.847 531.381 498.2 2
40 RANDOM
41 517.254 548.303 524.519 514.531 2
42 525.051 553.038 523.775 524.298 2
43 522.32 569.264 565.741 512.717 2
44 515.298 554.601 543.004 507.829 2
45 512.238 545.594 526.974 507.006 2
46 521.814 550.729 524.049 519.978 2
47 513.58 553.572 542.226 506.772 2
48 510.251 545.39 528.936 504.941 2
49 509.455 541.36 520.977 505.362 2
50 514.723 544.409 519.333 512.631 2
51 514.723 544.409 519.333 512.631 2
