0 -2.6582 23.3956 3.20079 23.9851 4
1 -2.6582 23.3956 3.20079 23.9851 4
2 -2.6582 23.3956 3.20079 23.9851 4
3 -2.6582 23.3956 3.20079 23.9851 4
4 -2.6582 23.3956 3.20079 23.9851 4
5 -2.6582 23.3956 3.20079 23.9851 4
6 -2.6582 23.3956 3.20079 23.9851 4
7 -2.6582 23.3956 3.20079 23.9851 4
8 -2.6582 23.3956 3.20079 23.9851 4
9 -2.6582 23.3956 3.20079 23.9851 4
10 -2.6582 23.3956 3.20079 23.9851 4
11 -2.6582 23.3956 3.20079 23.9851 4
12 -2.6582 23.3956 3.20079 23.9851 4
13 -2.6582 23.3956 3.20079 23.9851 4
14 -2.6582 23.3956 3.20079 23.9851 4
15 -2.6582 23.3956 3.20079 23.9851 4
16 -2.6582 23.3956 3.20079 23.9851 4
17 -2.6582 23.3956 3.20079 23.9851 4
18 -2.6582 23.3956 3.20079 23.9851 4
19 -2.6582 23.3956 3.20079 23.9851 4
20 -2.6582 23.3956 3.20079 23.9851 4
21 -2.6582 23.3956 3.20079 23.9851 4
22 -2.6582 23.3956 3.20079 23.9851 4
23 -2.6582 23.3956 3.20079 23.9851 4
24 -2.6582 23.3956 3.20079 23.9851 4
25 RANDOM
26 RANDOM
27 -2.6582 23.3956 3.20079 23.9851 4
28 -2.6582 23.3956 3.20079 23.9851 4
29 -2.6582 23.3956 3.20079 23.9851 4
30 -2.6582 23.3956 3.20079 23.9851 4
31 -2.6582 23.3956 3.20079 23.9851 4
32 -2.6582 23.3956 3.20079 23.9851 4
33 -2.6582 23.3956 3.20079 23.9851 4
34 -2.6582 23.3956 3.20079 23.9851 4
35 -2.6582 23.3956 3.20079 23.9851 4
36 -2.6582 23.3956 3.20079 23.9851 4
37 -2.6582 23.3956 3.20079 23.9851 4
38 -2.6582 23.3956 3.20079 23.9851 4
39 -2.6582 23.3956 3.20079 23.9851 4
40 -2.6582 23.3956 3.20079 23.9851 4
41 -2.6582 23.3956 3.20079 23.9851 4
42 -3.63685 22.8743 -42.5795 40.8587 4
43 -2.89518 25.9079 -43.8558 41.4455 4
44 -2.70561 28.8248 -46.3486 40.703 4
45 -2.51231 32.0728 -48.8478 41.4094 4
46 -3.65803 19.5639 -39.8588 39.5128 4
47 -3.64398 17.1996 -35.75 35.803 4
48 -3.09448 16.1521 -31.6271 33.812 4
49 -2.54158 15.1227 -27.5226 31.8326 4
50 4.61276 22.3315 -9.64503 14.2312 2
51 -2.6582 23.3956 3.20079 23.9851 4
52 4.61276 22.3315 -9.64503 14.2312 2
53 -2.6582 23.3956 3.20079 23.9851 4
54 4.61276 22.3315 -9.64503 14.2312 2
55 -2.6582 23.3956 3.20079 23.9851 4
56 4.61276 22.3315 -9.64503 14.2312 2
57 -2.6582 23.3956 3.20079 23.9851 4
58 4.61276 22.3315 -9.64503 14.2312 2
59 -2.6582 23.3956 3.20079 23.9851 4
60 4.61276 22.3315 -9.64503 14.2312 2
61 -2.6582 23.3956 3.20079 23.9851 4
62 4.61276 22.3315 -9.64503 14.2312 2
63 -2.6582 23.3956 3.20079 23.9851 4
64 4.61276 22.3315 -9.64503 14.2312 2
65 -2.6582 23.3956 3.20079 23.9851 4
66 4.61276 22.3315 -9.64503 14.2312 2
67 -2.6582 23.3956 3.20079 23.9851 4
68 4.61276 22.3315 -9.64503 14.2312 2
69 -2.6582 23.3956 3.20079 23.9851 4
70 4.61276 22.3315 -9.64503 14.2312 2
71 -2.6582 23.3956 3.20079 23.9851 4
72 4.61276 22.3315 -9.64503 14.2312 2
73 -2.6582 23.3956 3.20079 23.9851 4
74 4.61276 22.3315 -9.64503 14.2312 2
75 -2.6582 23.3956 3.20079 23.9851 4
76 4.61276 22.3315 -9.64503 14.2312 2
77 -2.6582 23.3956 3.20079 23.9851 4
78 4.61276 22.3315 -9.64503 14.2312 2
79 -2.6582 23.3956 3.20079 23.9851 4
80 4.61276 22.3315 -9.64503 14.2312 2
81 -2.6582 23.3956 3.20079 23.9851 4
82 4.61276 22.3315 -9.64503 14.2312 2
83 -2.6582 23.3956 3.20079 23.9851 4
84 4.61276 22.3315 -9.64503 14.2312 2
85 -2.6582 23.3956 3.20079 23.9851 4
86 4.61276 22.3315 -9.64503 14.2312 2
87 -2.6582 23.3956 3.20079 23.9851 4
88 4.61276 22.3315 -9.64503 14.2312 2
89 -2.6582 23.3956 3.20079 23.9851 4
90 4.61276 22.3315 -9.64503 14.2312 2
91 -2.6582 23.3956 3.20079 23.9851 4
92 4.61276 22.3315 -9.64503 14.2312 2
93 -2.6582 23.3956 3.20079 23.9851 4
94 4.61276 22.3315 -9.64503 14.2312 2
95 -2.6582 23.3956 3.20079 23.9851 4
96 4.61276 22.3315 -9.64503 14.2312 2
97 -2.6582 23.3956 3.20079 23.9851 4
98 4.61276 22.3315 -9.64503 14.2312 2
99 -2.6582 23.3956 3.20079 23.9851 4
100 4.61276 22.3315 -9.64503 14.2312 2
101 -2.6582 23.3956 3.20079 23.9851 4
102 4.61276 22.3315 -9.64503 14.2312 2
103 -2.6582 23.3956 3.20079 23.9851 4
104 RANDOM
105 -2.6582 23.3956 3.20079 23.9851 4
106 2.7666 24.039 -17.3678 17.9496 2
