0 1207.79 1813.0 979.935 1710.34 2
1 1240.92 1852.76 1012.84 1745.1 2
2 1271.16 1886.93 1044.76 1773.57 2
3 1109.34 1575.5 874.015 1432.02 2
4 1177.58 1701.69 951.878 1566.69 2
5 1245.26 1820.08 1029.94 1706.18 2
6 1375.3 2020.04 1175.53 1944.23 2
7 1352.95 1903.88 1178.34 1800.08 2
8 1356.74 1936.44 1183.56 1842.58 2
9 1376.62 1992.0 1207.9 1910.32 2
10 1381.55 1984.84 1206.53 1910.88 2
11 1324.81 1889.83 1133.44 1796.15 2
12 1316.96 1903.86 1124.68 1822.12 2
13 1318.8 1929.02 1129.39 1858.45 2
14 1327.82 1935.45 1128.72 1877.53 2
15 1277.87 1827.79 1058.01 1749.28 2
16 1269.13 1838.86 1051.28 1769.99 2
17 1271.03 1864.11 1056.48 1806.64 2
18 1305.84 1915.77 1090.03 1874.0 2
19 1307.68 1832.43 1097.5 1743.93 2
20 1307.47 1850.74 1093.95 1776.3 2
21 1309.87 1845.28 1091.19 1784.13 2
22 1330.58 1820.74 1101.08 1772.11 2
23 1235.17 1578.52 994.968 1494.55 2
24 1259.47 1642.59 1021.13 1572.97 2
25 1296.43 1725.08 1063.56 1669.13 2
26 RANDOM
27 1293.51 1605.1 1057.69 1519.35 2
28 1313.58 1661.27 1075.55 1593.76 2
29 1342.2 1731.47 1107.81 1677.95 2
30 1369.07 1725.63 1126.43 1678.63 2
31 1391.69 1674.7 1148.97 1588.06 2
32 1388.81 1696.01 1148.61 1615.49 2
33 1395.67 1728.48 1159.1 1652.87 2
34 1401.29 1694.27 1156.32 1613.72 2
35 1442.58 1791.23 1234.93 1689.53 2
36 1418.56 1772.34 1199.49 1680.05 2
37 1405.14 1768.42 1178.27 1682.6 2
38 1389.91 1684.28 1152.47 1576.34 2
39 1365.17 1747.97 1133.74 1637.4 2
40 1367.81 1751.73 1126.57 1648.03 2
41 1360.12 1749.93 1111.88 1656.15 2
42 1347.58 1703.72 1091.59 1599.34 2
43 1380.95 1752.71 1141.78 1641.86 2
44 1362.75 1732.83 1113.61 1630.06 2
45 1349.5 1720.25 1090.26 1627.6 2
46 1337.63 1669.02 1067.02 1567.35 2
47 1370.66 1820.22 1101.98 1782.0 2
48 1354.97 1802.57 1077.46 1772.18 2
49 1341.92 1787.24 1056.8 1763.3 2
50 1328.75 1748.85 1039.12 1715.33 2
51 1328.75 1748.85 1039.12 1715.33 2
