0 38.4734 40.7852 40.9379 42.0661 4
1 46.4284 48.6919 48.4761 49.9953 4
2 41.7615 44.0535 44.0512 45.3345 4
3 42.1292 44.4186 44.4022 45.7013 4
4 42.8773 45.1617 45.1123 46.4455 4
5 44.1838 46.4603 46.3541 47.7453 4
6 41.3265 43.6225 43.641 44.9026 4
7 42.1154 44.4044 44.3858 45.6867 4
8 43.558 45.8373 45.7519 47.1216 4
9 46.0009 48.267 48.0697 49.5646 4
10 42.4069 44.6944 44.6567 45.9808 4
11 42.7481 45.0331 44.9823 46.3202 4
12 RANDOM
13 45.8478 48.1216 47.9323 49.4259 4
14 41.8159 44.1217 44.1239 45.4215 4
15 42.3628 44.6656 44.6456 45.9657 4
16 43.4276 45.7269 45.6606 47.0313 4
17 46.1131 48.4183 48.2351 49.7531 4
18 41.203 43.5149 43.5376 44.8189 4
19 41.8449 44.1656 44.1678 45.4801 4
20 43.3694 45.7063 45.6513 47.0443 4
21 45.9037 48.2668 48.1091 49.6473 4
22 42.1275 44.4665 44.4557 45.8015 4
23 RANDOM
24 43.8654 46.22 46.1449 47.5785 4
25 46.6972 49.0776 48.8863 50.4878 4
26 43.2122 45.5814 45.5366 46.9465 4
27 43.897 46.2751 46.2067 47.6516 4
28 45.2959 47.6921 47.5713 49.0934 4
29 48.0397 50.4645 50.2392 51.9274 4
30 43.0346 45.4421 45.4141 46.8327 4
31 44.1775 46.5961 46.5243 48.0045 4
32 46.0302 48.4678 48.3235 49.9066 4
33 48.9643 51.4276 51.175 52.9269 4
34 45.9107 48.4104 48.2971 49.8871 4
35 46.6237 49.1324 48.9977 50.6216 4
36 48.3248 50.8745 50.6892 52.4049 4
37 RANDOM
38 49.3375 52.0793 51.9509 53.7164 4
39 51.632 54.4807 54.3118 56.1955 4
40 55.1461 58.1617 57.9295 59.9981 4
41 60.0135 63.2565 62.9349 65.2685 4
42 58.0343 61.3637 61.2065 63.3431 4
43 59.9827 63.4132 63.2341 65.4638 4
44 63.4155 67.0266 66.8008 69.2028 4
45 67.9747 71.8284 71.5406 74.1732 4
46 64.3326 68.4742 68.5595 70.8161 4
47 67.684 72.0116 72.0597 74.4785 4
48 73.2164 77.8653 77.8595 80.5423 4
49 80.0032 85.0423 84.9554 87.9769 4
50 84.129 89.9383 90.1222 93.1774 4
51 84.129 89.9383 90.1222 93.1774 4
