0 -241.231 152.772 -217.197 93.3552 2
1 -242.084 157.281 -226.405 110.151 2
2 -249.218 169.492 -217.297 125.99 2
3 -289.119 173.844 -169.447 140.353 2
4 -287.718 173.574 -163.576 131.722 2
5 -297.721 170.76 -151.006 122.501 2
6 RANDOM
7 -243.597 188.474 -177.531 153.617 2
8 -252.248 181.396 -167.178 136.612 2
9 -267.053 176.241 -161.804 127.378 2
10 RANDOM
11 -234.164 175.862 -138.146 98.8699 2
12 -236.577 168.921 -138.582 84.4894 2
13 -240.938 164.996 -145.856 75.235 2
14 -226.276 176.538 -149.706 82.6855 2
15 RANDOM
16 -208.785 178.625 -204.105 99.1908 2
17 -223.438 170.715 -198.631 82.6296 2
18 -221.106 180.989 -191.304 89.306 2
19 -196.9 193.183 -196.963 132.925 2
20 -200.35 197.278 -205.988 132.411 2
21 -207.112 194.397 -206.869 122.816 2
22 -189.642 204.032 -178.56 116.41 2
23 -166.86 203.161 -107.546 84.4039 2
24 -115.988 194.137 -84.8534 40.6969 2
25 -114.998 188.18 -87.7513 30.7926 2
26 -118.391 195.064 -66.8755 34.4189 2
27 -176.18 197.629 -83.5561 51.8131 2
28 -128.189 158.989 -62.2594 -23.8195 2
29 -73.3809 163.89 -30.5721 -40.0874 2
30 -51.4792 200.471 12.1201 -5.9541 2
31 -205.894 186.621 -55.9295 54.7974 2
32 -156.313 187.182 -9.68742 25.3275 2
33 RANDOM
34 -131.652 236.914 76.1175 69.6439 2
35 -219.22 194.574 -68.7537 83.5829 2
36 -212.257 181.275 -43.0326 57.8165 2
37 -214.84 187.573 -20.1436 60.8936 2
38 -204.9 214.87 52.253 81.9261 2
39 -97.2093 140.843 54.8687 -21.1062 2
40 -96.4114 152.583 58.1722 -8.69726 2
41 -91.1629 153.35 61.0065 -10.6822 2
42 -63.2495 146.331 99.8853 -29.7546 2
43 -52.0318 140.933 118.717 -36.96 2
44 -49.1033 141.624 114.131 -39.4728 2
45 -45.8896 147.989 107.346 -33.4877 2
46 6.37924 137.487 166.441 -61.1456 3
47 7.14877 106.458 199.059 -93.8505 3
