0 -191.177 99.0062 -289.429 56.3183 2
1 -191.263 96.7536 -301.744 63.1613 2
2 -198.487 105.888 -295.177 76.9528 2
3 -243.938 101.248 -263.529 92.2429 2
4 -242.206 95.3872 -263.405 81.213 2
5 -246.308 101.959 -252.597 82.02 2
6 -211.85 89.7278 -297.326 78.7075 2
7 -211.297 96.3486 -264.958 87.5226 2
8 -219.519 85.0038 -257.639 68.5641 2
9 -229.325 85.1733 -256.291 64.5487 2
10 -236.66 73.221 -265.269 52.3817 2
11 -213.796 61.4228 -239.204 25.6703 2
12 -215.004 61.2304 -246.565 20.7765 2
13 -217.549 55.1831 -255.004 7.89516 2
14 -209.804 54.4883 -264.249 1.32009 2
15 -180.376 71.849 -318.57 42.2602 2
16 RANDOM
17 -203.708 57.6852 -302.597 8.20095 2
18 -204.58 55.4605 -300.418 0.418475 2
19 -181.145 48.1441 -298.91 15.286 2
20 -184.524 50.6241 -308.457 12.1723 2
21 -191.24 43.2727 -310.997 -3.9503 2
22 -181.973 25.2668 -296.697 -39.6268 2
23 -161.021 31.7191 -218.301 -55.3946 2
24 -116.209 16.784 -204.764 -100.519 2
25 -114.829 11.7141 -208.541 -109.333 2
26 -121.466 10.2494 -191.477 -116.104 2
27 -177.587 19.0528 -200.804 -92.2718 2
28 -132.604 -18.7002 -186.778 -162.297 2
29 -81.5898 -24.3921 -163.375 -188.074 2
30 -61.2268 -1.20267 -130.429 -169.373 2
31 -203.896 6.81442 -185.961 -88.7778 2
32 -157.514 -16.2683 -154.787 -141.939 2
33 -150.557 -6.52457 -129.956 -136.008 2
34 -150.357 13.1371 -87.8425 -115.935 2
35 -208.53 16.9011 -196.972 -64.9055 2
36 -207.433 -9.98367 -179.739 -103.176 2
37 -217.862 -17.6383 -162.009 -113.071 2
38 -227.115 -3.12613 -109.776 -99.208 2
39 -119.44 -22.4236 -105.055 -129.665 2
40 RANDOM
41 -119.721 -32.375 -103.983 -145.424 2
42 -96.4139 -42.4939 -72.4641 -164.287 2
43 -84.2691 -45.6258 -57.2808 -167.832 2
44 -83.6035 -46.7493 -61.6876 -172.403 2
45 -81.4293 -41.1635 -67.475 -167.122 2
46 -36.3884 -58.3286 -20.4694 -197.294 3
47 -32.7379 -84.5926 9.9859 -224.557 3
