0 -9.99976 58.9718 -22.7845 61.2713 4
1 -18.5589 54.2253 -28.7814 57.0478 4
2 -14.1098 54.4392 -26.737 57.3837 4
3 -14.8494 54.5084 -27.0242 57.3637 4
4 RANDOM
5 -16.9967 53.5001 -27.8745 56.2691 4
6 -15.7336 45.7421 -25.2202 48.1544 4
7 -16.7678 44.3927 -25.1807 46.5722 4
8 -17.8775 42.5938 -25.0168 44.5003 4
9 -19.0639 40.9005 -24.9757 42.5726 4
10 -14.7683 42.0164 -21.9618 43.3628 4
11 -15.2621 43.4261 -22.4713 44.7879 4
12 -15.9048 43.9715 -22.8736 45.3131 4
13 -16.6255 44.4876 -23.3357 45.8172 4
14 -16.4948 42.6662 -24.2021 44.4842 4
15 -17.0597 42.4011 -24.0982 44.0297 4
16 -17.7171 42.3123 -24.1625 43.8057 4
17 -18.4927 42.1959 -24.3449 43.5766 4
18 -18.3715 35.4085 -22.8883 36.3544 4
19 -19.0351 35.7464 -23.1618 36.5854 4
20 -19.8426 36.1989 -23.6259 36.9519 4
21 -20.7167 36.5859 -24.1496 37.2734 4
22 -20.0766 28.5456 -21.8126 28.8303 4
23 -21.0744 27.2488 -21.6736 27.2396 2
24 -11.9988 28.0612 -17.3672 29.173 4
25 -21.0744 27.2488 -21.6736 27.2396 2
26 -11.9988 28.0612 -17.3672 29.173 4
27 -21.0744 27.2488 -21.6736 27.2396 2
28 -11.9988 28.0612 -17.3672 29.173 4
29 -21.0744 27.2488 -21.6736 27.2396 2
30 -11.9988 28.0612 -17.3672 29.173 4
31 -21.0744 27.2488 -21.6736 27.2396 2
32 -11.9988 28.0612 -17.3672 29.173 4
33 -21.0744 27.2488 -21.6736 27.2396 2
34 -11.9988 28.0612 -17.3672 29.173 4
35 -21.0744 27.2488 -21.6736 27.2396 2
36 -11.9988 28.0612 -17.3672 29.173 4
37 -21.0744 27.2488 -21.6736 27.2396 2
38 -11.9988 28.0612 -17.3672 29.173 4
39 -21.0744 27.2488 -21.6736 27.2396 2
40 RANDOM
41 -13.6459 28.0587 -17.6484 28.7184 4
42 -20.019 28.5954 -21.7489 28.8484 4
43 -21.0088 27.3055 -21.6028 27.2606 2
44 -11.9381 28.1148 -17.297 29.1906 4
45 -21.0088 27.3055 -21.6028 27.2606 2
46 -11.9381 28.1148 -17.297 29.1906 4
47 -21.0088 27.3055 -21.6028 27.2606 2
48 -11.9381 28.1148 -17.297 29.1906 4
49 -21.0088 27.3055 -21.6028 27.2606 2
50 -11.9381 28.1148 -17.297 29.1906 4
51 -21.0088 27.3055 -21.6028 27.2606 2
52 -11.9381 28.1148 -17.297 29.1906 4
53 -21.0088 27.3055 -21.6028 27.2606 2
54 -11.9381 28.1148 -17.297 29.1906 4
55 -21.0088 27.3055 -21.6028 27.2606 2
56 -11.9381 28.1148 -17.297 29.1906 4
57 RANDOM
58 -21.9783 26.5189 -21.6327 26.3196 2
59 -13.0734 27.4383 -17.5841 28.2946 4
60 -21.9783 26.5189 -21.6327 26.3196 2
61 -13.0734 27.4383 -17.5841 28.2946 4
62 -21.9783 26.5189 -21.6327 26.3196 2
63 -13.0734 27.4383 -17.5841 28.2946 4
64 -21.9783 26.5189 -21.6327 26.3196 2
65 -13.0734 27.4383 -17.5841 28.2946 4
66 -21.9783 26.5189 -21.6327 26.3196 2
67 -13.0734 27.4383 -17.5841 28.2946 4
68 -21.9783 26.5189 -21.6327 26.3196 2
69 -13.0734 27.4383 -17.5841 28.2946 4
70 -21.9783 26.5189 -21.6327 26.3196 2
71 -13.0734 27.4383 -17.5841 28.2946 4
72 -21.9783 26.5189 -21.6327 26.3196 2
73 RANDOM
74 -11.9381 28.1148 -17.297 29.1906 4
75 -21.0088 27.3055 -21.6028 27.2606 2
76 -11.9381 28.1148 -17.297 29.1906 4
77 -21.0088 27.3055 -21.6028 27.2606 2
78 -11.9381 28.1148 -17.297 29.1906 4
79 -21.0088 27.3055 -21.6028 27.2606 2
80 -11.9381 28.1148 -17.297 29.1906 4
81 -21.0088 27.3055 -21.6028 27.2606 2
82 RANDOM
83 -13.6459 28.0587 -17.6484 28.7184 4
84 -20.019 28.5954 -21.7489 28.8484 4
85 -21.0088 27.3055 -21.6028 27.2606 2
86 -11.9381 28.1148 -17.297 29.1906 4
87 -21.0088 27.3055 -21.6028 27.2606 2
88 -11.9381 28.1148 -17.297 29.1906 4
89 -21.0088 27.3055 -21.6028 27.2606 2
90 -11.9381 28.1148 -17.297 29.1906 4
91 -21.0088 27.3055 -21.6028 27.2606 2
92 -11.9381 28.1148 -17.297 29.1906 4
93 -21.0088 27.3055 -21.6028 27.2606 2
94 -11.9381 28.1148 -17.297 29.1906 4
95 -21.0088 27.3055 -21.6028 27.2606 2
96 -11.9381 28.1148 -17.297 29.1906 4
97 -21.0088 27.3055 -21.6028 27.2606 2
98 -11.9381 28.1148 -17.297 29.1906 4
99 -21.0088 27.3055 -21.6028 27.2606 2
100 -12.6571 27.0945 -17.9909 28.2036 4
101 -21.809 26.2547 -22.3681 26.2488 2
102 -12.6571 27.0945 -17.9909 28.2036 4
103 -21.809 26.2547 -22.3681 26.2488 2
104 -12.6571 27.0945 -17.9909 28.2036 4
105 -21.809 26.2547 -22.3681 26.2488 2
106 -12.6571 27.0945 -17.9909 28.2036 4
107 -21.809 26.2547 -22.3681 26.2488 2
108 -12.6571 27.0945 -17.9909 28.2036 4
109 -21.809 26.2547 -22.3681 26.2488 2
110 -12.6571 27.0945 -17.9909 28.2036 4
111 -21.809 26.2547 -22.3681 26.2488 2
112 -12.6571 27.0945 -17.9909 28.2036 4
113 -21.809 26.2547 -22.3681 26.2488 2
114 -12.6571 27.0945 -17.9909 28.2036 4
115 -21.809 26.2547 -22.3681 26.2488 2
116 -12.6571 27.0945 -17.9909 28.2036 4
117 -21.809 26.2547 -22.3681 26.2488 2
118 -12.6571 27.0945 -17.9909 28.2036 4
119 -21.809 26.2547 -22.3681 26.2488 2
120 -12.6571 27.0945 -17.9909 28.2036 4
121 -21.809 26.2547 -22.3681 26.2488 2
122 -12.6571 27.0945 -17.9909 28.2036 4
123 -21.809 26.2547 -22.3681 26.2488 2
124 -12.6571 27.0945 -17.9909 28.2036 4
125 -21.809 26.2547 -22.3681 26.2488 2
126 -12.6571 27.0945 -17.9909 28.2036 4
127 -21.809 26.2547 -22.3681 26.2488 2
128 -12.6571 27.0945 -17.9909 28.2036 4
129 RANDOM
130 -22.8563 25.4512 -22.4528 25.2387 2
131 -13.798 26.3895 -18.2781 27.2763 4
132 -22.8563 25.4512 -22.4528 25.2387 2
133 -13.798 26.3895 -18.2781 27.2763 4
134 -22.8563 25.4512 -22.4528 25.2387 2
135 -13.798 26.3895 -18.2781 27.2763 4
136 RANDOM
137 RANDOM
138 -26.592 15.3169 -19.034 14.8495 2
139 -16.2085 20.3142 -16.8507 20.1626 2
140 -15.0605 20.4427 -16.3737 20.4389 2
141 -13.8658 20.7864 -15.9093 20.947 4
142 -22.6188 18.8083 -19.178 18.7303 2
143 -13.8658 20.7864 -15.9093 20.947 4
144 -22.6188 18.8083 -19.178 18.7303 2
145 -13.8658 20.7864 -15.9093 20.947 4
146 -22.6188 18.8083 -19.178 18.7303 2
147 RANDOM
148 -12.6961 21.2371 -15.5099 21.5776 4
149 -21.6304 19.5845 -19.2715 19.2531 2
150 -12.6961 21.2371 -15.5099 21.5776 4
151 RANDOM
152 -22.6188 18.8083 -19.178 18.7303 2
153 -13.8658 20.7864 -15.9093 20.947 4
154 -22.6188 18.8083 -19.178 18.7303 2
155 -13.8658 20.7864 -15.9093 20.947 4
156 -22.6188 18.8083 -19.178 18.7303 2
157 -13.8658 20.7864 -15.9093 20.947 4
158 -22.6188 18.8083 -19.178 18.7303 2
159 -13.8658 20.7864 -15.9093 20.947 4
160 -22.6188 18.8083 -19.178 18.7303 2
161 -13.8658 20.7864 -15.9093 20.947 4
162 -22.6188 18.8083 -19.178 18.7303 2
163 -13.8658 20.7864 -15.9093 20.947 4
164 -22.6188 18.8083 -19.178 18.7303 2
165 -13.8658 20.7864 -15.9093 20.947 4
166 -22.6188 18.8083 -19.178 18.7303 2
167 -13.8658 20.7864 -15.9093 20.947 4
168 -22.6188 18.8083 -19.178 18.7303 2
169 -13.8658 20.7864 -15.9093 20.947 4
170 -22.6188 18.8083 -19.178 18.7303 2
171 -13.8658 20.7864 -15.9093 20.947 4
172 -22.6188 18.8083 -19.178 18.7303 2
173 RANDOM
174 -12.6961 21.2371 -15.5099 21.5776 4
175 -21.6304 19.5845 -19.2715 19.2531 2
176 -12.6961 21.2371 -15.5099 21.5776 4
177 -21.6304 19.5845 -19.2715 19.2531 2
178 -12.6961 21.2371 -15.5099 21.5776 4
179 -21.6304 19.5845 -19.2715 19.2531 2
180 -12.6961 21.2371 -15.5099 21.5776 4
181 -21.6304 19.5845 -19.2715 19.2531 2
182 -12.6961 21.2371 -15.5099 21.5776 4
183 -21.6304 19.5845 -19.2715 19.2531 2
184 -12.6961 21.2371 -15.5099 21.5776 4
185 -21.6304 19.5845 -19.2715 19.2531 2
186 -12.6961 21.2371 -15.5099 21.5776 4
187 -21.6304 19.5845 -19.2715 19.2531 2
188 -12.6961 21.2371 -15.5099 21.5776 4
189 -21.6304 19.5845 -19.2715 19.2531 2
190 -12.6961 21.2371 -15.5099 21.5776 4
191 -21.6304 19.5845 -19.2715 19.2531 2
192 -12.6961 21.2371 -15.5099 21.5776 4
193 -21.6304 19.5845 -19.2715 19.2531 2
194 -12.6961 21.2371 -15.5099 21.5776 4
195 -21.6304 19.5845 -19.2715 19.2531 2
196 -12.6961 21.2371 -15.5099 21.5776 4
197 -21.6304 19.5845 -19.2715 19.2531 2
198 -12.6961 21.2371 -15.5099 21.5776 4
199 -21.6304 19.5845 -19.2715 19.2531 2
200 -12.6961 21.2371 -15.5099 21.5776 4
201 -21.6304 19.5845 -19.2715 19.2531 2
202 -12.6961 21.2371 -15.5099 21.5776 4
203 -21.6304 19.5845 -19.2715 19.2531 2
204 -12.6961 21.2371 -15.5099 21.5776 4
205 -21.6304 19.5845 -19.2715 19.2531 2
206 -12.6961 21.2371 -15.5099 21.5776 4
207 -21.6304 19.5845 -19.2715 19.2531 2
208 -12.6961 21.2371 -15.5099 21.5776 4
209 -21.6304 19.5845 -19.2715 19.2531 2
210 -12.6961 21.2371 -15.5099 21.5776 4
211 -21.6304 19.5845 -19.2715 19.2531 2
212 -12.6961 21.2371 -15.5099 21.5776 4
213 -21.6304 19.5845 -19.2715 19.2531 2
214 -12.6961 21.2371 -15.5099 21.5776 4
215 -21.6304 19.5845 -19.2715 19.2531 2
216 -12.6961 21.2371 -15.5099 21.5776 4
217 -21.6304 19.5845 -19.2715 19.2531 2
218 -12.6961 21.2371 -15.5099 21.5776 4
219 -21.6304 19.5845 -19.2715 19.2531 2
220 -12.6961 21.2371 -15.5099 21.5776 4
221 -21.6304 19.5845 -19.2715 19.2531 2
222 -12.6961 21.2371 -15.5099 21.5776 4
223 -21.6304 19.5845 -19.2715 19.2531 2
224 -12.6961 21.2371 -15.5099 21.5776 4
225 -21.6304 19.5845 -19.2715 19.2531 2
226 -12.6961 21.2371 -15.5099 21.5776 4
227 -21.6304 19.5845 -19.2715 19.2531 2
228 -12.6961 21.2371 -15.5099 21.5776 4
229 -21.6304 19.5845 -19.2715 19.2531 2
230 -12.6961 21.2371 -15.5099 21.5776 4
231 -21.6304 19.5845 -19.2715 19.2531 2
232 -12.6961 21.2371 -15.5099 21.5776 4
233 -21.6304 19.5845 -19.2715 19.2531 2
234 -12.6961 21.2371 -15.5099 21.5776 4
235 -21.6304 19.5845 -19.2715 19.2531 2
236 RANDOM
237 -13.8266 21.7714 -15.8796 21.9174 4
238 -20.6801 20.7106 -19.4115 20.3399 2
239 RANDOM
240 RANDOM
241 -11.4575 22.0646 -14.7169 22.4042 4
242 -19.856 20.4594 -17.8399 20.0943 2
243 -11.4575 22.0646 -14.7169 22.4042 4
244 -19.856 20.4594 -17.8399 20.0943 2
245 -11.4575 22.0646 -14.7169 22.4042 4
246 -19.856 20.4594 -17.8399 20.0943 2
247 -11.4575 22.0646 -14.7169 22.4042 4
248 -19.856 20.4594 -17.8399 20.0943 2
249 -11.4575 22.0646 -14.7169 22.4042 4
250 -19.856 20.4594 -17.8399 20.0943 2
251 -11.4575 22.0646 -14.7169 22.4042 4
252 -19.856 20.4594 -17.8399 20.0943 2
253 -11.4575 22.0646 -14.7169 22.4042 4
254 -19.856 20.4594 -17.8399 20.0943 2
255 -11.4575 22.0646 -14.7169 22.4042 4
256 -19.856 20.4594 -17.8399 20.0943 2
257 -11.4575 22.0646 -14.7169 22.4042 4
258 -19.856 20.4594 -17.8399 20.0943 2
259 -11.4575 22.0646 -14.7169 22.4042 4
260 -19.856 20.4594 -17.8399 20.0943 2
261 -11.4575 22.0646 -14.7169 22.4042 4
262 -19.856 20.4594 -17.8399 20.0943 2
263 -11.4575 22.0646 -14.7169 22.4042 4
264 -19.856 20.4594 -17.8399 20.0943 2
265 -11.4575 22.0646 -14.7169 22.4042 4
266 -19.856 20.4594 -17.8399 20.0943 2
267 -11.4575 22.0646 -14.7169 22.4042 4
268 -19.856 20.4594 -17.8399 20.0943 2
269 -11.4575 22.0646 -14.7169 22.4042 4
270 -19.856 20.4594 -17.8399 20.0943 2
271 -11.4575 22.0646 -14.7169 22.4042 4
272 RANDOM
273 -20.7243 20.3447 -18.0904 20.1562 2
274 -12.6479 21.6985 -15.2256 21.9147 4
275 -20.7243 20.3447 -18.0904 20.1562 2
276 -12.6479 21.6985 -15.2256 21.9147 4
277 -20.7243 20.3447 -18.0904 20.1562 2
278 -12.6479 21.6985 -15.2256 21.9147 4
279 -20.7243 20.3447 -18.0904 20.1562 2
280 RANDOM
281 -11.4575 22.0646 -14.7169 22.4042 4
282 -19.856 20.4594 -17.8399 20.0943 2
283 -11.4575 22.0646 -14.7169 22.4042 4
284 -19.856 20.4594 -17.8399 20.0943 2
285 -11.4575 22.0646 -14.7169 22.4042 4
286 -19.856 20.4594 -17.8399 20.0943 2
287 -11.4575 22.0646 -14.7169 22.4042 4
288 -19.856 20.4594 -17.8399 20.0943 2
289 -11.4575 22.0646 -14.7169 22.4042 4
290 -19.856 20.4594 -17.8399 20.0943 2
291 -11.4575 22.0646 -14.7169 22.4042 4
292 -19.856 20.4594 -17.8399 20.0943 2
293 -11.4575 22.0646 -14.7169 22.4042 4
294 -19.856 20.4594 -17.8399 20.0943 2
295 -11.4575 22.0646 -14.7169 22.4042 4
296 -19.856 20.4594 -17.8399 20.0943 2
297 -11.4575 22.0646 -14.7169 22.4042 4
298 -19.856 20.4594 -17.8399 20.0943 2
299 -11.4575 22.0646 -14.7169 22.4042 4
300 -19.856 20.4594 -17.8399 20.0943 2
301 -11.4575 22.0646 -14.7169 22.4042 4
302 -19.856 20.4594 -17.8399 20.0943 2
303 -11.4575 22.0646 -14.7169 22.4042 4
304 -19.856 20.4594 -17.8399 20.0943 2
305 -11.4575 22.0646 -14.7169 22.4042 4
306 -19.856 20.4594 -17.8399 20.0943 2
307 -11.4575 22.0646 -14.7169 22.4042 4
308 -19.856 20.4594 -17.8399 20.0943 2
309 -11.4575 22.0646 -14.7169 22.4042 4
310 RANDOM
311 RANDOM
312 -20.6801 20.7106 -19.4115 20.3399 2
313 -13.8266 21.7714 -15.8796 21.9174 4
314 -20.6801 20.7106 -19.4115 20.3399 2
315 -13.8266 21.7714 -15.8796 21.9174 4
316 -20.6801 20.7106 -19.4115 20.3399 2
317 -13.8266 21.7714 -15.8796 21.9174 4
318 -20.6801 20.7106 -19.4115 20.3399 2
319 -13.8266 21.7714 -15.8796 21.9174 4
320 -20.6801 20.7106 -19.4115 20.3399 2
321 -13.8266 21.7714 -15.8796 21.9174 4
322 -20.6801 20.7106 -19.4115 20.3399 2
323 -13.8266 21.7714 -15.8796 21.9174 4
324 -20.6801 20.7106 -19.4115 20.3399 2
325 -13.8266 21.7714 -15.8796 21.9174 4
326 -20.6801 20.7106 -19.4115 20.3399 2
327 -13.8266 21.7714 -15.8796 21.9174 4
328 RANDOM
329 -21.6304 19.5845 -19.2715 19.2531 2
330 -12.6961 21.2371 -15.5099 21.5776 4
331 -21.6304 19.5845 -19.2715 19.2531 2
332 -12.6961 21.2371 -15.5099 21.5776 4
333 -21.6304 19.5845 -19.2715 19.2531 2
334 -12.6961 21.2371 -15.5099 21.5776 4
335 -21.6304 19.5845 -19.2715 19.2531 2
336 -12.6961 21.2371 -15.5099 21.5776 4
337 -21.6304 19.5845 -19.2715 19.2531 2
338 -12.6961 21.2371 -15.5099 21.5776 4
339 -21.6304 19.5845 -19.2715 19.2531 2
340 -12.6961 21.2371 -15.5099 21.5776 4
341 -21.6304 19.5845 -19.2715 19.2531 2
342 -12.6961 21.2371 -15.5099 21.5776 4
343 -21.6304 19.5845 -19.2715 19.2531 2
344 -12.6961 21.2371 -15.5099 21.5776 4
345 -21.6304 19.5845 -19.2715 19.2531 2
346 -12.6961 21.2371 -15.5099 21.5776 4
347 -21.6304 19.5845 -19.2715 19.2531 2
348 -12.6961 21.2371 -15.5099 21.5776 4
349 -21.6304 19.5845 -19.2715 19.2531 2
350 -12.6961 21.2371 -15.5099 21.5776 4
351 -21.6304 19.5845 -19.2715 19.2531 2
352 -12.6961 21.2371 -15.5099 21.5776 4
353 -21.6304 19.5845 -19.2715 19.2531 2
354 -12.6961 21.2371 -15.5099 21.5776 4
355 -21.6304 19.5845 -19.2715 19.2531 2
356 -12.6961 21.2371 -15.5099 21.5776 4
357 -21.6304 19.5845 -19.2715 19.2531 2
358 -12.6961 21.2371 -15.5099 21.5776 4
359 -21.6304 19.5845 -19.2715 19.2531 2
360 -12.6961 21.2371 -15.5099 21.5776 4
361 -21.6304 19.5845 -19.2715 19.2531 2
362 -12.6961 21.2371 -15.5099 21.5776 4
363 -21.6304 19.5845 -19.2715 19.2531 2
364 -12.6961 21.2371 -15.5099 21.5776 4
365 -21.6304 19.5845 -19.2715 19.2531 2
366 -12.6961 21.2371 -15.5099 21.5776 4
367 -21.6304 19.5845 -19.2715 19.2531 2
368 -12.6961 21.2371 -15.5099 21.5776 4
369 -21.6304 19.5845 -19.2715 19.2531 2
370 -12.6961 21.2371 -15.5099 21.5776 4
371 -21.6304 19.5845 -19.2715 19.2531 2
372 -12.6961 21.2371 -15.5099 21.5776 4
373 -21.6304 19.5845 -19.2715 19.2531 2
374 -12.6961 21.2371 -15.5099 21.5776 4
375 -21.6304 19.5845 -19.2715 19.2531 2
376 RANDOM
377 -13.8266 21.7714 -15.8796 21.9174 4
378 -20.6801 20.7106 -19.4115 20.3399 2
379 -13.8266 21.7714 -15.8796 21.9174 4
380 -20.6801 20.7106 -19.4115 20.3399 2
381 -13.8266 21.7714 -15.8796 21.9174 4
382 -20.6801 20.7106 -19.4115 20.3399 2
383 -13.8266 21.7714 -15.8796 21.9174 4
384 -20.6801 20.7106 -19.4115 20.3399 2
385 -13.8266 21.7714 -15.8796 21.9174 4
386 -20.6801 20.7106 -19.4115 20.3399 2
387 -13.8266 21.7714 -15.8796 21.9174 4
388 -20.6801 20.7106 -19.4115 20.3399 2
389 -13.8266 21.7714 -15.8796 21.9174 4
390 -20.6801 20.7106 -19.4115 20.3399 2
391 -13.8266 21.7714 -15.8796 21.9174 4
392 -20.6801 20.7106 -19.4115 20.3399 2
393 -13.8266 21.7714 -15.8796 21.9174 4
394 -20.6801 20.7106 -19.4115 20.3399 2
395 -13.8266 21.7714 -15.8796 21.9174 4
396 -20.6801 20.7106 -19.4115 20.3399 2
397 -13.8266 21.7714 -15.8796 21.9174 4
398 -20.6801 20.7106 -19.4115 20.3399 2
399 -13.8266 21.7714 -15.8796 21.9174 4
400 -20.6801 20.7106 -19.4115 20.3399 2
401 -13.8266 21.7714 -15.8796 21.9174 4
402 -20.6801 20.7106 -19.4115 20.3399 2
403 -13.8266 21.7714 -15.8796 21.9174 4
404 -20.6801 20.7106 -19.4115 20.3399 2
405 -13.8266 21.7714 -15.8796 21.9174 4
406 -20.6801 20.7106 -19.4115 20.3399 2
407 -13.8266 21.7714 -15.8796 21.9174 4
408 RANDOM
409 -21.6304 19.5845 -19.2715 19.2531 2
410 -12.6961 21.2371 -15.5099 21.5776 4
411 -21.6304 19.5845 -19.2715 19.2531 2
412 -12.6961 21.2371 -15.5099 21.5776 4
413 -21.6304 19.5845 -19.2715 19.2531 2
414 -12.6961 21.2371 -15.5099 21.5776 4
415 -21.6304 19.5845 -19.2715 19.2531 2
416 -12.6961 21.2371 -15.5099 21.5776 4
417 -21.6304 19.5845 -19.2715 19.2531 2
418 -12.6961 21.2371 -15.5099 21.5776 4
419 -21.6304 19.5845 -19.2715 19.2531 2
420 -12.6961 21.2371 -15.5099 21.5776 4
421 -21.6304 19.5845 -19.2715 19.2531 2
422 -12.6961 21.2371 -15.5099 21.5776 4
423 -21.6304 19.5845 -19.2715 19.2531 2
424 -12.6961 21.2371 -15.5099 21.5776 4
425 -21.6304 19.5845 -19.2715 19.2531 2
426 -12.6961 21.2371 -15.5099 21.5776 4
427 -21.6304 19.5845 -19.2715 19.2531 2
428 -12.6961 21.2371 -15.5099 21.5776 4
429 -21.6304 19.5845 -19.2715 19.2531 2
430 -12.6961 21.2371 -15.5099 21.5776 4
431 -21.6304 19.5845 -19.2715 19.2531 2
432 -12.6961 21.2371 -15.5099 21.5776 4
433 -21.6304 19.5845 -19.2715 19.2531 2
434 -12.6961 21.2371 -15.5099 21.5776 4
435 -21.6304 19.5845 -19.2715 19.2531 2
436 -12.6961 21.2371 -15.5099 21.5776 4
437 -21.6304 19.5845 -19.2715 19.2531 2
438 -12.6961 21.2371 -15.5099 21.5776 4
439 -21.6304 19.5845 -19.2715 19.2531 2
440 -12.6961 21.2371 -15.5099 21.5776 4
441 -21.6304 19.5845 -19.2715 19.2531 2
442 -12.6961 21.2371 -15.5099 21.5776 4
443 -21.6304 19.5845 -19.2715 19.2531 2
444 -12.6961 21.2371 -15.5099 21.5776 4
445 -21.6304 19.5845 -19.2715 19.2531 2
446 -12.6961 21.2371 -15.5099 21.5776 4
447 -21.6304 19.5845 -19.2715 19.2531 2
448 -12.6961 21.2371 -15.5099 21.5776 4
449 -21.6304 19.5845 -19.2715 19.2531 2
450 -12.6961 21.2371 -15.5099 21.5776 4
451 -21.6304 19.5845 -19.2715 19.2531 2
452 -12.6961 21.2371 -15.5099 21.5776 4
453 -21.6304 19.5845 -19.2715 19.2531 2
454 -12.6961 21.2371 -15.5099 21.5776 4
455 -21.6304 19.5845 -19.2715 19.2531 2
456 -12.6961 21.2371 -15.5099 21.5776 4
457 -21.6304 19.5845 -19.2715 19.2531 2
458 -12.6961 21.2371 -15.5099 21.5776 4
459 -21.6304 19.5845 -19.2715 19.2531 2
460 -12.6961 21.2371 -15.5099 21.5776 4
461 RANDOM
462 -22.6188 18.8083 -19.178 18.7303 2
463 -13.8658 20.7864 -15.9093 20.947 4
464 -22.6188 18.8083 -19.178 18.7303 2
465 -13.8658 20.7864 -15.9093 20.947 4
466 -22.6188 18.8083 -19.178 18.7303 2
467 -13.8658 20.7864 -15.9093 20.947 4
468 -22.6188 18.8083 -19.178 18.7303 2
469 -13.8658 20.7864 -15.9093 20.947 4
470 -22.6188 18.8083 -19.178 18.7303 2
471 -13.8658 20.7864 -15.9093 20.947 4
472 -22.6188 18.8083 -19.178 18.7303 2
473 -13.8658 20.7864 -15.9093 20.947 4
474 -22.6188 18.8083 -19.178 18.7303 2
475 -13.8658 20.7864 -15.9093 20.947 4
476 -22.6188 18.8083 -19.178 18.7303 2
477 -13.8658 20.7864 -15.9093 20.947 4
478 -22.6188 18.8083 -19.178 18.7303 2
479 -13.8658 20.7864 -15.9093 20.947 4
480 -22.6188 18.8083 -19.178 18.7303 2
481 -13.8658 20.7864 -15.9093 20.947 4
482 -22.6188 18.8083 -19.178 18.7303 2
483 -13.8658 20.7864 -15.9093 20.947 4
484 -22.6188 18.8083 -19.178 18.7303 2
485 -13.8658 20.7864 -15.9093 20.947 4
486 -22.6188 18.8083 -19.178 18.7303 2
487 -13.8658 20.7864 -15.9093 20.947 4
488 -22.6188 18.8083 -19.178 18.7303 2
489 -13.8658 20.7864 -15.9093 20.947 4
490 -22.6188 18.8083 -19.178 18.7303 2
491 -13.8658 20.7864 -15.9093 20.947 4
492 -22.6188 18.8083 -19.178 18.7303 2
493 -13.8658 20.7864 -15.9093 20.947 4
494 -22.6188 18.8083 -19.178 18.7303 2
495 -13.8658 20.7864 -15.9093 20.947 4
496 -22.6188 18.8083 -19.178 18.7303 2
497 -13.8658 20.7864 -15.9093 20.947 4
498 -22.6188 18.8083 -19.178 18.7303 2
499 -13.8658 20.7864 -15.9093 20.947 4
500 -22.6188 18.8083 -19.178 18.7303 2
501 -13.8658 20.7864 -15.9093 20.947 4
502 -22.6188 18.8083 -19.178 18.7303 2
503 -13.8658 20.7864 -15.9093 20.947 4
504 -22.6188 18.8083 -19.178 18.7303 2
505 -13.8658 20.7864 -15.9093 20.947 4
506 -22.6188 18.8083 -19.178 18.7303 2
507 -13.8658 20.7864 -15.9093 20.947 4
508 -22.6188 18.8083 -19.178 18.7303 2
509 -13.8658 20.7864 -15.9093 20.947 4
510 -22.6188 18.8083 -19.178 18.7303 2
511 -13.8658 20.7864 -15.9093 20.947 4
512 -22.6188 18.8083 -19.178 18.7303 2
513 -13.8658 20.7864 -15.9093 20.947 4
514 -22.6188 18.8083 -19.178 18.7303 2
515 -13.8658 20.7864 -15.9093 20.947 4
516 -22.6188 18.8083 -19.178 18.7303 2
517 -13.8658 20.7864 -15.9093 20.947 4
518 -22.6188 18.8083 -19.178 18.7303 2
519 -13.8658 20.7864 -15.9093 20.947 4
520 -22.6188 18.8083 -19.178 18.7303 2
521 -13.8658 20.7864 -15.9093 20.947 4
522 -22.6188 18.8083 -19.178 18.7303 2
523 -13.8658 20.7864 -15.9093 20.947 4
524 -22.6188 18.8083 -19.178 18.7303 2
525 -13.8658 20.7864 -15.9093 20.947 4
526 -22.6188 18.8083 -19.178 18.7303 2
527 RANDOM
528 -12.6961 21.2371 -15.5099 21.5776 4
529 -21.6304 19.5845 -19.2715 19.2531 2
530 -12.6961 21.2371 -15.5099 21.5776 4
531 -21.6304 19.5845 -19.2715 19.2531 2
532 -12.6961 21.2371 -15.5099 21.5776 4
533 -21.6304 19.5845 -19.2715 19.2531 2
534 -12.6961 21.2371 -15.5099 21.5776 4
535 -21.6304 19.5845 -19.2715 19.2531 2
536 -12.6961 21.2371 -15.5099 21.5776 4
537 -21.6304 19.5845 -19.2715 19.2531 2
538 -12.6961 21.2371 -15.5099 21.5776 4
539 -21.6304 19.5845 -19.2715 19.2531 2
540 -12.6961 21.2371 -15.5099 21.5776 4
541 -21.6304 19.5845 -19.2715 19.2531 2
542 -12.6961 21.2371 -15.5099 21.5776 4
543 -21.6304 19.5845 -19.2715 19.2531 2
544 -12.6961 21.2371 -15.5099 21.5776 4
545 -21.6304 19.5845 -19.2715 19.2531 2
546 -12.6961 21.2371 -15.5099 21.5776 4
547 -21.6304 19.5845 -19.2715 19.2531 2
548 -12.6961 21.2371 -15.5099 21.5776 4
549 -21.6304 19.5845 -19.2715 19.2531 2
550 -12.6961 21.2371 -15.5099 21.5776 4
551 -21.6304 19.5845 -19.2715 19.2531 2
552 -12.6961 21.2371 -15.5099 21.5776 4
553 RANDOM
554 -22.6188 18.8083 -19.178 18.7303 2
555 -13.8658 20.7864 -15.9093 20.947 4
556 -22.6188 18.8083 -19.178 18.7303 2
557 -13.8658 20.7864 -15.9093 20.947 4
558 -22.6188 18.8083 -19.178 18.7303 2
559 -13.8658 20.7864 -15.9093 20.947 4
560 -22.6188 18.8083 -19.178 18.7303 2
561 -13.8658 20.7864 -15.9093 20.947 4
562 RANDOM
563 -23.6345 18.2829 -19.208 18.4345 4
564 -26.592 15.3169 -19.034 14.8495 2
565 -16.2085 20.3142 -16.8507 20.1626 2
566 -15.0605 20.4427 -16.3737 20.4389 2
567 -13.8658 20.7864 -15.9093 20.947 4
568 -22.6188 18.8083 -19.178 18.7303 2
569 -13.8658 20.7864 -15.9093 20.947 4
570 -22.6188 18.8083 -19.178 18.7303 2
571 -13.8658 20.7864 -15.9093 20.947 4
572 -22.6188 18.8083 -19.178 18.7303 2
573 -13.8658 20.7864 -15.9093 20.947 4
574 -22.6188 18.8083 -19.178 18.7303 2
575 -13.8658 20.7864 -15.9093 20.947 4
576 -22.6188 18.8083 -19.178 18.7303 2
577 -13.8658 20.7864 -15.9093 20.947 4
578 -22.6188 18.8083 -19.178 18.7303 2
579 -13.8658 20.7864 -15.9093 20.947 4
580 -22.6188 18.8083 -19.178 18.7303 2
581 -13.8658 20.7864 -15.9093 20.947 4
582 -22.6188 18.8083 -19.178 18.7303 2
583 -13.8658 20.7864 -15.9093 20.947 4
584 -22.6188 18.8083 -19.178 18.7303 2
585 -13.8658 20.7864 -15.9093 20.947 4
586 -22.6188 18.8083 -19.178 18.7303 2
587 -13.8658 20.7864 -15.9093 20.947 4
588 -22.6188 18.8083 -19.178 18.7303 2
589 -13.8658 20.7864 -15.9093 20.947 4
590 -22.6188 18.8083 -19.178 18.7303 2
591 -13.8658 20.7864 -15.9093 20.947 4
592 -22.6188 18.8083 -19.178 18.7303 2
593 -13.8658 20.7864 -15.9093 20.947 4
594 -22.6188 18.8083 -19.178 18.7303 2
595 -13.8658 20.7864 -15.9093 20.947 4
596 -22.6188 18.8083 -19.178 18.7303 2
597 -13.8658 20.7864 -15.9093 20.947 4
598 -22.6188 18.8083 -19.178 18.7303 2
599 -13.8658 20.7864 -15.9093 20.947 4
600 -22.6188 18.8083 -19.178 18.7303 2
601 -13.8658 20.7864 -15.9093 20.947 4
602 -22.6188 18.8083 -19.178 18.7303 2
603 -13.8658 20.7864 -15.9093 20.947 4
604 -22.6188 18.8083 -19.178 18.7303 2
605 -13.8658 20.7864 -15.9093 20.947 4
606 -22.6188 18.8083 -19.178 18.7303 2
607 -13.8658 20.7864 -15.9093 20.947 4
608 -22.6188 18.8083 -19.178 18.7303 2
609 -13.8658 20.7864 -15.9093 20.947 4
610 -22.6188 18.8083 -19.178 18.7303 2
611 -13.8658 20.7864 -15.9093 20.947 4
612 -22.6188 18.8083 -19.178 18.7303 2
613 -13.8658 20.7864 -15.9093 20.947 4
614 -22.6188 18.8083 -19.178 18.7303 2
615 -13.8658 20.7864 -15.9093 20.947 4
616 RANDOM
617 -23.6345 18.2829 -19.208 18.4345 4
618 -26.592 15.3169 -19.034 14.8495 2
619 -16.2085 20.3142 -16.8507 20.1626 2
620 -15.0605 20.4427 -16.3737 20.4389 2
621 -13.8658 20.7864 -15.9093 20.947 4
622 -22.6188 18.8083 -19.178 18.7303 2
623 -13.8658 20.7864 -15.9093 20.947 4
624 -22.6188 18.8083 -19.178 18.7303 2
625 -13.8658 20.7864 -15.9093 20.947 4
626 -22.6188 18.8083 -19.178 18.7303 2
627 -13.8658 20.7864 -15.9093 20.947 4
628 RANDOM
629 -23.6345 18.2829 -19.208 18.4345 4
630 -26.592 15.3169 -19.034 14.8495 2
631 -16.2085 20.3142 -16.8507 20.1626 2
632 -15.0605 20.4427 -16.3737 20.4389 2
633 -13.8658 20.7864 -15.9093 20.947 4
634 -22.6188 18.8083 -19.178 18.7303 2
635 -13.8658 20.7864 -15.9093 20.947 4
636 -22.6188 18.8083 -19.178 18.7303 2
637 -13.8658 20.7864 -15.9093 20.947 4
638 -22.6188 18.8083 -19.178 18.7303 2
639 -13.8658 20.7864 -15.9093 20.947 4
640 -22.6188 18.8083 -19.178 18.7303 2
641 -13.8658 20.7864 -15.9093 20.947 4
642 -22.6188 18.8083 -19.178 18.7303 2
643 -13.8658 20.7864 -15.9093 20.947 4
644 -22.6188 18.8083 -19.178 18.7303 2
645 -13.8658 20.7864 -15.9093 20.947 4
646 -22.6188 18.8083 -19.178 18.7303 2
647 -13.8658 20.7864 -15.9093 20.947 4
648 -22.6188 18.8083 -19.178 18.7303 2
649 -13.8658 20.7864 -15.9093 20.947 4
650 -22.6188 18.8083 -19.178 18.7303 2
651 -13.8658 20.7864 -15.9093 20.947 4
652 -22.6188 18.8083 -19.178 18.7303 2
653 -13.8658 20.7864 -15.9093 20.947 4
654 -22.6188 18.8083 -19.178 18.7303 2
655 -13.8658 20.7864 -15.9093 20.947 4
656 -22.6188 18.8083 -19.178 18.7303 2
657 RANDOM
658 -12.6961 21.2371 -15.5099 21.5776 4
659 -21.6304 19.5845 -19.2715 19.2531 2
660 -12.6961 21.2371 -15.5099 21.5776 4
661 -21.6304 19.5845 -19.2715 19.2531 2
662 -12.6961 21.2371 -15.5099 21.5776 4
663 -21.6304 19.5845 -19.2715 19.2531 2
664 -12.6961 21.2371 -15.5099 21.5776 4
665 -21.6304 19.5845 -19.2715 19.2531 2
666 -12.6961 21.2371 -15.5099 21.5776 4
667 RANDOM
668 -22.6188 18.8083 -19.178 18.7303 2
669 -13.8658 20.7864 -15.9093 20.947 4
670 -22.6188 18.8083 -19.178 18.7303 2
671 -13.8658 20.7864 -15.9093 20.947 4
672 -22.6188 18.8083 -19.178 18.7303 2
673 -13.8658 20.7864 -15.9093 20.947 4
674 -22.6188 18.8083 -19.178 18.7303 2
675 -13.8658 20.7864 -15.9093 20.947 4
676 -22.6188 18.8083 -19.178 18.7303 2
677 -13.8658 20.7864 -15.9093 20.947 4
678 RANDOM
679 -23.6345 18.2829 -19.208 18.4345 4
680 -26.592 15.3169 -19.034 14.8495 2
681 -16.2085 20.3142 -16.8507 20.1626 2
682 -15.0605 20.4427 -16.3737 20.4389 2
683 -13.8658 20.7864 -15.9093 20.947 4
684 -22.6188 18.8083 -19.178 18.7303 2
685 -13.8658 20.7864 -15.9093 20.947 4
686 -22.6188 18.8083 -19.178 18.7303 2
687 RANDOM
688 -12.6961 21.2371 -15.5099 21.5776 4
689 -21.6304 19.5845 -19.2715 19.2531 2
690 -12.6961 21.2371 -15.5099 21.5776 4
691 -21.6304 19.5845 -19.2715 19.2531 2
692 -12.6961 21.2371 -15.5099 21.5776 4
693 -21.6304 19.5845 -19.2715 19.2531 2
694 -12.6961 21.2371 -15.5099 21.5776 4
695 -21.6304 19.5845 -19.2715 19.2531 2
696 -12.6961 21.2371 -15.5099 21.5776 4
697 -21.6304 19.5845 -19.2715 19.2531 2
698 -12.6961 21.2371 -15.5099 21.5776 4
699 RANDOM
700 -22.6188 18.8083 -19.178 18.7303 2
701 -13.8658 20.7864 -15.9093 20.947 4
702 -22.6188 18.8083 -19.178 18.7303 2
703 -13.8658 20.7864 -15.9093 20.947 4
704 -22.6188 18.8083 -19.178 18.7303 2
705 -13.8658 20.7864 -15.9093 20.947 4
706 -22.6188 18.8083 -19.178 18.7303 2
707 -13.8658 20.7864 -15.9093 20.947 4
708 RANDOM
709 -23.6345 18.2829 -19.208 18.4345 4
710 -26.592 15.3169 -19.034 14.8495 2
711 -16.2085 20.3142 -16.8507 20.1626 2
712 -15.0605 20.4427 -16.3737 20.4389 2
713 -13.8658 20.7864 -15.9093 20.947 4
714 -22.6188 18.8083 -19.178 18.7303 2
715 -13.8658 20.7864 -15.9093 20.947 4
716 -22.6188 18.8083 -19.178 18.7303 2
717 -13.8658 20.7864 -15.9093 20.947 4
718 -22.6188 18.8083 -19.178 18.7303 2
719 -13.8658 20.7864 -15.9093 20.947 4
720 -22.6188 18.8083 -19.178 18.7303 2
721 -13.8658 20.7864 -15.9093 20.947 4
722 -22.6188 18.8083 -19.178 18.7303 2
723 -13.8658 20.7864 -15.9093 20.947 4
724 -22.6188 18.8083 -19.178 18.7303 2
725 -13.8658 20.7864 -15.9093 20.947 4
726 -22.6188 18.8083 -19.178 18.7303 2
727 -13.8658 20.7864 -15.9093 20.947 4
728 -22.6188 18.8083 -19.178 18.7303 2
729 -13.8658 20.7864 -15.9093 20.947 4
730 -22.6188 18.8083 -19.178 18.7303 2
731 -13.8658 20.7864 -15.9093 20.947 4
732 -22.6188 18.8083 -19.178 18.7303 2
733 -13.8658 20.7864 -15.9093 20.947 4
734 -22.6188 18.8083 -19.178 18.7303 2
735 -13.8658 20.7864 -15.9093 20.947 4
736 -22.6188 18.8083 -19.178 18.7303 2
737 -13.8658 20.7864 -15.9093 20.947 4
738 -22.6188 18.8083 -19.178 18.7303 2
739 -13.8658 20.7864 -15.9093 20.947 4
740 -22.6188 18.8083 -19.178 18.7303 2
741 -13.8658 20.7864 -15.9093 20.947 4
742 -22.6188 18.8083 -19.178 18.7303 2
743 -13.8658 20.7864 -15.9093 20.947 4
744 -22.6188 18.8083 -19.178 18.7303 2
745 -13.8658 20.7864 -15.9093 20.947 4
746 -22.6188 18.8083 -19.178 18.7303 2
747 -13.8658 20.7864 -15.9093 20.947 4
748 -22.6188 18.8083 -19.178 18.7303 2
749 -13.8658 20.7864 -15.9093 20.947 4
750 -22.6188 18.8083 -19.178 18.7303 2
751 -13.8658 20.7864 -15.9093 20.947 4
752 -22.6188 18.8083 -19.178 18.7303 2
753 -13.8658 20.7864 -15.9093 20.947 4
754 -22.6188 18.8083 -19.178 18.7303 2
755 -13.8658 20.7864 -15.9093 20.947 4
756 -22.6188 18.8083 -19.178 18.7303 2
757 -13.8658 20.7864 -15.9093 20.947 4
758 -22.6188 18.8083 -19.178 18.7303 2
759 -13.8658 20.7864 -15.9093 20.947 4
760 -22.6188 18.8083 -19.178 18.7303 2
761 RANDOM
762 -12.6961 21.2371 -15.5099 21.5776 4
763 -21.6304 19.5845 -19.2715 19.2531 2
764 -12.6961 21.2371 -15.5099 21.5776 4
765 -21.6304 19.5845 -19.2715 19.2531 2
766 -12.6961 21.2371 -15.5099 21.5776 4
767 -21.6304 19.5845 -19.2715 19.2531 2
768 -12.6961 21.2371 -15.5099 21.5776 4
769 -21.6304 19.5845 -19.2715 19.2531 2
770 -12.6961 21.2371 -15.5099 21.5776 4
771 -21.6304 19.5845 -19.2715 19.2531 2
772 -12.6961 21.2371 -15.5099 21.5776 4
773 -21.6304 19.5845 -19.2715 19.2531 2
774 -12.6961 21.2371 -15.5099 21.5776 4
775 -21.6304 19.5845 -19.2715 19.2531 2
776 -12.6961 21.2371 -15.5099 21.5776 4
777 -21.6304 19.5845 -19.2715 19.2531 2
778 -12.6961 21.2371 -15.5099 21.5776 4
779 -21.6304 19.5845 -19.2715 19.2531 2
780 -12.6961 21.2371 -15.5099 21.5776 4
781 -21.6304 19.5845 -19.2715 19.2531 2
782 -12.6961 21.2371 -15.5099 21.5776 4
783 -21.6304 19.5845 -19.2715 19.2531 2
784 -12.6961 21.2371 -15.5099 21.5776 4
785 -21.6304 19.5845 -19.2715 19.2531 2
786 -12.6961 21.2371 -15.5099 21.5776 4
787 RANDOM
788 -22.6188 18.8083 -19.178 18.7303 2
789 RANDOM
790 -12.6961 21.2371 -15.5099 21.5776 4
791 -21.6304 19.5845 -19.2715 19.2531 2
792 -12.6961 21.2371 -15.5099 21.5776 4
793 RANDOM
794 -22.6188 18.8083 -19.178 18.7303 2
795 -13.8658 20.7864 -15.9093 20.947 4
796 -22.6188 18.8083 -19.178 18.7303 2
797 -13.8658 20.7864 -15.9093 20.947 4
798 -22.6188 18.8083 -19.178 18.7303 2
799 -13.8658 20.7864 -15.9093 20.947 4
800 -22.6188 18.8083 -19.178 18.7303 2
801 -13.8658 20.7864 -15.9093 20.947 4
802 -22.6188 18.8083 -19.178 18.7303 2
803 -13.8658 20.7864 -15.9093 20.947 4
804 RANDOM
805 -23.6345 18.2829 -19.208 18.4345 4
806 -26.592 15.3169 -19.034 14.8495 2
807 -16.2085 20.3142 -16.8507 20.1626 2
808 -15.0605 20.4427 -16.3737 20.4389 2
809 -13.8658 20.7864 -15.9093 20.947 4
810 -22.6188 18.8083 -19.178 18.7303 2
811 -13.8658 20.7864 -15.9093 20.947 4
812 -22.6188 18.8083 -19.178 18.7303 2
813 -13.8658 20.7864 -15.9093 20.947 4
814 -22.6188 18.8083 -19.178 18.7303 2
815 -13.8658 20.7864 -15.9093 20.947 4
816 -22.6188 18.8083 -19.178 18.7303 2
817 -13.8658 20.7864 -15.9093 20.947 4
818 -22.6188 18.8083 -19.178 18.7303 2
819 -13.8658 20.7864 -15.9093 20.947 4
820 -22.6188 18.8083 -19.178 18.7303 2
821 -13.8658 20.7864 -15.9093 20.947 4
822 -22.6188 18.8083 -19.178 18.7303 2
823 -13.8658 20.7864 -15.9093 20.947 4
824 -22.6188 18.8083 -19.178 18.7303 2
825 RANDOM
826 -12.6961 21.2371 -15.5099 21.5776 4
827 RANDOM
828 -22.6188 18.8083 -19.178 18.7303 2
829 -13.8658 20.7864 -15.9093 20.947 4
830 -22.6188 18.8083 -19.178 18.7303 2
831 -13.8658 20.7864 -15.9093 20.947 4
832 -22.6188 18.8083 -19.178 18.7303 2
833 -13.8658 20.7864 -15.9093 20.947 4
834 -22.6188 18.8083 -19.178 18.7303 2
835 -13.8658 20.7864 -15.9093 20.947 4
836 -22.6188 18.8083 -19.178 18.7303 2
837 -13.8658 20.7864 -15.9093 20.947 4
838 RANDOM
839 RANDOM
840 -26.592 15.3169 -19.034 14.8495 2
841 -16.2085 20.3142 -16.8507 20.1626 2
842 -15.0605 20.4427 -16.3737 20.4389 2
843 -13.8658 20.7864 -15.9093 20.947 4
844 -22.6188 18.8083 -19.178 18.7303 2
845 -13.8658 20.7864 -15.9093 20.947 4
846 -22.6188 18.8083 -19.178 18.7303 2
847 RANDOM
848 -12.6961 21.2371 -15.5099 21.5776 4
849 -21.6304 19.5845 -19.2715 19.2531 2
850 -12.6961 21.2371 -15.5099 21.5776 4
851 -21.6304 19.5845 -19.2715 19.2531 2
852 -12.6961 21.2371 -15.5099 21.5776 4
853 -21.6304 19.5845 -19.2715 19.2531 2
854 -12.6961 21.2371 -15.5099 21.5776 4
855 -21.6304 19.5845 -19.2715 19.2531 2
856 -12.6961 21.2371 -15.5099 21.5776 4
857 -21.6304 19.5845 -19.2715 19.2531 2
858 -12.6961 21.2371 -15.5099 21.5776 4
859 -21.6304 19.5845 -19.2715 19.2531 2
860 RANDOM
861 -13.8266 21.7714 -15.8796 21.9174 4
862 -20.6801 20.7106 -19.4115 20.3399 2
863 -13.8266 21.7714 -15.8796 21.9174 4
864 -20.6801 20.7106 -19.4115 20.3399 2
865 -13.8266 21.7714 -15.8796 21.9174 4
866 -20.6801 20.7106 -19.4115 20.3399 2
867 -13.8266 21.7714 -15.8796 21.9174 4
868 -20.6801 20.7106 -19.4115 20.3399 2
869 -13.8266 21.7714 -15.8796 21.9174 4
870 -20.6801 20.7106 -19.4115 20.3399 2
871 -13.8266 21.7714 -15.8796 21.9174 4
872 RANDOM
873 -21.6304 19.5845 -19.2715 19.2531 2
874 -12.6961 21.2371 -15.5099 21.5776 4
875 -21.6304 19.5845 -19.2715 19.2531 2
876 -12.6961 21.2371 -15.5099 21.5776 4
877 -21.6304 19.5845 -19.2715 19.2531 2
878 -12.6961 21.2371 -15.5099 21.5776 4
879 -21.6304 19.5845 -19.2715 19.2531 2
880 -12.6961 21.2371 -15.5099 21.5776 4
881 -21.6304 19.5845 -19.2715 19.2531 2
882 -12.6961 21.2371 -15.5099 21.5776 4
883 RANDOM
884 -22.6188 18.8083 -19.178 18.7303 2
885 -13.8658 20.7864 -15.9093 20.947 4
886 -22.6188 18.8083 -19.178 18.7303 2
887 -13.8658 20.7864 -15.9093 20.947 4
888 -22.6188 18.8083 -19.178 18.7303 2
889 -13.8658 20.7864 -15.9093 20.947 4
890 -22.6188 18.8083 -19.178 18.7303 2
891 -13.8658 20.7864 -15.9093 20.947 4
892 -22.6188 18.8083 -19.178 18.7303 2
893 -13.8658 20.7864 -15.9093 20.947 4
894 -22.6188 18.8083 -19.178 18.7303 2
895 -13.8658 20.7864 -15.9093 20.947 4
896 -22.6188 18.8083 -19.178 18.7303 2
897 -13.8658 20.7864 -15.9093 20.947 4
898 -22.6188 18.8083 -19.178 18.7303 2
899 RANDOM
900 -12.6961 21.2371 -15.5099 21.5776 4
901 -21.6304 19.5845 -19.2715 19.2531 2
902 -12.6961 21.2371 -15.5099 21.5776 4
903 -21.6304 19.5845 -19.2715 19.2531 2
904 -12.6961 21.2371 -15.5099 21.5776 4
905 -21.6304 19.5845 -19.2715 19.2531 2
906 -12.6961 21.2371 -15.5099 21.5776 4
907 -21.6304 19.5845 -19.2715 19.2531 2
908 -12.6961 21.2371 -15.5099 21.5776 4
909 -21.6304 19.5845 -19.2715 19.2531 2
910 -12.6961 21.2371 -15.5099 21.5776 4
911 -21.6304 19.5845 -19.2715 19.2531 2
912 -12.6961 21.2371 -15.5099 21.5776 4
913 -21.6304 19.5845 -19.2715 19.2531 2
914 -12.6961 21.2371 -15.5099 21.5776 4
915 -21.6304 19.5845 -19.2715 19.2531 2
916 -12.6961 21.2371 -15.5099 21.5776 4
917 -21.6304 19.5845 -19.2715 19.2531 2
918 -12.6961 21.2371 -15.5099 21.5776 4
919 -21.6304 19.5845 -19.2715 19.2531 2
920 -12.6961 21.2371 -15.5099 21.5776 4
921 -21.6304 19.5845 -19.2715 19.2531 2
922 -12.6961 21.2371 -15.5099 21.5776 4
923 -21.6304 19.5845 -19.2715 19.2531 2
924 -12.6961 21.2371 -15.5099 21.5776 4
925 -21.6304 19.5845 -19.2715 19.2531 2
926 RANDOM
927 -13.8266 21.7714 -15.8796 21.9174 4
928 -20.6801 20.7106 -19.4115 20.3399 2
929 -13.8266 21.7714 -15.8796 21.9174 4
930 -20.6801 20.7106 -19.4115 20.3399 2
931 -13.8266 21.7714 -15.8796 21.9174 4
932 -20.6801 20.7106 -19.4115 20.3399 2
933 -13.8266 21.7714 -15.8796 21.9174 4
934 -20.6801 20.7106 -19.4115 20.3399 2
935 -13.8266 21.7714 -15.8796 21.9174 4
936 -20.6801 20.7106 -19.4115 20.3399 2
937 -13.8266 21.7714 -15.8796 21.9174 4
938 -20.6801 20.7106 -19.4115 20.3399 2
939 -13.8266 21.7714 -15.8796 21.9174 4
940 -20.6801 20.7106 -19.4115 20.3399 2
941 -13.8266 21.7714 -15.8796 21.9174 4
942 -20.6801 20.7106 -19.4115 20.3399 2
943 -13.8266 21.7714 -15.8796 21.9174 4
944 -20.6801 20.7106 -19.4115 20.3399 2
945 -13.8266 21.7714 -15.8796 21.9174 4
946 -20.6801 20.7106 -19.4115 20.3399 2
947 -13.8266 21.7714 -15.8796 21.9174 4
948 -20.6801 20.7106 -19.4115 20.3399 2
949 -13.8266 21.7714 -15.8796 21.9174 4
950 -20.6801 20.7106 -19.4115 20.3399 2
951 -13.8266 21.7714 -15.8796 21.9174 4
952 -20.6801 20.7106 -19.4115 20.3399 2
953 -13.8266 21.7714 -15.8796 21.9174 4
954 -20.6801 20.7106 -19.4115 20.3399 2
955 -13.8266 21.7714 -15.8796 21.9174 4
956 -20.6801 20.7106 -19.4115 20.3399 2
957 -13.8266 21.7714 -15.8796 21.9174 4
958 -20.6801 20.7106 -19.4115 20.3399 2
959 -13.8266 21.7714 -15.8796 21.9174 4
960 -20.6801 20.7106 -19.4115 20.3399 2
961 -13.8266 21.7714 -15.8796 21.9174 4
962 -20.6801 20.7106 -19.4115 20.3399 2
963 -13.8266 21.7714 -15.8796 21.9174 4
964 -20.6801 20.7106 -19.4115 20.3399 2
965 -13.8266 21.7714 -15.8796 21.9174 4
966 -20.6801 20.7106 -19.4115 20.3399 2
967 -13.8266 21.7714 -15.8796 21.9174 4
968 -20.6801 20.7106 -19.4115 20.3399 2
969 -13.8266 21.7714 -15.8796 21.9174 4
970 -20.6801 20.7106 -19.4115 20.3399 2
971 -13.8266 21.7714 -15.8796 21.9174 4
972 -20.6801 20.7106 -19.4115 20.3399 2
973 -13.8266 21.7714 -15.8796 21.9174 4
974 -20.6801 20.7106 -19.4115 20.3399 2
975 -13.8266 21.7714 -15.8796 21.9174 4
976 -20.6801 20.7106 -19.4115 20.3399 2
977 -13.8266 21.7714 -15.8796 21.9174 4
978 RANDOM
979 -21.6304 19.5845 -19.2715 19.2531 2
980 -12.6961 21.2371 -15.5099 21.5776 4
981 -21.6304 19.5845 -19.2715 19.2531 2
982 -12.6961 21.2371 -15.5099 21.5776 4
983 -21.6304 19.5845 -19.2715 19.2531 2
984 -12.6961 21.2371 -15.5099 21.5776 4
985 -21.6304 19.5845 -19.2715 19.2531 2
986 RANDOM
987 -13.8266 21.7714 -15.8796 21.9174 4
988 -20.6801 20.7106 -19.4115 20.3399 2
989 -13.8266 21.7714 -15.8796 21.9174 4
990 -20.6801 20.7106 -19.4115 20.3399 2
991 -13.8266 21.7714 -15.8796 21.9174 4
992 -20.6801 20.7106 -19.4115 20.3399 2
993 -13.8266 21.7714 -15.8796 21.9174 4
994 -20.6801 20.7106 -19.4115 20.3399 2
995 -13.8266 21.7714 -15.8796 21.9174 4
996 -20.6801 20.7106 -19.4115 20.3399 2
997 -13.8266 21.7714 -15.8796 21.9174 4
998 -20.6801 20.7106 -19.4115 20.3399 2
999 -13.8266 21.7714 -15.8796 21.9174 4
1000 -20.6801 20.7106 -19.4115 20.3399 2
1001 -13.8266 21.7714 -15.8796 21.9174 4
1002 -20.6801 20.7106 -19.4115 20.3399 2
1003 -13.8266 21.7714 -15.8796 21.9174 4
1004 -20.6801 20.7106 -19.4115 20.3399 2
1005 -13.8266 21.7714 -15.8796 21.9174 4
1006 -20.6801 20.7106 -19.4115 20.3399 2
1007 -13.8266 21.7714 -15.8796 21.9174 4
1008 -20.6801 20.7106 -19.4115 20.3399 2
1009 -13.8266 21.7714 -15.8796 21.9174 4
1010 -20.6801 20.7106 -19.4115 20.3399 2
1011 RANDOM
1012 -12.6479 21.6985 -15.2256 21.9147 4
1013 -20.7243 20.3447 -18.0904 20.1562 2
1014 RANDOM
1015 -11.4575 22.0646 -14.7169 22.4042 4
1016 RANDOM
1017 -20.7243 20.3447 -18.0904 20.1562 2
1018 -12.6479 21.6985 -15.2256 21.9147 4
1019 -20.7243 20.3447 -18.0904 20.1562 2
1020 -12.6479 21.6985 -15.2256 21.9147 4
1021 -20.7243 20.3447 -18.0904 20.1562 2
1022 -12.6479 21.6985 -15.2256 21.9147 4
1023 -20.7243 20.3447 -18.0904 20.1562 2
1024 -12.6479 21.6985 -15.2256 21.9147 4
1025 -20.7243 20.3447 -18.0904 20.1562 2
1026 -12.6479 21.6985 -15.2256 21.9147 4
1027 RANDOM
1028 -20.6801 20.7106 -19.4115 20.3399 2
1029 -13.8266 21.7714 -15.8796 21.9174 4
1030 -20.6801 20.7106 -19.4115 20.3399 2
1031 -13.8266 21.7714 -15.8796 21.9174 4
1032 -20.6801 20.7106 -19.4115 20.3399 2
1033 -13.8266 21.7714 -15.8796 21.9174 4
1034 -20.6801 20.7106 -19.4115 20.3399 2
1035 -13.8266 21.7714 -15.8796 21.9174 4
1036 -20.6801 20.7106 -19.4115 20.3399 2
1037 -13.8266 21.7714 -15.8796 21.9174 4
1038 -20.6801 20.7106 -19.4115 20.3399 2
1039 -13.8266 21.7714 -15.8796 21.9174 4
1040 -20.6801 20.7106 -19.4115 20.3399 2
1041 -13.8266 21.7714 -15.8796 21.9174 4
1042 -20.6801 20.7106 -19.4115 20.3399 2
1043 -13.8266 21.7714 -15.8796 21.9174 4
1044 RANDOM
1045 -21.6304 19.5845 -19.2715 19.2531 2
1046 -12.6961 21.2371 -15.5099 21.5776 4
1047 -21.6304 19.5845 -19.2715 19.2531 2
1048 -12.6961 21.2371 -15.5099 21.5776 4
1049 -21.6304 19.5845 -19.2715 19.2531 2
1050 -12.6961 21.2371 -15.5099 21.5776 4
1051 -21.6304 19.5845 -19.2715 19.2531 2
1052 -12.6961 21.2371 -15.5099 21.5776 4
1053 -21.6304 19.5845 -19.2715 19.2531 2
1054 -12.6961 21.2371 -15.5099 21.5776 4
1055 -21.6304 19.5845 -19.2715 19.2531 2
1056 -12.6961 21.2371 -15.5099 21.5776 4
1057 -21.6304 19.5845 -19.2715 19.2531 2
1058 -12.6961 21.2371 -15.5099 21.5776 4
1059 -21.6304 19.5845 -19.2715 19.2531 2
1060 -12.6961 21.2371 -15.5099 21.5776 4
1061 -21.6304 19.5845 -19.2715 19.2531 2
1062 -12.6961 21.2371 -15.5099 21.5776 4
1063 -21.6304 19.5845 -19.2715 19.2531 2
1064 -12.6961 21.2371 -15.5099 21.5776 4
1065 -21.6304 19.5845 -19.2715 19.2531 2
1066 -12.6961 21.2371 -15.5099 21.5776 4
1067 -21.6304 19.5845 -19.2715 19.2531 2
1068 -12.6961 21.2371 -15.5099 21.5776 4
1069 -21.6304 19.5845 -19.2715 19.2531 2
1070 -12.6961 21.2371 -15.5099 21.5776 4
1071 -21.6304 19.5845 -19.2715 19.2531 2
1072 -12.6961 21.2371 -15.5099 21.5776 4
1073 -21.6304 19.5845 -19.2715 19.2531 2
1074 -12.6961 21.2371 -15.5099 21.5776 4
1075 -21.6304 19.5845 -19.2715 19.2531 2
1076 -12.6961 21.2371 -15.5099 21.5776 4
1077 -21.6304 19.5845 -19.2715 19.2531 2
1078 -12.6961 21.2371 -15.5099 21.5776 4
1079 -21.6304 19.5845 -19.2715 19.2531 2
1080 -12.6961 21.2371 -15.5099 21.5776 4
1081 -21.6304 19.5845 -19.2715 19.2531 2
1082 -12.6961 21.2371 -15.5099 21.5776 4
1083 -21.6304 19.5845 -19.2715 19.2531 2
1084 -12.6961 21.2371 -15.5099 21.5776 4
1085 -21.6304 19.5845 -19.2715 19.2531 2
1086 -12.6961 21.2371 -15.5099 21.5776 4
1087 -21.6304 19.5845 -19.2715 19.2531 2
1088 RANDOM
1089 -13.8266 21.7714 -15.8796 21.9174 4
1090 -20.6801 20.7106 -19.4115 20.3399 2
1091 -13.8266 21.7714 -15.8796 21.9174 4
1092 -20.6801 20.7106 -19.4115 20.3399 2
1093 -13.8266 21.7714 -15.8796 21.9174 4
1094 -20.6801 20.7106 -19.4115 20.3399 2
1095 -13.8266 21.7714 -15.8796 21.9174 4
1096 -20.6801 20.7106 -19.4115 20.3399 2
1097 -13.8266 21.7714 -15.8796 21.9174 4
1098 -20.6801 20.7106 -19.4115 20.3399 2
1099 -13.8266 21.7714 -15.8796 21.9174 4
1100 -20.6801 20.7106 -19.4115 20.3399 2
1101 -13.8266 21.7714 -15.8796 21.9174 4
1102 -20.6801 20.7106 -19.4115 20.3399 2
1103 RANDOM
1104 -12.6479 21.6985 -15.2256 21.9147 4
1105 -20.7243 20.3447 -18.0904 20.1562 2
1106 -12.6479 21.6985 -15.2256 21.9147 4
1107 -20.7243 20.3447 -18.0904 20.1562 2
1108 -12.6479 21.6985 -15.2256 21.9147 4
1109 -20.7243 20.3447 -18.0904 20.1562 2
1110 -12.6479 21.6985 -15.2256 21.9147 4
1111 -20.7243 20.3447 -18.0904 20.1562 2
1112 -12.6479 21.6985 -15.2256 21.9147 4
1113 -20.7243 20.3447 -18.0904 20.1562 2
1114 -12.6479 21.6985 -15.2256 21.9147 4
1115 -20.7243 20.3447 -18.0904 20.1562 2
1116 -12.6479 21.6985 -15.2256 21.9147 4
1117 -20.7243 20.3447 -18.0904 20.1562 2
1118 -12.6479 21.6985 -15.2256 21.9147 4
1119 -20.7243 20.3447 -18.0904 20.1562 2
1120 -12.6479 21.6985 -15.2256 21.9147 4
1121 -20.7243 20.3447 -18.0904 20.1562 2
1122 -12.6479 21.6985 -15.2256 21.9147 4
1123 -20.7243 20.3447 -18.0904 20.1562 2
1124 -12.6479 21.6985 -15.2256 21.9147 4
1125 -20.7243 20.3447 -18.0904 20.1562 2
1126 RANDOM
1127 -11.4575 22.0646 -14.7169 22.4042 4
1128 -19.856 20.4594 -17.8399 20.0943 2
1129 -11.4575 22.0646 -14.7169 22.4042 4
1130 RANDOM
1131 -20.7243 20.3447 -18.0904 20.1562 2
1132 -12.6479 21.6985 -15.2256 21.9147 4
1133 -20.7243 20.3447 -18.0904 20.1562 2
1134 -12.6479 21.6985 -15.2256 21.9147 4
1135 -20.7243 20.3447 -18.0904 20.1562 2
1136 -12.6479 21.6985 -15.2256 21.9147 4
1137 -20.7243 20.3447 -18.0904 20.1562 2
1138 -12.6479 21.6985 -15.2256 21.9147 4
1139 RANDOM
1140 -20.6801 20.7106 -19.4115 20.3399 2
1141 RANDOM
1142 -12.6479 21.6985 -15.2256 21.9147 4
1143 -20.7243 20.3447 -18.0904 20.1562 2
1144 -12.6479 21.6985 -15.2256 21.9147 4
1145 -20.7243 20.3447 -18.0904 20.1562 2
1146 RANDOM
1147 -11.4575 22.0646 -14.7169 22.4042 4
1148 -19.856 20.4594 -17.8399 20.0943 2
1149 -11.4575 22.0646 -14.7169 22.4042 4
1150 -19.856 20.4594 -17.8399 20.0943 2
1151 -11.4575 22.0646 -14.7169 22.4042 4
1152 -19.856 20.4594 -17.8399 20.0943 2
1153 -11.4575 22.0646 -14.7169 22.4042 4
1154 -19.856 20.4594 -17.8399 20.0943 2
1155 -11.4575 22.0646 -14.7169 22.4042 4
1156 -19.856 20.4594 -17.8399 20.0943 2
1157 -11.4575 22.0646 -14.7169 22.4042 4
1158 -19.856 20.4594 -17.8399 20.0943 2
1159 -11.4575 22.0646 -14.7169 22.4042 4
1160 -19.856 20.4594 -17.8399 20.0943 2
1161 -11.4575 22.0646 -14.7169 22.4042 4
1162 -19.856 20.4594 -17.8399 20.0943 2
1163 -11.4575 22.0646 -14.7169 22.4042 4
1164 -19.856 20.4594 -17.8399 20.0943 2
1165 -11.4575 22.0646 -14.7169 22.4042 4
1166 -19.856 20.4594 -17.8399 20.0943 2
1167 -11.4575 22.0646 -14.7169 22.4042 4
1168 -19.856 20.4594 -17.8399 20.0943 2
1169 -11.4575 22.0646 -14.7169 22.4042 4
1170 -19.856 20.4594 -17.8399 20.0943 2
1171 -11.4575 22.0646 -14.7169 22.4042 4
1172 RANDOM
1173 RANDOM
1174 -20.6801 20.7106 -19.4115 20.3399 2
1175 -13.8266 21.7714 -15.8796 21.9174 4
1176 -20.6801 20.7106 -19.4115 20.3399 2
1177 -13.8266 21.7714 -15.8796 21.9174 4
1178 -20.6801 20.7106 -19.4115 20.3399 2
1179 -13.8266 21.7714 -15.8796 21.9174 4
1180 -20.6801 20.7106 -19.4115 20.3399 2
1181 -13.8266 21.7714 -15.8796 21.9174 4
1182 -20.6801 20.7106 -19.4115 20.3399 2
1183 -13.8266 21.7714 -15.8796 21.9174 4
1184 -20.6801 20.7106 -19.4115 20.3399 2
1185 -13.8266 21.7714 -15.8796 21.9174 4
1186 -20.6801 20.7106 -19.4115 20.3399 2
1187 -13.8266 21.7714 -15.8796 21.9174 4
1188 -20.6801 20.7106 -19.4115 20.3399 2
1189 -13.8266 21.7714 -15.8796 21.9174 4
1190 -20.6801 20.7106 -19.4115 20.3399 2
1191 -13.8266 21.7714 -15.8796 21.9174 4
1192 -20.6801 20.7106 -19.4115 20.3399 2
1193 RANDOM
1194 -12.6479 21.6985 -15.2256 21.9147 4
1195 -20.7243 20.3447 -18.0904 20.1562 2
1196 -12.6479 21.6985 -15.2256 21.9147 4
1197 -20.7243 20.3447 -18.0904 20.1562 2
1198 -12.6479 21.6985 -15.2256 21.9147 4
1199 RANDOM
1200 -20.6801 20.7106 -19.4115 20.3399 2
1201 -13.8266 21.7714 -15.8796 21.9174 4
1202 -20.6801 20.7106 -19.4115 20.3399 2
1203 -13.8266 21.7714 -15.8796 21.9174 4
1204 -20.6801 20.7106 -19.4115 20.3399 2
1205 -13.8266 21.7714 -15.8796 21.9174 4
1206 -20.6801 20.7106 -19.4115 20.3399 2
1207 -13.8266 21.7714 -15.8796 21.9174 4
1208 -20.6801 20.7106 -19.4115 20.3399 2
1209 -13.8266 21.7714 -15.8796 21.9174 4
1210 -20.6801 20.7106 -19.4115 20.3399 2
1211 -13.8266 21.7714 -15.8796 21.9174 4
1212 -20.6801 20.7106 -19.4115 20.3399 2
1213 -13.8266 21.7714 -15.8796 21.9174 4
1214 -20.6801 20.7106 -19.4115 20.3399 2
1215 -13.8266 21.7714 -15.8796 21.9174 4
1216 -20.6801 20.7106 -19.4115 20.3399 2
1217 -13.8266 21.7714 -15.8796 21.9174 4
1218 -20.6801 20.7106 -19.4115 20.3399 2
1219 -13.8266 21.7714 -15.8796 21.9174 4
1220 -20.6801 20.7106 -19.4115 20.3399 2
1221 -13.8266 21.7714 -15.8796 21.9174 4
1222 -20.6801 20.7106 -19.4115 20.3399 2
1223 -13.8266 21.7714 -15.8796 21.9174 4
1224 -20.6801 20.7106 -19.4115 20.3399 2
1225 -13.8266 21.7714 -15.8796 21.9174 4
1226 -20.6801 20.7106 -19.4115 20.3399 2
1227 -13.8266 21.7714 -15.8796 21.9174 4
1228 -20.6801 20.7106 -19.4115 20.3399 2
1229 -13.8266 21.7714 -15.8796 21.9174 4
1230 RANDOM
1231 RANDOM
1232 -22.6188 18.8083 -19.178 18.7303 2
1233 -13.8658 20.7864 -15.9093 20.947 4
1234 -22.6188 18.8083 -19.178 18.7303 2
1235 -13.8658 20.7864 -15.9093 20.947 4
1236 -22.6188 18.8083 -19.178 18.7303 2
1237 -13.8658 20.7864 -15.9093 20.947 4
1238 -22.6188 18.8083 -19.178 18.7303 2
1239 -13.8658 20.7864 -15.9093 20.947 4
1240 RANDOM
1241 -23.6345 18.2829 -19.208 18.4345 4
1242 -26.592 15.3169 -19.034 14.8495 2
1243 -16.2085 20.3142 -16.8507 20.1626 2
1244 -15.0605 20.4427 -16.3737 20.4389 2
1245 -13.8658 20.7864 -15.9093 20.947 4
1246 -22.6188 18.8083 -19.178 18.7303 2
1247 -13.8658 20.7864 -15.9093 20.947 4
1248 -22.6188 18.8083 -19.178 18.7303 2
1249 -13.8658 20.7864 -15.9093 20.947 4
1250 -22.6188 18.8083 -19.178 18.7303 2
1251 -13.8658 20.7864 -15.9093 20.947 4
1252 -22.6188 18.8083 -19.178 18.7303 2
1253 -13.8658 20.7864 -15.9093 20.947 4
1254 -22.6188 18.8083 -19.178 18.7303 2
1255 -13.8658 20.7864 -15.9093 20.947 4
1256 -22.6188 18.8083 -19.178 18.7303 2
1257 -13.8658 20.7864 -15.9093 20.947 4
1258 -22.6188 18.8083 -19.178 18.7303 2
1259 -13.8658 20.7864 -15.9093 20.947 4
1260 -22.6188 18.8083 -19.178 18.7303 2
1261 -13.8658 20.7864 -15.9093 20.947 4
1262 -22.6188 18.8083 -19.178 18.7303 2
1263 -13.8658 20.7864 -15.9093 20.947 4
1264 -22.6188 18.8083 -19.178 18.7303 2
1265 -13.8658 20.7864 -15.9093 20.947 4
1266 -22.6188 18.8083 -19.178 18.7303 2
1267 -13.8658 20.7864 -15.9093 20.947 4
1268 -22.6188 18.8083 -19.178 18.7303 2
1269 -13.8658 20.7864 -15.9093 20.947 4
1270 -22.6188 18.8083 -19.178 18.7303 2
1271 -13.8658 20.7864 -15.9093 20.947 4
1272 -22.6188 18.8083 -19.178 18.7303 2
1273 -13.8658 20.7864 -15.9093 20.947 4
1274 -22.6188 18.8083 -19.178 18.7303 2
1275 -13.8658 20.7864 -15.9093 20.947 4
1276 -22.6188 18.8083 -19.178 18.7303 2
1277 -13.8658 20.7864 -15.9093 20.947 4
1278 -22.6188 18.8083 -19.178 18.7303 2
1279 -13.8658 20.7864 -15.9093 20.947 4
1280 -22.6188 18.8083 -19.178 18.7303 2
1281 -13.8658 20.7864 -15.9093 20.947 4
1282 RANDOM
1283 -23.6345 18.2829 -19.208 18.4345 4
1284 -26.592 15.3169 -19.034 14.8495 2
1285 -16.2085 20.3142 -16.8507 20.1626 2
1286 -15.0605 20.4427 -16.3737 20.4389 2
1287 -13.8658 20.7864 -15.9093 20.947 4
1288 -22.6188 18.8083 -19.178 18.7303 2
1289 -13.8658 20.7864 -15.9093 20.947 4
1290 -22.6188 18.8083 -19.178 18.7303 2
1291 -13.8658 20.7864 -15.9093 20.947 4
1292 -22.6188 18.8083 -19.178 18.7303 2
1293 -13.8658 20.7864 -15.9093 20.947 4
1294 -22.6188 18.8083 -19.178 18.7303 2
1295 -13.8658 20.7864 -15.9093 20.947 4
1296 -22.6188 18.8083 -19.178 18.7303 2
1297 RANDOM
1298 -12.6961 21.2371 -15.5099 21.5776 4
1299 -21.6304 19.5845 -19.2715 19.2531 2
1300 -12.6961 21.2371 -15.5099 21.5776 4
1301 -21.6304 19.5845 -19.2715 19.2531 2
1302 -12.6961 21.2371 -15.5099 21.5776 4
1303 -21.6304 19.5845 -19.2715 19.2531 2
1304 -12.6961 21.2371 -15.5099 21.5776 4
1305 -21.6304 19.5845 -19.2715 19.2531 2
1306 -12.6961 21.2371 -15.5099 21.5776 4
1307 -21.6304 19.5845 -19.2715 19.2531 2
1308 -12.6961 21.2371 -15.5099 21.5776 4
1309 -21.6304 19.5845 -19.2715 19.2531 2
1310 -12.6961 21.2371 -15.5099 21.5776 4
1311 -21.6304 19.5845 -19.2715 19.2531 2
1312 -12.6961 21.2371 -15.5099 21.5776 4
1313 -21.6304 19.5845 -19.2715 19.2531 2
1314 -12.6961 21.2371 -15.5099 21.5776 4
1315 -21.6304 19.5845 -19.2715 19.2531 2
1316 -12.6961 21.2371 -15.5099 21.5776 4
1317 -21.6304 19.5845 -19.2715 19.2531 2
1318 RANDOM
1319 -13.8266 21.7714 -15.8796 21.9174 4
1320 -20.6801 20.7106 -19.4115 20.3399 2
1321 -13.8266 21.7714 -15.8796 21.9174 4
1322 -20.6801 20.7106 -19.4115 20.3399 2
1323 -13.8266 21.7714 -15.8796 21.9174 4
1324 -20.6801 20.7106 -19.4115 20.3399 2
1325 -13.8266 21.7714 -15.8796 21.9174 4
1326 -20.6801 20.7106 -19.4115 20.3399 2
1327 -13.8266 21.7714 -15.8796 21.9174 4
1328 -20.6801 20.7106 -19.4115 20.3399 2
1329 -13.8266 21.7714 -15.8796 21.9174 4
1330 -20.6801 20.7106 -19.4115 20.3399 2
1331 -13.8266 21.7714 -15.8796 21.9174 4
1332 -20.6801 20.7106 -19.4115 20.3399 2
1333 -13.8266 21.7714 -15.8796 21.9174 4
1334 -20.6801 20.7106 -19.4115 20.3399 2
1335 -13.8266 21.7714 -15.8796 21.9174 4
1336 -20.6801 20.7106 -19.4115 20.3399 2
1337 -13.8266 21.7714 -15.8796 21.9174 4
1338 -20.6801 20.7106 -19.4115 20.3399 2
1339 -13.8266 21.7714 -15.8796 21.9174 4
1340 RANDOM
1341 -21.6304 19.5845 -19.2715 19.2531 2
1342 -12.6961 21.2371 -15.5099 21.5776 4
1343 -21.6304 19.5845 -19.2715 19.2531 2
1344 -12.6961 21.2371 -15.5099 21.5776 4
1345 -21.6304 19.5845 -19.2715 19.2531 2
1346 -12.6961 21.2371 -15.5099 21.5776 4
1347 -21.6304 19.5845 -19.2715 19.2531 2
1348 -12.6961 21.2371 -15.5099 21.5776 4
1349 -21.6304 19.5845 -19.2715 19.2531 2
1350 -12.6961 21.2371 -15.5099 21.5776 4
1351 -21.6304 19.5845 -19.2715 19.2531 2
1352 -12.6961 21.2371 -15.5099 21.5776 4
1353 -21.6304 19.5845 -19.2715 19.2531 2
1354 -12.6961 21.2371 -15.5099 21.5776 4
1355 -21.6304 19.5845 -19.2715 19.2531 2
1356 -12.6961 21.2371 -15.5099 21.5776 4
1357 -21.6304 19.5845 -19.2715 19.2531 2
1358 -12.6961 21.2371 -15.5099 21.5776 4
1359 -21.6304 19.5845 -19.2715 19.2531 2
1360 -12.6961 21.2371 -15.5099 21.5776 4
1361 -21.6304 19.5845 -19.2715 19.2531 2
1362 -12.6961 21.2371 -15.5099 21.5776 4
1363 -21.6304 19.5845 -19.2715 19.2531 2
1364 -12.6961 21.2371 -15.5099 21.5776 4
1365 -21.6304 19.5845 -19.2715 19.2531 2
1366 -12.6961 21.2371 -15.5099 21.5776 4
1367 RANDOM
1368 -22.6188 18.8083 -19.178 18.7303 2
1369 -13.8658 20.7864 -15.9093 20.947 4
1370 -22.6188 18.8083 -19.178 18.7303 2
1371 -13.8658 20.7864 -15.9093 20.947 4
1372 -22.6188 18.8083 -19.178 18.7303 2
1373 -13.8658 20.7864 -15.9093 20.947 4
1374 -22.6188 18.8083 -19.178 18.7303 2
1375 -13.8658 20.7864 -15.9093 20.947 4
1376 -22.6188 18.8083 -19.178 18.7303 2
1377 -13.8658 20.7864 -15.9093 20.947 4
1378 -22.6188 18.8083 -19.178 18.7303 2
1379 -13.8658 20.7864 -15.9093 20.947 4
1380 -22.6188 18.8083 -19.178 18.7303 2
1381 -13.8658 20.7864 -15.9093 20.947 4
1382 -22.6188 18.8083 -19.178 18.7303 2
1383 -13.8658 20.7864 -15.9093 20.947 4
1384 -22.6188 18.8083 -19.178 18.7303 2
1385 -13.8658 20.7864 -15.9093 20.947 4
1386 -22.6188 18.8083 -19.178 18.7303 2
1387 -13.8658 20.7864 -15.9093 20.947 4
1388 -22.6188 18.8083 -19.178 18.7303 2
1389 -13.8658 20.7864 -15.9093 20.947 4
1390 -22.6188 18.8083 -19.178 18.7303 2
1391 -13.8658 20.7864 -15.9093 20.947 4
1392 -22.6188 18.8083 -19.178 18.7303 2
1393 -13.8658 20.7864 -15.9093 20.947 4
1394 RANDOM
1395 -23.6345 18.2829 -19.208 18.4345 4
1396 -26.592 15.3169 -19.034 14.8495 2
1397 -16.2085 20.3142 -16.8507 20.1626 2
1398 -15.0605 20.4427 -16.3737 20.4389 2
1399 -13.8658 20.7864 -15.9093 20.947 4
1400 -22.6188 18.8083 -19.178 18.7303 2
1401 -13.8658 20.7864 -15.9093 20.947 4
1402 -22.6188 18.8083 -19.178 18.7303 2
1403 -13.8658 20.7864 -15.9093 20.947 4
1404 -22.6188 18.8083 -19.178 18.7303 2
1405 -13.8658 20.7864 -15.9093 20.947 4
1406 -22.6188 18.8083 -19.178 18.7303 2
1407 -13.8658 20.7864 -15.9093 20.947 4
1408 -22.6188 18.8083 -19.178 18.7303 2
1409 -13.8658 20.7864 -15.9093 20.947 4
1410 -22.6188 18.8083 -19.178 18.7303 2
1411 -13.8658 20.7864 -15.9093 20.947 4
1412 -22.6188 18.8083 -19.178 18.7303 2
1413 -13.8658 20.7864 -15.9093 20.947 4
1414 -22.6188 18.8083 -19.178 18.7303 2
1415 -13.8658 20.7864 -15.9093 20.947 4
1416 -22.6188 18.8083 -19.178 18.7303 2
1417 -13.8658 20.7864 -15.9093 20.947 4
1418 -22.6188 18.8083 -19.178 18.7303 2
1419 -13.8658 20.7864 -15.9093 20.947 4
1420 -22.6188 18.8083 -19.178 18.7303 2
1421 -13.8658 20.7864 -15.9093 20.947 4
1422 -22.6188 18.8083 -19.178 18.7303 2
1423 -13.8658 20.7864 -15.9093 20.947 4
1424 -22.6188 18.8083 -19.178 18.7303 2
1425 RANDOM
1426 -12.6961 21.2371 -15.5099 21.5776 4
1427 -21.6304 19.5845 -19.2715 19.2531 2
1428 -12.6961 21.2371 -15.5099 21.5776 4
1429 -21.6304 19.5845 -19.2715 19.2531 2
1430 -12.6961 21.2371 -15.5099 21.5776 4
1431 -21.6304 19.5845 -19.2715 19.2531 2
1432 -12.6961 21.2371 -15.5099 21.5776 4
1433 -21.6304 19.5845 -19.2715 19.2531 2
1434 -12.6961 21.2371 -15.5099 21.5776 4
1435 -21.6304 19.5845 -19.2715 19.2531 2
1436 -12.6961 21.2371 -15.5099 21.5776 4
1437 -21.6304 19.5845 -19.2715 19.2531 2
1438 -12.6961 21.2371 -15.5099 21.5776 4
1439 -21.6304 19.5845 -19.2715 19.2531 2
1440 -12.6961 21.2371 -15.5099 21.5776 4
1441 -21.6304 19.5845 -19.2715 19.2531 2
1442 -12.6961 21.2371 -15.5099 21.5776 4
1443 -21.6304 19.5845 -19.2715 19.2531 2
1444 -12.6961 21.2371 -15.5099 21.5776 4
1445 -21.6304 19.5845 -19.2715 19.2531 2
1446 RANDOM
1447 -13.8266 21.7714 -15.8796 21.9174 4
1448 -20.6801 20.7106 -19.4115 20.3399 2
1449 -13.8266 21.7714 -15.8796 21.9174 4
1450 -20.6801 20.7106 -19.4115 20.3399 2
1451 -13.8266 21.7714 -15.8796 21.9174 4
1452 -20.6801 20.7106 -19.4115 20.3399 2
1453 -13.8266 21.7714 -15.8796 21.9174 4
1454 -20.6801 20.7106 -19.4115 20.3399 2
1455 -13.8266 21.7714 -15.8796 21.9174 4
1456 -20.6801 20.7106 -19.4115 20.3399 2
1457 -13.8266 21.7714 -15.8796 21.9174 4
1458 -20.6801 20.7106 -19.4115 20.3399 2
1459 -13.8266 21.7714 -15.8796 21.9174 4
1460 -20.6801 20.7106 -19.4115 20.3399 2
1461 -13.8266 21.7714 -15.8796 21.9174 4
1462 -20.6801 20.7106 -19.4115 20.3399 2
1463 -13.8266 21.7714 -15.8796 21.9174 4
1464 -20.6801 20.7106 -19.4115 20.3399 2
1465 -13.8266 21.7714 -15.8796 21.9174 4
1466 -20.6801 20.7106 -19.4115 20.3399 2
1467 -13.8266 21.7714 -15.8796 21.9174 4
1468 -20.6801 20.7106 -19.4115 20.3399 2
1469 -13.8266 21.7714 -15.8796 21.9174 4
1470 -20.6801 20.7106 -19.4115 20.3399 2
1471 -13.8266 21.7714 -15.8796 21.9174 4
1472 -20.6801 20.7106 -19.4115 20.3399 2
1473 RANDOM
1474 -12.6479 21.6985 -15.2256 21.9147 4
1475 -20.7243 20.3447 -18.0904 20.1562 2
1476 -12.6479 21.6985 -15.2256 21.9147 4
1477 -20.7243 20.3447 -18.0904 20.1562 2
1478 -12.6479 21.6985 -15.2256 21.9147 4
1479 -20.7243 20.3447 -18.0904 20.1562 2
1480 -12.6479 21.6985 -15.2256 21.9147 4
1481 -20.7243 20.3447 -18.0904 20.1562 2
1482 -12.6479 21.6985 -15.2256 21.9147 4
1483 RANDOM
1484 -20.6801 20.7106 -19.4115 20.3399 2
1485 RANDOM
1486 -12.6479 21.6985 -15.2256 21.9147 4
1487 -20.7243 20.3447 -18.0904 20.1562 2
1488 -12.6479 21.6985 -15.2256 21.9147 4
1489 -20.7243 20.3447 -18.0904 20.1562 2
1490 -12.6479 21.6985 -15.2256 21.9147 4
1491 -20.7243 20.3447 -18.0904 20.1562 2
1492 -12.6479 21.6985 -15.2256 21.9147 4
1493 -20.7243 20.3447 -18.0904 20.1562 2
1494 -12.6479 21.6985 -15.2256 21.9147 4
1495 -20.7243 20.3447 -18.0904 20.1562 2
1496 -12.6479 21.6985 -15.2256 21.9147 4
1497 -20.7243 20.3447 -18.0904 20.1562 2
1498 -12.6479 21.6985 -15.2256 21.9147 4
1499 -20.7243 20.3447 -18.0904 20.1562 2
1500 -12.6479 21.6985 -15.2256 21.9147 4
1501 RANDOM
1502 -20.6801 20.7106 -19.4115 20.3399 2
1503 RANDOM
1504 RANDOM
1505 -11.4575 22.0646 -14.7169 22.4042 4
1506 -19.856 20.4594 -17.8399 20.0943 2
1507 -11.4575 22.0646 -14.7169 22.4042 4
1508 -19.856 20.4594 -17.8399 20.0943 2
1509 RANDOM
1510 -10.4416 22.1707 -14.295 22.6622 4
1511 -19.0321 20.6606 -17.6472 20.1874 2
1512 -10.4416 22.1707 -14.295 22.6622 4
1513 -19.0321 20.6606 -17.6472 20.1874 2
1514 -10.4416 22.1707 -14.295 22.6622 4
1515 -19.0321 20.6606 -17.6472 20.1874 2
1516 -10.4416 22.1707 -14.295 22.6622 4
1517 -19.0321 20.6606 -17.6472 20.1874 2
1518 RANDOM
1519 -0.168652 -10.8331 19.1227 25.3214 4
1520 4.88409 -15.8572 30.8908 37.3828 4
