0 -16.9362 28.8066 17.9874 28.8924 4
1 -16.9362 28.8066 17.9874 28.8924 4
2 -16.9362 28.8066 17.9874 28.8924 4
3 -16.9362 28.8066 17.9874 28.8924 4
4 -16.9362 28.8066 17.9874 28.8924 4
5 -16.9362 28.8066 17.9874 28.8924 4
6 -16.9362 28.8066 17.9874 28.8924 4
7 -16.9362 28.8066 17.9874 28.8924 4
8 -16.9362 28.8066 17.9874 28.8924 4
9 -16.9362 28.8066 17.9874 28.8924 4
10 RANDOM
11 -16.9362 28.8066 17.9874 28.8924 4
12 -16.9362 28.8066 17.9874 28.8924 4
13 -16.9362 28.8066 17.9874 28.8924 4
14 -16.9362 28.8066 17.9874 28.8924 4
15 -16.9362 28.8066 17.9874 28.8924 4
16 -16.9362 28.8066 17.9874 28.8924 4
17 -16.9362 28.8066 17.9874 28.8924 4
18 -16.9362 28.8066 17.9874 28.8924 4
19 -16.9362 28.8066 17.9874 28.8924 4
20 -16.9362 28.8066 17.9874 28.8924 4
21 -16.9362 28.8066 17.9874 28.8924 4
22 -16.9362 28.8066 17.9874 28.8924 4
23 -16.9362 28.8066 17.9874 28.8924 4
24 RANDOM
25 -16.9362 28.8066 17.9874 28.8924 4
26 -16.9362 28.8066 17.9874 28.8924 4
27 -16.9362 28.8066 17.9874 28.8924 4
28 -16.9362 28.8066 17.9874 28.8924 4
29 -16.9362 28.8066 17.9874 28.8924 4
30 RANDOM
31 -16.9362 28.8066 17.9874 28.8924 4
32 -16.9362 28.8066 17.9874 28.8924 4
