0 RANDOM
1 98.8166 672.436 -470.387 573.762 2
2 123.784 685.122 -483.796 588.972 2
3 RANDOM
4 5.04026 692.431 -240.127 668.357 2
5 20.0349 713.971 -214.343 674.736 2
6 134.268 672.659 -270.152 629.606 2
7 42.4924 835.189 -105.193 878.933 4
8 60.1692 599.628 -338.927 593.81 2
9 42.4924 835.189 -105.193 878.933 4
10 60.1692 599.628 -338.927 593.81 2
11 42.4924 835.189 -105.193 878.933 4
12 60.1692 599.628 -338.927 593.81 2
13 42.4924 835.189 -105.193 878.933 4
14 60.1692 599.628 -338.927 593.81 2
15 42.4924 835.189 -105.193 878.933 4
16 60.1692 599.628 -338.927 593.81 2
17 42.4924 835.189 -105.193 878.933 4
18 60.1692 599.628 -338.927 593.81 2
19 42.4924 835.189 -105.193 878.933 4
20 RANDOM
21 15.7624 636.798 -356.589 642.853 4
22 -27.761 694.863 -364.642 721.036 4
23 -89.9724 759.272 -347.493 812.593 4
24 77.4905 548.665 -658.33 499.015 2
25 65.6438 630.888 -365.971 603.663 2
26 122.854 585.015 -376.505 542.528 2
27 147.687 600.562 -347.38 550.016 2
28 134.268 672.659 -270.152 629.606 2
29 42.4924 835.189 -105.193 878.933 4
30 60.1692 599.628 -338.927 593.81 2
31 42.4924 835.189 -105.193 878.933 4
32 60.1692 599.628 -338.927 593.81 2
33 42.4924 835.189 -105.193 878.933 4
34 60.1692 599.628 -338.927 593.81 2
35 42.4924 835.189 -105.193 878.933 4
36 60.1692 599.628 -338.927 593.81 2
37 42.4924 835.189 -105.193 878.933 4
38 60.1692 599.628 -338.927 593.81 2
39 42.4924 835.189 -105.193 878.933 4
40 55.6067 580.373 -287.032 587.542 4
41 3.62571 609.51 -306.171 625.802 4
42 -46.9671 656.476 -315.65 689.528 4
43 -109.88 728.474 -300.394 788.603 4
44 60.2815 514.563 -610.302 472.437 2
45 62.6467 617.885 -326.501 600.699 2
46 121.429 571.012 -329.918 540.223 2
47 151.069 595.216 -292.153 556.562 2
48 136.185 664.198 -213.09 630.419 2
49 44.6413 836.422 -48.9361 885.423 4
50 55.6067 580.373 -287.032 587.542 4
51 RANDOM
52 -46.9671 656.476 -315.65 689.528 4
53 -109.88 728.474 -300.394 788.603 4
54 60.2815 514.563 -610.302 472.437 2
55 62.6467 617.885 -326.501 600.699 2
56 121.429 571.012 -329.918 540.223 2
57 151.069 595.216 -292.153 556.562 2
58 136.185 664.198 -213.09 630.419 2
59 44.6413 836.422 -48.9361 885.423 4
60 55.6067 580.373 -287.032 587.542 4
61 3.62571 609.51 -306.171 625.802 4
62 -46.9671 656.476 -315.65 689.528 4
63 -109.88 728.474 -300.394 788.603 4
64 60.2815 514.563 -610.302 472.437 2
65 62.6467 617.885 -326.501 600.699 2
66 121.429 571.012 -329.918 540.223 2
67 151.069 595.216 -292.153 556.562 2
68 136.185 664.198 -213.09 630.419 2
69 44.6413 836.422 -48.9361 885.423 4
70 55.6067 580.373 -287.032 587.542 4
71 3.62571 609.51 -306.171 625.802 4
72 -46.9671 656.476 -315.65 689.528 4
73 -109.88 728.474 -300.394 788.603 4
74 60.2815 514.563 -610.302 472.437 2
75 62.6467 617.885 -326.501 600.699 2
76 121.429 571.012 -329.918 540.223 2
77 151.069 595.216 -292.153 556.562 2
78 RANDOM
79 78.4104 790.673 -100.809 770.366 2
80 88.7702 670.725 -185.442 643.084 2
