0 0.409756 21.1221 2.48053 22.4496 4
1 RANDOM
2 RANDOM
3 0.409756 21.1221 2.48053 22.4496 4
4 0.409756 21.1221 2.48053 22.4496 4
5 0.409756 21.1221 2.48053 22.4496 4
6 0.409756 21.1221 2.48053 22.4496 4
7 0.409756 21.1221 2.48053 22.4496 4
8 0.409756 21.1221 2.48053 22.4496 4
9 0.409756 21.1221 2.48053 22.4496 4
10 0.409756 21.1221 2.48053 22.4496 4
11 0.409756 21.1221 2.48053 22.4496 4
12 0.409756 21.1221 2.48053 22.4496 4
13 0.409756 21.1221 2.48053 22.4496 4
14 0.409756 21.1221 2.48053 22.4496 4
15 0.409756 21.1221 2.48053 22.4496 4
16 0.409756 21.1221 2.48053 22.4496 4
17 0.409756 21.1221 2.48053 22.4496 4
18 0.409756 21.1221 2.48053 22.4496 4
19 0.409756 21.1221 2.48053 22.4496 4
20 0.409756 21.1221 2.48053 22.4496 4
21 0.409756 21.1221 2.48053 22.4496 4
22 0.409756 21.1221 2.48053 22.4496 4
23 0.409756 21.1221 2.48053 22.4496 4
24 0.409756 21.1221 2.48053 22.4496 4
25 0.409756 21.1221 2.48053 22.4496 4
26 0.409756 21.1221 2.48053 22.4496 4
27 0.409756 21.1221 2.48053 22.4496 4
28 0.409756 21.1221 2.48053 22.4496 4
29 0.409756 21.1221 2.48053 22.4496 4
30 0.409756 21.1221 2.48053 22.4496 4
31 0.409756 21.1221 2.48053 22.4496 4
32 0.409756 21.1221 2.48053 22.4496 4
33 0.409756 21.1221 2.48053 22.4496 4
34 0.409756 21.1221 2.48053 22.4496 4
35 0.409756 21.1221 2.48053 22.4496 4
36 0.409756 21.1221 2.48053 22.4496 4
37 0.409756 21.1221 2.48053 22.4496 4
38 0.409756 21.1221 2.48053 22.4496 4
39 0.409756 21.1221 2.48053 22.4496 4
40 0.409756 21.1221 2.48053 22.4496 4
41 0.409756 21.1221 2.48053 22.4496 4
42 5.93792 20.1321 -44.1612 37.3082 4
43 7.46217 22.8528 -45.67 37.5318 4
44 8.89395 25.4887 -48.3854 36.4338 4
45 10.5224 28.5524 -51.1018 37.1995 4
46 4.47894 16.759 -40.9973 35.9055 4
47 RANDOM
48 3.72036 13.5211 -32.5443 30.4087 4
49 3.70512 12.6967 -28.3653 28.704 4
50 13.1674 20.1214 -13.0317 12.0696 2
51 0.409756 21.1221 2.48053 22.4496 4
52 13.1674 20.1214 -13.0317 12.0696 2
53 0.409756 21.1221 2.48053 22.4496 4
54 13.1674 20.1214 -13.0317 12.0696 2
55 0.409756 21.1221 2.48053 22.4496 4
56 13.1674 20.1214 -13.0317 12.0696 2
57 0.409756 21.1221 2.48053 22.4496 4
58 13.1674 20.1214 -13.0317 12.0696 2
59 0.409756 21.1221 2.48053 22.4496 4
60 13.1674 20.1214 -13.0317 12.0696 2
61 RANDOM
62 0.409756 21.1221 2.48053 22.4496 4
63 4.93606 12.7554 -23.9357 25.1745 4
64 13.1674 20.1214 -13.0317 12.0696 2
65 0.409756 21.1221 2.48053 22.4496 4
66 13.1674 20.1214 -13.0317 12.0696 2
67 0.409756 21.1221 2.48053 22.4496 4
68 13.1674 20.1214 -13.0317 12.0696 2
69 0.409756 21.1221 2.48053 22.4496 4
70 13.1674 20.1214 -13.0317 12.0696 2
71 0.409756 21.1221 2.48053 22.4496 4
72 13.1674 20.1214 -13.0317 12.0696 2
73 0.409756 21.1221 2.48053 22.4496 4
74 13.1674 20.1214 -13.0317 12.0696 2
75 0.409756 21.1221 2.48053 22.4496 4
76 13.1674 20.1214 -13.0317 12.0696 2
77 0.409756 21.1221 2.48053 22.4496 4
78 13.1674 20.1214 -13.0317 12.0696 2
79 0.409756 21.1221 2.48053 22.4496 4
80 13.1674 20.1214 -13.0317 12.0696 2
81 0.409756 21.1221 2.48053 22.4496 4
82 13.1674 20.1214 -13.0317 12.0696 2
83 0.409756 21.1221 2.48053 22.4496 4
84 13.1674 20.1214 -13.0317 12.0696 2
85 0.409756 21.1221 2.48053 22.4496 4
86 13.1674 20.1214 -13.0317 12.0696 2
87 0.409756 21.1221 2.48053 22.4496 4
88 13.1674 20.1214 -13.0317 12.0696 2
89 0.409756 21.1221 2.48053 22.4496 4
90 13.1674 20.1214 -13.0317 12.0696 2
91 0.409756 21.1221 2.48053 22.4496 4
92 13.1674 20.1214 -13.0317 12.0696 2
93 0.409756 21.1221 2.48053 22.4496 4
94 13.1674 20.1214 -13.0317 12.0696 2
95 0.409756 21.1221 2.48053 22.4496 4
96 13.1674 20.1214 -13.0317 12.0696 2
97 0.409756 21.1221 2.48053 22.4496 4
98 RANDOM
99 0.409756 21.1221 2.48053 22.4496 4
100 12.7951 22.1658 -20.4054 16.0256 2
