0 -1.82255 20.0524 1.97446 21.3629 4
1 -1.82255 20.0524 1.97446 21.3629 4
2 -1.82255 20.0524 1.97446 21.3629 4
3 -1.82255 20.0524 1.97446 21.3629 4
4 -1.82255 20.0524 1.97446 21.3629 4
5 -1.82255 20.0524 1.97446 21.3629 4
6 -1.82255 20.0524 1.97446 21.3629 4
7 -1.82255 20.0524 1.97446 21.3629 4
8 -1.82255 20.0524 1.97446 21.3629 4
9 -1.82255 20.0524 1.97446 21.3629 4
10 -1.82255 20.0524 1.97446 21.3629 4
11 RANDOM
12 -1.82255 20.0524 1.97446 21.3629 4
13 -1.82255 20.0524 1.97446 21.3629 4
14 -1.82255 20.0524 1.97446 21.3629 4
15 -1.82255 20.0524 1.97446 21.3629 4
16 -1.82255 20.0524 1.97446 21.3629 4
17 -1.82255 20.0524 1.97446 21.3629 4
18 -1.82255 20.0524 1.97446 21.3629 4
19 -1.82255 20.0524 1.97446 21.3629 4
20 -1.82255 20.0524 1.97446 21.3629 4
21 -1.82255 20.0524 1.97446 21.3629 4
22 -1.82255 20.0524 1.97446 21.3629 4
23 -1.82255 20.0524 1.97446 21.3629 4
24 -1.82255 20.0524 1.97446 21.3629 4
25 -1.82255 20.0524 1.97446 21.3629 4
26 -1.82255 20.0524 1.97446 21.3629 4
27 -1.82255 20.0524 1.97446 21.3629 4
28 -1.82255 20.0524 1.97446 21.3629 4
29 -1.82255 20.0524 1.97446 21.3629 4
30 -1.82255 20.0524 1.97446 21.3629 4
31 -1.82255 20.0524 1.97446 21.3629 4
32 -1.82255 20.0524 1.97446 21.3629 4
33 -1.82255 20.0524 1.97446 21.3629 4
34 -1.82255 20.0524 1.97446 21.3629 4
35 -1.82255 20.0524 1.97446 21.3629 4
36 -1.82255 20.0524 1.97446 21.3629 4
37 -1.82255 20.0524 1.97446 21.3629 4
38 -1.82255 20.0524 1.97446 21.3629 4
39 -1.82255 20.0524 1.97446 21.3629 4
40 -1.82255 20.0524 1.97446 21.3629 4
41 -1.82255 20.0524 1.97446 21.3629 4
42 -0.988048 20.0013 -43.7824 36.3522 4
43 -0.00668997 22.8732 -45.1761 36.5922 4
44 0.549151 25.5489 -47.8194 35.4073 4
45 1.24917 28.7454 -50.4211 36.6087 4
46 -1.41889 16.8911 -40.8518 35.4511 4
47 -1.81718 14.2245 -36.915 31.5038 4
48 -1.56049 13.0158 -32.9265 29.363 4
49 -1.17443 12.1573 -28.7792 27.6894 4
50 6.55006 19.5087 -12.213 10.822 2
51 -1.82255 20.0524 1.97446 21.3629 4
52 6.55006 19.5087 -12.213 10.822 2
53 -1.82255 20.0524 1.97446 21.3629 4
54 6.55006 19.5087 -12.213 10.822 2
55 -1.82255 20.0524 1.97446 21.3629 4
56 6.55006 19.5087 -12.213 10.822 2
57 -1.82255 20.0524 1.97446 21.3629 4
58 6.55006 19.5087 -12.213 10.822 2
59 -1.82255 20.0524 1.97446 21.3629 4
60 6.55006 19.5087 -12.213 10.822 2
61 -1.82255 20.0524 1.97446 21.3629 4
62 6.55006 19.5087 -12.213 10.822 2
63 -1.82255 20.0524 1.97446 21.3629 4
64 6.55006 19.5087 -12.213 10.822 2
65 -1.82255 20.0524 1.97446 21.3629 4
66 6.55006 19.5087 -12.213 10.822 2
67 -1.82255 20.0524 1.97446 21.3629 4
68 6.55006 19.5087 -12.213 10.822 2
69 -1.82255 20.0524 1.97446 21.3629 4
70 6.55006 19.5087 -12.213 10.822 2
71 -1.82255 20.0524 1.97446 21.3629 4
72 6.55006 19.5087 -12.213 10.822 2
73 -1.82255 20.0524 1.97446 21.3629 4
74 6.55006 19.5087 -12.213 10.822 2
75 -1.82255 20.0524 1.97446 21.3629 4
76 6.55006 19.5087 -12.213 10.822 2
77 RANDOM
78 RANDOM
79 -2.24923 12.785 -6.06955 18.1073 4
80 -0.546087 13.0509 -28.2751 27.9702 4
81 0.308927 12.3692 -24.2997 24.4788 4
82 6.55006 19.5087 -12.213 10.822 2
83 -1.82255 20.0524 1.97446 21.3629 4
84 6.55006 19.5087 -12.213 10.822 2
85 -1.82255 20.0524 1.97446 21.3629 4
86 RANDOM
87 -1.82255 20.0524 1.97446 21.3629 4
88 5.30433 21.611 -19.5938 14.783 2
