0 -453.695 -10.1473 -429.647 -56.8771 2
1 -451.277 -3.78764 -442.6 -38.5677 2
2 -452.216 9.52974 -437.144 -23.953 2
3 -539.97 -18.5584 -371.22 -33.1378 2
4 RANDOM
5 -533.811 -26.3482 -352.573 -61.5436 2
6 -470.542 -16.2303 -411.074 -27.4965 2
7 -471.209 -24.4793 -379.721 -45.306 2
8 -476.186 -33.0401 -372.657 -63.3541 2
9 -493.415 -36.3921 -371.238 -70.701 2
10 RANDOM
11 -447.028 -61.8094 -343.723 -126.214 2
12 -446.047 -68.8321 -346.535 -140.562 2
13 -445.51 -71.5621 -355.199 -148.85 2
14 -417.549 -57.9832 -357.006 -136.625 2
15 -410.24 -56.2261 -422.06 -107.694 2
16 -410.353 -66.0247 -408.16 -135.616 2
17 -421.523 -69.71 -404.356 -149.832 2
18 -411.135 -60.106 -392.423 -144.298 2
19 -397.91 -53.8428 -389.844 -110.805 2
20 -397.244 -44.7459 -398.392 -102.78 2
21 -404.266 -38.6636 -398.993 -97.7826 2
22 -377.502 -36.9593 -369.254 -111.816 2
23 RANDOM
24 -269.769 -90.2503 -270.986 -243.38 2
25 -278.468 -88.3814 -278.34 -241.856 2
26 -282.266 -82.17 -254.344 -241.658 2
27 -318.766 -89.9593 -256.238 -249.146 2
28 -250.396 -112.036 -222.308 -302.619 2
29 -212.631 -119.82 -196.332 -322.854 2
30 -183.323 -109.022 -139.332 -317.905 2
31 RANDOM
32 -274.549 -76.7635 -148.921 -227.072 2
33 -265.182 -71.2559 -119.598 -220.746 2
34 -235.996 -13.6373 -43.8822 -160.581 2
35 -394.992 -34.4446 -232.299 -120.895 2
36 -370.89 -35.2093 -194.041 -133.224 2
37 -344.15 -51.7623 -156.662 -157.986 2
38 -311.072 -16.2374 -61.0276 -121.858 2
39 -264.469 -100.679 -104.354 -212.019 2
40 -252.245 -74.9705 -89.3244 -186.815 2
41 RANDOM
42 -187.007 -70.584 -30.5757 -201.14 3
43 -318.484 -132.442 -64.6542 -220.434 3
44 -265.527 -102.37 -46.3937 -211.283 3
45 -211.832 -87.896 -30.5802 -217.28 3
46 -139.623 -78.0059 13.3972 -228.884 3
47 RANDOM
48 -161.908 -92.6038 -100.687 -265.784 2
49 -142.311 -109.085 -139.447 -304.487 2
