0 -7.11236 65.3556 -3.46591 56.1318 2
1 -5.21658 64.4971 -1.666 54.8734 2
2 -3.58811 64.2429 0.210435 53.9932 2
3 1.1929 81.723 12.5747 60.9143 2
4 2.37868 75.9558 13.0356 56.3676 2
5 3.22019 70.9601 13.2722 52.2162 2
6 3.11985 60.1761 11.3172 44.0664 2
7 12.6518 71.2239 28.6008 46.8691 2
8 12.6877 67.377 27.4789 44.4669 2
9 12.1928 62.6668 25.7139 41.2947 2
10 11.1351 55.8306 22.8876 36.61 2
11 14.2571 68.6358 29.1777 45.5765 2
12 13.9919 63.0041 27.3414 41.8871 2
13 12.7429 56.978 24.5817 37.7377 2
14 10.6259 47.3186 20.2407 31.1774 2
15 9.08678 63.9905 23.4631 41.3333 2
16 8.76071 58.9548 21.7085 38.0727 2
17 8.62144 54.2742 20.2511 35.0854 2
18 RANDOM
19 9.68697 31.346 17.0873 20.7141 2
20 6.81146 20.9586 11.7786 14.7581 2
