0 -360.641 121.638 -522.112 81.0226 2
1 -353.423 121.524 -529.785 86.8741 2
2 -350.054 134.99 -521.986 97.1971 2
3 -458.858 118.831 -433.769 91.4571 2
4 -446.308 107.514 -427.624 67.5875 2
5 -441.964 117.775 -412.519 65.8194 2
6 -372.319 115.639 -477.161 89.589 2
7 -384.989 104.479 -435.825 66.4405 2
8 -390.326 87.621 -431.366 41.1563 2
9 -398.864 99.3585 -430.261 49.6041 2
10 -397.847 97.8993 -435.309 55.7232 2
11 -359.14 28.3778 -398.108 -55.6188 2
12 -353.325 19.8678 -401.701 -70.7519 2
13 -349.341 18.5963 -411.611 -74.9306 2
14 -313.864 35.1114 -410.445 -60.9838 2
15 -320.934 34.931 -483.346 -27.5397 2
16 -313.475 22.2184 -465.742 -60.568 2
17 -320.402 19.296 -457.256 -75.5214 2
18 -305.1 32.2977 -437.478 -69.8649 2
19 -301.166 44.4669 -437.666 -18.945 2
20 -296.792 53.7333 -442.196 -12.4267 2
21 -298.86 59.7992 -439.5 -8.77969 2
22 -265.765 62.4923 -403.881 -31.7328 2
23 -204.121 29.0831 -307.728 -120.125 2
24 -152.449 14.951 -288.523 -167.677 2
25 -162.216 18.3448 -299.731 -163.022 2
26 -155.459 29.9874 -270.932 -162.284 2
27 -181.462 10.9982 -258.837 -188.954 2
28 -102.013 -0.769178 -212.57 -237.626 2
29 -77.8319 0.263293 -191.671 -245.248 2
30 -38.4535 17.1922 -120.207 -246.413 2
31 -232.479 42.8583 -193.816 -112.86 2
32 -140.974 30.2433 -126.592 -165.949 2
33 -133.409 30.0921 -98.3935 -168.46 2
34 -89.1764 82.3963 -11.6393 -128.992 2
35 -292.685 72.1322 -236.105 -39.7643 2
36 -256.854 70.8365 -190.272 -61.1928 2
37 -215.988 59.576 -137.918 -88.7863 2
38 -158.992 87.454 -17.7953 -76.6112 2
39 -151.526 -9.17982 -90.4897 -156.383 2
40 -130.934 14.2057 -67.9919 -142.953 2
41 -102.411 24.8866 -50.4467 -142.24 2
42 -46.6774 42.6046 6.58917 -141.248 2
43 -93.7985 19.9923 -8.14008 -141.059 2
44 -63.4537 34.4933 2.20904 -139.546 2
45 -40.4698 46.2355 7.82062 -137.173 2
46 42.17 67.389 90.972 -138.299 3
47 22.8322 42.3341 128.128 -145.885 3
