0 -3.43674 24.8241 9.83145 25.3641 4
1 -3.43674 24.8241 9.83145 25.3641 4
2 -3.43674 24.8241 9.83145 25.3641 4
3 -3.43674 24.8241 9.83145 25.3641 4
4 -3.43674 24.8241 9.83145 25.3641 4
5 -3.43674 24.8241 9.83145 25.3641 4
6 -3.43674 24.8241 9.83145 25.3641 4
7 -3.43674 24.8241 9.83145 25.3641 4
8 -3.43674 24.8241 9.83145 25.3641 4
9 -3.43674 24.8241 9.83145 25.3641 4
10 -3.43674 24.8241 9.83145 25.3641 4
11 -3.43674 24.8241 9.83145 25.3641 4
12 -3.43674 24.8241 9.83145 25.3641 4
13 -3.43674 24.8241 9.83145 25.3641 4
14 -3.43674 24.8241 9.83145 25.3641 4
15 -3.43674 24.8241 9.83145 25.3641 4
16 -3.43674 24.8241 9.83145 25.3641 4
17 -3.43674 24.8241 9.83145 25.3641 4
18 -3.43674 24.8241 9.83145 25.3641 4
19 -3.43674 24.8241 9.83145 25.3641 4
20 -3.43674 24.8241 9.83145 25.3641 4
21 -3.43674 24.8241 9.83145 25.3641 4
22 -3.43674 24.8241 9.83145 25.3641 4
23 -3.43674 24.8241 9.83145 25.3641 4
24 -3.43674 24.8241 9.83145 25.3641 4
25 -3.43674 24.8241 9.83145 25.3641 4
26 -3.43674 24.8241 9.83145 25.3641 4
27 -3.43674 24.8241 9.83145 25.3641 4
28 -3.43674 24.8241 9.83145 25.3641 4
29 -3.43674 24.8241 9.83145 25.3641 4
30 -3.43674 24.8241 9.83145 25.3641 4
31 -3.43674 24.8241 9.83145 25.3641 4
32 -3.43674 24.8241 9.83145 25.3641 4
33 -3.43674 24.8241 9.83145 25.3641 4
34 -3.43674 24.8241 9.83145 25.3641 4
35 -3.43674 24.8241 9.83145 25.3641 4
36 -3.43674 24.8241 9.83145 25.3641 4
37 -3.43674 24.8241 9.83145 25.3641 4
38 -3.43674 24.8241 9.83145 25.3641 4
39 -3.43674 24.8241 9.83145 25.3641 4
40 -3.43674 24.8241 9.83145 25.3641 4
41 -3.43674 24.8241 9.83145 25.3641 4
42 -11.6594 26.8769 -23.5213 61.2837 4
43 -12.3622 29.5861 -23.3742 63.223 4
44 -13.9904 32.4675 -23.7233 64.6617 4
45 -16.0848 35.4063 -24.1083 65.8502 4
46 -9.84435 24.4869 -23.3781 59.0139 4
47 -9.48848 21.3222 -20.8104 53.2763 4
48 -8.59368 19.6198 -18.0135 49.43 4
49 -7.62757 18.1235 -15.0756 45.7754 4
50 -4.59592 21.7809 11.1692 21.8385 4
51 -4.59592 21.7809 11.1692 21.8385 4
