0 53.9668 435.714 -537.746 407.1 2
1 68.1087 432.09 -549.5 405.557 2
2 75.5352 442.751 -545.685 412.679 2
3 -43.3532 429.925 -414.763 404.069 2
4 -19.0185 423.188 -409.389 379.705 2
5 RANDOM
6 64.8662 417.597 -459.561 376.946 2
7 31.6358 431.844 -405.883 378.45 2
8 38.1804 425.944 -406.114 363.661 2
9 32.1995 433.17 -407.631 372.781 2
10 56.2386 466.928 -402.537 408.719 2
11 RANDOM
12 116.334 385.095 -374.832 279.591 2
13 129.507 393.561 -373.795 283.631 2
14 178.644 419.216 -353.646 296.997 2
15 128.46 400.053 -450.814 314.59 2
16 139.898 396.325 -417.799 287.57 2
17 135.508 410.122 -393.348 289.228 2
18 179.687 432.745 -342.465 290.511 2
19 144.204 436.912 -377.824 367.562 2
20 164.085 460.364 -363.851 381.377 2
21 168.173 479.167 -345.094 395.735 2
22 233.264 485.237 -285.143 357.486 2
23 278.395 469.898 -135.618 299.097 2
24 335.17 454.722 -116.091 246.865 2
25 330.854 453.943 -129.517 241.198 2
26 351.576 454.85 -107.318 215.609 2
27 344.762 429.554 -72.2715 186.391 2
28 444.57 430.029 -17.8755 138.831 1
29 474.226 404.386 -56.8779 84.9908 1
