0 -299.354 188.37 -857.162 165.664 2
1 RANDOM
2 -254.838 203.867 -874.403 179.364 2
3 -387.619 172.901 -741.586 181.838 4
4 -387.439 160.305 -940.563 201.853 4
5 -422.978 153.074 -918.945 197.378 4
6 -463.491 148.668 -899.363 196.62 4
7 RANDOM
8 RANDOM
9 RANDOM
10 -68.0926 66.2063 -1321.98 62.0599 2
11 -54.1179 137.239 -1302.1 111.766 2
12 RANDOM
13 -333.834 199.878 -840.331 177.675 2
14 -299.354 188.37 -857.162 165.664 2
15 -273.168 189.658 -874.047 167.301 2
16 -254.838 203.867 -874.403 179.364 2
17 -387.619 172.901 -741.586 181.838 4
18 -387.439 160.305 -940.563 201.853 4
19 -422.978 153.074 -918.945 197.378 4
20 -463.491 148.668 -899.363 196.62 4
21 -509.829 146.537 -867.13 198.291 4
22 90.863 200.321 -1375.29 145.321 2
23 -333.834 199.878 -840.331 177.675 2
24 -299.354 188.37 -857.162 165.664 2
25 -273.168 189.658 -874.047 167.301 2
26 -254.838 203.867 -874.403 179.364 2
27 -387.619 172.901 -741.586 181.838 4
28 -387.439 160.305 -940.563 201.853 4
29 -422.978 153.074 -918.945 197.378 4
30 -463.491 148.668 -899.363 196.62 4
31 -509.829 146.537 -867.13 198.291 4
32 90.863 200.321 -1375.29 145.321 2
33 -333.834 199.878 -840.331 177.675 2
34 -299.354 188.37 -857.162 165.664 2
35 -273.168 189.658 -874.047 167.301 2
36 -254.838 203.867 -874.403 179.364 2
37 -387.619 172.901 -741.586 181.838 4
38 -387.439 160.305 -940.563 201.853 4
39 -422.978 153.074 -918.945 197.378 4
40 -482.806 130.03 -871.924 176.813 4
41 -530.517 128.22 -843.264 177.264 4
42 72.02 176.243 -1366.15 115.172 2
43 -341.397 179.723 -821.031 157.74 2
44 -307.12 163.759 -833.851 141.783 2
45 -281.818 164.468 -846.758 142.944 2
46 -265.756 172.992 -846.108 148.0 2
47 -393.14 149.538 -722.743 159.13 4
48 -405.708 138.031 -916.184 177.788 4
49 -442.26 131.32 -893.868 173.63 4
50 -482.806 130.03 -871.924 176.813 4
51 -530.517 128.22 -843.264 177.264 4
52 RANDOM
53 6.44724 116.621 -1354.3 73.5652 2
54 -51.4505 150.699 -1296.88 125.696 2
55 -341.397 179.723 -821.031 157.74 2
56 -307.12 163.759 -833.851 141.783 2
57 -281.818 164.468 -846.758 142.944 2
58 -265.756 172.992 -846.108 148.0 2
59 -393.14 149.538 -722.743 159.13 4
60 -405.708 138.031 -916.184 177.788 4
61 -442.26 131.32 -893.868 173.63 4
62 -482.806 130.03 -871.924 176.813 4
63 -530.517 128.22 -843.264 177.264 4
64 72.02 176.243 -1366.15 115.172 2
65 -341.397 179.723 -821.031 157.74 2
66 RANDOM
67 -281.818 164.468 -846.758 142.944 2
68 -265.756 172.992 -846.108 148.0 2
69 -393.14 149.538 -722.743 159.13 4
70 -405.708 138.031 -916.184 177.788 4
71 -442.26 131.32 -893.868 173.63 4
72 -482.806 130.03 -871.924 176.813 4
73 -530.517 128.22 -843.264 177.264 4
74 72.02 176.243 -1366.15 115.172 2
75 -341.397 179.723 -821.031 157.74 2
76 -307.12 163.759 -833.851 141.783 2
77 -281.818 164.468 -846.758 142.944 2
78 -265.756 172.992 -846.108 148.0 2
79 -393.14 149.538 -722.743 159.13 4
80 -405.708 138.031 -916.184 177.788 4
81 -442.26 131.32 -893.868 173.63 4
82 -482.806 130.03 -871.924 176.813 4
83 -530.517 128.22 -843.264 177.264 4
84 72.02 176.243 -1366.15 115.172 2
85 RANDOM
86 -307.12 163.759 -833.851 141.783 2
87 -281.818 164.468 -846.758 142.944 2
88 -265.756 172.992 -846.108 148.0 2
89 -393.14 149.538 -722.743 159.13 4
90 -405.708 138.031 -916.184 177.788 4
91 -442.26 131.32 -893.868 173.63 4
92 -482.806 130.03 -871.924 176.813 4
93 -530.517 128.22 -843.264 177.264 4
94 72.02 176.243 -1366.15 115.172 2
95 -341.397 179.723 -821.031 157.74 2
96 -307.12 163.759 -833.851 141.783 2
97 -281.818 164.468 -846.758 142.944 2
98 -265.756 172.992 -846.108 148.0 2
99 -393.14 149.538 -722.743 159.13 4
100 -397.446 141.097 -924.943 185.282 4
101 -434.211 132.795 -902.07 179.624 4
102 -475.461 130.966 -879.405 182.036 4
103 -524.352 125.724 -850.56 178.225 4
104 79.1223 173.226 -1382.88 116.036 2
105 -332.783 180.987 -843.799 162.67 2
106 -301.079 165.255 -856.347 146.656 2
107 -278.544 164.933 -867.72 147.009 2
108 -260.505 180.311 -868.226 161.987 2
109 -378.954 160.246 -761.661 172.272 4
110 -397.446 141.097 -924.943 185.282 4
111 -434.211 132.795 -902.07 179.624 4
112 -475.461 130.966 -879.405 182.036 4
113 -524.352 125.724 -850.56 178.225 4
114 79.1223 173.226 -1382.88 116.036 2
115 -332.783 180.987 -843.799 162.67 2
116 -301.079 165.255 -856.347 146.656 2
117 -278.544 164.933 -867.72 147.009 2
118 -260.505 180.311 -868.226 161.987 2
119 -378.954 160.246 -761.661 172.272 4
120 -397.446 141.097 -924.943 185.282 4
121 -434.211 132.795 -902.07 179.624 4
122 -475.461 130.966 -879.405 182.036 4
123 -524.352 125.724 -850.56 178.225 4
124 79.1223 173.226 -1382.88 116.036 2
125 -332.783 180.987 -843.799 162.67 2
126 -301.079 165.255 -856.347 146.656 2
127 -278.544 164.933 -867.72 147.009 2
128 -260.505 180.311 -868.226 161.987 2
129 -378.954 160.246 -761.661 172.272 4
130 -397.446 141.097 -924.943 185.282 4
131 -434.211 132.795 -902.07 179.624 4
132 -475.461 130.966 -879.405 182.036 4
133 -524.352 125.724 -850.56 178.225 4
134 79.1223 173.226 -1382.88 116.036 2
135 -332.783 180.987 -843.799 162.67 2
136 -301.079 165.255 -856.347 146.656 2
137 -278.544 164.933 -867.72 147.009 2
138 -260.505 180.311 -868.226 161.987 2
139 -378.954 160.246 -761.661 172.272 4
140 -397.446 141.097 -924.943 185.282 4
141 -434.211 132.795 -902.07 179.624 4
142 -475.461 130.966 -879.405 182.036 4
143 RANDOM
144 79.1223 173.226 -1382.88 116.036 2
145 -332.783 180.987 -843.799 162.67 2
146 -301.079 165.255 -856.347 146.656 2
147 -278.544 164.933 -867.72 147.009 2
148 -260.505 180.311 -868.226 161.987 2
149 -378.954 160.246 -761.661 172.272 4
150 -397.446 141.097 -924.943 185.282 4
151 -434.211 132.795 -902.07 179.624 4
152 -475.461 130.966 -879.405 182.036 4
153 -524.352 125.724 -850.56 178.225 4
154 79.1223 173.226 -1382.88 116.036 2
155 -332.783 180.987 -843.799 162.67 2
156 -301.079 165.255 -856.347 146.656 2
157 -278.544 164.933 -867.72 147.009 2
158 -260.505 180.311 -868.226 161.987 2
159 -378.954 160.246 -761.661 172.272 4
160 -397.446 141.097 -924.943 185.282 4
161 -434.211 132.795 -902.07 179.624 4
162 -475.461 130.966 -879.405 182.036 4
163 -524.352 125.724 -850.56 178.225 4
164 79.1223 173.226 -1382.88 116.036 2
165 -332.783 180.987 -843.799 162.67 2
166 -301.079 165.255 -856.347 146.656 2
167 -278.544 164.933 -867.72 147.009 2
168 -260.505 180.311 -868.226 161.987 2
169 -378.954 160.246 -761.661 172.272 4
170 -397.446 141.097 -924.943 185.282 4
171 -434.211 132.795 -902.07 179.624 4
172 RANDOM
173 -524.352 125.724 -850.56 178.225 4
174 79.1223 173.226 -1382.88 116.036 2
175 -332.783 180.987 -843.799 162.67 2
176 -301.079 165.255 -856.347 146.656 2
177 -278.544 164.933 -867.72 147.009 2
178 -260.505 180.311 -868.226 161.987 2
179 -378.954 160.246 -761.661 172.272 4
180 -397.446 141.097 -924.943 185.282 4
181 -434.211 132.795 -902.07 179.624 4
182 -475.461 130.966 -879.405 182.036 4
183 -524.352 125.724 -850.56 178.225 4
184 79.1223 173.226 -1382.88 116.036 2
185 -332.783 180.987 -843.799 162.67 2
186 -301.079 165.255 -856.347 146.656 2
187 -278.544 164.933 -867.72 147.009 2
188 -260.505 180.311 -868.226 161.987 2
189 RANDOM
190 -348.415 147.3 -750.984 142.472 2
191 -339.593 155.835 -727.809 136.168 2
192 -257.937 150.712 -755.794 136.469 2
193 -336.635 180.448 -696.816 188.075 4
194 RANDOM
195 -369.444 110.752 -802.39 146.555 4
196 -405.638 129.324 -809.659 184.346 4
197 -455.837 156.777 -809.883 236.085 4
198 -345.474 101.755 -954.336 139.106 4
199 -383.398 111.4 -929.88 152.218 4
200 -427.222 110.378 -905.016 153.878 4
201 -486.417 100.865 -868.459 140.574 4
202 134.067 163.336 -1399.2 91.1785 2
203 -285.715 144.572 -861.669 115.387 2
204 -251.179 126.935 -872.639 98.168 2
205 -226.967 130.894 -881.958 104.001 2
206 -202.546 146.694 -880.162 121.769 2
207 -299.7 118.589 -823.304 131.508 4
208 -345.474 101.755 -954.336 139.106 4
209 -383.398 111.4 -929.88 152.218 4
210 -427.222 110.378 -905.016 153.878 4
211 -486.417 100.865 -868.459 140.574 4
212 134.067 163.336 -1399.2 91.1785 2
213 RANDOM
214 -251.179 126.935 -872.639 98.168 2
215 -226.967 130.894 -881.958 104.001 2
216 RANDOM
217 -299.7 118.589 -823.304 131.508 4
218 RANDOM
219 -383.398 111.4 -929.88 152.218 4
220 -427.222 110.378 -905.016 153.878 4
221 -486.417 100.865 -868.459 140.574 4
222 RANDOM
223 60.0022 95.5867 -1376.48 49.9564 2
224 21.5998 165.617 -1334.76 147.272 2
225 -285.715 144.572 -861.669 115.387 2
226 -251.179 126.935 -872.639 98.168 2
227 -226.967 130.894 -881.958 104.001 2
228 -202.546 146.694 -880.162 121.769 2
229 -299.7 118.589 -823.304 131.508 4
230 RANDOM
231 -383.398 111.4 -929.88 152.218 4
232 -427.222 110.378 -905.016 153.878 4
233 -486.417 100.865 -868.459 140.574 4
234 134.067 163.336 -1399.2 91.1785 2
235 -285.715 144.572 -861.669 115.387 2
236 -251.179 126.935 -872.639 98.168 2
237 -226.967 130.894 -881.958 104.001 2
238 RANDOM
239 -299.7 118.589 -823.304 131.508 4
240 -345.474 101.755 -954.336 139.106 4
241 -383.398 111.4 -929.88 152.218 4
242 -427.222 110.378 -905.016 153.878 4
243 -486.417 100.865 -868.459 140.574 4
244 134.067 163.336 -1399.2 91.1785 2
245 -285.715 144.572 -861.669 115.387 2
246 -251.179 126.935 -872.639 98.168 2
247 -226.967 130.894 -881.958 104.001 2
248 -202.546 146.694 -880.162 121.769 2
249 -299.7 118.589 -823.304 131.508 4
250 -345.474 101.755 -954.336 139.106 4
251 RANDOM
252 -427.222 110.378 -905.016 153.878 4
253 -486.417 100.865 -868.459 140.574 4
254 134.067 163.336 -1399.2 91.1785 2
255 -285.715 144.572 -861.669 115.387 2
256 -251.179 126.935 -872.639 98.168 2
257 -226.967 130.894 -881.958 104.001 2
258 -202.546 146.694 -880.162 121.769 2
259 -299.7 118.589 -823.304 131.508 4
260 -345.474 101.755 -954.336 139.106 4
261 -383.398 111.4 -929.88 152.218 4
262 -427.222 110.378 -905.016 153.878 4
263 -486.417 100.865 -868.459 140.574 4
264 134.067 163.336 -1399.2 91.1785 2
265 -285.715 144.572 -861.669 115.387 2
266 -251.179 126.935 -872.639 98.168 2
267 -226.967 130.894 -881.958 104.001 2
268 -202.546 146.694 -880.162 121.769 2
269 -299.7 118.589 -823.304 131.508 4
270 -345.474 101.755 -954.336 139.106 4
271 -383.398 111.4 -929.88 152.218 4
272 -427.222 110.378 -905.016 153.878 4
273 -486.417 100.865 -868.459 140.574 4
274 134.067 163.336 -1399.2 91.1785 2
275 -285.715 144.572 -861.669 115.387 2
276 -251.179 126.935 -872.639 98.168 2
277 -226.967 130.894 -881.958 104.001 2
278 -202.546 146.694 -880.162 121.769 2
279 -299.7 118.589 -823.304 131.508 4
280 -345.474 101.755 -954.336 139.106 4
281 -383.398 111.4 -929.88 152.218 4
282 -427.222 110.378 -905.016 153.878 4
283 -486.417 100.865 -868.459 140.574 4
284 134.067 163.336 -1399.2 91.1785 2
285 -285.715 144.572 -861.669 115.387 2
286 -251.179 126.935 -872.639 98.168 2
287 -226.967 130.894 -881.958 104.001 2
288 -202.546 146.694 -880.162 121.769 2
289 -299.7 118.589 -823.304 131.508 4
290 RANDOM
291 -383.398 111.4 -929.88 152.218 4
292 -427.222 110.378 -905.016 153.878 4
293 -486.417 100.865 -868.459 140.574 4
294 134.067 163.336 -1399.2 91.1785 2
295 -285.715 144.572 -861.669 115.387 2
296 -251.179 126.935 -872.639 98.168 2
297 -226.967 130.894 -881.958 104.001 2
298 -202.546 146.694 -880.162 121.769 2
299 -299.7 118.589 -823.304 131.508 4
300 -345.474 101.755 -954.336 139.106 4
301 -383.398 111.4 -929.88 152.218 4
302 -427.222 110.378 -905.016 153.878 4
303 -486.417 100.865 -868.459 140.574 4
304 134.067 163.336 -1399.2 91.1785 2
305 -285.715 144.572 -861.669 115.387 2
306 -251.179 126.935 -872.639 98.168 2
307 -226.967 130.894 -881.958 104.001 2
308 -202.546 146.694 -880.162 121.769 2
309 -299.7 118.589 -823.304 131.508 4
310 RANDOM
311 -383.398 111.4 -929.88 152.218 4
312 -427.222 110.378 -905.016 153.878 4
313 RANDOM
314 134.067 163.336 -1399.2 91.1785 2
315 -285.715 144.572 -861.669 115.387 2
316 -251.179 126.935 -872.639 98.168 2
317 -226.967 130.894 -881.958 104.001 2
318 -202.546 146.694 -880.162 121.769 2
319 -299.7 118.589 -823.304 131.508 4
320 -345.474 101.755 -954.336 139.106 4
321 -383.398 111.4 -929.88 152.218 4
322 -427.222 110.378 -905.016 153.878 4
323 -486.417 100.865 -868.459 140.574 4
324 134.067 163.336 -1399.2 91.1785 2
325 -285.715 144.572 -861.669 115.387 2
326 -251.179 126.935 -872.639 98.168 2
327 -226.967 130.894 -881.958 104.001 2
328 -202.546 146.694 -880.162 121.769 2
329 -299.7 118.589 -823.304 131.508 4
330 -345.474 101.755 -954.336 139.106 4
331 -383.398 111.4 -929.88 152.218 4
332 -427.222 110.378 -905.016 153.878 4
333 RANDOM
334 134.067 163.336 -1399.2 91.1785 2
335 -285.715 144.572 -861.669 115.387 2
336 -251.179 126.935 -872.639 98.168 2
337 -226.967 130.894 -881.958 104.001 2
338 -202.546 146.694 -880.162 121.769 2
339 -299.7 118.589 -823.304 131.508 4
340 -345.474 101.755 -954.336 139.106 4
341 -383.398 111.4 -929.88 152.218 4
342 -427.222 110.378 -905.016 153.878 4
343 -486.417 100.865 -868.459 140.574 4
344 134.067 163.336 -1399.2 91.1785 2
345 -285.715 144.572 -861.669 115.387 2
346 -251.179 126.935 -872.639 98.168 2
347 -226.967 130.894 -881.958 104.001 2
348 -202.546 146.694 -880.162 121.769 2
349 -299.7 118.589 -823.304 131.508 4
350 -345.474 101.755 -954.336 139.106 4
351 -383.398 111.4 -929.88 152.218 4
352 -427.222 110.378 -905.016 153.878 4
353 -486.417 100.865 -868.459 140.574 4
354 134.067 163.336 -1399.2 91.1785 2
355 -285.715 144.572 -861.669 115.387 2
356 -251.179 126.935 -872.639 98.168 2
357 RANDOM
358 -202.546 146.694 -880.162 121.769 2
359 -299.7 118.589 -823.304 131.508 4
360 -345.474 101.755 -954.336 139.106 4
361 -383.398 111.4 -929.88 152.218 4
362 -427.222 110.378 -905.016 153.878 4
363 -486.417 100.865 -868.459 140.574 4
364 134.067 163.336 -1399.2 91.1785 2
365 -285.715 144.572 -861.669 115.387 2
366 -251.179 126.935 -872.639 98.168 2
367 -226.967 130.894 -881.958 104.001 2
368 -202.546 146.694 -880.162 121.769 2
369 -299.7 118.589 -823.304 131.508 4
370 -345.474 101.755 -954.336 139.106 4
371 -383.398 111.4 -929.88 152.218 4
372 -427.222 110.378 -905.016 153.878 4
373 -486.417 100.865 -868.459 140.574 4
374 134.067 163.336 -1399.2 91.1785 2
375 -285.715 144.572 -861.669 115.387 2
376 -251.179 126.935 -872.639 98.168 2
377 -226.967 130.894 -881.958 104.001 2
378 -202.546 146.694 -880.162 121.769 2
379 -299.7 118.589 -823.304 131.508 4
380 -345.474 101.755 -954.336 139.106 4
381 -383.398 111.4 -929.88 152.218 4
382 -427.222 110.378 -905.016 153.878 4
383 -486.417 100.865 -868.459 140.574 4
384 134.067 163.336 -1399.2 91.1785 2
385 -285.715 144.572 -861.669 115.387 2
386 -251.179 126.935 -872.639 98.168 2
387 RANDOM
388 -202.546 146.694 -880.162 121.769 2
389 -299.7 118.589 -823.304 131.508 4
390 -345.474 101.755 -954.336 139.106 4
391 -383.398 111.4 -929.88 152.218 4
392 -427.222 110.378 -905.016 153.878 4
393 -486.417 100.865 -868.459 140.574 4
394 134.067 163.336 -1399.2 91.1785 2
395 -285.715 144.572 -861.669 115.387 2
396 -251.179 126.935 -872.639 98.168 2
397 -226.967 130.894 -881.958 104.001 2
398 -202.546 146.694 -880.162 121.769 2
399 -299.7 118.589 -823.304 131.508 4
400 -345.474 101.755 -954.336 139.106 4
401 -383.398 111.4 -929.88 152.218 4
402 -427.222 110.378 -905.016 153.878 4
403 -486.417 100.865 -868.459 140.574 4
404 134.067 163.336 -1399.2 91.1785 2
405 -285.715 144.572 -861.669 115.387 2
406 -251.179 126.935 -872.639 98.168 2
407 -226.967 130.894 -881.958 104.001 2
408 RANDOM
409 -299.7 118.589 -823.304 131.508 4
410 -345.474 101.755 -954.336 139.106 4
411 -383.398 111.4 -929.88 152.218 4
412 -427.222 110.378 -905.016 153.878 4
413 -486.417 100.865 -868.459 140.574 4
414 134.067 163.336 -1399.2 91.1785 2
415 -285.715 144.572 -861.669 115.387 2
416 -251.179 126.935 -872.639 98.168 2
417 -226.967 130.894 -881.958 104.001 2
418 -202.546 146.694 -880.162 121.769 2
419 -299.7 118.589 -823.304 131.508 4
420 -345.474 101.755 -954.336 139.106 4
421 -383.398 111.4 -929.88 152.218 4
422 -427.222 110.378 -905.016 153.878 4
423 -486.417 100.865 -868.459 140.574 4
424 134.067 163.336 -1399.2 91.1785 2
425 -285.715 144.572 -861.669 115.387 2
426 -251.179 126.935 -872.639 98.168 2
427 -226.967 130.894 -881.958 104.001 2
428 -202.546 146.694 -880.162 121.769 2
429 -299.7 118.589 -823.304 131.508 4
430 -345.474 101.755 -954.336 139.106 4
431 -383.398 111.4 -929.88 152.218 4
432 -427.222 110.378 -905.016 153.878 4
433 -486.417 100.865 -868.459 140.574 4
434 134.067 163.336 -1399.2 91.1785 2
435 -285.715 144.572 -861.669 115.387 2
436 -251.179 126.935 -872.639 98.168 2
437 -226.967 130.894 -881.958 104.001 2
438 -202.546 146.694 -880.162 121.769 2
439 -299.7 118.589 -823.304 131.508 4
440 -345.474 101.755 -954.336 139.106 4
441 -383.398 111.4 -929.88 152.218 4
442 -427.222 110.378 -905.016 153.878 4
443 -486.417 100.865 -868.459 140.574 4
444 134.067 163.336 -1399.2 91.1785 2
445 -285.715 144.572 -861.669 115.387 2
446 -251.179 126.935 -872.639 98.168 2
447 -226.967 130.894 -881.958 104.001 2
448 -202.546 146.694 -880.162 121.769 2
449 -299.7 118.589 -823.304 131.508 4
450 -345.474 101.755 -954.336 139.106 4
451 -383.398 111.4 -929.88 152.218 4
452 -427.222 110.378 -905.016 153.878 4
453 RANDOM
454 134.067 163.336 -1399.2 91.1785 2
455 -285.715 144.572 -861.669 115.387 2
456 -251.179 126.935 -872.639 98.168 2
457 -226.967 130.894 -881.958 104.001 2
458 -202.546 146.694 -880.162 121.769 2
459 -299.7 118.589 -823.304 131.508 4
460 -345.474 101.755 -954.336 139.106 4
461 -383.398 111.4 -929.88 152.218 4
462 -427.222 110.378 -905.016 153.878 4
463 -486.417 100.865 -868.459 140.574 4
464 134.067 163.336 -1399.2 91.1785 2
465 -285.715 144.572 -861.669 115.387 2
466 -251.179 126.935 -872.639 98.168 2
467 -226.967 130.894 -881.958 104.001 2
468 -202.546 146.694 -880.162 121.769 2
469 RANDOM
470 -262.668 95.8796 -820.694 93.3196 2
471 -248.519 105.305 -798.252 90.9893 2
472 -257.937 150.712 -755.794 136.469 2
473 -336.635 180.448 -696.816 188.075 4
474 -333.866 98.9734 -784.125 119.726 4
475 -369.444 110.752 -802.39 146.555 4
476 -405.638 129.324 -809.659 184.346 4
477 -455.837 156.777 -809.883 236.085 4
478 -345.474 101.755 -954.336 139.106 4
479 -383.398 111.4 -929.88 152.218 4
480 -427.222 110.378 -905.016 153.878 4
481 -486.417 100.865 -868.459 140.574 4
482 134.067 163.336 -1399.2 91.1785 2
483 -285.715 144.572 -861.669 115.387 2
484 -251.179 126.935 -872.639 98.168 2
485 -226.967 130.894 -881.958 104.001 2
486 -202.546 146.694 -880.162 121.769 2
487 -299.7 118.589 -823.304 131.508 4
488 -345.474 101.755 -954.336 139.106 4
489 -383.398 111.4 -929.88 152.218 4
490 -427.222 110.378 -905.016 153.878 4
491 -486.417 100.865 -868.459 140.574 4
492 134.067 163.336 -1399.2 91.1785 2
493 -285.715 144.572 -861.669 115.387 2
494 -251.179 126.935 -872.639 98.168 2
495 -226.967 130.894 -881.958 104.001 2
496 -202.546 146.694 -880.162 121.769 2
497 -299.7 118.589 -823.304 131.508 4
498 -345.474 101.755 -954.336 139.106 4
499 -383.398 111.4 -929.88 152.218 4
500 -427.222 110.378 -905.016 153.878 4
501 -486.417 100.865 -868.459 140.574 4
502 134.067 163.336 -1399.2 91.1785 2
503 -285.715 144.572 -861.669 115.387 2
504 -251.179 126.935 -872.639 98.168 2
505 -226.967 130.894 -881.958 104.001 2
506 -202.546 146.694 -880.162 121.769 2
507 -299.7 118.589 -823.304 131.508 4
508 -345.474 101.755 -954.336 139.106 4
509 -383.398 111.4 -929.88 152.218 4
510 -427.222 110.378 -905.016 153.878 4
511 -486.417 100.865 -868.459 140.574 4
512 134.067 163.336 -1399.2 91.1785 2
513 -285.715 144.572 -861.669 115.387 2
514 -251.179 126.935 -872.639 98.168 2
515 -226.967 130.894 -881.958 104.001 2
516 -202.546 146.694 -880.162 121.769 2
517 -299.7 118.589 -823.304 131.508 4
518 -345.474 101.755 -954.336 139.106 4
519 -383.398 111.4 -929.88 152.218 4
520 -427.222 110.378 -905.016 153.878 4
521 -486.417 100.865 -868.459 140.574 4
522 134.067 163.336 -1399.2 91.1785 2
523 -285.715 144.572 -861.669 115.387 2
524 -251.179 126.935 -872.639 98.168 2
525 -226.967 130.894 -881.958 104.001 2
526 -202.546 146.694 -880.162 121.769 2
527 -299.7 118.589 -823.304 131.508 4
528 -345.474 101.755 -954.336 139.106 4
529 -383.398 111.4 -929.88 152.218 4
530 -427.222 110.378 -905.016 153.878 4
531 -486.417 100.865 -868.459 140.574 4
532 RANDOM
533 RANDOM
534 -23.3028 20.9963 -1341.29 6.90215 2
535 -1.32278 119.218 -1331.39 90.5484 2
536 21.5998 165.617 -1334.76 147.272 2
537 -285.715 144.572 -861.669 115.387 2
538 -251.179 126.935 -872.639 98.168 2
539 -226.967 130.894 -881.958 104.001 2
540 -202.546 146.694 -880.162 121.769 2
541 -299.7 118.589 -823.304 131.508 4
542 -345.474 101.755 -954.336 139.106 4
543 -383.398 111.4 -929.88 152.218 4
544 -427.222 110.378 -905.016 153.878 4
545 -486.417 100.865 -868.459 140.574 4
546 134.067 163.336 -1399.2 91.1785 2
547 -285.715 144.572 -861.669 115.387 2
548 -251.179 126.935 -872.639 98.168 2
549 -226.967 130.894 -881.958 104.001 2
550 -202.546 146.694 -880.162 121.769 2
551 -299.7 118.589 -823.304 131.508 4
552 -345.474 101.755 -954.336 139.106 4
553 -383.398 111.4 -929.88 152.218 4
554 -427.222 110.378 -905.016 153.878 4
555 -486.417 100.865 -868.459 140.574 4
556 134.067 163.336 -1399.2 91.1785 2
557 -285.715 144.572 -861.669 115.387 2
558 RANDOM
559 -226.967 130.894 -881.958 104.001 2
560 -202.546 146.694 -880.162 121.769 2
561 -299.7 118.589 -823.304 131.508 4
562 -345.474 101.755 -954.336 139.106 4
563 -383.398 111.4 -929.88 152.218 4
564 -427.222 110.378 -905.016 153.878 4
565 RANDOM
566 134.067 163.336 -1399.2 91.1785 2
567 -285.715 144.572 -861.669 115.387 2
568 -251.179 126.935 -872.639 98.168 2
569 -226.967 130.894 -881.958 104.001 2
570 -202.546 146.694 -880.162 121.769 2
571 -299.7 118.589 -823.304 131.508 4
572 -345.474 101.755 -954.336 139.106 4
573 -383.398 111.4 -929.88 152.218 4
574 -427.222 110.378 -905.016 153.878 4
575 -486.417 100.865 -868.459 140.574 4
576 134.067 163.336 -1399.2 91.1785 2
577 -285.715 144.572 -861.669 115.387 2
578 -251.179 126.935 -872.639 98.168 2
579 -226.967 130.894 -881.958 104.001 2
580 -202.546 146.694 -880.162 121.769 2
581 -299.7 118.589 -823.304 131.508 4
582 -345.474 101.755 -954.336 139.106 4
583 -383.398 111.4 -929.88 152.218 4
584 -427.222 110.378 -905.016 153.878 4
585 -486.417 100.865 -868.459 140.574 4
586 134.067 163.336 -1399.2 91.1785 2
587 -285.715 144.572 -861.669 115.387 2
588 -251.179 126.935 -872.639 98.168 2
589 -226.967 130.894 -881.958 104.001 2
590 -202.546 146.694 -880.162 121.769 2
591 -299.7 118.589 -823.304 131.508 4
592 -345.474 101.755 -954.336 139.106 4
593 -383.398 111.4 -929.88 152.218 4
594 -427.222 110.378 -905.016 153.878 4
595 -486.417 100.865 -868.459 140.574 4
596 134.067 163.336 -1399.2 91.1785 2
597 -285.715 144.572 -861.669 115.387 2
598 -251.179 126.935 -872.639 98.168 2
599 -226.967 130.894 -881.958 104.001 2
600 -202.546 146.694 -880.162 121.769 2
601 -299.7 118.589 -823.304 131.508 4
602 -345.474 101.755 -954.336 139.106 4
603 -383.398 111.4 -929.88 152.218 4
604 -427.222 110.378 -905.016 153.878 4
605 -486.417 100.865 -868.459 140.574 4
606 134.067 163.336 -1399.2 91.1785 2
607 -285.715 144.572 -861.669 115.387 2
608 -251.179 126.935 -872.639 98.168 2
609 -226.967 130.894 -881.958 104.001 2
610 -202.546 146.694 -880.162 121.769 2
611 -299.7 118.589 -823.304 131.508 4
612 -345.474 101.755 -954.336 139.106 4
613 -383.398 111.4 -929.88 152.218 4
614 -427.222 110.378 -905.016 153.878 4
615 -486.417 100.865 -868.459 140.574 4
616 134.067 163.336 -1399.2 91.1785 2
617 -285.715 144.572 -861.669 115.387 2
618 -251.179 126.935 -872.639 98.168 2
619 -226.967 130.894 -881.958 104.001 2
620 -202.546 146.694 -880.162 121.769 2
621 -299.7 118.589 -823.304 131.508 4
622 -345.474 101.755 -954.336 139.106 4
623 -383.398 111.4 -929.88 152.218 4
624 -427.222 110.378 -905.016 153.878 4
625 -486.417 100.865 -868.459 140.574 4
626 134.067 163.336 -1399.2 91.1785 2
627 -285.715 144.572 -861.669 115.387 2
628 -251.179 126.935 -872.639 98.168 2
629 -226.967 130.894 -881.958 104.001 2
630 -202.546 146.694 -880.162 121.769 2
631 -299.7 118.589 -823.304 131.508 4
632 -345.474 101.755 -954.336 139.106 4
633 -383.398 111.4 -929.88 152.218 4
634 -427.222 110.378 -905.016 153.878 4
635 -486.417 100.865 -868.459 140.574 4
636 134.067 163.336 -1399.2 91.1785 2
637 -285.715 144.572 -861.669 115.387 2
638 -251.179 126.935 -872.639 98.168 2
639 -226.967 130.894 -881.958 104.001 2
640 -202.546 146.694 -880.162 121.769 2
641 RANDOM
642 -262.668 95.8796 -820.694 93.3196 2
643 -248.519 105.305 -798.252 90.9893 2
644 -257.937 150.712 -755.794 136.469 2
645 -336.635 180.448 -696.816 188.075 4
646 RANDOM
647 -289.77 207.722 -713.453 198.353 2
648 -296.15 142.888 -737.966 127.603 2
