0 206.149 425.469 -660.398 334.898 2
1 232.924 416.999 -691.388 327.094 2
2 249.204 430.203 -706.868 337.938 2
3 176.295 433.941 -510.889 393.899 2
4 214.147 410.315 -514.884 353.434 2
5 225.835 429.311 -493.319 356.966 2
6 314.765 409.221 -545.327 341.79 2
7 245.836 484.318 -442.347 469.278 2
8 272.301 486.901 -424.697 458.577 2
9 286.407 505.64 -407.358 473.366 2
10 364.53 567.126 -346.805 536.371 2
11 391.622 449.864 -370.412 387.219 2
12 416.413 450.754 -359.706 373.239 2
13 435.426 465.92 -348.443 377.703 2
14 555.217 552.275 -246.786 457.27 1
15 510.834 554.374 -238.813 448.221 2
