0 56.6699 59.6036 56.9178 61.3253 4
1 58.2291 60.4602 52.9199 64.7747 4
2 60.5036 63.3029 56.8131 66.3658 4
3 60.7836 63.5291 56.7045 66.8859 4
4 61.1875 63.87 56.6575 67.5551 4
5 61.7338 64.3342 56.6227 68.4729 4
6 60.2146 62.9525 56.9122 66.0139 4
7 60.7686 63.4426 56.9221 66.9459 4
8 61.4783 64.0796 56.9828 68.1264 4
9 62.3896 64.9025 57.1336 69.6613 4
10 65.3756 68.3258 60.671 73.9762 4
11 66.5987 69.5395 61.386 75.7731 4
12 68.1586 71.0948 62.3267 78.077 4
13 70.3803 73.3119 63.647 81.3871 4
14 RANDOM
15 67.662 70.6824 62.3497 77.4552 4
16 68.7892 71.8067 62.9726 79.1531 4
17 70.4353 73.4454 63.9073 81.6137 4
18 64.0691 67.2067 60.7818 72.7083 4
19 65.0947 68.2513 61.3966 74.2795 4
20 66.6137 69.794 62.3142 76.571 4
21 68.8157 72.0145 63.6462 79.8616 4
22 66.4465 69.6339 62.201 76.2046 4
23 67.5885 70.7727 62.8742 77.9033 4
24 69.1241 72.3089 63.7975 80.1776 4
25 71.7084 74.9014 65.4678 83.9926 4
26 60.8836 64.7325 59.3001 69.1724 4
27 61.5481 65.4886 59.7249 70.2977 4
28 62.4696 66.5262 60.381 71.7896 4
29 64.2605 68.4895 61.8361 74.4787 4
30 63.2604 67.7225 61.6571 73.1901 4
31 64.9867 69.6736 63.2005 75.7703 4
32 67.5537 72.5339 65.4818 79.5647 4
33 71.0468 76.4839 68.599 84.7069 4
34 RANDOM
35 RANDOM
36 69.2232 75.9331 68.2682 83.4973 4
37 73.6036 81.0159 72.183 89.8408 4
38 64.9681 71.0903 64.6126 77.3399 4
39 66.718 73.1887 66.1063 80.0306 4
40 70.1783 77.1504 69.2953 84.8322 4
41 74.6615 82.3199 73.3636 91.1547 4
42 66.0667 75.3334 66.7828 83.7127 4
43 68.4565 78.2075 68.8308 87.1744 4
44 72.6056 83.072 72.486 92.9132 4
45 78.9919 90.3209 78.0768 101.245 4
46 74.0893 85.6726 74.6718 95.6286 4
47 76.9387 88.8496 76.8941 99.2569 4
48 82.4455 94.9471 81.4768 106.158 4
49 RANDOM
50 98.3523 113.304 97.1675 126.626 4
51 RANDOM
