0 -15.6979 35.6306 27.3483 37.9464 4
1 -15.6979 35.6306 27.3483 37.9464 4
2 -15.6979 35.6306 27.3483 37.9464 4
3 -15.6979 35.6306 27.3483 37.9464 4
4 -15.6979 35.6306 27.3483 37.9464 4
5 -15.6979 35.6306 27.3483 37.9464 4
6 -15.6979 35.6306 27.3483 37.9464 4
7 -15.6979 35.6306 27.3483 37.9464 4
8 -15.6979 35.6306 27.3483 37.9464 4
9 -15.6979 35.6306 27.3483 37.9464 4
10 -15.6979 35.6306 27.3483 37.9464 4
11 -15.6979 35.6306 27.3483 37.9464 4
12 -15.6979 35.6306 27.3483 37.9464 4
13 -15.6979 35.6306 27.3483 37.9464 4
14 -15.6979 35.6306 27.3483 37.9464 4
15 -15.6979 35.6306 27.3483 37.9464 4
16 -15.6979 35.6306 27.3483 37.9464 4
17 -15.6979 35.6306 27.3483 37.9464 4
18 -15.6979 35.6306 27.3483 37.9464 4
19 -15.6979 35.6306 27.3483 37.9464 4
20 -15.6979 35.6306 27.3483 37.9464 4
21 -15.6979 35.6306 27.3483 37.9464 4
22 -15.6979 35.6306 27.3483 37.9464 4
23 -15.6979 35.6306 27.3483 37.9464 4
24 -15.6979 35.6306 27.3483 37.9464 4
25 -15.6979 35.6306 27.3483 37.9464 4
26 -15.6979 35.6306 27.3483 37.9464 4
27 -15.6979 35.6306 27.3483 37.9464 4
28 -15.6979 35.6306 27.3483 37.9464 4
29 -15.6979 35.6306 27.3483 37.9464 4
30 -15.6979 35.6306 27.3483 37.9464 4
31 -15.6979 35.6306 27.3483 37.9464 4
32 -15.6979 35.6306 27.3483 37.9464 4
33 -15.6979 35.6306 27.3483 37.9464 4
34 -15.6979 35.6306 27.3483 37.9464 4
35 RANDOM
36 -15.6979 35.6306 27.3483 37.9464 4
37 -15.6979 35.6306 27.3483 37.9464 4
38 -15.6979 35.6306 27.3483 37.9464 4
39 -15.6979 35.6306 27.3483 37.9464 4
40 -15.6979 35.6306 27.3483 37.9464 4
41 -15.6979 35.6306 27.3483 37.9464 4
42 -13.5391 25.983 -56.9044 26.1974 4
43 -10.3109 26.7151 -62.9896 26.8392 4
44 -8.96934 25.1624 -69.5628 23.8787 2
45 -15.0993 13.8966 -31.1614 15.1075 4
46 -8.96934 25.1624 -69.5628 23.8787 2
47 -15.0993 13.8966 -31.1614 15.1075 4
48 -8.96934 25.1624 -69.5628 23.8787 2
49 -15.0993 13.8966 -31.1614 15.1075 4
50 -8.96934 25.1624 -69.5628 23.8787 2
51 -15.0993 13.8966 -31.1614 15.1075 4
52 -8.96934 25.1624 -69.5628 23.8787 2
53 -15.0993 13.8966 -31.1614 15.1075 4
54 -8.96934 25.1624 -69.5628 23.8787 2
55 -15.0993 13.8966 -31.1614 15.1075 4
56 -8.96934 25.1624 -69.5628 23.8787 2
57 -15.0993 13.8966 -31.1614 15.1075 4
58 -8.96934 25.1624 -69.5628 23.8787 2
59 -15.0993 13.8966 -31.1614 15.1075 4
60 -8.96934 25.1624 -69.5628 23.8787 2
61 -15.0993 13.8966 -31.1614 15.1075 4
62 -8.96934 25.1624 -69.5628 23.8787 2
63 -15.0993 13.8966 -31.1614 15.1075 4
64 -8.96934 25.1624 -69.5628 23.8787 2
65 -15.0993 13.8966 -31.1614 15.1075 4
66 -8.96934 25.1624 -69.5628 23.8787 2
67 -15.0993 13.8966 -31.1614 15.1075 4
68 -8.96934 25.1624 -69.5628 23.8787 2
69 -15.0993 13.8966 -31.1614 15.1075 4
70 -8.96934 25.1624 -69.5628 23.8787 2
71 -15.0993 13.8966 -31.1614 15.1075 4
72 -8.96934 25.1624 -69.5628 23.8787 2
73 -15.0993 13.8966 -31.1614 15.1075 4
74 -8.96934 25.1624 -69.5628 23.8787 2
75 -15.0993 13.8966 -31.1614 15.1075 4
76 -8.96934 25.1624 -69.5628 23.8787 2
77 -15.0993 13.8966 -31.1614 15.1075 4
78 -8.96934 25.1624 -69.5628 23.8787 2
79 -15.0993 13.8966 -31.1614 15.1075 4
80 -8.96934 25.1624 -69.5628 23.8787 2
81 -15.0993 13.8966 -31.1614 15.1075 4
82 -8.96934 25.1624 -69.5628 23.8787 2
83 RANDOM
84 -15.2237 11.5295 -28.0856 12.5187 4
85 -10.3109 26.7151 -62.9896 26.8392 4
86 RANDOM
87 -8.01131 21.7423 -77.2769 17.9007 2
88 -15.0551 16.4282 -34.7091 17.7973 4
89 -8.01131 21.7423 -77.2769 17.9007 2
90 RANDOM
91 -15.0993 13.8966 -31.1614 15.1075 4
92 -8.96934 25.1624 -69.5628 23.8787 2
93 -15.0993 13.8966 -31.1614 15.1075 4
94 -8.96934 25.1624 -69.5628 23.8787 2
95 -15.0993 13.8966 -31.1614 15.1075 4
96 -8.96934 25.1624 -69.5628 23.8787 2
97 -15.0993 13.8966 -31.1614 15.1075 4
98 -8.96934 25.1624 -69.5628 23.8787 2
99 -15.0993 13.8966 -31.1614 15.1075 4
100 -8.96934 25.1624 -69.5628 23.8787 2
101 -15.0993 13.8966 -31.1614 15.1075 4
102 -8.96934 25.1624 -69.5628 23.8787 2
103 RANDOM
104 -15.2237 11.5295 -28.0856 12.5187 4
105 -10.3109 26.7151 -62.9896 26.8392 4
106 -8.96934 25.1624 -69.5628 23.8787 2
107 -15.0993 13.8966 -31.1614 15.1075 4
108 -8.96934 25.1624 -69.5628 23.8787 2
109 -15.0993 13.8966 -31.1614 15.1075 4
110 -8.96934 25.1624 -69.5628 23.8787 2
111 -15.0993 13.8966 -31.1614 15.1075 4
112 -8.96934 25.1624 -69.5628 23.8787 2
113 -15.0993 13.8966 -31.1614 15.1075 4
114 RANDOM
115 -8.01131 21.7423 -77.2769 17.9007 2
116 -15.0551 16.4282 -34.7091 17.7973 4
117 -8.01131 21.7423 -77.2769 17.9007 2
118 -15.0551 16.4282 -34.7091 17.7973 4
119 -8.01131 21.7423 -77.2769 17.9007 2
120 -15.0551 16.4282 -34.7091 17.7973 4
121 -8.01131 21.7423 -77.2769 17.9007 2
122 -15.0551 16.4282 -34.7091 17.7973 4
123 -8.01131 21.7423 -77.2769 17.9007 2
124 -15.0551 16.4282 -34.7091 17.7973 4
125 -8.01131 21.7423 -77.2769 17.9007 2
126 -15.0551 16.4282 -34.7091 17.7973 4
127 -8.01131 21.7423 -77.2769 17.9007 2
128 -15.0551 16.4282 -34.7091 17.7973 4
129 -8.01131 21.7423 -77.2769 17.9007 2
130 -15.0551 16.4282 -34.7091 17.7973 4
131 RANDOM
132 -18.053 16.7307 -43.6372 15.5286 2
133 -19.0136 9.49531 -35.7338 6.90637 2
134 -18.2805 8.05406 -31.8107 6.15673 2
135 -17.776 6.35003 -27.977 4.8595 2
136 -17.7148 4.48731 -25.0993 2.95984 2
137 -15.6979 35.6306 27.3483 37.9464 4
138 -11.1598 17.1248 -59.1012 13.6921 2
139 -15.6979 35.6306 27.3483 37.9464 4
140 -11.1598 17.1248 -59.1012 13.6921 2
141 -15.6979 35.6306 27.3483 37.9464 4
142 -11.1598 17.1248 -59.1012 13.6921 2
143 -15.6979 35.6306 27.3483 37.9464 4
144 -11.1598 17.1248 -59.1012 13.6921 2
145 -15.6979 35.6306 27.3483 37.9464 4
146 -11.1598 17.1248 -59.1012 13.6921 2
147 -15.6979 35.6306 27.3483 37.9464 4
148 -11.1598 17.1248 -59.1012 13.6921 2
149 -15.6979 35.6306 27.3483 37.9464 4
150 -11.1598 17.1248 -59.1012 13.6921 2
151 -15.6979 35.6306 27.3483 37.9464 4
152 -11.1598 17.1248 -59.1012 13.6921 2
153 -15.6979 35.6306 27.3483 37.9464 4
154 -11.1598 17.1248 -59.1012 13.6921 2
155 -15.6979 35.6306 27.3483 37.9464 4
156 -11.1598 17.1248 -59.1012 13.6921 2
157 -15.6979 35.6306 27.3483 37.9464 4
158 -11.1598 17.1248 -59.1012 13.6921 2
159 -15.6979 35.6306 27.3483 37.9464 4
160 -11.1598 17.1248 -59.1012 13.6921 2
161 -15.6979 35.6306 27.3483 37.9464 4
162 -11.1598 17.1248 -59.1012 13.6921 2
163 RANDOM
164 -15.6979 35.6306 27.3483 37.9464 4
165 -15.6979 35.6306 27.3483 37.9464 4
166 -11.1598 17.1248 -59.1012 13.6921 2
167 -15.6979 35.6306 27.3483 37.9464 4
168 -11.1598 17.1248 -59.1012 13.6921 2
169 -15.6979 35.6306 27.3483 37.9464 4
170 -11.1598 17.1248 -59.1012 13.6921 2
171 -15.6979 35.6306 27.3483 37.9464 4
172 -11.1598 17.1248 -59.1012 13.6921 2
173 -15.6979 35.6306 27.3483 37.9464 4
174 -11.1598 17.1248 -59.1012 13.6921 2
175 -15.6979 35.6306 27.3483 37.9464 4
176 -11.1598 17.1248 -59.1012 13.6921 2
177 -15.6979 35.6306 27.3483 37.9464 4
178 -11.1598 17.1248 -59.1012 13.6921 2
179 -15.6979 35.6306 27.3483 37.9464 4
180 -11.1598 17.1248 -59.1012 13.6921 2
181 RANDOM
182 -15.6979 35.6306 27.3483 37.9464 4
183 -15.6979 35.6306 27.3483 37.9464 4
184 -11.1598 17.1248 -59.1012 13.6921 2
185 -15.6979 35.6306 27.3483 37.9464 4
186 RANDOM
187 -17.8815 -9.44556 -25.9794 -19.983 2
188 -21.5802 -5.91572 -8.79823 -12.1658 2
