0 83.7655 85.0907 83.5347 87.7543 4
1 85.7658 85.5263 76.5001 92.6703 4
2 89.5692 89.6951 81.9015 95.887 4
3 89.9553 90.0479 81.8564 96.6477 4
4 90.5125 90.5733 81.902 97.6806 4
5 RANDOM
6 89.0011 89.1874 81.8837 95.4373 4
7 89.5903 89.6407 81.6367 96.5204 4
8 90.4 90.408 81.7821 97.9962 4
9 91.5267 91.4726 82.0532 100.013 4
10 93.356 93.2758 84.6299 102.234 4
11 94.8588 94.7539 85.5702 104.438 4
12 96.9176 96.7657 86.8404 107.507 4
13 99.5659 99.3393 88.4757 111.491 4
14 RANDOM
15 97.2405 97.076 87.4499 107.482 4
16 98.7241 98.5397 88.3494 109.696 4
17 100.819 100.594 89.6621 112.863 4
18 93.5262 93.2843 85.9174 101.914 4
19 94.9954 94.7485 86.8032 104.148 4
20 97.0021 96.7278 88.0509 107.119 4
21 99.9781 99.6552 89.9837 111.489 4
22 95.4559 95.2021 87.0644 104.653 4
23 96.9187 96.6368 87.9879 106.761 4
24 99.0596 98.7462 89.3879 109.844 4
25 102.354 101.995 91.6775 114.561 4
26 95.5521 96.5563 89.2205 104.628 4
27 96.7616 97.869 90.102 106.465 4
28 98.5259 99.754 91.3927 109.11 4
29 101.365 102.739 93.5339 113.135 4
30 101.827 103.73 95.3059 112.891 4
31 104.64 106.728 97.5092 116.787 4
32 108.716 111.007 100.656 122.316 4
33 114.413 116.923 105.017 129.892 4
34 103.765 107.511 99.0947 115.958 4
35 106.976 111.102 101.757 120.357 4
36 111.733 116.326 105.722 126.783 4
37 118.28 123.304 111.036 135.447 4
38 104.965 109.015 100.112 117.62 4
39 107.837 112.226 102.57 121.458 4
40 112.937 117.753 107.093 127.868 4
41 119.703 124.918 112.746 136.448 4
42 107.117 114.09 103.463 124.289 4
43 110.91 118.333 106.706 129.332 4
44 116.98 125.037 111.838 137.112 4
45 125.744 134.526 119.226 148.066 4
46 116.864 126.375 113.362 139.063 4
47 120.491 130.427 116.309 143.747 4
48 RANDOM
49 137.91 149.265 130.874 165.456 4
50 138.097 151.22 133.323 168.776 4
51 138.097 151.22 133.323 168.776 4
