0 4078.81 4363.05 4194.41 4581.23 4
1 3921.01 4230.39 4110.91 4134.67 2
2 4078.81 4363.05 4194.41 4581.23 4
3 3921.01 4230.39 4110.91 4134.67 2
4 4078.81 4363.05 4194.41 4581.23 4
5 3921.01 4230.39 4110.91 4134.67 2
6 4078.81 4363.05 4194.41 4581.23 4
7 3921.01 4230.39 4110.91 4134.67 2
8 4078.81 4363.05 4194.41 4581.23 4
9 3921.01 4230.39 4110.91 4134.67 2
10 4078.81 4363.05 4194.41 4581.23 4
11 3921.01 4230.39 4110.91 4134.67 2
12 4078.81 4363.05 4194.41 4581.23 4
13 3921.01 4230.39 4110.91 4134.67 2
14 4078.81 4363.05 4194.41 4581.23 4
15 3921.01 4230.39 4110.91 4134.67 2
16 4078.81 4363.05 4194.41 4581.23 4
17 3921.01 4230.39 4110.91 4134.67 2
18 4078.81 4363.05 4194.41 4581.23 4
19 3921.01 4230.39 4110.91 4134.67 2
20 4078.81 4363.05 4194.41 4581.23 4
21 3921.01 4230.39 4110.91 4134.67 2
22 4078.81 4363.05 4194.41 4581.23 4
23 3921.01 4230.39 4110.91 4134.67 2
24 4078.81 4363.05 4194.41 4581.23 4
25 3921.01 4230.39 4110.91 4134.67 2
26 4078.81 4363.05 4194.41 4581.23 4
27 3921.01 4230.39 4110.91 4134.67 2
28 4078.81 4363.05 4194.41 4581.23 4
29 3921.01 4230.39 4110.91 4134.67 2
30 4078.81 4363.05 4194.41 4581.23 4
31 RANDOM
32 4985.06 6061.42 5452.65 6252.77 4
33 RANDOM
34 4509.82 5507.23 4985.26 5521.58 4
35 4301.86 5235.91 4773.33 5167.59 2
36 4490.73 5296.72 4844.15 5519.02 4
37 4301.86 5235.91 4773.33 5167.59 2
38 4490.73 5296.72 4844.15 5519.02 4
39 4301.86 5235.91 4773.33 5167.59 2
40 4572.26 5392.87 4925.03 5642.46 4
41 4381.24 5341.24 4857.39 5294.48 2
42 4572.26 5392.87 4925.03 5642.46 4
43 4381.24 5341.24 4857.39 5294.48 2
44 RANDOM
45 4817.73 5711.09 5186.03 6098.88 4
46 4596.16 5617.82 5075.1 5656.97 4
47 4381.24 5341.24 4857.39 5294.48 2
48 RANDOM
49 4817.73 5711.09 5186.03 6098.88 4
50 RANDOM
51 4381.24 5341.24 4857.39 5294.48 2
52 4572.26 5392.87 4925.03 5642.46 4
53 4381.24 5341.24 4857.39 5294.48 2
54 4572.26 5392.87 4925.03 5642.46 4
55 4381.24 5341.24 4857.39 5294.48 2
56 4572.26 5392.87 4925.03 5642.46 4
57 4381.24 5341.24 4857.39 5294.48 2
58 RANDOM
59 4817.73 5711.09 5186.03 6098.88 4
60 4596.16 5617.82 5075.1 5656.97 4
61 4381.24 5341.24 4857.39 5294.48 2
62 4572.26 5392.87 4925.03 5642.46 4
63 4381.24 5341.24 4857.39 5294.48 2
64 4572.26 5392.87 4925.03 5642.46 4
65 4381.24 5341.24 4857.39 5294.48 2
66 4572.26 5392.87 4925.03 5642.46 4
67 4381.24 5341.24 4857.39 5294.48 2
68 4572.26 5392.87 4925.03 5642.46 4
69 4381.24 5341.24 4857.39 5294.48 2
70 4572.26 5392.87 4925.03 5642.46 4
71 RANDOM
72 4465.33 5471.44 4918.61 5578.95 4
73 4211.85 5127.28 4657.37 5142.28 4
74 RANDOM
75 3830.34 4607.68 4266.63 4479.2 2
76 4035.88 4729.58 4360.38 4811.27 4
77 3830.34 4607.68 4266.63 4479.2 2
78 4035.88 4729.58 4360.38 4811.27 4
79 3830.34 4607.68 4266.63 4479.2 2
80 RANDOM
81 4290.96 5095.74 4646.59 5292.36 4
82 3984.1 4823.65 4428.2 4751.52 2
83 4290.96 5095.74 4646.59 5292.36 4
84 3984.1 4823.65 4428.2 4751.52 2
85 4290.96 5095.74 4646.59 5292.36 4
86 3984.1 4823.65 4428.2 4751.52 2
87 4290.96 5095.74 4646.59 5292.36 4
88 3984.1 4823.65 4428.2 4751.52 2
89 4290.96 5095.74 4646.59 5292.36 4
90 3984.1 4823.65 4428.2 4751.52 2
91 4290.96 5095.74 4646.59 5292.36 4
92 3984.1 4823.65 4428.2 4751.52 2
93 4290.96 5095.74 4646.59 5292.36 4
94 3984.1 4823.65 4428.2 4751.52 2
95 4290.96 5095.74 4646.59 5292.36 4
96 3984.1 4823.65 4428.2 4751.52 2
97 4290.96 5095.74 4646.59 5292.36 4
98 3984.1 4823.65 4428.2 4751.52 2
99 4290.96 5095.74 4646.59 5292.36 4
100 3936.5 4772.83 4383.89 4690.83 2
101 4240.38 5039.98 4596.25 5229.4 4
102 3936.5 4772.83 4383.89 4690.83 2
103 4240.38 5039.98 4596.25 5229.4 4
104 3936.5 4772.83 4383.89 4690.83 2
105 4240.38 5039.98 4596.25 5229.4 4
106 3936.5 4772.83 4383.89 4690.83 2
107 RANDOM
108 4485.45 5377.57 4869.28 5695.57 4
109 RANDOM
110 3936.5 4772.83 4383.89 4690.83 2
111 4240.38 5039.98 4596.25 5229.4 4
112 3936.5 4772.83 4383.89 4690.83 2
113 4240.38 5039.98 4596.25 5229.4 4
114 3936.5 4772.83 4383.89 4690.83 2
115 4240.38 5039.98 4596.25 5229.4 4
116 3936.5 4772.83 4383.89 4690.83 2
117 4240.38 5039.98 4596.25 5229.4 4
118 3936.5 4772.83 4383.89 4690.83 2
119 4240.38 5039.98 4596.25 5229.4 4
120 3936.5 4772.83 4383.89 4690.83 2
121 4240.38 5039.98 4596.25 5229.4 4
122 3936.5 4772.83 4383.89 4690.83 2
123 4240.38 5039.98 4596.25 5229.4 4
124 RANDOM
125 3789.58 4559.85 4224.93 4426.54 2
126 3983.63 4677.32 4313.27 4747.73 4
127 3789.58 4559.85 4224.93 4426.54 2
128 3983.63 4677.32 4313.27 4747.73 4
129 3789.58 4559.85 4224.93 4426.54 2
130 3983.63 4677.32 4313.27 4747.73 4
131 3789.58 4559.85 4224.93 4426.54 2
132 3983.63 4677.32 4313.27 4747.73 4
133 3789.58 4559.85 4224.93 4426.54 2
134 3983.63 4677.32 4313.27 4747.73 4
135 3789.58 4559.85 4224.93 4426.54 2
136 3983.63 4677.32 4313.27 4747.73 4
137 3789.58 4559.85 4224.93 4426.54 2
138 3983.63 4677.32 4313.27 4747.73 4
139 3789.58 4559.85 4224.93 4426.54 2
140 3983.63 4677.32 4313.27 4747.73 4
141 3789.58 4559.85 4224.93 4426.54 2
142 RANDOM
143 4240.38 5039.98 4596.25 5229.4 4
144 3936.5 4772.83 4383.89 4690.83 2
145 4240.38 5039.98 4596.25 5229.4 4
146 3936.5 4772.83 4383.89 4690.83 2
147 4240.38 5039.98 4596.25 5229.4 4
148 3936.5 4772.83 4383.89 4690.83 2
149 4240.38 5039.98 4596.25 5229.4 4
150 3936.5 4772.83 4383.89 4690.83 2
151 4240.38 5039.98 4596.25 5229.4 4
152 3936.5 4772.83 4383.89 4690.83 2
153 4240.38 5039.98 4596.25 5229.4 4
154 3936.5 4772.83 4383.89 4690.83 2
155 4240.38 5039.98 4596.25 5229.4 4
156 3936.5 4772.83 4383.89 4690.83 2
157 4240.38 5039.98 4596.25 5229.4 4
158 3936.5 4772.83 4383.89 4690.83 2
159 4240.38 5039.98 4596.25 5229.4 4
160 3936.5 4772.83 4383.89 4690.83 2
161 4240.38 5039.98 4596.25 5229.4 4
162 3936.5 4772.83 4383.89 4690.83 2
163 RANDOM
164 4485.45 5377.57 4869.28 5695.57 4
165 4157.63 5066.64 4605.8 5069.2 4
166 3936.5 4772.83 4383.89 4690.83 2
167 4240.38 5039.98 4596.25 5229.4 4
168 3936.5 4772.83 4383.89 4690.83 2
169 4240.38 5039.98 4596.25 5229.4 4
170 3936.5 4772.83 4383.89 4690.83 2
171 4240.38 5039.98 4596.25 5229.4 4
172 3936.5 4772.83 4383.89 4690.83 2
173 RANDOM
174 RANDOM
175 4555.7 5444.94 4933.15 5885.56 4
176 4506.22 5599.91 5000.57 5713.12 4
