0 70.1251 70.4773 64.7907 79.9645 4
1 71.5518 71.7149 56.8252 92.7836 4
2 85.7156 84.5668 72.9484 105.888 4
3 RANDOM
4 86.5984 85.6949 72.6046 108.672 4
5 87.1175 86.398 72.2038 110.475 4
6 92.6502 91.2597 81.1071 111.256 4
7 92.7924 91.4115 80.6193 112.299 4
8 92.6192 91.2638 79.6545 113.192 4
9 92.371 91.0763 78.47 114.184 4
10 104.017 102.457 93.0619 121.621 4
11 104.219 102.656 92.599 122.777 4
12 104.11 102.584 91.6719 123.823 4
13 103.886 102.415 90.4656 124.998 4
14 116.33 113.867 106.38 132.895 4
15 116.612 114.155 106.079 133.957 4
16 116.972 114.524 105.735 135.274 4
17 117.134 114.737 105.119 136.679 4
18 127.212 122.482 118.779 137.806 4
19 126.658 122.129 117.812 138.463 4
20 125.909 121.64 116.494 139.289 4
21 125.437 121.414 115.335 140.629 4
22 126.294 122.088 117.089 139.273 4
23 126.131 122.039 116.448 140.225 4
24 125.73 121.806 115.455 141.258 4
25 125.847 122.01 114.903 142.809 4
26 111.378 106.804 104.528 115.629 4
27 111.139 106.806 104.079 115.978 4
28 111.168 107.108 103.797 116.825 4
29 111.474 107.713 103.743 118.136 4
30 99.3131 96.6502 93.7802 101.362 4
31 100.208 97.7719 94.3501 102.729 4
32 101.479 99.3021 95.2191 104.686 4
33 103.31 101.385 96.5305 107.327 4
34 87.2029 85.2656 82.7681 83.3199 1
35 130.068 122.397 125.593 126.585 1
