0 RANDOM
1 753.545 1537.85 -696.565 1447.85 2
2 782.239 1554.01 -698.709 1478.72 2
3 534.603 1594.73 -440.08 1455.43 2
4 591.0 1542.44 -459.654 1405.92 2
5 611.693 1554.06 -437.216 1421.68 2
6 762.145 1457.92 -496.038 1363.06 2
7 RANDOM
8 568.449 1433.95 -291.77 1272.85 2
9 560.256 1438.04 -260.445 1264.36 2
10 612.158 1353.3 -200.306 1174.43 2
11 632.21 1383.49 -233.85 1215.11 2
12 647.39 1390.31 -198.535 1201.6 2
13 658.757 1397.21 -172.612 1188.93 2
14 788.096 1360.03 -43.9336 1112.13 2
15 648.738 1456.61 -275.289 1261.05 2
16 654.685 1462.95 -168.607 1237.04 2
17 RANDOM
18 733.904 1479.98 23.5937 1204.68 2
19 751.575 1516.86 -200.885 1498.73 2
20 758.729 1491.43 -136.135 1422.33 2
21 773.675 1490.87 -41.8111 1374.61 2
22 930.911 1437.81 184.022 1210.49 2
23 764.843 1636.68 264.151 1590.57 2
24 848.404 1608.33 370.673 1457.72 2
25 866.346 1594.49 377.99 1398.33 2
26 901.921 1530.88 442.396 1268.29 2
27 891.042 1545.22 439.711 1415.2 2
28 986.276 1547.18 554.816 1306.33 2
29 1028.81 1532.72 632.628 1220.64 2
30 1167.24 1538.66 906.847 1189.79 2
31 792.824 1499.13 597.655 1420.16 2
32 935.06 1505.24 810.459 1296.65 2
33 1032.79 1559.74 991.874 1331.28 2
34 1199.51 1629.14 1274.5 1372.96 2
35 809.256 1607.46 667.091 1601.24 2
36 856.904 1572.34 846.081 1480.79 2
37 931.241 1621.57 1018.82 1482.7 2
38 1117.82 1694.7 1358.53 1535.85 2
39 RANDOM
40 1016.39 1748.02 1176.92 1618.95 2
41 1099.65 1767.24 1252.97 1606.81 2
42 1262.3 1809.03 1443.14 1610.27 2
43 RANDOM
44 1179.0 1775.66 1407.92 1628.11 2
45 1246.59 1805.88 1444.25 1624.51 2
46 1427.22 1862.35 1649.32 1656.87 2
47 1303.73 1897.21 1225.24 1630.35 2
48 1228.15 1850.89 1127.97 1570.02 2
49 1153.2 1819.31 1036.23 1536.27 2
50 1119.12 1799.1 1003.24 1513.05 2
51 1119.12 1799.1 1003.24 1513.05 2
