0 -258.692 174.058 -277.968 198.928 4
1 RANDOM
2 -53.9156 232.313 -388.854 242.779 4
3 -84.2608 205.771 -398.407 227.927 4
4 -114.81 186.668 -400.768 218.641 4
5 -133.582 181.843 -397.057 219.825 4
6 -150.884 173.102 -456.079 216.909 4
7 -189.961 157.776 -432.9 197.692 4
8 -224.505 152.467 -400.64 188.404 4
9 -239.923 156.088 -372.487 189.053 4
10 -130.192 226.187 -376.143 248.505 4
11 -231.859 184.387 -282.206 220.789 4
12 -309.476 172.947 -188.76 208.31 4
13 -374.679 163.808 -97.527 194.076 4
14 -157.245 257.724 -304.631 266.34 4
15 -185.782 256.482 -250.128 247.794 2
16 -81.2745 291.661 -300.041 300.255 4
17 -185.782 256.482 -250.128 247.794 2
18 -81.2745 291.661 -300.041 300.255 4
19 -185.782 256.482 -250.128 247.794 2
20 -81.2745 291.661 -300.041 300.255 4
21 -185.782 256.482 -250.128 247.794 2
22 -81.2745 291.661 -300.041 300.255 4
23 -185.782 256.482 -250.128 247.794 2
24 -81.2745 291.661 -300.041 300.255 4
25 -185.782 256.482 -250.128 247.794 2
26 -81.2745 291.661 -300.041 300.255 4
27 -185.782 256.482 -250.128 247.794 2
28 -81.2745 291.661 -300.041 300.255 4
29 -185.782 256.482 -250.128 247.794 2
30 -81.2745 291.661 -300.041 300.255 4
31 -185.782 256.482 -250.128 247.794 2
32 -81.2745 291.661 -300.041 300.255 4
33 -185.782 256.482 -250.128 247.794 2
34 -81.2745 291.661 -300.041 300.255 4
35 -185.782 256.482 -250.128 247.794 2
36 -81.2745 291.661 -300.041 300.255 4
37 -185.782 256.482 -250.128 247.794 2
38 -81.2745 291.661 -300.041 300.255 4
39 -185.782 256.482 -250.128 247.794 2
40 -85.2893 279.402 -301.564 286.906 4
41 -190.724 241.28 -251.926 231.105 2
42 -85.2893 279.402 -301.564 286.906 4
43 -190.724 241.28 -251.926 231.105 2
44 -85.2893 279.402 -301.564 286.906 4
45 -190.724 241.28 -251.926 231.105 2
46 -85.2893 279.402 -301.564 286.906 4
47 -190.724 241.28 -251.926 231.105 2
48 -85.2893 279.402 -301.564 286.906 4
49 -190.724 241.28 -251.926 231.105 2
50 -85.2893 279.402 -301.564 286.906 4
51 -190.724 241.28 -251.926 231.105 2
52 -85.2893 279.402 -301.564 286.906 4
53 -190.724 241.28 -251.926 231.105 2
54 RANDOM
55 -194.132 226.973 -131.535 171.234 2
56 -148.793 257.553 -217.925 241.774 2
57 -95.2336 268.007 -309.645 279.791 4
58 -246.547 185.112 -194.591 183.098 2
59 -95.2336 268.007 -309.645 279.791 4
60 -246.547 185.112 -194.591 183.098 2
61 -95.2336 268.007 -309.645 279.791 4
62 -246.547 185.112 -194.591 183.098 2
63 RANDOM
64 -19.3124 312.013 -394.718 329.698 4
65 RANDOM
66 -246.547 185.112 -194.591 183.098 2
67 -95.2336 268.007 -309.645 279.791 4
68 -246.547 185.112 -194.591 183.098 2
69 -95.2336 268.007 -309.645 279.791 4
70 -246.547 185.112 -194.591 183.098 2
71 -95.2336 268.007 -309.645 279.791 4
72 -246.547 185.112 -194.591 183.098 2
73 -95.2336 268.007 -309.645 279.791 4
74 -246.547 185.112 -194.591 183.098 2
75 -95.2336 268.007 -309.645 279.791 4
76 -246.547 185.112 -194.591 183.098 2
77 -95.2336 268.007 -309.645 279.791 4
78 -246.547 185.112 -194.591 183.098 2
79 -95.2336 268.007 -309.645 279.791 4
80 -246.547 185.112 -194.591 183.098 2
81 -95.2336 268.007 -309.645 279.791 4
82 -246.547 185.112 -194.591 183.098 2
83 -95.2336 268.007 -309.645 279.791 4
84 -246.547 185.112 -194.591 183.098 2
85 -95.2336 268.007 -309.645 279.791 4
86 -246.547 185.112 -194.591 183.098 2
87 -95.2336 268.007 -309.645 279.791 4
88 -246.547 185.112 -194.591 183.098 2
89 -95.2336 268.007 -309.645 279.791 4
90 -246.547 185.112 -194.591 183.098 2
91 -95.2336 268.007 -309.645 279.791 4
92 -246.547 185.112 -194.591 183.098 2
93 -95.2336 268.007 -309.645 279.791 4
94 -246.547 185.112 -194.591 183.098 2
95 RANDOM
96 -19.3124 312.013 -394.718 329.698 4
97 -140.416 241.924 -279.875 238.557 2
98 -19.3124 312.013 -394.718 329.698 4
99 -140.416 241.924 -279.875 238.557 2
100 -0.664293 309.941 -413.954 330.188 4
101 -122.462 243.967 -295.933 245.394 4
102 -222.465 205.83 -204.608 220.257 4
103 -281.366 200.71 -116.516 211.837 4
104 -137.221 257.834 -321.777 266.309 4
105 -164.463 265.131 -265.015 266.295 4
106 -213.185 267.829 -190.596 269.313 4
107 -235.021 260.506 -121.258 252.154 2
108 -95.5542 303.6 -202.329 287.666 2
109 -68.6366 301.434 -267.272 295.654 2
110 -62.2086 290.485 -317.8 299.445 4
111 -164.463 265.131 -265.015 266.295 4
112 -213.185 267.829 -190.596 269.313 4
113 -235.021 260.506 -121.258 252.154 2
114 RANDOM
115 -68.6366 301.434 -267.272 295.654 2
116 -62.2086 290.485 -317.8 299.445 4
117 -164.463 265.131 -265.015 266.295 4
118 RANDOM
119 -235.021 260.506 -121.258 252.154 2
120 -95.5542 303.6 -202.329 287.666 2
121 -68.6366 301.434 -267.272 295.654 2
122 -62.2086 290.485 -317.8 299.445 4
123 -164.463 265.131 -265.015 266.295 4
124 -213.185 267.829 -190.596 269.313 4
125 -235.021 260.506 -121.258 252.154 2
126 -95.5542 303.6 -202.329 287.666 2
127 -68.6366 301.434 -267.272 295.654 2
128 -62.2086 290.485 -317.8 299.445 4
129 -164.463 265.131 -265.015 266.295 4
130 -213.185 267.829 -190.596 269.313 4
131 -235.021 260.506 -121.258 252.154 2
132 -95.5542 303.6 -202.329 287.666 2
133 -68.6366 301.434 -267.272 295.654 2
134 -62.2086 290.485 -317.8 299.445 4
135 -164.463 265.131 -265.015 266.295 4
136 -213.185 267.829 -190.596 269.313 4
137 -235.021 260.506 -121.258 252.154 2
138 -95.5542 303.6 -202.329 287.666 2
139 -68.6366 301.434 -267.272 295.654 2
140 -62.2086 290.485 -317.8 299.445 4
141 -164.463 265.131 -265.015 266.295 4
142 -213.185 267.829 -190.596 269.313 4
143 -235.021 260.506 -121.258 252.154 2
144 -95.5542 303.6 -202.329 287.666 2
145 -68.6366 301.434 -267.272 295.654 2
146 -62.2086 290.485 -317.8 299.445 4
147 -164.463 265.131 -265.015 266.295 4
148 -213.185 267.829 -190.596 269.313 4
149 -235.021 260.506 -121.258 252.154 2
150 -95.5542 303.6 -202.329 287.666 2
151 -68.6366 301.434 -267.272 295.654 2
152 -62.2086 290.485 -317.8 299.445 4
153 -164.463 265.131 -265.015 266.295 4
154 -213.185 267.829 -190.596 269.313 4
155 -235.021 260.506 -121.258 252.154 2
156 -95.5542 303.6 -202.329 287.666 2
157 -68.6366 301.434 -267.272 295.654 2
158 -62.2086 290.485 -317.8 299.445 4
159 RANDOM
160 -213.185 267.829 -190.596 269.313 4
161 -235.021 260.506 -121.258 252.154 2
162 -95.5542 303.6 -202.329 287.666 2
163 -68.6366 301.434 -267.272 295.654 2
164 -62.2086 290.485 -317.8 299.445 4
165 -164.463 265.131 -265.015 266.295 4
166 RANDOM
167 -235.021 260.506 -121.258 252.154 2
168 -95.5542 303.6 -202.329 287.666 2
169 -68.6366 301.434 -267.272 295.654 2
170 -62.2086 290.485 -317.8 299.445 4
171 -164.463 265.131 -265.015 266.295 4
172 -213.185 267.829 -190.596 269.313 4
173 -235.021 260.506 -121.258 252.154 2
174 -95.5542 303.6 -202.329 287.666 2
175 -68.6366 301.434 -267.272 295.654 2
176 -62.2086 290.485 -317.8 299.445 4
177 -164.463 265.131 -265.015 266.295 4
178 RANDOM
179 -235.021 260.506 -121.258 252.154 2
180 -95.5542 303.6 -202.329 287.666 2
181 -68.6366 301.434 -267.272 295.654 2
182 -62.2086 290.485 -317.8 299.445 4
183 -164.463 265.131 -265.015 266.295 4
184 -213.185 267.829 -190.596 269.313 4
185 -235.021 260.506 -121.258 252.154 2
186 -95.5542 303.6 -202.329 287.666 2
187 -68.6366 301.434 -267.272 295.654 2
188 -62.2086 290.485 -317.8 299.445 4
189 -164.463 265.131 -265.015 266.295 4
190 -213.185 267.829 -190.596 269.313 4
191 -235.021 260.506 -121.258 252.154 2
192 -95.5542 303.6 -202.329 287.666 2
193 -68.6366 301.434 -267.272 295.654 2
194 -62.2086 290.485 -317.8 299.445 4
195 -164.463 265.131 -265.015 266.295 4
196 -213.185 267.829 -190.596 269.313 4
197 -235.021 260.506 -121.258 252.154 2
198 -95.5542 303.6 -202.329 287.666 2
199 -68.6366 301.434 -267.272 295.654 2
200 -62.2086 290.485 -317.8 299.445 4
201 -164.463 265.131 -265.015 266.295 4
202 -213.185 267.829 -190.596 269.313 4
203 -235.021 260.506 -121.258 252.154 2
204 -95.5542 303.6 -202.329 287.666 2
205 -68.6366 301.434 -267.272 295.654 2
206 -62.2086 290.485 -317.8 299.445 4
207 -164.463 265.131 -265.015 266.295 4
208 -213.185 267.829 -190.596 269.313 4
209 -235.021 260.506 -121.258 252.154 2
210 -95.5542 303.6 -202.329 287.666 2
211 -68.6366 301.434 -267.272 295.654 2
212 -62.2086 290.485 -317.8 299.445 4
213 -164.463 265.131 -265.015 266.295 4
214 -213.185 267.829 -190.596 269.313 4
215 -235.021 260.506 -121.258 252.154 2
216 -95.5542 303.6 -202.329 287.666 2
217 -68.6366 301.434 -267.272 295.654 2
218 -62.2086 290.485 -317.8 299.445 4
219 -164.463 265.131 -265.015 266.295 4
220 -213.185 267.829 -190.596 269.313 4
221 -235.021 260.506 -121.258 252.154 2
222 -95.5542 303.6 -202.329 287.666 2
223 RANDOM
224 -62.2086 290.485 -317.8 299.445 4
225 RANDOM
226 -213.185 267.829 -190.596 269.313 4
227 -235.021 260.506 -121.258 252.154 2
228 -95.5542 303.6 -202.329 287.666 2
229 -68.6366 301.434 -267.272 295.654 2
230 -62.2086 290.485 -317.8 299.445 4
231 -164.463 265.131 -265.015 266.295 4
232 -213.185 267.829 -190.596 269.313 4
233 -235.021 260.506 -121.258 252.154 2
234 -95.5542 303.6 -202.329 287.666 2
235 -68.6366 301.434 -267.272 295.654 2
236 -62.2086 290.485 -317.8 299.445 4
237 -164.463 265.131 -265.015 266.295 4
238 -213.185 267.829 -190.596 269.313 4
239 -235.021 260.506 -121.258 252.154 2
240 -95.5542 303.6 -202.329 287.666 2
241 -68.6366 301.434 -267.272 295.654 2
242 -62.2086 290.485 -317.8 299.445 4
243 -164.463 265.131 -265.015 266.295 4
244 -213.185 267.829 -190.596 269.313 4
245 -235.021 260.506 -121.258 252.154 2
246 -95.5542 303.6 -202.329 287.666 2
247 -68.6366 301.434 -267.272 295.654 2
248 -62.2086 290.485 -317.8 299.445 4
249 -164.463 265.131 -265.015 266.295 4
250 -213.185 267.829 -190.596 269.313 4
251 -235.021 260.506 -121.258 252.154 2
252 -95.5542 303.6 -202.329 287.666 2
253 -68.6366 301.434 -267.272 295.654 2
254 -62.2086 290.485 -317.8 299.445 4
255 -164.463 265.131 -265.015 266.295 4
256 -213.185 267.829 -190.596 269.313 4
257 -235.021 260.506 -121.258 252.154 2
258 -95.5542 303.6 -202.329 287.666 2
259 -68.6366 301.434 -267.272 295.654 2
260 RANDOM
261 -168.358 254.327 -143.906 215.484 2
262 -126.184 268.535 -234.1 254.274 2
263 -75.647 269.727 -328.303 284.038 4
264 -222.465 205.83 -204.608 220.257 4
265 -281.366 200.71 -116.516 211.837 4
266 -137.221 257.834 -321.777 266.309 4
267 -164.463 265.131 -265.015 266.295 4
268 -213.185 267.829 -190.596 269.313 4
269 -235.021 260.506 -121.258 252.154 2
270 RANDOM
271 -68.6366 301.434 -267.272 295.654 2
272 -62.2086 290.485 -317.8 299.445 4
273 -164.463 265.131 -265.015 266.295 4
274 RANDOM
275 -235.021 260.506 -121.258 252.154 2
276 -95.5542 303.6 -202.329 287.666 2
277 -68.6366 301.434 -267.272 295.654 2
278 -62.2086 290.485 -317.8 299.445 4
279 -164.463 265.131 -265.015 266.295 4
280 -213.185 267.829 -190.596 269.313 4
281 -235.021 260.506 -121.258 252.154 2
282 -95.5542 303.6 -202.329 287.666 2
283 -68.6366 301.434 -267.272 295.654 2
284 -62.2086 290.485 -317.8 299.445 4
285 -164.463 265.131 -265.015 266.295 4
286 -213.185 267.829 -190.596 269.313 4
287 -235.021 260.506 -121.258 252.154 2
288 -95.5542 303.6 -202.329 287.666 2
289 -68.6366 301.434 -267.272 295.654 2
290 -62.2086 290.485 -317.8 299.445 4
291 -164.463 265.131 -265.015 266.295 4
292 -213.185 267.829 -190.596 269.313 4
293 -235.021 260.506 -121.258 252.154 2
294 -95.5542 303.6 -202.329 287.666 2
295 -68.6366 301.434 -267.272 295.654 2
296 -62.2086 290.485 -317.8 299.445 4
297 -164.463 265.131 -265.015 266.295 4
298 -213.185 267.829 -190.596 269.313 4
299 -235.021 260.506 -121.258 252.154 2
300 -95.5542 303.6 -202.329 287.666 2
301 -68.6366 301.434 -267.272 295.654 2
302 -62.2086 290.485 -317.8 299.445 4
303 -164.463 265.131 -265.015 266.295 4
304 -213.185 267.829 -190.596 269.313 4
305 -235.021 260.506 -121.258 252.154 2
306 -95.5542 303.6 -202.329 287.666 2
307 -68.6366 301.434 -267.272 295.654 2
308 -62.2086 290.485 -317.8 299.445 4
309 -164.463 265.131 -265.015 266.295 4
310 -213.185 267.829 -190.596 269.313 4
311 -235.021 260.506 -121.258 252.154 2
312 -95.5542 303.6 -202.329 287.666 2
313 -68.6366 301.434 -267.272 295.654 2
314 -62.2086 290.485 -317.8 299.445 4
315 -164.463 265.131 -265.015 266.295 4
316 -213.185 267.829 -190.596 269.313 4
317 -235.021 260.506 -121.258 252.154 2
318 -95.5542 303.6 -202.329 287.666 2
319 -68.6366 301.434 -267.272 295.654 2
320 -62.2086 290.485 -317.8 299.445 4
321 -164.463 265.131 -265.015 266.295 4
322 -213.185 267.829 -190.596 269.313 4
323 -235.021 260.506 -121.258 252.154 2
324 -95.5542 303.6 -202.329 287.666 2
325 -68.6366 301.434 -267.272 295.654 2
326 -62.2086 290.485 -317.8 299.445 4
327 -164.463 265.131 -265.015 266.295 4
328 -213.185 267.829 -190.596 269.313 4
329 -235.021 260.506 -121.258 252.154 2
330 -95.5542 303.6 -202.329 287.666 2
331 -68.6366 301.434 -267.272 295.654 2
332 -62.2086 290.485 -317.8 299.445 4
333 -164.463 265.131 -265.015 266.295 4
334 -213.185 267.829 -190.596 269.313 4
335 RANDOM
336 -137.025 332.579 -155.499 357.524 4
337 -198.251 334.802 -120.28 376.122 4
338 -234.886 331.946 -106.751 382.885 4
339 -259.246 324.397 -92.3706 380.63 4
340 -204.333 338.835 -155.788 373.356 4
341 -225.218 334.734 -131.015 370.205 4
342 -251.187 326.305 -112.484 367.907 4
343 -277.128 316.543 -94.4266 365.151 4
344 -202.307 334.697 -364.888 223.356 2
345 -87.9098 430.572 -18.6385 514.549 4
346 -202.307 334.697 -364.888 223.356 2
347 -87.9098 430.572 -18.6385 514.549 4
348 -202.307 334.697 -364.888 223.356 2
349 -87.9098 430.572 -18.6385 514.549 4
350 -202.307 334.697 -364.888 223.356 2
351 -87.9098 430.572 -18.6385 514.549 4
352 -202.307 334.697 -364.888 223.356 2
353 -87.9098 430.572 -18.6385 514.549 4
354 RANDOM
355 -215.28 445.816 -315.576 401.158 2
356 -47.4481 480.829 -201.444 560.263 4
357 -215.28 445.816 -315.576 401.158 2
358 -47.4481 480.829 -201.444 560.263 4
359 -215.28 445.816 -315.576 401.158 2
360 -47.4481 480.829 -201.444 560.263 4
361 -215.28 445.816 -315.576 401.158 2
362 -47.4481 480.829 -201.444 560.263 4
363 -215.28 445.816 -315.576 401.158 2
364 RANDOM
365 -87.9098 430.572 -18.6385 514.549 4
366 -202.307 334.697 -364.888 223.356 2
367 -87.9098 430.572 -18.6385 514.549 4
368 -202.307 334.697 -364.888 223.356 2
369 -87.9098 430.572 -18.6385 514.549 4
370 -202.307 334.697 -364.888 223.356 2
371 -87.9098 430.572 -18.6385 514.549 4
372 -202.307 334.697 -364.888 223.356 2
373 -87.9098 430.572 -18.6385 514.549 4
374 RANDOM
375 -215.28 445.816 -315.576 401.158 2
376 -47.4481 480.829 -201.444 560.263 4
377 -215.28 445.816 -315.576 401.158 2
378 -47.4481 480.829 -201.444 560.263 4
379 -215.28 445.816 -315.576 401.158 2
380 -47.4481 480.829 -201.444 560.263 4
381 -215.28 445.816 -315.576 401.158 2
382 -47.4481 480.829 -201.444 560.263 4
383 RANDOM
384 -232.981 536.267 -283.826 534.013 2
385 -56.4415 573.819 -167.661 695.536 4
386 -232.981 536.267 -283.826 534.013 2
387 -56.4415 573.819 -167.661 695.536 4
388 -232.981 536.267 -283.826 534.013 2
389 -56.4415 573.819 -167.661 695.536 4
390 -232.981 536.267 -283.826 534.013 2
391 -56.4415 573.819 -167.661 695.536 4
392 -232.981 536.267 -283.826 534.013 2
393 -56.4415 573.819 -167.661 695.536 4
394 -232.981 536.267 -283.826 534.013 2
395 -56.4415 573.819 -167.661 695.536 4
396 -232.981 536.267 -283.826 534.013 2
397 -56.4415 573.819 -167.661 695.536 4
398 -232.981 536.267 -283.826 534.013 2
399 -56.4415 573.819 -167.661 695.536 4
400 -232.981 536.267 -283.826 534.013 2
401 -56.4415 573.819 -167.661 695.536 4
402 -232.981 536.267 -283.826 534.013 2
403 -56.4415 573.819 -167.661 695.536 4
404 -232.981 536.267 -283.826 534.013 2
405 -56.4415 573.819 -167.661 695.536 4
406 -232.981 536.267 -283.826 534.013 2
407 -56.4415 573.819 -167.661 695.536 4
408 -232.981 536.267 -283.826 534.013 2
409 -56.4415 573.819 -167.661 695.536 4
410 -232.981 536.267 -283.826 534.013 2
411 -56.4415 573.819 -167.661 695.536 4
412 RANDOM
413 -236.178 653.688 -267.955 665.252 4
414 15.4755 696.782 -231.679 964.916 4
415 -81.8982 646.54 -248.395 866.749 4
416 -200.524 581.752 -269.083 739.295 4
417 -295.128 598.386 -285.901 674.162 4
418 95.3812 647.512 -423.3 927.304 4
419 -6.71898 570.21 -483.87 800.156 4
420 -106.733 483.448 -548.083 670.705 4
421 -187.925 428.664 -630.398 596.78 4
422 74.2269 537.456 -551.991 825.263 4
423 RANDOM
424 -97.4106 414.494 -708.259 664.563 4
425 -179.995 391.48 -782.945 606.326 4
426 269.132 366.863 -477.721 775.756 4
427 190.88 327.761 -594.023 707.717 4
428 110.791 260.378 -702.105 607.504 4
429 31.0181 203.207 -786.009 546.741 4
430 197.824 479.319 -454.647 878.643 4
431 130.608 428.004 -469.152 755.351 4
432 61.6848 376.673 -500.163 636.836 4
433 -11.202 317.138 -530.894 509.332 4
434 848.425 589.97 442.744 615.812 1
435 335.727 467.291 202.437 531.308 4
436 887.154 624.203 335.655 769.586 1
