0 1.27892 26.9336 4.08138 27.8872 4
1 1.27892 26.9336 4.08138 27.8872 4
2 1.27892 26.9336 4.08138 27.8872 4
3 1.27892 26.9336 4.08138 27.8872 4
4 1.27892 26.9336 4.08138 27.8872 4
5 1.27892 26.9336 4.08138 27.8872 4
6 1.27892 26.9336 4.08138 27.8872 4
7 1.27892 26.9336 4.08138 27.8872 4
8 1.27892 26.9336 4.08138 27.8872 4
9 1.27892 26.9336 4.08138 27.8872 4
10 1.27892 26.9336 4.08138 27.8872 4
11 1.27892 26.9336 4.08138 27.8872 4
12 1.27892 26.9336 4.08138 27.8872 4
13 1.27892 26.9336 4.08138 27.8872 4
14 1.27892 26.9336 4.08138 27.8872 4
15 1.27892 26.9336 4.08138 27.8872 4
16 1.27892 26.9336 4.08138 27.8872 4
17 1.27892 26.9336 4.08138 27.8872 4
18 1.27892 26.9336 4.08138 27.8872 4
19 1.27892 26.9336 4.08138 27.8872 4
20 1.27892 26.9336 4.08138 27.8872 4
21 1.27892 26.9336 4.08138 27.8872 4
22 1.27892 26.9336 4.08138 27.8872 4
23 1.27892 26.9336 4.08138 27.8872 4
24 1.27892 26.9336 4.08138 27.8872 4
25 1.27892 26.9336 4.08138 27.8872 4
26 1.27892 26.9336 4.08138 27.8872 4
27 1.27892 26.9336 4.08138 27.8872 4
28 1.27892 26.9336 4.08138 27.8872 4
29 1.27892 26.9336 4.08138 27.8872 4
30 1.27892 26.9336 4.08138 27.8872 4
31 1.27892 26.9336 4.08138 27.8872 4
32 1.27892 26.9336 4.08138 27.8872 4
33 1.27892 26.9336 4.08138 27.8872 4
34 1.27892 26.9336 4.08138 27.8872 4
35 1.27892 26.9336 4.08138 27.8872 4
36 1.27892 26.9336 4.08138 27.8872 4
37 1.27892 26.9336 4.08138 27.8872 4
38 1.27892 26.9336 4.08138 27.8872 4
39 1.27892 26.9336 4.08138 27.8872 4
40 1.27892 26.9336 4.08138 27.8872 4
41 1.27892 26.9336 4.08138 27.8872 4
42 6.97643 24.123 -46.3241 40.0588 4
43 RANDOM
44 10.1424 30.0064 -51.1228 39.3643 4
45 11.8869 33.4482 -54.2108 40.1958 4
46 5.34631 20.2727 -42.7905 38.4521 4
47 4.72761 18.1339 -38.1873 35.1889 4
48 4.69715 17.2037 -33.7598 33.4941 4
49 4.66662 16.2985 -29.4502 31.8352 4
50 14.5286 25.2234 -15.2375 16.3946 2
51 1.27892 26.9336 4.08138 27.8872 4
52 14.5286 25.2234 -15.2375 16.3946 2
53 1.27892 26.9336 4.08138 27.8872 4
54 14.5286 25.2234 -15.2375 16.3946 2
55 1.27892 26.9336 4.08138 27.8872 4
56 14.5286 25.2234 -15.2375 16.3946 2
57 1.27892 26.9336 4.08138 27.8872 4
58 14.5286 25.2234 -15.2375 16.3946 2
59 1.27892 26.9336 4.08138 27.8872 4
60 14.5286 25.2234 -15.2375 16.3946 2
61 1.27892 26.9336 4.08138 27.8872 4
62 14.5286 25.2234 -15.2375 16.3946 2
63 1.27892 26.9336 4.08138 27.8872 4
64 14.5286 25.2234 -15.2375 16.3946 2
65 1.27892 26.9336 4.08138 27.8872 4
66 14.5286 25.2234 -15.2375 16.3946 2
67 1.27892 26.9336 4.08138 27.8872 4
68 14.5286 25.2234 -15.2375 16.3946 2
69 1.27892 26.9336 4.08138 27.8872 4
70 14.5286 25.2234 -15.2375 16.3946 2
71 1.27892 26.9336 4.08138 27.8872 4
72 14.5286 25.2234 -15.2375 16.3946 2
73 1.27892 26.9336 4.08138 27.8872 4
74 14.5286 25.2234 -15.2375 16.3946 2
75 1.27892 26.9336 4.08138 27.8872 4
76 14.5286 25.2234 -15.2375 16.3946 2
77 1.27892 26.9336 4.08138 27.8872 4
78 14.5286 25.2234 -15.2375 16.3946 2
79 1.27892 26.9336 4.08138 27.8872 4
80 14.5286 25.2234 -15.2375 16.3946 2
81 1.27892 26.9336 4.08138 27.8872 4
82 14.5286 25.2234 -15.2375 16.3946 2
83 1.27892 26.9336 4.08138 27.8872 4
84 14.5286 25.2234 -15.2375 16.3946 2
85 1.27892 26.9336 4.08138 27.8872 4
86 14.5286 25.2234 -15.2375 16.3946 2
87 1.27892 26.9336 4.08138 27.8872 4
88 RANDOM
89 1.27892 26.9336 4.08138 27.8872 4
90 14.1572 27.4545 -23.0959 20.3731 2
