0 -2.76115 29.1993 3.99415 30.718 4
1 -2.76115 29.1993 3.99415 30.718 4
2 -2.76115 29.1993 3.99415 30.718 4
3 -2.76115 29.1993 3.99415 30.718 4
4 -2.76115 29.1993 3.99415 30.718 4
5 -2.76115 29.1993 3.99415 30.718 4
6 -2.76115 29.1993 3.99415 30.718 4
7 -2.76115 29.1993 3.99415 30.718 4
8 -2.76115 29.1993 3.99415 30.718 4
9 -2.76115 29.1993 3.99415 30.718 4
10 -2.76115 29.1993 3.99415 30.718 4
11 -2.76115 29.1993 3.99415 30.718 4
12 -2.76115 29.1993 3.99415 30.718 4
13 -2.76115 29.1993 3.99415 30.718 4
14 -2.76115 29.1993 3.99415 30.718 4
15 -2.76115 29.1993 3.99415 30.718 4
16 -2.76115 29.1993 3.99415 30.718 4
17 -2.76115 29.1993 3.99415 30.718 4
18 -2.76115 29.1993 3.99415 30.718 4
19 -2.76115 29.1993 3.99415 30.718 4
20 -2.76115 29.1993 3.99415 30.718 4
21 -2.76115 29.1993 3.99415 30.718 4
22 -2.76115 29.1993 3.99415 30.718 4
23 -2.76115 29.1993 3.99415 30.718 4
24 -2.76115 29.1993 3.99415 30.718 4
25 -2.76115 29.1993 3.99415 30.718 4
26 -2.76115 29.1993 3.99415 30.718 4
27 -2.76115 29.1993 3.99415 30.718 4
28 -2.76115 29.1993 3.99415 30.718 4
29 -2.76115 29.1993 3.99415 30.718 4
30 -2.76115 29.1993 3.99415 30.718 4
31 -2.76115 29.1993 3.99415 30.718 4
32 -2.76115 29.1993 3.99415 30.718 4
33 -2.76115 29.1993 3.99415 30.718 4
34 -2.76115 29.1993 3.99415 30.718 4
35 -2.76115 29.1993 3.99415 30.718 4
36 -2.76115 29.1993 3.99415 30.718 4
37 -2.76115 29.1993 3.99415 30.718 4
38 -2.76115 29.1993 3.99415 30.718 4
39 -2.76115 29.1993 3.99415 30.718 4
40 -2.76115 29.1993 3.99415 30.718 4
41 -2.76115 29.1993 3.99415 30.718 4
42 17.8493 28.1289 -70.4679 46.8844 4
43 20.3624 30.3315 -75.4152 46.7114 4
44 23.046 32.4236 -82.5007 45.6313 4
45 26.5806 35.4994 -90.2931 44.7049 4
46 13.1592 22.6082 -60.7436 44.1219 4
47 11.7103 20.574 -54.9318 40.9726 4
48 10.7869 19.2541 -50.0581 38.7709 4
49 9.92244 18.2053 -45.0944 36.8183 4
50 25.3231 29.0231 -55.2916 24.3234 2
51 -2.76115 29.1993 3.99415 30.718 4
52 25.3231 29.0231 -55.2916 24.3234 2
53 -2.76115 29.1993 3.99415 30.718 4
54 25.3231 29.0231 -55.2916 24.3234 2
55 -2.76115 29.1993 3.99415 30.718 4
56 25.3231 29.0231 -55.2916 24.3234 2
57 -2.76115 29.1993 3.99415 30.718 4
58 25.3231 29.0231 -55.2916 24.3234 2
59 -2.76115 29.1993 3.99415 30.718 4
60 25.3231 29.0231 -55.2916 24.3234 2
61 -2.76115 29.1993 3.99415 30.718 4
62 25.3231 29.0231 -55.2916 24.3234 2
63 -2.76115 29.1993 3.99415 30.718 4
64 25.3231 29.0231 -55.2916 24.3234 2
65 -2.76115 29.1993 3.99415 30.718 4
66 25.3231 29.0231 -55.2916 24.3234 2
67 -2.76115 29.1993 3.99415 30.718 4
68 25.3231 29.0231 -55.2916 24.3234 2
69 -2.76115 29.1993 3.99415 30.718 4
70 25.3231 29.0231 -55.2916 24.3234 2
71 -2.76115 29.1993 3.99415 30.718 4
72 25.3231 29.0231 -55.2916 24.3234 2
73 -2.76115 29.1993 3.99415 30.718 4
74 25.3231 29.0231 -55.2916 24.3234 2
75 -2.76115 29.1993 3.99415 30.718 4
76 25.3231 29.0231 -55.2916 24.3234 2
77 RANDOM
78 -2.05887 24.5408 -1.89832 28.1803 4
79 12.311 16.8315 -42.9997 28.198 4
80 25.3231 29.0231 -55.2916 24.3234 2
81 -2.76115 29.1993 3.99415 30.718 4
82 25.3231 29.0231 -55.2916 24.3234 2
83 -2.76115 29.1993 3.99415 30.718 4
84 RANDOM
85 -2.76115 29.1993 3.99415 30.718 4
86 26.6653 32.6441 -64.8826 29.8519 2
