0 -234.244 411.465 -431.437 350.591 2
1 -216.406 406.779 -444.502 348.181 2
2 -204.975 414.15 -444.003 353.256 2
3 -340.07 404.216 -294.322 351.327 2
4 RANDOM
5 -304.95 393.391 -278.085 307.418 2
6 -214.306 390.072 -342.016 319.433 2
7 -258.289 412.983 -282.915 335.143 2
8 -249.399 405.897 -282.18 318.031 2
9 -252.943 412.868 -284.179 325.761 2
10 -223.747 439.78 -276.446 353.57 2
11 -181.681 364.966 -244.274 243.57 2
12 -167.28 358.725 -246.958 228.796 2
13 -150.817 366.436 -246.689 230.439 2
14 -96.5038 390.761 -221.482 243.209 2
15 -154.137 380.487 -329.26 268.532 2
16 -142.592 374.935 -294.481 239.197 2
17 -144.231 390.529 -269.075 241.988 2
18 -93.13 410.376 -209.739 240.97 2
19 RANDOM
20 -111.535 450.355 -232.215 346.187 2
21 -106.567 465.855 -211.708 356.95 2
22 -36.1611 462.002 -140.136 308.399 2
23 1.39705 455.529 15.8698 265.561 2
24 59.7576 438.153 38.3776 211.211 2
25 56.6546 436.542 24.9059 203.242 2
26 79.6568 428.933 51.1476 167.963 2
27 76.971 404.578 92.8519 141.348 2
28 177.938 399.445 151.347 89.5223 2
29 183.193 398.12 165.628 82.1605 2
30 249.872 414.114 278.636 59.2115 2
31 33.8299 427.259 178.758 231.103 2
32 146.862 411.998 268.226 161.359 2
33 RANDOM
34 262.99 446.461 466.524 132.808 3
35 218.913 422.689 465.27 154.942 3
