0 34.4436 39.3631 28.9782 48.1297 4
1 37.3505 46.377 27.6394 64.7588 4
2 37.7731 44.4768 29.5429 58.7867 4
3 38.0778 44.9897 29.7581 59.674 4
4 38.4601 45.6634 30.0105 60.8661 4
5 39.0068 46.7315 30.3816 62.795 4
6 36.1695 41.563 28.8717 53.3477 4
7 36.2903 41.8844 28.9053 54.0312 4
8 36.5792 42.4628 29.0487 55.1382 4
9 36.9398 43.2231 29.2229 56.6086 4
10 33.9388 38.6964 27.2481 49.4773 4
11 34.3964 39.5584 27.4112 51.0984 4
12 34.796 40.311 27.5413 52.5362 4
13 35.3055 41.2844 27.8289 54.3425 4
14 33.7454 37.6099 25.7342 48.4804 4
15 33.78 37.7431 25.6578 48.8402 4
16 33.8934 37.9975 25.6261 49.4276 4
17 34.1048 38.3763 25.6476 50.2131 4
18 31.5462 34.4845 24.889 43.2172 4
19 31.7772 34.865 24.9391 43.933 4
20 32.0503 35.3311 24.9973 44.8276 4
21 32.4192 35.9497 25.1113 45.9667 4
22 30.3427 33.1442 24.2389 41.2119 4
23 30.3616 33.2435 24.1855 41.4944 4
24 30.5365 33.555 24.1941 42.1288 4
25 RANDOM
26 25.5846 28.5513 19.3677 31.1306 4
27 25.5757 28.6129 19.2122 31.2042 4
28 25.711 28.9179 19.1322 31.6317 4
29 26.0808 29.5314 19.2032 32.474 4
30 23.6474 26.2327 16.8484 27.4276 4
31 24.0091 26.734 16.8792 28.0197 4
32 24.5484 27.3977 17.051 28.7571 4
33 25.0782 28.0907 17.1877 29.5522 4
34 25.1829 25.8153 20.0109 25.7385 2
35 RANDOM
36 27.6904 26.7426 24.0369 26.5778 1
37 33.3333 32.062 30.2884 31.0291 1
