0 68.379 492.43 -371.342 418.231 2
1 88.1065 492.203 -385.086 421.475 2
2 99.9842 501.005 -384.984 429.238 2
3 RANDOM
4 33.8492 489.271 -216.503 414.52 2
5 38.5338 486.789 -204.595 396.907 2
6 127.038 492.147 -261.474 415.847 2
7 84.4503 532.832 -196.407 460.532 2
8 97.5308 526.277 -193.118 442.775 2
9 97.1439 535.52 -193.352 451.853 2
10 136.711 563.925 -176.966 480.509 2
11 183.165 488.593 -147.094 373.491 2
12 199.152 485.287 -148.162 360.859 2
13 215.456 495.996 -145.503 363.753 2
14 282.194 530.25 -109.05 388.58 2
15 189.263 507.233 -240.667 398.697 2
16 203.632 508.081 -199.704 375.676 2
17 206.602 528.314 -167.535 381.61 2
18 279.515 560.599 -94.4014 395.795 2
19 224.08 577.245 -141.705 491.103 2
20 252.038 602.701 -119.001 505.272 2
21 261.329 619.415 -94.3318 516.31 2
22 357.616 620.064 -2.57862 473.333 2
23 392.347 631.331 162.813 457.834 2
24 456.682 618.266 189.265 409.219 2
25 453.93 615.93 175.886 398.589 2
26 491.739 607.744 210.624 361.331 2
27 502.078 591.07 261.89 345.887 2
28 612.023 588.861 324.001 299.481 1
29 625.644 569.903 265.264 252.171 1
