0 -6.66997 68.9427 -21.4458 69.3809 4
1 -12.9748 65.4027 -28.0829 67.38 4
2 -9.70614 64.0982 -25.6583 66.5172 4
3 -10.1809 64.9487 -26.3198 67.3765 4
4 -10.7984 65.3665 -27.0068 67.8732 4
5 -11.6353 65.8447 -27.8976 68.4722 4
6 -11.1265 55.4836 -24.9419 57.6725 4
7 -11.8378 54.9339 -25.1531 56.9726 4
8 -12.7767 53.7237 -25.1277 55.5479 4
9 -13.7875 52.7108 -25.2473 54.3378 4
10 -10.0545 49.8853 -20.8645 50.6294 4
11 -10.3594 51.5388 -21.29 52.2498 4
12 -10.8642 52.2739 -21.6724 52.9639 4
13 -11.3853 53.2954 -22.1871 53.9997 4
14 -11.5331 53.0048 -24.0475 54.6733 4
15 -11.9242 53.4181 -24.0523 54.9225 4
16 RANDOM
17 -12.9736 54.0946 -24.3726 55.3522 4
18 -13.3497 46.9206 -23.3433 47.9451 4
19 -13.8522 47.87 -23.7388 48.8087 4
20 -14.5003 48.9336 -24.3272 49.8138 4
21 -15.2155 49.4981 -24.8098 50.3153 4
22 -15.1283 41.1394 -22.85 41.6765 4
23 -15.9368 40.5157 -22.8569 40.7811 4
24 -16.7791 40.5394 -23.1295 40.5998 4
25 -17.6057 40.6529 -23.4879 40.6781 4
26 -21.3878 24.5677 -18.2327 23.8794 2
27 -11.5304 31.3476 -16.9546 31.241 2
28 -10.5724 30.9097 -16.3593 30.9207 4
29 RANDOM
30 -21.3878 24.5677 -18.2327 23.8794 2
31 -11.5304 31.3476 -16.9546 31.241 2
32 -10.5724 30.9097 -16.3593 30.9207 4
33 -17.4117 33.2105 -20.4189 32.7834 2
34 -10.5724 30.9097 -16.3593 30.9207 4
35 -17.4117 33.2105 -20.4189 32.7834 2
36 -10.5724 30.9097 -16.3593 30.9207 4
37 -17.4117 33.2105 -20.4189 32.7834 2
38 -10.5724 30.9097 -16.3593 30.9207 4
39 -17.4117 33.2105 -20.4189 32.7834 2
40 -10.508 30.995 -16.2864 30.9826 2
41 -9.51477 30.7395 -15.7151 30.8701 4
42 -16.709 33.4348 -20.0947 33.0856 2
43 -9.51477 30.7395 -15.7151 30.8701 4
44 -16.709 33.4348 -20.0947 33.0856 2
45 -9.51477 30.7395 -15.7151 30.8701 4
46 -16.709 33.4348 -20.0947 33.0856 2
47 -9.51477 30.7395 -15.7151 30.8701 4
48 -16.709 33.4348 -20.0947 33.0856 2
49 -9.51477 30.7395 -15.7151 30.8701 4
50 -16.709 33.4348 -20.0947 33.0856 2
51 -9.51477 30.7395 -15.7151 30.8701 4
52 -16.709 33.4348 -20.0947 33.0856 2
53 -9.51477 30.7395 -15.7151 30.8701 4
54 -16.709 33.4348 -20.0947 33.0856 2
55 -9.51477 30.7395 -15.7151 30.8701 4
56 -16.709 33.4348 -20.0947 33.0856 2
57 -9.51477 30.7395 -15.7151 30.8701 4
58 -16.709 33.4348 -20.0947 33.0856 2
59 -9.51477 30.7395 -15.7151 30.8701 4
60 -16.709 33.4348 -20.0947 33.0856 2
61 -9.51477 30.7395 -15.7151 30.8701 4
62 -16.709 33.4348 -20.0947 33.0856 2
63 -9.51477 30.7395 -15.7151 30.8701 4
64 -16.709 33.4348 -20.0947 33.0856 2
65 -9.51477 30.7395 -15.7151 30.8701 4
66 -16.709 33.4348 -20.0947 33.0856 2
67 -9.51477 30.7395 -15.7151 30.8701 4
68 -16.709 33.4348 -20.0947 33.0856 2
69 -9.51477 30.7395 -15.7151 30.8701 4
70 -16.709 33.4348 -20.0947 33.0856 2
71 -9.51477 30.7395 -15.7151 30.8701 4
72 -16.709 33.4348 -20.0947 33.0856 2
73 -9.51477 30.7395 -15.7151 30.8701 4
74 -16.709 33.4348 -20.0947 33.0856 2
75 -9.51477 30.7395 -15.7151 30.8701 4
76 -16.709 33.4348 -20.0947 33.0856 2
77 -9.51477 30.7395 -15.7151 30.8701 4
78 -16.709 33.4348 -20.0947 33.0856 2
79 -9.51477 30.7395 -15.7151 30.8701 4
80 RANDOM
81 RANDOM
82 -21.3212 24.6495 -18.1447 23.9412 2
83 -11.4658 31.4327 -16.8814 31.3029 2
84 -10.508 30.995 -16.2864 30.9826 2
85 -9.51477 30.7395 -15.7151 30.8701 4
86 -16.709 33.4348 -20.0947 33.0856 2
87 -9.51477 30.7395 -15.7151 30.8701 4
88 -16.709 33.4348 -20.0947 33.0856 2
89 -9.51477 30.7395 -15.7151 30.8701 4
90 -16.709 33.4348 -20.0947 33.0856 2
91 -9.51477 30.7395 -15.7151 30.8701 4
92 -16.709 33.4348 -20.0947 33.0856 2
93 -9.51477 30.7395 -15.7151 30.8701 4
94 -16.709 33.4348 -20.0947 33.0856 2
95 -9.51477 30.7395 -15.7151 30.8701 4
96 -16.709 33.4348 -20.0947 33.0856 2
97 -9.51477 30.7395 -15.7151 30.8701 4
98 -16.709 33.4348 -20.0947 33.0856 2
99 -9.51477 30.7395 -15.7151 30.8701 4
100 -17.6234 32.27 -20.9029 31.9249 2
101 -10.2745 29.6172 -16.4007 29.8091 4
102 -17.6234 32.27 -20.9029 31.9249 2
103 -10.2745 29.6172 -16.4007 29.8091 4
104 -17.6234 32.27 -20.9029 31.9249 2
105 -10.2745 29.6172 -16.4007 29.8091 4
106 -17.6234 32.27 -20.9029 31.9249 2
107 -10.2745 29.6172 -16.4007 29.8091 4
108 -17.6234 32.27 -20.9029 31.9249 2
109 -10.2745 29.6172 -16.4007 29.8091 4
110 -17.6234 32.27 -20.9029 31.9249 2
111 -10.2745 29.6172 -16.4007 29.8091 4
112 -17.6234 32.27 -20.9029 31.9249 2
113 -10.2745 29.6172 -16.4007 29.8091 4
114 -17.6234 32.27 -20.9029 31.9249 2
115 -10.2745 29.6172 -16.4007 29.8091 4
116 -17.6234 32.27 -20.9029 31.9249 2
117 -10.2745 29.6172 -16.4007 29.8091 4
118 RANDOM
119 -18.4568 32.2266 -21.2052 31.8699 2
120 -11.2941 29.7785 -16.9699 29.8272 4
121 -18.4568 32.2266 -21.2052 31.8699 2
122 -11.2941 29.7785 -16.9699 29.8272 4
123 -18.4568 32.2266 -21.2052 31.8699 2
124 -11.2941 29.7785 -16.9699 29.8272 4
125 -18.4568 32.2266 -21.2052 31.8699 2
126 -11.2941 29.7785 -16.9699 29.8272 4
127 -18.4568 32.2266 -21.2052 31.8699 2
128 -11.2941 29.7785 -16.9699 29.8272 4
129 -18.4568 32.2266 -21.2052 31.8699 2
130 -11.2941 29.7785 -16.9699 29.8272 4
131 -18.4568 32.2266 -21.2052 31.8699 2
132 -11.2941 29.7785 -16.9699 29.8272 4
133 -18.4568 32.2266 -21.2052 31.8699 2
134 -11.2941 29.7785 -16.9699 29.8272 4
135 -18.4568 32.2266 -21.2052 31.8699 2
136 -11.2941 29.7785 -16.9699 29.8272 4
137 -18.4568 32.2266 -21.2052 31.8699 2
138 -11.2941 29.7785 -16.9699 29.8272 4
139 -18.4568 32.2266 -21.2052 31.8699 2
140 -11.2941 29.7785 -16.9699 29.8272 4
141 -18.4568 32.2266 -21.2052 31.8699 2
142 -11.2941 29.7785 -16.9699 29.8272 4
143 -18.4568 32.2266 -21.2052 31.8699 2
144 -11.2941 29.7785 -16.9699 29.8272 4
145 -18.4568 32.2266 -21.2052 31.8699 2
146 -11.2941 29.7785 -16.9699 29.8272 4
147 -18.4568 32.2266 -21.2052 31.8699 2
148 -11.2941 29.7785 -16.9699 29.8272 4
149 -18.4568 32.2266 -21.2052 31.8699 2
150 -11.2941 29.7785 -16.9699 29.8272 4
151 -18.4568 32.2266 -21.2052 31.8699 2
152 -11.2941 29.7785 -16.9699 29.8272 4
153 RANDOM
154 -22.0953 23.5991 -18.9079 22.912 2
155 -12.2767 30.1638 -17.5768 30.0991 2
156 -11.2941 29.7785 -16.9699 29.8272 4
157 -18.4568 32.2266 -21.2052 31.8699 2
158 -11.2941 29.7785 -16.9699 29.8272 4
159 RANDOM
160 -22.0953 23.5991 -18.9079 22.912 2
161 -12.2767 30.1638 -17.5768 30.0991 2
162 -11.2941 29.7785 -16.9699 29.8272 4
163 -18.4568 32.2266 -21.2052 31.8699 2
164 -11.2941 29.7785 -16.9699 29.8272 4
165 -18.4568 32.2266 -21.2052 31.8699 2
166 -11.2941 29.7785 -16.9699 29.8272 4
167 -18.4568 32.2266 -21.2052 31.8699 2
168 -11.2941 29.7785 -16.9699 29.8272 4
169 -18.4568 32.2266 -21.2052 31.8699 2
170 -11.2941 29.7785 -16.9699 29.8272 4
171 -18.4568 32.2266 -21.2052 31.8699 2
172 -11.2941 29.7785 -16.9699 29.8272 4
173 -18.4568 32.2266 -21.2052 31.8699 2
174 -11.2941 29.7785 -16.9699 29.8272 4
175 -18.4568 32.2266 -21.2052 31.8699 2
176 -11.2941 29.7785 -16.9699 29.8272 4
177 -18.4568 32.2266 -21.2052 31.8699 2
178 -11.2941 29.7785 -16.9699 29.8272 4
179 -18.4568 32.2266 -21.2052 31.8699 2
180 -11.2941 29.7785 -16.9699 29.8272 4
181 -18.4568 32.2266 -21.2052 31.8699 2
182 -11.2941 29.7785 -16.9699 29.8272 4
183 -18.4568 32.2266 -21.2052 31.8699 2
184 -11.2941 29.7785 -16.9699 29.8272 4
185 -18.4568 32.2266 -21.2052 31.8699 2
186 -11.2941 29.7785 -16.9699 29.8272 4
187 RANDOM
188 -22.0953 23.5991 -18.9079 22.912 2
189 -12.2767 30.1638 -17.5768 30.0991 2
190 -11.2941 29.7785 -16.9699 29.8272 4
191 -18.4568 32.2266 -21.2052 31.8699 2
192 -11.2941 29.7785 -16.9699 29.8272 4
193 -18.4568 32.2266 -21.2052 31.8699 2
194 -11.2941 29.7785 -16.9699 29.8272 4
195 -18.4568 32.2266 -21.2052 31.8699 2
196 -11.2941 29.7785 -16.9699 29.8272 4
197 -18.4568 32.2266 -21.2052 31.8699 2
198 -11.2941 29.7785 -16.9699 29.8272 4
199 -18.4568 32.2266 -21.2052 31.8699 2
200 -11.2941 29.7785 -16.9699 29.8272 4
201 RANDOM
202 -22.0953 23.5991 -18.9079 22.912 2
203 -12.2767 30.1638 -17.5768 30.0991 2
204 -11.2941 29.7785 -16.9699 29.8272 4
205 -18.4568 32.2266 -21.2052 31.8699 2
206 -11.2941 29.7785 -16.9699 29.8272 4
207 -18.4568 32.2266 -21.2052 31.8699 2
208 -11.2941 29.7785 -16.9699 29.8272 4
209 -18.4568 32.2266 -21.2052 31.8699 2
210 -11.2941 29.7785 -16.9699 29.8272 4
211 -18.4568 32.2266 -21.2052 31.8699 2
212 -11.2941 29.7785 -16.9699 29.8272 4
213 -18.4568 32.2266 -21.2052 31.8699 2
214 -11.2941 29.7785 -16.9699 29.8272 4
215 -18.4568 32.2266 -21.2052 31.8699 2
216 -11.2941 29.7785 -16.9699 29.8272 4
217 -18.4568 32.2266 -21.2052 31.8699 2
218 -11.2941 29.7785 -16.9699 29.8272 4
219 -18.4568 32.2266 -21.2052 31.8699 2
220 -11.2941 29.7785 -16.9699 29.8272 4
221 -18.4568 32.2266 -21.2052 31.8699 2
222 -11.2941 29.7785 -16.9699 29.8272 4
223 -18.4568 32.2266 -21.2052 31.8699 2
224 -11.2941 29.7785 -16.9699 29.8272 4
225 -18.4568 32.2266 -21.2052 31.8699 2
226 -11.2941 29.7785 -16.9699 29.8272 4
227 -18.4568 32.2266 -21.2052 31.8699 2
228 -11.2941 29.7785 -16.9699 29.8272 4
229 RANDOM
230 -22.0953 23.5991 -18.9079 22.912 2
231 -12.2767 30.1638 -17.5768 30.0991 2
232 -11.2941 29.7785 -16.9699 29.8272 4
233 -18.4568 32.2266 -21.2052 31.8699 2
234 -11.2941 29.7785 -16.9699 29.8272 4
235 -18.4568 32.2266 -21.2052 31.8699 2
236 -11.2941 29.7785 -16.9699 29.8272 4
237 -18.4568 32.2266 -21.2052 31.8699 2
238 -11.2941 29.7785 -16.9699 29.8272 4
239 -18.4568 32.2266 -21.2052 31.8699 2
240 -11.2941 29.7785 -16.9699 29.8272 4
241 -18.4568 32.2266 -21.2052 31.8699 2
242 -11.2941 29.7785 -16.9699 29.8272 4
243 RANDOM
244 -22.0953 23.5991 -18.9079 22.912 2
245 -12.2767 30.1638 -17.5768 30.0991 2
246 -11.2941 29.7785 -16.9699 29.8272 4
247 RANDOM
248 -22.0953 23.5991 -18.9079 22.912 2
249 -12.2767 30.1638 -17.5768 30.0991 2
250 -11.2941 29.7785 -16.9699 29.8272 4
251 -18.4568 32.2266 -21.2052 31.8699 2
252 -11.2941 29.7785 -16.9699 29.8272 4
253 -18.4568 32.2266 -21.2052 31.8699 2
254 -11.2941 29.7785 -16.9699 29.8272 4
255 -18.4568 32.2266 -21.2052 31.8699 2
256 -11.2941 29.7785 -16.9699 29.8272 4
257 -18.4568 32.2266 -21.2052 31.8699 2
258 -11.2941 29.7785 -16.9699 29.8272 4
259 -18.4568 32.2266 -21.2052 31.8699 2
260 -11.2941 29.7785 -16.9699 29.8272 4
261 -18.4568 32.2266 -21.2052 31.8699 2
262 -11.2941 29.7785 -16.9699 29.8272 4
263 -18.4568 32.2266 -21.2052 31.8699 2
264 -11.2941 29.7785 -16.9699 29.8272 4
265 -18.4568 32.2266 -21.2052 31.8699 2
266 -11.2941 29.7785 -16.9699 29.8272 4
267 -18.4568 32.2266 -21.2052 31.8699 2
268 -11.2941 29.7785 -16.9699 29.8272 4
269 -18.4568 32.2266 -21.2052 31.8699 2
270 -11.2941 29.7785 -16.9699 29.8272 4
271 -18.4568 32.2266 -21.2052 31.8699 2
272 -11.2941 29.7785 -16.9699 29.8272 4
273 -18.4568 32.2266 -21.2052 31.8699 2
274 -11.2941 29.7785 -16.9699 29.8272 4
275 -18.4568 32.2266 -21.2052 31.8699 2
276 -11.2941 29.7785 -16.9699 29.8272 4
277 -18.4568 32.2266 -21.2052 31.8699 2
278 -11.2941 29.7785 -16.9699 29.8272 4
279 -18.4568 32.2266 -21.2052 31.8699 2
280 RANDOM
281 -10.2745 29.6172 -16.4007 29.8091 4
282 RANDOM
283 -18.4568 32.2266 -21.2052 31.8699 2
284 -11.2941 29.7785 -16.9699 29.8272 4
285 -18.4568 32.2266 -21.2052 31.8699 2
286 -11.2941 29.7785 -16.9699 29.8272 4
287 -18.4568 32.2266 -21.2052 31.8699 2
288 -11.2941 29.7785 -16.9699 29.8272 4
289 -18.4568 32.2266 -21.2052 31.8699 2
290 -11.2941 29.7785 -16.9699 29.8272 4
291 -18.4568 32.2266 -21.2052 31.8699 2
292 -11.2941 29.7785 -16.9699 29.8272 4
293 -18.4568 32.2266 -21.2052 31.8699 2
294 -11.2941 29.7785 -16.9699 29.8272 4
295 -18.4568 32.2266 -21.2052 31.8699 2
296 -11.2941 29.7785 -16.9699 29.8272 4
297 -18.4568 32.2266 -21.2052 31.8699 2
298 -11.2941 29.7785 -16.9699 29.8272 4
299 -18.4568 32.2266 -21.2052 31.8699 2
300 -11.2941 29.7785 -16.9699 29.8272 4
301 -18.4568 32.2266 -21.2052 31.8699 2
302 -11.2941 29.7785 -16.9699 29.8272 4
303 -18.4568 32.2266 -21.2052 31.8699 2
304 -11.2941 29.7785 -16.9699 29.8272 4
305 -18.4568 32.2266 -21.2052 31.8699 2
306 -11.2941 29.7785 -16.9699 29.8272 4
307 -18.4568 32.2266 -21.2052 31.8699 2
308 -11.2941 29.7785 -16.9699 29.8272 4
309 -18.4568 32.2266 -21.2052 31.8699 2
310 -11.2941 29.7785 -16.9699 29.8272 4
311 -18.4568 32.2266 -21.2052 31.8699 2
312 -11.2941 29.7785 -16.9699 29.8272 4
313 -18.4568 32.2266 -21.2052 31.8699 2
314 -11.2941 29.7785 -16.9699 29.8272 4
315 -18.4568 32.2266 -21.2052 31.8699 2
316 -11.2941 29.7785 -16.9699 29.8272 4
317 -18.4568 32.2266 -21.2052 31.8699 2
318 -11.2941 29.7785 -16.9699 29.8272 4
319 -18.4568 32.2266 -21.2052 31.8699 2
320 -11.2941 29.7785 -16.9699 29.8272 4
321 -18.4568 32.2266 -21.2052 31.8699 2
322 -11.2941 29.7785 -16.9699 29.8272 4
323 -18.4568 32.2266 -21.2052 31.8699 2
324 -11.2941 29.7785 -16.9699 29.8272 4
325 -18.4568 32.2266 -21.2052 31.8699 2
326 -11.2941 29.7785 -16.9699 29.8272 4
327 -18.4568 32.2266 -21.2052 31.8699 2
328 -11.2941 29.7785 -16.9699 29.8272 4
329 -18.4568 32.2266 -21.2052 31.8699 2
330 RANDOM
331 -10.2745 29.6172 -16.4007 29.8091 4
332 -17.6234 32.27 -20.9029 31.9249 2
333 -10.2745 29.6172 -16.4007 29.8091 4
334 -17.6234 32.27 -20.9029 31.9249 2
335 RANDOM
336 -9.30193 29.669 -15.955 30.0434 4
337 RANDOM
338 -17.6234 32.27 -20.9029 31.9249 2
339 -10.2745 29.6172 -16.4007 29.8091 4
340 -17.6234 32.27 -20.9029 31.9249 2
341 -10.2745 29.6172 -16.4007 29.8091 4
342 -17.6234 32.27 -20.9029 31.9249 2
343 -10.2745 29.6172 -16.4007 29.8091 4
344 -17.6234 32.27 -20.9029 31.9249 2
345 -10.2745 29.6172 -16.4007 29.8091 4
346 -17.6234 32.27 -20.9029 31.9249 2
347 -10.2745 29.6172 -16.4007 29.8091 4
348 -17.6234 32.27 -20.9029 31.9249 2
349 -10.2745 29.6172 -16.4007 29.8091 4
350 -17.6234 32.27 -20.9029 31.9249 2
351 -10.2745 29.6172 -16.4007 29.8091 4
352 -17.6234 32.27 -20.9029 31.9249 2
353 -10.2745 29.6172 -16.4007 29.8091 4
354 -17.6234 32.27 -20.9029 31.9249 2
355 -10.2745 29.6172 -16.4007 29.8091 4
356 -17.6234 32.27 -20.9029 31.9249 2
357 -10.2745 29.6172 -16.4007 29.8091 4
358 -17.6234 32.27 -20.9029 31.9249 2
359 -10.2745 29.6172 -16.4007 29.8091 4
360 -17.6234 32.27 -20.9029 31.9249 2
361 -10.2745 29.6172 -16.4007 29.8091 4
362 -17.6234 32.27 -20.9029 31.9249 2
363 -10.2745 29.6172 -16.4007 29.8091 4
364 -17.6234 32.27 -20.9029 31.9249 2
365 -10.2745 29.6172 -16.4007 29.8091 4
366 -17.6234 32.27 -20.9029 31.9249 2
367 -10.2745 29.6172 -16.4007 29.8091 4
368 -17.6234 32.27 -20.9029 31.9249 2
369 -10.2745 29.6172 -16.4007 29.8091 4
370 -17.6234 32.27 -20.9029 31.9249 2
371 -10.2745 29.6172 -16.4007 29.8091 4
372 -17.6234 32.27 -20.9029 31.9249 2
373 -10.2745 29.6172 -16.4007 29.8091 4
374 -17.6234 32.27 -20.9029 31.9249 2
375 -10.2745 29.6172 -16.4007 29.8091 4
376 -17.6234 32.27 -20.9029 31.9249 2
377 -10.2745 29.6172 -16.4007 29.8091 4
378 -17.6234 32.27 -20.9029 31.9249 2
379 -10.2745 29.6172 -16.4007 29.8091 4
380 -17.6234 32.27 -20.9029 31.9249 2
381 -10.2745 29.6172 -16.4007 29.8091 4
382 -17.6234 32.27 -20.9029 31.9249 2
383 -10.2745 29.6172 -16.4007 29.8091 4
384 -17.6234 32.27 -20.9029 31.9249 2
385 -10.2745 29.6172 -16.4007 29.8091 4
386 -17.6234 32.27 -20.9029 31.9249 2
387 -10.2745 29.6172 -16.4007 29.8091 4
388 -17.6234 32.27 -20.9029 31.9249 2
389 -10.2745 29.6172 -16.4007 29.8091 4
390 -17.6234 32.27 -20.9029 31.9249 2
391 -10.2745 29.6172 -16.4007 29.8091 4
392 -17.6234 32.27 -20.9029 31.9249 2
393 -10.2745 29.6172 -16.4007 29.8091 4
394 -17.6234 32.27 -20.9029 31.9249 2
395 -10.2745 29.6172 -16.4007 29.8091 4
396 -17.6234 32.27 -20.9029 31.9249 2
397 -10.2745 29.6172 -16.4007 29.8091 4
398 -17.6234 32.27 -20.9029 31.9249 2
399 -10.2745 29.6172 -16.4007 29.8091 4
400 -17.6234 32.27 -20.9029 31.9249 2
401 -10.2745 29.6172 -16.4007 29.8091 4
402 -17.6234 32.27 -20.9029 31.9249 2
403 -10.2745 29.6172 -16.4007 29.8091 4
404 -17.6234 32.27 -20.9029 31.9249 2
405 -10.2745 29.6172 -16.4007 29.8091 4
406 -17.6234 32.27 -20.9029 31.9249 2
407 -10.2745 29.6172 -16.4007 29.8091 4
408 -17.6234 32.27 -20.9029 31.9249 2
409 -10.2745 29.6172 -16.4007 29.8091 4
410 -17.6234 32.27 -20.9029 31.9249 2
411 -10.2745 29.6172 -16.4007 29.8091 4
412 -17.6234 32.27 -20.9029 31.9249 2
413 -10.2745 29.6172 -16.4007 29.8091 4
414 -17.6234 32.27 -20.9029 31.9249 2
415 -10.2745 29.6172 -16.4007 29.8091 4
416 -17.6234 32.27 -20.9029 31.9249 2
417 -10.2745 29.6172 -16.4007 29.8091 4
418 -17.6234 32.27 -20.9029 31.9249 2
419 -10.2745 29.6172 -16.4007 29.8091 4
420 -17.6234 32.27 -20.9029 31.9249 2
421 -10.2745 29.6172 -16.4007 29.8091 4
422 -17.6234 32.27 -20.9029 31.9249 2
423 -10.2745 29.6172 -16.4007 29.8091 4
424 -17.6234 32.27 -20.9029 31.9249 2
425 -10.2745 29.6172 -16.4007 29.8091 4
426 -17.6234 32.27 -20.9029 31.9249 2
427 -10.2745 29.6172 -16.4007 29.8091 4
428 -17.6234 32.27 -20.9029 31.9249 2
429 -10.2745 29.6172 -16.4007 29.8091 4
430 RANDOM
431 -18.4568 32.2266 -21.2052 31.8699 2
432 -11.2941 29.7785 -16.9699 29.8272 4
433 -18.4568 32.2266 -21.2052 31.8699 2
434 -11.2941 29.7785 -16.9699 29.8272 4
435 -18.4568 32.2266 -21.2052 31.8699 2
436 -11.2941 29.7785 -16.9699 29.8272 4
437 -18.4568 32.2266 -21.2052 31.8699 2
438 -11.2941 29.7785 -16.9699 29.8272 4
439 -18.4568 32.2266 -21.2052 31.8699 2
440 -11.2941 29.7785 -16.9699 29.8272 4
441 -18.4568 32.2266 -21.2052 31.8699 2
442 -11.2941 29.7785 -16.9699 29.8272 4
443 -18.4568 32.2266 -21.2052 31.8699 2
444 -11.2941 29.7785 -16.9699 29.8272 4
445 -18.4568 32.2266 -21.2052 31.8699 2
446 -11.2941 29.7785 -16.9699 29.8272 4
447 -18.4568 32.2266 -21.2052 31.8699 2
448 -11.2941 29.7785 -16.9699 29.8272 4
449 -18.4568 32.2266 -21.2052 31.8699 2
450 -11.2941 29.7785 -16.9699 29.8272 4
451 -18.4568 32.2266 -21.2052 31.8699 2
452 -11.2941 29.7785 -16.9699 29.8272 4
453 -18.4568 32.2266 -21.2052 31.8699 2
454 -11.2941 29.7785 -16.9699 29.8272 4
455 -18.4568 32.2266 -21.2052 31.8699 2
456 -11.2941 29.7785 -16.9699 29.8272 4
457 -18.4568 32.2266 -21.2052 31.8699 2
458 -11.2941 29.7785 -16.9699 29.8272 4
459 -18.4568 32.2266 -21.2052 31.8699 2
460 -11.2941 29.7785 -16.9699 29.8272 4
461 -18.4568 32.2266 -21.2052 31.8699 2
462 -11.2941 29.7785 -16.9699 29.8272 4
463 -18.4568 32.2266 -21.2052 31.8699 2
464 -11.2941 29.7785 -16.9699 29.8272 4
465 -18.4568 32.2266 -21.2052 31.8699 2
466 RANDOM
467 -10.2745 29.6172 -16.4007 29.8091 4
468 -17.6234 32.27 -20.9029 31.9249 2
469 -10.2745 29.6172 -16.4007 29.8091 4
470 -17.6234 32.27 -20.9029 31.9249 2
471 -10.2745 29.6172 -16.4007 29.8091 4
472 -17.6234 32.27 -20.9029 31.9249 2
473 -10.2745 29.6172 -16.4007 29.8091 4
474 -17.6234 32.27 -20.9029 31.9249 2
475 -10.2745 29.6172 -16.4007 29.8091 4
476 -17.6234 32.27 -20.9029 31.9249 2
477 -10.2745 29.6172 -16.4007 29.8091 4
478 RANDOM
479 -18.4568 32.2266 -21.2052 31.8699 2
480 -11.2941 29.7785 -16.9699 29.8272 4
481 -18.4568 32.2266 -21.2052 31.8699 2
482 -11.2941 29.7785 -16.9699 29.8272 4
483 -18.4568 32.2266 -21.2052 31.8699 2
484 -11.2941 29.7785 -16.9699 29.8272 4
485 -18.4568 32.2266 -21.2052 31.8699 2
486 -11.2941 29.7785 -16.9699 29.8272 4
487 -18.4568 32.2266 -21.2052 31.8699 2
488 -11.2941 29.7785 -16.9699 29.8272 4
489 -18.4568 32.2266 -21.2052 31.8699 2
490 -11.2941 29.7785 -16.9699 29.8272 4
491 -18.4568 32.2266 -21.2052 31.8699 2
492 RANDOM
493 -10.2745 29.6172 -16.4007 29.8091 4
494 -17.6234 32.27 -20.9029 31.9249 2
495 -10.2745 29.6172 -16.4007 29.8091 4
496 -17.6234 32.27 -20.9029 31.9249 2
497 -10.2745 29.6172 -16.4007 29.8091 4
498 -17.6234 32.27 -20.9029 31.9249 2
499 -10.2745 29.6172 -16.4007 29.8091 4
500 -17.6234 32.27 -20.9029 31.9249 2
501 -10.2745 29.6172 -16.4007 29.8091 4
502 -17.6234 32.27 -20.9029 31.9249 2
503 -10.2745 29.6172 -16.4007 29.8091 4
504 -17.6234 32.27 -20.9029 31.9249 2
505 -10.2745 29.6172 -16.4007 29.8091 4
506 -17.6234 32.27 -20.9029 31.9249 2
507 -10.2745 29.6172 -16.4007 29.8091 4
508 -17.6234 32.27 -20.9029 31.9249 2
509 -10.2745 29.6172 -16.4007 29.8091 4
510 -17.6234 32.27 -20.9029 31.9249 2
511 -10.2745 29.6172 -16.4007 29.8091 4
512 -17.6234 32.27 -20.9029 31.9249 2
513 -10.2745 29.6172 -16.4007 29.8091 4
514 -17.6234 32.27 -20.9029 31.9249 2
515 -10.2745 29.6172 -16.4007 29.8091 4
516 -17.6234 32.27 -20.9029 31.9249 2
517 -10.2745 29.6172 -16.4007 29.8091 4
518 -17.6234 32.27 -20.9029 31.9249 2
519 -10.2745 29.6172 -16.4007 29.8091 4
520 -17.6234 32.27 -20.9029 31.9249 2
521 -10.2745 29.6172 -16.4007 29.8091 4
522 -17.6234 32.27 -20.9029 31.9249 2
523 -10.2745 29.6172 -16.4007 29.8091 4
524 -17.6234 32.27 -20.9029 31.9249 2
525 -10.2745 29.6172 -16.4007 29.8091 4
526 -17.6234 32.27 -20.9029 31.9249 2
527 -10.2745 29.6172 -16.4007 29.8091 4
528 -17.6234 32.27 -20.9029 31.9249 2
529 -10.2745 29.6172 -16.4007 29.8091 4
530 -17.6234 32.27 -20.9029 31.9249 2
531 -10.2745 29.6172 -16.4007 29.8091 4
532 -17.6234 32.27 -20.9029 31.9249 2
533 -10.2745 29.6172 -16.4007 29.8091 4
534 -17.6234 32.27 -20.9029 31.9249 2
535 -10.2745 29.6172 -16.4007 29.8091 4
536 -17.6234 32.27 -20.9029 31.9249 2
537 -10.2745 29.6172 -16.4007 29.8091 4
538 RANDOM
539 -18.4568 32.2266 -21.2052 31.8699 2
540 -11.2941 29.7785 -16.9699 29.8272 4
541 -18.4568 32.2266 -21.2052 31.8699 2
542 -11.2941 29.7785 -16.9699 29.8272 4
543 -18.4568 32.2266 -21.2052 31.8699 2
544 -11.2941 29.7785 -16.9699 29.8272 4
545 -18.4568 32.2266 -21.2052 31.8699 2
546 -11.2941 29.7785 -16.9699 29.8272 4
547 -18.4568 32.2266 -21.2052 31.8699 2
548 -11.2941 29.7785 -16.9699 29.8272 4
549 -18.4568 32.2266 -21.2052 31.8699 2
550 -11.2941 29.7785 -16.9699 29.8272 4
551 -18.4568 32.2266 -21.2052 31.8699 2
552 -11.2941 29.7785 -16.9699 29.8272 4
553 -18.4568 32.2266 -21.2052 31.8699 2
554 -11.2941 29.7785 -16.9699 29.8272 4
555 -18.4568 32.2266 -21.2052 31.8699 2
556 -11.2941 29.7785 -16.9699 29.8272 4
557 -18.4568 32.2266 -21.2052 31.8699 2
558 -11.2941 29.7785 -16.9699 29.8272 4
559 RANDOM
560 -22.0953 23.5991 -18.9079 22.912 2
561 RANDOM
562 -11.2941 29.7785 -16.9699 29.8272 4
563 -18.4568 32.2266 -21.2052 31.8699 2
564 -11.2941 29.7785 -16.9699 29.8272 4
565 -18.4568 32.2266 -21.2052 31.8699 2
566 -11.2941 29.7785 -16.9699 29.8272 4
567 -18.4568 32.2266 -21.2052 31.8699 2
568 -11.2941 29.7785 -16.9699 29.8272 4
569 -18.4568 32.2266 -21.2052 31.8699 2
570 -11.2941 29.7785 -16.9699 29.8272 4
571 -18.4568 32.2266 -21.2052 31.8699 2
572 -11.2941 29.7785 -16.9699 29.8272 4
573 -18.4568 32.2266 -21.2052 31.8699 2
574 -11.2941 29.7785 -16.9699 29.8272 4
575 -18.4568 32.2266 -21.2052 31.8699 2
576 -11.2941 29.7785 -16.9699 29.8272 4
577 -18.4568 32.2266 -21.2052 31.8699 2
578 -11.2941 29.7785 -16.9699 29.8272 4
579 -18.4568 32.2266 -21.2052 31.8699 2
580 -11.2941 29.7785 -16.9699 29.8272 4
581 -18.4568 32.2266 -21.2052 31.8699 2
582 -11.2941 29.7785 -16.9699 29.8272 4
583 -18.4568 32.2266 -21.2052 31.8699 2
584 RANDOM
585 -10.2745 29.6172 -16.4007 29.8091 4
586 -17.6234 32.27 -20.9029 31.9249 2
587 -10.2745 29.6172 -16.4007 29.8091 4
588 -17.6234 32.27 -20.9029 31.9249 2
589 -10.2745 29.6172 -16.4007 29.8091 4
590 -17.6234 32.27 -20.9029 31.9249 2
591 -10.2745 29.6172 -16.4007 29.8091 4
592 -17.6234 32.27 -20.9029 31.9249 2
593 -10.2745 29.6172 -16.4007 29.8091 4
594 -17.6234 32.27 -20.9029 31.9249 2
595 -10.2745 29.6172 -16.4007 29.8091 4
596 -17.6234 32.27 -20.9029 31.9249 2
597 -10.2745 29.6172 -16.4007 29.8091 4
598 -17.6234 32.27 -20.9029 31.9249 2
599 RANDOM
600 -9.30193 29.669 -15.955 30.0434 4
601 -16.8392 32.1209 -20.5804 31.7981 2
602 -9.30193 29.669 -15.955 30.0434 4
603 -16.8392 32.1209 -20.5804 31.7981 2
604 RANDOM
605 -10.0993 30.0173 -15.9775 30.0682 4
606 -16.0559 32.4283 -20.4164 32.1489 2
607 -10.0993 30.0173 -15.9775 30.0682 4
608 -16.0559 32.4283 -20.4164 32.1489 2
609 RANDOM
610 -9.1474 29.4112 -15.258 29.5121 4
611 -15.5613 31.6841 -18.7494 31.1179 2
612 -9.1474 29.4112 -15.258 29.5121 4
613 -15.5613 31.6841 -18.7494 31.1179 2
614 -9.1474 29.4112 -15.258 29.5121 4
615 -15.5613 31.6841 -18.7494 31.1179 2
616 -9.1474 29.4112 -15.258 29.5121 4
617 -15.5613 31.6841 -18.7494 31.1179 2
618 -9.1474 29.4112 -15.258 29.5121 4
619 -15.5613 31.6841 -18.7494 31.1179 2
620 -9.1474 29.4112 -15.258 29.5121 4
621 -15.5613 31.6841 -18.7494 31.1179 2
622 -9.1474 29.4112 -15.258 29.5121 4
623 -15.5613 31.6841 -18.7494 31.1179 2
624 -9.1474 29.4112 -15.258 29.5121 4
625 -15.5613 31.6841 -18.7494 31.1179 2
626 -9.1474 29.4112 -15.258 29.5121 4
627 -15.5613 31.6841 -18.7494 31.1179 2
628 -9.1474 29.4112 -15.258 29.5121 4
629 -15.5613 31.6841 -18.7494 31.1179 2
630 RANDOM
631 -8.19781 29.3491 -14.7254 29.5501 4
632 -15.022 31.4962 -18.3905 30.9666 2
633 -8.19781 29.3491 -14.7254 29.5501 4
634 -15.022 31.4962 -18.3905 30.9666 2
635 -8.19781 29.3491 -14.7254 29.5501 4
636 -15.022 31.4962 -18.3905 30.9666 2
637 -8.19781 29.3491 -14.7254 29.5501 4
638 -15.022 31.4962 -18.3905 30.9666 2
639 -8.19781 29.3491 -14.7254 29.5501 4
640 -15.022 31.4962 -18.3905 30.9666 2
641 -8.19781 29.3491 -14.7254 29.5501 4
642 -15.022 31.4962 -18.3905 30.9666 2
643 -8.19781 29.3491 -14.7254 29.5501 4
644 -15.022 31.4962 -18.3905 30.9666 2
645 -8.19781 29.3491 -14.7254 29.5501 4
646 -15.022 31.4962 -18.3905 30.9666 2
647 -8.19781 29.3491 -14.7254 29.5501 4
648 -15.022 31.4962 -18.3905 30.9666 2
649 -8.19781 29.3491 -14.7254 29.5501 4
650 -15.022 31.4962 -18.3905 30.9666 2
651 -8.19781 29.3491 -14.7254 29.5501 4
652 -15.022 31.4962 -18.3905 30.9666 2
653 -8.19781 29.3491 -14.7254 29.5501 4
654 -15.022 31.4962 -18.3905 30.9666 2
655 -8.19781 29.3491 -14.7254 29.5501 4
656 -15.022 31.4962 -18.3905 30.9666 2
657 -8.19781 29.3491 -14.7254 29.5501 4
658 -15.022 31.4962 -18.3905 30.9666 2
659 -8.19781 29.3491 -14.7254 29.5501 4
660 -15.022 31.4962 -18.3905 30.9666 2
661 -8.19781 29.3491 -14.7254 29.5501 4
662 -15.022 31.4962 -18.3905 30.9666 2
663 -8.19781 29.3491 -14.7254 29.5501 4
664 -15.022 31.4962 -18.3905 30.9666 2
665 -8.19781 29.3491 -14.7254 29.5501 4
666 -15.022 31.4962 -18.3905 30.9666 2
667 -8.19781 29.3491 -14.7254 29.5501 4
668 RANDOM
669 -15.5613 31.6841 -18.7494 31.1179 2
670 -9.1474 29.4112 -15.258 29.5121 4
671 -15.5613 31.6841 -18.7494 31.1179 2
672 -9.1474 29.4112 -15.258 29.5121 4
673 -15.5613 31.6841 -18.7494 31.1179 2
674 RANDOM
675 -8.19781 29.3491 -14.7254 29.5501 4
676 -15.022 31.4962 -18.3905 30.9666 2
677 RANDOM
678 -7.39821 29.2004 -14.3315 29.5538 4
679 -14.3897 31.1889 -18.0328 30.6734 2
680 -7.39821 29.2004 -14.3315 29.5538 4
681 -14.3897 31.1889 -18.0328 30.6734 2
682 -7.39821 29.2004 -14.3315 29.5538 4
683 -14.3897 31.1889 -18.0328 30.6734 2
684 -7.39821 29.2004 -14.3315 29.5538 4
685 RANDOM
686 -15.022 31.4962 -18.3905 30.9666 2
687 -8.19781 29.3491 -14.7254 29.5501 4
688 -15.022 31.4962 -18.3905 30.9666 2
689 -8.19781 29.3491 -14.7254 29.5501 4
690 -15.022 31.4962 -18.3905 30.9666 2
691 -8.19781 29.3491 -14.7254 29.5501 4
692 -15.022 31.4962 -18.3905 30.9666 2
693 -8.19781 29.3491 -14.7254 29.5501 4
694 -15.022 31.4962 -18.3905 30.9666 2
695 RANDOM
696 -7.39821 29.2004 -14.3315 29.5538 4
697 -14.3897 31.1889 -18.0328 30.6734 2
698 -7.39821 29.2004 -14.3315 29.5538 4
699 -14.3897 31.1889 -18.0328 30.6734 2
700 -7.39821 29.2004 -14.3315 29.5538 4
701 -14.3897 31.1889 -18.0328 30.6734 2
702 -7.39821 29.2004 -14.3315 29.5538 4
703 -14.3897 31.1889 -18.0328 30.6734 2
704 -7.39821 29.2004 -14.3315 29.5538 4
705 -14.3897 31.1889 -18.0328 30.6734 2
706 -7.39821 29.2004 -14.3315 29.5538 4
707 -14.3897 31.1889 -18.0328 30.6734 2
708 -7.39821 29.2004 -14.3315 29.5538 4
709 -14.3897 31.1889 -18.0328 30.6734 2
710 -7.39821 29.2004 -14.3315 29.5538 4
711 -14.3897 31.1889 -18.0328 30.6734 2
712 -7.39821 29.2004 -14.3315 29.5538 4
713 -14.3897 31.1889 -18.0328 30.6734 2
714 -7.39821 29.2004 -14.3315 29.5538 4
715 -14.3897 31.1889 -18.0328 30.6734 2
716 -7.39821 29.2004 -14.3315 29.5538 4
717 -14.3897 31.1889 -18.0328 30.6734 2
718 RANDOM
719 -8.36565 26.4491 -13.0693 26.0487 2
720 -7.64215 26.4706 -12.8089 26.2062 2
721 -6.91242 26.8425 -12.6594 26.7556 2
722 -6.31304 27.1815 -12.6592 27.3194 4
723 -12.1356 30.6475 -16.1799 29.99 2
724 -6.31304 27.1815 -12.6592 27.3194 4
725 -12.1356 30.6475 -16.1799 29.99 2
726 -6.31304 27.1815 -12.6592 27.3194 4
727 -12.1356 30.6475 -16.1799 29.99 2
728 RANDOM
729 -6.46687 23.0744 -10.0485 21.6733 2
730 -5.91744 23.1888 -9.82602 21.8722 2
731 -5.31117 23.7109 -9.8463 22.5612 2
732 -4.66126 25.1597 -10.2503 24.4301 2
733 -6.72141 27.1979 -12.5265 27.232 4
734 -9.02557 23.1902 -11.002 21.0852 2
735 -6.72141 27.1979 -12.5265 27.232 4
736 -9.02557 23.1902 -11.002 21.0852 2
737 -6.72141 27.1979 -12.5265 27.232 4
738 -9.02557 23.1902 -11.002 21.0852 2
739 -6.72141 27.1979 -12.5265 27.232 4
740 -9.02557 23.1902 -11.002 21.0852 2
741 -6.72141 27.1979 -12.5265 27.232 4
742 -9.02557 23.1902 -11.002 21.0852 2
743 -6.72141 27.1979 -12.5265 27.232 4
744 -9.02557 23.1902 -11.002 21.0852 2
745 -6.72141 27.1979 -12.5265 27.232 4
746 -9.02557 23.1902 -11.002 21.0852 2
747 -6.72141 27.1979 -12.5265 27.232 4
748 RANDOM
749 -9.30434 23.9285 -11.221 21.8999 2
750 -4.66126 25.1597 -10.2503 24.4301 2
751 -6.72141 27.1979 -12.5265 27.232 4
752 -9.02557 23.1902 -11.002 21.0852 2
753 -6.72141 27.1979 -12.5265 27.232 4
754 RANDOM
755 RANDOM
756 -9.61989 24.2383 -11.3658 22.3379 2
757 -5.31117 23.7109 -9.8463 22.5612 2
758 -4.66126 25.1597 -10.2503 24.4301 2
759 -6.72141 27.1979 -12.5265 27.232 4
760 -9.02557 23.1902 -11.002 21.0852 2
761 -6.72141 27.1979 -12.5265 27.232 4
762 -9.02557 23.1902 -11.002 21.0852 2
763 -6.72141 27.1979 -12.5265 27.232 4
764 -9.02557 23.1902 -11.002 21.0852 2
765 -6.72141 27.1979 -12.5265 27.232 4
766 -9.02557 23.1902 -11.002 21.0852 2
767 -6.72141 27.1979 -12.5265 27.232 4
768 -9.02557 23.1902 -11.002 21.0852 2
769 -6.72141 27.1979 -12.5265 27.232 4
770 -9.02557 23.1902 -11.002 21.0852 2
771 -6.72141 27.1979 -12.5265 27.232 4
772 -9.02557 23.1902 -11.002 21.0852 2
773 -6.72141 27.1979 -12.5265 27.232 4
774 -9.02557 23.1902 -11.002 21.0852 2
775 -6.72141 27.1979 -12.5265 27.232 4
776 -9.02557 23.1902 -11.002 21.0852 2
777 -6.72141 27.1979 -12.5265 27.232 4
778 -9.02557 23.1902 -11.002 21.0852 2
779 -6.72141 27.1979 -12.5265 27.232 4
780 -9.02557 23.1902 -11.002 21.0852 2
781 -6.72141 27.1979 -12.5265 27.232 4
782 -9.02557 23.1902 -11.002 21.0852 2
783 -6.72141 27.1979 -12.5265 27.232 4
784 -9.02557 23.1902 -11.002 21.0852 2
785 -6.72141 27.1979 -12.5265 27.232 4
786 -9.02557 23.1902 -11.002 21.0852 2
787 -6.72141 27.1979 -12.5265 27.232 4
788 -9.02557 23.1902 -11.002 21.0852 2
789 -6.72141 27.1979 -12.5265 27.232 4
790 -9.02557 23.1902 -11.002 21.0852 2
791 -6.72141 27.1979 -12.5265 27.232 4
792 -9.02557 23.1902 -11.002 21.0852 2
793 -6.72141 27.1979 -12.5265 27.232 4
794 -9.02557 23.1902 -11.002 21.0852 2
795 -6.72141 27.1979 -12.5265 27.232 4
796 -9.02557 23.1902 -11.002 21.0852 2
797 -6.72141 27.1979 -12.5265 27.232 4
798 -9.02557 23.1902 -11.002 21.0852 2
799 -6.72141 27.1979 -12.5265 27.232 4
800 -9.02557 23.1902 -11.002 21.0852 2
801 -6.72141 27.1979 -12.5265 27.232 4
802 -9.02557 23.1902 -11.002 21.0852 2
803 -6.72141 27.1979 -12.5265 27.232 4
804 -9.02557 23.1902 -11.002 21.0852 2
805 -6.72141 27.1979 -12.5265 27.232 4
806 -9.02557 23.1902 -11.002 21.0852 2
807 RANDOM
808 RANDOM
809 -4.59167 30.4986 -12.566 30.8485 4
810 -11.7855 23.8707 -13.9777 23.4166 2
811 -4.59167 30.4986 -12.566 30.8485 4
812 -11.7855 23.8707 -13.9777 23.4166 2
813 -4.59167 30.4986 -12.566 30.8485 4
814 -11.7855 23.8707 -13.9777 23.4166 2
815 -4.59167 30.4986 -12.566 30.8485 4
816 -11.7855 23.8707 -13.9777 23.4166 2
817 -4.59167 30.4986 -12.566 30.8485 4
818 -11.7855 23.8707 -13.9777 23.4166 2
819 -4.59167 30.4986 -12.566 30.8485 4
820 -11.7855 23.8707 -13.9777 23.4166 2
821 -4.59167 30.4986 -12.566 30.8485 4
822 -11.7855 23.8707 -13.9777 23.4166 2
823 -4.59167 30.4986 -12.566 30.8485 4
824 -11.7855 23.8707 -13.9777 23.4166 2
825 -4.59167 30.4986 -12.566 30.8485 4
826 -11.7855 23.8707 -13.9777 23.4166 2
827 -4.59167 30.4986 -12.566 30.8485 4
828 -11.7855 23.8707 -13.9777 23.4166 2
829 -4.59167 30.4986 -12.566 30.8485 4
830 RANDOM
831 -12.3349 23.1015 -13.8462 22.8326 2
832 -5.56786 29.191 -12.6058 29.4348 4
833 -12.3349 23.1015 -13.8462 22.8326 2
834 -5.56786 29.191 -12.6058 29.4348 4
835 -12.3349 23.1015 -13.8462 22.8326 2
836 -5.56786 29.191 -12.6058 29.4348 4
837 -12.3349 23.1015 -13.8462 22.8326 2
838 -5.56786 29.191 -12.6058 29.4348 4
839 -12.3349 23.1015 -13.8462 22.8326 2
840 -5.56786 29.191 -12.6058 29.4348 4
841 -12.3349 23.1015 -13.8462 22.8326 2
842 -5.56786 29.191 -12.6058 29.4348 4
843 -12.3349 23.1015 -13.8462 22.8326 2
844 -5.56786 29.191 -12.6058 29.4348 4
845 -12.3349 23.1015 -13.8462 22.8326 2
846 -5.56786 29.191 -12.6058 29.4348 4
847 -12.3349 23.1015 -13.8462 22.8326 2
848 -5.56786 29.191 -12.6058 29.4348 4
849 -12.3349 23.1015 -13.8462 22.8326 2
850 -5.56786 29.191 -12.6058 29.4348 4
851 -12.3349 23.1015 -13.8462 22.8326 2
852 -5.56786 29.191 -12.6058 29.4348 4
853 -12.3349 23.1015 -13.8462 22.8326 2
854 -5.56786 29.191 -12.6058 29.4348 4
855 -12.3349 23.1015 -13.8462 22.8326 2
856 -5.56786 29.191 -12.6058 29.4348 4
857 -12.3349 23.1015 -13.8462 22.8326 2
858 -5.56786 29.191 -12.6058 29.4348 4
859 -12.3349 23.1015 -13.8462 22.8326 2
860 -5.56786 29.191 -12.6058 29.4348 4
861 -12.3349 23.1015 -13.8462 22.8326 2
862 -5.56786 29.191 -12.6058 29.4348 4
863 -12.3349 23.1015 -13.8462 22.8326 2
864 -5.56786 29.191 -12.6058 29.4348 4
865 -12.3349 23.1015 -13.8462 22.8326 2
866 -5.56786 29.191 -12.6058 29.4348 4
867 -12.3349 23.1015 -13.8462 22.8326 2
868 -5.56786 29.191 -12.6058 29.4348 4
869 -12.3349 23.1015 -13.8462 22.8326 2
870 -5.56786 29.191 -12.6058 29.4348 4
871 -12.3349 23.1015 -13.8462 22.8326 2
872 -5.56786 29.191 -12.6058 29.4348 4
873 -12.3349 23.1015 -13.8462 22.8326 2
874 -5.56786 29.191 -12.6058 29.4348 4
875 -12.3349 23.1015 -13.8462 22.8326 2
876 -5.56786 29.191 -12.6058 29.4348 4
877 -12.3349 23.1015 -13.8462 22.8326 2
878 RANDOM
879 -4.59167 30.4986 -12.566 30.8485 4
880 -11.7855 23.8707 -13.9777 23.4166 2
881 -4.59167 30.4986 -12.566 30.8485 4
882 -11.7855 23.8707 -13.9777 23.4166 2
883 -4.59167 30.4986 -12.566 30.8485 4
884 -11.7855 23.8707 -13.9777 23.4166 2
885 -4.59167 30.4986 -12.566 30.8485 4
886 -11.7855 23.8707 -13.9777 23.4166 2
887 RANDOM
888 -3.66134 32.8985 -12.3535 33.4248 4
889 -11.3094 24.9134 -14.2307 24.3238 2
890 -3.66134 32.8985 -12.3535 33.4248 4
891 RANDOM
892 -11.7855 23.8707 -13.9777 23.4166 2
893 -4.59167 30.4986 -12.566 30.8485 4
894 -11.7855 23.8707 -13.9777 23.4166 2
895 -4.59167 30.4986 -12.566 30.8485 4
896 -11.7855 23.8707 -13.9777 23.4166 2
897 -4.59167 30.4986 -12.566 30.8485 4
898 -11.7855 23.8707 -13.9777 23.4166 2
899 -4.59167 30.4986 -12.566 30.8485 4
900 -11.7855 23.8707 -13.9777 23.4166 2
901 -4.59167 30.4986 -12.566 30.8485 4
902 -11.7855 23.8707 -13.9777 23.4166 2
903 -4.59167 30.4986 -12.566 30.8485 4
904 -11.7855 23.8707 -13.9777 23.4166 2
905 -4.59167 30.4986 -12.566 30.8485 4
906 -11.7855 23.8707 -13.9777 23.4166 2
907 -4.59167 30.4986 -12.566 30.8485 4
908 -11.7855 23.8707 -13.9777 23.4166 2
909 -4.59167 30.4986 -12.566 30.8485 4
910 -11.7855 23.8707 -13.9777 23.4166 2
911 -4.59167 30.4986 -12.566 30.8485 4
912 -11.7855 23.8707 -13.9777 23.4166 2
913 -4.59167 30.4986 -12.566 30.8485 4
914 -11.7855 23.8707 -13.9777 23.4166 2
915 -4.59167 30.4986 -12.566 30.8485 4
916 -11.7855 23.8707 -13.9777 23.4166 2
917 -4.59167 30.4986 -12.566 30.8485 4
918 -11.7855 23.8707 -13.9777 23.4166 2
919 -4.59167 30.4986 -12.566 30.8485 4
920 -11.7855 23.8707 -13.9777 23.4166 2
921 -4.59167 30.4986 -12.566 30.8485 4
922 -11.7855 23.8707 -13.9777 23.4166 2
923 -4.59167 30.4986 -12.566 30.8485 4
924 -11.7855 23.8707 -13.9777 23.4166 2
925 -4.59167 30.4986 -12.566 30.8485 4
926 -11.7855 23.8707 -13.9777 23.4166 2
927 -4.59167 30.4986 -12.566 30.8485 4
928 -11.7855 23.8707 -13.9777 23.4166 2
929 RANDOM
930 -3.66134 32.8985 -12.3535 33.4248 4
931 -11.3094 24.9134 -14.2307 24.3238 2
932 RANDOM
933 -5.71563 34.4198 -14.0596 34.7691 4
934 -10.9431 26.4219 -14.5452 26.0499 2
935 -5.71563 34.4198 -14.0596 34.7691 4
936 -10.9431 26.4219 -14.5452 26.0499 2
937 -5.71563 34.4198 -14.0596 34.7691 4
938 -10.9431 26.4219 -14.5452 26.0499 2
939 -5.71563 34.4198 -14.0596 34.7691 4
940 -10.9431 26.4219 -14.5452 26.0499 2
941 -5.71563 34.4198 -14.0596 34.7691 4
942 -10.9431 26.4219 -14.5452 26.0499 2
943 -5.71563 34.4198 -14.0596 34.7691 4
944 -10.9431 26.4219 -14.5452 26.0499 2
945 -5.71563 34.4198 -14.0596 34.7691 4
946 -10.9431 26.4219 -14.5452 26.0499 2
947 -5.71563 34.4198 -14.0596 34.7691 4
948 -10.9431 26.4219 -14.5452 26.0499 2
949 -5.71563 34.4198 -14.0596 34.7691 4
950 -10.9431 26.4219 -14.5452 26.0499 2
951 -5.71563 34.4198 -14.0596 34.7691 4
952 -10.9431 26.4219 -14.5452 26.0499 2
953 -5.71563 34.4198 -14.0596 34.7691 4
954 -10.9431 26.4219 -14.5452 26.0499 2
955 -5.71563 34.4198 -14.0596 34.7691 4
956 -10.9431 26.4219 -14.5452 26.0499 2
957 -5.71563 34.4198 -14.0596 34.7691 4
958 -10.9431 26.4219 -14.5452 26.0499 2
959 -5.71563 34.4198 -14.0596 34.7691 4
960 RANDOM
961 -2.45451 25.1956 -8.48707 24.6512 2
962 -4.12284 27.2686 -11.3657 27.5462 4
