0 64.8279 66.2138 68.7461 69.4876 4
1 74.0534 75.6552 78.1833 79.4025 4
2 67.6958 69.1448 71.672 72.5616 4
3 68.605 70.075 72.6005 73.5375 4
4 70.0421 71.5468 74.0699 75.0824 4
5 71.8664 73.4168 75.9375 77.0461 4
6 67.7343 69.1861 71.7121 72.6061 4
7 68.993 70.4744 72.998 73.9581 4
8 RANDOM
9 73.6328 75.2301 77.7638 78.9506 4
10 68.1106 69.5699 72.0982 73.0079 4
11 68.9734 70.4517 72.9783 73.9324 4
12 70.7517 72.2729 74.8027 75.8436 4
13 73.5501 75.1438 77.6838 78.8584 4
14 67.0366 68.4715 71.0106 71.8547 4
15 68.0261 69.482 72.02 72.9138 4
16 69.6069 71.0996 73.6412 74.6107 4
17 72.0009 73.555 76.1079 77.1887 4
18 66.5733 68.0018 70.5493 71.3647 4
19 67.5619 69.0138 71.5702 72.4257 4
20 69.4128 70.9114 73.495 74.416 4
21 RANDOM
22 66.7225 68.1581 70.7228 71.5286 4
23 67.4621 68.9159 71.4907 72.3232 4
24 RANDOM
25 71.8643 73.4354 76.0779 77.0666 4
26 67.1753 68.6243 71.2171 72.018 4
27 68.2102 69.6851 72.291 73.1302 4
28 69.7234 71.2363 73.8628 74.7569 4
29 72.2765 73.857 76.5274 77.5061 4
30 67.8106 69.2799 71.9245 72.7081 4
31 69.3323 70.8403 73.5088 74.3441 4
32 71.2498 72.807 75.5074 76.4063 4
33 RANDOM
34 68.642 70.1349 72.8362 73.6065 4
35 69.7039 71.2263 73.9616 74.7506 4
36 71.6661 73.2424 76.042 76.8644 4
37 75.1155 76.7871 79.7084 80.5804 4
38 70.0468 71.5713 74.3378 75.1174 4
39 71.6028 73.1718 76.0007 76.7953 4
40 74.507 76.1581 79.1087 79.9261 4
41 78.5982 80.3645 83.4863 84.3361 4
42 RANDOM
43 79.8032 81.5263 84.6834 85.5755 4
44 93.7119 95.7837 99.4815 100.544 4
