0 56.237 59.6358 44.684 68.2463 4
1 62.7318 69.188 42.5419 93.9318 4
2 71.0202 75.8638 52.9916 99.1935 4
3 71.4751 76.3673 53.0521 100.498 4
4 71.8875 76.9014 52.9141 102.012 4
5 72.4406 77.6144 52.6794 103.926 4
6 73.7863 77.7553 56.965 98.3201 4
7 74.4431 78.4693 57.2431 99.8502 4
8 75.0578 79.1756 57.2611 101.803 4
9 75.5879 79.8344 57.0938 103.905 4
10 78.0575 80.919 61.485 99.6629 4
11 78.2998 81.3389 61.252 101.254 4
12 78.4923 81.7683 60.8491 103.105 4
13 78.736 82.2348 60.4454 105.015 4
14 89.8786 90.4829 73.4026 104.79 4
15 90.3155 90.9748 73.59 105.875 4
16 90.4416 91.2867 73.3308 107.302 4
17 RANDOM
18 93.4963 92.9948 76.904 105.396 4
19 93.7745 93.3722 76.8301 106.611 4
20 93.9791 93.725 76.6279 108.012 4
21 94.1627 94.1236 76.3408 109.704 4
22 94.5868 94.1719 77.2862 107.989 4
23 95.1019 94.7513 77.4638 109.305 4
24 95.8196 95.5693 77.74 111.108 4
25 96.7774 96.6612 78.161 113.415 4
26 80.3054 82.6589 66.3745 88.2952 4
27 80.169 82.7908 66.222 88.2783 4
28 80.3299 83.2725 66.2741 88.779 4
29 80.9241 84.2287 66.6382 89.979 4
30 71.0889 75.3411 59.2248 75.7711 4
31 71.4991 76.0697 59.4355 76.4062 4
32 72.0832 77.0668 59.7555 77.5067 4
33 72.9937 78.4103 60.3573 79.0771 4
34 67.9522 71.6518 58.3533 66.7191 2
35 75.7285 75.3112 66.2306 72.1697 1
36 RANDOM
