0 -14.8648 28.7539 22.5642 30.5691 4
1 -14.8648 28.7539 22.5642 30.5691 4
2 -14.8648 28.7539 22.5642 30.5691 4
3 RANDOM
4 -14.8648 28.7539 22.5642 30.5691 4
5 -14.8648 28.7539 22.5642 30.5691 4
6 -14.8648 28.7539 22.5642 30.5691 4
7 -14.8648 28.7539 22.5642 30.5691 4
8 -14.8648 28.7539 22.5642 30.5691 4
9 -14.8648 28.7539 22.5642 30.5691 4
10 -14.8648 28.7539 22.5642 30.5691 4
11 -14.8648 28.7539 22.5642 30.5691 4
12 -14.8648 28.7539 22.5642 30.5691 4
13 -14.8648 28.7539 22.5642 30.5691 4
14 -14.8648 28.7539 22.5642 30.5691 4
15 -14.8648 28.7539 22.5642 30.5691 4
16 -14.8648 28.7539 22.5642 30.5691 4
17 -14.8648 28.7539 22.5642 30.5691 4
18 -14.8648 28.7539 22.5642 30.5691 4
19 -14.8648 28.7539 22.5642 30.5691 4
20 -14.8648 28.7539 22.5642 30.5691 4
21 -14.8648 28.7539 22.5642 30.5691 4
22 -14.8648 28.7539 22.5642 30.5691 4
23 -14.8648 28.7539 22.5642 30.5691 4
24 -14.8648 28.7539 22.5642 30.5691 4
25 -14.8648 28.7539 22.5642 30.5691 4
26 -14.8648 28.7539 22.5642 30.5691 4
27 -14.8648 28.7539 22.5642 30.5691 4
28 -14.8648 28.7539 22.5642 30.5691 4
29 -14.8648 28.7539 22.5642 30.5691 4
30 -14.8648 28.7539 22.5642 30.5691 4
31 -14.8648 28.7539 22.5642 30.5691 4
32 -14.8648 28.7539 22.5642 30.5691 4
33 -14.8648 28.7539 22.5642 30.5691 4
34 -14.8648 28.7539 22.5642 30.5691 4
35 -14.8648 28.7539 22.5642 30.5691 4
36 -14.8648 28.7539 22.5642 30.5691 4
37 -14.8648 28.7539 22.5642 30.5691 4
38 -14.8648 28.7539 22.5642 30.5691 4
39 -14.8648 28.7539 22.5642 30.5691 4
40 -14.8648 28.7539 22.5642 30.5691 4
41 -14.8648 28.7539 22.5642 30.5691 4
42 -9.25043 17.6409 -64.9103 22.1351 4
43 -6.64421 18.076 -71.1167 22.5689 4
44 -4.98583 17.4943 -78.3298 21.2649 4
45 -3.31506 15.3085 -86.8188 17.4246 4
46 -14.9408 9.97541 -50.8613 12.7841 4
47 -14.8108 8.4272 -46.9951 11.1009 4
48 -12.337 8.21489 -45.2556 11.1478 4
49 -10.4555 6.33978 -44.472 8.8356 4
50 -7.67865 -0.698371 -72.3461 -6.72886 2
51 -17.375 -1.36093 -6.36355 -2.6134 2
52 -17.322 -7.34339 -13.5402 -8.83543 2
53 -16.2155 -6.59641 -17.951 -6.69756 2
54 -15.7681 -4.46819 -20.7144 -4.00075 4
55 -10.4156 4.73665 -48.4837 5.51764 4
56 -9.94643 1.80735 -46.9249 1.7652 2
57 -16.2155 -6.59641 -17.951 -6.69756 2
58 -15.7681 -4.46819 -20.7144 -4.00075 4
59 -10.4156 4.73665 -48.4837 5.51764 4
60 -9.94643 1.80735 -46.9249 1.7652 2
61 -16.2155 -6.59641 -17.951 -6.69756 2
62 -15.7681 -4.46819 -20.7144 -4.00075 4
63 -10.4156 4.73665 -48.4837 5.51764 4
64 -9.94643 1.80735 -46.9249 1.7652 2
65 -16.2155 -6.59641 -17.951 -6.69756 2
66 -15.7681 -4.46819 -20.7144 -4.00075 4
67 -10.4156 4.73665 -48.4837 5.51764 4
68 -9.94643 1.80735 -46.9249 1.7652 2
69 -16.2155 -6.59641 -17.951 -6.69756 2
70 -15.7681 -4.46819 -20.7144 -4.00075 4
71 -10.4156 4.73665 -48.4837 5.51764 4
72 -9.94643 1.80735 -46.9249 1.7652 2
73 -16.2155 -6.59641 -17.951 -6.69756 2
74 -15.7681 -4.46819 -20.7144 -4.00075 4
75 -10.4156 4.73665 -48.4837 5.51764 4
76 -9.94643 1.80735 -46.9249 1.7652 2
77 -16.2155 -6.59641 -17.951 -6.69756 2
78 -15.7681 -4.46819 -20.7144 -4.00075 4
79 -10.4156 4.73665 -48.4837 5.51764 4
80 -9.94643 1.80735 -46.9249 1.7652 2
81 -16.2155 -6.59641 -17.951 -6.69756 2
82 -15.7681 -4.46819 -20.7144 -4.00075 4
83 RANDOM
84 -9.94643 1.80735 -46.9249 1.7652 2
85 -16.2155 -6.59641 -17.951 -6.69756 2
86 -15.7681 -4.46819 -20.7144 -4.00075 4
87 -10.4156 4.73665 -48.4837 5.51764 4
88 -9.94643 1.80735 -46.9249 1.7652 2
89 -16.2155 -6.59641 -17.951 -6.69756 2
90 -15.7681 -4.46819 -20.7144 -4.00075 4
91 -10.4156 4.73665 -48.4837 5.51764 4
92 -9.94643 1.80735 -46.9249 1.7652 2
93 -16.2155 -6.59641 -17.951 -6.69756 2
94 RANDOM
95 -17.0041 -0.479572 -36.1177 -0.779769 2
96 -16.563 -1.69903 -31.1942 -1.69039 4
97 -3.80376 3.22263 -84.7355 -0.501057 2
98 -16.563 -1.69903 -31.1942 -1.69039 4
99 -3.80376 3.22263 -84.7355 -0.501057 2
100 -16.563 -1.69903 -31.1942 -1.69039 4
101 -3.80376 3.22263 -84.7355 -0.501057 2
102 -16.563 -1.69903 -31.1942 -1.69039 4
103 -3.80376 3.22263 -84.7355 -0.501057 2
104 -16.563 -1.69903 -31.1942 -1.69039 4
105 RANDOM
106 -10.0573 5.4724 -51.6191 6.10518 4
107 -10.4156 4.73665 -48.4837 5.51764 4
108 -9.94643 1.80735 -46.9249 1.7652 2
109 -16.2155 -6.59641 -17.951 -6.69756 2
110 -15.7681 -4.46819 -20.7144 -4.00075 4
111 -10.4156 4.73665 -48.4837 5.51764 4
112 -9.94643 1.80735 -46.9249 1.7652 2
113 -16.2155 -6.59641 -17.951 -6.69756 2
114 -15.7681 -4.46819 -20.7144 -4.00075 4
115 RANDOM
116 -9.94643 1.80735 -46.9249 1.7652 2
117 -16.2155 -6.59641 -17.951 -6.69756 2
118 -15.7681 -4.46819 -20.7144 -4.00075 4
119 -10.4156 4.73665 -48.4837 5.51764 4
120 RANDOM
121 -9.57974 -1.44802 -46.3489 -2.59874 2
122 -17.322 -7.34339 -13.5402 -8.83543 2
123 -16.2155 -6.59641 -17.951 -6.69756 2
124 -15.7681 -4.46819 -20.7144 -4.00075 4
125 -10.4156 4.73665 -48.4837 5.51764 4
126 -9.94643 1.80735 -46.9249 1.7652 2
127 -16.2155 -6.59641 -17.951 -6.69756 2
128 -15.7681 -4.46819 -20.7144 -4.00075 4
129 -10.4156 4.73665 -48.4837 5.51764 4
130 -9.94643 1.80735 -46.9249 1.7652 2
131 -16.2155 -6.59641 -17.951 -6.69756 2
132 -15.7681 -4.46819 -20.7144 -4.00075 4
133 -10.4156 4.73665 -48.4837 5.51764 4
134 -9.94643 1.80735 -46.9249 1.7652 2
135 -16.2155 -6.59641 -17.951 -6.69756 2
136 -15.7681 -4.46819 -20.7144 -4.00075 4
137 -10.4156 4.73665 -48.4837 5.51764 4
138 -9.94643 1.80735 -46.9249 1.7652 2
139 -16.2155 -6.59641 -17.951 -6.69756 2
140 -15.7681 -4.46819 -20.7144 -4.00075 4
141 -10.4156 4.73665 -48.4837 5.51764 4
142 -9.94643 1.80735 -46.9249 1.7652 2
143 -16.2155 -6.59641 -17.951 -6.69756 2
144 -15.7681 -4.46819 -20.7144 -4.00075 4
145 -10.4156 4.73665 -48.4837 5.51764 4
146 -9.94643 1.80735 -46.9249 1.7652 2
147 -16.2155 -6.59641 -17.951 -6.69756 2
148 -15.7681 -4.46819 -20.7144 -4.00075 4
149 -10.4156 4.73665 -48.4837 5.51764 4
150 -9.94643 1.80735 -46.9249 1.7652 2
151 -16.2155 -6.59641 -17.951 -6.69756 2
152 -15.7681 -4.46819 -20.7144 -4.00075 4
153 -10.4156 4.73665 -48.4837 5.51764 4
154 -9.94643 1.80735 -46.9249 1.7652 2
155 -16.2155 -6.59641 -17.951 -6.69756 2
156 -15.7681 -4.46819 -20.7144 -4.00075 4
157 -10.4156 4.73665 -48.4837 5.51764 4
158 -9.94643 1.80735 -46.9249 1.7652 2
159 -16.2155 -6.59641 -17.951 -6.69756 2
160 -15.7681 -4.46819 -20.7144 -4.00075 4
161 -10.4156 4.73665 -48.4837 5.51764 4
162 -9.94643 1.80735 -46.9249 1.7652 2
163 -16.2155 -6.59641 -17.951 -6.69756 2
164 -15.7681 -4.46819 -20.7144 -4.00075 4
165 -10.4156 4.73665 -48.4837 5.51764 4
166 -9.94643 1.80735 -46.9249 1.7652 2
167 -16.2155 -6.59641 -17.951 -6.69756 2
168 -15.7681 -4.46819 -20.7144 -4.00075 4
169 -10.4156 4.73665 -48.4837 5.51764 4
170 -9.94643 1.80735 -46.9249 1.7652 2
171 -16.2155 -6.59641 -17.951 -6.69756 2
172 -15.7681 -4.46819 -20.7144 -4.00075 4
173 -10.4156 4.73665 -48.4837 5.51764 4
174 -9.94643 1.80735 -46.9249 1.7652 2
175 -16.2155 -6.59641 -17.951 -6.69756 2
176 -15.7681 -4.46819 -20.7144 -4.00075 4
177 -10.4156 4.73665 -48.4837 5.51764 4
178 -9.94643 1.80735 -46.9249 1.7652 2
179 -16.2155 -6.59641 -17.951 -6.69756 2
180 -15.7681 -4.46819 -20.7144 -4.00075 4
181 -10.4156 4.73665 -48.4837 5.51764 4
182 -9.94643 1.80735 -46.9249 1.7652 2
183 -16.2155 -6.59641 -17.951 -6.69756 2
184 -15.7681 -4.46819 -20.7144 -4.00075 4
185 -10.4156 4.73665 -48.4837 5.51764 4
186 -9.94643 1.80735 -46.9249 1.7652 2
187 -16.2155 -6.59641 -17.951 -6.69756 2
188 -15.7681 -4.46819 -20.7144 -4.00075 4
189 RANDOM
190 -9.94643 1.80735 -46.9249 1.7652 2
191 -16.2155 -6.59641 -17.951 -6.69756 2
192 RANDOM
193 -17.0041 -0.479572 -36.1177 -0.779769 2
194 -16.563 -1.69903 -31.1942 -1.69039 4
195 -3.80376 3.22263 -84.7355 -0.501057 2
196 -16.563 -1.69903 -31.1942 -1.69039 4
197 -3.80376 3.22263 -84.7355 -0.501057 2
198 -16.563 -1.69903 -31.1942 -1.69039 4
199 -3.80376 3.22263 -84.7355 -0.501057 2
200 -16.563 -1.69903 -31.1942 -1.69039 4
201 RANDOM
202 -10.0573 5.4724 -51.6191 6.10518 4
203 -10.4156 4.73665 -48.4837 5.51764 4
204 -9.94643 1.80735 -46.9249 1.7652 2
205 -16.2155 -6.59641 -17.951 -6.69756 2
206 -15.7681 -4.46819 -20.7144 -4.00075 4
207 RANDOM
208 -9.94643 1.80735 -46.9249 1.7652 2
209 -16.2155 -6.59641 -17.951 -6.69756 2
210 -15.7681 -4.46819 -20.7144 -4.00075 4
211 -10.4156 4.73665 -48.4837 5.51764 4
212 -9.94643 1.80735 -46.9249 1.7652 2
213 -16.2155 -6.59641 -17.951 -6.69756 2
214 -15.7681 -4.46819 -20.7144 -4.00075 4
215 -10.4156 4.73665 -48.4837 5.51764 4
216 -9.94643 1.80735 -46.9249 1.7652 2
217 -16.2155 -6.59641 -17.951 -6.69756 2
218 -15.7681 -4.46819 -20.7144 -4.00075 4
219 -10.4156 4.73665 -48.4837 5.51764 4
220 -9.94643 1.80735 -46.9249 1.7652 2
221 -16.2155 -6.59641 -17.951 -6.69756 2
222 -15.7681 -4.46819 -20.7144 -4.00075 4
223 -10.4156 4.73665 -48.4837 5.51764 4
224 -9.94643 1.80735 -46.9249 1.7652 2
225 -16.2155 -6.59641 -17.951 -6.69756 2
226 -15.7681 -4.46819 -20.7144 -4.00075 4
227 -10.4156 4.73665 -48.4837 5.51764 4
228 -9.94643 1.80735 -46.9249 1.7652 2
229 -16.2155 -6.59641 -17.951 -6.69756 2
230 -15.7681 -4.46819 -20.7144 -4.00075 4
231 -10.4156 4.73665 -48.4837 5.51764 4
232 -9.94643 1.80735 -46.9249 1.7652 2
233 -16.2155 -6.59641 -17.951 -6.69756 2
234 -15.7681 -4.46819 -20.7144 -4.00075 4
235 -10.4156 4.73665 -48.4837 5.51764 4
236 -9.94643 1.80735 -46.9249 1.7652 2
237 -16.2155 -6.59641 -17.951 -6.69756 2
238 -15.7681 -4.46819 -20.7144 -4.00075 4
239 -10.4156 4.73665 -48.4837 5.51764 4
240 -9.94643 1.80735 -46.9249 1.7652 2
241 -16.2155 -6.59641 -17.951 -6.69756 2
242 -15.7681 -4.46819 -20.7144 -4.00075 4
243 -10.4156 4.73665 -48.4837 5.51764 4
244 -9.94643 1.80735 -46.9249 1.7652 2
245 -16.2155 -6.59641 -17.951 -6.69756 2
246 -15.7681 -4.46819 -20.7144 -4.00075 4
247 -10.4156 4.73665 -48.4837 5.51764 4
248 -9.94643 1.80735 -46.9249 1.7652 2
249 -16.2155 -6.59641 -17.951 -6.69756 2
250 -15.7681 -4.46819 -20.7144 -4.00075 4
251 -10.4156 4.73665 -48.4837 5.51764 4
252 -9.94643 1.80735 -46.9249 1.7652 2
253 -16.2155 -6.59641 -17.951 -6.69756 2
254 -15.7681 -4.46819 -20.7144 -4.00075 4
255 -10.4156 4.73665 -48.4837 5.51764 4
256 -9.94643 1.80735 -46.9249 1.7652 2
257 -16.2155 -6.59641 -17.951 -6.69756 2
258 -15.7681 -4.46819 -20.7144 -4.00075 4
259 -10.4156 4.73665 -48.4837 5.51764 4
260 -9.94643 1.80735 -46.9249 1.7652 2
261 -16.2155 -6.59641 -17.951 -6.69756 2
262 -15.7681 -4.46819 -20.7144 -4.00075 4
263 -10.4156 4.73665 -48.4837 5.51764 4
264 -9.94643 1.80735 -46.9249 1.7652 2
265 -16.2155 -6.59641 -17.951 -6.69756 2
266 -15.7681 -4.46819 -20.7144 -4.00075 4
267 -10.4156 4.73665 -48.4837 5.51764 4
268 -9.94643 1.80735 -46.9249 1.7652 2
269 -16.2155 -6.59641 -17.951 -6.69756 2
270 -15.7681 -4.46819 -20.7144 -4.00075 4
271 -10.4156 4.73665 -48.4837 5.51764 4
272 -9.94643 1.80735 -46.9249 1.7652 2
273 -16.2155 -6.59641 -17.951 -6.69756 2
274 -15.7681 -4.46819 -20.7144 -4.00075 4
275 -10.4156 4.73665 -48.4837 5.51764 4
276 -9.94643 1.80735 -46.9249 1.7652 2
277 -16.2155 -6.59641 -17.951 -6.69756 2
278 -15.7681 -4.46819 -20.7144 -4.00075 4
279 -10.4156 4.73665 -48.4837 5.51764 4
280 -9.94643 1.80735 -46.9249 1.7652 2
281 -16.2155 -6.59641 -17.951 -6.69756 2
282 -15.7681 -4.46819 -20.7144 -4.00075 4
283 -10.4156 4.73665 -48.4837 5.51764 4
284 -9.94643 1.80735 -46.9249 1.7652 2
285 -16.2155 -6.59641 -17.951 -6.69756 2
286 -15.7681 -4.46819 -20.7144 -4.00075 4
287 -10.4156 4.73665 -48.4837 5.51764 4
288 -9.94643 1.80735 -46.9249 1.7652 2
289 -16.2155 -6.59641 -17.951 -6.69756 2
290 -15.7681 -4.46819 -20.7144 -4.00075 4
291 -10.4156 4.73665 -48.4837 5.51764 4
292 -9.94643 1.80735 -46.9249 1.7652 2
293 -16.2155 -6.59641 -17.951 -6.69756 2
294 -15.7681 -4.46819 -20.7144 -4.00075 4
295 -10.4156 4.73665 -48.4837 5.51764 4
296 -9.94643 1.80735 -46.9249 1.7652 2
297 -16.2155 -6.59641 -17.951 -6.69756 2
298 -15.7681 -4.46819 -20.7144 -4.00075 4
299 -10.4156 4.73665 -48.4837 5.51764 4
300 -9.94643 1.80735 -46.9249 1.7652 2
301 -16.2155 -6.59641 -17.951 -6.69756 2
302 -15.7681 -4.46819 -20.7144 -4.00075 4
303 -10.4156 4.73665 -48.4837 5.51764 4
304 -9.94643 1.80735 -46.9249 1.7652 2
305 -16.2155 -6.59641 -17.951 -6.69756 2
306 -15.7681 -4.46819 -20.7144 -4.00075 4
307 -10.4156 4.73665 -48.4837 5.51764 4
308 RANDOM
309 -9.57974 -1.44802 -46.3489 -2.59874 2
310 -17.322 -7.34339 -13.5402 -8.83543 2
311 -16.2155 -6.59641 -17.951 -6.69756 2
312 -15.7681 -4.46819 -20.7144 -4.00075 4
313 -10.4156 4.73665 -48.4837 5.51764 4
314 -9.94643 1.80735 -46.9249 1.7652 2
315 -16.2155 -6.59641 -17.951 -6.69756 2
316 -15.7681 -4.46819 -20.7144 -4.00075 4
317 -10.4156 4.73665 -48.4837 5.51764 4
318 -9.94643 1.80735 -46.9249 1.7652 2
319 -16.2155 -6.59641 -17.951 -6.69756 2
320 -15.7681 -4.46819 -20.7144 -4.00075 4
321 -10.4156 4.73665 -48.4837 5.51764 4
322 -9.94643 1.80735 -46.9249 1.7652 2
323 -16.2155 -6.59641 -17.951 -6.69756 2
324 RANDOM
325 -17.0041 -0.479572 -36.1177 -0.779769 2
326 -16.563 -1.69903 -31.1942 -1.69039 4
327 -3.80376 3.22263 -84.7355 -0.501057 2
328 -16.563 -1.69903 -31.1942 -1.69039 4
329 -3.80376 3.22263 -84.7355 -0.501057 2
330 -16.563 -1.69903 -31.1942 -1.69039 4
331 RANDOM
332 -10.0573 5.4724 -51.6191 6.10518 4
333 RANDOM
334 -9.94643 1.80735 -46.9249 1.7652 2
335 -16.2155 -6.59641 -17.951 -6.69756 2
336 -15.7681 -4.46819 -20.7144 -4.00075 4
337 -10.4156 4.73665 -48.4837 5.51764 4
338 -9.94643 1.80735 -46.9249 1.7652 2
339 -16.2155 -6.59641 -17.951 -6.69756 2
340 -15.7681 -4.46819 -20.7144 -4.00075 4
341 -10.4156 4.73665 -48.4837 5.51764 4
342 -9.94643 1.80735 -46.9249 1.7652 2
343 RANDOM
344 -15.7681 -4.46819 -20.7144 -4.00075 4
345 -10.4156 4.73665 -48.4837 5.51764 4
346 -9.94643 1.80735 -46.9249 1.7652 2
347 -16.2155 -6.59641 -17.951 -6.69756 2
348 -15.7681 -4.46819 -20.7144 -4.00075 4
349 -10.4156 4.73665 -48.4837 5.51764 4
350 -9.94643 1.80735 -46.9249 1.7652 2
351 -16.2155 -6.59641 -17.951 -6.69756 2
352 -15.7681 -4.46819 -20.7144 -4.00075 4
353 -10.4156 4.73665 -48.4837 5.51764 4
354 -9.94643 1.80735 -46.9249 1.7652 2
355 -16.2155 -6.59641 -17.951 -6.69756 2
356 -15.7681 -4.46819 -20.7144 -4.00075 4
357 -10.4156 4.73665 -48.4837 5.51764 4
358 -9.94643 1.80735 -46.9249 1.7652 2
359 -16.2155 -6.59641 -17.951 -6.69756 2
360 RANDOM
361 RANDOM
362 -16.563 -1.69903 -31.1942 -1.69039 4
363 -3.80376 3.22263 -84.7355 -0.501057 2
364 -16.563 -1.69903 -31.1942 -1.69039 4
365 -3.80376 3.22263 -84.7355 -0.501057 2
366 -16.563 -1.69903 -31.1942 -1.69039 4
367 -3.80376 3.22263 -84.7355 -0.501057 2
368 -16.563 -1.69903 -31.1942 -1.69039 4
369 -3.80376 3.22263 -84.7355 -0.501057 2
370 -16.563 -1.69903 -31.1942 -1.69039 4
371 -3.80376 3.22263 -84.7355 -0.501057 2
372 -16.563 -1.69903 -31.1942 -1.69039 4
373 -3.80376 3.22263 -84.7355 -0.501057 2
374 -16.563 -1.69903 -31.1942 -1.69039 4
375 -3.80376 3.22263 -84.7355 -0.501057 2
376 -16.563 -1.69903 -31.1942 -1.69039 4
377 -3.80376 3.22263 -84.7355 -0.501057 2
378 -16.563 -1.69903 -31.1942 -1.69039 4
379 -3.80376 3.22263 -84.7355 -0.501057 2
380 -16.563 -1.69903 -31.1942 -1.69039 4
381 -3.80376 3.22263 -84.7355 -0.501057 2
382 -16.563 -1.69903 -31.1942 -1.69039 4
383 -3.80376 3.22263 -84.7355 -0.501057 2
384 -16.563 -1.69903 -31.1942 -1.69039 4
385 -3.80376 3.22263 -84.7355 -0.501057 2
386 -16.563 -1.69903 -31.1942 -1.69039 4
387 -3.80376 3.22263 -84.7355 -0.501057 2
388 -16.563 -1.69903 -31.1942 -1.69039 4
389 -3.80376 3.22263 -84.7355 -0.501057 2
390 -16.563 -1.69903 -31.1942 -1.69039 4
391 -3.80376 3.22263 -84.7355 -0.501057 2
392 -16.563 -1.69903 -31.1942 -1.69039 4
393 -3.80376 3.22263 -84.7355 -0.501057 2
394 -16.563 -1.69903 -31.1942 -1.69039 4
395 -3.80376 3.22263 -84.7355 -0.501057 2
396 -16.563 -1.69903 -31.1942 -1.69039 4
397 -3.80376 3.22263 -84.7355 -0.501057 2
398 -16.563 -1.69903 -31.1942 -1.69039 4
399 -3.80376 3.22263 -84.7355 -0.501057 2
400 -16.563 -1.69903 -31.1942 -1.69039 4
401 -3.80376 3.22263 -84.7355 -0.501057 2
402 -16.563 -1.69903 -31.1942 -1.69039 4
403 -3.80376 3.22263 -84.7355 -0.501057 2
404 -16.563 -1.69903 -31.1942 -1.69039 4
405 -3.80376 3.22263 -84.7355 -0.501057 2
406 -16.563 -1.69903 -31.1942 -1.69039 4
407 -3.80376 3.22263 -84.7355 -0.501057 2
408 -16.563 -1.69903 -31.1942 -1.69039 4
409 -3.80376 3.22263 -84.7355 -0.501057 2
410 -16.563 -1.69903 -31.1942 -1.69039 4
411 -3.80376 3.22263 -84.7355 -0.501057 2
412 -16.563 -1.69903 -31.1942 -1.69039 4
413 -3.80376 3.22263 -84.7355 -0.501057 2
414 RANDOM
415 -16.2892 -2.80637 -27.2913 -2.63033 4
416 -5.46504 4.71648 -75.8624 2.47861 2
417 -16.2892 -2.80637 -27.2913 -2.63033 4
418 -5.46504 4.71648 -75.8624 2.47861 2
419 -16.2892 -2.80637 -27.2913 -2.63033 4
420 RANDOM
421 -3.80376 3.22263 -84.7355 -0.501057 2
422 -16.563 -1.69903 -31.1942 -1.69039 4
423 -3.80376 3.22263 -84.7355 -0.501057 2
424 -16.563 -1.69903 -31.1942 -1.69039 4
425 -3.80376 3.22263 -84.7355 -0.501057 2
426 -16.563 -1.69903 -31.1942 -1.69039 4
427 -3.80376 3.22263 -84.7355 -0.501057 2
428 -16.563 -1.69903 -31.1942 -1.69039 4
429 -3.80376 3.22263 -84.7355 -0.501057 2
430 -16.563 -1.69903 -31.1942 -1.69039 4
431 -3.80376 3.22263 -84.7355 -0.501057 2
432 -16.563 -1.69903 -31.1942 -1.69039 4
433 -3.80376 3.22263 -84.7355 -0.501057 2
434 -16.563 -1.69903 -31.1942 -1.69039 4
435 -3.80376 3.22263 -84.7355 -0.501057 2
436 -16.563 -1.69903 -31.1942 -1.69039 4
437 -3.80376 3.22263 -84.7355 -0.501057 2
438 -16.563 -1.69903 -31.1942 -1.69039 4
439 -3.80376 3.22263 -84.7355 -0.501057 2
440 RANDOM
441 -16.2892 -2.80637 -27.2913 -2.63033 4
442 -5.46504 4.71648 -75.8624 2.47861 2
443 -16.2892 -2.80637 -27.2913 -2.63033 4
444 -5.46504 4.71648 -75.8624 2.47861 2
445 -16.2892 -2.80637 -27.2913 -2.63033 4
446 -5.46504 4.71648 -75.8624 2.47861 2
447 -16.2892 -2.80637 -27.2913 -2.63033 4
448 -5.46504 4.71648 -75.8624 2.47861 2
449 -16.2892 -2.80637 -27.2913 -2.63033 4
450 RANDOM
451 -3.80376 3.22263 -84.7355 -0.501057 2
452 -16.563 -1.69903 -31.1942 -1.69039 4
453 -3.80376 3.22263 -84.7355 -0.501057 2
454 -16.563 -1.69903 -31.1942 -1.69039 4
455 -3.80376 3.22263 -84.7355 -0.501057 2
456 -16.563 -1.69903 -31.1942 -1.69039 4
457 -3.80376 3.22263 -84.7355 -0.501057 2
458 -16.563 -1.69903 -31.1942 -1.69039 4
459 -3.80376 3.22263 -84.7355 -0.501057 2
460 -16.563 -1.69903 -31.1942 -1.69039 4
461 -3.80376 3.22263 -84.7355 -0.501057 2
462 -16.563 -1.69903 -31.1942 -1.69039 4
463 -3.80376 3.22263 -84.7355 -0.501057 2
464 -16.563 -1.69903 -31.1942 -1.69039 4
465 -3.80376 3.22263 -84.7355 -0.501057 2
466 -16.563 -1.69903 -31.1942 -1.69039 4
467 -3.80376 3.22263 -84.7355 -0.501057 2
468 -16.563 -1.69903 -31.1942 -1.69039 4
469 -3.80376 3.22263 -84.7355 -0.501057 2
470 -16.563 -1.69903 -31.1942 -1.69039 4
471 -3.80376 3.22263 -84.7355 -0.501057 2
472 -16.563 -1.69903 -31.1942 -1.69039 4
473 -3.80376 3.22263 -84.7355 -0.501057 2
474 -16.563 -1.69903 -31.1942 -1.69039 4
475 -3.80376 3.22263 -84.7355 -0.501057 2
476 -16.563 -1.69903 -31.1942 -1.69039 4
477 -3.80376 3.22263 -84.7355 -0.501057 2
478 -16.563 -1.69903 -31.1942 -1.69039 4
479 -3.80376 3.22263 -84.7355 -0.501057 2
480 -16.563 -1.69903 -31.1942 -1.69039 4
481 -3.80376 3.22263 -84.7355 -0.501057 2
482 -16.563 -1.69903 -31.1942 -1.69039 4
483 -3.80376 3.22263 -84.7355 -0.501057 2
484 RANDOM
485 -16.2892 -2.80637 -27.2913 -2.63033 4
486 -5.46504 4.71648 -75.8624 2.47861 2
487 -16.2892 -2.80637 -27.2913 -2.63033 4
488 -5.46504 4.71648 -75.8624 2.47861 2
489 -16.2892 -2.80637 -27.2913 -2.63033 4
490 -5.46504 4.71648 -75.8624 2.47861 2
491 -16.2892 -2.80637 -27.2913 -2.63033 4
492 -5.46504 4.71648 -75.8624 2.47861 2
493 -16.2892 -2.80637 -27.2913 -2.63033 4
494 -5.46504 4.71648 -75.8624 2.47861 2
495 -16.2892 -2.80637 -27.2913 -2.63033 4
496 -5.46504 4.71648 -75.8624 2.47861 2
497 -16.2892 -2.80637 -27.2913 -2.63033 4
498 -5.46504 4.71648 -75.8624 2.47861 2
499 -16.2892 -2.80637 -27.2913 -2.63033 4
500 -5.46504 4.71648 -75.8624 2.47861 2
501 -16.2892 -2.80637 -27.2913 -2.63033 4
502 -5.46504 4.71648 -75.8624 2.47861 2
503 -16.2892 -2.80637 -27.2913 -2.63033 4
504 -5.46504 4.71648 -75.8624 2.47861 2
505 -16.2892 -2.80637 -27.2913 -2.63033 4
506 -5.46504 4.71648 -75.8624 2.47861 2
507 -16.2892 -2.80637 -27.2913 -2.63033 4
508 -5.46504 4.71648 -75.8624 2.47861 2
509 -16.2892 -2.80637 -27.2913 -2.63033 4
510 -5.46504 4.71648 -75.8624 2.47861 2
511 -16.2892 -2.80637 -27.2913 -2.63033 4
512 -5.46504 4.71648 -75.8624 2.47861 2
513 -16.2892 -2.80637 -27.2913 -2.63033 4
514 -5.46504 4.71648 -75.8624 2.47861 2
515 -16.2892 -2.80637 -27.2913 -2.63033 4
516 -5.46504 4.71648 -75.8624 2.47861 2
517 -16.2892 -2.80637 -27.2913 -2.63033 4
518 -5.46504 4.71648 -75.8624 2.47861 2
519 -16.2892 -2.80637 -27.2913 -2.63033 4
520 -5.46504 4.71648 -75.8624 2.47861 2
521 RANDOM
522 -16.3988 -4.1487 -24.6497 -4.21135 2
523 -14.8648 28.7539 22.5642 30.5691 4
524 -9.02184 7.05154 -60.506 7.00225 2
525 -14.8648 28.7539 22.5642 30.5691 4
526 -9.02184 7.05154 -60.506 7.00225 2
527 RANDOM
528 -14.8648 28.7539 22.5642 30.5691 4
529 -14.8648 28.7539 22.5642 30.5691 4
530 -9.02184 7.05154 -60.506 7.00225 2
531 -14.8648 28.7539 22.5642 30.5691 4
532 -9.02184 7.05154 -60.506 7.00225 2
533 -14.8648 28.7539 22.5642 30.5691 4
534 -9.02184 7.05154 -60.506 7.00225 2
535 -14.8648 28.7539 22.5642 30.5691 4
536 -9.02184 7.05154 -60.506 7.00225 2
537 -14.8648 28.7539 22.5642 30.5691 4
538 -9.02184 7.05154 -60.506 7.00225 2
539 -14.8648 28.7539 22.5642 30.5691 4
540 -9.02184 7.05154 -60.506 7.00225 2
541 -14.8648 28.7539 22.5642 30.5691 4
542 -9.02184 7.05154 -60.506 7.00225 2
543 -14.8648 28.7539 22.5642 30.5691 4
544 RANDOM
545 -7.12973 6.25267 -67.6817 5.35604 2
546 -16.3988 -4.1487 -24.6497 -4.21135 2
547 -14.8648 28.7539 22.5642 30.5691 4
548 -9.02184 7.05154 -60.506 7.00225 2
549 -14.8648 28.7539 22.5642 30.5691 4
550 -9.02184 7.05154 -60.506 7.00225 2
551 -14.8648 28.7539 22.5642 30.5691 4
552 -9.02184 7.05154 -60.506 7.00225 2
553 -14.8648 28.7539 22.5642 30.5691 4
554 -9.02184 7.05154 -60.506 7.00225 2
555 -14.8648 28.7539 22.5642 30.5691 4
556 -9.02184 7.05154 -60.506 7.00225 2
557 -14.8648 28.7539 22.5642 30.5691 4
558 RANDOM
559 RANDOM
560 -22.0951 -15.7554 -22.1894 -23.1858 2
561 -18.9335 -1.0376 -4.49261 -4.40617 2
