0 68.8622 73.0313 56.0985 79.2093 4
1 74.1679 81.6208 51.39 104.232 4
2 84.943 91.0702 64.7526 112.716 4
3 85.2789 91.4975 64.6628 113.949 4
4 85.5788 91.9029 64.359 115.383 4
5 86.105 92.604 63.9918 117.254 4
6 89.5616 94.6936 70.8215 113.2 4
7 90.3989 95.6186 71.1911 114.972 4
8 90.859 96.267 70.8762 116.934 4
9 91.3658 96.9996 70.3788 119.286 4
10 97.2386 101.041 79.1718 116.95 4
11 97.5165 101.562 78.8903 118.772 4
12 97.678 102.008 78.4014 120.702 4
13 97.7349 102.353 77.7803 122.538 4
14 112.082 113.318 94.2262 124.147 4
15 112.551 113.85 94.4419 125.239 4
16 112.73 114.232 94.1961 126.742 4
17 113.02 114.755 93.9915 128.554 4
18 115.353 115.678 97.4232 124.992 4
19 115.693 116.134 97.4128 126.257 4
20 RANDOM
21 116.145 116.951 96.9931 129.251 4
22 117.049 117.451 98.3055 128.247 4
23 117.46 117.948 98.4339 129.399 4
24 118.043 118.657 98.6171 131.013 4
25 119.082 119.836 99.1138 133.328 4
26 99.7479 102.898 85.152 107.346 4
27 RANDOM
28 99.6471 103.296 85.0167 107.774 4
29 100.443 104.441 85.6332 109.114 4
30 89.513 94.7184 77.3355 94.4003 2
31 95.6266 95.406 83.9043 91.9374 1
32 106.148 105.898 99.7272 97.7244 1
