0 3942.76 4216.13 4045.12 4219.79 4
1 3721.85 3996.83 3922.54 3687.51 2
2 RANDOM
3 4118.06 4433.26 4219.64 4534.3 4
4 3875.36 4195.0 4064.78 3958.58 2
5 4118.06 4433.26 4219.64 4534.3 4
6 3875.36 4195.0 4064.78 3958.58 2
7 4118.06 4433.26 4219.64 4534.3 4
8 3875.36 4195.0 4064.78 3958.58 2
9 RANDOM
10 4288.2 4661.52 4406.45 4859.78 4
11 4053.3 4425.28 4232.29 4267.12 2
12 4288.2 4661.52 4406.45 4859.78 4
13 4053.3 4425.28 4232.29 4267.12 2
14 4288.2 4661.52 4406.45 4859.78 4
15 4053.3 4425.28 4232.29 4267.12 2
16 4288.2 4661.52 4406.45 4859.78 4
17 4053.3 4425.28 4232.29 4267.12 2
18 4288.2 4661.52 4406.45 4859.78 4
19 4053.3 4425.28 4232.29 4267.12 2
20 4288.2 4661.52 4406.45 4859.78 4
21 4053.3 4425.28 4232.29 4267.12 2
22 4288.2 4661.52 4406.45 4859.78 4
23 4053.3 4425.28 4232.29 4267.12 2
24 4288.2 4661.52 4406.45 4859.78 4
25 4053.3 4425.28 4232.29 4267.12 2
26 4288.2 4661.52 4406.45 4859.78 4
27 4053.3 4425.28 4232.29 4267.12 2
28 4288.2 4661.52 4406.45 4859.78 4
29 4053.3 4425.28 4232.29 4267.12 2
30 4288.2 4661.52 4406.45 4859.78 4
31 4053.3 4425.28 4232.29 4267.12 2
32 4288.2 4661.52 4406.45 4859.78 4
33 4053.3 4425.28 4232.29 4267.12 2
34 RANDOM
35 RANDOM
36 3900.79 4069.91 3958.21 4129.36 4
37 3810.09 3992.04 3946.87 3704.42 2
38 3900.79 4069.91 3958.21 4129.36 4
39 3810.09 3992.04 3946.87 3704.42 2
40 3969.6 4140.98 4020.92 4220.04 4
41 3877.96 4064.66 4007.75 3796.86 2
42 3969.6 4140.98 4020.92 4220.04 4
43 3877.96 4064.66 4007.75 3796.86 2
44 3969.6 4140.98 4020.92 4220.04 4
45 RANDOM
46 4309.53 4746.19 4479.64 4692.76 2
47 3778.0 3875.28 3823.64 3844.67 2
48 3969.6 4140.98 4020.92 4220.04 4
49 3877.96 4064.66 4007.75 3796.86 2
50 3969.6 4140.98 4020.92 4220.04 4
51 3877.96 4064.66 4007.75 3796.86 2
52 3969.6 4140.98 4020.92 4220.04 4
53 3877.96 4064.66 4007.75 3796.86 2
54 3969.6 4140.98 4020.92 4220.04 4
55 3877.96 4064.66 4007.75 3796.86 2
56 3969.6 4140.98 4020.92 4220.04 4
57 3877.96 4064.66 4007.75 3796.86 2
58 3969.6 4140.98 4020.92 4220.04 4
59 3877.96 4064.66 4007.75 3796.86 2
60 RANDOM
61 4162.79 4430.87 4247.49 4605.73 4
62 4059.79 4294.76 4171.48 4126.14 2
63 4162.79 4430.87 4247.49 4605.73 4
64 4059.79 4294.76 4171.48 4126.14 2
65 4162.79 4430.87 4247.49 4605.73 4
66 4059.79 4294.76 4171.48 4126.14 2
67 4162.79 4430.87 4247.49 4605.73 4
68 4059.79 4294.76 4171.48 4126.14 2
69 4162.79 4430.87 4247.49 4605.73 4
70 4059.79 4294.76 4171.48 4126.14 2
71 4162.79 4430.87 4247.49 4605.73 4
72 4059.79 4294.76 4171.48 4126.14 2
73 4162.79 4430.87 4247.49 4605.73 4
74 4059.79 4294.76 4171.48 4126.14 2
75 4162.79 4430.87 4247.49 4605.73 4
76 4059.79 4294.76 4171.48 4126.14 2
77 4162.79 4430.87 4247.49 4605.73 4
78 4059.79 4294.76 4171.48 4126.14 2
79 4162.79 4430.87 4247.49 4605.73 4
80 4059.79 4294.76 4171.48 4126.14 2
81 4162.79 4430.87 4247.49 4605.73 4
82 4059.79 4294.76 4171.48 4126.14 2
83 4162.79 4430.87 4247.49 4605.73 4
84 4059.79 4294.76 4171.48 4126.14 2
85 4162.79 4430.87 4247.49 4605.73 4
86 4059.79 4294.76 4171.48 4126.14 2
87 4162.79 4430.87 4247.49 4605.73 4
88 4059.79 4294.76 4171.48 4126.14 2
89 4162.79 4430.87 4247.49 4605.73 4
90 4059.79 4294.76 4171.48 4126.14 2
91 4162.79 4430.87 4247.49 4605.73 4
92 4059.79 4294.76 4171.48 4126.14 2
93 4162.79 4430.87 4247.49 4605.73 4
94 4059.79 4294.76 4171.48 4126.14 2
95 4162.79 4430.87 4247.49 4605.73 4
96 4059.79 4294.76 4171.48 4126.14 2
97 4162.79 4430.87 4247.49 4605.73 4
98 RANDOM
99 RANDOM
100 4228.52 4674.34 4411.58 4596.05 2
101 3699.29 3805.85 3759.01 3751.11 2
102 3896.04 4084.2 3962.59 4140.21 4
103 3801.36 3998.83 3945.67 3708.49 2
104 3896.04 4084.2 3962.59 4140.21 4
105 3801.36 3998.83 3945.67 3708.49 2
106 3896.04 4084.2 3962.59 4140.21 4
107 3801.36 3998.83 3945.67 3708.49 2
108 3896.04 4084.2 3962.59 4140.21 4
109 3801.36 3998.83 3945.67 3708.49 2
110 3896.04 4084.2 3962.59 4140.21 4
111 3801.36 3998.83 3945.67 3708.49 2
112 3896.04 4084.2 3962.59 4140.21 4
113 3801.36 3998.83 3945.67 3708.49 2
114 3896.04 4084.2 3962.59 4140.21 4
115 3801.36 3998.83 3945.67 3708.49 2
116 3896.04 4084.2 3962.59 4140.21 4
117 3801.36 3998.83 3945.67 3708.49 2
118 RANDOM
119 4092.81 4378.4 4192.96 4530.53 4
120 3986.99 4231.1 4111.89 4040.94 2
121 4092.81 4378.4 4192.96 4530.53 4
122 3986.99 4231.1 4111.89 4040.94 2
123 4092.81 4378.4 4192.96 4530.53 4
124 3986.99 4231.1 4111.89 4040.94 2
125 4092.81 4378.4 4192.96 4530.53 4
126 3986.99 4231.1 4111.89 4040.94 2
127 4092.81 4378.4 4192.96 4530.53 4
128 3986.99 4231.1 4111.89 4040.94 2
129 4092.81 4378.4 4192.96 4530.53 4
130 3986.99 4231.1 4111.89 4040.94 2
131 4092.81 4378.4 4192.96 4530.53 4
132 3986.99 4231.1 4111.89 4040.94 2
133 4092.81 4378.4 4192.96 4530.53 4
134 3986.99 4231.1 4111.89 4040.94 2
135 4092.81 4378.4 4192.96 4530.53 4
136 3986.99 4231.1 4111.89 4040.94 2
137 4092.81 4378.4 4192.96 4530.53 4
138 3986.99 4231.1 4111.89 4040.94 2
139 4092.81 4378.4 4192.96 4530.53 4
140 3986.99 4231.1 4111.89 4040.94 2
141 4092.81 4378.4 4192.96 4530.53 4
142 3986.99 4231.1 4111.89 4040.94 2
143 4092.81 4378.4 4192.96 4530.53 4
144 3986.99 4231.1 4111.89 4040.94 2
145 RANDOM
146 4485.45 4876.56 4595.86 5225.66 4
147 4429.6 4792.71 4565.23 4772.23 2
148 4485.45 4876.56 4595.86 5225.66 4
149 4429.6 4792.71 4565.23 4772.23 2
150 4485.45 4876.56 4595.86 5225.66 4
151 4429.6 4792.71 4565.23 4772.23 2
152 4485.45 4876.56 4595.86 5225.66 4
153 4429.6 4792.71 4565.23 4772.23 2
154 4485.45 4876.56 4595.86 5225.66 4
155 4429.6 4792.71 4565.23 4772.23 2
156 4485.45 4876.56 4595.86 5225.66 4
157 RANDOM
158 4206.95 4526.55 4344.77 4389.67 2
159 4278.59 4580.59 4366.94 4785.64 4
160 4206.95 4526.55 4344.77 4389.67 2
161 4278.59 4580.59 4366.94 4785.64 4
162 4206.95 4526.55 4344.77 4389.67 2
163 4278.59 4580.59 4366.94 4785.64 4
164 4206.95 4526.55 4344.77 4389.67 2
165 4278.59 4580.59 4366.94 4785.64 4
166 4206.95 4526.55 4344.77 4389.67 2
167 4278.59 4580.59 4366.94 4785.64 4
168 4206.95 4526.55 4344.77 4389.67 2
169 4278.59 4580.59 4366.94 4785.64 4
170 4206.95 4526.55 4344.77 4389.67 2
171 4278.59 4580.59 4366.94 4785.64 4
172 4206.95 4526.55 4344.77 4389.67 2
173 4278.59 4580.59 4366.94 4785.64 4
174 4206.95 4526.55 4344.77 4389.67 2
175 4278.59 4580.59 4366.94 4785.64 4
176 4206.95 4526.55 4344.77 4389.67 2
177 4278.59 4580.59 4366.94 4785.64 4
178 4206.95 4526.55 4344.77 4389.67 2
179 4278.59 4580.59 4366.94 4785.64 4
180 4206.95 4526.55 4344.77 4389.67 2
181 4278.59 4580.59 4366.94 4785.64 4
182 RANDOM
183 4015.88 4290.12 4170.77 4054.54 2
184 4094.33 4333.77 4169.4 4433.04 4
185 4015.88 4290.12 4170.77 4054.54 2
186 4094.33 4333.77 4169.4 4433.04 4
187 4015.88 4290.12 4170.77 4054.54 2
188 4094.33 4333.77 4169.4 4433.04 4
189 4015.88 4290.12 4170.77 4054.54 2
190 4094.33 4333.77 4169.4 4433.04 4
191 4015.88 4290.12 4170.77 4054.54 2
192 4094.33 4333.77 4169.4 4433.04 4
193 4015.88 4290.12 4170.77 4054.54 2
194 4094.33 4333.77 4169.4 4433.04 4
195 4015.88 4290.12 4170.77 4054.54 2
196 4094.33 4333.77 4169.4 4433.04 4
197 4015.88 4290.12 4170.77 4054.54 2
198 RANDOM
199 4278.59 4580.59 4366.94 4785.64 4
200 4206.95 4526.55 4344.77 4389.67 2
201 4278.59 4580.59 4366.94 4785.64 4
202 4206.95 4526.55 4344.77 4389.67 2
203 4278.59 4580.59 4366.94 4785.64 4
204 4206.95 4526.55 4344.77 4389.67 2
205 4278.59 4580.59 4366.94 4785.64 4
206 4206.95 4526.55 4344.77 4389.67 2
207 4278.59 4580.59 4366.94 4785.64 4
208 4206.95 4526.55 4344.77 4389.67 2
209 4278.59 4580.59 4366.94 4785.64 4
210 4206.95 4526.55 4344.77 4389.67 2
211 4278.59 4580.59 4366.94 4785.64 4
212 4206.95 4526.55 4344.77 4389.67 2
213 4278.59 4580.59 4366.94 4785.64 4
214 4206.95 4526.55 4344.77 4389.67 2
215 4278.59 4580.59 4366.94 4785.64 4
216 4206.95 4526.55 4344.77 4389.67 2
217 4278.59 4580.59 4366.94 4785.64 4
218 4206.95 4526.55 4344.77 4389.67 2
219 4278.59 4580.59 4366.94 4785.64 4
220 4206.95 4526.55 4344.77 4389.67 2
221 4278.59 4580.59 4366.94 4785.64 4
222 4206.95 4526.55 4344.77 4389.67 2
223 4278.59 4580.59 4366.94 4785.64 4
224 4206.95 4526.55 4344.77 4389.67 2
225 4278.59 4580.59 4366.94 4785.64 4
226 4206.95 4526.55 4344.77 4389.67 2
227 4278.59 4580.59 4366.94 4785.64 4
228 4206.95 4526.55 4344.77 4389.67 2
229 4278.59 4580.59 4366.94 4785.64 4
230 4206.95 4526.55 4344.77 4389.67 2
231 4278.59 4580.59 4366.94 4785.64 4
232 4206.95 4526.55 4344.77 4389.67 2
233 RANDOM
234 4485.45 4876.56 4595.86 5225.66 4
235 4429.6 4792.71 4565.23 4772.23 2
236 4485.45 4876.56 4595.86 5225.66 4
237 4429.6 4792.71 4565.23 4772.23 2
238 4485.45 4876.56 4595.86 5225.66 4
239 4429.6 4792.71 4565.23 4772.23 2
240 4485.45 4876.56 4595.86 5225.66 4
241 4429.6 4792.71 4565.23 4772.23 2
242 4485.45 4876.56 4595.86 5225.66 4
243 4429.6 4792.71 4565.23 4772.23 2
244 4485.45 4876.56 4595.86 5225.66 4
245 4429.6 4792.71 4565.23 4772.23 2
246 4485.45 4876.56 4595.86 5225.66 4
247 4429.6 4792.71 4565.23 4772.23 2
248 4485.45 4876.56 4595.86 5225.66 4
249 4429.6 4792.71 4565.23 4772.23 2
250 4485.45 4876.56 4595.86 5225.66 4
251 4429.6 4792.71 4565.23 4772.23 2
252 4485.45 4876.56 4595.86 5225.66 4
253 4429.6 4792.71 4565.23 4772.23 2
254 4485.45 4876.56 4595.86 5225.66 4
255 4429.6 4792.71 4565.23 4772.23 2
256 4485.45 4876.56 4595.86 5225.66 4
257 4429.6 4792.71 4565.23 4772.23 2
258 4485.45 4876.56 4595.86 5225.66 4
259 4429.6 4792.71 4565.23 4772.23 2
260 4485.45 4876.56 4595.86 5225.66 4
261 4429.6 4792.71 4565.23 4772.23 2
262 4485.45 4876.56 4595.86 5225.66 4
263 4429.6 4792.71 4565.23 4772.23 2
264 4485.45 4876.56 4595.86 5225.66 4
265 4429.6 4792.71 4565.23 4772.23 2
266 4485.45 4876.56 4595.86 5225.66 4
267 RANDOM
268 4206.95 4526.55 4344.77 4389.67 2
269 4278.59 4580.59 4366.94 4785.64 4
270 4206.95 4526.55 4344.77 4389.67 2
271 4278.59 4580.59 4366.94 4785.64 4
272 4206.95 4526.55 4344.77 4389.67 2
273 4278.59 4580.59 4366.94 4785.64 4
274 4206.95 4526.55 4344.77 4389.67 2
275 4278.59 4580.59 4366.94 4785.64 4
276 4206.95 4526.55 4344.77 4389.67 2
277 4278.59 4580.59 4366.94 4785.64 4
278 4206.95 4526.55 4344.77 4389.67 2
279 4278.59 4580.59 4366.94 4785.64 4
280 4206.95 4526.55 4344.77 4389.67 2
281 4278.59 4580.59 4366.94 4785.64 4
282 4206.95 4526.55 4344.77 4389.67 2
283 4278.59 4580.59 4366.94 4785.64 4
284 4206.95 4526.55 4344.77 4389.67 2
285 4278.59 4580.59 4366.94 4785.64 4
286 4206.95 4526.55 4344.77 4389.67 2
287 4278.59 4580.59 4366.94 4785.64 4
288 4206.95 4526.55 4344.77 4389.67 2
289 4278.59 4580.59 4366.94 4785.64 4
290 4206.95 4526.55 4344.77 4389.67 2
291 4278.59 4580.59 4366.94 4785.64 4
292 4206.95 4526.55 4344.77 4389.67 2
293 4278.59 4580.59 4366.94 4785.64 4
294 4206.95 4526.55 4344.77 4389.67 2
295 4278.59 4580.59 4366.94 4785.64 4
296 4206.95 4526.55 4344.77 4389.67 2
297 4278.59 4580.59 4366.94 4785.64 4
298 4206.95 4526.55 4344.77 4389.67 2
299 4278.59 4580.59 4366.94 4785.64 4
300 4206.95 4526.55 4344.77 4389.67 2
301 4278.59 4580.59 4366.94 4785.64 4
302 4206.95 4526.55 4344.77 4389.67 2
303 4278.59 4580.59 4366.94 4785.64 4
304 4206.95 4526.55 4344.77 4389.67 2
305 4278.59 4580.59 4366.94 4785.64 4
306 4206.95 4526.55 4344.77 4389.67 2
307 4278.59 4580.59 4366.94 4785.64 4
308 4206.95 4526.55 4344.77 4389.67 2
309 4278.59 4580.59 4366.94 4785.64 4
310 4206.95 4526.55 4344.77 4389.67 2
311 4278.59 4580.59 4366.94 4785.64 4
312 4206.95 4526.55 4344.77 4389.67 2
313 4278.59 4580.59 4366.94 4785.64 4
314 4206.95 4526.55 4344.77 4389.67 2
315 4278.59 4580.59 4366.94 4785.64 4
316 4206.95 4526.55 4344.77 4389.67 2
317 4278.59 4580.59 4366.94 4785.64 4
318 4206.95 4526.55 4344.77 4389.67 2
319 4278.59 4580.59 4366.94 4785.64 4
320 4206.95 4526.55 4344.77 4389.67 2
321 4278.59 4580.59 4366.94 4785.64 4
322 4206.95 4526.55 4344.77 4389.67 2
323 4278.59 4580.59 4366.94 4785.64 4
324 4206.95 4526.55 4344.77 4389.67 2
325 4278.59 4580.59 4366.94 4785.64 4
326 4206.95 4526.55 4344.77 4389.67 2
327 4278.59 4580.59 4366.94 4785.64 4
328 4206.95 4526.55 4344.77 4389.67 2
329 4278.59 4580.59 4366.94 4785.64 4
330 4206.95 4526.55 4344.77 4389.67 2
331 4278.59 4580.59 4366.94 4785.64 4
332 4206.95 4526.55 4344.77 4389.67 2
333 4278.59 4580.59 4366.94 4785.64 4
334 4206.95 4526.55 4344.77 4389.67 2
335 4278.59 4580.59 4366.94 4785.64 4
336 4206.95 4526.55 4344.77 4389.67 2
337 4278.59 4580.59 4366.94 4785.64 4
338 4206.95 4526.55 4344.77 4389.67 2
339 4278.59 4580.59 4366.94 4785.64 4
340 4206.95 4526.55 4344.77 4389.67 2
341 4278.59 4580.59 4366.94 4785.64 4
342 4206.95 4526.55 4344.77 4389.67 2
343 4278.59 4580.59 4366.94 4785.64 4
344 4206.95 4526.55 4344.77 4389.67 2
345 4278.59 4580.59 4366.94 4785.64 4
346 4206.95 4526.55 4344.77 4389.67 2
347 4278.59 4580.59 4366.94 4785.64 4
348 4206.95 4526.55 4344.77 4389.67 2
349 4278.59 4580.59 4366.94 4785.64 4
350 4206.95 4526.55 4344.77 4389.67 2
351 4278.59 4580.59 4366.94 4785.64 4
352 4206.95 4526.55 4344.77 4389.67 2
353 4278.59 4580.59 4366.94 4785.64 4
354 4206.95 4526.55 4344.77 4389.67 2
355 4278.59 4580.59 4366.94 4785.64 4
356 4206.95 4526.55 4344.77 4389.67 2
357 4278.59 4580.59 4366.94 4785.64 4
358 4206.95 4526.55 4344.77 4389.67 2
359 4278.59 4580.59 4366.94 4785.64 4
360 4206.95 4526.55 4344.77 4389.67 2
361 4278.59 4580.59 4366.94 4785.64 4
362 4206.95 4526.55 4344.77 4389.67 2
363 4278.59 4580.59 4366.94 4785.64 4
364 4206.95 4526.55 4344.77 4389.67 2
365 4278.59 4580.59 4366.94 4785.64 4
366 4206.95 4526.55 4344.77 4389.67 2
367 4278.59 4580.59 4366.94 4785.64 4
368 4206.95 4526.55 4344.77 4389.67 2
369 RANDOM
370 4485.45 4876.56 4595.86 5225.66 4
371 4429.6 4792.71 4565.23 4772.23 2
372 4485.45 4876.56 4595.86 5225.66 4
373 4429.6 4792.71 4565.23 4772.23 2
374 4485.45 4876.56 4595.86 5225.66 4
375 4429.6 4792.71 4565.23 4772.23 2
376 4485.45 4876.56 4595.86 5225.66 4
377 4429.6 4792.71 4565.23 4772.23 2
378 4485.45 4876.56 4595.86 5225.66 4
379 4429.6 4792.71 4565.23 4772.23 2
380 4485.45 4876.56 4595.86 5225.66 4
381 4429.6 4792.71 4565.23 4772.23 2
382 4485.45 4876.56 4595.86 5225.66 4
383 4429.6 4792.71 4565.23 4772.23 2
384 4485.45 4876.56 4595.86 5225.66 4
385 4429.6 4792.71 4565.23 4772.23 2
386 4485.45 4876.56 4595.86 5225.66 4
387 4429.6 4792.71 4565.23 4772.23 2
388 4485.45 4876.56 4595.86 5225.66 4
389 4429.6 4792.71 4565.23 4772.23 2
390 4485.45 4876.56 4595.86 5225.66 4
391 4429.6 4792.71 4565.23 4772.23 2
392 4485.45 4876.56 4595.86 5225.66 4
393 RANDOM
394 RANDOM
395 4015.88 4290.12 4170.77 4054.54 2
396 4094.33 4333.77 4169.4 4433.04 4
397 4015.88 4290.12 4170.77 4054.54 2
398 RANDOM
399 4278.59 4580.59 4366.94 4785.64 4
400 4206.95 4526.55 4344.77 4389.67 2
401 4278.59 4580.59 4366.94 4785.64 4
402 4206.95 4526.55 4344.77 4389.67 2
403 4278.59 4580.59 4366.94 4785.64 4
404 4206.95 4526.55 4344.77 4389.67 2
405 4278.59 4580.59 4366.94 4785.64 4
406 4206.95 4526.55 4344.77 4389.67 2
407 4278.59 4580.59 4366.94 4785.64 4
408 4206.95 4526.55 4344.77 4389.67 2
409 4278.59 4580.59 4366.94 4785.64 4
410 4206.95 4526.55 4344.77 4389.67 2
411 RANDOM
412 4485.45 4876.56 4595.86 5225.66 4
413 4429.6 4792.71 4565.23 4772.23 2
414 4485.45 4876.56 4595.86 5225.66 4
415 4429.6 4792.71 4565.23 4772.23 2
416 4485.45 4876.56 4595.86 5225.66 4
417 4429.6 4792.71 4565.23 4772.23 2
418 4485.45 4876.56 4595.86 5225.66 4
419 4429.6 4792.71 4565.23 4772.23 2
420 4485.45 4876.56 4595.86 5225.66 4
421 4429.6 4792.71 4565.23 4772.23 2
422 4485.45 4876.56 4595.86 5225.66 4
423 4429.6 4792.71 4565.23 4772.23 2
424 4485.45 4876.56 4595.86 5225.66 4
425 4429.6 4792.71 4565.23 4772.23 2
426 4485.45 4876.56 4595.86 5225.66 4
427 4429.6 4792.71 4565.23 4772.23 2
428 4485.45 4876.56 4595.86 5225.66 4
429 4429.6 4792.71 4565.23 4772.23 2
430 4485.45 4876.56 4595.86 5225.66 4
431 4429.6 4792.71 4565.23 4772.23 2
432 4485.45 4876.56 4595.86 5225.66 4
433 4429.6 4792.71 4565.23 4772.23 2
434 4485.45 4876.56 4595.86 5225.66 4
435 RANDOM
436 4206.95 4526.55 4344.77 4389.67 2
437 4278.59 4580.59 4366.94 4785.64 4
438 4206.95 4526.55 4344.77 4389.67 2
439 4278.59 4580.59 4366.94 4785.64 4
440 4206.95 4526.55 4344.77 4389.67 2
441 4278.59 4580.59 4366.94 4785.64 4
442 4206.95 4526.55 4344.77 4389.67 2
443 4278.59 4580.59 4366.94 4785.64 4
444 4206.95 4526.55 4344.77 4389.67 2
445 4278.59 4580.59 4366.94 4785.64 4
446 4206.95 4526.55 4344.77 4389.67 2
447 4278.59 4580.59 4366.94 4785.64 4
448 4206.95 4526.55 4344.77 4389.67 2
449 RANDOM
450 4485.45 4876.56 4595.86 5225.66 4
451 4429.6 4792.71 4565.23 4772.23 2
452 4485.45 4876.56 4595.86 5225.66 4
453 4429.6 4792.71 4565.23 4772.23 2
454 4485.45 4876.56 4595.86 5225.66 4
455 4429.6 4792.71 4565.23 4772.23 2
456 4485.45 4876.56 4595.86 5225.66 4
457 4429.6 4792.71 4565.23 4772.23 2
458 4485.45 4876.56 4595.86 5225.66 4
459 4429.6 4792.71 4565.23 4772.23 2
460 4485.45 4876.56 4595.86 5225.66 4
461 4429.6 4792.71 4565.23 4772.23 2
462 RANDOM
463 4533.23 4886.06 4663.02 5136.13 4
464 4659.74 5071.44 4800.72 5171.31 4
465 4429.6 4792.71 4565.23 4772.23 2
466 4485.45 4876.56 4595.86 5225.66 4
467 RANDOM
468 4206.95 4526.55 4344.77 4389.67 2
469 4278.59 4580.59 4366.94 4785.64 4
470 4206.95 4526.55 4344.77 4389.67 2
471 RANDOM
472 4485.45 4876.56 4595.86 5225.66 4
473 RANDOM
474 4206.95 4526.55 4344.77 4389.67 2
475 4278.59 4580.59 4366.94 4785.64 4
476 4206.95 4526.55 4344.77 4389.67 2
477 4278.59 4580.59 4366.94 4785.64 4
478 4206.95 4526.55 4344.77 4389.67 2
479 4278.59 4580.59 4366.94 4785.64 4
480 4206.95 4526.55 4344.77 4389.67 2
481 4278.59 4580.59 4366.94 4785.64 4
482 RANDOM
483 4015.88 4290.12 4170.77 4054.54 2
484 4094.33 4333.77 4169.4 4433.04 4
485 4015.88 4290.12 4170.77 4054.54 2
486 4094.33 4333.77 4169.4 4433.04 4
487 4015.88 4290.12 4170.77 4054.54 2
488 4094.33 4333.77 4169.4 4433.04 4
489 4015.88 4290.12 4170.77 4054.54 2
490 4094.33 4333.77 4169.4 4433.04 4
491 4015.88 4290.12 4170.77 4054.54 2
492 4094.33 4333.77 4169.4 4433.04 4
493 4015.88 4290.12 4170.77 4054.54 2
494 4094.33 4333.77 4169.4 4433.04 4
495 4015.88 4290.12 4170.77 4054.54 2
496 4094.33 4333.77 4169.4 4433.04 4
497 4015.88 4290.12 4170.77 4054.54 2
498 4094.33 4333.77 4169.4 4433.04 4
499 4015.88 4290.12 4170.77 4054.54 2
500 4094.33 4333.77 4169.4 4433.04 4
501 4015.88 4290.12 4170.77 4054.54 2
502 4094.33 4333.77 4169.4 4433.04 4
503 4015.88 4290.12 4170.77 4054.54 2
504 4094.33 4333.77 4169.4 4433.04 4
505 4015.88 4290.12 4170.77 4054.54 2
506 4094.33 4333.77 4169.4 4433.04 4
507 4015.88 4290.12 4170.77 4054.54 2
508 4094.33 4333.77 4169.4 4433.04 4
509 4015.88 4290.12 4170.77 4054.54 2
510 4094.33 4333.77 4169.4 4433.04 4
511 4015.88 4290.12 4170.77 4054.54 2
512 4094.33 4333.77 4169.4 4433.04 4
513 4015.88 4290.12 4170.77 4054.54 2
514 4094.33 4333.77 4169.4 4433.04 4
515 4015.88 4290.12 4170.77 4054.54 2
516 RANDOM
517 4278.59 4580.59 4366.94 4785.64 4
518 4206.95 4526.55 4344.77 4389.67 2
519 4278.59 4580.59 4366.94 4785.64 4
520 4206.95 4526.55 4344.77 4389.67 2
521 4278.59 4580.59 4366.94 4785.64 4
522 4206.95 4526.55 4344.77 4389.67 2
523 4278.59 4580.59 4366.94 4785.64 4
524 4206.95 4526.55 4344.77 4389.67 2
525 4278.59 4580.59 4366.94 4785.64 4
526 4206.95 4526.55 4344.77 4389.67 2
527 4278.59 4580.59 4366.94 4785.64 4
528 4206.95 4526.55 4344.77 4389.67 2
529 4278.59 4580.59 4366.94 4785.64 4
530 4206.95 4526.55 4344.77 4389.67 2
531 4278.59 4580.59 4366.94 4785.64 4
532 4206.95 4526.55 4344.77 4389.67 2
533 4278.59 4580.59 4366.94 4785.64 4
534 4206.95 4526.55 4344.77 4389.67 2
535 4278.59 4580.59 4366.94 4785.64 4
536 4206.95 4526.55 4344.77 4389.67 2
537 4278.59 4580.59 4366.94 4785.64 4
538 4206.95 4526.55 4344.77 4389.67 2
539 4278.59 4580.59 4366.94 4785.64 4
540 4206.95 4526.55 4344.77 4389.67 2
541 4278.59 4580.59 4366.94 4785.64 4
542 4206.95 4526.55 4344.77 4389.67 2
543 4278.59 4580.59 4366.94 4785.64 4
544 4206.95 4526.55 4344.77 4389.67 2
545 4278.59 4580.59 4366.94 4785.64 4
546 4206.95 4526.55 4344.77 4389.67 2
547 4278.59 4580.59 4366.94 4785.64 4
548 4206.95 4526.55 4344.77 4389.67 2
549 4278.59 4580.59 4366.94 4785.64 4
550 RANDOM
551 4015.88 4290.12 4170.77 4054.54 2
552 4094.33 4333.77 4169.4 4433.04 4
553 4015.88 4290.12 4170.77 4054.54 2
554 4094.33 4333.77 4169.4 4433.04 4
555 4015.88 4290.12 4170.77 4054.54 2
556 4094.33 4333.77 4169.4 4433.04 4
557 4015.88 4290.12 4170.77 4054.54 2
558 4094.33 4333.77 4169.4 4433.04 4
559 4015.88 4290.12 4170.77 4054.54 2
560 4094.33 4333.77 4169.4 4433.04 4
561 4015.88 4290.12 4170.77 4054.54 2
562 4094.33 4333.77 4169.4 4433.04 4
563 4015.88 4290.12 4170.77 4054.54 2
564 4094.33 4333.77 4169.4 4433.04 4
565 RANDOM
566 4251.76 4689.7 4426.78 4627.6 2
567 3902.33 4091.24 3977.02 4075.39 2
568 4094.33 4333.77 4169.4 4433.04 4
569 4015.88 4290.12 4170.77 4054.54 2
570 4094.33 4333.77 4169.4 4433.04 4
571 4015.88 4290.12 4170.77 4054.54 2
572 4094.33 4333.77 4169.4 4433.04 4
573 4015.88 4290.12 4170.77 4054.54 2
574 4094.33 4333.77 4169.4 4433.04 4
575 4015.88 4290.12 4170.77 4054.54 2
576 4094.33 4333.77 4169.4 4433.04 4
577 4015.88 4290.12 4170.77 4054.54 2
578 4094.33 4333.77 4169.4 4433.04 4
579 4015.88 4290.12 4170.77 4054.54 2
580 4094.33 4333.77 4169.4 4433.04 4
581 4015.88 4290.12 4170.77 4054.54 2
582 4094.33 4333.77 4169.4 4433.04 4
583 4015.88 4290.12 4170.77 4054.54 2
584 4094.33 4333.77 4169.4 4433.04 4
585 4015.88 4290.12 4170.77 4054.54 2
586 4094.33 4333.77 4169.4 4433.04 4
587 4015.88 4290.12 4170.77 4054.54 2
588 4094.33 4333.77 4169.4 4433.04 4
589 4015.88 4290.12 4170.77 4054.54 2
590 4094.33 4333.77 4169.4 4433.04 4
591 4015.88 4290.12 4170.77 4054.54 2
592 4094.33 4333.77 4169.4 4433.04 4
593 4015.88 4290.12 4170.77 4054.54 2
594 4094.33 4333.77 4169.4 4433.04 4
595 4015.88 4290.12 4170.77 4054.54 2
596 4094.33 4333.77 4169.4 4433.04 4
597 4015.88 4290.12 4170.77 4054.54 2
598 4094.33 4333.77 4169.4 4433.04 4
599 4015.88 4290.12 4170.77 4054.54 2
600 4094.33 4333.77 4169.4 4433.04 4
601 4015.88 4290.12 4170.77 4054.54 2
602 4094.33 4333.77 4169.4 4433.04 4
603 RANDOM
604 4251.76 4689.7 4426.78 4627.6 2
605 RANDOM
606 4094.33 4333.77 4169.4 4433.04 4
607 RANDOM
608 4251.76 4689.7 4426.78 4627.6 2
609 RANDOM
610 4094.33 4333.77 4169.4 4433.04 4
611 4015.88 4290.12 4170.77 4054.54 2
612 4094.33 4333.77 4169.4 4433.04 4
613 4015.88 4290.12 4170.77 4054.54 2
614 4094.33 4333.77 4169.4 4433.04 4
615 4015.88 4290.12 4170.77 4054.54 2
616 4094.33 4333.77 4169.4 4433.04 4
617 4015.88 4290.12 4170.77 4054.54 2
618 4094.33 4333.77 4169.4 4433.04 4
619 4015.88 4290.12 4170.77 4054.54 2
620 4094.33 4333.77 4169.4 4433.04 4
621 4015.88 4290.12 4170.77 4054.54 2
622 4094.33 4333.77 4169.4 4433.04 4
623 4015.88 4290.12 4170.77 4054.54 2
624 4094.33 4333.77 4169.4 4433.04 4
625 4015.88 4290.12 4170.77 4054.54 2
626 4094.33 4333.77 4169.4 4433.04 4
627 4015.88 4290.12 4170.77 4054.54 2
628 4094.33 4333.77 4169.4 4433.04 4
629 4015.88 4290.12 4170.77 4054.54 2
630 4094.33 4333.77 4169.4 4433.04 4
631 4015.88 4290.12 4170.77 4054.54 2
632 4094.33 4333.77 4169.4 4433.04 4
633 4015.88 4290.12 4170.77 4054.54 2
634 4094.33 4333.77 4169.4 4433.04 4
635 4015.88 4290.12 4170.77 4054.54 2
636 4094.33 4333.77 4169.4 4433.04 4
637 4015.88 4290.12 4170.77 4054.54 2
638 4094.33 4333.77 4169.4 4433.04 4
639 4015.88 4290.12 4170.77 4054.54 2
640 4094.33 4333.77 4169.4 4433.04 4
641 4015.88 4290.12 4170.77 4054.54 2
642 4094.33 4333.77 4169.4 4433.04 4
643 4015.88 4290.12 4170.77 4054.54 2
644 4094.33 4333.77 4169.4 4433.04 4
645 4015.88 4290.12 4170.77 4054.54 2
646 4094.33 4333.77 4169.4 4433.04 4
647 4015.88 4290.12 4170.77 4054.54 2
648 4094.33 4333.77 4169.4 4433.04 4
649 4015.88 4290.12 4170.77 4054.54 2
650 4094.33 4333.77 4169.4 4433.04 4
651 4015.88 4290.12 4170.77 4054.54 2
652 4094.33 4333.77 4169.4 4433.04 4
653 4015.88 4290.12 4170.77 4054.54 2
654 4094.33 4333.77 4169.4 4433.04 4
655 4015.88 4290.12 4170.77 4054.54 2
656 4094.33 4333.77 4169.4 4433.04 4
657 4015.88 4290.12 4170.77 4054.54 2
658 4094.33 4333.77 4169.4 4433.04 4
659 4015.88 4290.12 4170.77 4054.54 2
660 4094.33 4333.77 4169.4 4433.04 4
661 4015.88 4290.12 4170.77 4054.54 2
662 4094.33 4333.77 4169.4 4433.04 4
663 4015.88 4290.12 4170.77 4054.54 2
664 4094.33 4333.77 4169.4 4433.04 4
665 4015.88 4290.12 4170.77 4054.54 2
666 4094.33 4333.77 4169.4 4433.04 4
667 4015.88 4290.12 4170.77 4054.54 2
668 4094.33 4333.77 4169.4 4433.04 4
669 4015.88 4290.12 4170.77 4054.54 2
670 4094.33 4333.77 4169.4 4433.04 4
671 4015.88 4290.12 4170.77 4054.54 2
672 4094.33 4333.77 4169.4 4433.04 4
673 4015.88 4290.12 4170.77 4054.54 2
674 4094.33 4333.77 4169.4 4433.04 4
675 RANDOM
676 4251.76 4689.7 4426.78 4627.6 2
677 3902.33 4091.24 3977.02 4075.39 2
678 RANDOM
679 4278.59 4580.59 4366.94 4785.64 4
680 4206.95 4526.55 4344.77 4389.67 2
681 4278.59 4580.59 4366.94 4785.64 4
682 4206.95 4526.55 4344.77 4389.67 2
683 4278.59 4580.59 4366.94 4785.64 4
684 4206.95 4526.55 4344.77 4389.67 2
685 4278.59 4580.59 4366.94 4785.64 4
686 4206.95 4526.55 4344.77 4389.67 2
687 4278.59 4580.59 4366.94 4785.64 4
688 4206.95 4526.55 4344.77 4389.67 2
689 4278.59 4580.59 4366.94 4785.64 4
690 4206.95 4526.55 4344.77 4389.67 2
691 4278.59 4580.59 4366.94 4785.64 4
692 4206.95 4526.55 4344.77 4389.67 2
693 4278.59 4580.59 4366.94 4785.64 4
694 4206.95 4526.55 4344.77 4389.67 2
695 RANDOM
696 4485.45 4876.56 4595.86 5225.66 4
697 4429.6 4792.71 4565.23 4772.23 2
698 RANDOM
699 4533.23 4886.06 4663.02 5136.13 4
700 4659.74 5071.44 4800.72 5171.31 4
701 4429.6 4792.71 4565.23 4772.23 2
702 4485.45 4876.56 4595.86 5225.66 4
703 RANDOM
704 4206.95 4526.55 4344.77 4389.67 2
705 4278.59 4580.59 4366.94 4785.64 4
706 4206.95 4526.55 4344.77 4389.67 2
707 4278.59 4580.59 4366.94 4785.64 4
708 4206.95 4526.55 4344.77 4389.67 2
709 4278.59 4580.59 4366.94 4785.64 4
710 4206.95 4526.55 4344.77 4389.67 2
711 4278.59 4580.59 4366.94 4785.64 4
712 4206.95 4526.55 4344.77 4389.67 2
713 4278.59 4580.59 4366.94 4785.64 4
714 4206.95 4526.55 4344.77 4389.67 2
715 4278.59 4580.59 4366.94 4785.64 4
716 4206.95 4526.55 4344.77 4389.67 2
717 4278.59 4580.59 4366.94 4785.64 4
718 4206.95 4526.55 4344.77 4389.67 2
719 4278.59 4580.59 4366.94 4785.64 4
720 4206.95 4526.55 4344.77 4389.67 2
721 RANDOM
722 4485.45 4876.56 4595.86 5225.66 4
723 4429.6 4792.71 4565.23 4772.23 2
724 4485.45 4876.56 4595.86 5225.66 4
725 4429.6 4792.71 4565.23 4772.23 2
726 4485.45 4876.56 4595.86 5225.66 4
727 4429.6 4792.71 4565.23 4772.23 2
728 4485.45 4876.56 4595.86 5225.66 4
729 4429.6 4792.71 4565.23 4772.23 2
730 4485.45 4876.56 4595.86 5225.66 4
731 4429.6 4792.71 4565.23 4772.23 2
732 4485.45 4876.56 4595.86 5225.66 4
733 4429.6 4792.71 4565.23 4772.23 2
734 4485.45 4876.56 4595.86 5225.66 4
735 4429.6 4792.71 4565.23 4772.23 2
736 4485.45 4876.56 4595.86 5225.66 4
737 4429.6 4792.71 4565.23 4772.23 2
738 4485.45 4876.56 4595.86 5225.66 4
739 4429.6 4792.71 4565.23 4772.23 2
740 4485.45 4876.56 4595.86 5225.66 4
741 4429.6 4792.71 4565.23 4772.23 2
742 4485.45 4876.56 4595.86 5225.66 4
743 4429.6 4792.71 4565.23 4772.23 2
744 4485.45 4876.56 4595.86 5225.66 4
745 4429.6 4792.71 4565.23 4772.23 2
746 4485.45 4876.56 4595.86 5225.66 4
747 4429.6 4792.71 4565.23 4772.23 2
748 4485.45 4876.56 4595.86 5225.66 4
749 4429.6 4792.71 4565.23 4772.23 2
750 4485.45 4876.56 4595.86 5225.66 4
751 4429.6 4792.71 4565.23 4772.23 2
752 4485.45 4876.56 4595.86 5225.66 4
753 4429.6 4792.71 4565.23 4772.23 2
754 4485.45 4876.56 4595.86 5225.66 4
755 4429.6 4792.71 4565.23 4772.23 2
756 4485.45 4876.56 4595.86 5225.66 4
757 4429.6 4792.71 4565.23 4772.23 2
758 4485.45 4876.56 4595.86 5225.66 4
759 4429.6 4792.71 4565.23 4772.23 2
760 4485.45 4876.56 4595.86 5225.66 4
761 RANDOM
762 4206.95 4526.55 4344.77 4389.67 2
763 RANDOM
764 4485.45 4876.56 4595.86 5225.66 4
765 RANDOM
766 4206.95 4526.55 4344.77 4389.67 2
767 4278.59 4580.59 4366.94 4785.64 4
768 4206.95 4526.55 4344.77 4389.67 2
769 4278.59 4580.59 4366.94 4785.64 4
770 4206.95 4526.55 4344.77 4389.67 2
771 4278.59 4580.59 4366.94 4785.64 4
772 4206.95 4526.55 4344.77 4389.67 2
773 4278.59 4580.59 4366.94 4785.64 4
774 4206.95 4526.55 4344.77 4389.67 2
775 4278.59 4580.59 4366.94 4785.64 4
776 4206.95 4526.55 4344.77 4389.67 2
777 4278.59 4580.59 4366.94 4785.64 4
778 4206.95 4526.55 4344.77 4389.67 2
779 4278.59 4580.59 4366.94 4785.64 4
780 4206.95 4526.55 4344.77 4389.67 2
781 4278.59 4580.59 4366.94 4785.64 4
782 4206.95 4526.55 4344.77 4389.67 2
783 4278.59 4580.59 4366.94 4785.64 4
784 4206.95 4526.55 4344.77 4389.67 2
785 4278.59 4580.59 4366.94 4785.64 4
786 RANDOM
787 4015.88 4290.12 4170.77 4054.54 2
788 4094.33 4333.77 4169.4 4433.04 4
789 4015.88 4290.12 4170.77 4054.54 2
790 4094.33 4333.77 4169.4 4433.04 4
791 4015.88 4290.12 4170.77 4054.54 2
792 4094.33 4333.77 4169.4 4433.04 4
793 4015.88 4290.12 4170.77 4054.54 2
794 4094.33 4333.77 4169.4 4433.04 4
795 4015.88 4290.12 4170.77 4054.54 2
796 4094.33 4333.77 4169.4 4433.04 4
797 4015.88 4290.12 4170.77 4054.54 2
798 4094.33 4333.77 4169.4 4433.04 4
799 4015.88 4290.12 4170.77 4054.54 2
800 4094.33 4333.77 4169.4 4433.04 4
801 4015.88 4290.12 4170.77 4054.54 2
802 4094.33 4333.77 4169.4 4433.04 4
803 RANDOM
804 4251.76 4689.7 4426.78 4627.6 2
805 3902.33 4091.24 3977.02 4075.39 2
806 4094.33 4333.77 4169.4 4433.04 4
807 4015.88 4290.12 4170.77 4054.54 2
808 4094.33 4333.77 4169.4 4433.04 4
809 4015.88 4290.12 4170.77 4054.54 2
810 4094.33 4333.77 4169.4 4433.04 4
811 4015.88 4290.12 4170.77 4054.54 2
812 4094.33 4333.77 4169.4 4433.04 4
813 4015.88 4290.12 4170.77 4054.54 2
814 4094.33 4333.77 4169.4 4433.04 4
815 4015.88 4290.12 4170.77 4054.54 2
816 4094.33 4333.77 4169.4 4433.04 4
817 4015.88 4290.12 4170.77 4054.54 2
818 4094.33 4333.77 4169.4 4433.04 4
819 4015.88 4290.12 4170.77 4054.54 2
820 4094.33 4333.77 4169.4 4433.04 4
821 4015.88 4290.12 4170.77 4054.54 2
822 4094.33 4333.77 4169.4 4433.04 4
823 4015.88 4290.12 4170.77 4054.54 2
824 4094.33 4333.77 4169.4 4433.04 4
825 4015.88 4290.12 4170.77 4054.54 2
826 4094.33 4333.77 4169.4 4433.04 4
827 4015.88 4290.12 4170.77 4054.54 2
828 4094.33 4333.77 4169.4 4433.04 4
829 4015.88 4290.12 4170.77 4054.54 2
830 4094.33 4333.77 4169.4 4433.04 4
831 4015.88 4290.12 4170.77 4054.54 2
832 4094.33 4333.77 4169.4 4433.04 4
833 4015.88 4290.12 4170.77 4054.54 2
834 4094.33 4333.77 4169.4 4433.04 4
835 4015.88 4290.12 4170.77 4054.54 2
836 4094.33 4333.77 4169.4 4433.04 4
837 4015.88 4290.12 4170.77 4054.54 2
838 4094.33 4333.77 4169.4 4433.04 4
839 4015.88 4290.12 4170.77 4054.54 2
840 4094.33 4333.77 4169.4 4433.04 4
841 RANDOM
842 4251.76 4689.7 4426.78 4627.6 2
843 3902.33 4091.24 3977.02 4075.39 2
844 4094.33 4333.77 4169.4 4433.04 4
845 4015.88 4290.12 4170.77 4054.54 2
846 4094.33 4333.77 4169.4 4433.04 4
847 4015.88 4290.12 4170.77 4054.54 2
848 4094.33 4333.77 4169.4 4433.04 4
849 4015.88 4290.12 4170.77 4054.54 2
850 4094.33 4333.77 4169.4 4433.04 4
851 4015.88 4290.12 4170.77 4054.54 2
852 4094.33 4333.77 4169.4 4433.04 4
853 4015.88 4290.12 4170.77 4054.54 2
854 4094.33 4333.77 4169.4 4433.04 4
855 4015.88 4290.12 4170.77 4054.54 2
856 4094.33 4333.77 4169.4 4433.04 4
857 4015.88 4290.12 4170.77 4054.54 2
858 4094.33 4333.77 4169.4 4433.04 4
859 4015.88 4290.12 4170.77 4054.54 2
860 4094.33 4333.77 4169.4 4433.04 4
861 4015.88 4290.12 4170.77 4054.54 2
862 4094.33 4333.77 4169.4 4433.04 4
863 4015.88 4290.12 4170.77 4054.54 2
864 4094.33 4333.77 4169.4 4433.04 4
865 4015.88 4290.12 4170.77 4054.54 2
866 4094.33 4333.77 4169.4 4433.04 4
867 4015.88 4290.12 4170.77 4054.54 2
868 4094.33 4333.77 4169.4 4433.04 4
869 4015.88 4290.12 4170.77 4054.54 2
870 4094.33 4333.77 4169.4 4433.04 4
871 4015.88 4290.12 4170.77 4054.54 2
872 4094.33 4333.77 4169.4 4433.04 4
873 4015.88 4290.12 4170.77 4054.54 2
874 4094.33 4333.77 4169.4 4433.04 4
875 4015.88 4290.12 4170.77 4054.54 2
876 4094.33 4333.77 4169.4 4433.04 4
877 4015.88 4290.12 4170.77 4054.54 2
878 4094.33 4333.77 4169.4 4433.04 4
879 4015.88 4290.12 4170.77 4054.54 2
880 4094.33 4333.77 4169.4 4433.04 4
881 4015.88 4290.12 4170.77 4054.54 2
882 RANDOM
883 4278.59 4580.59 4366.94 4785.64 4
884 4206.95 4526.55 4344.77 4389.67 2
885 4278.59 4580.59 4366.94 4785.64 4
886 4206.95 4526.55 4344.77 4389.67 2
887 4278.59 4580.59 4366.94 4785.64 4
888 RANDOM
889 4015.88 4290.12 4170.77 4054.54 2
890 4094.33 4333.77 4169.4 4433.04 4
891 4015.88 4290.12 4170.77 4054.54 2
892 4094.33 4333.77 4169.4 4433.04 4
893 4015.88 4290.12 4170.77 4054.54 2
894 4094.33 4333.77 4169.4 4433.04 4
895 4015.88 4290.12 4170.77 4054.54 2
896 4094.33 4333.77 4169.4 4433.04 4
897 4015.88 4290.12 4170.77 4054.54 2
898 4094.33 4333.77 4169.4 4433.04 4
899 4015.88 4290.12 4170.77 4054.54 2
900 4094.33 4333.77 4169.4 4433.04 4
901 4015.88 4290.12 4170.77 4054.54 2
902 4094.33 4333.77 4169.4 4433.04 4
903 4015.88 4290.12 4170.77 4054.54 2
904 4094.33 4333.77 4169.4 4433.04 4
905 4015.88 4290.12 4170.77 4054.54 2
906 4094.33 4333.77 4169.4 4433.04 4
907 4015.88 4290.12 4170.77 4054.54 2
908 4094.33 4333.77 4169.4 4433.04 4
909 4015.88 4290.12 4170.77 4054.54 2
910 4094.33 4333.77 4169.4 4433.04 4
911 4015.88 4290.12 4170.77 4054.54 2
912 4094.33 4333.77 4169.4 4433.04 4
913 4015.88 4290.12 4170.77 4054.54 2
914 4094.33 4333.77 4169.4 4433.04 4
915 4015.88 4290.12 4170.77 4054.54 2
916 4094.33 4333.77 4169.4 4433.04 4
917 4015.88 4290.12 4170.77 4054.54 2
918 4094.33 4333.77 4169.4 4433.04 4
919 4015.88 4290.12 4170.77 4054.54 2
920 4094.33 4333.77 4169.4 4433.04 4
921 4015.88 4290.12 4170.77 4054.54 2
922 4094.33 4333.77 4169.4 4433.04 4
923 4015.88 4290.12 4170.77 4054.54 2
924 4094.33 4333.77 4169.4 4433.04 4
925 RANDOM
926 4251.76 4689.7 4426.78 4627.6 2
927 3902.33 4091.24 3977.02 4075.39 2
928 4094.33 4333.77 4169.4 4433.04 4
929 4015.88 4290.12 4170.77 4054.54 2
930 4094.33 4333.77 4169.4 4433.04 4
931 4015.88 4290.12 4170.77 4054.54 2
932 4094.33 4333.77 4169.4 4433.04 4
933 RANDOM
934 4251.76 4689.7 4426.78 4627.6 2
935 3902.33 4091.24 3977.02 4075.39 2
936 4094.33 4333.77 4169.4 4433.04 4
937 4015.88 4290.12 4170.77 4054.54 2
938 4094.33 4333.77 4169.4 4433.04 4
939 4015.88 4290.12 4170.77 4054.54 2
940 4094.33 4333.77 4169.4 4433.04 4
941 4015.88 4290.12 4170.77 4054.54 2
942 RANDOM
943 4278.59 4580.59 4366.94 4785.64 4
944 4206.95 4526.55 4344.77 4389.67 2
945 4278.59 4580.59 4366.94 4785.64 4
946 4206.95 4526.55 4344.77 4389.67 2
947 4278.59 4580.59 4366.94 4785.64 4
948 4206.95 4526.55 4344.77 4389.67 2
949 4278.59 4580.59 4366.94 4785.64 4
950 4206.95 4526.55 4344.77 4389.67 2
951 4278.59 4580.59 4366.94 4785.64 4
952 4206.95 4526.55 4344.77 4389.67 2
953 4278.59 4580.59 4366.94 4785.64 4
954 4206.95 4526.55 4344.77 4389.67 2
955 4278.59 4580.59 4366.94 4785.64 4
956 4206.95 4526.55 4344.77 4389.67 2
957 4278.59 4580.59 4366.94 4785.64 4
958 RANDOM
959 4015.88 4290.12 4170.77 4054.54 2
960 4094.33 4333.77 4169.4 4433.04 4
961 4015.88 4290.12 4170.77 4054.54 2
962 4094.33 4333.77 4169.4 4433.04 4
963 4015.88 4290.12 4170.77 4054.54 2
964 4094.33 4333.77 4169.4 4433.04 4
965 4015.88 4290.12 4170.77 4054.54 2
966 4094.33 4333.77 4169.4 4433.04 4
967 4015.88 4290.12 4170.77 4054.54 2
968 4094.33 4333.77 4169.4 4433.04 4
969 4015.88 4290.12 4170.77 4054.54 2
970 4094.33 4333.77 4169.4 4433.04 4
971 4015.88 4290.12 4170.77 4054.54 2
972 4094.33 4333.77 4169.4 4433.04 4
973 4015.88 4290.12 4170.77 4054.54 2
974 4094.33 4333.77 4169.4 4433.04 4
975 4015.88 4290.12 4170.77 4054.54 2
976 4094.33 4333.77 4169.4 4433.04 4
977 RANDOM
978 RANDOM
979 4057.96 4437.8 4238.44 4288.77 2
980 4298.62 4674.35 4413.06 4891.45 4
981 4057.96 4437.8 4238.44 4288.77 2
982 4298.62 4674.35 4413.06 4891.45 4
983 4057.96 4437.8 4238.44 4288.77 2
984 4298.62 4674.35 4413.06 4891.45 4
985 4057.96 4437.8 4238.44 4288.77 2
986 4298.62 4674.35 4413.06 4891.45 4
987 4057.96 4437.8 4238.44 4288.77 2
988 4298.62 4674.35 4413.06 4891.45 4
989 4057.96 4437.8 4238.44 4288.77 2
990 4298.62 4674.35 4413.06 4891.45 4
991 4057.96 4437.8 4238.44 4288.77 2
992 4298.62 4674.35 4413.06 4891.45 4
993 4057.96 4437.8 4238.44 4288.77 2
994 4298.62 4674.35 4413.06 4891.45 4
995 4057.96 4437.8 4238.44 4288.77 2
996 4298.62 4674.35 4413.06 4891.45 4
997 RANDOM
998 3893.4 4227.15 4086.0 4002.26 2
999 4129.67 4450.75 4229.84 4563.37 4
1000 3893.4 4227.15 4086.0 4002.26 2
1001 4129.67 4450.75 4229.84 4563.37 4
1002 3893.4 4227.15 4086.0 4002.26 2
1003 4129.67 4450.75 4229.84 4563.37 4
1004 3893.4 4227.15 4086.0 4002.26 2
1005 4129.67 4450.75 4229.84 4563.37 4
1006 3893.4 4227.15 4086.0 4002.26 2
1007 4129.67 4450.75 4229.84 4563.37 4
1008 3893.4 4227.15 4086.0 4002.26 2
1009 4129.67 4450.75 4229.84 4563.37 4
1010 3893.4 4227.15 4086.0 4002.26 2
1011 4129.67 4450.75 4229.84 4563.37 4
1012 3893.4 4227.15 4086.0 4002.26 2
1013 4129.67 4450.75 4229.84 4563.37 4
1014 3893.4 4227.15 4086.0 4002.26 2
1015 4129.67 4450.75 4229.84 4563.37 4
1016 3893.4 4227.15 4086.0 4002.26 2
1017 4129.67 4450.75 4229.84 4563.37 4
1018 3893.4 4227.15 4086.0 4002.26 2
1019 4129.67 4450.75 4229.84 4563.37 4
1020 3893.4 4227.15 4086.0 4002.26 2
1021 4129.67 4450.75 4229.84 4563.37 4
1022 3893.4 4227.15 4086.0 4002.26 2
1023 4129.67 4450.75 4229.84 4563.37 4
1024 3893.4 4227.15 4086.0 4002.26 2
1025 4129.67 4450.75 4229.84 4563.37 4
1026 3893.4 4227.15 4086.0 4002.26 2
1027 4129.67 4450.75 4229.84 4563.37 4
1028 3893.4 4227.15 4086.0 4002.26 2
1029 4129.67 4450.75 4229.84 4563.37 4
1030 3893.4 4227.15 4086.0 4002.26 2
1031 4129.67 4450.75 4229.84 4563.37 4
1032 RANDOM
1033 3742.8 4032.65 3946.69 3735.52 2
1034 3970.32 4254.6 4072.01 4273.07 4
1035 3742.8 4032.65 3946.69 3735.52 2
1036 3970.32 4254.6 4072.01 4273.07 4
1037 3742.8 4032.65 3946.69 3735.52 2
1038 3970.32 4254.6 4072.01 4273.07 4
1039 3742.8 4032.65 3946.69 3735.52 2
1040 3970.32 4254.6 4072.01 4273.07 4
1041 3742.8 4032.65 3946.69 3735.52 2
1042 3970.32 4254.6 4072.01 4273.07 4
1043 3742.8 4032.65 3946.69 3735.52 2
1044 3970.32 4254.6 4072.01 4273.07 4
1045 3742.8 4032.65 3946.69 3735.52 2
1046 RANDOM
1047 4129.67 4450.75 4229.84 4563.37 4
1048 3893.4 4227.15 4086.0 4002.26 2
1049 4129.67 4450.75 4229.84 4563.37 4
1050 3893.4 4227.15 4086.0 4002.26 2
1051 4129.67 4450.75 4229.84 4563.37 4
1052 3893.4 4227.15 4086.0 4002.26 2
1053 4129.67 4450.75 4229.84 4563.37 4
1054 3893.4 4227.15 4086.0 4002.26 2
1055 4129.67 4450.75 4229.84 4563.37 4
1056 3893.4 4227.15 4086.0 4002.26 2
1057 4129.67 4450.75 4229.84 4563.37 4
1058 3893.4 4227.15 4086.0 4002.26 2
1059 4129.67 4450.75 4229.84 4563.37 4
1060 3893.4 4227.15 4086.0 4002.26 2
1061 4129.67 4450.75 4229.84 4563.37 4
1062 3893.4 4227.15 4086.0 4002.26 2
1063 4129.67 4450.75 4229.84 4563.37 4
1064 3893.4 4227.15 4086.0 4002.26 2
1065 4129.67 4450.75 4229.84 4563.37 4
1066 3893.4 4227.15 4086.0 4002.26 2
1067 4129.67 4450.75 4229.84 4563.37 4
1068 3893.4 4227.15 4086.0 4002.26 2
1069 4129.67 4450.75 4229.84 4563.37 4
1070 3893.4 4227.15 4086.0 4002.26 2
1071 4129.67 4450.75 4229.84 4563.37 4
1072 3893.4 4227.15 4086.0 4002.26 2
1073 4129.67 4450.75 4229.84 4563.37 4
1074 3893.4 4227.15 4086.0 4002.26 2
1075 4129.67 4450.75 4229.84 4563.37 4
1076 3893.4 4227.15 4086.0 4002.26 2
1077 4129.67 4450.75 4229.84 4563.37 4
1078 3893.4 4227.15 4086.0 4002.26 2
1079 4129.67 4450.75 4229.84 4563.37 4
1080 3893.4 4227.15 4086.0 4002.26 2
1081 4129.67 4450.75 4229.84 4563.37 4
1082 3893.4 4227.15 4086.0 4002.26 2
1083 4129.67 4450.75 4229.84 4563.37 4
1084 3893.4 4227.15 4086.0 4002.26 2
1085 4129.67 4450.75 4229.84 4563.37 4
1086 3893.4 4227.15 4086.0 4002.26 2
1087 4129.67 4450.75 4229.84 4563.37 4
1088 3893.4 4227.15 4086.0 4002.26 2
1089 4129.67 4450.75 4229.84 4563.37 4
1090 3893.4 4227.15 4086.0 4002.26 2
1091 4129.67 4450.75 4229.84 4563.37 4
1092 3893.4 4227.15 4086.0 4002.26 2
1093 RANDOM
1094 4298.62 4674.35 4413.06 4891.45 4
1095 4057.96 4437.8 4238.44 4288.77 2
1096 4298.62 4674.35 4413.06 4891.45 4
1097 RANDOM
1098 3893.4 4227.15 4086.0 4002.26 2
1099 4129.67 4450.75 4229.84 4563.37 4
1100 3893.4 4227.15 4086.0 4002.26 2
1101 4129.67 4450.75 4229.84 4563.37 4
1102 3893.4 4227.15 4086.0 4002.26 2
1103 4129.67 4450.75 4229.84 4563.37 4
1104 3893.4 4227.15 4086.0 4002.26 2
1105 4129.67 4450.75 4229.84 4563.37 4
1106 3893.4 4227.15 4086.0 4002.26 2
1107 4129.67 4450.75 4229.84 4563.37 4
1108 3893.4 4227.15 4086.0 4002.26 2
1109 4129.67 4450.75 4229.84 4563.37 4
1110 3893.4 4227.15 4086.0 4002.26 2
1111 4129.67 4450.75 4229.84 4563.37 4
1112 3893.4 4227.15 4086.0 4002.26 2
1113 4129.67 4450.75 4229.84 4563.37 4
1114 3893.4 4227.15 4086.0 4002.26 2
1115 4129.67 4450.75 4229.84 4563.37 4
1116 3893.4 4227.15 4086.0 4002.26 2
1117 4129.67 4450.75 4229.84 4563.37 4
1118 3893.4 4227.15 4086.0 4002.26 2
1119 4129.67 4450.75 4229.84 4563.37 4
1120 3893.4 4227.15 4086.0 4002.26 2
1121 4129.67 4450.75 4229.84 4563.37 4
1122 3893.4 4227.15 4086.0 4002.26 2
1123 4129.67 4450.75 4229.84 4563.37 4
1124 3893.4 4227.15 4086.0 4002.26 2
1125 4129.67 4450.75 4229.84 4563.37 4
1126 3893.4 4227.15 4086.0 4002.26 2
1127 4129.67 4450.75 4229.84 4563.37 4
1128 3893.4 4227.15 4086.0 4002.26 2
1129 4129.67 4450.75 4229.84 4563.37 4
1130 3893.4 4227.15 4086.0 4002.26 2
1131 4129.67 4450.75 4229.84 4563.37 4
1132 3893.4 4227.15 4086.0 4002.26 2
1133 4129.67 4450.75 4229.84 4563.37 4
1134 3893.4 4227.15 4086.0 4002.26 2
1135 4129.67 4450.75 4229.84 4563.37 4
1136 3893.4 4227.15 4086.0 4002.26 2
1137 4129.67 4450.75 4229.84 4563.37 4
1138 3893.4 4227.15 4086.0 4002.26 2
1139 4129.67 4450.75 4229.84 4563.37 4
1140 3893.4 4227.15 4086.0 4002.26 2
1141 4129.67 4450.75 4229.84 4563.37 4
1142 3893.4 4227.15 4086.0 4002.26 2
1143 4129.67 4450.75 4229.84 4563.37 4
1144 3893.4 4227.15 4086.0 4002.26 2
1145 4129.67 4450.75 4229.84 4563.37 4
1146 3893.4 4227.15 4086.0 4002.26 2
1147 4129.67 4450.75 4229.84 4563.37 4
1148 3893.4 4227.15 4086.0 4002.26 2
1149 4129.67 4450.75 4229.84 4563.37 4
1150 3893.4 4227.15 4086.0 4002.26 2
1151 4129.67 4450.75 4229.84 4563.37 4
1152 3893.4 4227.15 4086.0 4002.26 2
1153 4129.67 4450.75 4229.84 4563.37 4
1154 RANDOM
1155 3742.8 4032.65 3946.69 3735.52 2
1156 3970.32 4254.6 4072.01 4273.07 4
1157 3742.8 4032.65 3946.69 3735.52 2
1158 3970.32 4254.6 4072.01 4273.07 4
1159 3742.8 4032.65 3946.69 3735.52 2
1160 3970.32 4254.6 4072.01 4273.07 4
1161 3742.8 4032.65 3946.69 3735.52 2
1162 3970.32 4254.6 4072.01 4273.07 4
1163 3742.8 4032.65 3946.69 3735.52 2
1164 3970.32 4254.6 4072.01 4273.07 4
1165 3742.8 4032.65 3946.69 3735.52 2
1166 3970.32 4254.6 4072.01 4273.07 4
1167 RANDOM
1168 4718.74 5668.24 5143.74 5640.27 2
1169 3811.94 4065.69 3928.73 3985.49 2
1170 3970.32 4254.6 4072.01 4273.07 4
1171 3742.8 4032.65 3946.69 3735.52 2
1172 3970.32 4254.6 4072.01 4273.07 4
1173 3742.8 4032.65 3946.69 3735.52 2
1174 3970.32 4254.6 4072.01 4273.07 4
1175 3742.8 4032.65 3946.69 3735.52 2
1176 3970.32 4254.6 4072.01 4273.07 4
1177 3742.8 4032.65 3946.69 3735.52 2
1178 3970.32 4254.6 4072.01 4273.07 4
1179 3742.8 4032.65 3946.69 3735.52 2
1180 3970.32 4254.6 4072.01 4273.07 4
1181 3742.8 4032.65 3946.69 3735.52 2
1182 3970.32 4254.6 4072.01 4273.07 4
1183 3742.8 4032.65 3946.69 3735.52 2
1184 3970.32 4254.6 4072.01 4273.07 4
1185 3742.8 4032.65 3946.69 3735.52 2
1186 3970.32 4254.6 4072.01 4273.07 4
1187 3742.8 4032.65 3946.69 3735.52 2
1188 RANDOM
1189 4129.67 4450.75 4229.84 4563.37 4
1190 3893.4 4227.15 4086.0 4002.26 2
1191 4129.67 4450.75 4229.84 4563.37 4
1192 RANDOM
1193 3742.8 4032.65 3946.69 3735.52 2
1194 3970.32 4254.6 4072.01 4273.07 4
1195 3742.8 4032.65 3946.69 3735.52 2
1196 3970.32 4254.6 4072.01 4273.07 4
1197 3742.8 4032.65 3946.69 3735.52 2
1198 3970.32 4254.6 4072.01 4273.07 4
1199 3742.8 4032.65 3946.69 3735.52 2
1200 3970.32 4254.6 4072.01 4273.07 4
1201 3742.8 4032.65 3946.69 3735.52 2
1202 3970.32 4254.6 4072.01 4273.07 4
1203 3742.8 4032.65 3946.69 3735.52 2
1204 3970.32 4254.6 4072.01 4273.07 4
1205 3742.8 4032.65 3946.69 3735.52 2
1206 3970.32 4254.6 4072.01 4273.07 4
1207 3742.8 4032.65 3946.69 3735.52 2
1208 3970.32 4254.6 4072.01 4273.07 4
1209 3742.8 4032.65 3946.69 3735.52 2
1210 3970.32 4254.6 4072.01 4273.07 4
1211 3742.8 4032.65 3946.69 3735.52 2
1212 3970.32 4254.6 4072.01 4273.07 4
1213 3742.8 4032.65 3946.69 3735.52 2
1214 3970.32 4254.6 4072.01 4273.07 4
1215 3742.8 4032.65 3946.69 3735.52 2
1216 3970.32 4254.6 4072.01 4273.07 4
1217 3742.8 4032.65 3946.69 3735.52 2
1218 3970.32 4254.6 4072.01 4273.07 4
1219 3742.8 4032.65 3946.69 3735.52 2
1220 3970.32 4254.6 4072.01 4273.07 4
1221 3742.8 4032.65 3946.69 3735.52 2
1222 3970.32 4254.6 4072.01 4273.07 4
1223 3742.8 4032.65 3946.69 3735.52 2
1224 3970.32 4254.6 4072.01 4273.07 4
1225 3742.8 4032.65 3946.69 3735.52 2
1226 3970.32 4254.6 4072.01 4273.07 4
1227 3742.8 4032.65 3946.69 3735.52 2
1228 3970.32 4254.6 4072.01 4273.07 4
1229 3742.8 4032.65 3946.69 3735.52 2
1230 3970.32 4254.6 4072.01 4273.07 4
1231 3742.8 4032.65 3946.69 3735.52 2
1232 3970.32 4254.6 4072.01 4273.07 4
1233 3742.8 4032.65 3946.69 3735.52 2
1234 3970.32 4254.6 4072.01 4273.07 4
1235 3742.8 4032.65 3946.69 3735.52 2
1236 3970.32 4254.6 4072.01 4273.07 4
1237 3742.8 4032.65 3946.69 3735.52 2
1238 3970.32 4254.6 4072.01 4273.07 4
1239 3742.8 4032.65 3946.69 3735.52 2
1240 3970.32 4254.6 4072.01 4273.07 4
1241 3742.8 4032.65 3946.69 3735.52 2
1242 3970.32 4254.6 4072.01 4273.07 4
1243 3742.8 4032.65 3946.69 3735.52 2
1244 3970.32 4254.6 4072.01 4273.07 4
1245 3742.8 4032.65 3946.69 3735.52 2
1246 3970.32 4254.6 4072.01 4273.07 4
1247 3742.8 4032.65 3946.69 3735.52 2
1248 3970.32 4254.6 4072.01 4273.07 4
1249 3742.8 4032.65 3946.69 3735.52 2
1250 3970.32 4254.6 4072.01 4273.07 4
1251 3742.8 4032.65 3946.69 3735.52 2
1252 3970.32 4254.6 4072.01 4273.07 4
1253 3742.8 4032.65 3946.69 3735.52 2
1254 3970.32 4254.6 4072.01 4273.07 4
1255 RANDOM
1256 4718.74 5668.24 5143.74 5640.27 2
1257 3811.94 4065.69 3928.73 3985.49 2
1258 3970.32 4254.6 4072.01 4273.07 4
1259 3742.8 4032.65 3946.69 3735.52 2
1260 3970.32 4254.6 4072.01 4273.07 4
1261 RANDOM
1262 4718.74 5668.24 5143.74 5640.27 2
1263 3811.94 4065.69 3928.73 3985.49 2
1264 3970.32 4254.6 4072.01 4273.07 4
1265 3742.8 4032.65 3946.69 3735.52 2
1266 RANDOM
1267 4129.67 4450.75 4229.84 4563.37 4
1268 3893.4 4227.15 4086.0 4002.26 2
1269 4129.67 4450.75 4229.84 4563.37 4
1270 3893.4 4227.15 4086.0 4002.26 2
1271 4129.67 4450.75 4229.84 4563.37 4
1272 3893.4 4227.15 4086.0 4002.26 2
1273 4129.67 4450.75 4229.84 4563.37 4
1274 3893.4 4227.15 4086.0 4002.26 2
1275 4129.67 4450.75 4229.84 4563.37 4
1276 3893.4 4227.15 4086.0 4002.26 2
1277 4129.67 4450.75 4229.84 4563.37 4
1278 3893.4 4227.15 4086.0 4002.26 2
1279 4129.67 4450.75 4229.84 4563.37 4
1280 3893.4 4227.15 4086.0 4002.26 2
1281 4129.67 4450.75 4229.84 4563.37 4
1282 3893.4 4227.15 4086.0 4002.26 2
1283 4129.67 4450.75 4229.84 4563.37 4
1284 3893.4 4227.15 4086.0 4002.26 2
1285 4129.67 4450.75 4229.84 4563.37 4
1286 3893.4 4227.15 4086.0 4002.26 2
1287 4129.67 4450.75 4229.84 4563.37 4
1288 RANDOM
1289 3742.8 4032.65 3946.69 3735.52 2
1290 3970.32 4254.6 4072.01 4273.07 4
1291 3742.8 4032.65 3946.69 3735.52 2
1292 3970.32 4254.6 4072.01 4273.07 4
1293 3742.8 4032.65 3946.69 3735.52 2
1294 3970.32 4254.6 4072.01 4273.07 4
1295 3742.8 4032.65 3946.69 3735.52 2
1296 3970.32 4254.6 4072.01 4273.07 4
1297 RANDOM
1298 4718.74 5668.24 5143.74 5640.27 2
1299 3811.94 4065.69 3928.73 3985.49 2
1300 3970.32 4254.6 4072.01 4273.07 4
1301 3742.8 4032.65 3946.69 3735.52 2
1302 3970.32 4254.6 4072.01 4273.07 4
1303 3742.8 4032.65 3946.69 3735.52 2
1304 3970.32 4254.6 4072.01 4273.07 4
1305 3742.8 4032.65 3946.69 3735.52 2
1306 3970.32 4254.6 4072.01 4273.07 4
1307 3742.8 4032.65 3946.69 3735.52 2
1308 3970.32 4254.6 4072.01 4273.07 4
1309 3742.8 4032.65 3946.69 3735.52 2
1310 3970.32 4254.6 4072.01 4273.07 4
1311 3742.8 4032.65 3946.69 3735.52 2
1312 3970.32 4254.6 4072.01 4273.07 4
1313 3742.8 4032.65 3946.69 3735.52 2
1314 3970.32 4254.6 4072.01 4273.07 4
1315 3742.8 4032.65 3946.69 3735.52 2
1316 3970.32 4254.6 4072.01 4273.07 4
1317 3742.8 4032.65 3946.69 3735.52 2
1318 3970.32 4254.6 4072.01 4273.07 4
1319 3742.8 4032.65 3946.69 3735.52 2
1320 3970.32 4254.6 4072.01 4273.07 4
1321 3742.8 4032.65 3946.69 3735.52 2
1322 3970.32 4254.6 4072.01 4273.07 4
1323 3742.8 4032.65 3946.69 3735.52 2
1324 3970.32 4254.6 4072.01 4273.07 4
1325 3742.8 4032.65 3946.69 3735.52 2
1326 3970.32 4254.6 4072.01 4273.07 4
1327 3742.8 4032.65 3946.69 3735.52 2
1328 3970.32 4254.6 4072.01 4273.07 4
1329 3742.8 4032.65 3946.69 3735.52 2
1330 3970.32 4254.6 4072.01 4273.07 4
1331 3742.8 4032.65 3946.69 3735.52 2
1332 3970.32 4254.6 4072.01 4273.07 4
1333 3742.8 4032.65 3946.69 3735.52 2
1334 3970.32 4254.6 4072.01 4273.07 4
1335 3742.8 4032.65 3946.69 3735.52 2
1336 3970.32 4254.6 4072.01 4273.07 4
1337 3742.8 4032.65 3946.69 3735.52 2
1338 3970.32 4254.6 4072.01 4273.07 4
1339 3742.8 4032.65 3946.69 3735.52 2
1340 3970.32 4254.6 4072.01 4273.07 4
1341 3742.8 4032.65 3946.69 3735.52 2
1342 3970.32 4254.6 4072.01 4273.07 4
1343 3742.8 4032.65 3946.69 3735.52 2
1344 3970.32 4254.6 4072.01 4273.07 4
1345 3742.8 4032.65 3946.69 3735.52 2
1346 3970.32 4254.6 4072.01 4273.07 4
1347 3742.8 4032.65 3946.69 3735.52 2
1348 3970.32 4254.6 4072.01 4273.07 4
1349 3742.8 4032.65 3946.69 3735.52 2
1350 3970.32 4254.6 4072.01 4273.07 4
1351 3742.8 4032.65 3946.69 3735.52 2
1352 3970.32 4254.6 4072.01 4273.07 4
1353 3742.8 4032.65 3946.69 3735.52 2
1354 3970.32 4254.6 4072.01 4273.07 4
1355 3742.8 4032.65 3946.69 3735.52 2
1356 3970.32 4254.6 4072.01 4273.07 4
1357 3742.8 4032.65 3946.69 3735.52 2
1358 3970.32 4254.6 4072.01 4273.07 4
1359 3742.8 4032.65 3946.69 3735.52 2
1360 3970.32 4254.6 4072.01 4273.07 4
1361 3742.8 4032.65 3946.69 3735.52 2
1362 3970.32 4254.6 4072.01 4273.07 4
1363 3742.8 4032.65 3946.69 3735.52 2
1364 3970.32 4254.6 4072.01 4273.07 4
1365 3742.8 4032.65 3946.69 3735.52 2
1366 RANDOM
1367 4129.67 4450.75 4229.84 4563.37 4
1368 3893.4 4227.15 4086.0 4002.26 2
1369 4129.67 4450.75 4229.84 4563.37 4
1370 3893.4 4227.15 4086.0 4002.26 2
1371 4129.67 4450.75 4229.84 4563.37 4
1372 RANDOM
1373 3742.8 4032.65 3946.69 3735.52 2
1374 3970.32 4254.6 4072.01 4273.07 4
1375 3742.8 4032.65 3946.69 3735.52 2
1376 3970.32 4254.6 4072.01 4273.07 4
1377 3742.8 4032.65 3946.69 3735.52 2
1378 3970.32 4254.6 4072.01 4273.07 4
1379 RANDOM
1380 4718.74 5668.24 5143.74 5640.27 2
1381 3811.94 4065.69 3928.73 3985.49 2
1382 3970.32 4254.6 4072.01 4273.07 4
1383 3742.8 4032.65 3946.69 3735.52 2
1384 3970.32 4254.6 4072.01 4273.07 4
1385 3742.8 4032.65 3946.69 3735.52 2
1386 RANDOM
1387 4129.67 4450.75 4229.84 4563.37 4
1388 3893.4 4227.15 4086.0 4002.26 2
1389 4129.67 4450.75 4229.84 4563.37 4
1390 3893.4 4227.15 4086.0 4002.26 2
1391 4129.67 4450.75 4229.84 4563.37 4
1392 3893.4 4227.15 4086.0 4002.26 2
1393 4129.67 4450.75 4229.84 4563.37 4
1394 3893.4 4227.15 4086.0 4002.26 2
1395 4129.67 4450.75 4229.84 4563.37 4
1396 3893.4 4227.15 4086.0 4002.26 2
1397 4129.67 4450.75 4229.84 4563.37 4
1398 3893.4 4227.15 4086.0 4002.26 2
1399 4129.67 4450.75 4229.84 4563.37 4
1400 3893.4 4227.15 4086.0 4002.26 2
1401 4129.67 4450.75 4229.84 4563.37 4
1402 3893.4 4227.15 4086.0 4002.26 2
1403 4129.67 4450.75 4229.84 4563.37 4
1404 3893.4 4227.15 4086.0 4002.26 2
1405 4129.67 4450.75 4229.84 4563.37 4
1406 3893.4 4227.15 4086.0 4002.26 2
1407 4129.67 4450.75 4229.84 4563.37 4
1408 3893.4 4227.15 4086.0 4002.26 2
1409 RANDOM
1410 4298.62 4674.35 4413.06 4891.45 4
1411 4057.96 4437.8 4238.44 4288.77 2
1412 4298.62 4674.35 4413.06 4891.45 4
1413 4057.96 4437.8 4238.44 4288.77 2
1414 4298.62 4674.35 4413.06 4891.45 4
1415 4057.96 4437.8 4238.44 4288.77 2
1416 4298.62 4674.35 4413.06 4891.45 4
1417 4057.96 4437.8 4238.44 4288.77 2
1418 4298.62 4674.35 4413.06 4891.45 4
1419 4057.96 4437.8 4238.44 4288.77 2
1420 4298.62 4674.35 4413.06 4891.45 4
1421 4057.96 4437.8 4238.44 4288.77 2
1422 4298.62 4674.35 4413.06 4891.45 4
1423 4057.96 4437.8 4238.44 4288.77 2
1424 4298.62 4674.35 4413.06 4891.45 4
1425 4057.96 4437.8 4238.44 4288.77 2
1426 4298.62 4674.35 4413.06 4891.45 4
1427 4057.96 4437.8 4238.44 4288.77 2
1428 4298.62 4674.35 4413.06 4891.45 4
1429 4057.96 4437.8 4238.44 4288.77 2
1430 4298.62 4674.35 4413.06 4891.45 4
1431 4057.96 4437.8 4238.44 4288.77 2
1432 4298.62 4674.35 4413.06 4891.45 4
1433 4057.96 4437.8 4238.44 4288.77 2
1434 4298.62 4674.35 4413.06 4891.45 4
1435 4057.96 4437.8 4238.44 4288.77 2
1436 4298.62 4674.35 4413.06 4891.45 4
1437 4057.96 4437.8 4238.44 4288.77 2
1438 4298.62 4674.35 4413.06 4891.45 4
1439 4057.96 4437.8 4238.44 4288.77 2
1440 4298.62 4674.35 4413.06 4891.45 4
1441 4057.96 4437.8 4238.44 4288.77 2
1442 4298.62 4674.35 4413.06 4891.45 4
1443 4057.96 4437.8 4238.44 4288.77 2
1444 4298.62 4674.35 4413.06 4891.45 4
1445 4057.96 4437.8 4238.44 4288.77 2
1446 4298.62 4674.35 4413.06 4891.45 4
1447 4057.96 4437.8 4238.44 4288.77 2
1448 4298.62 4674.35 4413.06 4891.45 4
1449 4057.96 4437.8 4238.44 4288.77 2
1450 4298.62 4674.35 4413.06 4891.45 4
1451 4057.96 4437.8 4238.44 4288.77 2
1452 4298.62 4674.35 4413.06 4891.45 4
1453 4057.96 4437.8 4238.44 4288.77 2
1454 4298.62 4674.35 4413.06 4891.45 4
1455 RANDOM
1456 3893.4 4227.15 4086.0 4002.26 2
1457 4129.67 4450.75 4229.84 4563.37 4
1458 3893.4 4227.15 4086.0 4002.26 2
1459 4129.67 4450.75 4229.84 4563.37 4
1460 3893.4 4227.15 4086.0 4002.26 2
1461 4129.67 4450.75 4229.84 4563.37 4
1462 3893.4 4227.15 4086.0 4002.26 2
1463 4129.67 4450.75 4229.84 4563.37 4
1464 3893.4 4227.15 4086.0 4002.26 2
1465 4129.67 4450.75 4229.84 4563.37 4
1466 3893.4 4227.15 4086.0 4002.26 2
1467 4129.67 4450.75 4229.84 4563.37 4
1468 3893.4 4227.15 4086.0 4002.26 2
1469 4129.67 4450.75 4229.84 4563.37 4
1470 3893.4 4227.15 4086.0 4002.26 2
1471 RANDOM
1472 4298.62 4674.35 4413.06 4891.45 4
1473 4057.96 4437.8 4238.44 4288.77 2
1474 4298.62 4674.35 4413.06 4891.45 4
1475 RANDOM
1476 3893.4 4227.15 4086.0 4002.26 2
1477 4129.67 4450.75 4229.84 4563.37 4
1478 3893.4 4227.15 4086.0 4002.26 2
1479 4129.67 4450.75 4229.84 4563.37 4
1480 RANDOM
1481 3742.8 4032.65 3946.69 3735.52 2
1482 3970.32 4254.6 4072.01 4273.07 4
1483 3742.8 4032.65 3946.69 3735.52 2
1484 3970.32 4254.6 4072.01 4273.07 4
1485 3742.8 4032.65 3946.69 3735.52 2
1486 3970.32 4254.6 4072.01 4273.07 4
1487 3742.8 4032.65 3946.69 3735.52 2
1488 3970.32 4254.6 4072.01 4273.07 4
1489 3742.8 4032.65 3946.69 3735.52 2
1490 3970.32 4254.6 4072.01 4273.07 4
1491 3742.8 4032.65 3946.69 3735.52 2
1492 3970.32 4254.6 4072.01 4273.07 4
1493 3742.8 4032.65 3946.69 3735.52 2
1494 RANDOM
1495 4129.67 4450.75 4229.84 4563.37 4
1496 3893.4 4227.15 4086.0 4002.26 2
1497 4129.67 4450.75 4229.84 4563.37 4
1498 3893.4 4227.15 4086.0 4002.26 2
1499 4129.67 4450.75 4229.84 4563.37 4
1500 3893.4 4227.15 4086.0 4002.26 2
1501 4129.67 4450.75 4229.84 4563.37 4
1502 3893.4 4227.15 4086.0 4002.26 2
1503 4129.67 4450.75 4229.84 4563.37 4
1504 3893.4 4227.15 4086.0 4002.26 2
1505 4129.67 4450.75 4229.84 4563.37 4
1506 3893.4 4227.15 4086.0 4002.26 2
1507 4129.67 4450.75 4229.84 4563.37 4
1508 3893.4 4227.15 4086.0 4002.26 2
1509 4129.67 4450.75 4229.84 4563.37 4
1510 3893.4 4227.15 4086.0 4002.26 2
1511 4129.67 4450.75 4229.84 4563.37 4
1512 3893.4 4227.15 4086.0 4002.26 2
1513 4129.67 4450.75 4229.84 4563.37 4
1514 3893.4 4227.15 4086.0 4002.26 2
1515 4129.67 4450.75 4229.84 4563.37 4
1516 3893.4 4227.15 4086.0 4002.26 2
1517 4129.67 4450.75 4229.84 4563.37 4
1518 3893.4 4227.15 4086.0 4002.26 2
1519 4129.67 4450.75 4229.84 4563.37 4
1520 3893.4 4227.15 4086.0 4002.26 2
1521 4129.67 4450.75 4229.84 4563.37 4
1522 3893.4 4227.15 4086.0 4002.26 2
1523 4129.67 4450.75 4229.84 4563.37 4
1524 3893.4 4227.15 4086.0 4002.26 2
1525 4129.67 4450.75 4229.84 4563.37 4
1526 3893.4 4227.15 4086.0 4002.26 2
1527 4129.67 4450.75 4229.84 4563.37 4
1528 3893.4 4227.15 4086.0 4002.26 2
1529 4129.67 4450.75 4229.84 4563.37 4
1530 3893.4 4227.15 4086.0 4002.26 2
1531 4129.67 4450.75 4229.84 4563.37 4
1532 3893.4 4227.15 4086.0 4002.26 2
1533 RANDOM
1534 4298.62 4674.35 4413.06 4891.45 4
1535 4057.96 4437.8 4238.44 4288.77 2
1536 4298.62 4674.35 4413.06 4891.45 4
1537 4057.96 4437.8 4238.44 4288.77 2
1538 4298.62 4674.35 4413.06 4891.45 4
1539 4057.96 4437.8 4238.44 4288.77 2
1540 4298.62 4674.35 4413.06 4891.45 4
1541 4057.96 4437.8 4238.44 4288.77 2
1542 4298.62 4674.35 4413.06 4891.45 4
1543 4057.96 4437.8 4238.44 4288.77 2
1544 4298.62 4674.35 4413.06 4891.45 4
1545 4057.96 4437.8 4238.44 4288.77 2
1546 4298.62 4674.35 4413.06 4891.45 4
1547 4057.96 4437.8 4238.44 4288.77 2
1548 4298.62 4674.35 4413.06 4891.45 4
1549 4057.96 4437.8 4238.44 4288.77 2
1550 4298.62 4674.35 4413.06 4891.45 4
1551 4057.96 4437.8 4238.44 4288.77 2
1552 4298.62 4674.35 4413.06 4891.45 4
1553 RANDOM
1554 3893.4 4227.15 4086.0 4002.26 2
1555 4129.67 4450.75 4229.84 4563.37 4
1556 3893.4 4227.15 4086.0 4002.26 2
1557 4129.67 4450.75 4229.84 4563.37 4
1558 3893.4 4227.15 4086.0 4002.26 2
1559 4129.67 4450.75 4229.84 4563.37 4
1560 3893.4 4227.15 4086.0 4002.26 2
1561 4129.67 4450.75 4229.84 4563.37 4
1562 3893.4 4227.15 4086.0 4002.26 2
1563 4129.67 4450.75 4229.84 4563.37 4
1564 3893.4 4227.15 4086.0 4002.26 2
1565 RANDOM
1566 4298.62 4674.35 4413.06 4891.45 4
1567 4057.96 4437.8 4238.44 4288.77 2
1568 4298.62 4674.35 4413.06 4891.45 4
1569 4057.96 4437.8 4238.44 4288.77 2
1570 4298.62 4674.35 4413.06 4891.45 4
1571 4057.96 4437.8 4238.44 4288.77 2
1572 4298.62 4674.35 4413.06 4891.45 4
1573 4057.96 4437.8 4238.44 4288.77 2
1574 4298.62 4674.35 4413.06 4891.45 4
1575 4057.96 4437.8 4238.44 4288.77 2
1576 4298.62 4674.35 4413.06 4891.45 4
1577 RANDOM
1578 3893.4 4227.15 4086.0 4002.26 2
1579 4129.67 4450.75 4229.84 4563.37 4
1580 3893.4 4227.15 4086.0 4002.26 2
1581 4129.67 4450.75 4229.84 4563.37 4
1582 3893.4 4227.15 4086.0 4002.26 2
1583 4129.67 4450.75 4229.84 4563.37 4
1584 3893.4 4227.15 4086.0 4002.26 2
1585 4129.67 4450.75 4229.84 4563.37 4
1586 3893.4 4227.15 4086.0 4002.26 2
1587 4129.67 4450.75 4229.84 4563.37 4
1588 3893.4 4227.15 4086.0 4002.26 2
1589 4129.67 4450.75 4229.84 4563.37 4
1590 3893.4 4227.15 4086.0 4002.26 2
1591 4129.67 4450.75 4229.84 4563.37 4
1592 3893.4 4227.15 4086.0 4002.26 2
1593 RANDOM
1594 4298.62 4674.35 4413.06 4891.45 4
1595 4057.96 4437.8 4238.44 4288.77 2
1596 4298.62 4674.35 4413.06 4891.45 4
1597 4057.96 4437.8 4238.44 4288.77 2
1598 4298.62 4674.35 4413.06 4891.45 4
1599 4057.96 4437.8 4238.44 4288.77 2
1600 4298.62 4674.35 4413.06 4891.45 4
1601 4057.96 4437.8 4238.44 4288.77 2
1602 4298.62 4674.35 4413.06 4891.45 4
1603 4057.96 4437.8 4238.44 4288.77 2
1604 4298.62 4674.35 4413.06 4891.45 4
1605 4057.96 4437.8 4238.44 4288.77 2
1606 4298.62 4674.35 4413.06 4891.45 4
1607 4057.96 4437.8 4238.44 4288.77 2
1608 4298.62 4674.35 4413.06 4891.45 4
1609 4057.96 4437.8 4238.44 4288.77 2
1610 4298.62 4674.35 4413.06 4891.45 4
1611 4057.96 4437.8 4238.44 4288.77 2
1612 4298.62 4674.35 4413.06 4891.45 4
1613 4057.96 4437.8 4238.44 4288.77 2
1614 4298.62 4674.35 4413.06 4891.45 4
1615 4057.96 4437.8 4238.44 4288.77 2
1616 4298.62 4674.35 4413.06 4891.45 4
1617 4057.96 4437.8 4238.44 4288.77 2
1618 4298.62 4674.35 4413.06 4891.45 4
1619 4057.96 4437.8 4238.44 4288.77 2
1620 4298.62 4674.35 4413.06 4891.45 4
1621 4057.96 4437.8 4238.44 4288.77 2
1622 4298.62 4674.35 4413.06 4891.45 4
1623 4057.96 4437.8 4238.44 4288.77 2
1624 4298.62 4674.35 4413.06 4891.45 4
1625 4057.96 4437.8 4238.44 4288.77 2
1626 4298.62 4674.35 4413.06 4891.45 4
1627 4057.96 4437.8 4238.44 4288.77 2
1628 4298.62 4674.35 4413.06 4891.45 4
1629 4057.96 4437.8 4238.44 4288.77 2
1630 4298.62 4674.35 4413.06 4891.45 4
1631 4057.96 4437.8 4238.44 4288.77 2
1632 4298.62 4674.35 4413.06 4891.45 4
1633 4057.96 4437.8 4238.44 4288.77 2
1634 4298.62 4674.35 4413.06 4891.45 4
1635 4057.96 4437.8 4238.44 4288.77 2
1636 4298.62 4674.35 4413.06 4891.45 4
1637 4057.96 4437.8 4238.44 4288.77 2
1638 4298.62 4674.35 4413.06 4891.45 4
1639 4057.96 4437.8 4238.44 4288.77 2
1640 4298.62 4674.35 4413.06 4891.45 4
1641 RANDOM
1642 3893.4 4227.15 4086.0 4002.26 2
1643 RANDOM
1644 4298.62 4674.35 4413.06 4891.45 4
1645 4057.96 4437.8 4238.44 4288.77 2
1646 4298.62 4674.35 4413.06 4891.45 4
1647 4057.96 4437.8 4238.44 4288.77 2
1648 4298.62 4674.35 4413.06 4891.45 4
1649 4057.96 4437.8 4238.44 4288.77 2
1650 4298.62 4674.35 4413.06 4891.45 4
1651 4057.96 4437.8 4238.44 4288.77 2
1652 4298.62 4674.35 4413.06 4891.45 4
1653 4057.96 4437.8 4238.44 4288.77 2
1654 4298.62 4674.35 4413.06 4891.45 4
1655 4057.96 4437.8 4238.44 4288.77 2
1656 4298.62 4674.35 4413.06 4891.45 4
1657 4057.96 4437.8 4238.44 4288.77 2
1658 4298.62 4674.35 4413.06 4891.45 4
1659 4057.96 4437.8 4238.44 4288.77 2
1660 4298.62 4674.35 4413.06 4891.45 4
1661 RANDOM
1662 3893.4 4227.15 4086.0 4002.26 2
1663 RANDOM
1664 4298.62 4674.35 4413.06 4891.45 4
1665 4057.96 4437.8 4238.44 4288.77 2
1666 4298.62 4674.35 4413.06 4891.45 4
1667 4057.96 4437.8 4238.44 4288.77 2
1668 4298.62 4674.35 4413.06 4891.45 4
1669 4057.96 4437.8 4238.44 4288.77 2
1670 4298.62 4674.35 4413.06 4891.45 4
1671 4057.96 4437.8 4238.44 4288.77 2
1672 4298.62 4674.35 4413.06 4891.45 4
1673 4057.96 4437.8 4238.44 4288.77 2
1674 4298.62 4674.35 4413.06 4891.45 4
1675 4057.96 4437.8 4238.44 4288.77 2
1676 4298.62 4674.35 4413.06 4891.45 4
1677 4057.96 4437.8 4238.44 4288.77 2
1678 4298.62 4674.35 4413.06 4891.45 4
1679 4057.96 4437.8 4238.44 4288.77 2
1680 4298.62 4674.35 4413.06 4891.45 4
1681 4057.96 4437.8 4238.44 4288.77 2
1682 4298.62 4674.35 4413.06 4891.45 4
1683 4057.96 4437.8 4238.44 4288.77 2
1684 4298.62 4674.35 4413.06 4891.45 4
1685 4057.96 4437.8 4238.44 4288.77 2
1686 4298.62 4674.35 4413.06 4891.45 4
1687 4057.96 4437.8 4238.44 4288.77 2
1688 4298.62 4674.35 4413.06 4891.45 4
1689 4057.96 4437.8 4238.44 4288.77 2
1690 4298.62 4674.35 4413.06 4891.45 4
1691 4057.96 4437.8 4238.44 4288.77 2
1692 4298.62 4674.35 4413.06 4891.45 4
1693 4057.96 4437.8 4238.44 4288.77 2
1694 4298.62 4674.35 4413.06 4891.45 4
1695 4057.96 4437.8 4238.44 4288.77 2
1696 4298.62 4674.35 4413.06 4891.45 4
1697 4057.96 4437.8 4238.44 4288.77 2
1698 4298.62 4674.35 4413.06 4891.45 4
1699 4057.96 4437.8 4238.44 4288.77 2
1700 4298.62 4674.35 4413.06 4891.45 4
1701 4057.96 4437.8 4238.44 4288.77 2
1702 4298.62 4674.35 4413.06 4891.45 4
1703 4057.96 4437.8 4238.44 4288.77 2
1704 4298.62 4674.35 4413.06 4891.45 4
1705 4057.96 4437.8 4238.44 4288.77 2
1706 4298.62 4674.35 4413.06 4891.45 4
1707 4057.96 4437.8 4238.44 4288.77 2
1708 4298.62 4674.35 4413.06 4891.45 4
1709 4057.96 4437.8 4238.44 4288.77 2
1710 4298.62 4674.35 4413.06 4891.45 4
1711 4057.96 4437.8 4238.44 4288.77 2
1712 4298.62 4674.35 4413.06 4891.45 4
1713 RANDOM
1714 3893.4 4227.15 4086.0 4002.26 2
1715 4129.67 4450.75 4229.84 4563.37 4
1716 3893.4 4227.15 4086.0 4002.26 2
1717 4129.67 4450.75 4229.84 4563.37 4
1718 3893.4 4227.15 4086.0 4002.26 2
1719 4129.67 4450.75 4229.84 4563.37 4
1720 3893.4 4227.15 4086.0 4002.26 2
1721 4129.67 4450.75 4229.84 4563.37 4
1722 3893.4 4227.15 4086.0 4002.26 2
1723 4129.67 4450.75 4229.84 4563.37 4
1724 3893.4 4227.15 4086.0 4002.26 2
1725 4129.67 4450.75 4229.84 4563.37 4
1726 3893.4 4227.15 4086.0 4002.26 2
1727 4129.67 4450.75 4229.84 4563.37 4
1728 3893.4 4227.15 4086.0 4002.26 2
1729 4129.67 4450.75 4229.84 4563.37 4
1730 3893.4 4227.15 4086.0 4002.26 2
1731 4129.67 4450.75 4229.84 4563.37 4
1732 3893.4 4227.15 4086.0 4002.26 2
1733 4129.67 4450.75 4229.84 4563.37 4
1734 3893.4 4227.15 4086.0 4002.26 2
1735 4129.67 4450.75 4229.84 4563.37 4
1736 3893.4 4227.15 4086.0 4002.26 2
1737 4129.67 4450.75 4229.84 4563.37 4
1738 3893.4 4227.15 4086.0 4002.26 2
1739 4129.67 4450.75 4229.84 4563.37 4
1740 3893.4 4227.15 4086.0 4002.26 2
1741 4129.67 4450.75 4229.84 4563.37 4
1742 3893.4 4227.15 4086.0 4002.26 2
1743 4129.67 4450.75 4229.84 4563.37 4
1744 3893.4 4227.15 4086.0 4002.26 2
1745 4129.67 4450.75 4229.84 4563.37 4
1746 3893.4 4227.15 4086.0 4002.26 2
1747 4129.67 4450.75 4229.84 4563.37 4
1748 RANDOM
1749 3742.8 4032.65 3946.69 3735.52 2
1750 3970.32 4254.6 4072.01 4273.07 4
1751 3742.8 4032.65 3946.69 3735.52 2
1752 3970.32 4254.6 4072.01 4273.07 4
1753 3742.8 4032.65 3946.69 3735.52 2
1754 3970.32 4254.6 4072.01 4273.07 4
1755 3742.8 4032.65 3946.69 3735.52 2
1756 3970.32 4254.6 4072.01 4273.07 4
1757 3742.8 4032.65 3946.69 3735.52 2
1758 3970.32 4254.6 4072.01 4273.07 4
1759 3742.8 4032.65 3946.69 3735.52 2
1760 3970.32 4254.6 4072.01 4273.07 4
1761 3742.8 4032.65 3946.69 3735.52 2
1762 3970.32 4254.6 4072.01 4273.07 4
1763 3742.8 4032.65 3946.69 3735.52 2
1764 3970.32 4254.6 4072.01 4273.07 4
1765 3742.8 4032.65 3946.69 3735.52 2
1766 RANDOM
1767 4129.67 4450.75 4229.84 4563.37 4
1768 3893.4 4227.15 4086.0 4002.26 2
1769 4129.67 4450.75 4229.84 4563.37 4
1770 3893.4 4227.15 4086.0 4002.26 2
1771 4129.67 4450.75 4229.84 4563.37 4
1772 3893.4 4227.15 4086.0 4002.26 2
1773 4129.67 4450.75 4229.84 4563.37 4
1774 3893.4 4227.15 4086.0 4002.26 2
1775 4129.67 4450.75 4229.84 4563.37 4
1776 3893.4 4227.15 4086.0 4002.26 2
1777 4129.67 4450.75 4229.84 4563.37 4
1778 3893.4 4227.15 4086.0 4002.26 2
1779 4129.67 4450.75 4229.84 4563.37 4
1780 3893.4 4227.15 4086.0 4002.26 2
1781 4129.67 4450.75 4229.84 4563.37 4
1782 3893.4 4227.15 4086.0 4002.26 2
1783 4129.67 4450.75 4229.84 4563.37 4
1784 3893.4 4227.15 4086.0 4002.26 2
1785 4129.67 4450.75 4229.84 4563.37 4
1786 3893.4 4227.15 4086.0 4002.26 2
1787 4129.67 4450.75 4229.84 4563.37 4
1788 3893.4 4227.15 4086.0 4002.26 2
1789 4129.67 4450.75 4229.84 4563.37 4
1790 3893.4 4227.15 4086.0 4002.26 2
1791 RANDOM
1792 4298.62 4674.35 4413.06 4891.45 4
1793 4057.96 4437.8 4238.44 4288.77 2
1794 4298.62 4674.35 4413.06 4891.45 4
1795 4057.96 4437.8 4238.44 4288.77 2
1796 4298.62 4674.35 4413.06 4891.45 4
1797 4057.96 4437.8 4238.44 4288.77 2
1798 4298.62 4674.35 4413.06 4891.45 4
1799 4057.96 4437.8 4238.44 4288.77 2
1800 4298.62 4674.35 4413.06 4891.45 4
1801 4057.96 4437.8 4238.44 4288.77 2
1802 4298.62 4674.35 4413.06 4891.45 4
1803 4057.96 4437.8 4238.44 4288.77 2
1804 4298.62 4674.35 4413.06 4891.45 4
1805 4057.96 4437.8 4238.44 4288.77 2
1806 4298.62 4674.35 4413.06 4891.45 4
1807 4057.96 4437.8 4238.44 4288.77 2
1808 4298.62 4674.35 4413.06 4891.45 4
1809 4057.96 4437.8 4238.44 4288.77 2
1810 4298.62 4674.35 4413.06 4891.45 4
1811 4057.96 4437.8 4238.44 4288.77 2
1812 4298.62 4674.35 4413.06 4891.45 4
1813 4057.96 4437.8 4238.44 4288.77 2
1814 4298.62 4674.35 4413.06 4891.45 4
1815 4057.96 4437.8 4238.44 4288.77 2
1816 4298.62 4674.35 4413.06 4891.45 4
1817 4057.96 4437.8 4238.44 4288.77 2
1818 4298.62 4674.35 4413.06 4891.45 4
1819 4057.96 4437.8 4238.44 4288.77 2
1820 4298.62 4674.35 4413.06 4891.45 4
1821 4057.96 4437.8 4238.44 4288.77 2
1822 4298.62 4674.35 4413.06 4891.45 4
1823 4057.96 4437.8 4238.44 4288.77 2
1824 4298.62 4674.35 4413.06 4891.45 4
1825 4057.96 4437.8 4238.44 4288.77 2
1826 4298.62 4674.35 4413.06 4891.45 4
1827 4057.96 4437.8 4238.44 4288.77 2
1828 4298.62 4674.35 4413.06 4891.45 4
1829 4057.96 4437.8 4238.44 4288.77 2
1830 4298.62 4674.35 4413.06 4891.45 4
1831 4057.96 4437.8 4238.44 4288.77 2
1832 4298.62 4674.35 4413.06 4891.45 4
1833 4057.96 4437.8 4238.44 4288.77 2
1834 4298.62 4674.35 4413.06 4891.45 4
1835 4057.96 4437.8 4238.44 4288.77 2
1836 4298.62 4674.35 4413.06 4891.45 4
1837 4057.96 4437.8 4238.44 4288.77 2
1838 4298.62 4674.35 4413.06 4891.45 4
1839 4057.96 4437.8 4238.44 4288.77 2
1840 4298.62 4674.35 4413.06 4891.45 4
1841 4057.96 4437.8 4238.44 4288.77 2
1842 4298.62 4674.35 4413.06 4891.45 4
1843 4057.96 4437.8 4238.44 4288.77 2
1844 4298.62 4674.35 4413.06 4891.45 4
1845 4057.96 4437.8 4238.44 4288.77 2
1846 4298.62 4674.35 4413.06 4891.45 4
1847 4057.96 4437.8 4238.44 4288.77 2
1848 4298.62 4674.35 4413.06 4891.45 4
1849 4057.96 4437.8 4238.44 4288.77 2
1850 4298.62 4674.35 4413.06 4891.45 4
1851 4057.96 4437.8 4238.44 4288.77 2
1852 4298.62 4674.35 4413.06 4891.45 4
1853 4057.96 4437.8 4238.44 4288.77 2
1854 4298.62 4674.35 4413.06 4891.45 4
1855 4057.96 4437.8 4238.44 4288.77 2
1856 4298.62 4674.35 4413.06 4891.45 4
1857 4057.96 4437.8 4238.44 4288.77 2
1858 4298.62 4674.35 4413.06 4891.45 4
1859 4057.96 4437.8 4238.44 4288.77 2
1860 4298.62 4674.35 4413.06 4891.45 4
1861 4057.96 4437.8 4238.44 4288.77 2
1862 4298.62 4674.35 4413.06 4891.45 4
1863 4057.96 4437.8 4238.44 4288.77 2
1864 4298.62 4674.35 4413.06 4891.45 4
1865 4057.96 4437.8 4238.44 4288.77 2
1866 4298.62 4674.35 4413.06 4891.45 4
1867 4057.96 4437.8 4238.44 4288.77 2
1868 4298.62 4674.35 4413.06 4891.45 4
1869 4057.96 4437.8 4238.44 4288.77 2
1870 4298.62 4674.35 4413.06 4891.45 4
1871 4057.96 4437.8 4238.44 4288.77 2
1872 4298.62 4674.35 4413.06 4891.45 4
1873 RANDOM
1874 3893.4 4227.15 4086.0 4002.26 2
1875 4129.67 4450.75 4229.84 4563.37 4
1876 3893.4 4227.15 4086.0 4002.26 2
1877 RANDOM
1878 4298.62 4674.35 4413.06 4891.45 4
1879 4057.96 4437.8 4238.44 4288.77 2
1880 4298.62 4674.35 4413.06 4891.45 4
1881 4057.96 4437.8 4238.44 4288.77 2
1882 4298.62 4674.35 4413.06 4891.45 4
1883 4057.96 4437.8 4238.44 4288.77 2
1884 RANDOM
1885 3902.33 4091.24 3977.02 4075.39 2
1886 4094.33 4333.77 4169.4 4433.04 4
1887 4015.88 4290.12 4170.77 4054.54 2
1888 4094.33 4333.77 4169.4 4433.04 4
1889 4015.88 4290.12 4170.77 4054.54 2
1890 4094.33 4333.77 4169.4 4433.04 4
1891 4015.88 4290.12 4170.77 4054.54 2
1892 4094.33 4333.77 4169.4 4433.04 4
1893 4015.88 4290.12 4170.77 4054.54 2
1894 4094.33 4333.77 4169.4 4433.04 4
1895 4015.88 4290.12 4170.77 4054.54 2
1896 4094.33 4333.77 4169.4 4433.04 4
1897 4015.88 4290.12 4170.77 4054.54 2
1898 4094.33 4333.77 4169.4 4433.04 4
1899 4015.88 4290.12 4170.77 4054.54 2
1900 4094.33 4333.77 4169.4 4433.04 4
1901 4015.88 4290.12 4170.77 4054.54 2
1902 4094.33 4333.77 4169.4 4433.04 4
1903 4015.88 4290.12 4170.77 4054.54 2
1904 4094.33 4333.77 4169.4 4433.04 4
1905 4015.88 4290.12 4170.77 4054.54 2
1906 4094.33 4333.77 4169.4 4433.04 4
1907 4015.88 4290.12 4170.77 4054.54 2
1908 4094.33 4333.77 4169.4 4433.04 4
1909 4015.88 4290.12 4170.77 4054.54 2
1910 4094.33 4333.77 4169.4 4433.04 4
1911 4015.88 4290.12 4170.77 4054.54 2
1912 4094.33 4333.77 4169.4 4433.04 4
1913 4015.88 4290.12 4170.77 4054.54 2
1914 4094.33 4333.77 4169.4 4433.04 4
1915 4015.88 4290.12 4170.77 4054.54 2
1916 4094.33 4333.77 4169.4 4433.04 4
1917 4015.88 4290.12 4170.77 4054.54 2
1918 4094.33 4333.77 4169.4 4433.04 4
1919 4015.88 4290.12 4170.77 4054.54 2
1920 4094.33 4333.77 4169.4 4433.04 4
1921 4015.88 4290.12 4170.77 4054.54 2
1922 4094.33 4333.77 4169.4 4433.04 4
1923 4015.88 4290.12 4170.77 4054.54 2
1924 4094.33 4333.77 4169.4 4433.04 4
1925 4015.88 4290.12 4170.77 4054.54 2
1926 4094.33 4333.77 4169.4 4433.04 4
1927 4015.88 4290.12 4170.77 4054.54 2
1928 4094.33 4333.77 4169.4 4433.04 4
1929 4015.88 4290.12 4170.77 4054.54 2
1930 4094.33 4333.77 4169.4 4433.04 4
1931 4015.88 4290.12 4170.77 4054.54 2
1932 4094.33 4333.77 4169.4 4433.04 4
1933 4015.88 4290.12 4170.77 4054.54 2
1934 4094.33 4333.77 4169.4 4433.04 4
1935 4015.88 4290.12 4170.77 4054.54 2
1936 4094.33 4333.77 4169.4 4433.04 4
1937 4015.88 4290.12 4170.77 4054.54 2
1938 4094.33 4333.77 4169.4 4433.04 4
1939 4015.88 4290.12 4170.77 4054.54 2
1940 4094.33 4333.77 4169.4 4433.04 4
1941 4015.88 4290.12 4170.77 4054.54 2
1942 4094.33 4333.77 4169.4 4433.04 4
1943 4015.88 4290.12 4170.77 4054.54 2
1944 4094.33 4333.77 4169.4 4433.04 4
1945 4015.88 4290.12 4170.77 4054.54 2
1946 4094.33 4333.77 4169.4 4433.04 4
1947 4015.88 4290.12 4170.77 4054.54 2
1948 4094.33 4333.77 4169.4 4433.04 4
1949 4015.88 4290.12 4170.77 4054.54 2
1950 4094.33 4333.77 4169.4 4433.04 4
1951 4015.88 4290.12 4170.77 4054.54 2
1952 4094.33 4333.77 4169.4 4433.04 4
1953 4015.88 4290.12 4170.77 4054.54 2
1954 4094.33 4333.77 4169.4 4433.04 4
1955 4015.88 4290.12 4170.77 4054.54 2
1956 4094.33 4333.77 4169.4 4433.04 4
1957 4015.88 4290.12 4170.77 4054.54 2
1958 4094.33 4333.77 4169.4 4433.04 4
1959 4015.88 4290.12 4170.77 4054.54 2
1960 4094.33 4333.77 4169.4 4433.04 4
1961 4015.88 4290.12 4170.77 4054.54 2
1962 4094.33 4333.77 4169.4 4433.04 4
1963 4015.88 4290.12 4170.77 4054.54 2
1964 4094.33 4333.77 4169.4 4433.04 4
1965 RANDOM
1966 4251.76 4689.7 4426.78 4627.6 2
1967 3902.33 4091.24 3977.02 4075.39 2
1968 4094.33 4333.77 4169.4 4433.04 4
1969 4015.88 4290.12 4170.77 4054.54 2
1970 4094.33 4333.77 4169.4 4433.04 4
1971 4015.88 4290.12 4170.77 4054.54 2
1972 4094.33 4333.77 4169.4 4433.04 4
1973 4015.88 4290.12 4170.77 4054.54 2
1974 4094.33 4333.77 4169.4 4433.04 4
1975 4015.88 4290.12 4170.77 4054.54 2
1976 RANDOM
1977 4278.59 4580.59 4366.94 4785.64 4
1978 4206.95 4526.55 4344.77 4389.67 2
1979 4278.59 4580.59 4366.94 4785.64 4
1980 RANDOM
1981 4015.88 4290.12 4170.77 4054.54 2
1982 4094.33 4333.77 4169.4 4433.04 4
1983 RANDOM
1984 4251.76 4689.7 4426.78 4627.6 2
1985 3902.33 4091.24 3977.02 4075.39 2
1986 4094.33 4333.77 4169.4 4433.04 4
1987 4015.88 4290.12 4170.77 4054.54 2
1988 4094.33 4333.77 4169.4 4433.04 4
1989 4015.88 4290.12 4170.77 4054.54 2
1990 RANDOM
1991 4278.59 4580.59 4366.94 4785.64 4
1992 4206.95 4526.55 4344.77 4389.67 2
1993 4278.59 4580.59 4366.94 4785.64 4
1994 4206.95 4526.55 4344.77 4389.67 2
1995 4278.59 4580.59 4366.94 4785.64 4
1996 4206.95 4526.55 4344.77 4389.67 2
1997 4278.59 4580.59 4366.94 4785.64 4
1998 4206.95 4526.55 4344.77 4389.67 2
1999 4278.59 4580.59 4366.94 4785.64 4
2000 RANDOM
2001 RANDOM
2002 RANDOM
2003 4057.96 4437.8 4238.44 4288.77 2
2004 4298.62 4674.35 4413.06 4891.45 4
2005 4057.96 4437.8 4238.44 4288.77 2
2006 RANDOM
2007 3902.33 4091.24 3977.02 4075.39 2
2008 4094.33 4333.77 4169.4 4433.04 4
2009 4015.88 4290.12 4170.77 4054.54 2
2010 4094.33 4333.77 4169.4 4433.04 4
2011 4015.88 4290.12 4170.77 4054.54 2
2012 4094.33 4333.77 4169.4 4433.04 4
2013 4015.88 4290.12 4170.77 4054.54 2
2014 4094.33 4333.77 4169.4 4433.04 4
2015 4015.88 4290.12 4170.77 4054.54 2
2016 4094.33 4333.77 4169.4 4433.04 4
2017 4015.88 4290.12 4170.77 4054.54 2
2018 RANDOM
2019 4278.59 4580.59 4366.94 4785.64 4
2020 4206.95 4526.55 4344.77 4389.67 2
2021 4278.59 4580.59 4366.94 4785.64 4
2022 4206.95 4526.55 4344.77 4389.67 2
2023 4278.59 4580.59 4366.94 4785.64 4
2024 4206.95 4526.55 4344.77 4389.67 2
2025 4278.59 4580.59 4366.94 4785.64 4
2026 4206.95 4526.55 4344.77 4389.67 2
2027 RANDOM
2028 4485.45 4876.56 4595.86 5225.66 4
2029 4429.6 4792.71 4565.23 4772.23 2
2030 4485.45 4876.56 4595.86 5225.66 4
2031 4429.6 4792.71 4565.23 4772.23 2
2032 4485.45 4876.56 4595.86 5225.66 4
2033 4429.6 4792.71 4565.23 4772.23 2
2034 4485.45 4876.56 4595.86 5225.66 4
2035 4429.6 4792.71 4565.23 4772.23 2
2036 4485.45 4876.56 4595.86 5225.66 4
2037 4429.6 4792.71 4565.23 4772.23 2
2038 4485.45 4876.56 4595.86 5225.66 4
2039 4429.6 4792.71 4565.23 4772.23 2
2040 4485.45 4876.56 4595.86 5225.66 4
2041 4429.6 4792.71 4565.23 4772.23 2
2042 4485.45 4876.56 4595.86 5225.66 4
2043 4429.6 4792.71 4565.23 4772.23 2
2044 4485.45 4876.56 4595.86 5225.66 4
2045 4429.6 4792.71 4565.23 4772.23 2
2046 4485.45 4876.56 4595.86 5225.66 4
2047 4429.6 4792.71 4565.23 4772.23 2
2048 4485.45 4876.56 4595.86 5225.66 4
2049 4429.6 4792.71 4565.23 4772.23 2
2050 4485.45 4876.56 4595.86 5225.66 4
2051 4429.6 4792.71 4565.23 4772.23 2
2052 4485.45 4876.56 4595.86 5225.66 4
2053 4429.6 4792.71 4565.23 4772.23 2
2054 4485.45 4876.56 4595.86 5225.66 4
2055 4429.6 4792.71 4565.23 4772.23 2
2056 4485.45 4876.56 4595.86 5225.66 4
2057 4429.6 4792.71 4565.23 4772.23 2
2058 4485.45 4876.56 4595.86 5225.66 4
2059 4429.6 4792.71 4565.23 4772.23 2
2060 4485.45 4876.56 4595.86 5225.66 4
2061 4429.6 4792.71 4565.23 4772.23 2
2062 4485.45 4876.56 4595.86 5225.66 4
2063 4429.6 4792.71 4565.23 4772.23 2
2064 RANDOM
2065 4384.77 4801.9 4502.71 5230.88 4
2066 4658.43 5045.95 4788.35 5128.57 4
