0 -2.97666 21.6752 2.23502 22.2197 4
1 -2.97666 21.6752 2.23502 22.2197 4
2 -2.97666 21.6752 2.23502 22.2197 4
3 -2.97666 21.6752 2.23502 22.2197 4
4 -2.97666 21.6752 2.23502 22.2197 4
5 -2.97666 21.6752 2.23502 22.2197 4
6 -2.97666 21.6752 2.23502 22.2197 4
7 -2.97666 21.6752 2.23502 22.2197 4
8 -2.97666 21.6752 2.23502 22.2197 4
9 -2.97666 21.6752 2.23502 22.2197 4
10 -2.97666 21.6752 2.23502 22.2197 4
11 -2.97666 21.6752 2.23502 22.2197 4
12 -2.97666 21.6752 2.23502 22.2197 4
13 -2.97666 21.6752 2.23502 22.2197 4
14 -2.97666 21.6752 2.23502 22.2197 4
15 -2.97666 21.6752 2.23502 22.2197 4
16 -2.97666 21.6752 2.23502 22.2197 4
17 -2.97666 21.6752 2.23502 22.2197 4
18 -2.97666 21.6752 2.23502 22.2197 4
19 -2.97666 21.6752 2.23502 22.2197 4
20 -2.97666 21.6752 2.23502 22.2197 4
21 -2.97666 21.6752 2.23502 22.2197 4
22 RANDOM
23 -2.97666 21.6752 2.23502 22.2197 4
24 -2.97666 21.6752 2.23502 22.2197 4
25 -2.97666 21.6752 2.23502 22.2197 4
26 -2.97666 21.6752 2.23502 22.2197 4
27 -2.97666 21.6752 2.23502 22.2197 4
28 -2.97666 21.6752 2.23502 22.2197 4
29 -2.97666 21.6752 2.23502 22.2197 4
30 -2.97666 21.6752 2.23502 22.2197 4
31 -2.97666 21.6752 2.23502 22.2197 4
32 -2.97666 21.6752 2.23502 22.2197 4
33 -2.97666 21.6752 2.23502 22.2197 4
34 -2.97666 21.6752 2.23502 22.2197 4
35 -2.97666 21.6752 2.23502 22.2197 4
36 -2.97666 21.6752 2.23502 22.2197 4
37 -2.97666 21.6752 2.23502 22.2197 4
38 -2.97666 21.6752 2.23502 22.2197 4
39 -2.97666 21.6752 2.23502 22.2197 4
40 -2.97666 21.6752 2.23502 22.2197 4
41 -2.97666 21.6752 2.23502 22.2197 4
42 -4.84048 21.4845 -43.3549 39.6505 4
43 -4.26072 24.3843 -44.7031 40.2169 4
44 -4.26862 27.1282 -47.2855 39.3258 4
45 -4.28092 30.2064 -49.9313 39.9557 4
46 -4.60105 18.536 -40.5097 38.6149 4
47 -4.71689 15.7987 -36.6178 34.4407 4
48 -4.12385 14.6954 -32.5263 32.3554 4
49 -3.49486 13.7448 -28.3838 30.4413 4
50 2.83198 19.7541 -11.1557 11.9711 2
51 -2.97666 21.6752 2.23502 22.2197 4
52 2.83198 19.7541 -11.1557 11.9711 2
53 -2.97666 21.6752 2.23502 22.2197 4
54 RANDOM
55 -2.97666 21.6752 2.23502 22.2197 4
56 1.01949 21.8218 -18.6306 16.0813 2
