0 110.291 110.749 105.391 116.9 4
1 110.755 109.551 97.1632 124.214 4
2 117.767 116.34 105.28 129.765 4
3 118.298 116.876 105.43 130.857 4
4 119.074 117.657 105.699 132.344 4
5 120.249 118.881 106.131 134.747 4
6 117.382 116.064 105.211 129.512 4
7 118.216 116.881 105.545 131.106 4
8 119.406 118.052 106.054 133.306 4
9 121.159 119.843 106.909 136.511 4
10 127.609 125.999 113.357 143.342 4
11 129.391 127.759 114.585 145.957 4
12 131.893 130.23 116.281 149.718 4
13 135.316 133.601 118.546 154.894 4
14 131.921 130.231 116.819 148.863 4
15 133.178 131.476 117.655 150.757 4
16 135.011 133.294 118.889 153.547 4
17 137.862 136.131 120.813 157.95 4
18 129.383 127.819 116.088 144.138 4
19 131.606 130.044 117.68 147.351 4
20 134.797 133.233 119.941 151.995 4
21 RANDOM
22 132.589 130.954 118.308 148.71 4
23 RANDOM
24 137.732 136.096 122.058 156.067 4
25 142.039 140.413 125.195 162.233 4
26 130.255 130.291 118.702 144.588 4
27 131.98 132.054 119.971 147.044 4
28 134.935 135.053 122.145 151.175 4
29 138.812 138.969 124.951 156.521 4
30 141.373 142.16 128.713 158.027 4
31 145.681 146.526 131.898 163.732 4
32 151.389 152.281 136.084 171.243 4
33 RANDOM
34 142.237 144.957 132.171 158.468 4
35 146.211 149.139 135.268 163.639 4
36 152.174 155.329 139.879 171.366 4
37 160.426 163.802 146.085 181.793 4
38 143.421 146.39 133.302 159.91 4
39 147.034 150.191 136.169 164.414 4
40 RANDOM
41 162.84 166.396 148.671 183.373 4
42 143.237 149.497 134.861 162.982 4
43 148.15 154.664 138.679 168.923 4
44 156.518 163.386 145.25 178.888 4
45 168.281 175.411 154.359 192.517 4
46 153.305 162.277 145.157 177.901 4
47 157.35 166.435 148.142 182.598 4
48 166.702 176.02 155.316 193.324 4
49 179.583 189.135 165.272 208.005 4
50 178.768 190.697 167.916 211.138 4
51 178.768 190.697 167.916 211.138 4
