0 -345.169 164.932 -426.286 111.321 2
1 RANDOM
2 -339.913 174.539 -433.43 129.259 2
3 -432.007 169.563 -351.373 138.925 2
4 -418.278 165.818 -347.675 123.757 2
5 -420.645 163.723 -335.246 110.921 2
6 -355.658 168.103 -398.616 141.271 2
7 -359.41 170.232 -362.438 129.675 2
8 -361.859 163.164 -355.887 113.599 2
9 -376.913 161.788 -353.665 109.72 2
10 -368.045 184.221 -356.736 138.683 2
11 -329.034 129.48 -323.469 41.8278 2
12 -325.036 122.195 -325.512 28.2067 2
13 -322.49 121.379 -334.222 24.2551 2
14 -289.105 141.405 -334.658 42.9775 2
15 -289.544 136.337 -404.936 67.2731 2
16 -285.013 125.693 -386.596 37.8163 2
17 -294.013 122.85 -378.281 23.5554 2
18 -279.943 138.801 -361.906 34.0368 2
19 -269.873 152.491 -361.069 82.2624 2
20 -267.106 163.312 -367.048 91.2338 2
21 -272.426 171.68 -365.546 98.1342 2
22 RANDOM
23 -188.282 161.115 -243.764 20.5024 2
24 -133.163 151.878 -221.246 -22.3926 2
25 -140.941 154.156 -230.523 -20.5328 2
26 -138.331 169.837 -203.718 -12.5386 2
27 -173.476 164.436 -200.256 -17.5169 2
28 -100.354 147.296 -161.506 -70.3248 2
29 -66.8586 145.499 -136.266 -84.1566 2
30 -32.3827 171.691 -70.0622 -68.7689 2
31 -223.861 175.678 -147.933 32.2978 2
32 RANDOM
33 -124.926 163.571 -53.6242 -20.8516 2
34 -80.7521 218.691 28.535 26.853 2
35 -266.89 194.21 -179.883 85.895 2
36 -239.177 194.059 -136.854 68.79 2
37 RANDOM
38 -156.651 201.937 11.006 52.2485 2
39 -135.868 97.3643 -50.6193 -47.4993 2
40 -117.027 125.23 -30.956 -25.3712 2
41 -91.5937 136.498 -15.6481 -22.5413 2
42 -42.3922 150.829 35.8932 -22.4945 2
43 -77.8544 132.111 28.1871 -23.3411 2
44 RANDOM
45 -33.59 155.295 38.5938 -18.8746 2
46 45.7689 172.169 116.926 -21.3409 2
47 57.4393 130.846 -35.7055 -103.249 2
48 41.8351 126.407 -47.2466 -105.728 2
49 -0.205476 119.4 -75.2156 -100.755 2
50 -31.8937 120.27 -87.9551 -88.772 2
51 -31.8937 120.27 -87.9551 -88.772 2
