0 89.8069 547.616 -396.498 459.935 2
1 120.968 538.94 -430.482 452.986 2
2 141.615 552.089 -449.766 464.259 2
3 30.4456 566.884 -201.38 540.276 2
4 72.1175 537.402 -209.946 494.34 2
5 85.8616 562.893 -184.518 505.38 2
6 186.767 540.791 -243.734 488.787 2
7 108.426 659.662 -94.7743 668.294 4
8 102.681 493.909 -300.773 489.834 2
9 108.426 659.662 -94.7743 668.294 4
10 102.681 493.909 -300.773 489.834 2
11 108.426 659.662 -94.7743 668.294 4
12 102.681 493.909 -300.773 489.834 2
13 108.426 659.662 -94.7743 668.294 4
14 102.681 493.909 -300.773 489.834 2
15 108.426 659.662 -94.7743 668.294 4
16 102.681 493.909 -300.773 489.834 2
17 108.426 659.662 -94.7743 668.294 4
18 102.681 493.909 -300.773 489.834 2
19 108.426 659.662 -94.7743 668.294 4
20 102.681 493.909 -300.773 489.834 2
21 108.426 659.662 -94.7743 668.294 4
22 102.681 493.909 -300.773 489.834 2
23 108.426 659.662 -94.7743 668.294 4
24 102.681 493.909 -300.773 489.834 2
25 108.426 659.662 -94.7743 668.294 4
26 102.681 493.909 -300.773 489.834 2
27 108.426 659.662 -94.7743 668.294 4
28 102.681 493.909 -300.773 489.834 2
29 108.426 659.662 -94.7743 668.294 4
30 102.681 493.909 -300.773 489.834 2
31 108.426 659.662 -94.7743 668.294 4
32 102.681 493.909 -300.773 489.834 2
33 108.426 659.662 -94.7743 668.294 4
34 102.681 493.909 -300.773 489.834 2
35 108.426 659.662 -94.7743 668.294 4
36 102.681 493.909 -300.773 489.834 2
37 108.426 659.662 -94.7743 668.294 4
38 102.681 493.909 -300.773 489.834 2
39 108.426 659.662 -94.7743 668.294 4
40 104.025 482.785 -246.18 490.46 4
41 54.95 498.572 -269.734 514.401 4
42 8.22002 533.336 -282.361 565.334 4
43 -50.0676 588.803 -269.087 645.513 4
44 63.3553 425.387 -554.47 408.123 2
45 117.312 475.399 -291.24 450.277 2
46 172.588 438.345 -294.565 399.96 2
47 202.535 470.632 -259.108 424.987 2
48 194.013 539.517 -183.721 496.8 2
49 117.581 672.529 -36.4237 686.395 4
50 104.025 482.785 -246.18 490.46 4
51 54.95 498.572 -269.734 514.401 4
52 8.22002 533.336 -282.361 565.334 4
53 -50.0676 588.803 -269.087 645.513 4
54 63.3553 425.387 -554.47 408.123 2
55 117.312 475.399 -291.24 450.277 2
56 172.588 438.345 -294.565 399.96 2
57 202.535 470.632 -259.108 424.987 2
58 194.013 539.517 -183.721 496.8 2
59 117.581 672.529 -36.4237 686.395 4
60 104.025 482.785 -246.18 490.46 4
61 54.95 498.572 -269.734 514.401 4
62 8.22002 533.336 -282.361 565.334 4
63 -50.0676 588.803 -269.087 645.513 4
64 63.3553 425.387 -554.47 408.123 2
65 117.312 475.399 -291.24 450.277 2
66 172.588 438.345 -294.565 399.96 2
67 202.535 470.632 -259.108 424.987 2
68 194.013 539.517 -183.721 496.8 2
69 117.581 672.529 -36.4237 686.395 4
70 104.025 482.785 -246.18 490.46 4
71 RANDOM
72 8.22002 533.336 -282.361 565.334 4
73 -50.0676 588.803 -269.087 645.513 4
74 63.3553 425.387 -554.47 408.123 2
75 117.312 475.399 -291.24 450.277 2
76 172.588 438.345 -294.565 399.96 2
77 202.535 470.632 -259.108 424.987 2
78 194.013 539.517 -183.721 496.8 2
79 117.581 672.529 -36.4237 686.395 4
80 104.025 482.785 -246.18 490.46 4
81 54.95 498.572 -269.734 514.401 4
82 8.22002 533.336 -282.361 565.334 4
83 -50.0676 588.803 -269.087 645.513 4
84 63.3553 425.387 -554.47 408.123 2
85 117.312 475.399 -291.24 450.277 2
86 172.588 438.345 -294.565 399.96 2
87 202.535 470.632 -259.108 424.987 2
88 194.013 539.517 -183.721 496.8 2
89 RANDOM
90 145.003 675.396 -15.1405 676.725 4
91 -80.6027 830.353 67.8781 925.884 4
92 RANDOM
93 151.919 649.57 -79.9508 612.584 2
94 151.969 539.838 -158.908 499.444 2
