0 1833.09 4362.36 -607.344 4173.76 2
1 1862.8 4344.44 -615.339 4167.03 2
2 1889.3 4392.01 -595.297 4223.84 2
3 1668.52 4226.52 -529.017 4000.05 2
4 1718.09 4166.47 -539.266 3948.15 2
5 1743.23 4195.12 -503.02 3974.43 2
6 1852.03 4129.49 -494.907 3938.36 2
7 1729.04 4120.19 -498.041 3942.81 2
8 1743.58 4045.82 -437.488 3814.98 2
9 1732.18 4067.09 -397.844 3817.65 2
10 1784.25 3986.19 -323.413 3733.75 2
11 1771.88 3943.97 -391.691 3655.12 2
12 1787.4 3924.26 -344.392 3603.43 2
13 1795.62 3941.91 -304.905 3602.03 2
14 1869.4 3794.22 -192.64 3426.94 2
15 1783.91 4236.75 -344.037 3971.93 2
16 1801.92 4204.44 -230.72 3862.75 2
17 1799.62 4237.6 -164.377 3866.77 2
18 1835.39 4145.83 -69.1588 3742.04 2
19 1852.59 4381.99 -290.082 4287.76 2
20 1871.85 4317.37 -197.924 4147.58 2
21 1902.02 4293.65 -87.19 4060.62 2
22 1993.93 4028.24 77.59 3700.32 2
23 RANDOM
24 2012.45 4513.17 231.84 4286.35 2
25 2006.98 4396.28 224.945 4104.29 2
26 2013.07 4166.83 280.4 3797.74 2
27 2058.97 4385.88 295.858 4202.77 2
28 2118.87 4227.43 381.71 3931.24 2
29 2138.65 4103.92 441.802 3720.83 2
30 2231.61 3758.23 651.331 3264.84 2
31 2003.32 4475.62 530.461 4304.75 2
32 2083.0 4218.11 684.596 3886.25 2
33 2138.97 4075.98 803.119 3644.31 2
34 2276.28 3890.12 1054.87 3341.85 2
35 2023.26 4671.61 617.904 4604.71 2
36 2065.51 4546.24 746.572 4371.53 2
37 2108.12 4470.59 879.609 4189.39 2
38 2232.64 4258.76 1168.41 3804.83 2
39 2133.04 4875.42 981.457 4639.36 2
40 2188.86 4701.41 1042.07 4356.89 2
41 2238.15 4577.07 1104.9 4143.86 2
42 2339.08 4351.82 1242.39 3765.64 2
43 2280.83 4631.06 1233.53 4246.57 2
44 2314.99 4521.23 1255.89 4056.66 2
45 2355.9 4422.08 1273.27 3881.25 2
46 2505.67 4280.15 1465.98 3631.55 2
47 2437.58 4536.57 1076.22 4037.47 2
48 2358.11 4463.42 979.062 3924.76 2
49 2289.7 4429.03 894.98 3875.21 2
50 2244.45 4350.29 855.502 3747.92 2
51 2244.45 4350.29 855.502 3747.92 2
