0 -344.198 146.529 -420.559 129.879 2
1 -337.246 143.946 -428.819 133.165 2
2 -334.555 156.221 -421.46 142.197 2
3 -440.65 145.106 -325.526 144.759 2
4 -428.674 133.069 -320.429 120.275 2
5 -424.535 143.417 -305.783 118.56 2
6 -356.252 138.136 -374.179 138.06 2
7 -368.402 127.591 -331.093 116.307 2
8 -373.782 110.739 -326.495 91.0309 2
9 -382.489 122.482 -325.355 99.2753 2
10 RANDOM
11 -335.996 68.7049 -290.395 10.6884 2
12 -330.15 60.6641 -294.269 -3.90097 2
13 -326.318 59.0877 -304.559 -8.73959 2
14 -290.908 73.6419 -303.605 3.30655 2
15 -296.669 78.2738 -378.562 41.6354 2
16 RANDOM
17 -295.727 61.3328 -352.015 -8.0748 2
18 -281.307 70.4473 -331.916 -6.58871 2
19 -278.047 82.3121 -334.478 43.3459 2
20 -273.759 90.5892 -339.571 48.7982 2
21 -276.3 96.2755 -337.018 52.1776 2
22 -243.11 99.0758 -299.499 30.5404 2
23 -180.216 69.4161 -201.561 -52.5067 2
24 -128.646 55.6944 -181.888 -98.9422 2
25 -138.548 58.7845 -193.566 -94.8604 2
26 -131.022 70.2105 -162.668 -94.002 2
27 -157.297 53.6051 -151.041 -117.299 2
28 -77.4452 40.0714 -103.731 -166.997 2
29 -53.1472 39.181 -82.2904 -176.658 2
30 -12.7138 56.5274 -8.1046 -175.886 2
31 -208.807 80.66 -84.8678 -46.776 2
32 -117.912 67.0225 -15.9149 -99.8026 2
33 -110.756 65.7708 13.256 -103.144 2
34 -62.3176 110.592 103.032 -70.7879 2
35 -269.509 109.543 -128.619 24.5854 2
36 -234.712 106.14 -81.2623 1.50845 2
37 -193.674 92.1195 -28.9964 -28.0448 2
38 -134.014 111.744 94.3883 -23.2635 2
39 -126.331 15.6368 19.3622 -104.227 3
40 -183.017 -17.3393 9.17079 -96.6783 3
