0 -377.6 363.973 -748.388 302.622 2
1 -356.107 362.77 -759.055 303.746 2
2 -342.846 370.497 -756.67 309.315 2
3 -488.163 343.533 -636.603 294.411 2
4 -454.904 340.202 -628.76 272.779 2
5 -447.237 337.862 -614.741 255.616 2
6 -349.959 340.289 -666.079 269.807 2
7 -404.121 374.264 -615.041 305.146 2
8 -392.685 367.582 -612.641 287.302 2
9 RANDOM
10 -358.942 401.45 -604.04 319.596 2
11 -319.314 329.376 -576.281 215.406 2
12 -302.565 325.282 -577.104 202.151 2
13 -285.0 334.407 -574.825 203.816 2
14 -225.208 363.788 -548.623 221.084 2
15 -293.512 349.026 -655.255 243.501 2
16 -281.593 347.712 -618.571 218.299 2
17 -281.406 365.949 -590.195 223.187 2
18 RANDOM
19 -331.337 387.993 -441.838 255.884 2
20 -342.916 430.867 -475.655 299.371 2
