0 0.996031 29.5254 4.23795 30.0072 4
1 0.996031 29.5254 4.23795 30.0072 4
2 0.996031 29.5254 4.23795 30.0072 4
3 0.996031 29.5254 4.23795 30.0072 4
4 0.996031 29.5254 4.23795 30.0072 4
5 0.996031 29.5254 4.23795 30.0072 4
6 0.996031 29.5254 4.23795 30.0072 4
7 0.996031 29.5254 4.23795 30.0072 4
8 0.996031 29.5254 4.23795 30.0072 4
9 RANDOM
10 0.996031 29.5254 4.23795 30.0072 4
11 0.996031 29.5254 4.23795 30.0072 4
12 0.996031 29.5254 4.23795 30.0072 4
13 0.996031 29.5254 4.23795 30.0072 4
14 0.996031 29.5254 4.23795 30.0072 4
15 0.996031 29.5254 4.23795 30.0072 4
16 0.996031 29.5254 4.23795 30.0072 4
17 0.996031 29.5254 4.23795 30.0072 4
18 RANDOM
19 0.996031 29.5254 4.23795 30.0072 4
20 0.996031 29.5254 4.23795 30.0072 4
