0 109.979 444.589 -649.272 372.725 2
1 138.941 435.83 -680.937 364.095 2
2 156.95 446.22 -697.481 371.777 2
3 68.4635 449.188 -502.999 424.024 2
4 106.744 426.425 -506.984 384.241 2
5 118.363 441.486 -487.798 383.345 2
6 209.511 418.399 -542.724 364.018 2
7 125.395 478.672 -443.886 475.253 2
8 150.792 480.343 -427.333 463.434 2
9 164.515 497.556 -411.063 476.281 2
10 238.765 552.503 -356.224 530.775 2
11 268.226 443.248 -373.015 391.109 2
12 293.518 443.733 -363.317 376.833 2
13 313.056 456.802 -353.922 379.027 2
14 427.813 538.171 -257.07 451.414 2
15 251.935 439.545 -477.808 375.106 2
16 278.089 467.478 -406.352 377.945 2
17 288.087 502.84 -352.653 397.964 2
18 395.956 578.283 -236.952 461.553 2
19 RANDOM
20 343.205 644.847 -282.144 617.37 2
21 376.375 662.42 -229.604 616.313 2
22 543.428 720.56 -57.1826 639.516 2
23 485.463 808.679 91.9046 755.77 2
24 583.786 809.684 148.98 710.496 2
25 594.002 804.491 148.324 689.458 2
26 664.465 823.091 219.191 681.959 2
27 647.19 847.258 254.358 742.654 2
28 778.956 853.669 338.178 700.731 2
29 815.952 841.229 374.143 670.361 2
30 RANDOM
31 866.277 909.671 474.132 704.805 2
32 934.281 890.136 551.972 702.981 1
