0 -5.27002 18.2631 5.17219 18.7321 4
1 -5.27002 18.2631 5.17219 18.7321 4
2 -5.27002 18.2631 5.17219 18.7321 4
3 -5.27002 18.2631 5.17219 18.7321 4
4 -5.27002 18.2631 5.17219 18.7321 4
5 -5.27002 18.2631 5.17219 18.7321 4
6 -5.27002 18.2631 5.17219 18.7321 4
7 -5.27002 18.2631 5.17219 18.7321 4
8 -5.27002 18.2631 5.17219 18.7321 4
9 -5.27002 18.2631 5.17219 18.7321 4
10 RANDOM
11 -5.27002 18.2631 5.17219 18.7321 4
12 -5.27002 18.2631 5.17219 18.7321 4
13 -5.27002 18.2631 5.17219 18.7321 4
14 -5.27002 18.2631 5.17219 18.7321 4
15 RANDOM
16 -5.27002 18.2631 5.17219 18.7321 4
17 -5.27002 18.2631 5.17219 18.7321 4
18 -5.27002 18.2631 5.17219 18.7321 4
19 -5.27002 18.2631 5.17219 18.7321 4
20 -5.27002 18.2631 5.17219 18.7321 4
21 -5.27002 18.2631 5.17219 18.7321 4
22 -5.27002 18.2631 5.17219 18.7321 4
23 RANDOM
24 -5.27002 18.2631 5.17219 18.7321 4
25 -5.27002 18.2631 5.17219 18.7321 4
26 -5.27002 18.2631 5.17219 18.7321 4
27 -5.27002 18.2631 5.17219 18.7321 4
28 -5.27002 18.2631 5.17219 18.7321 4
29 -5.27002 18.2631 5.17219 18.7321 4
30 -5.27002 18.2631 5.17219 18.7321 4
31 -5.27002 18.2631 5.17219 18.7321 4
32 -5.27002 18.2631 5.17219 18.7321 4
33 -5.27002 18.2631 5.17219 18.7321 4
34 -5.27002 18.2631 5.17219 18.7321 4
35 -5.27002 18.2631 5.17219 18.7321 4
36 RANDOM
37 -5.27002 18.2631 5.17219 18.7321 4
38 -5.27002 18.2631 5.17219 18.7321 4
39 -5.27002 18.2631 5.17219 18.7321 4
40 -5.27002 18.2631 5.17219 18.7321 4
41 -5.27002 18.2631 5.17219 18.7321 4
42 -14.8644 19.0361 -32.014 39.4963 4
43 -15.4151 21.5698 -32.4287 39.9513 4
44 -16.9455 24.0059 -33.6497 39.0694 4
45 -18.7027 26.757 -34.985 39.3994 4
46 -13.1545 16.8072 -30.642 38.7642 4
47 -12.6327 13.9377 -27.5787 34.3149 4
48 -11.6366 12.2405 -24.5363 31.2604 4
49 -10.4293 11.2063 -21.0278 29.0638 4
50 -5.58582 17.2994 2.4251 9.28745 2
51 -5.27002 18.2631 5.17219 18.7321 4
52 -5.58582 17.2994 2.4251 9.28745 2
53 -5.27002 18.2631 5.17219 18.7321 4
54 RANDOM
55 -5.27002 18.2631 5.17219 18.7321 4
56 -9.32722 17.4106 -4.89631 11.8964 2
