0 51.9074 59.8456 47.4476 69.9765 4
1 50.8389 65.2125 42.9799 86.7656 4
2 57.3321 67.9059 50.0624 86.244 4
3 RANDOM
4 RANDOM
5 58.3597 69.8874 50.5306 90.1117 4
6 58.0816 66.9878 51.5866 82.5849 4
7 58.1309 67.2469 51.485 83.3447 4
8 58.3323 67.7608 51.4591 84.4708 4
9 58.5045 68.4375 51.3509 86.0439 4
10 58.3834 65.6048 52.1477 78.3945 4
11 58.3263 65.9007 51.9384 79.3441 4
12 58.2708 66.3022 51.7263 80.6186 4
13 58.1849 66.7988 51.4784 82.1606 4
14 60.5361 66.7863 52.5696 80.0031 4
15 60.5109 66.9032 52.4174 80.4555 4
16 60.6238 67.1959 52.3586 81.1831 4
17 60.8645 67.6339 52.4092 82.1045 4
18 58.0588 63.8005 50.4084 75.8608 4
19 RANDOM
20 58.4231 64.5605 50.3684 77.5594 4
21 58.884 65.3117 50.547 78.9874 4
22 56.5476 62.4454 48.8145 74.565 4
23 56.7638 62.8138 48.8334 75.3097 4
24 57.1763 63.4234 49.0056 76.4065 4
25 57.8274 64.3567 49.3581 78.0184 4
26 47.9986 55.1436 41.5989 56.5061 4
27 47.7267 55.1124 41.3351 56.1126 4
28 47.6271 55.4038 41.1825 56.3092 4
29 47.6058 55.8459 41.1152 56.7074 4
30 44.0908 52.1421 37.9859 50.0279 2
31 52.7379 55.1946 48.7383 55.1728 2
32 53.4781 55.631 49.6014 55.4544 2
33 54.2242 56.2158 50.4695 55.8995 2
34 54.9734 56.904 51.2899 56.5508 2
35 59.4443 62.7289 56.1015 65.4967 4
36 48.1115 54.5853 42.1781 55.6122 4
37 47.8751 54.6068 41.9277 55.3614 4
38 47.7168 54.8095 41.7264 55.3972 4
39 47.6584 55.1839 41.6207 55.6802 4
40 44.2577 52.2925 38.182 50.1588 2
41 53.0137 55.4451 49.0592 55.3773 2
42 53.7553 55.8833 49.9249 55.66 2
43 54.5038 56.4672 50.795 56.1042 2
44 55.251 57.1539 51.6137 56.7534 2
45 59.7174 62.9892 56.4562 65.6988 4
46 48.3106 54.7612 42.391 55.7637 4
47 48.0761 54.7844 42.1426 55.5143 4
48 47.9186 54.9884 41.9424 55.5522 4
49 47.8612 55.3638 41.8379 55.8359 4
50 44.2577 52.2925 38.182 50.1588 2
51 53.0137 55.4451 49.0592 55.3773 2
52 53.7553 55.8833 49.9249 55.66 2
53 54.5038 56.4672 50.795 56.1042 2
54 55.251 57.1539 51.6137 56.7534 2
55 59.7174 62.9892 56.4562 65.6988 4
56 48.3106 54.7612 42.391 55.7637 4
57 48.0761 54.7844 42.1426 55.5143 4
58 47.9186 54.9884 41.9424 55.5522 4
59 47.8612 55.3638 41.8379 55.8359 4
60 44.2577 52.2925 38.182 50.1588 2
61 53.0137 55.4451 49.0592 55.3773 2
62 53.7553 55.8833 49.9249 55.66 2
63 54.5038 56.4672 50.795 56.1042 2
64 55.251 57.1539 51.6137 56.7534 2
65 59.7174 62.9892 56.4562 65.6988 4
66 48.3106 54.7612 42.391 55.7637 4
67 48.0761 54.7844 42.1426 55.5143 4
68 RANDOM
69 47.8612 55.3638 41.8379 55.8359 4
70 44.2577 52.2925 38.182 50.1588 2
71 53.0137 55.4451 49.0592 55.3773 2
72 53.7553 55.8833 49.9249 55.66 2
73 54.5038 56.4672 50.795 56.1042 2
74 55.251 57.1539 51.6137 56.7534 2
75 59.7174 62.9892 56.4562 65.6988 4
76 48.3106 54.7612 42.391 55.7637 4
77 48.0761 54.7844 42.1426 55.5143 4
78 47.9186 54.9884 41.9424 55.5522 4
79 47.8612 55.3638 41.8379 55.8359 4
80 44.2577 52.2925 38.182 50.1588 2
81 53.0137 55.4451 49.0592 55.3773 2
82 53.7553 55.8833 49.9249 55.66 2
83 54.5038 56.4672 50.795 56.1042 2
84 55.251 57.1539 51.6137 56.7534 2
85 59.7174 62.9892 56.4562 65.6988 4
86 48.3106 54.7612 42.391 55.7637 4
87 48.0761 54.7844 42.1426 55.5143 4
88 47.9186 54.9884 41.9424 55.5522 4
89 47.8612 55.3638 41.8379 55.8359 4
90 44.2577 52.2925 38.182 50.1588 2
91 53.0137 55.4451 49.0592 55.3773 2
92 53.7553 55.8833 49.9249 55.66 2
93 54.5038 56.4672 50.795 56.1042 2
94 55.251 57.1539 51.6137 56.7534 2
95 59.7174 62.9892 56.4562 65.6988 4
96 48.3106 54.7612 42.391 55.7637 4
97 48.0761 54.7844 42.1426 55.5143 4
98 47.9186 54.9884 41.9424 55.5522 4
99 47.8612 55.3638 41.8379 55.8359 4
100 44.5227 52.5287 38.4899 50.3673 2
101 53.4594 55.8423 49.5706 55.6995 2
102 54.2039 56.2832 50.4415 55.9827 2
103 54.9553 56.8629 51.3127 56.4238 2
104 55.7 57.5475 52.1295 57.07 2
105 60.16 63.4018 57.022 66.0172 4
106 48.5388 54.9613 42.6326 55.9386 4
107 48.3043 54.9846 42.3842 55.6891 4
108 48.1457 55.1881 42.1828 55.7273 4
109 48.0862 55.5618 42.0762 56.0106 4
110 44.5227 52.5287 38.4899 50.3673 2
111 53.4594 55.8423 49.5706 55.6995 2
112 54.2039 56.2832 50.4415 55.9827 2
113 54.9553 56.8629 51.3127 56.4238 2
114 RANDOM
115 60.16 63.4018 57.022 66.0172 4
116 RANDOM
117 48.3043 54.9846 42.3842 55.6891 4
118 48.1457 55.1881 42.1828 55.7273 4
119 48.0862 55.5618 42.0762 56.0106 4
120 44.5227 52.5287 38.4899 50.3673 2
121 53.4594 55.8423 49.5706 55.6995 2
122 54.2039 56.2832 50.4415 55.9827 2
123 54.9553 56.8629 51.3127 56.4238 2
124 55.7 57.5475 52.1295 57.07 2
125 60.16 63.4018 57.022 66.0172 4
126 48.5388 54.9613 42.6326 55.9386 4
127 48.3043 54.9846 42.3842 55.6891 4
128 48.1457 55.1881 42.1828 55.7273 4
129 48.0862 55.5618 42.0762 56.0106 4
130 44.5227 52.5287 38.4899 50.3673 2
131 53.4594 55.8423 49.5706 55.6995 2
132 54.2039 56.2832 50.4415 55.9827 2
133 54.9553 56.8629 51.3127 56.4238 2
134 55.7 57.5475 52.1295 57.07 2
135 60.16 63.4018 57.022 66.0172 4
136 RANDOM
137 48.3043 54.9846 42.3842 55.6891 4
138 48.1457 55.1881 42.1828 55.7273 4
139 48.0862 55.5618 42.0762 56.0106 4
140 44.5227 52.5287 38.4899 50.3673 2
141 53.4594 55.8423 49.5706 55.6995 2
142 54.2039 56.2832 50.4415 55.9827 2
143 54.9553 56.8629 51.3127 56.4238 2
144 55.7 57.5475 52.1295 57.07 2
145 60.16 63.4018 57.022 66.0172 4
146 48.5388 54.9613 42.6326 55.9386 4
147 48.3043 54.9846 42.3842 55.6891 4
148 48.1457 55.1881 42.1828 55.7273 4
149 48.0862 55.5618 42.0762 56.0106 4
150 44.5227 52.5287 38.4899 50.3673 2
151 53.4594 55.8423 49.5706 55.6995 2
152 54.2039 56.2832 50.4415 55.9827 2
153 54.9553 56.8629 51.3127 56.4238 2
154 55.7 57.5475 52.1295 57.07 2
155 60.16 63.4018 57.022 66.0172 4
156 48.5388 54.9613 42.6326 55.9386 4
157 48.3043 54.9846 42.3842 55.6891 4
158 48.1457 55.1881 42.1828 55.7273 4
159 48.0862 55.5618 42.0762 56.0106 4
160 44.5227 52.5287 38.4899 50.3673 2
161 53.4594 55.8423 49.5706 55.6995 2
162 54.2039 56.2832 50.4415 55.9827 2
163 54.9553 56.8629 51.3127 56.4238 2
164 55.7 57.5475 52.1295 57.07 2
165 60.16 63.4018 57.022 66.0172 4
166 48.5388 54.9613 42.6326 55.9386 4
167 48.3043 54.9846 42.3842 55.6891 4
168 48.1457 55.1881 42.1828 55.7273 4
169 48.0862 55.5618 42.0762 56.0106 4
170 44.5227 52.5287 38.4899 50.3673 2
171 53.4594 55.8423 49.5706 55.6995 2
172 54.2039 56.2832 50.4415 55.9827 2
173 54.9553 56.8629 51.3127 56.4238 2
174 55.7 57.5475 52.1295 57.07 2
175 60.16 63.4018 57.022 66.0172 4
176 48.5388 54.9613 42.6326 55.9386 4
177 48.3043 54.9846 42.3842 55.6891 4
178 48.1457 55.1881 42.1828 55.7273 4
179 48.0862 55.5618 42.0762 56.0106 4
180 44.5227 52.5287 38.4899 50.3673 2
181 53.4594 55.8423 49.5706 55.6995 2
182 54.2039 56.2832 50.4415 55.9827 2
183 54.9553 56.8629 51.3127 56.4238 2
184 55.7 57.5475 52.1295 57.07 2
185 60.16 63.4018 57.022 66.0172 4
186 48.5388 54.9613 42.6326 55.9386 4
187 48.3043 54.9846 42.3842 55.6891 4
188 48.1457 55.1881 42.1828 55.7273 4
189 48.0862 55.5618 42.0762 56.0106 4
190 44.5227 52.5287 38.4899 50.3673 2
191 53.4594 55.8423 49.5706 55.6995 2
192 54.2039 56.2832 50.4415 55.9827 2
193 54.9553 56.8629 51.3127 56.4238 2
194 55.7 57.5475 52.1295 57.07 2
195 60.16 63.4018 57.022 66.0172 4
196 RANDOM
197 48.3043 54.9846 42.3842 55.6891 4
198 48.1457 55.1881 42.1828 55.7273 4
199 48.0862 55.5618 42.0762 56.0106 4
200 44.5227 52.5287 38.4899 50.3673 2
201 53.4594 55.8423 49.5706 55.6995 2
202 54.2039 56.2832 50.4415 55.9827 2
203 54.9553 56.8629 51.3127 56.4238 2
204 55.7 57.5475 52.1295 57.07 2
205 RANDOM
206 60.8025 63.9424 58.4838 65.6197 4
207 57.1659 63.104 49.5428 75.1786 4
208 48.5388 54.9613 42.6326 55.9386 4
209 48.3043 54.9846 42.3842 55.6891 4
210 48.1457 55.1881 42.1828 55.7273 4
211 RANDOM
212 44.5227 52.5287 38.4899 50.3673 2
213 53.4594 55.8423 49.5706 55.6995 2
214 54.2039 56.2832 50.4415 55.9827 2
215 54.9553 56.8629 51.3127 56.4238 2
216 55.7 57.5475 52.1295 57.07 2
217 60.16 63.4018 57.022 66.0172 4
218 48.5388 54.9613 42.6326 55.9386 4
219 48.3043 54.9846 42.3842 55.6891 4
220 48.1457 55.1881 42.1828 55.7273 4
221 48.0862 55.5618 42.0762 56.0106 4
222 44.5227 52.5287 38.4899 50.3673 2
223 53.4594 55.8423 49.5706 55.6995 2
224 54.2039 56.2832 50.4415 55.9827 2
225 54.9553 56.8629 51.3127 56.4238 2
226 55.7 57.5475 52.1295 57.07 2
227 60.16 63.4018 57.022 66.0172 4
228 48.5388 54.9613 42.6326 55.9386 4
229 48.3043 54.9846 42.3842 55.6891 4
230 48.1457 55.1881 42.1828 55.7273 4
231 48.0862 55.5618 42.0762 56.0106 4
232 44.5227 52.5287 38.4899 50.3673 2
233 53.4594 55.8423 49.5706 55.6995 2
234 54.2039 56.2832 50.4415 55.9827 2
235 RANDOM
236 55.7 57.5475 52.1295 57.07 2
237 60.16 63.4018 57.022 66.0172 4
238 48.5388 54.9613 42.6326 55.9386 4
239 48.3043 54.9846 42.3842 55.6891 4
240 48.1457 55.1881 42.1828 55.7273 4
241 48.0862 55.5618 42.0762 56.0106 4
242 44.5227 52.5287 38.4899 50.3673 2
243 53.4594 55.8423 49.5706 55.6995 2
244 54.2039 56.2832 50.4415 55.9827 2
245 54.9553 56.8629 51.3127 56.4238 2
246 55.7 57.5475 52.1295 57.07 2
247 60.16 63.4018 57.022 66.0172 4
248 48.5388 54.9613 42.6326 55.9386 4
249 48.3043 54.9846 42.3842 55.6891 4
250 48.1457 55.1881 42.1828 55.7273 4
251 48.0862 55.5618 42.0762 56.0106 4
252 44.5227 52.5287 38.4899 50.3673 2
253 53.4594 55.8423 49.5706 55.6995 2
254 RANDOM
255 54.9553 56.8629 51.3127 56.4238 2
256 55.7 57.5475 52.1295 57.07 2
257 60.16 63.4018 57.022 66.0172 4
258 48.5388 54.9613 42.6326 55.9386 4
259 48.3043 54.9846 42.3842 55.6891 4
260 48.1457 55.1881 42.1828 55.7273 4
261 48.0862 55.5618 42.0762 56.0106 4
262 44.5227 52.5287 38.4899 50.3673 2
263 53.4594 55.8423 49.5706 55.6995 2
264 54.2039 56.2832 50.4415 55.9827 2
265 54.9553 56.8629 51.3127 56.4238 2
266 55.7 57.5475 52.1295 57.07 2
267 RANDOM
268 60.8025 63.9424 58.4838 65.6197 4
269 57.1659 63.104 49.5428 75.1786 4
270 48.5388 54.9613 42.6326 55.9386 4
271 48.3043 54.9846 42.3842 55.6891 4
272 48.1457 55.1881 42.1828 55.7273 4
273 48.0862 55.5618 42.0762 56.0106 4
274 44.5227 52.5287 38.4899 50.3673 2
275 53.4594 55.8423 49.5706 55.6995 2
276 54.2039 56.2832 50.4415 55.9827 2
277 54.9553 56.8629 51.3127 56.4238 2
278 55.7 57.5475 52.1295 57.07 2
279 60.16 63.4018 57.022 66.0172 4
280 48.5388 54.9613 42.6326 55.9386 4
281 48.3043 54.9846 42.3842 55.6891 4
282 48.1457 55.1881 42.1828 55.7273 4
283 48.0862 55.5618 42.0762 56.0106 4
284 44.5227 52.5287 38.4899 50.3673 2
285 53.4594 55.8423 49.5706 55.6995 2
286 54.2039 56.2832 50.4415 55.9827 2
287 54.9553 56.8629 51.3127 56.4238 2
288 55.7 57.5475 52.1295 57.07 2
289 60.16 63.4018 57.022 66.0172 4
290 48.5388 54.9613 42.6326 55.9386 4
291 48.3043 54.9846 42.3842 55.6891 4
292 48.1457 55.1881 42.1828 55.7273 4
293 48.0862 55.5618 42.0762 56.0106 4
294 44.5227 52.5287 38.4899 50.3673 2
295 53.4594 55.8423 49.5706 55.6995 2
296 54.2039 56.2832 50.4415 55.9827 2
297 54.9553 56.8629 51.3127 56.4238 2
298 55.7 57.5475 52.1295 57.07 2
299 60.16 63.4018 57.022 66.0172 4
300 48.5388 54.9613 42.6326 55.9386 4
301 RANDOM
302 48.1457 55.1881 42.1828 55.7273 4
303 48.0862 55.5618 42.0762 56.0106 4
304 44.5227 52.5287 38.4899 50.3673 2
305 53.4594 55.8423 49.5706 55.6995 2
306 54.2039 56.2832 50.4415 55.9827 2
307 54.9553 56.8629 51.3127 56.4238 2
308 55.7 57.5475 52.1295 57.07 2
309 60.16 63.4018 57.022 66.0172 4
310 RANDOM
311 48.3043 54.9846 42.3842 55.6891 4
312 RANDOM
313 48.0862 55.5618 42.0762 56.0106 4
314 44.5227 52.5287 38.4899 50.3673 2
315 53.4594 55.8423 49.5706 55.6995 2
316 54.2039 56.2832 50.4415 55.9827 2
317 54.9553 56.8629 51.3127 56.4238 2
318 55.7 57.5475 52.1295 57.07 2
319 60.16 63.4018 57.022 66.0172 4
320 48.5388 54.9613 42.6326 55.9386 4
321 48.3043 54.9846 42.3842 55.6891 4
322 48.1457 55.1881 42.1828 55.7273 4
323 48.0862 55.5618 42.0762 56.0106 4
324 44.5227 52.5287 38.4899 50.3673 2
325 53.4594 55.8423 49.5706 55.6995 2
326 54.2039 56.2832 50.4415 55.9827 2
327 54.9553 56.8629 51.3127 56.4238 2
328 55.7 57.5475 52.1295 57.07 2
329 60.16 63.4018 57.022 66.0172 4
330 48.5388 54.9613 42.6326 55.9386 4
331 48.3043 54.9846 42.3842 55.6891 4
332 48.1457 55.1881 42.1828 55.7273 4
333 48.0862 55.5618 42.0762 56.0106 4
334 44.5227 52.5287 38.4899 50.3673 2
335 53.4594 55.8423 49.5706 55.6995 2
336 54.2039 56.2832 50.4415 55.9827 2
337 54.9553 56.8629 51.3127 56.4238 2
338 55.7 57.5475 52.1295 57.07 2
339 60.16 63.4018 57.022 66.0172 4
340 48.5388 54.9613 42.6326 55.9386 4
341 48.3043 54.9846 42.3842 55.6891 4
342 48.1457 55.1881 42.1828 55.7273 4
343 48.0862 55.5618 42.0762 56.0106 4
344 44.5227 52.5287 38.4899 50.3673 2
345 53.4594 55.8423 49.5706 55.6995 2
346 54.2039 56.2832 50.4415 55.9827 2
347 54.9553 56.8629 51.3127 56.4238 2
348 55.7 57.5475 52.1295 57.07 2
349 60.16 63.4018 57.022 66.0172 4
350 48.5388 54.9613 42.6326 55.9386 4
351 48.3043 54.9846 42.3842 55.6891 4
352 48.1457 55.1881 42.1828 55.7273 4
353 48.0862 55.5618 42.0762 56.0106 4
354 44.5227 52.5287 38.4899 50.3673 2
355 53.4594 55.8423 49.5706 55.6995 2
356 RANDOM
357 54.9553 56.8629 51.3127 56.4238 2
358 55.7 57.5475 52.1295 57.07 2
359 60.16 63.4018 57.022 66.0172 4
360 48.5388 54.9613 42.6326 55.9386 4
361 48.3043 54.9846 42.3842 55.6891 4
362 48.1457 55.1881 42.1828 55.7273 4
363 48.0862 55.5618 42.0762 56.0106 4
364 44.5227 52.5287 38.4899 50.3673 2
365 53.4594 55.8423 49.5706 55.6995 2
366 54.2039 56.2832 50.4415 55.9827 2
367 54.9553 56.8629 51.3127 56.4238 2
368 55.7 57.5475 52.1295 57.07 2
369 60.16 63.4018 57.022 66.0172 4
370 48.5388 54.9613 42.6326 55.9386 4
371 RANDOM
372 48.1457 55.1881 42.1828 55.7273 4
373 48.0862 55.5618 42.0762 56.0106 4
374 44.5227 52.5287 38.4899 50.3673 2
375 53.4594 55.8423 49.5706 55.6995 2
376 54.2039 56.2832 50.4415 55.9827 2
377 54.9553 56.8629 51.3127 56.4238 2
378 55.7 57.5475 52.1295 57.07 2
379 RANDOM
380 60.8025 63.9424 58.4838 65.6197 4
381 57.1659 63.104 49.5428 75.1786 4
382 48.5388 54.9613 42.6326 55.9386 4
383 48.3043 54.9846 42.3842 55.6891 4
384 48.1457 55.1881 42.1828 55.7273 4
385 48.0862 55.5618 42.0762 56.0106 4
386 44.5227 52.5287 38.4899 50.3673 2
387 53.4594 55.8423 49.5706 55.6995 2
388 54.2039 56.2832 50.4415 55.9827 2
389 54.9553 56.8629 51.3127 56.4238 2
390 55.7 57.5475 52.1295 57.07 2
391 60.16 63.4018 57.022 66.0172 4
392 48.5388 54.9613 42.6326 55.9386 4
393 48.3043 54.9846 42.3842 55.6891 4
394 48.1457 55.1881 42.1828 55.7273 4
395 RANDOM
396 44.5227 52.5287 38.4899 50.3673 2
397 53.4594 55.8423 49.5706 55.6995 2
398 54.2039 56.2832 50.4415 55.9827 2
399 54.9553 56.8629 51.3127 56.4238 2
400 55.7 57.5475 52.1295 57.07 2
401 60.16 63.4018 57.022 66.0172 4
402 48.5388 54.9613 42.6326 55.9386 4
403 48.3043 54.9846 42.3842 55.6891 4
404 48.1457 55.1881 42.1828 55.7273 4
405 48.0862 55.5618 42.0762 56.0106 4
406 44.5227 52.5287 38.4899 50.3673 2
407 53.4594 55.8423 49.5706 55.6995 2
408 54.2039 56.2832 50.4415 55.9827 2
409 54.9553 56.8629 51.3127 56.4238 2
410 55.7 57.5475 52.1295 57.07 2
411 60.16 63.4018 57.022 66.0172 4
412 48.5388 54.9613 42.6326 55.9386 4
413 48.3043 54.9846 42.3842 55.6891 4
414 48.1457 55.1881 42.1828 55.7273 4
415 48.0862 55.5618 42.0762 56.0106 4
416 44.5227 52.5287 38.4899 50.3673 2
417 53.4594 55.8423 49.5706 55.6995 2
418 54.2039 56.2832 50.4415 55.9827 2
419 54.9553 56.8629 51.3127 56.4238 2
420 55.7 57.5475 52.1295 57.07 2
421 60.16 63.4018 57.022 66.0172 4
422 48.5388 54.9613 42.6326 55.9386 4
423 48.3043 54.9846 42.3842 55.6891 4
424 48.1457 55.1881 42.1828 55.7273 4
425 48.0862 55.5618 42.0762 56.0106 4
426 44.5227 52.5287 38.4899 50.3673 2
427 53.4594 55.8423 49.5706 55.6995 2
428 54.2039 56.2832 50.4415 55.9827 2
429 54.9553 56.8629 51.3127 56.4238 2
430 55.7 57.5475 52.1295 57.07 2
431 60.16 63.4018 57.022 66.0172 4
432 48.5388 54.9613 42.6326 55.9386 4
433 48.3043 54.9846 42.3842 55.6891 4
434 48.1457 55.1881 42.1828 55.7273 4
435 48.0862 55.5618 42.0762 56.0106 4
436 44.5227 52.5287 38.4899 50.3673 2
437 53.4594 55.8423 49.5706 55.6995 2
438 54.2039 56.2832 50.4415 55.9827 2
439 54.9553 56.8629 51.3127 56.4238 2
440 55.7 57.5475 52.1295 57.07 2
441 60.16 63.4018 57.022 66.0172 4
442 48.5388 54.9613 42.6326 55.9386 4
443 48.3043 54.9846 42.3842 55.6891 4
444 48.1457 55.1881 42.1828 55.7273 4
445 48.0862 55.5618 42.0762 56.0106 4
446 44.5227 52.5287 38.4899 50.3673 2
447 53.4594 55.8423 49.5706 55.6995 2
448 54.2039 56.2832 50.4415 55.9827 2
449 54.9553 56.8629 51.3127 56.4238 2
450 55.7 57.5475 52.1295 57.07 2
451 60.16 63.4018 57.022 66.0172 4
452 48.5388 54.9613 42.6326 55.9386 4
453 48.3043 54.9846 42.3842 55.6891 4
454 48.1457 55.1881 42.1828 55.7273 4
455 48.0862 55.5618 42.0762 56.0106 4
456 44.5227 52.5287 38.4899 50.3673 2
457 RANDOM
458 54.2039 56.2832 50.4415 55.9827 2
459 54.9553 56.8629 51.3127 56.4238 2
460 55.7 57.5475 52.1295 57.07 2
461 60.16 63.4018 57.022 66.0172 4
462 48.5388 54.9613 42.6326 55.9386 4
463 48.3043 54.9846 42.3842 55.6891 4
464 48.1457 55.1881 42.1828 55.7273 4
465 48.0862 55.5618 42.0762 56.0106 4
466 44.5227 52.5287 38.4899 50.3673 2
467 53.4594 55.8423 49.5706 55.6995 2
468 54.2039 56.2832 50.4415 55.9827 2
469 54.9553 56.8629 51.3127 56.4238 2
470 RANDOM
471 60.16 63.4018 57.022 66.0172 4
472 48.5388 54.9613 42.6326 55.9386 4
473 48.3043 54.9846 42.3842 55.6891 4
474 48.1457 55.1881 42.1828 55.7273 4
475 48.0862 55.5618 42.0762 56.0106 4
476 44.5227 52.5287 38.4899 50.3673 2
477 53.4594 55.8423 49.5706 55.6995 2
478 54.2039 56.2832 50.4415 55.9827 2
479 54.9553 56.8629 51.3127 56.4238 2
480 55.7 57.5475 52.1295 57.07 2
481 60.16 63.4018 57.022 66.0172 4
482 48.5388 54.9613 42.6326 55.9386 4
483 48.3043 54.9846 42.3842 55.6891 4
484 48.1457 55.1881 42.1828 55.7273 4
485 48.0862 55.5618 42.0762 56.0106 4
486 44.5227 52.5287 38.4899 50.3673 2
487 53.4594 55.8423 49.5706 55.6995 2
488 54.2039 56.2832 50.4415 55.9827 2
489 54.9553 56.8629 51.3127 56.4238 2
490 55.7 57.5475 52.1295 57.07 2
491 60.16 63.4018 57.022 66.0172 4
492 48.5388 54.9613 42.6326 55.9386 4
493 48.3043 54.9846 42.3842 55.6891 4
494 48.1457 55.1881 42.1828 55.7273 4
495 48.0862 55.5618 42.0762 56.0106 4
496 44.5227 52.5287 38.4899 50.3673 2
497 53.4594 55.8423 49.5706 55.6995 2
498 54.2039 56.2832 50.4415 55.9827 2
499 54.9553 56.8629 51.3127 56.4238 2
500 55.7 57.5475 52.1295 57.07 2
501 60.16 63.4018 57.022 66.0172 4
502 48.5388 54.9613 42.6326 55.9386 4
503 48.3043 54.9846 42.3842 55.6891 4
504 48.1457 55.1881 42.1828 55.7273 4
505 48.0862 55.5618 42.0762 56.0106 4
506 44.5227 52.5287 38.4899 50.3673 2
507 53.4594 55.8423 49.5706 55.6995 2
508 54.2039 56.2832 50.4415 55.9827 2
509 54.9553 56.8629 51.3127 56.4238 2
510 55.7 57.5475 52.1295 57.07 2
511 60.16 63.4018 57.022 66.0172 4
512 48.5388 54.9613 42.6326 55.9386 4
513 48.3043 54.9846 42.3842 55.6891 4
514 48.1457 55.1881 42.1828 55.7273 4
515 RANDOM
516 44.5227 52.5287 38.4899 50.3673 2
517 53.4594 55.8423 49.5706 55.6995 2
518 54.2039 56.2832 50.4415 55.9827 2
519 54.9553 56.8629 51.3127 56.4238 2
520 RANDOM
521 60.16 63.4018 57.022 66.0172 4
522 48.5388 54.9613 42.6326 55.9386 4
523 48.3043 54.9846 42.3842 55.6891 4
524 48.1457 55.1881 42.1828 55.7273 4
525 48.0862 55.5618 42.0762 56.0106 4
526 44.5227 52.5287 38.4899 50.3673 2
527 53.4594 55.8423 49.5706 55.6995 2
528 54.2039 56.2832 50.4415 55.9827 2
529 54.9553 56.8629 51.3127 56.4238 2
530 55.7 57.5475 52.1295 57.07 2
531 60.16 63.4018 57.022 66.0172 4
532 48.5388 54.9613 42.6326 55.9386 4
533 48.3043 54.9846 42.3842 55.6891 4
534 48.1457 55.1881 42.1828 55.7273 4
535 48.0862 55.5618 42.0762 56.0106 4
536 44.5227 52.5287 38.4899 50.3673 2
537 53.4594 55.8423 49.5706 55.6995 2
538 54.2039 56.2832 50.4415 55.9827 2
539 54.9553 56.8629 51.3127 56.4238 2
540 55.7 57.5475 52.1295 57.07 2
541 60.16 63.4018 57.022 66.0172 4
542 48.5388 54.9613 42.6326 55.9386 4
543 48.3043 54.9846 42.3842 55.6891 4
544 48.1457 55.1881 42.1828 55.7273 4
545 48.0862 55.5618 42.0762 56.0106 4
546 44.5227 52.5287 38.4899 50.3673 2
547 53.4594 55.8423 49.5706 55.6995 2
548 RANDOM
549 54.9553 56.8629 51.3127 56.4238 2
550 55.7 57.5475 52.1295 57.07 2
551 60.16 63.4018 57.022 66.0172 4
552 48.5388 54.9613 42.6326 55.9386 4
553 48.3043 54.9846 42.3842 55.6891 4
554 48.1457 55.1881 42.1828 55.7273 4
555 48.0862 55.5618 42.0762 56.0106 4
556 44.5227 52.5287 38.4899 50.3673 2
557 53.4594 55.8423 49.5706 55.6995 2
558 54.2039 56.2832 50.4415 55.9827 2
559 54.9553 56.8629 51.3127 56.4238 2
560 55.7 57.5475 52.1295 57.07 2
561 60.16 63.4018 57.022 66.0172 4
562 48.5388 54.9613 42.6326 55.9386 4
563 48.3043 54.9846 42.3842 55.6891 4
564 48.1457 55.1881 42.1828 55.7273 4
565 48.0862 55.5618 42.0762 56.0106 4
566 44.5227 52.5287 38.4899 50.3673 2
567 53.4594 55.8423 49.5706 55.6995 2
568 54.2039 56.2832 50.4415 55.9827 2
569 54.9553 56.8629 51.3127 56.4238 2
570 55.7 57.5475 52.1295 57.07 2
571 60.16 63.4018 57.022 66.0172 4
572 48.5388 54.9613 42.6326 55.9386 4
573 48.3043 54.9846 42.3842 55.6891 4
574 48.1457 55.1881 42.1828 55.7273 4
575 48.0862 55.5618 42.0762 56.0106 4
576 44.5227 52.5287 38.4899 50.3673 2
577 53.4594 55.8423 49.5706 55.6995 2
578 54.2039 56.2832 50.4415 55.9827 2
579 54.9553 56.8629 51.3127 56.4238 2
580 55.7 57.5475 52.1295 57.07 2
581 60.16 63.4018 57.022 66.0172 4
582 48.5388 54.9613 42.6326 55.9386 4
583 48.3043 54.9846 42.3842 55.6891 4
584 48.1457 55.1881 42.1828 55.7273 4
585 48.0862 55.5618 42.0762 56.0106 4
586 44.5227 52.5287 38.4899 50.3673 2
587 53.4594 55.8423 49.5706 55.6995 2
588 54.2039 56.2832 50.4415 55.9827 2
589 RANDOM
590 55.7 57.5475 52.1295 57.07 2
591 60.16 63.4018 57.022 66.0172 4
592 48.5388 54.9613 42.6326 55.9386 4
593 48.3043 54.9846 42.3842 55.6891 4
594 48.1457 55.1881 42.1828 55.7273 4
595 48.0862 55.5618 42.0762 56.0106 4
596 44.5227 52.5287 38.4899 50.3673 2
597 53.4594 55.8423 49.5706 55.6995 2
598 RANDOM
599 54.9553 56.8629 51.3127 56.4238 2
600 55.7 57.5475 52.1295 57.07 2
601 60.16 63.4018 57.022 66.0172 4
602 48.5388 54.9613 42.6326 55.9386 4
603 48.3043 54.9846 42.3842 55.6891 4
604 48.1457 55.1881 42.1828 55.7273 4
605 48.0862 55.5618 42.0762 56.0106 4
606 44.5227 52.5287 38.4899 50.3673 2
607 53.4594 55.8423 49.5706 55.6995 2
608 54.2039 56.2832 50.4415 55.9827 2
609 54.9553 56.8629 51.3127 56.4238 2
610 55.7 57.5475 52.1295 57.07 2
611 60.16 63.4018 57.022 66.0172 4
612 48.5388 54.9613 42.6326 55.9386 4
613 48.3043 54.9846 42.3842 55.6891 4
614 48.1457 55.1881 42.1828 55.7273 4
615 48.0862 55.5618 42.0762 56.0106 4
616 44.5227 52.5287 38.4899 50.3673 2
617 53.4594 55.8423 49.5706 55.6995 2
618 54.2039 56.2832 50.4415 55.9827 2
619 54.9553 56.8629 51.3127 56.4238 2
620 RANDOM
621 60.16 63.4018 57.022 66.0172 4
622 48.5388 54.9613 42.6326 55.9386 4
623 48.3043 54.9846 42.3842 55.6891 4
624 RANDOM
625 48.0862 55.5618 42.0762 56.0106 4
626 44.5227 52.5287 38.4899 50.3673 2
627 53.4594 55.8423 49.5706 55.6995 2
628 54.2039 56.2832 50.4415 55.9827 2
629 54.9553 56.8629 51.3127 56.4238 2
630 55.7 57.5475 52.1295 57.07 2
631 60.16 63.4018 57.022 66.0172 4
632 48.5388 54.9613 42.6326 55.9386 4
633 48.3043 54.9846 42.3842 55.6891 4
634 48.1457 55.1881 42.1828 55.7273 4
635 48.0862 55.5618 42.0762 56.0106 4
636 44.5227 52.5287 38.4899 50.3673 2
637 53.4594 55.8423 49.5706 55.6995 2
638 54.2039 56.2832 50.4415 55.9827 2
639 54.9553 56.8629 51.3127 56.4238 2
640 55.7 57.5475 52.1295 57.07 2
641 60.16 63.4018 57.022 66.0172 4
642 48.5388 54.9613 42.6326 55.9386 4
643 48.3043 54.9846 42.3842 55.6891 4
644 48.1457 55.1881 42.1828 55.7273 4
645 48.0862 55.5618 42.0762 56.0106 4
646 44.5227 52.5287 38.4899 50.3673 2
647 53.4594 55.8423 49.5706 55.6995 2
648 54.2039 56.2832 50.4415 55.9827 2
649 54.9553 56.8629 51.3127 56.4238 2
650 RANDOM
651 60.16 63.4018 57.022 66.0172 4
652 48.5388 54.9613 42.6326 55.9386 4
653 48.3043 54.9846 42.3842 55.6891 4
654 48.1457 55.1881 42.1828 55.7273 4
655 48.0862 55.5618 42.0762 56.0106 4
656 44.5227 52.5287 38.4899 50.3673 2
657 53.4594 55.8423 49.5706 55.6995 2
658 RANDOM
659 54.9553 56.8629 51.3127 56.4238 2
660 55.7 57.5475 52.1295 57.07 2
661 60.16 63.4018 57.022 66.0172 4
662 48.5388 54.9613 42.6326 55.9386 4
663 RANDOM
664 48.1457 55.1881 42.1828 55.7273 4
665 48.0862 55.5618 42.0762 56.0106 4
666 44.5227 52.5287 38.4899 50.3673 2
667 53.4594 55.8423 49.5706 55.6995 2
668 54.2039 56.2832 50.4415 55.9827 2
669 54.9553 56.8629 51.3127 56.4238 2
670 55.7 57.5475 52.1295 57.07 2
671 60.16 63.4018 57.022 66.0172 4
672 48.5388 54.9613 42.6326 55.9386 4
673 48.3043 54.9846 42.3842 55.6891 4
674 48.1457 55.1881 42.1828 55.7273 4
675 48.0862 55.5618 42.0762 56.0106 4
676 44.5227 52.5287 38.4899 50.3673 2
677 53.4594 55.8423 49.5706 55.6995 2
678 54.2039 56.2832 50.4415 55.9827 2
679 54.9553 56.8629 51.3127 56.4238 2
680 55.7 57.5475 52.1295 57.07 2
681 60.16 63.4018 57.022 66.0172 4
682 48.5388 54.9613 42.6326 55.9386 4
683 48.3043 54.9846 42.3842 55.6891 4
684 48.1457 55.1881 42.1828 55.7273 4
685 48.0862 55.5618 42.0762 56.0106 4
686 44.5227 52.5287 38.4899 50.3673 2
687 53.4594 55.8423 49.5706 55.6995 2
688 54.2039 56.2832 50.4415 55.9827 2
689 54.9553 56.8629 51.3127 56.4238 2
690 RANDOM
691 60.16 63.4018 57.022 66.0172 4
692 48.5388 54.9613 42.6326 55.9386 4
693 RANDOM
694 48.1457 55.1881 42.1828 55.7273 4
695 48.0862 55.5618 42.0762 56.0106 4
696 44.5227 52.5287 38.4899 50.3673 2
697 53.4594 55.8423 49.5706 55.6995 2
698 54.2039 56.2832 50.4415 55.9827 2
699 54.9553 56.8629 51.3127 56.4238 2
700 55.7 57.5475 52.1295 57.07 2
701 60.16 63.4018 57.022 66.0172 4
702 48.5388 54.9613 42.6326 55.9386 4
703 48.3043 54.9846 42.3842 55.6891 4
704 48.1457 55.1881 42.1828 55.7273 4
705 48.0862 55.5618 42.0762 56.0106 4
706 44.5227 52.5287 38.4899 50.3673 2
707 53.4594 55.8423 49.5706 55.6995 2
708 54.2039 56.2832 50.4415 55.9827 2
709 54.9553 56.8629 51.3127 56.4238 2
710 55.7 57.5475 52.1295 57.07 2
711 60.16 63.4018 57.022 66.0172 4
712 48.5388 54.9613 42.6326 55.9386 4
713 48.3043 54.9846 42.3842 55.6891 4
714 48.1457 55.1881 42.1828 55.7273 4
715 48.0862 55.5618 42.0762 56.0106 4
716 44.5227 52.5287 38.4899 50.3673 2
717 53.4594 55.8423 49.5706 55.6995 2
718 54.2039 56.2832 50.4415 55.9827 2
719 54.9553 56.8629 51.3127 56.4238 2
720 55.7 57.5475 52.1295 57.07 2
721 60.16 63.4018 57.022 66.0172 4
722 48.5388 54.9613 42.6326 55.9386 4
723 48.3043 54.9846 42.3842 55.6891 4
724 48.1457 55.1881 42.1828 55.7273 4
725 RANDOM
726 44.5227 52.5287 38.4899 50.3673 2
727 53.4594 55.8423 49.5706 55.6995 2
728 54.2039 56.2832 50.4415 55.9827 2
729 54.9553 56.8629 51.3127 56.4238 2
730 55.7 57.5475 52.1295 57.07 2
731 60.16 63.4018 57.022 66.0172 4
732 48.5388 54.9613 42.6326 55.9386 4
733 48.3043 54.9846 42.3842 55.6891 4
734 48.1457 55.1881 42.1828 55.7273 4
735 48.0862 55.5618 42.0762 56.0106 4
736 44.5227 52.5287 38.4899 50.3673 2
737 53.4594 55.8423 49.5706 55.6995 2
738 54.2039 56.2832 50.4415 55.9827 2
739 54.9553 56.8629 51.3127 56.4238 2
740 55.7 57.5475 52.1295 57.07 2
741 60.16 63.4018 57.022 66.0172 4
742 48.5388 54.9613 42.6326 55.9386 4
743 48.3043 54.9846 42.3842 55.6891 4
744 48.1457 55.1881 42.1828 55.7273 4
745 48.0862 55.5618 42.0762 56.0106 4
746 RANDOM
747 62.9473 64.8406 62.1997 63.1749 2
748 53.9853 55.4276 50.238 53.9004 2
