0 -7.14561 23.8532 15.2245 24.4203 4
1 -7.14561 23.8532 15.2245 24.4203 4
2 -7.14561 23.8532 15.2245 24.4203 4
3 -7.14561 23.8532 15.2245 24.4203 4
4 -7.14561 23.8532 15.2245 24.4203 4
5 -7.14561 23.8532 15.2245 24.4203 4
6 -7.14561 23.8532 15.2245 24.4203 4
7 -7.14561 23.8532 15.2245 24.4203 4
8 -7.14561 23.8532 15.2245 24.4203 4
9 -7.14561 23.8532 15.2245 24.4203 4
10 -7.14561 23.8532 15.2245 24.4203 4
11 -7.14561 23.8532 15.2245 24.4203 4
12 -7.14561 23.8532 15.2245 24.4203 4
13 -7.14561 23.8532 15.2245 24.4203 4
14 -7.14561 23.8532 15.2245 24.4203 4
15 -7.14561 23.8532 15.2245 24.4203 4
16 -7.14561 23.8532 15.2245 24.4203 4
17 -7.14561 23.8532 15.2245 24.4203 4
18 RANDOM
19 -7.14561 23.8532 15.2245 24.4203 4
20 -7.14561 23.8532 15.2245 24.4203 4
