0 -111.814 183.797 -692.272 184.853 4
1 RANDOM
2 156.409 169.359 -993.44 256.812 4
3 124.076 140.318 -996.329 238.793 4
4 73.865 109.522 -994.06 221.335 4
5 36.7364 97.7448 -982.47 218.399 4
6 19.3357 62.1759 -1089.98 173.32 4
7 -38.1298 45.6012 -1023.97 137.849 4
8 -86.2609 35.2719 -963.259 112.19 4
9 -119.644 22.3522 -912.764 84.2982 4
10 -44.5263 161.196 -1021.67 304.618 4
11 -175.709 148.236 -884.821 248.642 4
12 -282.79 149.695 -751.697 203.294 4
13 -373.38 127.227 -611.925 127.353 4
14 5.23905 215.724 -906.934 261.261 4
15 -51.8935 215.666 -830.936 233.966 4
16 -129.818 227.073 -718.956 211.7 2
17 135.172 211.171 -823.649 172.706 2
18 156.221 224.213 -895.793 229.422 4
19 -51.8935 215.666 -830.936 233.966 4
20 -129.818 227.073 -718.956 211.7 2
21 135.172 211.171 -823.649 172.706 2
22 156.221 224.213 -895.793 229.422 4
23 -51.8935 215.666 -830.936 233.966 4
24 -129.818 227.073 -718.956 211.7 2
25 135.172 211.171 -823.649 172.706 2
26 156.221 224.213 -895.793 229.422 4
27 -51.8935 215.666 -830.936 233.966 4
28 -129.818 227.073 -718.956 211.7 2
29 135.172 211.171 -823.649 172.706 2
30 156.221 224.213 -895.793 229.422 4
31 -51.8935 215.666 -830.936 233.966 4
32 -129.818 227.073 -718.956 211.7 2
33 135.172 211.171 -823.649 172.706 2
34 156.221 224.213 -895.793 229.422 4
35 -51.8935 215.666 -830.936 233.966 4
36 -129.818 227.073 -718.956 211.7 2
37 135.172 211.171 -823.649 172.706 2
38 156.221 224.213 -895.793 229.422 4
39 -51.8935 215.666 -830.936 233.966 4
40 -134.226 220.145 -718.708 200.505 2
41 132.391 207.639 -820.938 165.469 2
42 RANDOM
43 -69.4643 148.045 -619.396 30.6803 2
44 5.44291 152.395 -762.095 96.3773 2
45 86.8335 178.859 -915.654 197.085 4
46 -179.223 138.694 -772.373 160.957 4
47 -277.933 124.827 -635.695 96.5841 2
48 5.44291 152.395 -762.095 96.3773 2
49 RANDOM
50 169.807 221.355 -1038.08 293.027 4
51 -58.3552 148.968 -912.898 217.538 4
52 -179.223 138.694 -772.373 160.957 4
53 -277.933 124.827 -635.695 96.5841 2
54 5.44291 152.395 -762.095 96.3773 2
55 86.8335 178.859 -915.654 197.085 4
56 -179.223 138.694 -772.373 160.957 4
57 -277.933 124.827 -635.695 96.5841 2
58 5.44291 152.395 -762.095 96.3773 2
59 86.8335 178.859 -915.654 197.085 4
60 -179.223 138.694 -772.373 160.957 4
61 -277.933 124.827 -635.695 96.5841 2
62 5.44291 152.395 -762.095 96.3773 2
63 86.8335 178.859 -915.654 197.085 4
64 -179.223 138.694 -772.373 160.957 4
65 -277.933 124.827 -635.695 96.5841 2
66 5.44291 152.395 -762.095 96.3773 2
67 86.8335 178.859 -915.654 197.085 4
68 -179.223 138.694 -772.373 160.957 4
69 -277.933 124.827 -635.695 96.5841 2
70 5.44291 152.395 -762.095 96.3773 2
71 86.8335 178.859 -915.654 197.085 4
72 RANDOM
73 -277.933 124.827 -635.695 96.5841 2
74 RANDOM
75 86.8335 178.859 -915.654 197.085 4
76 -179.223 138.694 -772.373 160.957 4
77 -277.933 124.827 -635.695 96.5841 2
78 5.44291 152.395 -762.095 96.3773 2
79 86.8335 178.859 -915.654 197.085 4
80 -179.223 138.694 -772.373 160.957 4
81 -277.933 124.827 -635.695 96.5841 2
82 5.44291 152.395 -762.095 96.3773 2
83 86.8335 178.859 -915.654 197.085 4
84 -179.223 138.694 -772.373 160.957 4
85 -277.933 124.827 -635.695 96.5841 2
86 5.44291 152.395 -762.095 96.3773 2
87 86.8335 178.859 -915.654 197.085 4
88 -179.223 138.694 -772.373 160.957 4
89 -277.933 124.827 -635.695 96.5841 2
90 5.44291 152.395 -762.095 96.3773 2
91 86.8335 178.859 -915.654 197.085 4
92 -179.223 138.694 -772.373 160.957 4
93 -277.933 124.827 -635.695 96.5841 2
94 5.44291 152.395 -762.095 96.3773 2
95 86.8335 178.859 -915.654 197.085 4
96 -179.223 138.694 -772.373 160.957 4
97 -277.933 124.827 -635.695 96.5841 2
98 5.44291 152.395 -762.095 96.3773 2
99 86.8335 178.859 -915.654 197.085 4
100 -158.442 133.953 -797.024 178.625 4
101 -259.469 118.961 -663.545 113.654 2
102 20.1065 145.307 -789.928 110.204 2
103 99.3885 167.924 -945.339 205.375 4
104 -158.442 133.953 -797.024 178.625 4
105 -259.469 118.961 -663.545 113.654 2
106 20.1065 145.307 -789.928 110.204 2
107 99.3885 167.924 -945.339 205.375 4
108 -158.442 133.953 -797.024 178.625 4
109 RANDOM
110 17.3653 207.755 -934.156 269.748 4
111 -38.5349 210.543 -859.133 246.517 4
112 -114.728 225.858 -748.11 230.144 4
113 -176.804 247.453 -646.075 227.882 2
114 91.085 205.111 -741.734 139.837 2
115 146.379 201.452 -850.832 179.775 2
116 165.735 212.766 -922.979 234.25 4
117 -38.5349 210.543 -859.133 246.517 4
118 -114.728 225.858 -748.11 230.144 4
119 -176.804 247.453 -646.075 227.882 2
120 91.085 205.111 -741.734 139.837 2
121 146.379 201.452 -850.832 179.775 2
122 165.735 212.766 -922.979 234.25 4
123 -38.5349 210.543 -859.133 246.517 4
124 -114.728 225.858 -748.11 230.144 4
125 -176.804 247.453 -646.075 227.882 2
126 91.085 205.111 -741.734 139.837 2
127 146.379 201.452 -850.832 179.775 2
128 165.735 212.766 -922.979 234.25 4
129 -38.5349 210.543 -859.133 246.517 4
130 -114.728 225.858 -748.11 230.144 4
131 RANDOM
132 15.0144 321.257 -810.401 389.225 4
133 -74.2778 335.935 -753.392 402.203 4
134 RANDOM
135 -181.805 369.044 -705.138 453.276 4
136 -12.1762 343.615 -761.896 389.954 4
137 -66.2966 352.542 -731.443 402.995 4
138 -122.039 361.977 -702.839 421.733 4
139 -175.705 370.179 -677.222 439.622 4
140 252.326 520.415 -987.237 434.14 2
141 58.7161 330.237 -566.037 233.34 2
142 122.176 340.435 -587.08 290.338 2
143 189.125 353.676 -611.048 378.727 4
144 -50.4011 364.594 -731.206 418.563 4
145 -103.77 374.901 -705.857 439.881 4
146 252.326 520.415 -987.237 434.14 2
147 58.7161 330.237 -566.037 233.34 2
148 122.176 340.435 -587.08 290.338 2
149 189.125 353.676 -611.048 378.727 4
150 -50.4011 364.594 -731.206 418.563 4
151 -103.77 374.901 -705.857 439.881 4
152 252.326 520.415 -987.237 434.14 2
153 58.7161 330.237 -566.037 233.34 2
154 122.176 340.435 -587.08 290.338 2
155 189.125 353.676 -611.048 378.727 4
156 -50.4011 364.594 -731.206 418.563 4
157 -103.77 374.901 -705.857 439.881 4
158 252.326 520.415 -987.237 434.14 2
159 58.7161 330.237 -566.037 233.34 2
160 122.176 340.435 -587.08 290.338 2
161 189.125 353.676 -611.048 378.727 4
162 -50.4011 364.594 -731.206 418.563 4
163 -103.77 374.901 -705.857 439.881 4
164 252.326 520.415 -987.237 434.14 2
165 58.7161 330.237 -566.037 233.34 2
166 122.176 340.435 -587.08 290.338 2
167 189.125 353.676 -611.048 378.727 4
168 -50.4011 364.594 -731.206 418.563 4
169 -103.77 374.901 -705.857 439.881 4
170 252.326 520.415 -987.237 434.14 2
171 58.7161 330.237 -566.037 233.34 2
172 RANDOM
173 189.125 353.676 -611.048 378.727 4
174 -50.4011 364.594 -731.206 418.563 4
175 -103.77 374.901 -705.857 439.881 4
176 RANDOM
177 188.073 582.245 -918.967 533.642 2
178 393.009 560.432 -684.117 685.571 4
179 188.073 582.245 -918.967 533.642 2
180 393.009 560.432 -684.117 685.571 4
181 188.073 582.245 -918.967 533.642 2
182 393.009 560.432 -684.117 685.571 4
183 188.073 582.245 -918.967 533.642 2
184 393.009 560.432 -684.117 685.571 4
185 188.073 582.245 -918.967 533.642 2
186 393.009 560.432 -684.117 685.571 4
187 188.073 582.245 -918.967 533.642 2
188 393.009 560.432 -684.117 685.571 4
189 188.073 582.245 -918.967 533.642 2
190 393.009 560.432 -684.117 685.571 4
191 188.073 582.245 -918.967 533.642 2
192 393.009 560.432 -684.117 685.571 4
193 188.073 582.245 -918.967 533.642 2
194 393.009 560.432 -684.117 685.571 4
195 188.073 582.245 -918.967 533.642 2
196 393.009 560.432 -684.117 685.571 4
197 188.073 582.245 -918.967 533.642 2
198 393.009 560.432 -684.117 685.571 4
199 188.073 582.245 -918.967 533.642 2
200 393.009 560.432 -684.117 685.571 4
201 188.073 582.245 -918.967 533.642 2
202 393.009 560.432 -684.117 685.571 4
203 188.073 582.245 -918.967 533.642 2
204 393.009 560.432 -684.117 685.571 4
205 188.073 582.245 -918.967 533.642 2
206 393.009 560.432 -684.117 685.571 4
207 188.073 582.245 -918.967 533.642 2
208 393.009 560.432 -684.117 685.571 4
209 188.073 582.245 -918.967 533.642 2
210 393.009 560.432 -684.117 685.571 4
211 188.073 582.245 -918.967 533.642 2
212 393.009 560.432 -684.117 685.571 4
213 188.073 582.245 -918.967 533.642 2
214 393.009 560.432 -684.117 685.571 4
215 188.073 582.245 -918.967 533.642 2
216 393.009 560.432 -684.117 685.571 4
217 188.073 582.245 -918.967 533.642 2
218 393.009 560.432 -684.117 685.571 4
219 188.073 582.245 -918.967 533.642 2
220 393.009 560.432 -684.117 685.571 4
221 188.073 582.245 -918.967 533.642 2
222 393.009 560.432 -684.117 685.571 4
223 RANDOM
224 180.23 832.155 -841.172 840.229 4
225 209.448 1210.51 -774.906 1266.16 4
226 513.775 1284.44 -641.61 1895.91 4
227 419.959 1340.55 -684.3 1939.88 4
228 296.522 1351.28 -702.436 1871.55 4
229 223.69 1526.16 -715.7 1936.8 4
230 726.826 1225.09 -870.678 2039.04 4
231 636.249 1216.48 -935.312 1991.68 4
232 554.119 1230.89 -1006.57 1976.89 4
233 496.381 1320.47 -1108.75 2073.87 4
234 784.756 1263.88 -1087.61 2274.89 4
235 715.447 1317.13 -1190.06 2334.2 4
236 632.839 1376.11 -1298.54 2393.61 4
237 RANDOM
238 1206.83 1580.9 -1555.43 3278.3 4
239 1178.68 1784.23 -1833.46 3672.74 4
240 1149.2 1928.1 -2058.14 3956.0 4
241 1118.41 2059.21 -2271.3 4210.41 4
242 1114.03 1537.79 -1595.95 3219.15 4
243 1048.83 1552.69 -1654.97 3214.4 4
244 983.064 1583.78 -1735.42 3239.19 4
245 933.015 1613.3 -1822.65 3283.31 4
246 1762.55 1599.9 -458.216 2866.18 4
247 1762.55 1599.9 -458.216 2866.18 4
