0 198.414 190.781 192.768 201.589 4
1 219.953 211.055 212.427 223.307 4
2 212.562 203.41 204.295 215.524 4
3 213.738 204.461 205.063 216.761 4
4 215.47 206.034 206.301 218.576 4
5 217.473 207.828 207.713 220.655 4
6 209.875 200.904 202.068 212.773 4
7 211.652 202.491 203.344 214.636 4
8 213.934 204.572 205.05 217.058 4
9 216.702 207.084 207.147 219.993 4
10 209.327 198.66 195.914 212.448 4
11 210.344 199.393 196.176 213.554 4
12 211.755 200.483 196.727 215.11 4
13 213.736 202.114 197.716 217.375 4
14 207.787 196.443 192.559 210.604 4
15 208.632 197.095 192.948 211.579 4
16 209.757 198.017 193.523 212.887 4
17 211.542 199.556 194.571 215.024 4
18 203.352 192.423 189.055 205.883 4
19 204.183 193.075 189.393 206.928 4
20 205.356 194.014 189.897 208.4 4
21 207.28 195.614 190.915 210.754 4
22 203.678 192.291 188.466 206.265 4
23 204.421 192.81 188.647 207.178 4
24 205.57 193.694 189.091 208.54 4
25 207.359 195.169 189.986 210.694 4
26 197.942 187.887 185.056 199.744 4
27 198.344 188.15 184.969 200.184 4
28 198.759 188.421 184.862 200.672 4
29 199.708 189.253 185.354 201.842 4
30 193.405 183.282 179.508 194.972 4
31 194.387 184.167 180.025 196.179 4
32 196.353 186.011 181.343 198.519 4
33 199.777 189.281 183.896 202.575 4
34 185.962 176.202 171.691 187.866 4
35 186.797 177.098 172.272 189.017 4
36 188.65 179.003 173.745 191.329 4
37 192.497 182.879 176.896 195.945 4
38 182.664 173.21 168.473 184.85 4
39 184.156 174.726 169.651 186.704 4
40 187.309 177.872 172.261 190.414 4
41 191.507 182.066 175.748 195.365 4
42 168.826 161.523 156.429 173.565 4
43 170.941 163.708 158.163 176.296 4
44 175.009 167.803 161.576 181.221 4
45 181.439 174.198 167.051 188.729 4
46 169.175 162.973 157.492 176.674 4
47 172.006 165.916 159.779 180.254 4
48 177.254 171.215 164.175 186.535 4
49 185.222 179.246 170.942 195.836 4
50 191.199 187.249 178.621 206.346 4
51 191.199 187.249 178.621 206.346 4
