0 -1.46554 71.4377 -17.1237 70.5079 2
1 -0.588487 76.5099 -16.844 74.781 2
2 0.296866 80.8144 -16.0967 78.2812 2
3 1.6314 87.0032 -13.2738 82.4221 2
4 2.33837 87.369 -11.9919 82.1856 2
5 2.90761 85.8718 -10.6186 80.2655 2
6 3.4089 76.7013 -8.36027 71.3068 2
7 6.98321 82.3096 3.08037 72.9769 2
8 RANDOM
9 7.7294 82.2551 4.58219 72.5751 2
10 7.4667 75.0788 4.18012 66.4194 2
11 8.30104 79.2768 4.40047 70.4149 2
12 8.39055 77.7763 4.80888 69.0395 2
13 8.10997 75.7055 4.68431 67.2145 2
14 7.65239 66.8421 3.96588 59.5871 2
15 7.476 66.7008 3.05653 60.064 2
16 7.32752 64.4221 3.04018 58.057 2
17 6.84617 62.7242 2.6985 56.5595 2
18 6.51746 55.7941 2.77011 50.5629 2
19 6.72644 56.2815 2.34391 52.1454 2
20 6.46805 54.4349 2.29513 50.6175 2
21 6.127 53.802 2.07525 49.8973 2
22 5.64407 44.6209 2.22951 42.6125 2
23 1.30517 44.4485 -2.96085 41.2203 2
24 2.57218 47.4224 -1.73302 43.7717 2
25 3.52748 49.8675 -0.603775 45.8744 2
26 4.19049 42.9383 0.851388 40.4378 2
27 2.30163 41.663 -2.12036 39.6519 2
28 3.40618 41.5762 -0.79763 39.9687 2
29 4.30184 41.5622 0.508926 40.3904 2
30 5.08954 32.1199 2.97584 33.5472 4
31 -3.11271 27.915 -6.08356 27.7746 2
32 5.08954 32.1199 2.97584 33.5472 4
33 -3.11271 27.915 -6.08356 27.7746 2
34 5.08954 32.1199 2.97584 33.5472 4
35 -3.11271 27.915 -6.08356 27.7746 2
36 5.08954 32.1199 2.97584 33.5472 4
37 -3.11271 27.915 -6.08356 27.7746 2
38 5.08954 32.1199 2.97584 33.5472 4
39 -3.11271 27.915 -6.08356 27.7746 2
40 5.83784 33.0826 4.01302 34.4616 4
41 RANDOM
42 -3.01182 30.1315 -6.01103 29.5369 2
43 5.13832 34.3673 2.52442 34.9664 4
44 -3.01182 30.1315 -6.01103 29.5369 2
45 5.13832 34.3673 2.52442 34.9664 4
46 -3.01182 30.1315 -6.01103 29.5369 2
47 5.13832 34.3673 2.52442 34.9664 4
48 -3.01182 30.1315 -6.01103 29.5369 2
49 5.13832 34.3673 2.52442 34.9664 4
50 -3.01182 30.1315 -6.01103 29.5369 2
51 5.13832 34.3673 2.52442 34.9664 4
52 -3.01182 30.1315 -6.01103 29.5369 2
53 5.13832 34.3673 2.52442 34.9664 4
54 -3.01182 30.1315 -6.01103 29.5369 2
55 5.13832 34.3673 2.52442 34.9664 4
56 -3.01182 30.1315 -6.01103 29.5369 2
57 5.13832 34.3673 2.52442 34.9664 4
58 -3.01182 30.1315 -6.01103 29.5369 2
59 5.13832 34.3673 2.52442 34.9664 4
60 -3.01182 30.1315 -6.01103 29.5369 2
61 RANDOM
62 5.83784 33.0826 4.01302 34.4616 4
63 -2.41127 29.1581 -5.57407 28.8925 2
64 5.83784 33.0826 4.01302 34.4616 4
65 -2.41127 29.1581 -5.57407 28.8925 2
66 5.83784 33.0826 4.01302 34.4616 4
67 -2.41127 29.1581 -5.57407 28.8925 2
68 5.83784 33.0826 4.01302 34.4616 4
69 -2.41127 29.1581 -5.57407 28.8925 2
70 5.83784 33.0826 4.01302 34.4616 4
71 -2.41127 29.1581 -5.57407 28.8925 2
72 5.83784 33.0826 4.01302 34.4616 4
73 -2.41127 29.1581 -5.57407 28.8925 2
74 5.83784 33.0826 4.01302 34.4616 4
75 -2.41127 29.1581 -5.57407 28.8925 2
76 5.83784 33.0826 4.01302 34.4616 4
77 -2.41127 29.1581 -5.57407 28.8925 2
78 5.83784 33.0826 4.01302 34.4616 4
79 -2.41127 29.1581 -5.57407 28.8925 2
80 5.83784 33.0826 4.01302 34.4616 4
81 -2.41127 29.1581 -5.57407 28.8925 2
82 5.83784 33.0826 4.01302 34.4616 4
83 -2.41127 29.1581 -5.57407 28.8925 2
84 5.83784 33.0826 4.01302 34.4616 4
85 -2.41127 29.1581 -5.57407 28.8925 2
86 5.83784 33.0826 4.01302 34.4616 4
87 -2.41127 29.1581 -5.57407 28.8925 2
88 5.83784 33.0826 4.01302 34.4616 4
89 -2.41127 29.1581 -5.57407 28.8925 2
90 5.83784 33.0826 4.01302 34.4616 4
91 -2.41127 29.1581 -5.57407 28.8925 2
92 5.83784 33.0826 4.01302 34.4616 4
93 RANDOM
94 -3.01182 30.1315 -6.01103 29.5369 2
95 5.13832 34.3673 2.52442 34.9664 4
96 -3.01182 30.1315 -6.01103 29.5369 2
97 5.13832 34.3673 2.52442 34.9664 4
98 -3.01182 30.1315 -6.01103 29.5369 2
99 5.13832 34.3673 2.52442 34.9664 4
100 -5.81524 27.3758 -8.27949 26.8081 2
101 1.20435 30.5636 -2.40346 30.8841 4
102 -5.81524 27.3758 -8.27949 26.8081 2
103 1.20435 30.5636 -2.40346 30.8841 4
104 -5.81524 27.3758 -8.27949 26.8081 2
105 1.20435 30.5636 -2.40346 30.8841 4
106 RANDOM
107 -6.35341 28.8704 -8.7043 27.9352 2
108 0.236721 30.6323 -3.4674 30.4373 2
109 1.20435 30.5636 -2.40346 30.8841 4
110 -5.81524 27.3758 -8.27949 26.8081 2
111 1.20435 30.5636 -2.40346 30.8841 4
112 -5.81524 27.3758 -8.27949 26.8081 2
113 1.20435 30.5636 -2.40346 30.8841 4
114 -5.81524 27.3758 -8.27949 26.8081 2
115 1.20435 30.5636 -2.40346 30.8841 4
116 -5.81524 27.3758 -8.27949 26.8081 2
117 1.20435 30.5636 -2.40346 30.8841 4
118 RANDOM
119 -6.35341 28.8704 -8.7043 27.9352 2
120 0.236721 30.6323 -3.4674 30.4373 2
121 1.20435 30.5636 -2.40346 30.8841 4
122 -5.81524 27.3758 -8.27949 26.8081 2
123 1.20435 30.5636 -2.40346 30.8841 4
124 -5.81524 27.3758 -8.27949 26.8081 2
125 1.20435 30.5636 -2.40346 30.8841 4
126 -5.81524 27.3758 -8.27949 26.8081 2
127 1.20435 30.5636 -2.40346 30.8841 4
128 RANDOM
129 -6.35341 28.8704 -8.7043 27.9352 2
130 RANDOM
131 1.20435 30.5636 -2.40346 30.8841 4
132 -5.81524 27.3758 -8.27949 26.8081 2
133 1.20435 30.5636 -2.40346 30.8841 4
134 -5.81524 27.3758 -8.27949 26.8081 2
135 1.20435 30.5636 -2.40346 30.8841 4
136 -5.81524 27.3758 -8.27949 26.8081 2
137 1.20435 30.5636 -2.40346 30.8841 4
138 -5.81524 27.3758 -8.27949 26.8081 2
139 1.20435 30.5636 -2.40346 30.8841 4
140 -5.81524 27.3758 -8.27949 26.8081 2
141 1.20435 30.5636 -2.40346 30.8841 4
142 -5.81524 27.3758 -8.27949 26.8081 2
143 1.20435 30.5636 -2.40346 30.8841 4
144 -5.81524 27.3758 -8.27949 26.8081 2
145 RANDOM
146 2.16481 30.6238 -1.13891 31.3606 4
147 -5.2733 26.3096 -7.86916 26.0334 2
148 2.16481 30.6238 -1.13891 31.3606 4
149 -5.2733 26.3096 -7.86916 26.0334 2
150 2.16481 30.6238 -1.13891 31.3606 4
151 -5.2733 26.3096 -7.86916 26.0334 2
152 2.16481 30.6238 -1.13891 31.3606 4
153 -5.2733 26.3096 -7.86916 26.0334 2
154 2.16481 30.6238 -1.13891 31.3606 4
155 -5.2733 26.3096 -7.86916 26.0334 2
156 2.16481 30.6238 -1.13891 31.3606 4
157 -5.2733 26.3096 -7.86916 26.0334 2
158 2.16481 30.6238 -1.13891 31.3606 4
159 -5.2733 26.3096 -7.86916 26.0334 2
160 2.16481 30.6238 -1.13891 31.3606 4
161 -5.2733 26.3096 -7.86916 26.0334 2
162 2.16481 30.6238 -1.13891 31.3606 4
163 -5.2733 26.3096 -7.86916 26.0334 2
164 2.16481 30.6238 -1.13891 31.3606 4
165 -5.2733 26.3096 -7.86916 26.0334 2
166 2.16481 30.6238 -1.13891 31.3606 4
167 -5.2733 26.3096 -7.86916 26.0334 2
168 2.16481 30.6238 -1.13891 31.3606 4
169 -5.2733 26.3096 -7.86916 26.0334 2
170 2.16481 30.6238 -1.13891 31.3606 4
171 -5.2733 26.3096 -7.86916 26.0334 2
172 2.16481 30.6238 -1.13891 31.3606 4
173 -5.2733 26.3096 -7.86916 26.0334 2
174 2.16481 30.6238 -1.13891 31.3606 4
175 -5.2733 26.3096 -7.86916 26.0334 2
176 2.16481 30.6238 -1.13891 31.3606 4
177 -5.2733 26.3096 -7.86916 26.0334 2
178 2.16481 30.6238 -1.13891 31.3606 4
179 -5.2733 26.3096 -7.86916 26.0334 2
180 RANDOM
181 5.02184 25.0075 4.31058 28.5047 4
182 -4.24812 20.7903 -6.464 21.5112 4
