0 503.841 994.166 -619.268 964.755 2
1 538.915 961.549 -649.447 941.245 2
2 RANDOM
3 333.923 1052.38 -386.16 1078.3 4
4 462.402 880.937 -795.11 809.94 2
5 333.923 1052.38 -386.16 1078.3 4
6 462.402 880.937 -795.11 809.94 2
7 333.923 1052.38 -386.16 1078.3 4
8 462.402 880.937 -795.11 809.94 2
9 333.923 1052.38 -386.16 1078.3 4
10 462.402 880.937 -795.11 809.94 2
11 333.923 1052.38 -386.16 1078.3 4
12 462.402 880.937 -795.11 809.94 2
13 333.923 1052.38 -386.16 1078.3 4
14 462.402 880.937 -795.11 809.94 2
15 333.923 1052.38 -386.16 1078.3 4
16 462.402 880.937 -795.11 809.94 2
17 333.923 1052.38 -386.16 1078.3 4
18 462.402 880.937 -795.11 809.94 2
19 333.923 1052.38 -386.16 1078.3 4
20 462.402 880.937 -795.11 809.94 2
21 333.923 1052.38 -386.16 1078.3 4
22 462.402 880.937 -795.11 809.94 2
23 333.923 1052.38 -386.16 1078.3 4
24 462.402 880.937 -795.11 809.94 2
25 333.923 1052.38 -386.16 1078.3 4
26 462.402 880.937 -795.11 809.94 2
27 333.923 1052.38 -386.16 1078.3 4
28 462.402 880.937 -795.11 809.94 2
29 333.923 1052.38 -386.16 1078.3 4
30 462.402 880.937 -795.11 809.94 2
31 333.923 1052.38 -386.16 1078.3 4
32 462.402 880.937 -795.11 809.94 2
33 333.923 1052.38 -386.16 1078.3 4
34 462.402 880.937 -795.11 809.94 2
35 333.923 1052.38 -386.16 1078.3 4
36 462.402 880.937 -795.11 809.94 2
37 333.923 1052.38 -386.16 1078.3 4
38 462.402 880.937 -795.11 809.94 2
39 333.923 1052.38 -386.16 1078.3 4
40 442.944 810.239 -761.271 738.413 2
41 328.924 1012.06 -361.233 1040.39 4
42 442.944 810.239 -761.271 738.413 2
43 328.924 1012.06 -361.233 1040.39 4
44 442.944 810.239 -761.271 738.413 2
45 328.924 1012.06 -361.233 1040.39 4
46 RANDOM
47 388.464 885.102 -706.851 831.77 2
48 564.945 899.154 -634.287 893.57 2
49 328.924 1012.06 -361.233 1040.39 4
50 442.944 810.239 -761.271 738.413 2
51 328.924 1012.06 -361.233 1040.39 4
52 442.944 810.239 -761.271 738.413 2
53 328.924 1012.06 -361.233 1040.39 4
54 442.944 810.239 -761.271 738.413 2
55 328.924 1012.06 -361.233 1040.39 4
56 442.944 810.239 -761.271 738.413 2
57 328.924 1012.06 -361.233 1040.39 4
58 442.944 810.239 -761.271 738.413 2
59 328.924 1012.06 -361.233 1040.39 4
60 442.944 810.239 -761.271 738.413 2
61 328.924 1012.06 -361.233 1040.39 4
62 442.944 810.239 -761.271 738.413 2
63 328.924 1012.06 -361.233 1040.39 4
64 442.944 810.239 -761.271 738.413 2
65 328.924 1012.06 -361.233 1040.39 4
66 RANDOM
67 388.464 885.102 -706.851 831.77 2
68 564.945 899.154 -634.287 893.57 2
69 328.924 1012.06 -361.233 1040.39 4
70 442.944 810.239 -761.271 738.413 2
71 328.924 1012.06 -361.233 1040.39 4
72 442.944 810.239 -761.271 738.413 2
73 328.924 1012.06 -361.233 1040.39 4
74 442.944 810.239 -761.271 738.413 2
75 RANDOM
76 375.735 946.305 -376.3 945.094 2
77 389.707 943.734 -349.601 918.974 2
78 528.361 831.83 -403.621 823.827 2
79 377.166 963.696 -229.162 1039.5 4
80 464.319 693.696 -491.594 662.53 2
81 377.166 963.696 -229.162 1039.5 4
82 464.319 693.696 -491.594 662.53 2
83 377.166 963.696 -229.162 1039.5 4
84 464.319 693.696 -491.594 662.53 2
85 377.166 963.696 -229.162 1039.5 4
86 464.319 693.696 -491.594 662.53 2
87 377.166 963.696 -229.162 1039.5 4
88 464.319 693.696 -491.594 662.53 2
89 377.166 963.696 -229.162 1039.5 4
90 464.319 693.696 -491.594 662.53 2
91 377.166 963.696 -229.162 1039.5 4
92 464.319 693.696 -491.594 662.53 2
93 377.166 963.696 -229.162 1039.5 4
94 464.319 693.696 -491.594 662.53 2
95 377.166 963.696 -229.162 1039.5 4
96 464.319 693.696 -491.594 662.53 2
97 377.166 963.696 -229.162 1039.5 4
98 464.319 693.696 -491.594 662.53 2
99 RANDOM
100 410.406 965.622 -246.772 1020.69 4
101 204.725 1161.43 -225.145 1326.36 4
102 477.244 721.674 -521.177 688.239 2
103 385.818 973.857 -268.081 1048.76 4
104 477.244 721.674 -521.177 688.239 2
105 385.818 973.857 -268.081 1048.76 4
106 477.244 721.674 -521.177 688.239 2
107 385.818 973.857 -268.081 1048.76 4
108 477.244 721.674 -521.177 688.239 2
109 385.818 973.857 -268.081 1048.76 4
110 477.244 721.674 -521.177 688.239 2
111 385.818 973.857 -268.081 1048.76 4
112 477.244 721.674 -521.177 688.239 2
113 385.818 973.857 -268.081 1048.76 4
114 477.244 721.674 -521.177 688.239 2
115 385.818 973.857 -268.081 1048.76 4
116 477.244 721.674 -521.177 688.239 2
117 385.818 973.857 -268.081 1048.76 4
118 477.244 721.674 -521.177 688.239 2
119 385.818 973.857 -268.081 1048.76 4
120 477.244 721.674 -521.177 688.239 2
121 385.818 973.857 -268.081 1048.76 4
122 477.244 721.674 -521.177 688.239 2
123 385.818 973.857 -268.081 1048.76 4
124 477.244 721.674 -521.177 688.239 2
125 385.818 973.857 -268.081 1048.76 4
126 477.244 721.674 -521.177 688.239 2
127 385.818 973.857 -268.081 1048.76 4
128 477.244 721.674 -521.177 688.239 2
129 385.818 973.857 -268.081 1048.76 4
130 477.244 721.674 -521.177 688.239 2
131 385.818 973.857 -268.081 1048.76 4
132 477.244 721.674 -521.177 688.239 2
133 385.818 973.857 -268.081 1048.76 4
134 477.244 721.674 -521.177 688.239 2
135 385.818 973.857 -268.081 1048.76 4
136 477.244 721.674 -521.177 688.239 2
137 385.818 973.857 -268.081 1048.76 4
138 477.244 721.674 -521.177 688.239 2
139 385.818 973.857 -268.081 1048.76 4
140 477.244 721.674 -521.177 688.239 2
141 385.818 973.857 -268.081 1048.76 4
142 RANDOM
143 445.616 996.536 -314.026 963.869 2
144 471.159 869.044 -399.298 828.9 2
