0 -6.30967 23.9296 12.8809 25.0309 4
1 -6.30967 23.9296 12.8809 25.0309 4
2 -6.30967 23.9296 12.8809 25.0309 4
3 -6.30967 23.9296 12.8809 25.0309 4
4 -6.30967 23.9296 12.8809 25.0309 4
5 -6.30967 23.9296 12.8809 25.0309 4
6 -6.30967 23.9296 12.8809 25.0309 4
7 -6.30967 23.9296 12.8809 25.0309 4
8 -6.30967 23.9296 12.8809 25.0309 4
9 -6.30967 23.9296 12.8809 25.0309 4
10 -6.30967 23.9296 12.8809 25.0309 4
11 -6.30967 23.9296 12.8809 25.0309 4
12 -6.30967 23.9296 12.8809 25.0309 4
13 -6.30967 23.9296 12.8809 25.0309 4
14 -6.30967 23.9296 12.8809 25.0309 4
15 -6.30967 23.9296 12.8809 25.0309 4
16 -6.30967 23.9296 12.8809 25.0309 4
17 -6.30967 23.9296 12.8809 25.0309 4
18 -6.30967 23.9296 12.8809 25.0309 4
19 -6.30967 23.9296 12.8809 25.0309 4
20 -6.30967 23.9296 12.8809 25.0309 4
21 -6.30967 23.9296 12.8809 25.0309 4
22 -6.30967 23.9296 12.8809 25.0309 4
23 RANDOM
24 -6.30967 23.9296 12.8809 25.0309 4
25 -6.30967 23.9296 12.8809 25.0309 4
26 -6.30967 23.9296 12.8809 25.0309 4
27 -6.30967 23.9296 12.8809 25.0309 4
28 -6.30967 23.9296 12.8809 25.0309 4
29 -6.30967 23.9296 12.8809 25.0309 4
30 RANDOM
31 -6.30967 23.9296 12.8809 25.0309 4
32 -6.30967 23.9296 12.8809 25.0309 4
33 -6.30967 23.9296 12.8809 25.0309 4
34 -6.30967 23.9296 12.8809 25.0309 4
35 -6.30967 23.9296 12.8809 25.0309 4
36 -6.30967 23.9296 12.8809 25.0309 4
37 -6.30967 23.9296 12.8809 25.0309 4
38 -6.30967 23.9296 12.8809 25.0309 4
39 -6.30967 23.9296 12.8809 25.0309 4
40 -6.30967 23.9296 12.8809 25.0309 4
41 -6.30967 23.9296 12.8809 25.0309 4
42 -17.7321 26.0478 -16.6927 63.9378 4
43 -19.0327 28.5924 -16.0205 66.0161 4
44 -21.4355 31.394 -15.5055 67.8288 4
45 -24.4707 34.2626 -14.8569 69.4584 4
46 -15.1765 23.7673 -17.4942 61.49 4
47 -14.3722 20.766 -15.255 55.6962 4
48 -13.1905 19.0376 -12.8381 51.6175 4
49 RANDOM
50 -9.46847 22.443 20.0909 23.803 4
51 -9.46847 22.443 20.0909 23.803 4
