0 -11.7991 50.2364 -7.22065 51.5377 4
1 -24.7234 53.2274 -16.4665 60.0221 4
2 -16.1258 57.8131 -10.6746 64.47 4
3 -16.7996 57.3735 -11.1633 64.3454 4
4 -17.6824 56.8619 -11.7955 64.157 4
5 -18.6497 57.2843 -12.4511 64.9476 4
6 -15.8909 53.1439 -10.6844 59.7953 4
7 -16.5049 53.6113 -11.104 60.5675 4
8 -17.3926 53.8761 -11.7098 61.1937 4
9 -18.4352 54.6347 -12.4025 62.3696 4
10 -11.1297 46.655 -8.126 53.2144 4
11 -11.5466 46.7139 -8.39141 53.6002 4
12 -12.0586 46.6722 -8.73743 53.9237 4
13 -12.6779 46.7045 -9.14957 54.298 4
14 -11.314 42.351 -8.55187 50.5835 4
15 -11.9847 42.0485 -8.95538 50.4912 4
16 -12.722 42.2549 -9.40408 50.9304 4
17 RANDOM
18 -10.6021 37.9658 -8.26277 45.9151 4
19 -11.3003 38.3741 -8.67575 46.5493 4
20 -12.0887 39.2818 -9.15601 47.7514 4
21 -12.9084 40.8271 -9.66796 49.6946 4
22 -13.5059 31.6333 -9.97958 39.9673 4
23 -14.1666 31.9005 -10.3651 40.4669 4
24 -14.9885 32.5177 -10.8497 41.3644 4
25 -15.8336 33.3979 -11.3493 42.582 4
26 -15.8673 29.268 -11.6409 33.8445 4
27 -16.6058 29.2835 -11.8632 33.9342 4
28 -17.5343 29.3625 -12.1933 34.0914 4
29 -18.655 29.8668 -12.7414 34.6495 4
30 -18.2158 24.952 -12.5063 29.4103 4
31 -19.0221 24.9307 -12.78 29.5173 4
32 -19.9859 25.0497 -13.1409 29.8006 4
33 -21.0505 25.2183 -13.5945 30.1122 4
34 -16.1133 17.9012 -9.87281 21.9398 4
35 -16.4297 17.9333 -9.81119 22.0515 4
36 -16.9813 17.9716 -9.79097 22.2077 4
37 -17.7008 18.3514 -9.96258 22.7525 4
38 -15.284 14.4636 -5.78662 18.9689 4
39 -15.5961 14.5954 -5.50562 19.1568 4
40 -16.1231 15.0027 -5.4301 19.6579 4
41 -16.9352 15.5744 -5.74262 20.3777 4
42 -12.3632 9.53909 -2.72593 12.4594 4
43 -12.853 9.65331 -2.97465 12.5851 4
44 -13.4817 9.82106 -3.28575 12.7972 4
45 -14.2798 10.1441 -3.89432 13.2281 4
46 -14.1401 8.6472 2.45394 10.0639 4
47 -14.3266 8.80974 2.89735 10.2629 4
48 -14.7037 9.13955 2.98364 10.7523 4
49 -15.3167 9.57631 2.36438 11.4599 4
50 -11.9701 11.0257 7.82136 13.7198 4
51 -11.9701 11.0257 7.82136 13.7198 4
