0 -13.4682 30.3522 23.0353 32.0735 4
1 -13.4682 30.3522 23.0353 32.0735 4
2 -13.4682 30.3522 23.0353 32.0735 4
3 -13.4682 30.3522 23.0353 32.0735 4
4 -13.4682 30.3522 23.0353 32.0735 4
5 -13.4682 30.3522 23.0353 32.0735 4
6 -13.4682 30.3522 23.0353 32.0735 4
7 -13.4682 30.3522 23.0353 32.0735 4
8 -13.4682 30.3522 23.0353 32.0735 4
9 -13.4682 30.3522 23.0353 32.0735 4
10 -13.4682 30.3522 23.0353 32.0735 4
11 -13.4682 30.3522 23.0353 32.0735 4
12 -13.4682 30.3522 23.0353 32.0735 4
13 -13.4682 30.3522 23.0353 32.0735 4
14 -13.4682 30.3522 23.0353 32.0735 4
15 -13.4682 30.3522 23.0353 32.0735 4
16 -13.4682 30.3522 23.0353 32.0735 4
17 -13.4682 30.3522 23.0353 32.0735 4
18 -13.4682 30.3522 23.0353 32.0735 4
19 -13.4682 30.3522 23.0353 32.0735 4
20 -13.4682 30.3522 23.0353 32.0735 4
21 -13.4682 30.3522 23.0353 32.0735 4
22 -13.4682 30.3522 23.0353 32.0735 4
23 -13.4682 30.3522 23.0353 32.0735 4
24 -13.4682 30.3522 23.0353 32.0735 4
25 -13.4682 30.3522 23.0353 32.0735 4
26 -13.4682 30.3522 23.0353 32.0735 4
27 -13.4682 30.3522 23.0353 32.0735 4
28 -13.4682 30.3522 23.0353 32.0735 4
29 -13.4682 30.3522 23.0353 32.0735 4
30 -13.4682 30.3522 23.0353 32.0735 4
31 -13.4682 30.3522 23.0353 32.0735 4
32 -13.4682 30.3522 23.0353 32.0735 4
33 -13.4682 30.3522 23.0353 32.0735 4
34 -13.4682 30.3522 23.0353 32.0735 4
35 -13.4682 30.3522 23.0353 32.0735 4
36 -13.4682 30.3522 23.0353 32.0735 4
37 -13.4682 30.3522 23.0353 32.0735 4
38 RANDOM
39 -13.4682 30.3522 23.0353 32.0735 4
40 -13.4682 30.3522 23.0353 32.0735 4
41 -13.4682 30.3522 23.0353 32.0735 4
42 -5.84001 20.41 -67.133 24.5998 4
43 -3.19041 20.5042 -73.5791 24.5574 4
44 -1.30216 19.7012 -81.0629 22.919 4
45 0.724484 17.3703 -89.9803 18.842 4
46 -12.165 12.146 -51.5306 14.3831 4
47 -12.148 10.4158 -47.4927 12.5677 4
48 -9.91933 9.58829 -45.5512 12.057 4
49 -8.3295 7.1834 -44.6735 9.13046 4
50 -4.01073 1.52925 -74.9386 -4.86779 2
51 -15.7282 3.10621 -3.12422 2.17185 2
52 -16.0626 -4.67298 -11.4337 -6.0487 2
53 -15.2527 -6.40292 -17.7295 -7.20637 2
54 -14.6298 -3.91952 -20.8795 -4.10097 2
55 -14.8699 1.13251 -36.8546 0.393376 2
56 RANDOM
57 -14.5247 -1.27352 -27.9909 -1.38012 2
58 -14.7492 -2.68045 -25.3377 -3.00313 2
59 -13.4682 30.3522 23.0353 32.0735 4
60 -5.8885 9.24972 -62.7982 8.82726 2
61 -13.4682 30.3522 23.0353 32.0735 4
62 -5.8885 9.24972 -62.7982 8.82726 2
63 -13.4682 30.3522 23.0353 32.0735 4
64 -5.8885 9.24972 -62.7982 8.82726 2
65 -13.4682 30.3522 23.0353 32.0735 4
66 -5.8885 9.24972 -62.7982 8.82726 2
67 -13.4682 30.3522 23.0353 32.0735 4
68 -5.8885 9.24972 -62.7982 8.82726 2
69 -13.4682 30.3522 23.0353 32.0735 4
70 -5.8885 9.24972 -62.7982 8.82726 2
71 -13.4682 30.3522 23.0353 32.0735 4
72 -5.8885 9.24972 -62.7982 8.82726 2
73 -13.4682 30.3522 23.0353 32.0735 4
74 -5.8885 9.24972 -62.7982 8.82726 2
75 -13.4682 30.3522 23.0353 32.0735 4
76 -5.8885 9.24972 -62.7982 8.82726 2
77 -13.4682 30.3522 23.0353 32.0735 4
78 -5.8885 9.24972 -62.7982 8.82726 2
79 -13.4682 30.3522 23.0353 32.0735 4
80 -5.8885 9.24972 -62.7982 8.82726 2
81 -13.4682 30.3522 23.0353 32.0735 4
82 -5.8885 9.24972 -62.7982 8.82726 2
83 -13.4682 30.3522 23.0353 32.0735 4
84 -5.8885 9.24972 -62.7982 8.82726 2
85 -13.4682 30.3522 23.0353 32.0735 4
86 -5.8885 9.24972 -62.7982 8.82726 2
87 -13.4682 30.3522 23.0353 32.0735 4
88 -5.8885 9.24972 -62.7982 8.82726 2
89 -13.4682 30.3522 23.0353 32.0735 4
90 -5.8885 9.24972 -62.7982 8.82726 2
91 -13.4682 30.3522 23.0353 32.0735 4
92 -5.8885 9.24972 -62.7982 8.82726 2
93 -13.4682 30.3522 23.0353 32.0735 4
94 -5.8885 9.24972 -62.7982 8.82726 2
95 -13.4682 30.3522 23.0353 32.0735 4
96 -5.8885 9.24972 -62.7982 8.82726 2
97 -13.4682 30.3522 23.0353 32.0735 4
98 -5.8885 9.24972 -62.7982 8.82726 2
99 -13.4682 30.3522 23.0353 32.0735 4
100 -5.8885 9.24972 -62.7982 8.82726 2
101 -13.4682 30.3522 23.0353 32.0735 4
102 -5.8885 9.24972 -62.7982 8.82726 2
103 -13.4682 30.3522 23.0353 32.0735 4
104 -5.8885 9.24972 -62.7982 8.82726 2
105 -13.4682 30.3522 23.0353 32.0735 4
106 -5.8885 9.24972 -62.7982 8.82726 2
107 -13.4682 30.3522 23.0353 32.0735 4
108 -5.8885 9.24972 -62.7982 8.82726 2
109 -13.4682 30.3522 23.0353 32.0735 4
110 -5.8885 9.24972 -62.7982 8.82726 2
111 -13.4682 30.3522 23.0353 32.0735 4
112 -5.8885 9.24972 -62.7982 8.82726 2
113 -13.4682 30.3522 23.0353 32.0735 4
114 -5.8885 9.24972 -62.7982 8.82726 2
115 -13.4682 30.3522 23.0353 32.0735 4
116 RANDOM
117 -3.80224 8.12335 -70.1061 6.70528 2
118 RANDOM
119 -20.2915 -13.9187 -22.4629 -21.1986 2
120 -16.9301 -0.175438 -5.46078 -2.82097 2
