0 -375.46 170.315 -307.695 130.889 2
1 -370.649 166.455 -320.566 135.942 2
2 -369.817 178.279 -315.378 146.409 2
3 -463.354 177.089 -220.493 162.742 2
4 -449.19 172.56 -217.587 146.226 2
5 -451.035 171.405 -205.466 134.021 2
6 -386.88 168.895 -273.972 156.626 2
7 -388.888 176.049 -234.193 150.44 2
8 -390.743 168.648 -227.21 133.657 2
9 -406.144 167.287 -225.396 129.52 2
10 -397.752 187.688 -228.327 156.221 2
11 -356.983 132.084 -192.413 59.6214 2
12 -352.968 123.936 -195.141 44.6941 2
13 -350.44 122.217 -204.5 39.5494 2
14 -316.624 139.097 -203.77 54.7654 2
15 -317.78 138.863 -279.001 84.5086 2
16 -312.967 126.846 -259.723 52.9202 2
17 -321.379 122.924 -251.016 37.0455 2
18 -307.962 135.431 -233.323 43.9737 2
19 -299.01 154.882 -234.769 98.7662 2
20 -296.095 163.839 -240.941 105.701 2
21 -300.84 171.088 -238.966 111.218 2
22 -271.466 184.42 -201.637 105.626 2
23 -216.856 157.331 -109.845 30.4019 2
24 -160.471 145.508 -85.9093 -15.5231 2
25 -168.243 147.464 -95.9212 -14.1091 2
26 -166.26 161.383 -66.9477 -7.23871 2
27 -200.616 155.551 -63.4312 -13.0056 2
28 -126.446 136.041 -21.1756 -68.0998 2
29 -93.3836 132.921 5.31389 -82.748 2
30 -58.6448 156.856 76.2712 -68.9042 2
31 -251.407 168.478 -5.78524 40.3301 2
32 -160.442 156.925 62.6061 -8.78754 2
33 -151.717 152.506 94.7778 -15.9304 2
34 -104.308 199.669 182.831 23.8216 2
35 -295.219 190.763 -41.262 98.1534 2
36 -266.566 187.777 5.22209 78.2581 2
37 -231.646 170.566 50.8959 48.501 2
38 -178.547 186.233 166.497 53.3812 2
39 -158.62 83.5278 100.013 -44.7993 3
40 -205.509 49.8818 96.9936 -43.135 3
