0 42.9936 62.0801 34.48 68.9709 4
1 42.3639 67.1891 28.1714 79.7503 4
2 40.7137 60.7453 28.5368 71.6721 4
3 40.7931 61.0631 28.6092 72.0747 4
4 41.1314 61.8463 28.8049 73.0836 4
5 41.8395 63.293 29.2143 74.9362 4
6 38.2574 56.0023 27.6939 65.3877 4
7 38.1433 56.1301 27.5693 65.6907 4
8 38.2951 56.7634 27.5664 66.6259 4
9 38.4322 57.4407 27.5329 67.6612 4
10 31.9695 47.587 23.3058 56.8302 4
11 32.3271 48.2867 23.3859 57.789 4
12 32.6007 48.8685 23.3709 58.638 4
13 32.9593 49.5838 23.4207 59.6334 4
14 28.6894 40.6162 19.1113 48.6507 4
15 28.4626 40.5595 18.8178 48.7254 4
16 28.2913 40.6128 18.5595 48.9457 4
17 28.2021 40.8131 18.3613 49.358 4
18 25.7741 35.5455 17.292 42.186 4
19 25.7597 35.7987 17.1661 42.6284 4
20 25.9724 36.5049 17.19 43.6757 4
21 26.3234 37.458 17.3211 45.0328 4
22 23.5503 32.6728 16.0333 38.6683 4
23 23.3491 32.5661 15.8685 38.6186 4
24 23.2836 32.7726 15.6878 39.0276 4
25 23.3637 33.29 15.5938 39.8575 4
26 19.3025 29.6718 11.5871 34.2918 4
27 19.1378 29.5827 11.325 34.3207 4
28 19.1575 29.8187 11.1574 34.7668 4
29 19.4607 30.5069 11.148 35.7575 4
30 18.0187 27.6973 10.2155 31.8943 4
31 18.4376 28.3255 10.3282 32.6475 4
32 19.0006 29.0986 10.5285 33.5665 4
33 19.862 30.2434 10.8292 34.9353 4
34 18.022 24.6568 13.1319 26.9316 4
35 18.7684 25.7413 13.3113 28.4161 4
36 19.6099 26.9979 13.5286 30.0567 4
37 20.5696 28.4212 13.792 31.8735 4
38 20.1989 26.4301 15.8799 28.6108 4
39 20.5629 26.6883 16.3608 28.7766 4
40 20.6802 26.8425 16.3047 28.9752 4
41 21.3222 27.6923 16.5296 30.0202 4
42 14.6171 20.6892 11.6088 21.1671 4
43 14.8977 21.297 11.5509 22.0153 4
44 15.4769 22.2687 11.5413 23.3818 4
45 16.3416 23.5858 11.6781 25.2272 4
46 12.118 19.3097 9.42296 15.6353 2
47 20.4961 21.9269 19.7892 19.7953 2
48 22.0755 23.2489 21.3447 20.9496 2
49 23.3024 24.4919 22.7107 22.1885 2
50 24.5138 25.8327 24.1061 23.4908 2
51 29.4156 31.3545 29.6396 29.0312 2
52 30.0459 32.2608 30.2713 29.7354 2
53 30.4186 32.8169 30.5673 30.1489 2
54 30.277 32.7563 30.2509 30.0226 2
55 29.7505 32.0034 28.7098 29.2486 2
56 30.7875 33.0851 30.0076 30.2834 2
57 31.03 33.415 30.4767 30.6645 2
58 31.4057 33.8805 30.9612 31.1277 2
59 29.5955 32.094 28.6818 29.4925 2
60 30.6127 33.1569 29.9582 30.4949 2
61 31.3124 33.9175 30.7902 31.2209 2
62 31.9174 34.6059 31.5012 31.9112 2
63 31.187 34.3458 30.6524 31.894 2
64 33.4063 36.697 33.1379 34.0921 2
65 35.635 39.0286 35.6788 36.3154 2
66 37.1346 40.6105 37.3515 37.8448 2
67 32.0377 35.0744 31.5193 32.9647 2
68 34.4906 37.6278 34.2619 35.2885 2
69 36.663 39.8881 36.71 37.4055 2
70 38.1589 41.511 38.442 38.9508 2
71 37.0892 40.222 36.9843 37.7905 2
72 39.3396 42.3893 39.6418 39.8235 2
73 41.3585 44.3174 41.9161 41.8629 2
74 42.4317 45.3827 43.1101 43.0487 2
75 35.8928 39.1242 35.4597 36.9056 2
76 37.7954 40.8727 37.7288 38.4176 2
77 39.8172 42.8299 40.0647 40.2689 2
78 41.0443 44.1303 41.3591 41.6391 2
79 40.3291 45.1512 40.184 42.997 2
80 42.2122 46.3088 42.1661 44.1195 2
81 RANDOM
82 45.3601 48.8864 45.528 46.8423 2
83 RANDOM
84 43.3014 47.3044 42.5714 45.5459 2
85 44.6366 48.2418 44.0714 46.4748 2
86 45.2569 48.7796 44.7556 47.0391 2
87 39.3779 47.0407 38.6056 45.9496 2
88 40.609 46.9083 39.8423 45.3663 2
89 41.817 47.3012 41.0714 45.574 2
90 RANDOM
91 38.0095 49.7369 37.1638 50.0411 4
92 30.0098 40.4619 23.982 46.0494 4
93 29.8348 40.4209 23.8141 46.0717 4
94 29.9782 40.9853 23.8422 46.8525 4
95 30.5841 42.5397 24.1262 48.8924 4
96 28.0531 35.8904 23.1313 39.7472 4
97 27.6994 35.5144 22.7787 39.4636 4
98 27.5779 35.8332 22.503 40.1238 4
99 27.6045 36.7317 22.2808 41.5635 4
100 25.6763 32.2564 21.6723 35.4827 4
101 25.3954 32.2968 21.2764 35.8605 4
102 25.1798 32.6415 20.8724 36.6972 4
103 25.1173 33.3534 20.5605 37.9805 4
104 23.2474 29.7789 17.7164 34.117 4
105 22.9182 29.5498 17.3526 33.9448 4
106 22.7254 29.5616 17.0363 34.0981 4
107 22.5913 29.6806 16.7467 34.4072 4
108 RANDOM
109 22.4146 27.8024 17.8862 31.196 4
110 22.2953 28.04 17.5862 31.7211 4
111 22.3331 28.5476 17.3795 32.588 4
112 20.7202 25.9371 16.6644 29.202 4
113 20.346 25.6427 16.2943 29.0464 4
114 20.0698 25.546 15.9172 29.1432 4
115 19.9891 25.8116 15.6224 29.6876 4
116 18.8974 24.1757 15.6862 25.5774 4
117 RANDOM
118 18.5558 24.1271 15.192 25.8011 4
119 18.5631 24.512 14.9026 26.5197 4
120 18.462 23.4754 14.7506 24.9947 4
121 18.4243 23.5028 14.5598 25.2037 4
122 18.4273 23.5842 14.4037 25.4787 4
123 18.5666 23.9782 14.1633 26.1021 4
124 19.1891 22.9851 17.2428 22.9319 2
125 29.0773 31.6249 28.0872 29.1044 2
126 30.094 32.6902 29.3636 30.1072 2
127 30.7972 33.4505 30.2 30.8292 2
128 31.4042 34.1395 30.914 31.5179 2
129 30.5614 33.7808 29.9591 31.3989 2
130 32.6907 36.0502 32.3584 33.5025 2
131 34.8525 38.3053 34.7961 35.6611 2
132 36.3843 39.9054 36.4974 37.2111 2
133 31.4187 34.5275 30.8378 32.4921 2
134 33.76 36.9698 33.4683 34.6861 2
135 35.9095 39.1934 35.8453 36.7871 2
136 37.3618 40.7818 37.5179 38.3154 2
137 36.3577 39.5568 36.1648 37.194 2
138 38.5859 41.6975 38.7719 39.2153 2
139 RANDOM
140 41.7323 44.7247 42.2627 42.4769 2
141 35.7576 39.0505 35.2849 36.8536 2
142 37.4619 40.6082 37.3265 38.2099 2
143 39.4155 42.4694 39.5458 39.9918 2
144 40.6992 43.7939 40.8704 41.4041 2
145 40.1978 45.0442 39.9509 42.9585 2
146 41.9741 46.0427 41.7809 43.9621 2
147 43.6172 47.2729 43.5288 45.2587 2
148 45.3135 48.7811 45.3004 46.8947 2
149 42.1857 46.6981 41.285 45.0244 2
150 43.6106 47.5017 42.8678 45.7935 2
151 44.8989 48.4008 44.2646 46.7398 2
152 45.6426 49.0166 45.0257 47.4182 2
153 39.8579 47.6374 39.2271 46.4469 2
154 40.9796 47.3768 40.3161 45.7827 2
155 42.0844 47.7161 41.3826 46.0431 2
156 42.7483 48.1326 42.121 46.4787 2
157 39.7154 51.2882 39.2306 51.0856 2
158 40.9924 51.9293 40.9376 51.1077 2
159 RANDOM
160 42.9479 53.1203 43.4005 51.6165 2
161 46.4956 57.6702 47.6304 55.9178 2
162 47.5288 57.0389 48.1995 55.4997 2
163 48.3733 56.8205 48.7445 55.4772 2
164 49.2841 55.4744 49.007 54.4206 2
165 50.5665 61.1275 52.4218 58.6705 2
166 RANDOM
167 49.7722 57.864 50.7752 55.8506 2
168 49.9887 56.4355 50.4865 54.6689 2
169 52.4192 61.2676 54.2091 58.4834 2
170 51.3411 58.8433 52.8116 56.3059 2
171 51.2369 57.3893 52.2729 55.1391 2
172 51.6032 56.8487 52.1926 54.9758 2
173 56.1892 66.216 56.9816 64.0992 2
174 55.7041 63.5037 55.8281 61.7227 2
175 55.1174 62.1451 55.0175 60.5174 2
176 55.2667 60.5527 54.6792 59.2929 2
177 51.4861 64.004 54.345 60.6834 2
178 56.4084 64.9264 56.9456 62.6909 2
179 56.9873 63.4026 56.5973 61.7116 2
180 56.619 60.7782 55.7488 59.6149 2
181 54.5637 63.5849 55.9527 60.667 2
182 57.5092 64.3581 57.5827 62.1061 2
183 58.7416 64.0001 58.1581 62.177 2
184 61.2311 64.0454 59.7626 63.073 2
185 RANDOM
186 58.3396 66.7074 59.4462 63.7981 2
187 59.0585 65.9614 59.5227 63.4388 2
188 61.6562 66.4344 61.145 64.6373 2
189 50.3582 60.8232 53.3512 56.9052 2
190 51.6298 60.5948 53.7024 57.1991 2
191 52.3103 59.9351 53.7179 56.9468 2
192 54.6499 60.2776 54.9926 57.9597 2
193 50.5493 57.3989 53.8244 53.5538 2
194 53.6316 58.3304 55.2126 55.5632 2
195 58.1127 61.0212 58.5885 59.0221 2
196 63.6983 65.1916 63.2306 64.0281 2
197 56.2267 60.3546 62.5265 55.8085 3
198 RANDOM
