0 -340.515 226.624 -554.183 181.686 2
1 -322.907 223.776 -565.981 181.038 2
2 -312.126 233.68 -563.501 187.835 2
3 -461.091 205.226 -426.214 169.333 2
4 -432.567 199.26 -420.966 145.486 2
5 -425.531 197.141 -408.582 128.584 2
6 -334.523 195.223 -471.54 142.491 2
7 -377.994 208.814 -416.668 145.727 2
8 -370.322 202.591 -416.385 130.232 2
9 -374.811 209.4 -418.601 138.401 2
10 -348.457 239.29 -412.41 170.519 2
11 -306.284 164.059 -380.295 58.2015 2
12 -292.49 158.028 -382.875 44.1668 2
13 -276.711 165.929 -382.72 46.8939 2
14 -226.179 190.017 -359.991 59.8216 2
15 -274.41 179.732 -462.691 84.5416 2
16 -262.785 174.19 -429.262 55.6995 2
17 -265.834 187.609 -406.336 56.8448 2
18 -221.701 206.28 -351.063 55.3077 2
19 -257.695 216.626 -388.851 137.045 2
20 -236.247 237.952 -374.189 148.829 2
21 -232.391 254.46 -354.476 161.084 2
22 -169.707 254.133 -288.263 117.965 2
23 -131.469 238.093 -138.397 61.7108 2
24 -75.4607 221.329 -117.063 8.38435 2
25 -78.8528 220.716 -130.385 2.16609 2
26 -59.9058 216.89 -105.618 -27.6467 2
27 -65.9077 190.42 -67.7809 -57.5651 2
28 31.363 187.104 -10.5692 -107.099 2
29 36.9966 188.817 4.72841 -111.112 2
30 95.749 204.677 110.854 -132.951 2
31 -111.237 221.586 17.559 41.8468 2
32 -3.84179 208.441 103.027 -24.8625 2
33 8.4878 221.278 152.803 -23.7765 2
34 95.2998 245.328 289.093 -46.6305 3
35 51.6106 223.915 286.304 -22.1637 3
