0 -5.72116 25.7247 16.9007 26.674 4
1 -5.72116 25.7247 16.9007 26.674 4
2 -5.72116 25.7247 16.9007 26.674 4
3 -5.72116 25.7247 16.9007 26.674 4
4 -5.72116 25.7247 16.9007 26.674 4
5 -5.72116 25.7247 16.9007 26.674 4
6 -5.72116 25.7247 16.9007 26.674 4
7 -5.72116 25.7247 16.9007 26.674 4
8 -5.72116 25.7247 16.9007 26.674 4
9 -5.72116 25.7247 16.9007 26.674 4
10 -5.72116 25.7247 16.9007 26.674 4
11 -5.72116 25.7247 16.9007 26.674 4
12 -5.72116 25.7247 16.9007 26.674 4
13 -5.72116 25.7247 16.9007 26.674 4
14 -5.72116 25.7247 16.9007 26.674 4
15 -5.72116 25.7247 16.9007 26.674 4
16 -5.72116 25.7247 16.9007 26.674 4
17 -5.72116 25.7247 16.9007 26.674 4
18 -5.72116 25.7247 16.9007 26.674 4
19 -5.72116 25.7247 16.9007 26.674 4
20 -5.72116 25.7247 16.9007 26.674 4
21 RANDOM
22 -5.72116 25.7247 16.9007 26.674 4
23 -5.72116 25.7247 16.9007 26.674 4
24 -5.72116 25.7247 16.9007 26.674 4
25 -5.72116 25.7247 16.9007 26.674 4
26 -5.72116 25.7247 16.9007 26.674 4
27 -5.72116 25.7247 16.9007 26.674 4
28 -5.72116 25.7247 16.9007 26.674 4
29 -5.72116 25.7247 16.9007 26.674 4
30 -5.72116 25.7247 16.9007 26.674 4
31 -5.72116 25.7247 16.9007 26.674 4
32 RANDOM
33 -5.72116 25.7247 16.9007 26.674 4
34 -5.72116 25.7247 16.9007 26.674 4
35 -5.72116 25.7247 16.9007 26.674 4
36 -5.72116 25.7247 16.9007 26.674 4
37 -5.72116 25.7247 16.9007 26.674 4
38 -5.72116 25.7247 16.9007 26.674 4
39 -5.72116 25.7247 16.9007 26.674 4
40 -5.72116 25.7247 16.9007 26.674 4
41 RANDOM
42 -17.8225 27.5469 -5.68244 69.2018 4
43 -19.3315 30.1827 -4.04853 71.6576 4
44 -21.8648 33.2364 -2.11725 74.2958 4
45 -25.1089 36.3923 0.373536 76.7274 4
46 -15.2195 25.028 -8.14354 66.3996 4
47 -14.2272 22.1729 -6.47217 60.4281 4
48 -13.0224 20.4134 -4.61373 56.0108 4
49 -11.7637 18.7263 -2.68113 51.5748 4
50 -7.10309 30.0379 37.9477 31.0088 3
51 -7.76453 28.6879 24.9425 27.0375 2
