0 19.2921 282.242 -273.422 236.304 2
1 18.5709 288.61 -282.868 257.519 2
2 13.9951 302.262 -275.052 274.955 2
3 -21.9063 295.822 -226.626 288.133 2
4 -20.9065 291.96 -220.817 275.465 2
5 RANDOM
6 6.95042 296.073 -256.985 294.596 2
7 27.2982 312.57 -236.25 305.755 2
8 19.3365 302.164 -226.687 284.743 2
9 1.947 295.477 -220.707 272.62 2
10 -3.24917 305.835 -222.746 287.003 2
11 41.2689 280.354 -195.225 228.881 2
12 40.5135 269.673 -193.23 209.712 2
13 34.1129 267.308 -200.724 203.235 2
14 53.3833 279.058 -202.487 214.497 2
15 61.5584 290.449 -275.124 251.435 2
16 59.8387 281.409 -257.142 225.592 2
17 47.5423 272.845 -250.686 208.066 2
18 52.573 282.058 -242.737 215.885 2
19 73.5224 302.793 -244.074 263.893 2
20 70.4203 305.74 -252.631 264.05 2
21 64.4294 303.792 -254.759 257.051 2
22 88.2115 310.238 -224.781 252.577 2
23 119.921 297.153 -157.457 205.262 2
24 175.782 285.152 -134.378 163.074 2
25 175.484 282.381 -136.664 157.307 2
26 175.465 286.133 -115.038 158.999 2
27 117.486 289.978 -130.124 174.804 2
28 173.868 250.716 -107.038 102.629 2
29 234.625 243.295 -76.6607 76.3627 2
30 264.062 282.476 -29.3181 118.8 2
31 88.275 286.433 -98.0958 189.913 2
32 155.091 287.838 -47.4845 167.83 2
33 176.199 306.698 -15.9766 187.372 2
34 207.116 347.042 43.7268 233.642 2
35 71.0836 301.307 -109.974 226.7 2
36 86.8479 289.298 -83.7669 206.447 2
37 94.4707 299.633 -58.4762 217.349 2
38 123.662 335.138 23.2241 257.321 2
39 225.354 250.121 17.9267 140.484 2
40 230.687 265.343 23.6668 157.849 2
41 239.564 267.481 28.0885 156.987 2
42 278.058 268.36 69.7369 149.643 1
43 282.001 265.662 35.1168 135.945 1
