0 -240.732 98.5764 -254.25 49.4424 2
1 -240.056 104.1 -262.096 65.2463 2
2 -247.789 118.529 -252.467 83.7723 2
3 -287.042 116.34 -217.11 98.0934 2
4 -285.502 113.71 -214.304 89.896 2
5 -292.753 119.029 -199.451 88.1761 2
6 -255.419 119.351 -242.614 100.814 2
7 -251.096 117.641 -216.939 97.6801 2
8 -257.639 113.987 -206.954 85.0885 2
9 -271.047 107.827 -203.175 74.4098 2
10 -275.034 115.209 -208.929 82.3204 2
11 -238.468 119.077 -182.919 66.1936 2
12 -240.474 116.036 -187.561 57.0052 2
13 -243.203 108.944 -195.142 43.1187 2
14 -230.0 123.557 -201.4 54.0813 2
15 -205.857 126.483 -262.91 80.7798 2
16 -209.946 122.914 -248.073 63.1729 2
17 -227.527 112.137 -243.757 45.0862 2
18 -225.642 122.849 -238.495 51.9079 2
19 -207.096 118.653 -240.594 71.5115 2
20 -211.258 122.774 -249.654 71.2524 2
21 -216.184 121.461 -251.158 63.2062 2
22 RANDOM
23 RANDOM
24 -128.806 125.703 -140.471 -4.48116 2
25 -125.227 119.471 -142.37 -15.6496 2
26 -128.579 128.596 -123.951 -8.95968 2
27 -189.575 137.556 -137.644 16.7515 2
28 -141.369 104.825 -119.881 -49.453 2
29 -90.9953 118.028 -93.436 -54.2434 2
30 -67.8357 154.457 -55.5123 -20.9089 2
31 -216.638 126.022 -119.612 21.3715 2
32 -168.994 126.771 -82.9072 -5.2673 2
33 -154.246 147.658 -54.295 11.7731 2
34 -145.353 180.592 -5.51814 45.2568 2
35 -221.103 130.67 -129.823 39.9483 2
36 -214.122 116.08 -110.135 15.3988 2
37 -221.777 124.815 -89.7604 24.0901 2
38 -217.867 152.932 -29.7946 49.6435 2
39 -107.245 98.7633 -21.5219 -27.2235 2
40 -108.274 102.129 -21.508 -24.3165 2
41 -105.918 99.9837 -20.4752 -29.3433 2
42 -81.7854 95.8658 13.1653 -41.8038 2
43 -66.0962 93.5013 32.8713 -46.1054 2
44 -66.0982 93.3587 27.211 -49.0166 2
45 -64.1989 99.6849 19.8191 -42.606 2
46 -15.8672 93.1236 71.818 -62.5284 2
47 -11.6444 66.8929 -61.5749 -112.979 2
48 -36.1989 69.9901 -76.5372 -102.598 2
49 -72.6742 75.9551 -97.7258 -84.2254 2
50 -100.663 82.7557 -104.28 -65.7999 2
51 -100.663 82.7557 -104.28 -65.7999 2
