0 43.992 1486.54 18.1063 1284.78 2
1 64.4466 1479.54 1.22982 1282.95 2
2 76.3822 1489.75 1.25595 1293.75 2
3 -12.0944 1564.73 190.904 1358.71 2
4 20.7831 1557.2 193.676 1335.68 2
5 RANDOM
6 117.533 1545.37 144.033 1330.25 2
7 69.7733 1619.28 224.445 1402.72 2
8 82.6568 1612.53 228.119 1384.92 2
9 82.2811 1622.2 228.318 1394.9 2
10 123.299 1651.95 245.775 1424.78 2
11 166.423 1576.73 275.384 1314.34 2
12 182.414 1572.9 274.916 1301.94 2
13 198.028 1583.4 278.094 1305.37 2
14 263.927 1621.09 318.799 1332.77 2
15 175.07 1583.15 178.194 1333.49 2
16 188.012 1590.12 224.427 1315.49 2
17 191.551 1610.72 257.395 1321.66 2
18 262.651 1648.09 335.88 1337.15 2
19 213.049 1675.32 293.284 1448.54 2
20 239.595 1696.81 315.012 1458.14 2
21 247.683 1715.49 340.885 1470.22 2
22 338.826 1721.91 438.432 1426.74 2
23 368.703 1753.89 619.995 1428.97 2
24 432.752 1741.24 647.833 1379.1 2
25 429.759 1736.23 632.548 1366.21 2
26 466.2 1729.15 669.396 1325.34 2
27 475.168 1719.48 725.002 1317.31 2
28 581.304 1718.97 788.596 1268.75 2
29 590.396 1714.27 803.895 1255.35 2
30 679.164 1759.69 953.109 1255.62 2
31 435.014 1736.22 817.188 1397.92 2
32 563.726 1735.4 926.193 1337.26 2
33 586.368 1758.62 994.701 1341.8 2
34 RANDOM
35 342.706 1788.01 776.26 1502.89 2
36 434.609 1818.03 896.753 1493.19 2
37 513.387 1832.89 1002.29 1476.43 2
38 683.533 1848.02 1223.32 1437.62 2
39 548.761 1783.3 1033.61 1436.94 2
40 631.845 1780.83 1101.27 1397.91 2
41 710.582 1785.45 1155.34 1370.25 2
42 821.149 1843.1 1258.55 1385.41 2
43 714.816 1786.1 1210.08 1389.43 2
44 775.973 1819.98 1246.39 1395.17 2
45 822.248 1846.3 1267.03 1398.29 2
46 946.089 1912.71 1388.19 1431.98 2
47 878.101 1862.61 1143.39 1371.21 2
48 850.232 1852.95 1114.44 1360.74 2
49 770.896 1845.64 1054.72 1371.65 2
50 737.454 1833.06 1029.3 1363.69 2
51 737.454 1833.06 1029.3 1363.69 2
