0 -199.616 229.823 -896.952 199.201 2
1 -170.562 230.848 -918.532 199.766 2
2 -150.281 245.565 -925.233 212.305 2
3 -272.427 210.442 -793.881 211.53 4
4 -282.274 188.779 -997.543 227.433 4
5 -320.428 184.912 -968.835 225.252 4
6 -364.319 184.546 -940.553 228.047 4
7 -411.047 185.011 -898.297 231.03 4
8 222.153 230.896 -1472.32 179.549 2
9 -239.566 239.984 -873.911 209.283 2
10 -199.616 229.823 -896.952 199.201 2
11 -170.562 230.848 -918.532 199.766 2
12 -150.281 245.565 -925.233 212.305 2
13 -272.427 210.442 -793.881 211.53 4
14 -282.274 188.779 -997.543 227.433 4
15 -320.428 184.912 -968.835 225.252 4
16 -364.319 184.546 -940.553 228.047 4
17 -411.047 185.011 -898.297 231.03 4
18 222.153 230.896 -1472.32 179.549 2
19 -239.566 239.984 -873.911 209.283 2
20 -199.616 229.823 -896.952 199.201 2
21 -170.562 230.848 -918.532 199.766 2
22 -150.281 245.565 -925.233 212.305 2
23 -272.427 210.442 -793.881 211.53 4
24 -282.274 188.779 -997.543 227.433 4
25 -320.428 184.912 -968.835 225.252 4
26 -364.319 184.546 -940.553 228.047 4
27 -411.047 185.011 -898.297 231.03 4
28 222.153 230.896 -1472.32 179.549 2
29 -239.566 239.984 -873.911 209.283 2
30 -199.616 229.823 -896.952 199.201 2
31 -170.562 230.848 -918.532 199.766 2
32 -150.281 245.565 -925.233 212.305 2
33 -272.427 210.442 -793.881 211.53 4
34 -282.274 188.779 -997.543 227.433 4
35 -320.428 184.912 -968.835 225.252 4
36 RANDOM
37 -411.047 185.011 -898.297 231.03 4
38 222.153 230.896 -1472.32 179.549 2
39 -239.566 239.984 -873.911 209.283 2
40 -205.238 206.614 -874.322 177.26 2
41 -176.542 208.5 -891.841 179.455 2
42 -158.469 217.641 -896.025 185.397 2
43 -276.382 189.58 -773.868 192.185 4
44 -299.313 167.232 -973.205 204.935 4
45 -337.864 166.033 -942.195 206.01 4
46 -381.846 171.123 -911.624 215.499 4
47 -430.309 176.954 -874.557 223.186 4
48 203.453 214.301 -1463.85 153.258 2
49 -244.482 225.068 -855.781 195.831 2
50 -205.238 206.614 -874.322 177.26 2
51 -176.542 208.5 -891.841 179.455 2
52 -158.469 217.641 -896.025 185.397 2
53 -276.382 189.58 -773.868 192.185 4
54 -299.313 167.232 -973.205 204.935 4
55 -337.864 166.033 -942.195 206.01 4
56 -381.846 171.123 -911.624 215.499 4
57 -430.309 176.954 -874.557 223.186 4
58 RANDOM
59 130.475 148.308 -1441.96 112.49 2
60 62.8789 192.483 -1377.03 167.963 2
61 -244.482 225.068 -855.781 195.831 2
62 -205.238 206.614 -874.322 177.26 2
63 -176.542 208.5 -891.841 179.455 2
64 -158.469 217.641 -896.025 185.397 2
65 -276.382 189.58 -773.868 192.185 4
66 -299.313 167.232 -973.205 204.935 4
67 -337.864 166.033 -942.195 206.01 4
68 -381.846 171.123 -911.624 215.499 4
69 -430.309 176.954 -874.557 223.186 4
70 203.453 214.301 -1463.85 153.258 2
71 -244.482 225.068 -855.781 195.831 2
72 -205.238 206.614 -874.322 177.26 2
73 -176.542 208.5 -891.841 179.455 2
74 -158.469 217.641 -896.025 185.397 2
75 -276.382 189.58 -773.868 192.185 4
76 -299.313 167.232 -973.205 204.935 4
77 -337.864 166.033 -942.195 206.01 4
78 -381.846 171.123 -911.624 215.499 4
79 -430.309 176.954 -874.557 223.186 4
80 203.453 214.301 -1463.85 153.258 2
81 -244.482 225.068 -855.781 195.831 2
82 -205.238 206.614 -874.322 177.26 2
83 RANDOM
84 -158.469 217.641 -896.025 185.397 2
85 -276.382 189.58 -773.868 192.185 4
86 -299.313 167.232 -973.205 204.935 4
87 -337.864 166.033 -942.195 206.01 4
88 -381.846 171.123 -911.624 215.499 4
89 -430.309 176.954 -874.557 223.186 4
90 203.453 214.301 -1463.85 153.258 2
91 -244.482 225.068 -855.781 195.831 2
92 -205.238 206.614 -874.322 177.26 2
93 -176.542 208.5 -891.841 179.455 2
94 -158.469 217.641 -896.025 185.397 2
95 -276.382 189.58 -773.868 192.185 4
96 -299.313 167.232 -973.205 204.935 4
97 -337.864 166.033 -942.195 206.01 4
98 -381.846 171.123 -911.624 215.499 4
99 -430.309 176.954 -874.557 223.186 4
100 214.792 214.208 -1476.65 160.891 1
101 7.02416 255.542 -1262.67 249.142 2
