0 -0.337096 31.5354 4.50777 32.708 4
1 -0.337096 31.5354 4.50777 32.708 4
2 -0.337096 31.5354 4.50777 32.708 4
3 -0.337096 31.5354 4.50777 32.708 4
4 -0.337096 31.5354 4.50777 32.708 4
5 -0.337096 31.5354 4.50777 32.708 4
6 -0.337096 31.5354 4.50777 32.708 4
7 -0.337096 31.5354 4.50777 32.708 4
8 -0.337096 31.5354 4.50777 32.708 4
9 -0.337096 31.5354 4.50777 32.708 4
10 -0.337096 31.5354 4.50777 32.708 4
11 -0.337096 31.5354 4.50777 32.708 4
12 -0.337096 31.5354 4.50777 32.708 4
13 RANDOM
14 -0.337096 31.5354 4.50777 32.708 4
15 -0.337096 31.5354 4.50777 32.708 4
16 -0.337096 31.5354 4.50777 32.708 4
17 -0.337096 31.5354 4.50777 32.708 4
18 -0.337096 31.5354 4.50777 32.708 4
19 -0.337096 31.5354 4.50777 32.708 4
20 -0.337096 31.5354 4.50777 32.708 4
21 -0.337096 31.5354 4.50777 32.708 4
22 -0.337096 31.5354 4.50777 32.708 4
23 -0.337096 31.5354 4.50777 32.708 4
24 -0.337096 31.5354 4.50777 32.708 4
25 -0.337096 31.5354 4.50777 32.708 4
26 RANDOM
27 RANDOM
28 -0.337096 31.5354 4.50777 32.708 4
29 -0.337096 31.5354 4.50777 32.708 4
30 -0.337096 31.5354 4.50777 32.708 4
31 -0.337096 31.5354 4.50777 32.708 4
32 -0.337096 31.5354 4.50777 32.708 4
33 -0.337096 31.5354 4.50777 32.708 4
34 -0.337096 31.5354 4.50777 32.708 4
35 -0.337096 31.5354 4.50777 32.708 4
36 -0.337096 31.5354 4.50777 32.708 4
37 -0.337096 31.5354 4.50777 32.708 4
38 -0.337096 31.5354 4.50777 32.708 4
39 -0.337096 31.5354 4.50777 32.708 4
40 -0.337096 31.5354 4.50777 32.708 4
41 -0.337096 31.5354 4.50777 32.708 4
42 16.9368 29.4356 -60.9951 47.4644 4
43 19.2781 31.8431 -64.8479 47.4184 4
44 22.1358 34.7785 -70.3297 46.7211 4
45 25.3324 38.0153 -76.4668 45.8722 4
46 12.6988 23.9406 -53.4132 44.5797 4
47 11.3666 21.9007 -47.8681 41.4675 4
48 10.669 20.6801 -43.0643 39.356 4
49 9.71231 19.5297 -38.2957 37.2685 4
50 RANDOM
51 -0.337096 31.5354 4.50777 32.708 4
52 25.6217 34.7276 -49.4407 30.3806 2
