0 -4.09128 20.9194 6.92004 21.7418 4
1 -4.09128 20.9194 6.92004 21.7418 4
2 -4.09128 20.9194 6.92004 21.7418 4
3 -4.09128 20.9194 6.92004 21.7418 4
4 -4.09128 20.9194 6.92004 21.7418 4
5 -4.09128 20.9194 6.92004 21.7418 4
6 -4.09128 20.9194 6.92004 21.7418 4
7 -4.09128 20.9194 6.92004 21.7418 4
8 RANDOM
9 -4.09128 20.9194 6.92004 21.7418 4
10 -4.09128 20.9194 6.92004 21.7418 4
11 -4.09128 20.9194 6.92004 21.7418 4
12 -4.09128 20.9194 6.92004 21.7418 4
13 -4.09128 20.9194 6.92004 21.7418 4
14 -4.09128 20.9194 6.92004 21.7418 4
15 -4.09128 20.9194 6.92004 21.7418 4
16 -4.09128 20.9194 6.92004 21.7418 4
17 -4.09128 20.9194 6.92004 21.7418 4
18 -4.09128 20.9194 6.92004 21.7418 4
19 -4.09128 20.9194 6.92004 21.7418 4
20 -4.09128 20.9194 6.92004 21.7418 4
21 -4.09128 20.9194 6.92004 21.7418 4
22 -4.09128 20.9194 6.92004 21.7418 4
23 -4.09128 20.9194 6.92004 21.7418 4
24 -4.09128 20.9194 6.92004 21.7418 4
25 -4.09128 20.9194 6.92004 21.7418 4
26 -4.09128 20.9194 6.92004 21.7418 4
27 -4.09128 20.9194 6.92004 21.7418 4
28 -4.09128 20.9194 6.92004 21.7418 4
29 -4.09128 20.9194 6.92004 21.7418 4
30 -4.09128 20.9194 6.92004 21.7418 4
31 -4.09128 20.9194 6.92004 21.7418 4
32 -4.09128 20.9194 6.92004 21.7418 4
33 -4.09128 20.9194 6.92004 21.7418 4
34 -4.09128 20.9194 6.92004 21.7418 4
35 -4.09128 20.9194 6.92004 21.7418 4
36 -4.09128 20.9194 6.92004 21.7418 4
37 -4.09128 20.9194 6.92004 21.7418 4
38 -4.09128 20.9194 6.92004 21.7418 4
39 -4.09128 20.9194 6.92004 21.7418 4
40 -4.09128 20.9194 6.92004 21.7418 4
41 -4.09128 20.9194 6.92004 21.7418 4
42 -13.9236 21.1214 -30.2807 50.5699 4
43 -14.5981 23.6669 -30.5964 51.8922 4
44 -16.5165 25.7784 -31.8684 52.027 4
45 -18.7944 28.0838 -33.2124 51.8165 4
46 -11.899 19.4909 -29.0435 49.3333 4
47 -11.484 16.4667 -26.1654 44.0555 4
48 -10.5893 14.646 -23.2047 40.4562 4
49 -9.48595 13.3997 -19.8938 37.4411 4
50 -6.86872 15.8033 2.83664 13.8201 2
51 -4.09128 20.9194 6.92004 21.7418 4
52 -6.86872 15.8033 2.83664 13.8201 2
53 -4.09128 20.9194 6.92004 21.7418 4
54 -6.86872 15.8033 2.83664 13.8201 2
55 -4.09128 20.9194 6.92004 21.7418 4
56 -6.86872 15.8033 2.83664 13.8201 2
57 -4.09128 20.9194 6.92004 21.7418 4
58 -6.86872 15.8033 2.83664 13.8201 2
59 -4.09128 20.9194 6.92004 21.7418 4
60 -6.86872 15.8033 2.83664 13.8201 2
61 -4.09128 20.9194 6.92004 21.7418 4
62 -6.86872 15.8033 2.83664 13.8201 2
63 -4.09128 20.9194 6.92004 21.7418 4
64 -6.86872 15.8033 2.83664 13.8201 2
65 RANDOM
66 -4.09128 20.9194 6.92004 21.7418 4
67 -7.91339 13.544 -16.2146 34.6702 4
68 -6.86872 15.8033 2.83664 13.8201 2
69 RANDOM
70 RANDOM
71 -6.07722 14.0093 -0.681828 20.2649 4
72 -9.45861 13.3747 -19.8151 37.3744 4
73 -7.91339 13.544 -16.2146 34.6702 4
74 -6.86872 15.8033 2.83664 13.8201 2
75 -4.09128 20.9194 6.92004 21.7418 4
76 -6.86872 15.8033 2.83664 13.8201 2
77 -4.09128 20.9194 6.92004 21.7418 4
78 -6.86872 15.8033 2.83664 13.8201 2
79 -4.09128 20.9194 6.92004 21.7418 4
80 -6.86872 15.8033 2.83664 13.8201 2
81 -4.09128 20.9194 6.92004 21.7418 4
82 -6.86872 15.8033 2.83664 13.8201 2
83 -4.09128 20.9194 6.92004 21.7418 4
84 -6.86872 15.8033 2.83664 13.8201 2
85 -4.09128 20.9194 6.92004 21.7418 4
86 -6.86872 15.8033 2.83664 13.8201 2
87 -4.09128 20.9194 6.92004 21.7418 4
88 -6.86872 15.8033 2.83664 13.8201 2
89 -4.09128 20.9194 6.92004 21.7418 4
90 -6.86872 15.8033 2.83664 13.8201 2
91 -4.09128 20.9194 6.92004 21.7418 4
92 -6.86872 15.8033 2.83664 13.8201 2
93 -4.09128 20.9194 6.92004 21.7418 4
94 -6.86872 15.8033 2.83664 13.8201 2
95 RANDOM
96 -4.09128 20.9194 6.92004 21.7418 4
97 -7.91339 13.544 -16.2146 34.6702 4
98 -6.86872 15.8033 2.83664 13.8201 2
99 -4.09128 20.9194 6.92004 21.7418 4
100 -6.86872 15.8033 2.83664 13.8201 2
101 -4.09128 20.9194 6.92004 21.7418 4
102 -6.86872 15.8033 2.83664 13.8201 2
103 -4.09128 20.9194 6.92004 21.7418 4
104 -6.86872 15.8033 2.83664 13.8201 2
105 RANDOM
106 -4.09128 20.9194 6.92004 21.7418 4
107 -7.91339 13.544 -16.2146 34.6702 4
108 -6.86872 15.8033 2.83664 13.8201 2
109 -4.09128 20.9194 6.92004 21.7418 4
110 -6.86872 15.8033 2.83664 13.8201 2
111 -4.09128 20.9194 6.92004 21.7418 4
112 -6.86872 15.8033 2.83664 13.8201 2
113 RANDOM
114 -4.09128 20.9194 6.92004 21.7418 4
115 -7.91339 13.544 -16.2146 34.6702 4
116 -6.86872 15.8033 2.83664 13.8201 2
117 -4.09128 20.9194 6.92004 21.7418 4
118 -6.86872 15.8033 2.83664 13.8201 2
119 -4.09128 20.9194 6.92004 21.7418 4
120 -6.86872 15.8033 2.83664 13.8201 2
121 -4.09128 20.9194 6.92004 21.7418 4
122 -6.86872 15.8033 2.83664 13.8201 2
123 -4.09128 20.9194 6.92004 21.7418 4
124 -6.86872 15.8033 2.83664 13.8201 2
125 -4.09128 20.9194 6.92004 21.7418 4
126 -6.86872 15.8033 2.83664 13.8201 2
127 -4.09128 20.9194 6.92004 21.7418 4
128 -6.86872 15.8033 2.83664 13.8201 2
129 -4.09128 20.9194 6.92004 21.7418 4
130 -6.86872 15.8033 2.83664 13.8201 2
131 RANDOM
132 -4.09128 20.9194 6.92004 21.7418 4
133 -7.91339 13.544 -16.2146 34.6702 4
134 -6.86872 15.8033 2.83664 13.8201 2
135 -4.09128 20.9194 6.92004 21.7418 4
136 -6.86872 15.8033 2.83664 13.8201 2
137 -4.09128 20.9194 6.92004 21.7418 4
138 -6.86872 15.8033 2.83664 13.8201 2
139 RANDOM
140 -4.09128 20.9194 6.92004 21.7418 4
141 -7.91339 13.544 -16.2146 34.6702 4
142 -6.86872 15.8033 2.83664 13.8201 2
143 -4.09128 20.9194 6.92004 21.7418 4
144 -6.86872 15.8033 2.83664 13.8201 2
145 -4.09128 20.9194 6.92004 21.7418 4
146 -6.86872 15.8033 2.83664 13.8201 2
147 -4.09128 20.9194 6.92004 21.7418 4
148 -6.86872 15.8033 2.83664 13.8201 2
149 -4.09128 20.9194 6.92004 21.7418 4
150 -6.86872 15.8033 2.83664 13.8201 2
151 -4.09128 20.9194 6.92004 21.7418 4
152 -6.86872 15.8033 2.83664 13.8201 2
153 -4.09128 20.9194 6.92004 21.7418 4
154 -6.86872 15.8033 2.83664 13.8201 2
155 -4.09128 20.9194 6.92004 21.7418 4
156 -6.86872 15.8033 2.83664 13.8201 2
157 -4.09128 20.9194 6.92004 21.7418 4
158 -6.86872 15.8033 2.83664 13.8201 2
159 -4.09128 20.9194 6.92004 21.7418 4
160 -6.86872 15.8033 2.83664 13.8201 2
161 -4.09128 20.9194 6.92004 21.7418 4
162 -6.86872 15.8033 2.83664 13.8201 2
163 -4.09128 20.9194 6.92004 21.7418 4
164 -6.86872 15.8033 2.83664 13.8201 2
165 -4.09128 20.9194 6.92004 21.7418 4
166 -6.86872 15.8033 2.83664 13.8201 2
167 -4.09128 20.9194 6.92004 21.7418 4
168 -6.86872 15.8033 2.83664 13.8201 2
169 -4.09128 20.9194 6.92004 21.7418 4
170 -6.86872 15.8033 2.83664 13.8201 2
171 RANDOM
172 -4.09128 20.9194 6.92004 21.7418 4
173 -7.91339 13.544 -16.2146 34.6702 4
174 -6.86872 15.8033 2.83664 13.8201 2
175 -4.09128 20.9194 6.92004 21.7418 4
176 -6.86872 15.8033 2.83664 13.8201 2
177 -4.09128 20.9194 6.92004 21.7418 4
178 -6.86872 15.8033 2.83664 13.8201 2
179 -4.09128 20.9194 6.92004 21.7418 4
180 -6.86872 15.8033 2.83664 13.8201 2
181 -4.09128 20.9194 6.92004 21.7418 4
182 -6.86872 15.8033 2.83664 13.8201 2
183 -4.09128 20.9194 6.92004 21.7418 4
184 -6.86872 15.8033 2.83664 13.8201 2
185 -4.09128 20.9194 6.92004 21.7418 4
186 -6.86872 15.8033 2.83664 13.8201 2
187 -4.09128 20.9194 6.92004 21.7418 4
188 -6.86872 15.8033 2.83664 13.8201 2
189 -4.09128 20.9194 6.92004 21.7418 4
190 -6.86872 15.8033 2.83664 13.8201 2
191 -4.09128 20.9194 6.92004 21.7418 4
192 -6.86872 15.8033 2.83664 13.8201 2
193 -4.09128 20.9194 6.92004 21.7418 4
194 -6.86872 15.8033 2.83664 13.8201 2
195 -4.09128 20.9194 6.92004 21.7418 4
196 -6.86872 15.8033 2.83664 13.8201 2
197 -4.09128 20.9194 6.92004 21.7418 4
198 -6.86872 15.8033 2.83664 13.8201 2
199 RANDOM
200 -4.09128 20.9194 6.92004 21.7418 4
201 -7.91339 13.544 -16.2146 34.6702 4
202 -6.86872 15.8033 2.83664 13.8201 2
203 -4.09128 20.9194 6.92004 21.7418 4
204 -6.86872 15.8033 2.83664 13.8201 2
205 -4.09128 20.9194 6.92004 21.7418 4
206 -6.86872 15.8033 2.83664 13.8201 2
207 -4.09128 20.9194 6.92004 21.7418 4
208 -6.86872 15.8033 2.83664 13.8201 2
209 -4.09128 20.9194 6.92004 21.7418 4
210 -6.86872 15.8033 2.83664 13.8201 2
211 -4.09128 20.9194 6.92004 21.7418 4
212 -6.86872 15.8033 2.83664 13.8201 2
213 -4.09128 20.9194 6.92004 21.7418 4
214 -6.86872 15.8033 2.83664 13.8201 2
215 -4.09128 20.9194 6.92004 21.7418 4
216 -6.86872 15.8033 2.83664 13.8201 2
217 -4.09128 20.9194 6.92004 21.7418 4
218 -6.86872 15.8033 2.83664 13.8201 2
219 -4.09128 20.9194 6.92004 21.7418 4
220 -6.86872 15.8033 2.83664 13.8201 2
221 RANDOM
222 -4.09128 20.9194 6.92004 21.7418 4
223 -7.91339 13.544 -16.2146 34.6702 4
224 -6.86872 15.8033 2.83664 13.8201 2
225 -4.09128 20.9194 6.92004 21.7418 4
226 -6.86872 15.8033 2.83664 13.8201 2
227 -4.09128 20.9194 6.92004 21.7418 4
228 -6.86872 15.8033 2.83664 13.8201 2
229 -4.09128 20.9194 6.92004 21.7418 4
230 -6.86872 15.8033 2.83664 13.8201 2
231 -4.09128 20.9194 6.92004 21.7418 4
232 -6.86872 15.8033 2.83664 13.8201 2
233 -4.09128 20.9194 6.92004 21.7418 4
234 -6.86872 15.8033 2.83664 13.8201 2
235 -4.09128 20.9194 6.92004 21.7418 4
236 -6.86872 15.8033 2.83664 13.8201 2
237 -4.09128 20.9194 6.92004 21.7418 4
238 -6.86872 15.8033 2.83664 13.8201 2
239 -4.09128 20.9194 6.92004 21.7418 4
240 -6.86872 15.8033 2.83664 13.8201 2
241 -4.09128 20.9194 6.92004 21.7418 4
242 -6.86872 15.8033 2.83664 13.8201 2
243 -4.09128 20.9194 6.92004 21.7418 4
244 -6.86872 15.8033 2.83664 13.8201 2
245 -4.09128 20.9194 6.92004 21.7418 4
246 -6.86872 15.8033 2.83664 13.8201 2
247 -4.09128 20.9194 6.92004 21.7418 4
248 -6.86872 15.8033 2.83664 13.8201 2
249 -4.09128 20.9194 6.92004 21.7418 4
250 -6.86872 15.8033 2.83664 13.8201 2
251 -4.09128 20.9194 6.92004 21.7418 4
252 -6.86872 15.8033 2.83664 13.8201 2
253 -4.09128 20.9194 6.92004 21.7418 4
254 -6.86872 15.8033 2.83664 13.8201 2
255 -4.09128 20.9194 6.92004 21.7418 4
256 -6.86872 15.8033 2.83664 13.8201 2
257 -4.09128 20.9194 6.92004 21.7418 4
258 -6.86872 15.8033 2.83664 13.8201 2
259 -4.09128 20.9194 6.92004 21.7418 4
260 -6.86872 15.8033 2.83664 13.8201 2
261 -4.09128 20.9194 6.92004 21.7418 4
262 -6.86872 15.8033 2.83664 13.8201 2
263 -4.09128 20.9194 6.92004 21.7418 4
264 -6.86872 15.8033 2.83664 13.8201 2
265 -4.09128 20.9194 6.92004 21.7418 4
266 -6.86872 15.8033 2.83664 13.8201 2
267 -4.09128 20.9194 6.92004 21.7418 4
268 -6.86872 15.8033 2.83664 13.8201 2
269 -4.09128 20.9194 6.92004 21.7418 4
270 -6.86872 15.8033 2.83664 13.8201 2
271 -4.09128 20.9194 6.92004 21.7418 4
272 -6.86872 15.8033 2.83664 13.8201 2
273 -4.09128 20.9194 6.92004 21.7418 4
274 -6.86872 15.8033 2.83664 13.8201 2
275 RANDOM
276 -4.09128 20.9194 6.92004 21.7418 4
277 -7.91339 13.544 -16.2146 34.6702 4
278 -6.86872 15.8033 2.83664 13.8201 2
279 -4.09128 20.9194 6.92004 21.7418 4
280 -6.86872 15.8033 2.83664 13.8201 2
281 -4.09128 20.9194 6.92004 21.7418 4
282 -6.86872 15.8033 2.83664 13.8201 2
283 -4.09128 20.9194 6.92004 21.7418 4
284 -6.86872 15.8033 2.83664 13.8201 2
285 -4.09128 20.9194 6.92004 21.7418 4
286 -6.86872 15.8033 2.83664 13.8201 2
287 -4.09128 20.9194 6.92004 21.7418 4
288 -6.86872 15.8033 2.83664 13.8201 2
289 -4.09128 20.9194 6.92004 21.7418 4
290 -6.86872 15.8033 2.83664 13.8201 2
291 -4.09128 20.9194 6.92004 21.7418 4
292 -6.86872 15.8033 2.83664 13.8201 2
293 -4.09128 20.9194 6.92004 21.7418 4
294 -6.86872 15.8033 2.83664 13.8201 2
295 RANDOM
296 -4.09128 20.9194 6.92004 21.7418 4
297 -7.91339 13.544 -16.2146 34.6702 4
298 -6.86872 15.8033 2.83664 13.8201 2
299 -4.09128 20.9194 6.92004 21.7418 4
300 -6.86872 15.8033 2.83664 13.8201 2
301 -4.09128 20.9194 6.92004 21.7418 4
302 -6.86872 15.8033 2.83664 13.8201 2
303 -4.09128 20.9194 6.92004 21.7418 4
304 -6.86872 15.8033 2.83664 13.8201 2
305 -4.09128 20.9194 6.92004 21.7418 4
306 -6.86872 15.8033 2.83664 13.8201 2
307 -4.09128 20.9194 6.92004 21.7418 4
308 -6.86872 15.8033 2.83664 13.8201 2
309 -4.09128 20.9194 6.92004 21.7418 4
310 -6.86872 15.8033 2.83664 13.8201 2
311 -4.09128 20.9194 6.92004 21.7418 4
312 -6.86872 15.8033 2.83664 13.8201 2
313 -4.09128 20.9194 6.92004 21.7418 4
314 -6.86872 15.8033 2.83664 13.8201 2
315 -4.09128 20.9194 6.92004 21.7418 4
316 -6.86872 15.8033 2.83664 13.8201 2
317 -4.09128 20.9194 6.92004 21.7418 4
318 -6.86872 15.8033 2.83664 13.8201 2
319 -4.09128 20.9194 6.92004 21.7418 4
320 -6.86872 15.8033 2.83664 13.8201 2
321 -4.09128 20.9194 6.92004 21.7418 4
322 -6.86872 15.8033 2.83664 13.8201 2
323 -4.09128 20.9194 6.92004 21.7418 4
324 -6.86872 15.8033 2.83664 13.8201 2
325 -4.09128 20.9194 6.92004 21.7418 4
326 -6.86872 15.8033 2.83664 13.8201 2
327 -4.09128 20.9194 6.92004 21.7418 4
328 -6.86872 15.8033 2.83664 13.8201 2
329 -4.09128 20.9194 6.92004 21.7418 4
330 -6.86872 15.8033 2.83664 13.8201 2
331 -4.09128 20.9194 6.92004 21.7418 4
332 -6.86872 15.8033 2.83664 13.8201 2
333 -4.09128 20.9194 6.92004 21.7418 4
334 -6.86872 15.8033 2.83664 13.8201 2
335 -4.09128 20.9194 6.92004 21.7418 4
336 -6.86872 15.8033 2.83664 13.8201 2
337 -4.09128 20.9194 6.92004 21.7418 4
338 -6.86872 15.8033 2.83664 13.8201 2
339 -4.09128 20.9194 6.92004 21.7418 4
340 -6.86872 15.8033 2.83664 13.8201 2
341 -4.09128 20.9194 6.92004 21.7418 4
342 -6.86872 15.8033 2.83664 13.8201 2
343 -4.09128 20.9194 6.92004 21.7418 4
344 -6.86872 15.8033 2.83664 13.8201 2
345 -4.09128 20.9194 6.92004 21.7418 4
346 -6.86872 15.8033 2.83664 13.8201 2
347 -4.09128 20.9194 6.92004 21.7418 4
348 -6.86872 15.8033 2.83664 13.8201 2
349 -4.09128 20.9194 6.92004 21.7418 4
350 -6.86872 15.8033 2.83664 13.8201 2
351 -4.09128 20.9194 6.92004 21.7418 4
352 -6.86872 15.8033 2.83664 13.8201 2
353 -4.09128 20.9194 6.92004 21.7418 4
354 RANDOM
355 -4.09128 20.9194 6.92004 21.7418 4
356 -10.3185 16.6524 -3.93475 18.1739 4
