0 -186.82 288.776 -386.114 215.178 2
1 RANDOM
2 RANDOM
3 -263.243 301.188 -304.94 248.862 2
4 -250.529 295.204 -301.477 230.912 2
5 -252.954 295.316 -287.702 219.94 2
6 -194.432 288.224 -353.531 239.399 2
7 -192.549 300.306 -315.673 238.174 2
8 -194.337 292.377 -308.569 220.422 2
9 -209.837 291.247 -306.512 216.69 2
10 -202.78 308.675 -309.096 239.518 2
11 -157.414 256.29 -274.203 145.311 2
12 -154.182 247.548 -276.341 129.781 2
13 -152.695 245.017 -285.314 123.889 2
14 -118.782 260.544 -284.493 136.952 2
15 -121.973 264.591 -359.476 174.308 2
16 -117.219 252.544 -340.399 142.345 2
17 -125.858 247.094 -331.287 124.652 2
18 -112.868 255.806 -313.711 126.062 2
19 -103.366 273.613 -315.201 180.232 2
20 -101.267 281.705 -321.442 185.818 2
21 -105.703 287.953 -319.332 189.52 2
22 -74.1205 297.91 -282.312 176.942 2
23 -14.8627 273.69 -190.451 103.796 2
24 42.6595 260.36 -167.326 54.625 2
25 34.0289 261.787 -177.256 55.7165 2
26 38.2303 276.892 -148.927 62.9006 2
27 4.17099 268.056 -145.081 53.1125 2
28 82.2113 251.846 -102.425 -0.02687 2
29 116.128 249.4 -76.7322 -14.9238 2
30 155.045 273.144 -6.65213 -4.43581 2
31 -44.6364 285.137 -86.0159 109.395 2
32 49.5689 275.664 -18.2325 59.6555 2
33 RANDOM
34 110.041 329.342 99.2592 100.982 2
35 -93.6559 307.113 -120.606 168.485 2
36 -62.1571 305.605 -75.1505 148.626 2
37 -23.7751 291.369 -29.8755 120.445 2
38 36.1151 320.439 84.5327 136.754 2
39 RANDOM
40 RANDOM
41 98.5143 257.105 56.5005 65.9414 2
42 RANDOM
43 115.986 255.532 102.636 67.6523 2
44 141.234 268.404 109.977 69.2561 2
45 162.429 278.996 114.142 71.3476 2
46 248.316 299.693 197.405 71.3022 2
47 251.682 253.55 39.197 -14.5195 2
48 232.836 247.149 24.8205 -18.638 2
49 187.225 238.747 -5.4844 -14.584 2
50 154.747 239.07 -18.6282 -3.15138 2
51 154.747 239.07 -18.6282 -3.15138 2
