0 -43.2613 50.4768 -28.948 56.4978 4
1 -70.5888 43.9203 -48.4195 56.8843 4
2 -57.9945 40.2989 -39.8734 51.511 4
3 -59.3404 39.9178 -40.8422 51.4101 4
4 -61.0905 40.0833 -42.0608 52.0293 4
5 -63.4555 40.4609 -43.7082 53.0604 4
6 -55.2508 36.429 -38.1997 47.1678 4
7 -56.392 35.428 -39.0732 46.3433 4
8 -58.1813 35.4716 -40.3363 46.8331 4
9 -60.2616 35.8068 -41.7899 47.7648 4
10 -54.1552 28.5518 -37.9297 39.0237 4
11 -55.1888 27.9919 -38.683 38.418 4
12 -56.5606 27.6122 -39.667 38.099 4
13 -58.9473 28.2164 -41.3086 39.1687 4
14 -52.9881 24.2271 -37.5687 33.6922 4
15 -54.1904 23.862 -38.4202 33.358 4
16 -55.7344 24.0133 -39.4924 33.6519 4
17 -57.5527 24.7159 -40.7321 34.5989 4
18 -50.2327 19.1542 -36.0335 26.9034 4
19 RANDOM
20 -53.2103 19.5251 -38.0692 27.3886 4
21 -55.1422 20.2959 -39.3869 28.4004 4
22 -51.4086 14.1796 -37.0395 20.3407 4
23 -52.6045 14.0893 -37.8583 20.2246 4
24 -54.2355 14.1075 -38.9758 20.2469 4
25 -56.0884 14.1693 -40.2539 20.3327 4
26 -55.8642 8.8609 -40.9218 13.2644 4
27 -57.7166 8.76122 -42.2384 13.219 4
28 -59.8978 8.74586 -43.7795 13.2513 4
29 -62.855 8.86192 -45.8494 13.4982 4
30 -60.8181 5.92348 -44.4508 9.95323 4
31 -63.2155 5.85652 -46.1438 9.94276 4
32 -65.7264 5.8434 -47.956 9.99896 4
33 RANDOM
34 -57.9869 3.63752 -42.975 6.58625 4
35 -59.4232 3.8234 -44.0442 6.85566 4
36 RANDOM
37 -63.9231 3.94957 -47.4119 7.11487 4
38 -56.9253 2.53701 -42.6398 5.006 4
39 -58.6241 2.53013 -43.8728 5.01827 4
40 RANDOM
41 -64.1572 2.8372 -47.9989 5.50956 4
42 -52.3269 0.946197 -38.5302 2.64014 4
43 RANDOM
44 -56.1091 0.874555 -41.3683 2.61528 4
45 -59.1257 0.954149 -43.7758 2.79627 4
46 -46.9729 -0.0827263 -32.6376 0.0702348 4
47 -47.6792 -0.127251 -32.9552 -0.0673137 4
48 -49.1496 -0.130968 -33.9747 -0.0741096 4
49 -51.5131 -0.0771406 -35.9115 0.12974 4
50 -50.7165 1.00102 -33.2772 1.18626 4
51 -50.7165 1.00102 -33.2772 1.18626 4
