0 -6.96881 96.2348 2.68873 71.8897 2
1 -5.07276 93.5027 4.36995 69.5993 2
2 -3.51481 91.6871 5.99865 67.7823 2
3 0.0810012 102.676 17.6427 69.1476 2
4 1.44261 96.0937 17.7931 64.4905 2
5 2.33592 90.0651 17.6655 60.1758 2
6 2.24044 79.0644 15.4528 52.6165 2
7 8.8603 90.5509 31.9439 54.7056 2
8 9.30669 84.299 30.268 51.0077 2
9 RANDOM
10 8.22933 68.3914 24.5171 41.1817 2
11 9.34788 85.0251 30.6657 51.3031 2
12 9.47564 77.395 28.3982 46.7198 2
13 8.9655 70.2567 25.761 42.3497 2
14 7.59254 58.7281 21.1263 35.2492 2
15 3.2397 71.5798 21.2855 41.6228 2
16 3.04836 64.5831 18.914 37.494 2
17 3.43126 59.9647 17.7862 34.9273 2
18 3.80204 51.4487 15.6181 29.9868 2
19 0.408749 57.3694 15.0151 31.5911 2
20 0.0357238 49.8909 12.2777 27.3295 2
21 -0.121686 44.5171 10.4268 24.3033 2
22 0.653871 37.5845 9.04543 20.6229 2
23 -2.38947 38.4652 7.7598 18.7105 2
24 -2.43637 35.2429 6.72032 17.0463 2
25 -2.58262 32.4039 5.66003 15.677 2
26 -2.43073 25.7077 3.84697 12.3082 2
27 -2.83634 27.5017 4.81849 12.2682 2
28 -2.93843 23.1126 3.48632 9.96849 2
29 -3.04085 20.351 2.56902 8.61136 2
30 -2.74721 15.4667 1.47331 6.22721 2
31 -3.78195 14.8418 1.23428 4.58824 2
32 -3.75883 12.4103 0.450844 3.46754 2
33 -3.70069 9.9289 -0.174448 2.3107 2
34 -3.66181 8.32915 -0.609059 1.81319 2
35 -3.32832 6.93857 -0.250526 0.582816 2
36 -3.44709 4.1526 -1.03759 -0.759792 2
37 -3.62916 1.98579 -1.60227 -1.74402 2
38 -3.37504 0.893721 -1.33763 -1.73815 2
39 -4.111 -3.52433 -2.83789 -4.29491 3
40 -1.48529 -2.01772 -0.756367 -2.58346 3
