0 -209.681 177.321 -113.908 136.475 2
1 -208.659 185.159 -122.753 153.921 2
2 -214.719 199.185 -116.52 172.365 2
3 -263.456 180.706 -80.9796 171.274 2
4 -261.511 180.409 -79.4349 166.498 2
5 -260.832 190.414 -67.7474 171.774 2
6 -226.765 178.888 -117.401 173.451 2
7 -234.527 172.582 -84.7183 161.884 2
8 -238.14 171.793 -78.2508 154.807 2
9 -247.747 170.107 -79.5492 151.288 2
10 -247.963 174.636 -89.0165 159.525 2
11 -226.136 163.247 -55.5145 121.384 2
12 -225.245 161.843 -66.085 117.19 2
13 -228.333 155.644 -76.4436 106.435 2
14 -219.578 162.088 -85.5897 113.27 2
15 -191.888 173.434 -147.882 143.846 2
16 -198.855 165.774 -135.133 123.607 2
17 -215.452 156.499 -131.945 108.629 2
18 -216.466 157.967 -130.071 108.413 2
19 -193.832 163.418 -127.916 132.369 2
20 -195.584 163.086 -137.275 127.086 2
21 -198.472 161.105 -138.092 120.564 2
22 -186.706 154.831 -122.592 104.166 2
23 -171.731 148.411 -49.1703 67.2688 2
24 -130.327 126.968 -33.7498 16.8452 2
25 -127.096 121.669 -36.9969 8.59835 2
26 -127.777 127.943 -18.2555 13.5753 2
27 -181.266 143.512 -29.4327 45.7613 2
28 -143.683 108.627 -13.5226 -18.4211 2
29 -109.658 121.613 9.06983 -18.8345 2
30 -85.9747 147.043 44.8812 4.13168 2
31 -202.974 143.403 -11.1224 64.4741 2
32 -171.0 147.157 19.473 46.5042 2
33 -163.573 155.959 41.9645 51.931 2
34 -141.311 198.51 96.3742 97.1206 2
35 -205.2 153.541 -25.1937 86.1474 2
36 -207.705 146.424 -9.42834 73.1637 2
37 -217.027 147.096 8.0315 72.9126 2
38 -195.186 185.36 73.5844 111.099 2
39 -128.224 115.438 66.2802 20.1134 2
40 -130.305 113.128 65.7614 16.7564 2
41 -128.189 108.38 67.1868 8.34005 2
42 -105.025 97.5419 101.412 -12.0741 3
43 -116.226 37.6129 152.417 -67.7515 3
44 -109.544 55.0223 137.549 -58.496 3
45 -100.79 63.1015 125.959 -57.6737 3
46 -72.3235 56.1335 144.904 -75.9092 3
47 -80.881 82.6264 108.442 -40.6957 3
48 -76.2083 72.6627 87.5571 -56.8954 3
49 -68.0947 63.0756 72.7874 -73.6275 3
50 RANDOM
51 21.5337 58.734 207.439 -91.0464 3
52 9.80005 58.8759 176.93 -90.1636 3
53 -3.84814 55.2127 143.758 -94.3986 3
54 -11.4055 53.0726 127.286 -97.1451 3
55 -6.22559 56.6771 164.008 -90.2774 3
56 -37.6819 50.0291 98.9166 -97.398 3
57 -56.8928 32.2409 48.7548 -122.902 3
58 -58.7109 25.9867 -1.76489 -135.449 2
59 -73.4282 34.0347 -54.2219 -123.354 2
