0 2.39784 33.7839 25.5426 35.4064 4
1 2.39784 33.7839 25.5426 35.4064 4
2 2.39784 33.7839 25.5426 35.4064 4
3 2.39784 33.7839 25.5426 35.4064 4
4 2.39784 33.7839 25.5426 35.4064 4
5 RANDOM
6 2.39784 33.7839 25.5426 35.4064 4
7 2.39784 33.7839 25.5426 35.4064 4
8 2.39784 33.7839 25.5426 35.4064 4
9 2.39784 33.7839 25.5426 35.4064 4
10 2.39784 33.7839 25.5426 35.4064 4
11 2.39784 33.7839 25.5426 35.4064 4
12 2.39784 33.7839 25.5426 35.4064 4
13 2.39784 33.7839 25.5426 35.4064 4
14 2.39784 33.7839 25.5426 35.4064 4
15 2.39784 33.7839 25.5426 35.4064 4
16 2.39784 33.7839 25.5426 35.4064 4
17 2.39784 33.7839 25.5426 35.4064 4
18 RANDOM
19 2.39784 33.7839 25.5426 35.4064 4
20 2.39784 33.7839 25.5426 35.4064 4
21 2.39784 33.7839 25.5426 35.4064 4
22 2.39784 33.7839 25.5426 35.4064 4
23 2.39784 33.7839 25.5426 35.4064 4
24 2.39784 33.7839 25.5426 35.4064 4
25 RANDOM
26 2.39784 33.7839 25.5426 35.4064 4
27 2.39784 33.7839 25.5426 35.4064 4
28 2.39784 33.7839 25.5426 35.4064 4
29 2.39784 33.7839 25.5426 35.4064 4
30 2.39784 33.7839 25.5426 35.4064 4
31 2.39784 33.7839 25.5426 35.4064 4
32 2.39784 33.7839 25.5426 35.4064 4
33 2.39784 33.7839 25.5426 35.4064 4
34 2.39784 33.7839 25.5426 35.4064 4
35 2.39784 33.7839 25.5426 35.4064 4
36 RANDOM
37 2.39784 33.7839 25.5426 35.4064 4
38 2.39784 33.7839 25.5426 35.4064 4
39 2.39784 33.7839 25.5426 35.4064 4
40 2.39784 33.7839 25.5426 35.4064 4
41 2.39784 33.7839 25.5426 35.4064 4
42 -2.72101 45.3679 13.8398 88.73 4
43 -3.08973 49.8587 17.4575 92.9571 4
44 -4.13512 55.1557 21.7174 98.5181 4
45 -5.27341 61.9839 28.2871 104.623 4
46 -2.52361 39.2371 7.55386 83.2304 4
47 -2.10862 35.9938 8.51774 76.5241 4
48 -1.7444 33.1652 9.36085 70.6683 4
49 -1.58845 30.3273 10.3839 64.5474 4
50 19.3593 76.7999 85.2226 68.9886 3
51 3.95741 43.5348 40.2652 42.1975 2
