0 -290.985 426.625 -752.512 375.766 2
1 -256.074 418.662 -781.744 366.171 2
2 -231.676 428.838 -795.57 373.247 2
3 -375.215 412.076 -633.745 399.798 2
4 -335.08 391.405 -635.364 361.566 2
5 RANDOM
6 -222.476 380.225 -670.064 336.334 2
7 -333.661 427.371 -590.772 427.961 4
8 -306.78 337.717 -704.055 339.767 4
9 -343.225 366.954 -722.854 385.066 4
10 -379.331 407.353 -734.753 448.471 4
11 -435.863 430.495 -727.968 496.293 4
12 RANDOM
13 -348.454 358.852 -870.112 372.854 4
14 -402.593 368.213 -828.529 385.004 4
15 -470.753 379.3 -766.549 394.544 4
16 284.859 398.741 -1454.42 288.358 2
17 -287.942 408.59 -737.029 347.975 2
18 -236.987 377.957 -762.852 316.033 2
19 -199.683 370.035 -797.055 307.679 2
20 -168.768 377.253 -811.115 313.802 2
21 -283.498 352.422 -725.278 336.798 2
22 -234.368 319.988 -731.88 287.156 2
23 -212.93 331.621 -714.26 286.973 2
24 -222.476 380.225 -670.064 336.334 2
25 -333.661 427.371 -590.772 427.961 4
26 -306.78 337.717 -704.055 339.767 4
27 -343.225 366.954 -722.854 385.066 4
28 -379.331 407.353 -734.753 448.471 4
29 -435.863 430.495 -727.968 496.293 4
30 -301.169 340.856 -914.99 350.931 4
31 -348.454 358.852 -870.112 372.854 4
32 -402.593 368.213 -828.529 385.004 4
33 -470.753 379.3 -766.549 394.544 4
34 284.859 398.741 -1454.42 288.358 2
35 -287.942 408.59 -737.029 347.975 2
36 -236.987 377.957 -762.852 316.033 2
37 RANDOM
38 -168.768 377.253 -811.115 313.802 2
39 -283.498 352.422 -725.278 336.798 2
40 RANDOM
41 -215.816 313.628 -676.946 274.862 2
42 -229.604 349.856 -628.674 309.837 2
43 RANDOM
44 -323.116 394.886 -538.599 382.951 2
45 -309.9 408.961 -525.271 392.334 2
46 -240.635 458.065 -484.662 439.83 2
47 -220.686 376.697 -482.943 333.647 2
48 -193.826 378.631 -475.239 322.01 2
49 -168.578 391.928 -466.436 324.693 2
50 -71.6718 447.231 -392.774 365.06 2
51 -214.143 394.161 -576.724 345.727 2
52 -192.21 417.139 -513.286 344.269 2
53 -180.923 444.701 -465.332 355.657 2
54 -96.4413 480.215 -373.894 369.918 2
55 -150.88 493.487 -437.924 475.136 2
56 -121.377 522.268 -407.652 488.066 2
57 -98.1703 545.086 -369.753 495.712 2
58 33.9244 572.785 -247.171 481.888 2
59 -14.8251 641.82 -111.58 572.436 2
60 74.2374 639.019 -60.5289 523.681 2
61 RANDOM
62 138.985 642.135 0.884146 482.866 2
63 125.155 651.035 30.4239 519.989 2
64 240.527 655.695 105.848 477.53 2
65 266.319 643.772 137.913 449.478 2
66 381.211 706.739 322.993 477.965 2
67 61.2076 628.071 113.422 571.578 2
68 209.585 635.131 243.613 520.929 2
69 264.938 669.369 344.701 534.031 2
70 437.147 750.786 572.915 570.445 2
71 -12.8168 662.08 111.654 649.098 2
72 86.3165 703.836 245.77 657.146 2
73 182.939 734.549 372.759 661.794 2
74 389.621 785.839 625.718 676.572 2
75 208.949 705.039 390.334 644.366 2
76 301.859 707.375 455.511 610.252 2
77 396.906 709.616 519.37 578.134 2
78 556.398 716.6 639.809 533.726 2
79 406.919 688.198 575.952 581.491 2
80 487.57 695.764 617.098 554.193 2
81 549.931 713.336 641.004 542.169 2
82 695.417 810.802 787.667 618.065 2
83 576.547 825.677 514.463 609.523 2
84 539.648 809.171 476.947 588.178 2
85 459.265 791.69 413.872 582.518 2
86 427.513 770.316 387.466 563.546 2
87 RANDOM
