0 -8.30132 49.3985 -3.79753 51.2016 4
1 -20.6934 47.3099 -12.8786 52.6753 4
2 -12.6597 50.4413 -7.57317 56.2609 4
3 -13.0989 49.2824 -7.91824 55.1602 4
4 -13.7 48.8707 -8.30993 54.8333 4
5 -14.2682 49.888 -8.57929 55.9729 4
6 -11.9247 46.6567 -7.27447 52.3157 4
7 -12.3961 46.2464 -7.58611 51.988 4
8 -13.1576 45.9844 -8.06144 51.8373 4
9 RANDOM
10 -8.59388 42.6397 -5.26883 47.9108 4
11 -8.79348 42.592 -5.34092 47.9167 4
12 -9.12224 42.1178 -5.56325 47.5095 4
13 -9.54563 42.5024 -5.87096 48.0357 4
14 -8.24124 32.4273 -6.57106 38.2275 4
15 -8.74731 32.4089 -6.85034 38.2382 4
16 -9.2909 32.7562 -7.15898 38.6993 4
17 -9.79209 33.3134 -7.47576 39.3892 4
18 -7.72485 27.3559 -6.26503 32.0162 4
19 -8.20874 27.8384 -6.52879 32.6273 4
20 -8.84075 28.8135 -6.87207 33.836 4
21 -9.54589 30.3273 -7.28556 35.677 4
22 -10.0893 21.4978 -7.1751 24.8982 4
23 RANDOM
24 -11.1676 21.4931 -7.7499 24.9706 4
25 -11.8484 22.3447 -8.11129 26.0291 4
26 -12.3149 19.5882 -6.86168 21.4332 4
27 -12.6954 19.1031 -6.91946 20.8815 4
28 -13.1901 19.03 -7.12342 20.8206 4
29 -13.7589 19.748 -7.42438 21.583 4
30 -14.5173 15.5853 -7.74947 17.0481 4
31 -15.0144 14.9826 -7.78972 16.2952 4
32 -15.6378 14.504 -7.93301 15.6757 4
33 -16.3009 14.4993 -8.13167 15.5136 4
34 -9.45633 11.9803 -4.28984 12.1243 4
35 -9.47697 12.2913 -4.20904 12.4669 4
36 -9.64622 12.5231 -4.16584 12.6363 4
37 -9.98269 12.9891 -4.25892 13.1537 4
38 -7.06792 10.0441 -1.17397 8.5508 2
39 -1.45504 9.65726 0.113338 7.8024 2
40 -1.38147 9.19929 -0.027525 7.2249 2
41 -1.15581 9.21665 0.0782263 7.19469 2
42 -1.04317 9.27344 0.117965 7.29834 2
43 -2.82859 9.07647 -1.14684 7.4856 2
44 -2.1302 9.69658 -0.806601 8.20697 2
45 -1.53727 10.3086 -0.460994 9.00994 2
46 -1.18745 10.6398 -0.249633 9.4824 2
47 -0.427919 9.79546 0.333496 8.39501 2
48 -0.046448 10.0635 0.594042 8.7591 2
49 0.16745 10.5836 0.718201 9.49278 2
50 0.321484 11.0481 0.811151 10.1472 2
51 0.666805 9.84547 1.10351 8.53481 2
52 2.01934 10.2423 2.31895 8.64585 2
53 2.58325 10.3244 2.83681 8.57541 2
54 2.75221 10.0729 2.98587 8.21389 2
55 2.38287 10.146 2.66523 8.44446 2
56 3.02061 9.67739 3.26752 7.67871 2
57 3.55246 9.38234 3.76442 7.22357 2
58 4.10364 9.25409 4.3037 6.93525 2
59 2.6437 10.3113 3.01516 8.37612 2
60 3.24317 9.85109 3.52223 7.82613 2
61 3.50884 9.63567 3.73794 7.57997 2
62 3.68462 9.34905 3.87726 7.22285 2
63 2.63958 11.8339 3.16745 9.6612 2
64 2.76035 11.1994 3.17808 9.09793 2
65 2.98303 10.5726 3.32006 8.38395 2
66 3.55192 9.88831 3.81657 7.53867 2
67 1.2418 15.3085 2.50675 12.8243 2
68 2.38596 15.523 3.48346 12.762 2
69 2.86956 14.955 3.83939 12.0898 2
70 3.10884 14.2827 3.97262 11.3103 2
71 1.4604 20.4513 3.30768 17.722 2
72 2.29375 20.8579 4.08869 17.8697 2
73 2.65846 21.7248 4.48409 18.6495 2
74 2.96152 21.2767 4.70594 18.0904 2
75 0.117447 22.9348 2.87479 19.3365 2
76 2.0591 25.4936 5.04321 21.002 2
77 3.82067 29.6611 7.34724 24.0998 2
78 4.65715 33.1476 8.87682 26.5267 2
79 12.5845 50.5499 21.5023 37.5205 2
80 13.4084 49.0065 21.8314 36.2704 2
81 13.6176 47.2621 21.613 34.863 2
82 12.7683 40.6637 19.3631 29.4083 2
83 22.4522 59.0419 31.5667 45.3878 2
84 20.9775 54.6363 29.2339 41.6409 2
85 18.8277 49.7789 26.3102 37.4155 2
86 15.8957 41.1152 21.9116 29.8343 2
87 24.2067 55.2418 31.967 42.2204 2
88 24.8297 53.0716 31.712 40.8862 2
89 22.7536 48.5791 28.9197 37.0463 2
90 RANDOM
91 16.7332 54.3712 26.0682 40.871 2
92 17.458 53.5755 26.2031 40.6829 2
93 18.6303 53.8537 27.0093 41.3468 2
94 19.4798 49.8662 26.4271 38.5096 2
95 13.9134 53.2165 24.1041 38.5524 2
96 13.5271 49.9513 22.6998 36.4216 2
97 13.8066 47.9895 22.2225 35.1926 2
98 16.4778 43.3081 22.6526 32.3602 2
99 RANDOM
100 13.1738 46.6286 21.5473 33.2494 2
101 12.4935 44.8752 20.4514 31.928 2
102 13.1448 39.9862 19.5264 28.4233 2
103 14.0207 47.155 22.5306 32.9213 2
104 13.5783 44.511 21.3715 31.0324 2
105 13.3773 42.3535 20.5594 29.4754 2
106 RANDOM
107 12.8025 36.8937 18.8346 24.0169 2
108 12.1612 33.8671 17.4981 21.7507 2
109 11.555 30.8509 16.2618 19.4879 2
110 11.0898 27.8731 15.0989 17.4967 2
111 11.3833 23.5774 14.76 13.8517 2
112 10.7855 20.7029 13.6035 12.0315 2
113 10.3279 18.0818 12.6907 10.357 2
114 RANDOM
115 11.7778 12.5628 12.6588 7.45238 3
116 16.988 17.1835 17.4171 11.9858 3
