0 -102.302 171.11 -296.661 91.4178 2
1 -103.582 172.202 -306.271 102.012 2
2 -111.788 180.259 -296.062 112.81 2
3 -141.269 193.579 -258.3 145.714 2
4 RANDOM
5 -150.137 188.459 -242.325 124.934 2
6 -116.345 177.559 -286.96 127.721 2
7 -106.617 170.67 -259.306 116.717 2
8 -116.367 160.809 -248.782 97.1115 2
9 -129.012 161.113 -243.801 91.4757 2
10 -137.631 152.3 -248.869 83.4431 2
11 -111.152 123.429 -222.913 38.621 2
12 -114.661 121.757 -226.945 30.7986 2
13 -119.361 114.554 -234.896 16.2487 2
14 -107.065 116.006 -240.341 11.649 2
15 -78.3569 146.741 -300.147 73.9628 2
16 -84.0282 144.115 -286.071 56.1071 2
17 -100.881 130.514 -282.163 33.6043 2
18 -101.045 124.306 -277.794 20.8071 2
19 -83.6495 116.336 -281.072 37.7303 2
20 -91.6203 109.698 -290.367 27.4142 2
21 -100.017 102.044 -293.364 11.32 2
22 -86.8871 79.7026 -274.527 -32.2922 2
23 -64.9495 72.6324 -192.931 -68.8569 2
24 -6.73424 68.1315 -172.972 -105.509 2
25 -5.87925 63.2849 -175.662 -114.048 2
26 -12.9629 61.0161 -158.635 -121.755 2
27 -78.4374 58.1026 -172.275 -111.146 2
28 -13.4099 33.7512 -146.339 -169.98 2
29 43.3321 50.956 -117.6 -172.077 2
30 68.1764 77.0272 -80.3118 -150.282 2
31 -97.4318 47.6391 -152.661 -109.451 2
32 -33.7745 57.3904 -108.874 -127.759 2
33 RANDOM
34 -13.5995 105.751 -21.2281 -83.926 2
35 -103.838 57.9973 -164.675 -82.812 2
36 -96.1272 47.8249 -139.731 -104.367 2
37 -111.295 56.688 -114.246 -95.7302 2
38 -109.298 88.3639 -47.2869 -63.7796 2
39 13.9171 80.6222 -39.0116 -83.9068 2
40 10.2214 78.4383 -38.9566 -87.6442 2
41 12.6787 77.0764 -37.897 -91.7144 2
42 39.7353 74.1243 -2.9196 -102.182 2
43 57.6863 69.3689 18.261 -109.31 2
44 59.2378 71.0747 13.6048 -110.236 2
45 61.4683 76.7431 6.50398 -105.096 2
46 112.186 69.6038 59.5859 -124.306 1
47 64.5755 80.8574 -14.0302 -103.95 2
