0 -242.76 315.562 -780.02 272.059 2
1 -208.228 308.968 -809.205 263.157 2
2 -184.484 319.557 -823.485 269.968 2
3 -321.726 302.25 -657.668 301.985 2
4 -281.589 282.789 -659.137 264.334 2
5 -267.62 296.21 -641.105 261.781 2
6 -169.866 274.253 -693.53 239.46 2
7 -277.439 320.946 -613.357 334.228 4
8 -255.279 232.33 -727.757 243.88 4
9 -292.069 259.102 -748.147 286.753 4
10 -328.684 297.364 -760.952 348.397 4
11 -384.766 318.429 -754.87 395.131 4
12 RANDOM
13 -301.554 245.873 -900.452 265.249 4
14 -354.444 253.407 -858.945 276.729 4
15 -421.651 262.619 -795.876 285.747 4
16 307.326 353.633 -1471.47 246.805 2
17 -239.434 298.29 -764.01 245.207 2
18 -188.526 269.499 -789.248 214.454 2
19 -152.066 262.09 -823.876 205.614 2
20 -121.687 270.034 -838.06 211.771 2
21 -232.327 244.317 -749.657 238.161 2
22 -182.832 213.578 -755.679 189.563 2
23 -161.246 225.452 -738.029 189.398 2
24 -169.866 274.253 -693.53 239.46 2
25 -277.439 320.946 -613.357 334.228 4
26 -255.279 232.33 -727.757 243.88 4
27 -292.069 259.102 -748.147 286.753 4
28 -328.684 297.364 -760.952 348.397 4
29 -384.766 318.429 -754.87 395.131 4
30 -255.476 229.366 -945.511 243.622 4
31 -301.554 245.873 -900.452 265.249 4
32 -354.444 253.407 -858.945 276.729 4
33 -421.651 262.619 -795.876 285.747 4
34 307.326 353.633 -1471.47 246.805 2
35 -239.434 298.29 -764.01 245.207 2
36 -188.526 269.499 -789.248 214.454 2
37 -152.066 262.09 -823.876 205.614 2
38 -121.687 270.034 -838.06 211.771 2
39 -232.327 244.317 -749.657 238.161 2
40 -186.065 193.578 -723.884 174.295 2
41 -162.513 208.829 -699.707 179.387 2
42 RANDOM
43 RANDOM
44 -263.817 292.986 -559.108 294.19 4
45 -440.973 479.177 -487.529 556.528 4
46 -260.451 205.556 -689.564 221.912 4
47 -306.246 225.963 -711.967 256.234 4
48 -346.987 257.588 -724.02 309.246 4
49 -403.742 299.186 -719.047 378.786 4
50 -272.568 194.333 -909.974 209.45 4
51 -321.179 221.153 -867.834 241.573 4
52 -373.616 237.985 -825.331 264.189 4
53 -440.349 256.618 -768.288 282.998 4
54 292.677 347.793 -1454.63 239.529 2
55 -243.634 275.125 -742.648 224.096 2
56 -192.975 246.37 -764.849 194.005 2
57 -156.678 237.518 -794.359 184.211 2
58 -123.458 243.228 -802.049 188.438 2
59 -235.878 224.553 -721.955 222.484 2
60 -186.065 193.578 -723.884 174.295 2
61 -162.513 208.829 -699.707 179.387 2
62 -175.516 245.419 -650.859 215.346 2
63 -287.5 294.88 -571.782 309.763 4
64 -260.451 205.556 -689.564 221.912 4
65 -306.246 225.963 -711.967 256.234 4
66 -346.987 257.588 -724.02 309.246 4
67 -403.742 299.186 -719.047 378.786 4
68 -272.568 194.333 -909.974 209.45 4
69 -321.179 221.153 -867.834 241.573 4
70 -373.616 237.985 -825.331 264.189 4
71 -440.349 256.618 -768.288 282.998 4
72 292.677 347.793 -1454.63 239.529 2
73 RANDOM
74 -192.975 246.37 -764.849 194.005 2
75 -156.678 237.518 -794.359 184.211 2
76 -123.458 243.228 -802.049 188.438 2
77 -235.878 224.553 -721.955 222.484 2
78 -186.065 193.578 -723.884 174.295 2
79 -162.513 208.829 -699.707 179.387 2
80 -175.516 245.419 -650.859 215.346 2
81 -287.5 294.88 -571.782 309.763 4
82 -260.451 205.556 -689.564 221.912 4
83 -306.246 225.963 -711.967 256.234 4
84 -346.987 257.588 -724.02 309.246 4
85 -403.742 299.186 -719.047 378.786 4
86 -272.568 194.333 -909.974 209.45 4
87 -321.179 221.153 -867.834 241.573 4
88 -373.616 237.985 -825.331 264.189 4
89 -440.349 256.618 -768.288 282.998 4
90 292.677 347.793 -1454.63 239.529 2
91 -243.634 275.125 -742.648 224.096 2
92 -192.975 246.37 -764.849 194.005 2
93 -156.678 237.518 -794.359 184.211 2
94 RANDOM
95 -235.878 224.553 -721.955 222.484 2
96 -186.065 193.578 -723.884 174.295 2
97 -162.513 208.829 -699.707 179.387 2
98 -175.516 245.419 -650.859 215.346 2
99 -287.5 294.88 -571.782 309.763 4
100 -251.275 208.42 -706.792 224.182 4
101 -294.052 227.316 -726.9 257.279 4
102 -336.422 256.796 -730.917 308.538 4
103 -392.604 299.761 -725.849 379.967 4
104 -262.771 192.436 -914.458 209.576 4
105 -311.916 220.152 -871.965 242.949 4
106 -364.717 237.458 -828.672 266.268 4
107 -433.495 247.607 -770.398 274.461 4
108 297.216 350.013 -1464.9 245.209 2
109 -231.433 275.404 -778.454 222.396 2
110 -183.221 247.244 -797.499 194.376 2
111 -151.479 238.431 -818.873 185.902 2
112 -120.043 248.158 -823.253 196.877 2
113 RANDOM
114 -178.836 194.022 -752.056 173.663 2
115 -160.083 206.332 -723.948 176.138 2
116 -171.458 252.574 -675.842 224.303 2
117 -279.759 294.2 -596.827 311.54 4
118 -251.275 208.42 -706.792 224.182 4
119 -294.052 227.316 -726.9 257.279 4
120 -336.422 256.796 -730.917 308.538 4
121 -392.604 299.761 -725.849 379.967 4
122 -262.771 192.436 -914.458 209.576 4
123 -311.916 220.152 -871.965 242.949 4
124 -364.717 237.458 -828.672 266.268 4
125 RANDOM
126 297.216 350.013 -1464.9 245.209 2
127 -231.433 275.404 -778.454 222.396 2
128 -183.221 247.244 -797.499 194.376 2
129 -151.479 238.431 -818.873 185.902 2
130 -120.043 248.158 -823.253 196.877 2
131 -223.525 225.671 -752.255 221.084 2
132 -178.836 194.022 -752.056 173.663 2
133 -160.083 206.332 -723.948 176.138 2
134 -171.458 252.574 -675.842 224.303 2
135 -279.759 294.2 -596.827 311.54 4
136 -251.275 208.42 -706.792 224.182 4
137 -294.052 227.316 -726.9 257.279 4
138 -336.422 256.796 -730.917 308.538 4
139 -392.604 299.761 -725.849 379.967 4
140 RANDOM
141 -311.916 220.152 -871.965 242.949 4
142 -364.717 237.458 -828.672 266.268 4
143 -433.495 247.607 -770.398 274.461 4
144 297.216 350.013 -1464.9 245.209 2
145 -231.433 275.404 -778.454 222.396 2
146 -183.221 247.244 -797.499 194.376 2
147 -151.479 238.431 -818.873 185.902 2
148 -120.043 248.158 -823.253 196.877 2
149 RANDOM
150 -178.836 194.022 -752.056 173.663 2
151 -160.083 206.332 -723.948 176.138 2
152 -171.458 252.574 -675.842 224.303 2
153 -279.759 294.2 -596.827 311.54 4
154 -251.275 208.42 -706.792 224.182 4
155 -294.052 227.316 -726.9 257.279 4
156 -336.422 256.796 -730.917 308.538 4
157 -392.604 299.761 -725.849 379.967 4
158 -262.771 192.436 -914.458 209.576 4
159 -311.916 220.152 -871.965 242.949 4
160 -364.717 237.458 -828.672 266.268 4
161 -433.495 247.607 -770.398 274.461 4
162 297.216 350.013 -1464.9 245.209 2
163 -231.433 275.404 -778.454 222.396 2
164 -183.221 247.244 -797.499 194.376 2
165 -151.479 238.431 -818.873 185.902 2
166 -120.043 248.158 -823.253 196.877 2
167 -223.525 225.671 -752.255 221.084 2
168 -178.836 194.022 -752.056 173.663 2
169 -160.083 206.332 -723.948 176.138 2
170 -171.458 252.574 -675.842 224.303 2
171 -279.759 294.2 -596.827 311.54 4
172 -251.275 208.42 -706.792 224.182 4
173 -294.052 227.316 -726.9 257.279 4
174 -336.422 256.796 -730.917 308.538 4
175 -392.604 299.761 -725.849 379.967 4
176 -262.771 192.436 -914.458 209.576 4
177 -311.916 220.152 -871.965 242.949 4
178 -364.717 237.458 -828.672 266.268 4
179 -433.495 247.607 -770.398 274.461 4
180 297.216 350.013 -1464.9 245.209 2
181 -231.433 275.404 -778.454 222.396 2
182 -183.221 247.244 -797.499 194.376 2
183 -151.479 238.431 -818.873 185.902 2
184 -120.043 248.158 -823.253 196.877 2
185 -223.525 225.671 -752.255 221.084 2
186 -178.836 194.022 -752.056 173.663 2
187 -160.083 206.332 -723.948 176.138 2
188 -171.458 252.574 -675.842 224.303 2
189 -279.759 294.2 -596.827 311.54 4
190 -251.275 208.42 -706.792 224.182 4
191 -294.052 227.316 -726.9 257.279 4
192 -336.422 256.796 -730.917 308.538 4
193 -392.604 299.761 -725.849 379.967 4
194 -262.771 192.436 -914.458 209.576 4
195 -311.916 220.152 -871.965 242.949 4
196 -364.717 237.458 -828.672 266.268 4
197 -433.495 247.607 -770.398 274.461 4
198 297.216 350.013 -1464.9 245.209 2
199 -231.433 275.404 -778.454 222.396 2
200 -183.221 247.244 -797.499 194.376 2
201 -151.479 238.431 -818.873 185.902 2
202 -120.043 248.158 -823.253 196.877 2
203 -223.525 225.671 -752.255 221.084 2
204 -178.836 194.022 -752.056 173.663 2
205 -160.083 206.332 -723.948 176.138 2
206 -171.458 252.574 -675.842 224.303 2
207 -279.759 294.2 -596.827 311.54 4
208 -251.275 208.42 -706.792 224.182 4
209 -294.052 227.316 -726.9 257.279 4
210 -336.422 256.796 -730.917 308.538 4
211 -392.604 299.761 -725.849 379.967 4
212 -262.771 192.436 -914.458 209.576 4
213 -311.916 220.152 -871.965 242.949 4
214 -364.717 237.458 -828.672 266.268 4
215 -433.495 247.607 -770.398 274.461 4
216 297.216 350.013 -1464.9 245.209 2
217 -231.433 275.404 -778.454 222.396 2
218 -183.221 247.244 -797.499 194.376 2
219 -151.479 238.431 -818.873 185.902 2
220 -120.043 248.158 -823.253 196.877 2
221 -223.525 225.671 -752.255 221.084 2
222 -178.836 194.022 -752.056 173.663 2
223 -160.083 206.332 -723.948 176.138 2
224 -171.458 252.574 -675.842 224.303 2
225 -279.759 294.2 -596.827 311.54 4
226 -251.275 208.42 -706.792 224.182 4
227 -294.052 227.316 -726.9 257.279 4
228 -336.422 256.796 -730.917 308.538 4
229 -392.604 299.761 -725.849 379.967 4
230 -262.771 192.436 -914.458 209.576 4
231 -311.916 220.152 -871.965 242.949 4
232 -364.717 237.458 -828.672 266.268 4
233 -433.495 247.607 -770.398 274.461 4
234 297.216 350.013 -1464.9 245.209 2
235 -231.433 275.404 -778.454 222.396 2
236 -183.221 247.244 -797.499 194.376 2
237 -151.479 238.431 -818.873 185.902 2
238 -120.043 248.158 -823.253 196.877 2
239 -223.525 225.671 -752.255 221.084 2
240 -178.836 194.022 -752.056 173.663 2
241 -160.083 206.332 -723.948 176.138 2
242 -171.458 252.574 -675.842 224.303 2
243 -279.759 294.2 -596.827 311.54 4
244 -251.275 208.42 -706.792 224.182 4
245 -294.052 227.316 -726.9 257.279 4
246 -336.422 256.796 -730.917 308.538 4
247 -392.604 299.761 -725.849 379.967 4
248 -262.771 192.436 -914.458 209.576 4
249 -311.916 220.152 -871.965 242.949 4
250 -364.717 237.458 -828.672 266.268 4
251 -433.495 247.607 -770.398 274.461 4
252 297.216 350.013 -1464.9 245.209 2
253 -231.433 275.404 -778.454 222.396 2
254 -183.221 247.244 -797.499 194.376 2
255 -151.479 238.431 -818.873 185.902 2
256 -120.043 248.158 -823.253 196.877 2
257 -223.525 225.671 -752.255 221.084 2
258 -178.836 194.022 -752.056 173.663 2
259 -160.083 206.332 -723.948 176.138 2
260 -171.458 252.574 -675.842 224.303 2
261 -279.759 294.2 -596.827 311.54 4
262 -251.275 208.42 -706.792 224.182 4
263 -294.052 227.316 -726.9 257.279 4
264 -336.422 256.796 -730.917 308.538 4
265 -392.604 299.761 -725.849 379.967 4
266 -262.771 192.436 -914.458 209.576 4
267 -311.916 220.152 -871.965 242.949 4
268 -364.717 237.458 -828.672 266.268 4
269 -433.495 247.607 -770.398 274.461 4
270 297.216 350.013 -1464.9 245.209 2
271 -231.433 275.404 -778.454 222.396 2
272 -183.221 247.244 -797.499 194.376 2
273 -151.479 238.431 -818.873 185.902 2
274 -120.043 248.158 -823.253 196.877 2
275 -223.525 225.671 -752.255 221.084 2
276 -178.836 194.022 -752.056 173.663 2
277 RANDOM
278 -171.458 252.574 -675.842 224.303 2
279 -279.759 294.2 -596.827 311.54 4
280 -251.275 208.42 -706.792 224.182 4
281 -294.052 227.316 -726.9 257.279 4
282 -336.422 256.796 -730.917 308.538 4
283 -392.604 299.761 -725.849 379.967 4
284 -262.771 192.436 -914.458 209.576 4
285 -311.916 220.152 -871.965 242.949 4
286 -364.717 237.458 -828.672 266.268 4
287 -433.495 247.607 -770.398 274.461 4
288 297.216 350.013 -1464.9 245.209 2
289 -231.433 275.404 -778.454 222.396 2
290 -183.221 247.244 -797.499 194.376 2
291 -151.479 238.431 -818.873 185.902 2
292 -120.043 248.158 -823.253 196.877 2
293 -223.525 225.671 -752.255 221.084 2
294 -178.836 194.022 -752.056 173.663 2
295 RANDOM
296 -171.458 252.574 -675.842 224.303 2
297 -279.759 294.2 -596.827 311.54 4
298 -251.275 208.42 -706.792 224.182 4
299 -294.052 227.316 -726.9 257.279 4
300 -336.422 256.796 -730.917 308.538 4
301 -392.604 299.761 -725.849 379.967 4
302 -262.771 192.436 -914.458 209.576 4
303 RANDOM
304 -364.717 237.458 -828.672 266.268 4
305 -433.495 247.607 -770.398 274.461 4
306 297.216 350.013 -1464.9 245.209 2
307 -231.433 275.404 -778.454 222.396 2
308 -183.221 247.244 -797.499 194.376 2
309 -151.479 238.431 -818.873 185.902 2
310 -120.043 248.158 -823.253 196.877 2
311 -223.525 225.671 -752.255 221.084 2
312 -178.836 194.022 -752.056 173.663 2
313 -160.083 206.332 -723.948 176.138 2
314 RANDOM
315 -211.006 323.799 -620.418 300.986 2
316 -212.29 256.7 -652.974 230.301 2
