0 -5.3591 33.7444 8.52445 34.3063 4
1 -5.3591 33.7444 8.52445 34.3063 4
2 -5.3591 33.7444 8.52445 34.3063 4
3 -5.3591 33.7444 8.52445 34.3063 4
4 RANDOM
5 -5.3591 33.7444 8.52445 34.3063 4
6 -5.3591 33.7444 8.52445 34.3063 4
7 -5.3591 33.7444 8.52445 34.3063 4
8 -5.3591 33.7444 8.52445 34.3063 4
9 -5.3591 33.7444 8.52445 34.3063 4
10 RANDOM
11 -5.3591 33.7444 8.52445 34.3063 4
12 -5.3591 33.7444 8.52445 34.3063 4
13 -5.3591 33.7444 8.52445 34.3063 4
14 -5.3591 33.7444 8.52445 34.3063 4
15 -5.3591 33.7444 8.52445 34.3063 4
16 -5.3591 33.7444 8.52445 34.3063 4
17 -5.3591 33.7444 8.52445 34.3063 4
18 -5.3591 33.7444 8.52445 34.3063 4
19 -5.3591 33.7444 8.52445 34.3063 4
20 -5.3591 33.7444 8.52445 34.3063 4
21 -5.3591 33.7444 8.52445 34.3063 4
22 -5.3591 33.7444 8.52445 34.3063 4
23 -5.3591 33.7444 8.52445 34.3063 4
24 -5.3591 33.7444 8.52445 34.3063 4
25 -5.3591 33.7444 8.52445 34.3063 4
26 -5.3591 33.7444 8.52445 34.3063 4
27 -5.3591 33.7444 8.52445 34.3063 4
28 -5.3591 33.7444 8.52445 34.3063 4
29 -5.3591 33.7444 8.52445 34.3063 4
30 -5.3591 33.7444 8.52445 34.3063 4
31 -5.3591 33.7444 8.52445 34.3063 4
32 -5.3591 33.7444 8.52445 34.3063 4
33 -5.3591 33.7444 8.52445 34.3063 4
34 -5.3591 33.7444 8.52445 34.3063 4
35 -5.3591 33.7444 8.52445 34.3063 4
36 -5.3591 33.7444 8.52445 34.3063 4
37 -5.3591 33.7444 8.52445 34.3063 4
38 -5.3591 33.7444 8.52445 34.3063 4
39 -5.3591 33.7444 8.52445 34.3063 4
40 -5.3591 33.7444 8.52445 34.3063 4
41 -5.3591 33.7444 8.52445 34.3063 4
42 13.2758 20.2084 -100.43 30.7811 4
43 15.7474 22.2269 -108.0 30.0953 4
44 18.0459 24.4788 -117.829 31.3619 4
45 20.7102 26.9811 -129.42 32.9072 4
46 9.04759 15.9862 -85.8516 31.0925 4
47 8.34191 15.1606 -79.0457 30.2971 4
48 7.22873 13.9059 -74.6191 28.5882 4
49 6.78003 13.2716 -71.048 26.8847 4
50 17.9709 16.1406 -97.4772 10.8948 1
51 -4.66316 11.4784 -19.8626 17.909 4
52 20.5536 21.441 -119.405 19.1848 2
