0 -1.48623 18.1619 0.862549 18.9098 4
1 -1.48623 18.1619 0.862549 18.9098 4
2 -1.48623 18.1619 0.862549 18.9098 4
3 -1.48623 18.1619 0.862549 18.9098 4
4 -1.48623 18.1619 0.862549 18.9098 4
5 -1.48623 18.1619 0.862549 18.9098 4
6 -1.48623 18.1619 0.862549 18.9098 4
7 -1.48623 18.1619 0.862549 18.9098 4
8 RANDOM
9 -1.48623 18.1619 0.862549 18.9098 4
10 -1.48623 18.1619 0.862549 18.9098 4
11 -1.48623 18.1619 0.862549 18.9098 4
12 -1.48623 18.1619 0.862549 18.9098 4
13 -1.48623 18.1619 0.862549 18.9098 4
14 -1.48623 18.1619 0.862549 18.9098 4
15 -1.48623 18.1619 0.862549 18.9098 4
16 -1.48623 18.1619 0.862549 18.9098 4
17 -1.48623 18.1619 0.862549 18.9098 4
18 -1.48623 18.1619 0.862549 18.9098 4
19 -1.48623 18.1619 0.862549 18.9098 4
20 -1.48623 18.1619 0.862549 18.9098 4
21 -1.48623 18.1619 0.862549 18.9098 4
22 -1.48623 18.1619 0.862549 18.9098 4
23 -1.48623 18.1619 0.862549 18.9098 4
24 -1.48623 18.1619 0.862549 18.9098 4
25 -1.48623 18.1619 0.862549 18.9098 4
26 -1.48623 18.1619 0.862549 18.9098 4
27 -1.48623 18.1619 0.862549 18.9098 4
28 -1.48623 18.1619 0.862549 18.9098 4
29 -1.48623 18.1619 0.862549 18.9098 4
30 -1.48623 18.1619 0.862549 18.9098 4
31 -1.48623 18.1619 0.862549 18.9098 4
32 -1.48623 18.1619 0.862549 18.9098 4
33 -1.48623 18.1619 0.862549 18.9098 4
34 -1.48623 18.1619 0.862549 18.9098 4
35 -1.48623 18.1619 0.862549 18.9098 4
36 -1.48623 18.1619 0.862549 18.9098 4
37 -1.48623 18.1619 0.862549 18.9098 4
38 -1.48623 18.1619 0.862549 18.9098 4
39 -1.48623 18.1619 0.862549 18.9098 4
40 -1.48623 18.1619 0.862549 18.9098 4
41 -1.48623 18.1619 0.862549 18.9098 4
42 0.274382 17.0989 -45.4831 31.8647 4
43 1.33833 19.7175 -47.0229 31.7929 4
44 2.07376 22.1068 -49.8369 30.1509 4
45 3.19338 25.5336 -52.4545 32.0515 4
46 -0.301865 14.43 -42.2333 31.4365 4
47 -0.815857 11.8497 -38.199 27.7597 4
48 -0.791851 10.2881 -34.4353 25.1843 4
49 -0.54844 9.4564 -30.2625 23.6008 4
50 7.7279 16.9659 -13.9126 7.39967 2
51 -1.48623 18.1619 0.862549 18.9098 4
52 RANDOM
53 -1.48623 18.1619 0.862549 18.9098 4
54 6.7786 18.9836 -21.2805 11.1449 2
