0 -4.59941 19.493 4.92019 20.4286 4
1 -4.59941 19.493 4.92019 20.4286 4
2 -4.59941 19.493 4.92019 20.4286 4
3 -4.59941 19.493 4.92019 20.4286 4
4 -4.59941 19.493 4.92019 20.4286 4
5 -4.59941 19.493 4.92019 20.4286 4
6 -4.59941 19.493 4.92019 20.4286 4
7 -4.59941 19.493 4.92019 20.4286 4
8 -4.59941 19.493 4.92019 20.4286 4
9 -4.59941 19.493 4.92019 20.4286 4
10 -4.59941 19.493 4.92019 20.4286 4
11 -4.59941 19.493 4.92019 20.4286 4
12 -4.59941 19.493 4.92019 20.4286 4
13 RANDOM
14 -4.59941 19.493 4.92019 20.4286 4
15 -4.59941 19.493 4.92019 20.4286 4
16 RANDOM
17 -4.59941 19.493 4.92019 20.4286 4
18 -4.59941 19.493 4.92019 20.4286 4
19 -4.59941 19.493 4.92019 20.4286 4
20 -4.59941 19.493 4.92019 20.4286 4
21 -4.59941 19.493 4.92019 20.4286 4
22 -4.59941 19.493 4.92019 20.4286 4
23 -4.59941 19.493 4.92019 20.4286 4
24 -4.59941 19.493 4.92019 20.4286 4
25 -4.59941 19.493 4.92019 20.4286 4
26 -4.59941 19.493 4.92019 20.4286 4
27 -4.59941 19.493 4.92019 20.4286 4
28 -4.59941 19.493 4.92019 20.4286 4
29 -4.59941 19.493 4.92019 20.4286 4
30 -4.59941 19.493 4.92019 20.4286 4
31 -4.59941 19.493 4.92019 20.4286 4
32 -4.59941 19.493 4.92019 20.4286 4
33 -4.59941 19.493 4.92019 20.4286 4
34 -4.59941 19.493 4.92019 20.4286 4
35 -4.59941 19.493 4.92019 20.4286 4
36 -4.59941 19.493 4.92019 20.4286 4
37 -4.59941 19.493 4.92019 20.4286 4
38 -4.59941 19.493 4.92019 20.4286 4
39 -4.59941 19.493 4.92019 20.4286 4
40 -4.59941 19.493 4.92019 20.4286 4
41 -4.59941 19.493 4.92019 20.4286 4
42 -13.0396 19.1011 -35.2455 38.5654 4
43 -13.354 21.6729 -35.9152 38.9426 4
44 -14.5749 24.1032 -37.5191 37.9031 4
45 -15.9505 26.8895 -39.2467 38.3299 4
46 -11.6048 16.7628 -33.4162 37.8366 4
47 -11.1796 13.9489 -30.1028 33.5465 4
48 RANDOM
49 -8.97503 11.8231 -22.8305 29.2204 4
50 -3.82622 17.7679 -1.12302 9.70696 2
51 -4.59941 19.493 4.92019 20.4286 4
52 -3.82622 17.7679 -1.12302 9.70696 2
53 RANDOM
54 -4.59941 19.493 4.92019 20.4286 4
55 -7.17577 12.1543 -18.7646 26.6676 4
56 -3.82622 17.7679 -1.12302 9.70696 2
57 -4.59941 19.493 4.92019 20.4286 4
58 -3.82622 17.7679 -1.12302 9.70696 2
59 -4.59941 19.493 4.92019 20.4286 4
60 -3.82622 17.7679 -1.12302 9.70696 2
61 RANDOM
62 -4.59941 19.493 4.92019 20.4286 4
63 -7.17577 12.1543 -18.7646 26.6676 4
64 -3.82622 17.7679 -1.12302 9.70696 2
65 -4.59941 19.493 4.92019 20.4286 4
66 -3.82622 17.7679 -1.12302 9.70696 2
67 -4.59941 19.493 4.92019 20.4286 4
68 -3.82622 17.7679 -1.12302 9.70696 2
69 -4.59941 19.493 4.92019 20.4286 4
70 -3.82622 17.7679 -1.12302 9.70696 2
71 -4.59941 19.493 4.92019 20.4286 4
72 -3.82622 17.7679 -1.12302 9.70696 2
73 -4.59941 19.493 4.92019 20.4286 4
74 -3.82622 17.7679 -1.12302 9.70696 2
75 -4.59941 19.493 4.92019 20.4286 4
76 RANDOM
77 -4.59941 19.493 4.92019 20.4286 4
78 -7.18349 18.2942 -8.51386 12.5409 2
