0 -118.752 132.719 -322.061 62.1199 2
1 -118.988 138.493 -330.807 81.0077 2
2 -125.259 149.877 -322.916 96.3053 2
3 -165.766 133.504 -283.349 96.0194 2
4 -163.836 133.799 -276.36 87.9443 2
5 -173.581 131.797 -262.816 79.0321 2
6 -134.851 136.42 -306.894 103.215 2
7 -114.364 149.883 -288.401 111.296 2
8 -123.573 140.69 -278.086 91.5677 2
9 -141.457 133.218 -272.487 79.0714 2
10 -147.304 140.144 -274.557 87.9682 2
11 -101.621 132.384 -244.408 49.5184 2
12 -104.74 123.512 -244.068 32.7568 2
13 -109.43 119.034 -251.941 23.1976 2
14 -91.2776 129.262 -253.663 29.1346 2
15 -77.6888 139.333 -327.503 69.3314 2
16 -80.4478 131.801 -309.364 45.2506 2
17 -94.014 121.698 -303.231 25.719 2
18 RANDOM
19 -75.7252 136.049 -301.94 66.4483 2
20 -77.3828 139.719 -309.933 65.7296 2
21 -82.4022 135.953 -312.109 54.9244 2
22 -57.9563 141.079 -284.005 43.2304 2
23 RANDOM
24 29.2335 123.4 -189.072 -40.0479 2
25 29.0033 120.12 -192.171 -46.1203 2
26 28.6615 126.132 -171.52 -44.0842 2
27 -32.3108 121.881 -186.851 -37.6105 2
28 29.4415 88.9637 -161.862 -105.635 2
29 84.6875 115.248 -130.031 -95.0293 2
30 117.438 155.003 -85.2034 -57.3819 2
31 -53.5758 123.9 -157.589 -20.6588 2
32 8.45239 151.941 -108.436 -16.2324 2
33 22.0764 181.433 -71.8804 13.2164 2
34 49.8267 229.782 -11.4616 63.5428 2
35 -69.562 137.96 -170.301 16.1909 2
36 -64.4492 154.217 -138.911 25.9757 2
37 -61.929 172.081 -112.877 43.8672 2
38 -33.5912 219.14 -34.6833 90.6386 2
39 76.2656 148.97 -34.2857 -6.73525 2
40 77.8546 159.936 -29.8572 5.09727 2
41 RANDOM
42 120.531 163.886 14.6211 -3.16738 2
43 130.262 158.479 31.1771 -8.87478 2
44 134.819 160.651 27.4463 -10.1139 2
45 138.464 165.59 21.5061 -6.10451 2
46 200.382 160.729 82.2478 -25.5493 1
47 141.257 168.183 0.0267034 -6.0801 2
