0 -104.514 873.633 -351.579 823.25 2
1 RANDOM
2 -109.444 878.645 -357.972 841.234 2
3 -173.179 886.762 -300.22 862.351 2
4 -171.044 868.696 -297.057 835.703 2
5 -177.474 870.015 -282.612 827.295 2
6 RANDOM
7 -118.512 859.691 -311.855 833.729 2
8 -128.998 841.407 -304.835 806.124 2
9 -142.908 848.385 -301.589 808.26 2
10 -150.419 841.861 -306.117 805.463 2
11 -128.606 754.933 -278.848 690.287 2
12 -129.042 746.793 -279.835 674.407 2
13 -130.285 740.976 -287.635 662.615 2
14 -108.429 745.146 -290.792 662.059 2
15 -89.5745 762.146 -358.03 713.285 2
16 -91.7022 752.988 -343.955 686.348 2
17 -106.056 743.829 -340.302 666.344 2
18 -102.503 739.691 -332.609 654.259 2
19 -72.5808 756.882 -330.463 695.943 2
20 -81.5828 745.198 -341.271 683.557 2
21 -90.0896 743.118 -343.789 677.202 2
22 -67.8426 739.207 -317.509 652.464 2
23 -9.02199 723.405 -240.786 591.35 2
24 43.3157 712.422 -220.252 548.503 2
25 32.4289 711.072 -227.786 547.143 2
26 27.9687 712.322 -205.977 539.537 2
27 -12.7156 704.191 -209.466 533.65 2
28 58.6032 683.359 -177.211 477.723 2
29 99.3208 664.915 -153.663 441.604 2
30 131.672 671.744 -100.239 437.093 2
31 -57.9256 721.111 -168.211 581.165 2
32 30.5371 708.862 -109.393 531.797 2
33 47.362 702.226 -79.8624 520.427 2
34 81.8735 733.495 -9.12281 544.479 2
35 -87.0613 746.763 -188.023 638.583 2
36 -64.7554 744.605 -152.458 622.451 2
37 -39.8462 725.777 -116.532 592.583 2
38 5.41038 734.836 -25.2555 588.178 2
39 78.5276 660.721 -50.5793 504.454 2
40 87.2514 677.667 -39.9747 519.822 2
41 102.838 679.725 -31.4053 515.156 2
42 147.472 684.098 13.6011 504.749 2
43 138.556 683.452 19.5378 513.455 2
44 152.105 685.229 19.7053 506.817 2
45 164.197 689.257 18.9526 505.121 2
46 239.148 707.819 90.1593 507.16 2
47 233.759 667.629 -61.0452 437.975 2
48 205.509 660.075 -77.6798 436.669 2
49 156.93 651.621 -105.06 442.653 2
50 125.379 655.114 -114.465 458.703 2
51 125.379 655.114 -114.465 458.703 2
