0 44.9263 48.9122 39.4305 50.736 4
1 37.8675 47.1634 30.0848 57.6309 4
2 42.7078 49.2227 36.1236 56.2548 4
3 42.6987 49.3547 36.0569 56.5799 4
4 42.7727 49.6523 36.0079 57.2117 4
5 42.9627 50.2237 35.9868 58.3397 4
6 42.6471 47.829 36.7181 52.646 4
7 42.44 47.7913 36.4805 52.864 4
8 42.2177 47.8685 36.1904 53.3813 4
9 42.1105 48.12 35.9384 54.2006 4
10 41.9681 46.3224 36.1015 50.5489 4
11 41.7357 46.4589 35.7817 51.2418 4
12 41.5097 46.6338 35.4653 52.0391 4
13 41.415 47.0518 35.2531 53.1595 4
14 40.8612 44.7157 33.7682 49.5348 4
15 40.7063 44.6403 33.5715 49.5698 4
16 40.6393 44.7198 33.3928 49.8739 4
17 40.6416 44.8958 33.2702 50.305 4
18 RANDOM
19 44.8071 44.8998 40.2434 42.9647 2
20 52.6349 52.0327 49.842 47.5372 1
