0 -3.81729 22.4358 8.08182 23.2714 4
1 -3.81729 22.4358 8.08182 23.2714 4
2 -3.81729 22.4358 8.08182 23.2714 4
3 -3.81729 22.4358 8.08182 23.2714 4
4 -3.81729 22.4358 8.08182 23.2714 4
5 -3.81729 22.4358 8.08182 23.2714 4
6 -3.81729 22.4358 8.08182 23.2714 4
7 -3.81729 22.4358 8.08182 23.2714 4
8 -3.81729 22.4358 8.08182 23.2714 4
9 -3.81729 22.4358 8.08182 23.2714 4
10 -3.81729 22.4358 8.08182 23.2714 4
11 -3.81729 22.4358 8.08182 23.2714 4
12 -3.81729 22.4358 8.08182 23.2714 4
13 RANDOM
14 -3.81729 22.4358 8.08182 23.2714 4
15 -3.81729 22.4358 8.08182 23.2714 4
16 -3.81729 22.4358 8.08182 23.2714 4
17 -3.81729 22.4358 8.08182 23.2714 4
18 RANDOM
19 -3.81729 22.4358 8.08182 23.2714 4
20 -3.81729 22.4358 8.08182 23.2714 4
