0 26.8208 42.9398 21.1748 46.9231 4
1 23.928 45.3508 14.5122 53.1795 4
2 22.872 38.9796 15.2143 45.3203 4
3 22.2729 38.3585 14.751 44.7262 4
4 22.1555 38.4473 14.6038 44.9248 4
5 22.592 39.5885 14.8198 46.3574 4
6 19.2433 31.691 13.166 36.5924 4
7 18.9281 31.4285 12.918 36.37 4
8 18.8245 31.8832 12.7561 37.0845 4
9 RANDOM
10 20.6636 32.195 14.3077 36.9805 4
11 20.7044 32.6661 14.1947 37.6475 4
12 20.6275 33.053 13.9696 38.2551 4
13 20.5175 33.5128 13.7047 38.9767 4
14 19.849 31.9088 12.1314 37.3839 4
15 19.6071 31.8704 11.8519 37.4642 4
16 19.3584 31.8868 11.54 37.6307 4
17 19.117 31.9643 11.2409 37.8725 4
18 18.8201 28.4417 12.38 32.6697 4
19 18.6631 28.5616 12.1321 32.9383 4
20 18.4316 28.7077 11.7856 33.2843 4
21 18.3615 29.1435 11.5416 33.9788 4
22 16.6402 25.5365 11.1519 29.3126 4
23 16.4405 25.422 10.9981 29.2303 4
24 16.3253 25.5805 10.831 29.5191 4
25 16.2357 25.9003 10.6543 30.0387 4
26 16.8884 24.9431 10.5023 26.8228 4
27 16.8441 24.9363 10.4234 26.7939 4
28 16.94 25.2484 10.3958 27.1424 4
29 17.2312 26.0178 10.4215 28.0609 4
30 17.6869 24.052 10.5971 24.1764 4
31 17.924 24.3964 10.6445 24.4329 4
32 18.2795 24.9207 10.7622 24.8869 2
33 19.7186 21.4125 16.1425 20.4893 2
34 20.1291 21.6913 16.6255 20.7659 2
35 20.3559 22.6394 16.7431 22.6355 2
36 20.9205 22.9893 17.3438 22.8629 2
37 21.4123 23.3538 17.8537 23.1126 2
38 21.805 23.6931 18.2533 23.4061 2
39 21.8949 24.3738 18.5406 24.4421 4
40 15.9905 22.4766 10.5267 23.8117 4
41 15.8391 22.3592 10.3608 23.6633 4
42 15.9056 22.6355 10.3069 23.9886 4
43 16.1544 23.2347 10.3482 24.6857 4
44 17.3568 23.7414 10.2595 23.9009 4
45 17.5951 24.0917 10.3085 24.1605 4
46 17.9492 24.6149 10.4256 24.6139 2
47 19.2113 20.9056 15.6114 20.0527 2
48 19.6218 21.1844 16.0944 20.3293 2
49 19.8645 22.1692 16.2308 22.2168 4
50 17.3568 23.7414 10.2595 23.9009 4
51 17.5951 24.0917 10.3085 24.1605 4
52 17.9492 24.6149 10.4256 24.6139 2
53 19.2113 20.9056 15.6114 20.0527 2
54 19.6218 21.1844 16.0944 20.3293 2
55 19.8645 22.1692 16.2308 22.2168 4
56 17.3568 23.7414 10.2595 23.9009 4
57 17.5951 24.0917 10.3085 24.1605 4
58 17.9492 24.6149 10.4256 24.6139 2
59 19.2113 20.9056 15.6114 20.0527 2
60 19.6218 21.1844 16.0944 20.3293 2
61 19.8645 22.1692 16.2308 22.2168 4
62 17.3568 23.7414 10.2595 23.9009 4
63 17.5951 24.0917 10.3085 24.1605 4
64 17.9492 24.6149 10.4256 24.6139 2
65 19.2113 20.9056 15.6114 20.0527 2
66 19.6218 21.1844 16.0944 20.3293 2
67 19.8645 22.1692 16.2308 22.2168 4
68 17.3568 23.7414 10.2595 23.9009 4
69 17.5951 24.0917 10.3085 24.1605 4
70 17.9492 24.6149 10.4256 24.6139 2
71 19.2113 20.9056 15.6114 20.0527 2
72 19.6218 21.1844 16.0944 20.3293 2
73 19.8645 22.1692 16.2308 22.2168 4
74 17.3568 23.7414 10.2595 23.9009 4
75 17.5951 24.0917 10.3085 24.1605 4
76 17.9492 24.6149 10.4256 24.6139 2
77 19.2113 20.9056 15.6114 20.0527 2
78 19.6218 21.1844 16.0944 20.3293 2
79 19.8645 22.1692 16.2308 22.2168 4
80 17.3568 23.7414 10.2595 23.9009 4
81 17.5951 24.0917 10.3085 24.1605 4
82 17.9492 24.6149 10.4256 24.6139 2
83 19.2113 20.9056 15.6114 20.0527 2
84 19.6218 21.1844 16.0944 20.3293 2
85 19.8645 22.1692 16.2308 22.2168 4
86 17.3568 23.7414 10.2595 23.9009 4
87 17.5951 24.0917 10.3085 24.1605 4
88 17.9492 24.6149 10.4256 24.6139 2
89 19.2113 20.9056 15.6114 20.0527 2
90 19.6218 21.1844 16.0944 20.3293 2
91 19.8645 22.1692 16.2308 22.2168 4
92 17.3568 23.7414 10.2595 23.9009 4
93 17.5951 24.0917 10.3085 24.1605 4
94 RANDOM
95 18.4861 25.4505 10.5634 25.4448 2
96 18.7689 20.7064 15.0185 19.9484 2
97 19.2113 20.9056 15.6114 20.0527 2
98 19.6218 21.1844 16.0944 20.3293 2
99 19.8645 22.1692 16.2308 22.2168 4
100 17.5006 23.8596 10.4018 23.9977 4
101 17.739 24.2099 10.4514 24.2574 4
102 18.0952 24.7347 10.5694 24.7117 2
103 19.5193 21.1827 15.9406 20.2853 2
104 19.9278 21.4594 16.4214 20.5602 2
105 20.0976 22.3778 16.4752 22.4007 4
106 17.5006 23.8596 10.4018 23.9977 4
107 RANDOM
108 18.0952 24.7347 10.5694 24.7117 2
109 19.5193 21.1827 15.9406 20.2853 2
110 19.9278 21.4594 16.4214 20.5602 2
111 20.0976 22.3778 16.4752 22.4007 4
112 17.5006 23.8596 10.4018 23.9977 4
113 17.739 24.2099 10.4514 24.2574 4
114 18.0952 24.7347 10.5694 24.7117 2
115 19.5193 21.1827 15.9406 20.2853 2
116 19.9278 21.4594 16.4214 20.5602 2
117 20.0976 22.3778 16.4752 22.4007 4
118 17.5006 23.8596 10.4018 23.9977 4
119 17.739 24.2099 10.4514 24.2574 4
120 18.0952 24.7347 10.5694 24.7117 2
121 19.5193 21.1827 15.9406 20.2853 2
122 19.9278 21.4594 16.4214 20.5602 2
123 20.0976 22.3778 16.4752 22.4007 4
124 17.5006 23.8596 10.4018 23.9977 4
125 17.739 24.2099 10.4514 24.2574 4
126 18.0952 24.7347 10.5694 24.7117 2
127 19.5193 21.1827 15.9406 20.2853 2
128 19.9278 21.4594 16.4214 20.5602 2
129 20.0976 22.3778 16.4752 22.4007 4
130 17.5006 23.8596 10.4018 23.9977 4
131 17.739 24.2099 10.4514 24.2574 4
132 18.0952 24.7347 10.5694 24.7117 2
133 19.5193 21.1827 15.9406 20.2853 2
134 19.9278 21.4594 16.4214 20.5602 2
135 20.0976 22.3778 16.4752 22.4007 4
136 17.5006 23.8596 10.4018 23.9977 4
137 17.739 24.2099 10.4514 24.2574 4
138 18.0952 24.7347 10.5694 24.7117 2
139 19.5193 21.1827 15.9406 20.2853 2
140 19.9278 21.4594 16.4214 20.5602 2
141 20.0976 22.3778 16.4752 22.4007 4
142 17.5006 23.8596 10.4018 23.9977 4
143 17.739 24.2099 10.4514 24.2574 4
144 18.0952 24.7347 10.5694 24.7117 2
145 19.5193 21.1827 15.9406 20.2853 2
146 19.9278 21.4594 16.4214 20.5602 2
147 20.0976 22.3778 16.4752 22.4007 4
148 17.5006 23.8596 10.4018 23.9977 4
149 17.739 24.2099 10.4514 24.2574 4
150 18.0952 24.7347 10.5694 24.7117 2
151 19.5193 21.1827 15.9406 20.2853 2
152 19.9278 21.4594 16.4214 20.5602 2
153 20.0976 22.3778 16.4752 22.4007 4
154 17.5006 23.8596 10.4018 23.9977 4
155 17.739 24.2099 10.4514 24.2574 4
156 18.0952 24.7347 10.5694 24.7117 2
157 19.5193 21.1827 15.9406 20.2853 2
158 19.9278 21.4594 16.4214 20.5602 2
159 20.0976 22.3778 16.4752 22.4007 4
160 17.5006 23.8596 10.4018 23.9977 4
161 17.739 24.2099 10.4514 24.2574 4
162 18.0952 24.7347 10.5694 24.7117 2
163 RANDOM
164 19.9278 21.4594 16.4214 20.5602 2
165 20.0976 22.3778 16.4752 22.4007 4
166 17.5006 23.8596 10.4018 23.9977 4
167 17.739 24.2099 10.4514 24.2574 4
168 18.0952 24.7347 10.5694 24.7117 2
169 19.5193 21.1827 15.9406 20.2853 2
170 19.9278 21.4594 16.4214 20.5602 2
171 RANDOM
172 20.6575 22.717 17.0719 22.6208 2
173 21.1449 23.0634 17.5778 22.8626 2
174 21.5376 23.4024 17.9787 23.1544 2
175 21.7615 24.224 18.4084 24.3096 4
176 16.1978 22.654 10.7301 23.9691 4
177 16.0057 22.4974 10.5299 23.7782 4
178 16.0718 22.7732 10.4752 24.1027 4
179 16.2886 23.3457 10.4858 24.7806 4
180 17.5006 23.8596 10.4018 23.9977 4
181 17.739 24.2099 10.4514 24.2574 4
182 18.0952 24.7347 10.5694 24.7117 2
183 19.5193 21.1827 15.9406 20.2853 2
184 19.9278 21.4594 16.4214 20.5602 2
185 20.0976 22.3778 16.4752 22.4007 4
186 RANDOM
187 17.739 24.2099 10.4514 24.2574 4
188 18.0952 24.7347 10.5694 24.7117 2
189 19.5193 21.1827 15.9406 20.2853 2
190 19.9278 21.4594 16.4214 20.5602 2
191 RANDOM
192 20.6575 22.717 17.0719 22.6208 2
193 21.1449 23.0634 17.5778 22.8626 2
194 RANDOM
195 21.7615 24.224 18.4084 24.3096 4
196 16.1978 22.654 10.7301 23.9691 4
197 16.0057 22.4974 10.5299 23.7782 4
198 16.0718 22.7732 10.4752 24.1027 4
199 16.2886 23.3457 10.4858 24.7806 4
200 17.5006 23.8596 10.4018 23.9977 4
201 RANDOM
202 18.0952 24.7347 10.5694 24.7117 2
203 19.5193 21.1827 15.9406 20.2853 2
204 19.9278 21.4594 16.4214 20.5602 2
205 20.0976 22.3778 16.4752 22.4007 4
206 17.5006 23.8596 10.4018 23.9977 4
207 17.739 24.2099 10.4514 24.2574 4
208 18.0952 24.7347 10.5694 24.7117 2
209 19.5193 21.1827 15.9406 20.2853 2
210 19.9278 21.4594 16.4214 20.5602 2
211 20.0976 22.3778 16.4752 22.4007 4
212 17.5006 23.8596 10.4018 23.9977 4
213 17.739 24.2099 10.4514 24.2574 4
214 18.0952 24.7347 10.5694 24.7117 2
215 RANDOM
216 19.9278 21.4594 16.4214 20.5602 2
217 20.0976 22.3778 16.4752 22.4007 4
218 17.5006 23.8596 10.4018 23.9977 4
219 17.739 24.2099 10.4514 24.2574 4
220 18.0952 24.7347 10.5694 24.7117 2
221 19.5193 21.1827 15.9406 20.2853 2
222 19.9278 21.4594 16.4214 20.5602 2
223 20.0976 22.3778 16.4752 22.4007 4
224 17.5006 23.8596 10.4018 23.9977 4
225 17.739 24.2099 10.4514 24.2574 4
226 18.0952 24.7347 10.5694 24.7117 2
227 19.5193 21.1827 15.9406 20.2853 2
228 19.9278 21.4594 16.4214 20.5602 2
229 20.0976 22.3778 16.4752 22.4007 4
230 17.5006 23.8596 10.4018 23.9977 4
231 17.739 24.2099 10.4514 24.2574 4
232 18.0952 24.7347 10.5694 24.7117 2
233 19.5193 21.1827 15.9406 20.2853 2
234 19.9278 21.4594 16.4214 20.5602 2
235 20.0976 22.3778 16.4752 22.4007 4
236 17.5006 23.8596 10.4018 23.9977 4
237 17.739 24.2099 10.4514 24.2574 4
238 18.0952 24.7347 10.5694 24.7117 2
239 19.5193 21.1827 15.9406 20.2853 2
240 19.9278 21.4594 16.4214 20.5602 2
241 20.0976 22.3778 16.4752 22.4007 4
242 17.5006 23.8596 10.4018 23.9977 4
243 17.739 24.2099 10.4514 24.2574 4
244 18.0952 24.7347 10.5694 24.7117 2
245 19.5193 21.1827 15.9406 20.2853 2
246 19.9278 21.4594 16.4214 20.5602 2
247 20.0976 22.3778 16.4752 22.4007 4
248 17.5006 23.8596 10.4018 23.9977 4
249 17.739 24.2099 10.4514 24.2574 4
250 18.0952 24.7347 10.5694 24.7117 2
251 RANDOM
252 RANDOM
253 23.9507 23.793 21.2871 21.3842 1
254 24.2793 24.424 21.1567 22.1263 2
255 20.9255 22.4231 17.3622 21.5777 2
