0 21.0108 64.6622 22.0206 64.6705 4
1 9.6082 63.9237 7.47645 69.0452 4
2 14.6344 59.9457 11.7559 65.1406 4
3 14.3159 59.5076 11.5326 64.7459 4
4 14.2269 60.1178 11.5266 65.4386 4
5 14.5651 62.902 11.8806 68.3737 4
6 14.1255 54.3432 11.2377 59.3717 4
7 13.9907 54.6271 11.0894 59.7565 4
8 13.8324 55.7155 10.9414 60.9846 4
9 13.6872 57.4118 10.8405 62.8329 4
10 12.9122 46.5926 10.5175 51.6419 4
11 12.9779 47.0609 10.5342 52.1868 4
12 13.0028 48.0471 10.4526 53.2668 4
13 13.0442 49.6619 10.2949 55.0237 4
14 11.3982 38.6446 7.60396 43.2142 4
15 10.7862 38.6892 7.0885 43.4401 4
16 10.265 39.3829 6.63104 44.4636 4
17 9.85568 40.5209 6.24928 46.021 4
18 11.679 36.3854 8.5855 40.2215 4
19 11.2081 36.7365 8.1374 40.8002 4
20 10.732 37.7557 7.62747 42.2479 4
21 10.3532 39.6901 7.15798 44.8192 4
22 7.27603 32.3522 5.39752 36.1612 4
23 6.80158 32.4797 5.00208 36.4358 4
24 6.42378 33.1829 4.66821 37.4082 4
25 6.06766 34.7089 4.34175 39.4187 4
26 2.31867 28.7301 3.40278 31.2571 4
27 1.93398 28.6828 3.22937 31.097 4
28 1.70584 29.2555 3.02757 31.6867 4
29 1.61013 30.6277 2.74186 33.1634 4
30 0.705137 26.895 3.13051 28.438 4
31 0.486813 27.1046 3.02174 28.5891 4
32 0.35327 27.7455 2.85269 29.2449 4
33 0.400074 28.805 2.64939 30.4631 4
34 4.77429 24.8786 7.87796 24.8589 2
35 12.5519 27.076 13.2633 25.7015 2
36 14.4511 28.1624 15.0291 26.507 2
37 15.9859 29.3203 16.5317 27.5091 2
38 17.0748 30.3016 17.6784 28.3665 2
39 17.8047 31.2526 17.751 30.0382 2
40 18.1703 31.4009 18.1575 30.0785 2
41 19.3539 32.3959 19.495 30.8165 2
42 20.522 33.3444 20.7976 31.4981 2
43 23.332 35.6466 23.8047 33.0134 2
44 25.6593 37.86 26.8936 34.5295 2
45 27.9774 40.1314 29.9179 36.2429 2
46 29.3228 41.354 31.6718 37.1175 2
47 31.7473 43.0792 34.5645 38.2763 2
48 34.4031 45.0708 37.8569 39.8538 2
49 RANDOM
50 38.3362 47.9888 42.5771 42.4677 2
51 32.3599 43.4975 35.6181 38.3008 2
52 35.4538 45.4026 39.0828 39.899 2
53 37.499 46.8192 41.3993 41.2203 2
54 39.3797 48.0706 43.5131 42.376 2
55 35.8851 49.5 40.4647 43.6659 2
56 38.2067 49.8211 42.6126 43.8858 2
57 40.5219 50.8919 45.0691 44.911 2
58 42.6385 52.5032 47.4916 46.4461 2
59 39.4401 49.417 43.6847 43.538 2
60 42.982 51.3371 47.2955 45.5151 2
61 45.0813 52.6001 49.4424 46.8587 2
62 46.0408 53.2466 50.4049 47.5682 2
63 37.1237 52.6925 42.3267 46.181 2
64 39.7096 52.5977 44.5403 46.1897 2
65 41.456 52.9702 46.246 46.6276 2
66 42.4268 53.6766 47.3632 47.2916 2
67 33.2404 56.3285 40.0648 49.251 2
68 36.7909 58.204 43.7577 50.5747 2
69 39.6338 60.5605 46.8189 52.6256 2
70 41.8935 63.0541 49.407 54.8075 2
71 56.3443 84.4298 67.8951 72.7773 2
72 58.1989 82.0135 68.3322 71.3697 2
73 59.4484 80.9702 68.8566 71.0281 2
74 60.2831 76.1771 67.7154 68.3362 2
75 68.9509 97.7293 81.1005 84.9453 2
76 67.3215 92.2583 77.9808 80.7709 2
77 65.8242 87.4156 75.312 77.0657 2
78 RANDOM
79 82.6208 104.741 91.6909 93.404 2
80 79.019 97.7133 86.9272 87.726 2
81 75.3863 92.0611 82.6343 83.0892 2
82 71.2313 86.5644 78.0302 78.5783 2
83 77.2698 104.528 87.1332 92.9613 2
84 78.2038 101.576 86.2556 91.5171 2
85 78.5413 100.18 85.6884 90.9358 2
86 76.0125 92.5897 81.7547 85.128 2
87 74.6174 106.723 87.5824 93.1498 2
88 78.6042 104.799 87.9896 93.5299 2
89 81.4878 103.079 88.3893 93.742 2
90 83.3501 95.9586 86.8337 90.2119 2
91 75.7347 103.158 86.9384 90.54 2
92 77.6192 100.928 86.5756 89.9604 2
93 78.1524 98.5878 85.7353 88.7425 2
94 84.0877 96.8091 88.126 90.1678 2
95 73.9253 103.209 87.2487 89.2691 2
96 77.2875 102.443 88.0752 90.1991 2
97 79.8795 101.479 88.7089 90.7081 2
98 RANDOM
99 73.6075 74.6364 75.9426 72.9767 3
100 88.0182 129.753 105.005 112.145 2
101 67.4647 94.1109 80.2817 81.1579 2
102 67.8054 91.3708 78.9256 79.7572 2
103 67.2242 88.1459 77.1053 77.639 2
104 68.874 86.2793 76.7751 77.3707 2
105 67.1378 82.5404 76.9784 73.4323 2
106 69.1279 81.1254 76.9438 73.5745 2
107 RANDOM
108 RANDOM
109 70.7409 74.3227 79.0729 69.9498 3
110 79.8318 86.9659 96.379 80.1775 3
