0 98.0119 107.021 106.726 107.358 4
1 54.517 61.2537 59.5422 57.8156 2
2 98.0119 107.021 106.726 107.358 4
3 54.517 61.2537 59.5422 57.8156 2
4 98.0119 107.021 106.726 107.358 4
5 54.517 61.2537 59.5422 57.8156 2
6 98.0119 107.021 106.726 107.358 4
7 54.517 61.2537 59.5422 57.8156 2
8 98.0119 107.021 106.726 107.358 4
9 54.517 61.2537 59.5422 57.8156 2
10 98.0119 107.021 106.726 107.358 4
11 54.517 61.2537 59.5422 57.8156 2
12 98.0119 107.021 106.726 107.358 4
13 54.517 61.2537 59.5422 57.8156 2
14 98.0119 107.021 106.726 107.358 4
15 54.517 61.2537 59.5422 57.8156 2
16 RANDOM
17 101.532 110.684 110.549 111.183 4
18 56.0826 62.9667 61.3021 60.0462 2
19 101.532 110.684 110.549 111.183 4
20 RANDOM
21 54.517 61.2537 59.5422 57.8156 2
22 98.0119 107.021 106.726 107.358 4
23 54.517 61.2537 59.5422 57.8156 2
24 RANDOM
25 101.532 110.684 110.549 111.183 4
26 RANDOM
27 54.517 61.2537 59.5422 57.8156 2
28 98.0119 107.021 106.726 107.358 4
29 54.517 61.2537 59.5422 57.8156 2
30 98.0119 107.021 106.726 107.358 4
31 54.517 61.2537 59.5422 57.8156 2
32 98.0119 107.021 106.726 107.358 4
33 54.517 61.2537 59.5422 57.8156 2
34 98.0119 107.021 106.726 107.358 4
35 54.517 61.2537 59.5422 57.8156 2
36 98.0119 107.021 106.726 107.358 4
37 54.517 61.2537 59.5422 57.8156 2
38 98.0119 107.021 106.726 107.358 4
39 54.517 61.2537 59.5422 57.8156 2
40 98.0347 107.045 106.751 107.383 4
41 54.5489 61.2905 59.5782 57.8553 2
42 98.0347 107.045 106.751 107.383 4
43 54.5489 61.2905 59.5782 57.8553 2
44 98.0347 107.045 106.751 107.383 4
45 54.5489 61.2905 59.5782 57.8553 2
46 98.0347 107.045 106.751 107.383 4
47 54.5489 61.2905 59.5782 57.8553 2
48 98.0347 107.045 106.751 107.383 4
49 54.5489 61.2905 59.5782 57.8553 2
50 98.0347 107.045 106.751 107.383 4
51 54.5489 61.2905 59.5782 57.8553 2
52 98.0347 107.045 106.751 107.383 4
53 54.5489 61.2905 59.5782 57.8553 2
54 98.0347 107.045 106.751 107.383 4
55 54.5489 61.2905 59.5782 57.8553 2
56 98.0347 107.045 106.751 107.383 4
57 54.5489 61.2905 59.5782 57.8553 2
58 98.0347 107.045 106.751 107.383 4
59 54.5489 61.2905 59.5782 57.8553 2
60 98.0347 107.045 106.751 107.383 4
61 54.5489 61.2905 59.5782 57.8553 2
62 98.0347 107.045 106.751 107.383 4
63 54.5489 61.2905 59.5782 57.8553 2
64 98.0347 107.045 106.751 107.383 4
65 54.5489 61.2905 59.5782 57.8553 2
66 98.0347 107.045 106.751 107.383 4
67 54.5489 61.2905 59.5782 57.8553 2
68 98.0347 107.045 106.751 107.383 4
69 54.5489 61.2905 59.5782 57.8553 2
70 98.0347 107.045 106.751 107.383 4
71 54.5489 61.2905 59.5782 57.8553 2
72 98.0347 107.045 106.751 107.383 4
73 54.5489 61.2905 59.5782 57.8553 2
74 98.0347 107.045 106.751 107.383 4
75 54.5489 61.2905 59.5782 57.8553 2
76 98.0347 107.045 106.751 107.383 4
77 54.5489 61.2905 59.5782 57.8553 2
78 98.0347 107.045 106.751 107.383 4
79 54.5489 61.2905 59.5782 57.8553 2
80 98.0347 107.045 106.751 107.383 4
81 54.5489 61.2905 59.5782 57.8553 2
82 98.0347 107.045 106.751 107.383 4
83 54.5489 61.2905 59.5782 57.8553 2
84 98.0347 107.045 106.751 107.383 4
85 54.5489 61.2905 59.5782 57.8553 2
86 98.0347 107.045 106.751 107.383 4
87 54.5489 61.2905 59.5782 57.8553 2
88 98.0347 107.045 106.751 107.383 4
89 54.5489 61.2905 59.5782 57.8553 2
90 98.0347 107.045 106.751 107.383 4
91 54.5489 61.2905 59.5782 57.8553 2
92 98.0347 107.045 106.751 107.383 4
93 54.5489 61.2905 59.5782 57.8553 2
94 98.0347 107.045 106.751 107.383 4
95 54.5489 61.2905 59.5782 57.8553 2
96 98.0347 107.045 106.751 107.383 4
97 54.5489 61.2905 59.5782 57.8553 2
98 98.0347 107.045 106.751 107.383 4
99 54.5489 61.2905 59.5782 57.8553 2
100 96.3982 105.326 104.969 105.601 4
101 54.8287 61.6447 59.8543 58.1906 2
102 96.3982 105.326 104.969 105.601 4
103 54.8287 61.6447 59.8543 58.1906 2
104 96.3982 105.326 104.969 105.601 4
105 54.8287 61.6447 59.8543 58.1906 2
106 96.3982 105.326 104.969 105.601 4
107 54.8287 61.6447 59.8543 58.1906 2
108 96.3982 105.326 104.969 105.601 4
109 54.8287 61.6447 59.8543 58.1906 2
110 96.3982 105.326 104.969 105.601 4
111 54.8287 61.6447 59.8543 58.1906 2
112 96.3982 105.326 104.969 105.601 4
113 54.8287 61.6447 59.8543 58.1906 2
114 96.3982 105.326 104.969 105.601 4
115 54.8287 61.6447 59.8543 58.1906 2
116 96.3982 105.326 104.969 105.601 4
117 54.8287 61.6447 59.8543 58.1906 2
118 96.3982 105.326 104.969 105.601 4
119 54.8287 61.6447 59.8543 58.1906 2
120 96.3982 105.326 104.969 105.601 4
121 54.8287 61.6447 59.8543 58.1906 2
122 96.3982 105.326 104.969 105.601 4
123 54.8287 61.6447 59.8543 58.1906 2
124 96.3982 105.326 104.969 105.601 4
125 54.8287 61.6447 59.8543 58.1906 2
126 96.3982 105.326 104.969 105.601 4
127 54.8287 61.6447 59.8543 58.1906 2
128 96.3982 105.326 104.969 105.601 4
129 54.8287 61.6447 59.8543 58.1906 2
130 96.3982 105.326 104.969 105.601 4
131 54.8287 61.6447 59.8543 58.1906 2
132 96.3982 105.326 104.969 105.601 4
133 54.8287 61.6447 59.8543 58.1906 2
134 96.3982 105.326 104.969 105.601 4
135 54.8287 61.6447 59.8543 58.1906 2
136 96.3982 105.326 104.969 105.601 4
137 54.8287 61.6447 59.8543 58.1906 2
138 96.3982 105.326 104.969 105.601 4
139 54.8287 61.6447 59.8543 58.1906 2
140 96.3982 105.326 104.969 105.601 4
141 54.8287 61.6447 59.8543 58.1906 2
142 96.3982 105.326 104.969 105.601 4
143 54.8287 61.6447 59.8543 58.1906 2
144 96.3982 105.326 104.969 105.601 4
145 54.8287 61.6447 59.8543 58.1906 2
146 96.3982 105.326 104.969 105.601 4
147 54.8287 61.6447 59.8543 58.1906 2
148 96.3982 105.326 104.969 105.601 4
149 54.8287 61.6447 59.8543 58.1906 2
150 96.3982 105.326 104.969 105.601 4
151 54.8287 61.6447 59.8543 58.1906 2
152 96.3982 105.326 104.969 105.601 4
153 54.8287 61.6447 59.8543 58.1906 2
154 96.3982 105.326 104.969 105.601 4
155 54.8287 61.6447 59.8543 58.1906 2
156 96.3982 105.326 104.969 105.601 4
157 54.8287 61.6447 59.8543 58.1906 2
158 96.3982 105.326 104.969 105.601 4
159 54.8287 61.6447 59.8543 58.1906 2
160 96.3982 105.326 104.969 105.601 4
161 54.8287 61.6447 59.8543 58.1906 2
162 96.3982 105.326 104.969 105.601 4
163 54.8287 61.6447 59.8543 58.1906 2
164 96.3982 105.326 104.969 105.601 4
165 54.8287 61.6447 59.8543 58.1906 2
166 96.3982 105.326 104.969 105.601 4
167 54.8287 61.6447 59.8543 58.1906 2
168 96.3982 105.326 104.969 105.601 4
169 54.8287 61.6447 59.8543 58.1906 2
170 96.3982 105.326 104.969 105.601 4
171 54.8287 61.6447 59.8543 58.1906 2
172 96.3982 105.326 104.969 105.601 4
173 54.8287 61.6447 59.8543 58.1906 2
174 96.3982 105.326 104.969 105.601 4
175 54.8287 61.6447 59.8543 58.1906 2
176 96.3982 105.326 104.969 105.601 4
177 54.8287 61.6447 59.8543 58.1906 2
178 96.3982 105.326 104.969 105.601 4
179 54.8287 61.6447 59.8543 58.1906 2
180 96.3982 105.326 104.969 105.601 4
181 54.8287 61.6447 59.8543 58.1906 2
182 96.3982 105.326 104.969 105.601 4
183 54.8287 61.6447 59.8543 58.1906 2
184 96.3982 105.326 104.969 105.601 4
185 54.8287 61.6447 59.8543 58.1906 2
186 96.3982 105.326 104.969 105.601 4
187 54.8287 61.6447 59.8543 58.1906 2
188 96.3982 105.326 104.969 105.601 4
189 54.8287 61.6447 59.8543 58.1906 2
190 96.3982 105.326 104.969 105.601 4
191 54.8287 61.6447 59.8543 58.1906 2
192 96.3982 105.326 104.969 105.601 4
193 54.8287 61.6447 59.8543 58.1906 2
194 96.3982 105.326 104.969 105.601 4
195 54.8287 61.6447 59.8543 58.1906 2
196 96.3982 105.326 104.969 105.601 4
197 54.8287 61.6447 59.8543 58.1906 2
198 96.3982 105.326 104.969 105.601 4
199 54.8287 61.6447 59.8543 58.1906 2
200 96.3982 105.326 104.969 105.601 4
201 54.8287 61.6447 59.8543 58.1906 2
202 96.3982 105.326 104.969 105.601 4
203 54.8287 61.6447 59.8543 58.1906 2
204 96.3982 105.326 104.969 105.601 4
205 54.8287 61.6447 59.8543 58.1906 2
206 96.3982 105.326 104.969 105.601 4
207 54.8287 61.6447 59.8543 58.1906 2
208 96.3982 105.326 104.969 105.601 4
209 54.8287 61.6447 59.8543 58.1906 2
210 96.3982 105.326 104.969 105.601 4
211 54.8287 61.6447 59.8543 58.1906 2
212 96.3982 105.326 104.969 105.601 4
213 54.8287 61.6447 59.8543 58.1906 2
214 96.3982 105.326 104.969 105.601 4
215 54.8287 61.6447 59.8543 58.1906 2
216 96.3982 105.326 104.969 105.601 4
217 54.8287 61.6447 59.8543 58.1906 2
218 96.3982 105.326 104.969 105.601 4
219 54.8287 61.6447 59.8543 58.1906 2
220 96.3982 105.326 104.969 105.601 4
221 54.8287 61.6447 59.8543 58.1906 2
222 96.3982 105.326 104.969 105.601 4
223 54.8287 61.6447 59.8543 58.1906 2
224 96.3982 105.326 104.969 105.601 4
225 54.8287 61.6447 59.8543 58.1906 2
226 96.3982 105.326 104.969 105.601 4
227 54.8287 61.6447 59.8543 58.1906 2
228 96.3982 105.326 104.969 105.601 4
229 54.8287 61.6447 59.8543 58.1906 2
230 96.3982 105.326 104.969 105.601 4
231 54.8287 61.6447 59.8543 58.1906 2
232 96.3982 105.326 104.969 105.601 4
233 54.8287 61.6447 59.8543 58.1906 2
234 96.3982 105.326 104.969 105.601 4
235 54.8287 61.6447 59.8543 58.1906 2
236 96.3982 105.326 104.969 105.601 4
237 54.8287 61.6447 59.8543 58.1906 2
238 RANDOM
239 100.246 109.328 109.143 109.778 4
240 56.3423 63.2998 61.5573 60.3603 2
241 100.246 109.328 109.143 109.778 4
242 56.3423 63.2998 61.5573 60.3603 2
243 100.246 109.328 109.143 109.778 4
244 56.3423 63.2998 61.5573 60.3603 2
245 100.246 109.328 109.143 109.778 4
246 56.3423 63.2998 61.5573 60.3603 2
247 100.246 109.328 109.143 109.778 4
248 56.3423 63.2998 61.5573 60.3603 2
249 100.246 109.328 109.143 109.778 4
250 56.3423 63.2998 61.5573 60.3603 2
251 100.246 109.328 109.143 109.778 4
252 56.3423 63.2998 61.5573 60.3603 2
253 100.246 109.328 109.143 109.778 4
254 56.3423 63.2998 61.5573 60.3603 2
255 100.246 109.328 109.143 109.778 4
256 56.3423 63.2998 61.5573 60.3603 2
257 100.246 109.328 109.143 109.778 4
258 RANDOM
259 54.8287 61.6447 59.8543 58.1906 2
260 96.3982 105.326 104.969 105.601 4
261 54.8287 61.6447 59.8543 58.1906 2
262 96.3982 105.326 104.969 105.601 4
263 54.8287 61.6447 59.8543 58.1906 2
264 96.3982 105.326 104.969 105.601 4
265 54.8287 61.6447 59.8543 58.1906 2
266 96.3982 105.326 104.969 105.601 4
267 54.8287 61.6447 59.8543 58.1906 2
268 96.3982 105.326 104.969 105.601 4
269 54.8287 61.6447 59.8543 58.1906 2
270 96.3982 105.326 104.969 105.601 4
271 54.8287 61.6447 59.8543 58.1906 2
272 96.3982 105.326 104.969 105.601 4
273 54.8287 61.6447 59.8543 58.1906 2
274 96.3982 105.326 104.969 105.601 4
275 54.8287 61.6447 59.8543 58.1906 2
276 96.3982 105.326 104.969 105.601 4
277 RANDOM
278 73.9123 81.8071 80.6792 80.6842 2
279 91.5548 100.307 99.7219 100.346 4
280 73.9123 81.8071 80.6792 80.6842 2
281 91.5548 100.307 99.7219 100.346 4
282 73.9123 81.8071 80.6792 80.6842 2
283 91.5548 100.307 99.7219 100.346 4
284 73.9123 81.8071 80.6792 80.6842 2
285 91.5548 100.307 99.7219 100.346 4
286 73.9123 81.8071 80.6792 80.6842 2
287 91.5548 100.307 99.7219 100.346 4
288 73.9123 81.8071 80.6792 80.6842 2
289 91.5548 100.307 99.7219 100.346 4
290 73.9123 81.8071 80.6792 80.6842 2
291 91.5548 100.307 99.7219 100.346 4
292 73.9123 81.8071 80.6792 80.6842 2
293 91.5548 100.307 99.7219 100.346 4
294 73.9123 81.8071 80.6792 80.6842 2
295 91.5548 100.307 99.7219 100.346 4
296 73.9123 81.8071 80.6792 80.6842 2
297 RANDOM
298 96.3982 105.326 104.969 105.601 4
299 54.8287 61.6447 59.8543 58.1906 2
300 96.3982 105.326 104.969 105.601 4
301 54.8287 61.6447 59.8543 58.1906 2
302 96.3982 105.326 104.969 105.601 4
303 54.8287 61.6447 59.8543 58.1906 2
304 96.3982 105.326 104.969 105.601 4
305 54.8287 61.6447 59.8543 58.1906 2
306 96.3982 105.326 104.969 105.601 4
307 54.8287 61.6447 59.8543 58.1906 2
308 96.3982 105.326 104.969 105.601 4
309 54.8287 61.6447 59.8543 58.1906 2
310 96.3982 105.326 104.969 105.601 4
311 54.8287 61.6447 59.8543 58.1906 2
312 96.3982 105.326 104.969 105.601 4
313 54.8287 61.6447 59.8543 58.1906 2
314 96.3982 105.326 104.969 105.601 4
315 54.8287 61.6447 59.8543 58.1906 2
316 96.3982 105.326 104.969 105.601 4
317 54.8287 61.6447 59.8543 58.1906 2
318 96.3982 105.326 104.969 105.601 4
319 54.8287 61.6447 59.8543 58.1906 2
320 96.3982 105.326 104.969 105.601 4
321 54.8287 61.6447 59.8543 58.1906 2
322 96.3982 105.326 104.969 105.601 4
323 54.8287 61.6447 59.8543 58.1906 2
324 96.3982 105.326 104.969 105.601 4
325 54.8287 61.6447 59.8543 58.1906 2
326 96.3982 105.326 104.969 105.601 4
327 54.8287 61.6447 59.8543 58.1906 2
328 96.3982 105.326 104.969 105.601 4
329 54.8287 61.6447 59.8543 58.1906 2
330 96.3982 105.326 104.969 105.601 4
331 54.8287 61.6447 59.8543 58.1906 2
332 96.3982 105.326 104.969 105.601 4
333 54.8287 61.6447 59.8543 58.1906 2
334 96.3982 105.326 104.969 105.601 4
335 54.8287 61.6447 59.8543 58.1906 2
336 96.3982 105.326 104.969 105.601 4
337 54.8287 61.6447 59.8543 58.1906 2
338 96.3982 105.326 104.969 105.601 4
339 54.8287 61.6447 59.8543 58.1906 2
340 96.3982 105.326 104.969 105.601 4
341 54.8287 61.6447 59.8543 58.1906 2
342 96.3982 105.326 104.969 105.601 4
343 54.8287 61.6447 59.8543 58.1906 2
344 96.3982 105.326 104.969 105.601 4
345 54.8287 61.6447 59.8543 58.1906 2
346 96.3982 105.326 104.969 105.601 4
347 54.8287 61.6447 59.8543 58.1906 2
348 96.3982 105.326 104.969 105.601 4
349 54.8287 61.6447 59.8543 58.1906 2
350 96.3982 105.326 104.969 105.601 4
351 54.8287 61.6447 59.8543 58.1906 2
352 96.3982 105.326 104.969 105.601 4
353 54.8287 61.6447 59.8543 58.1906 2
354 96.3982 105.326 104.969 105.601 4
355 54.8287 61.6447 59.8543 58.1906 2
356 96.3982 105.326 104.969 105.601 4
357 54.8287 61.6447 59.8543 58.1906 2
358 96.3982 105.326 104.969 105.601 4
359 54.8287 61.6447 59.8543 58.1906 2
360 96.3982 105.326 104.969 105.601 4
361 54.8287 61.6447 59.8543 58.1906 2
362 96.3982 105.326 104.969 105.601 4
363 54.8287 61.6447 59.8543 58.1906 2
364 96.3982 105.326 104.969 105.601 4
365 54.8287 61.6447 59.8543 58.1906 2
366 96.3982 105.326 104.969 105.601 4
367 54.8287 61.6447 59.8543 58.1906 2
368 96.3982 105.326 104.969 105.601 4
369 54.8287 61.6447 59.8543 58.1906 2
370 96.3982 105.326 104.969 105.601 4
371 54.8287 61.6447 59.8543 58.1906 2
372 96.3982 105.326 104.969 105.601 4
373 54.8287 61.6447 59.8543 58.1906 2
374 96.3982 105.326 104.969 105.601 4
375 54.8287 61.6447 59.8543 58.1906 2
376 96.3982 105.326 104.969 105.601 4
377 54.8287 61.6447 59.8543 58.1906 2
378 96.3982 105.326 104.969 105.601 4
379 54.8287 61.6447 59.8543 58.1906 2
380 96.3982 105.326 104.969 105.601 4
381 54.8287 61.6447 59.8543 58.1906 2
382 96.3982 105.326 104.969 105.601 4
383 54.8287 61.6447 59.8543 58.1906 2
384 96.3982 105.326 104.969 105.601 4
385 54.8287 61.6447 59.8543 58.1906 2
386 96.3982 105.326 104.969 105.601 4
387 54.8287 61.6447 59.8543 58.1906 2
388 96.3982 105.326 104.969 105.601 4
389 54.8287 61.6447 59.8543 58.1906 2
390 96.3982 105.326 104.969 105.601 4
391 54.8287 61.6447 59.8543 58.1906 2
392 96.3982 105.326 104.969 105.601 4
393 54.8287 61.6447 59.8543 58.1906 2
394 96.3982 105.326 104.969 105.601 4
395 54.8287 61.6447 59.8543 58.1906 2
396 96.3982 105.326 104.969 105.601 4
397 54.8287 61.6447 59.8543 58.1906 2
398 96.3982 105.326 104.969 105.601 4
399 54.8287 61.6447 59.8543 58.1906 2
400 96.3982 105.326 104.969 105.601 4
401 54.8287 61.6447 59.8543 58.1906 2
402 RANDOM
403 100.246 109.328 109.143 109.778 4
404 56.3423 63.2998 61.5573 60.3603 2
405 100.246 109.328 109.143 109.778 4
406 56.3423 63.2998 61.5573 60.3603 2
407 100.246 109.328 109.143 109.778 4
408 56.3423 63.2998 61.5573 60.3603 2
409 100.246 109.328 109.143 109.778 4
410 RANDOM
411 54.8287 61.6447 59.8543 58.1906 2
412 96.3982 105.326 104.969 105.601 4
413 54.8287 61.6447 59.8543 58.1906 2
414 96.3982 105.326 104.969 105.601 4
415 54.8287 61.6447 59.8543 58.1906 2
416 96.3982 105.326 104.969 105.601 4
417 54.8287 61.6447 59.8543 58.1906 2
418 96.3982 105.326 104.969 105.601 4
419 54.8287 61.6447 59.8543 58.1906 2
420 96.3982 105.326 104.969 105.601 4
421 54.8287 61.6447 59.8543 58.1906 2
422 96.3982 105.326 104.969 105.601 4
423 54.8287 61.6447 59.8543 58.1906 2
424 96.3982 105.326 104.969 105.601 4
425 54.8287 61.6447 59.8543 58.1906 2
426 96.3982 105.326 104.969 105.601 4
427 54.8287 61.6447 59.8543 58.1906 2
428 96.3982 105.326 104.969 105.601 4
429 54.8287 61.6447 59.8543 58.1906 2
430 96.3982 105.326 104.969 105.601 4
431 RANDOM
432 73.9123 81.8071 80.6792 80.6842 2
433 91.5548 100.307 99.7219 100.346 4
434 73.9123 81.8071 80.6792 80.6842 2
435 91.5548 100.307 99.7219 100.346 4
436 73.9123 81.8071 80.6792 80.6842 2
437 91.5548 100.307 99.7219 100.346 4
438 73.9123 81.8071 80.6792 80.6842 2
439 91.5548 100.307 99.7219 100.346 4
440 73.9123 81.8071 80.6792 80.6842 2
441 91.5548 100.307 99.7219 100.346 4
442 73.9123 81.8071 80.6792 80.6842 2
443 91.5548 100.307 99.7219 100.346 4
444 73.9123 81.8071 80.6792 80.6842 2
445 91.5548 100.307 99.7219 100.346 4
446 73.9123 81.8071 80.6792 80.6842 2
447 91.5548 100.307 99.7219 100.346 4
448 73.9123 81.8071 80.6792 80.6842 2
449 91.5548 100.307 99.7219 100.346 4
450 73.9123 81.8071 80.6792 80.6842 2
451 91.5548 100.307 99.7219 100.346 4
452 73.9123 81.8071 80.6792 80.6842 2
453 91.5548 100.307 99.7219 100.346 4
454 73.9123 81.8071 80.6792 80.6842 2
455 91.5548 100.307 99.7219 100.346 4
456 73.9123 81.8071 80.6792 80.6842 2
457 91.5548 100.307 99.7219 100.346 4
458 73.9123 81.8071 80.6792 80.6842 2
459 91.5548 100.307 99.7219 100.346 4
460 73.9123 81.8071 80.6792 80.6842 2
461 91.5548 100.307 99.7219 100.346 4
462 73.9123 81.8071 80.6792 80.6842 2
463 91.5548 100.307 99.7219 100.346 4
464 RANDOM
465 70.2023 77.917 76.7029 76.6275 2
466 100.898 109.978 109.862 110.508 4
467 70.2023 77.917 76.7029 76.6275 2
468 100.898 109.978 109.862 110.508 4
469 70.2023 77.917 76.7029 76.6275 2
470 100.898 109.978 109.862 110.508 4
471 70.2023 77.917 76.7029 76.6275 2
472 100.898 109.978 109.862 110.508 4
473 70.2023 77.917 76.7029 76.6275 2
474 100.898 109.978 109.862 110.508 4
475 70.2023 77.917 76.7029 76.6275 2
476 100.898 109.978 109.862 110.508 4
477 RANDOM
478 66.5761 74.1268 72.787 72.6053 2
479 RANDOM
480 100.898 109.978 109.862 110.508 4
481 70.2023 77.917 76.7029 76.6275 2
482 100.898 109.978 109.862 110.508 4
483 70.2023 77.917 76.7029 76.6275 2
484 100.898 109.978 109.862 110.508 4
485 70.2023 77.917 76.7029 76.6275 2
486 RANDOM
487 91.5548 100.307 99.7219 100.346 4
488 73.9123 81.8071 80.6792 80.6842 2
489 91.5548 100.307 99.7219 100.346 4
490 73.9123 81.8071 80.6792 80.6842 2
491 91.5548 100.307 99.7219 100.346 4
492 73.9123 81.8071 80.6792 80.6842 2
493 91.5548 100.307 99.7219 100.346 4
494 73.9123 81.8071 80.6792 80.6842 2
495 91.5548 100.307 99.7219 100.346 4
496 73.9123 81.8071 80.6792 80.6842 2
497 91.5548 100.307 99.7219 100.346 4
498 73.9123 81.8071 80.6792 80.6842 2
499 91.5548 100.307 99.7219 100.346 4
500 73.9123 81.8071 80.6792 80.6842 2
501 91.5548 100.307 99.7219 100.346 4
502 73.9123 81.8071 80.6792 80.6842 2
503 91.5548 100.307 99.7219 100.346 4
504 73.9123 81.8071 80.6792 80.6842 2
505 91.5548 100.307 99.7219 100.346 4
506 73.9123 81.8071 80.6792 80.6842 2
507 RANDOM
508 96.3982 105.326 104.969 105.601 4
509 54.8287 61.6447 59.8543 58.1906 2
510 96.3982 105.326 104.969 105.601 4
511 54.8287 61.6447 59.8543 58.1906 2
512 96.3982 105.326 104.969 105.601 4
513 54.8287 61.6447 59.8543 58.1906 2
514 96.3982 105.326 104.969 105.601 4
515 54.8287 61.6447 59.8543 58.1906 2
516 96.3982 105.326 104.969 105.601 4
517 54.8287 61.6447 59.8543 58.1906 2
518 96.3982 105.326 104.969 105.601 4
519 54.8287 61.6447 59.8543 58.1906 2
520 96.3982 105.326 104.969 105.601 4
521 54.8287 61.6447 59.8543 58.1906 2
522 96.3982 105.326 104.969 105.601 4
523 54.8287 61.6447 59.8543 58.1906 2
524 RANDOM
525 100.246 109.328 109.143 109.778 4
526 56.3423 63.2998 61.5573 60.3603 2
527 100.246 109.328 109.143 109.778 4
528 56.3423 63.2998 61.5573 60.3603 2
529 100.246 109.328 109.143 109.778 4
530 56.3423 63.2998 61.5573 60.3603 2
531 100.246 109.328 109.143 109.778 4
532 56.3423 63.2998 61.5573 60.3603 2
533 100.246 109.328 109.143 109.778 4
534 56.3423 63.2998 61.5573 60.3603 2
535 100.246 109.328 109.143 109.778 4
536 56.3423 63.2998 61.5573 60.3603 2
537 100.246 109.328 109.143 109.778 4
538 56.3423 63.2998 61.5573 60.3603 2
539 100.246 109.328 109.143 109.778 4
540 56.3423 63.2998 61.5573 60.3603 2
541 100.246 109.328 109.143 109.778 4
542 56.3423 63.2998 61.5573 60.3603 2
543 100.246 109.328 109.143 109.778 4
544 56.3423 63.2998 61.5573 60.3603 2
545 100.246 109.328 109.143 109.778 4
546 56.3423 63.2998 61.5573 60.3603 2
547 100.246 109.328 109.143 109.778 4
548 56.3423 63.2998 61.5573 60.3603 2
549 100.246 109.328 109.143 109.778 4
550 56.3423 63.2998 61.5573 60.3603 2
551 100.246 109.328 109.143 109.778 4
552 56.3423 63.2998 61.5573 60.3603 2
553 100.246 109.328 109.143 109.778 4
554 56.3423 63.2998 61.5573 60.3603 2
555 100.246 109.328 109.143 109.778 4
556 56.3423 63.2998 61.5573 60.3603 2
557 100.246 109.328 109.143 109.778 4
558 56.3423 63.2998 61.5573 60.3603 2
559 100.246 109.328 109.143 109.778 4
560 56.3423 63.2998 61.5573 60.3603 2
561 100.246 109.328 109.143 109.778 4
562 56.3423 63.2998 61.5573 60.3603 2
563 100.246 109.328 109.143 109.778 4
564 56.3423 63.2998 61.5573 60.3603 2
565 100.246 109.328 109.143 109.778 4
566 56.3423 63.2998 61.5573 60.3603 2
567 100.246 109.328 109.143 109.778 4
568 56.3423 63.2998 61.5573 60.3603 2
569 100.246 109.328 109.143 109.778 4
570 RANDOM
571 54.8287 61.6447 59.8543 58.1906 2
572 96.3982 105.326 104.969 105.601 4
573 54.8287 61.6447 59.8543 58.1906 2
574 96.3982 105.326 104.969 105.601 4
575 RANDOM
576 73.9123 81.8071 80.6792 80.6842 2
577 91.5548 100.307 99.7219 100.346 4
578 73.9123 81.8071 80.6792 80.6842 2
579 91.5548 100.307 99.7219 100.346 4
580 73.9123 81.8071 80.6792 80.6842 2
581 91.5548 100.307 99.7219 100.346 4
582 RANDOM
583 70.2023 77.917 76.7029 76.6275 2
584 100.898 109.978 109.862 110.508 4
585 70.2023 77.917 76.7029 76.6275 2
586 100.898 109.978 109.862 110.508 4
587 70.2023 77.917 76.7029 76.6275 2
588 100.898 109.978 109.862 110.508 4
589 70.2023 77.917 76.7029 76.6275 2
590 100.898 109.978 109.862 110.508 4
591 70.2023 77.917 76.7029 76.6275 2
592 100.898 109.978 109.862 110.508 4
593 RANDOM
594 66.5761 74.1268 72.787 72.6053 2
595 101.347 110.462 110.343 110.976 4
596 66.5761 74.1268 72.787 72.6053 2
597 101.347 110.462 110.343 110.976 4
598 66.5761 74.1268 72.787 72.6053 2
599 101.347 110.462 110.343 110.976 4
600 66.5761 74.1268 72.787 72.6053 2
601 101.347 110.462 110.343 110.976 4
602 66.5761 74.1268 72.787 72.6053 2
603 101.347 110.462 110.343 110.976 4
604 66.5761 74.1268 72.787 72.6053 2
605 101.347 110.462 110.343 110.976 4
606 66.5761 74.1268 72.787 72.6053 2
607 101.347 110.462 110.343 110.976 4
608 66.5761 74.1268 72.787 72.6053 2
609 101.347 110.462 110.343 110.976 4
610 66.5761 74.1268 72.787 72.6053 2
611 101.347 110.462 110.343 110.976 4
612 66.5761 74.1268 72.787 72.6053 2
613 101.347 110.462 110.343 110.976 4
614 66.5761 74.1268 72.787 72.6053 2
615 101.347 110.462 110.343 110.976 4
616 66.5761 74.1268 72.787 72.6053 2
617 101.347 110.462 110.343 110.976 4
618 66.5761 74.1268 72.787 72.6053 2
619 101.347 110.462 110.343 110.976 4
620 66.5761 74.1268 72.787 72.6053 2
621 RANDOM
622 100.898 109.978 109.862 110.508 4
623 70.2023 77.917 76.7029 76.6275 2
624 100.898 109.978 109.862 110.508 4
625 70.2023 77.917 76.7029 76.6275 2
626 100.898 109.978 109.862 110.508 4
627 70.2023 77.917 76.7029 76.6275 2
628 100.898 109.978 109.862 110.508 4
629 70.2023 77.917 76.7029 76.6275 2
630 RANDOM
631 91.5548 100.307 99.7219 100.346 4
632 73.9123 81.8071 80.6792 80.6842 2
633 91.5548 100.307 99.7219 100.346 4
634 73.9123 81.8071 80.6792 80.6842 2
635 91.5548 100.307 99.7219 100.346 4
636 73.9123 81.8071 80.6792 80.6842 2
637 91.5548 100.307 99.7219 100.346 4
638 73.9123 81.8071 80.6792 80.6842 2
639 91.5548 100.307 99.7219 100.346 4
640 73.9123 81.8071 80.6792 80.6842 2
641 91.5548 100.307 99.7219 100.346 4
642 RANDOM
643 70.2023 77.917 76.7029 76.6275 2
644 100.898 109.978 109.862 110.508 4
645 70.2023 77.917 76.7029 76.6275 2
646 100.898 109.978 109.862 110.508 4
647 70.2023 77.917 76.7029 76.6275 2
648 100.898 109.978 109.862 110.508 4
649 70.2023 77.917 76.7029 76.6275 2
650 100.898 109.978 109.862 110.508 4
651 70.2023 77.917 76.7029 76.6275 2
652 100.898 109.978 109.862 110.508 4
653 70.2023 77.917 76.7029 76.6275 2
654 100.898 109.978 109.862 110.508 4
655 70.2023 77.917 76.7029 76.6275 2
656 100.898 109.978 109.862 110.508 4
657 70.2023 77.917 76.7029 76.6275 2
658 100.898 109.978 109.862 110.508 4
659 70.2023 77.917 76.7029 76.6275 2
660 100.898 109.978 109.862 110.508 4
661 RANDOM
662 66.5761 74.1268 72.787 72.6053 2
663 101.347 110.462 110.343 110.976 4
664 66.5761 74.1268 72.787 72.6053 2
665 101.347 110.462 110.343 110.976 4
666 66.5761 74.1268 72.787 72.6053 2
667 101.347 110.462 110.343 110.976 4
668 66.5761 74.1268 72.787 72.6053 2
669 101.347 110.462 110.343 110.976 4
670 66.5761 74.1268 72.787 72.6053 2
671 101.347 110.462 110.343 110.976 4
672 66.5761 74.1268 72.787 72.6053 2
673 101.347 110.462 110.343 110.976 4
674 66.5761 74.1268 72.787 72.6053 2
675 101.347 110.462 110.343 110.976 4
676 66.5761 74.1268 72.787 72.6053 2
677 101.347 110.462 110.343 110.976 4
678 66.5761 74.1268 72.787 72.6053 2
679 101.347 110.462 110.343 110.976 4
680 66.5761 74.1268 72.787 72.6053 2
681 101.347 110.462 110.343 110.976 4
682 66.5761 74.1268 72.787 72.6053 2
683 101.347 110.462 110.343 110.976 4
684 66.5761 74.1268 72.787 72.6053 2
685 101.347 110.462 110.343 110.976 4
686 66.5761 74.1268 72.787 72.6053 2
687 101.347 110.462 110.343 110.976 4
688 66.5761 74.1268 72.787 72.6053 2
689 101.347 110.462 110.343 110.976 4
690 66.5761 74.1268 72.787 72.6053 2
691 101.347 110.462 110.343 110.976 4
692 66.5761 74.1268 72.787 72.6053 2
693 101.347 110.462 110.343 110.976 4
694 66.5761 74.1268 72.787 72.6053 2
695 101.347 110.462 110.343 110.976 4
696 66.5761 74.1268 72.787 72.6053 2
697 101.347 110.462 110.343 110.976 4
698 66.5761 74.1268 72.787 72.6053 2
699 101.347 110.462 110.343 110.976 4
700 66.5761 74.1268 72.787 72.6053 2
701 101.347 110.462 110.343 110.976 4
702 66.5761 74.1268 72.787 72.6053 2
703 101.347 110.462 110.343 110.976 4
704 66.5761 74.1268 72.787 72.6053 2
705 101.347 110.462 110.343 110.976 4
706 66.5761 74.1268 72.787 72.6053 2
707 101.347 110.462 110.343 110.976 4
708 66.5761 74.1268 72.787 72.6053 2
709 101.347 110.462 110.343 110.976 4
710 RANDOM
711 62.9931 70.3641 68.86 68.5256 2
712 101.989 111.154 111.034 111.647 4
713 62.9931 70.3641 68.86 68.5256 2
714 101.989 111.154 111.034 111.647 4
715 62.9931 70.3641 68.86 68.5256 2
716 101.989 111.154 111.034 111.647 4
717 62.9931 70.3641 68.86 68.5256 2
718 101.989 111.154 111.034 111.647 4
719 62.9931 70.3641 68.86 68.5256 2
720 101.989 111.154 111.034 111.647 4
721 62.9931 70.3641 68.86 68.5256 2
722 101.989 111.154 111.034 111.647 4
723 62.9931 70.3641 68.86 68.5256 2
724 101.989 111.154 111.034 111.647 4
725 62.9931 70.3641 68.86 68.5256 2
726 101.989 111.154 111.034 111.647 4
727 62.9931 70.3641 68.86 68.5256 2
728 101.989 111.154 111.034 111.647 4
729 62.9931 70.3641 68.86 68.5256 2
730 101.989 111.154 111.034 111.647 4
731 62.9931 70.3641 68.86 68.5256 2
732 RANDOM
733 101.347 110.462 110.343 110.976 4
734 66.5761 74.1268 72.787 72.6053 2
735 101.347 110.462 110.343 110.976 4
736 66.5761 74.1268 72.787 72.6053 2
737 101.347 110.462 110.343 110.976 4
738 66.5761 74.1268 72.787 72.6053 2
739 101.347 110.462 110.343 110.976 4
740 66.5761 74.1268 72.787 72.6053 2
741 101.347 110.462 110.343 110.976 4
742 66.5761 74.1268 72.787 72.6053 2
743 101.347 110.462 110.343 110.976 4
744 66.5761 74.1268 72.787 72.6053 2
745 101.347 110.462 110.343 110.976 4
746 66.5761 74.1268 72.787 72.6053 2
747 101.347 110.462 110.343 110.976 4
748 66.5761 74.1268 72.787 72.6053 2
749 101.347 110.462 110.343 110.976 4
750 66.5761 74.1268 72.787 72.6053 2
751 101.347 110.462 110.343 110.976 4
752 66.5761 74.1268 72.787 72.6053 2
753 101.347 110.462 110.343 110.976 4
754 66.5761 74.1268 72.787 72.6053 2
755 101.347 110.462 110.343 110.976 4
756 RANDOM
757 62.9931 70.3641 68.86 68.5256 2
758 101.989 111.154 111.034 111.647 4
759 62.9931 70.3641 68.86 68.5256 2
760 101.989 111.154 111.034 111.647 4
761 62.9931 70.3641 68.86 68.5256 2
762 101.989 111.154 111.034 111.647 4
763 62.9931 70.3641 68.86 68.5256 2
764 101.989 111.154 111.034 111.647 4
765 62.9931 70.3641 68.86 68.5256 2
766 RANDOM
767 101.347 110.462 110.343 110.976 4
768 66.5761 74.1268 72.787 72.6053 2
769 101.347 110.462 110.343 110.976 4
770 66.5761 74.1268 72.787 72.6053 2
771 101.347 110.462 110.343 110.976 4
772 66.5761 74.1268 72.787 72.6053 2
773 101.347 110.462 110.343 110.976 4
774 66.5761 74.1268 72.787 72.6053 2
775 101.347 110.462 110.343 110.976 4
776 66.5761 74.1268 72.787 72.6053 2
777 101.347 110.462 110.343 110.976 4
778 66.5761 74.1268 72.787 72.6053 2
779 101.347 110.462 110.343 110.976 4
780 66.5761 74.1268 72.787 72.6053 2
781 101.347 110.462 110.343 110.976 4
782 66.5761 74.1268 72.787 72.6053 2
783 101.347 110.462 110.343 110.976 4
784 66.5761 74.1268 72.787 72.6053 2
785 101.347 110.462 110.343 110.976 4
786 RANDOM
787 62.9931 70.3641 68.86 68.5256 2
788 101.989 111.154 111.034 111.647 4
789 62.9931 70.3641 68.86 68.5256 2
790 RANDOM
791 101.347 110.462 110.343 110.976 4
792 66.5761 74.1268 72.787 72.6053 2
793 101.347 110.462 110.343 110.976 4
794 66.5761 74.1268 72.787 72.6053 2
795 101.347 110.462 110.343 110.976 4
796 66.5761 74.1268 72.787 72.6053 2
797 101.347 110.462 110.343 110.976 4
798 66.5761 74.1268 72.787 72.6053 2
799 101.347 110.462 110.343 110.976 4
800 66.5761 74.1268 72.787 72.6053 2
801 101.347 110.462 110.343 110.976 4
802 66.5761 74.1268 72.787 72.6053 2
803 101.347 110.462 110.343 110.976 4
804 66.5761 74.1268 72.787 72.6053 2
805 101.347 110.462 110.343 110.976 4
806 RANDOM
807 62.9931 70.3641 68.86 68.5256 2
808 101.989 111.154 111.034 111.647 4
809 62.9931 70.3641 68.86 68.5256 2
810 101.989 111.154 111.034 111.647 4
811 62.9931 70.3641 68.86 68.5256 2
812 101.989 111.154 111.034 111.647 4
813 62.9931 70.3641 68.86 68.5256 2
814 101.989 111.154 111.034 111.647 4
815 62.9931 70.3641 68.86 68.5256 2
816 101.989 111.154 111.034 111.647 4
817 62.9931 70.3641 68.86 68.5256 2
818 101.989 111.154 111.034 111.647 4
819 62.9931 70.3641 68.86 68.5256 2
820 101.989 111.154 111.034 111.647 4
821 62.9931 70.3641 68.86 68.5256 2
822 101.989 111.154 111.034 111.647 4
823 62.9931 70.3641 68.86 68.5256 2
824 101.989 111.154 111.034 111.647 4
825 62.9931 70.3641 68.86 68.5256 2
826 101.989 111.154 111.034 111.647 4
827 62.9931 70.3641 68.86 68.5256 2
828 101.989 111.154 111.034 111.647 4
829 62.9931 70.3641 68.86 68.5256 2
830 101.989 111.154 111.034 111.647 4
831 62.9931 70.3641 68.86 68.5256 2
832 101.989 111.154 111.034 111.647 4
833 62.9931 70.3641 68.86 68.5256 2
834 101.989 111.154 111.034 111.647 4
835 62.9931 70.3641 68.86 68.5256 2
836 101.989 111.154 111.034 111.647 4
837 62.9931 70.3641 68.86 68.5256 2
838 101.989 111.154 111.034 111.647 4
839 62.9931 70.3641 68.86 68.5256 2
840 RANDOM
841 101.347 110.462 110.343 110.976 4
842 66.5761 74.1268 72.787 72.6053 2
843 101.347 110.462 110.343 110.976 4
844 66.5761 74.1268 72.787 72.6053 2
845 101.347 110.462 110.343 110.976 4
846 66.5761 74.1268 72.787 72.6053 2
847 101.347 110.462 110.343 110.976 4
848 66.5761 74.1268 72.787 72.6053 2
849 101.347 110.462 110.343 110.976 4
850 66.5761 74.1268 72.787 72.6053 2
851 RANDOM
852 100.898 109.978 109.862 110.508 4
853 70.2023 77.917 76.7029 76.6275 2
854 100.898 109.978 109.862 110.508 4
855 70.2023 77.917 76.7029 76.6275 2
856 100.898 109.978 109.862 110.508 4
857 70.2023 77.917 76.7029 76.6275 2
858 100.898 109.978 109.862 110.508 4
859 70.2023 77.917 76.7029 76.6275 2
860 100.898 109.978 109.862 110.508 4
861 70.2023 77.917 76.7029 76.6275 2
862 100.898 109.978 109.862 110.508 4
863 70.2023 77.917 76.7029 76.6275 2
864 100.898 109.978 109.862 110.508 4
865 70.2023 77.917 76.7029 76.6275 2
866 100.898 109.978 109.862 110.508 4
867 70.2023 77.917 76.7029 76.6275 2
868 100.898 109.978 109.862 110.508 4
869 70.2023 77.917 76.7029 76.6275 2
870 100.898 109.978 109.862 110.508 4
871 70.2023 77.917 76.7029 76.6275 2
872 100.898 109.978 109.862 110.508 4
873 70.2023 77.917 76.7029 76.6275 2
874 100.898 109.978 109.862 110.508 4
875 70.2023 77.917 76.7029 76.6275 2
876 100.898 109.978 109.862 110.508 4
877 70.2023 77.917 76.7029 76.6275 2
878 100.898 109.978 109.862 110.508 4
879 70.2023 77.917 76.7029 76.6275 2
880 100.898 109.978 109.862 110.508 4
881 70.2023 77.917 76.7029 76.6275 2
882 100.898 109.978 109.862 110.508 4
883 70.2023 77.917 76.7029 76.6275 2
884 100.898 109.978 109.862 110.508 4
885 70.2023 77.917 76.7029 76.6275 2
886 100.898 109.978 109.862 110.508 4
887 70.2023 77.917 76.7029 76.6275 2
888 RANDOM
889 91.5548 100.307 99.7219 100.346 4
890 73.9123 81.8071 80.6792 80.6842 2
891 91.5548 100.307 99.7219 100.346 4
892 73.9123 81.8071 80.6792 80.6842 2
893 91.5548 100.307 99.7219 100.346 4
894 73.9123 81.8071 80.6792 80.6842 2
895 91.5548 100.307 99.7219 100.346 4
896 73.9123 81.8071 80.6792 80.6842 2
897 91.5548 100.307 99.7219 100.346 4
898 73.9123 81.8071 80.6792 80.6842 2
899 91.5548 100.307 99.7219 100.346 4
900 73.9123 81.8071 80.6792 80.6842 2
901 91.5548 100.307 99.7219 100.346 4
902 73.9123 81.8071 80.6792 80.6842 2
903 91.5548 100.307 99.7219 100.346 4
904 73.9123 81.8071 80.6792 80.6842 2
905 91.5548 100.307 99.7219 100.346 4
906 73.9123 81.8071 80.6792 80.6842 2
907 91.5548 100.307 99.7219 100.346 4
908 73.9123 81.8071 80.6792 80.6842 2
909 91.5548 100.307 99.7219 100.346 4
910 73.9123 81.8071 80.6792 80.6842 2
911 91.5548 100.307 99.7219 100.346 4
912 73.9123 81.8071 80.6792 80.6842 2
913 91.5548 100.307 99.7219 100.346 4
914 73.9123 81.8071 80.6792 80.6842 2
915 91.5548 100.307 99.7219 100.346 4
916 RANDOM
917 70.2023 77.917 76.7029 76.6275 2
918 100.898 109.978 109.862 110.508 4
919 70.2023 77.917 76.7029 76.6275 2
920 100.898 109.978 109.862 110.508 4
921 70.2023 77.917 76.7029 76.6275 2
922 100.898 109.978 109.862 110.508 4
923 70.2023 77.917 76.7029 76.6275 2
924 100.898 109.978 109.862 110.508 4
925 70.2023 77.917 76.7029 76.6275 2
926 100.898 109.978 109.862 110.508 4
927 70.2023 77.917 76.7029 76.6275 2
928 100.898 109.978 109.862 110.508 4
929 70.2023 77.917 76.7029 76.6275 2
930 100.898 109.978 109.862 110.508 4
931 70.2023 77.917 76.7029 76.6275 2
932 100.898 109.978 109.862 110.508 4
933 70.2023 77.917 76.7029 76.6275 2
934 100.898 109.978 109.862 110.508 4
935 70.2023 77.917 76.7029 76.6275 2
936 100.898 109.978 109.862 110.508 4
937 70.2023 77.917 76.7029 76.6275 2
938 100.898 109.978 109.862 110.508 4
939 70.2023 77.917 76.7029 76.6275 2
940 100.898 109.978 109.862 110.508 4
941 70.2023 77.917 76.7029 76.6275 2
942 100.898 109.978 109.862 110.508 4
943 70.2023 77.917 76.7029 76.6275 2
944 100.898 109.978 109.862 110.508 4
945 70.2023 77.917 76.7029 76.6275 2
946 100.898 109.978 109.862 110.508 4
947 70.2023 77.917 76.7029 76.6275 2
948 RANDOM
949 91.5548 100.307 99.7219 100.346 4
950 73.9123 81.8071 80.6792 80.6842 2
951 91.5548 100.307 99.7219 100.346 4
952 73.9123 81.8071 80.6792 80.6842 2
953 91.5548 100.307 99.7219 100.346 4
954 73.9123 81.8071 80.6792 80.6842 2
955 RANDOM
956 96.3982 105.326 104.969 105.601 4
957 54.8287 61.6447 59.8543 58.1906 2
958 96.3982 105.326 104.969 105.601 4
959 54.8287 61.6447 59.8543 58.1906 2
960 96.3982 105.326 104.969 105.601 4
961 54.8287 61.6447 59.8543 58.1906 2
962 96.3982 105.326 104.969 105.601 4
963 54.8287 61.6447 59.8543 58.1906 2
964 96.3982 105.326 104.969 105.601 4
965 54.8287 61.6447 59.8543 58.1906 2
966 96.3982 105.326 104.969 105.601 4
967 54.8287 61.6447 59.8543 58.1906 2
968 96.3982 105.326 104.969 105.601 4
969 54.8287 61.6447 59.8543 58.1906 2
970 96.3982 105.326 104.969 105.601 4
971 54.8287 61.6447 59.8543 58.1906 2
972 96.3982 105.326 104.969 105.601 4
973 54.8287 61.6447 59.8543 58.1906 2
974 96.3982 105.326 104.969 105.601 4
975 54.8287 61.6447 59.8543 58.1906 2
976 96.3982 105.326 104.969 105.601 4
977 54.8287 61.6447 59.8543 58.1906 2
978 96.3982 105.326 104.969 105.601 4
979 54.8287 61.6447 59.8543 58.1906 2
980 96.3982 105.326 104.969 105.601 4
981 54.8287 61.6447 59.8543 58.1906 2
982 96.3982 105.326 104.969 105.601 4
983 54.8287 61.6447 59.8543 58.1906 2
984 96.3982 105.326 104.969 105.601 4
985 54.8287 61.6447 59.8543 58.1906 2
986 96.3982 105.326 104.969 105.601 4
987 RANDOM
988 73.9123 81.8071 80.6792 80.6842 2
989 91.5548 100.307 99.7219 100.346 4
990 73.9123 81.8071 80.6792 80.6842 2
991 91.5548 100.307 99.7219 100.346 4
992 73.9123 81.8071 80.6792 80.6842 2
993 91.5548 100.307 99.7219 100.346 4
994 73.9123 81.8071 80.6792 80.6842 2
995 91.5548 100.307 99.7219 100.346 4
996 73.9123 81.8071 80.6792 80.6842 2
997 91.5548 100.307 99.7219 100.346 4
998 73.9123 81.8071 80.6792 80.6842 2
999 91.5548 100.307 99.7219 100.346 4
1000 73.9123 81.8071 80.6792 80.6842 2
1001 91.5548 100.307 99.7219 100.346 4
1002 73.9123 81.8071 80.6792 80.6842 2
1003 91.5548 100.307 99.7219 100.346 4
1004 73.9123 81.8071 80.6792 80.6842 2
1005 91.5548 100.307 99.7219 100.346 4
1006 73.9123 81.8071 80.6792 80.6842 2
1007 91.5548 100.307 99.7219 100.346 4
1008 73.9123 81.8071 80.6792 80.6842 2
1009 91.5548 100.307 99.7219 100.346 4
1010 73.9123 81.8071 80.6792 80.6842 2
1011 91.5548 100.307 99.7219 100.346 4
1012 73.9123 81.8071 80.6792 80.6842 2
1013 91.5548 100.307 99.7219 100.346 4
1014 73.9123 81.8071 80.6792 80.6842 2
1015 91.5548 100.307 99.7219 100.346 4
1016 73.9123 81.8071 80.6792 80.6842 2
1017 91.5548 100.307 99.7219 100.346 4
1018 73.9123 81.8071 80.6792 80.6842 2
1019 91.5548 100.307 99.7219 100.346 4
1020 73.9123 81.8071 80.6792 80.6842 2
1021 91.5548 100.307 99.7219 100.346 4
1022 73.9123 81.8071 80.6792 80.6842 2
1023 91.5548 100.307 99.7219 100.346 4
1024 73.9123 81.8071 80.6792 80.6842 2
1025 91.5548 100.307 99.7219 100.346 4
1026 73.9123 81.8071 80.6792 80.6842 2
1027 91.5548 100.307 99.7219 100.346 4
1028 73.9123 81.8071 80.6792 80.6842 2
1029 91.5548 100.307 99.7219 100.346 4
1030 73.9123 81.8071 80.6792 80.6842 2
1031 91.5548 100.307 99.7219 100.346 4
1032 73.9123 81.8071 80.6792 80.6842 2
1033 91.5548 100.307 99.7219 100.346 4
1034 73.9123 81.8071 80.6792 80.6842 2
1035 91.5548 100.307 99.7219 100.346 4
1036 73.9123 81.8071 80.6792 80.6842 2
1037 RANDOM
1038 96.3982 105.326 104.969 105.601 4
1039 54.8287 61.6447 59.8543 58.1906 2
1040 96.3982 105.326 104.969 105.601 4
1041 RANDOM
1042 73.9123 81.8071 80.6792 80.6842 2
1043 91.5548 100.307 99.7219 100.346 4
1044 73.9123 81.8071 80.6792 80.6842 2
1045 91.5548 100.307 99.7219 100.346 4
1046 73.9123 81.8071 80.6792 80.6842 2
1047 91.5548 100.307 99.7219 100.346 4
1048 73.9123 81.8071 80.6792 80.6842 2
1049 RANDOM
1050 96.3982 105.326 104.969 105.601 4
1051 54.8287 61.6447 59.8543 58.1906 2
1052 96.3982 105.326 104.969 105.601 4
1053 54.8287 61.6447 59.8543 58.1906 2
1054 96.3982 105.326 104.969 105.601 4
1055 54.8287 61.6447 59.8543 58.1906 2
1056 96.3982 105.326 104.969 105.601 4
1057 54.8287 61.6447 59.8543 58.1906 2
1058 96.3982 105.326 104.969 105.601 4
1059 54.8287 61.6447 59.8543 58.1906 2
1060 96.3982 105.326 104.969 105.601 4
1061 54.8287 61.6447 59.8543 58.1906 2
1062 96.3982 105.326 104.969 105.601 4
1063 54.8287 61.6447 59.8543 58.1906 2
1064 RANDOM
1065 100.246 109.328 109.143 109.778 4
1066 56.3423 63.2998 61.5573 60.3603 2
1067 100.246 109.328 109.143 109.778 4
1068 56.3423 63.2998 61.5573 60.3603 2
1069 100.246 109.328 109.143 109.778 4
1070 56.3423 63.2998 61.5573 60.3603 2
1071 100.246 109.328 109.143 109.778 4
1072 56.3423 63.2998 61.5573 60.3603 2
1073 100.246 109.328 109.143 109.778 4
1074 RANDOM
1075 54.8287 61.6447 59.8543 58.1906 2
1076 96.3982 105.326 104.969 105.601 4
1077 54.8287 61.6447 59.8543 58.1906 2
1078 96.3982 105.326 104.969 105.601 4
1079 54.8287 61.6447 59.8543 58.1906 2
1080 96.3982 105.326 104.969 105.601 4
1081 RANDOM
1082 RANDOM
1083 70.2023 77.917 76.7029 76.6275 2
1084 100.898 109.978 109.862 110.508 4
1085 70.2023 77.917 76.7029 76.6275 2
1086 100.898 109.978 109.862 110.508 4
1087 70.2023 77.917 76.7029 76.6275 2
1088 100.898 109.978 109.862 110.508 4
1089 70.2023 77.917 76.7029 76.6275 2
1090 100.898 109.978 109.862 110.508 4
1091 70.2023 77.917 76.7029 76.6275 2
1092 100.898 109.978 109.862 110.508 4
1093 70.2023 77.917 76.7029 76.6275 2
1094 100.898 109.978 109.862 110.508 4
1095 70.2023 77.917 76.7029 76.6275 2
1096 100.898 109.978 109.862 110.508 4
1097 RANDOM
1098 66.5761 74.1268 72.787 72.6053 2
1099 101.347 110.462 110.343 110.976 4
1100 66.5761 74.1268 72.787 72.6053 2
1101 101.347 110.462 110.343 110.976 4
1102 66.5761 74.1268 72.787 72.6053 2
1103 101.347 110.462 110.343 110.976 4
1104 66.5761 74.1268 72.787 72.6053 2
1105 101.347 110.462 110.343 110.976 4
1106 66.5761 74.1268 72.787 72.6053 2
1107 101.347 110.462 110.343 110.976 4
1108 66.5761 74.1268 72.787 72.6053 2
1109 101.347 110.462 110.343 110.976 4
1110 66.5761 74.1268 72.787 72.6053 2
1111 101.347 110.462 110.343 110.976 4
1112 66.5761 74.1268 72.787 72.6053 2
1113 101.347 110.462 110.343 110.976 4
1114 66.5761 74.1268 72.787 72.6053 2
1115 101.347 110.462 110.343 110.976 4
1116 66.5761 74.1268 72.787 72.6053 2
1117 101.347 110.462 110.343 110.976 4
1118 66.5761 74.1268 72.787 72.6053 2
1119 101.347 110.462 110.343 110.976 4
1120 66.5761 74.1268 72.787 72.6053 2
1121 101.347 110.462 110.343 110.976 4
1122 66.5761 74.1268 72.787 72.6053 2
1123 101.347 110.462 110.343 110.976 4
1124 66.5761 74.1268 72.787 72.6053 2
1125 101.347 110.462 110.343 110.976 4
1126 66.5761 74.1268 72.787 72.6053 2
1127 101.347 110.462 110.343 110.976 4
1128 66.5761 74.1268 72.787 72.6053 2
1129 101.347 110.462 110.343 110.976 4
1130 66.5761 74.1268 72.787 72.6053 2
1131 101.347 110.462 110.343 110.976 4
1132 66.5761 74.1268 72.787 72.6053 2
1133 101.347 110.462 110.343 110.976 4
1134 66.5761 74.1268 72.787 72.6053 2
1135 101.347 110.462 110.343 110.976 4
1136 66.5761 74.1268 72.787 72.6053 2
1137 101.347 110.462 110.343 110.976 4
1138 66.5761 74.1268 72.787 72.6053 2
1139 101.347 110.462 110.343 110.976 4
1140 66.5761 74.1268 72.787 72.6053 2
1141 101.347 110.462 110.343 110.976 4
1142 RANDOM
1143 62.9931 70.3641 68.86 68.5256 2
1144 101.989 111.154 111.034 111.647 4
1145 62.9931 70.3641 68.86 68.5256 2
1146 101.989 111.154 111.034 111.647 4
1147 62.9931 70.3641 68.86 68.5256 2
1148 101.989 111.154 111.034 111.647 4
1149 62.9931 70.3641 68.86 68.5256 2
1150 101.989 111.154 111.034 111.647 4
1151 62.9931 70.3641 68.86 68.5256 2
1152 101.989 111.154 111.034 111.647 4
1153 62.9931 70.3641 68.86 68.5256 2
1154 RANDOM
1155 101.347 110.462 110.343 110.976 4
1156 66.5761 74.1268 72.787 72.6053 2
1157 RANDOM
1158 100.898 109.978 109.862 110.508 4
1159 70.2023 77.917 76.7029 76.6275 2
1160 RANDOM
1161 91.5548 100.307 99.7219 100.346 4
1162 73.9123 81.8071 80.6792 80.6842 2
1163 91.5548 100.307 99.7219 100.346 4
1164 73.9123 81.8071 80.6792 80.6842 2
1165 91.5548 100.307 99.7219 100.346 4
1166 73.9123 81.8071 80.6792 80.6842 2
1167 91.5548 100.307 99.7219 100.346 4
1168 73.9123 81.8071 80.6792 80.6842 2
1169 91.5548 100.307 99.7219 100.346 4
1170 73.9123 81.8071 80.6792 80.6842 2
1171 91.5548 100.307 99.7219 100.346 4
1172 73.9123 81.8071 80.6792 80.6842 2
1173 91.5548 100.307 99.7219 100.346 4
1174 RANDOM
1175 70.2023 77.917 76.7029 76.6275 2
1176 100.898 109.978 109.862 110.508 4
1177 70.2023 77.917 76.7029 76.6275 2
1178 100.898 109.978 109.862 110.508 4
1179 70.2023 77.917 76.7029 76.6275 2
1180 100.898 109.978 109.862 110.508 4
1181 70.2023 77.917 76.7029 76.6275 2
1182 100.898 109.978 109.862 110.508 4
1183 70.2023 77.917 76.7029 76.6275 2
1184 100.898 109.978 109.862 110.508 4
1185 70.2023 77.917 76.7029 76.6275 2
1186 100.898 109.978 109.862 110.508 4
1187 70.2023 77.917 76.7029 76.6275 2
1188 100.898 109.978 109.862 110.508 4
1189 70.2023 77.917 76.7029 76.6275 2
1190 100.898 109.978 109.862 110.508 4
1191 70.2023 77.917 76.7029 76.6275 2
1192 100.898 109.978 109.862 110.508 4
1193 70.2023 77.917 76.7029 76.6275 2
1194 100.898 109.978 109.862 110.508 4
1195 70.2023 77.917 76.7029 76.6275 2
1196 100.898 109.978 109.862 110.508 4
1197 70.2023 77.917 76.7029 76.6275 2
1198 100.898 109.978 109.862 110.508 4
1199 70.2023 77.917 76.7029 76.6275 2
1200 100.898 109.978 109.862 110.508 4
1201 70.2023 77.917 76.7029 76.6275 2
1202 100.898 109.978 109.862 110.508 4
1203 70.2023 77.917 76.7029 76.6275 2
1204 100.898 109.978 109.862 110.508 4
1205 70.2023 77.917 76.7029 76.6275 2
1206 RANDOM
1207 91.5548 100.307 99.7219 100.346 4
1208 73.9123 81.8071 80.6792 80.6842 2
1209 91.5548 100.307 99.7219 100.346 4
1210 73.9123 81.8071 80.6792 80.6842 2
1211 91.5548 100.307 99.7219 100.346 4
1212 73.9123 81.8071 80.6792 80.6842 2
1213 91.5548 100.307 99.7219 100.346 4
1214 73.9123 81.8071 80.6792 80.6842 2
1215 91.5548 100.307 99.7219 100.346 4
1216 73.9123 81.8071 80.6792 80.6842 2
1217 91.5548 100.307 99.7219 100.346 4
1218 73.9123 81.8071 80.6792 80.6842 2
1219 91.5548 100.307 99.7219 100.346 4
1220 73.9123 81.8071 80.6792 80.6842 2
1221 91.5548 100.307 99.7219 100.346 4
1222 RANDOM
1223 70.2023 77.917 76.7029 76.6275 2
1224 100.898 109.978 109.862 110.508 4
1225 RANDOM
1226 66.5761 74.1268 72.787 72.6053 2
1227 101.347 110.462 110.343 110.976 4
1228 66.5761 74.1268 72.787 72.6053 2
1229 101.347 110.462 110.343 110.976 4
1230 66.5761 74.1268 72.787 72.6053 2
1231 101.347 110.462 110.343 110.976 4
1232 66.5761 74.1268 72.787 72.6053 2
1233 101.347 110.462 110.343 110.976 4
1234 66.5761 74.1268 72.787 72.6053 2
1235 101.347 110.462 110.343 110.976 4
1236 66.5761 74.1268 72.787 72.6053 2
1237 101.347 110.462 110.343 110.976 4
1238 66.5761 74.1268 72.787 72.6053 2
1239 101.347 110.462 110.343 110.976 4
1240 66.5761 74.1268 72.787 72.6053 2
1241 101.347 110.462 110.343 110.976 4
1242 66.5761 74.1268 72.787 72.6053 2
1243 101.347 110.462 110.343 110.976 4
1244 66.5761 74.1268 72.787 72.6053 2
1245 101.347 110.462 110.343 110.976 4
1246 66.5761 74.1268 72.787 72.6053 2
1247 101.347 110.462 110.343 110.976 4
1248 66.5761 74.1268 72.787 72.6053 2
1249 101.347 110.462 110.343 110.976 4
1250 66.5761 74.1268 72.787 72.6053 2
1251 101.347 110.462 110.343 110.976 4
1252 66.5761 74.1268 72.787 72.6053 2
1253 101.347 110.462 110.343 110.976 4
1254 66.5761 74.1268 72.787 72.6053 2
1255 101.347 110.462 110.343 110.976 4
1256 66.5761 74.1268 72.787 72.6053 2
1257 101.347 110.462 110.343 110.976 4
1258 66.5761 74.1268 72.787 72.6053 2
1259 101.347 110.462 110.343 110.976 4
1260 66.5761 74.1268 72.787 72.6053 2
1261 101.347 110.462 110.343 110.976 4
1262 66.5761 74.1268 72.787 72.6053 2
1263 101.347 110.462 110.343 110.976 4
1264 66.5761 74.1268 72.787 72.6053 2
1265 101.347 110.462 110.343 110.976 4
1266 RANDOM
1267 62.9931 70.3641 68.86 68.5256 2
1268 101.989 111.154 111.034 111.647 4
1269 62.9931 70.3641 68.86 68.5256 2
1270 101.989 111.154 111.034 111.647 4
1271 62.9931 70.3641 68.86 68.5256 2
1272 101.989 111.154 111.034 111.647 4
1273 62.9931 70.3641 68.86 68.5256 2
1274 101.989 111.154 111.034 111.647 4
1275 62.9931 70.3641 68.86 68.5256 2
1276 101.989 111.154 111.034 111.647 4
1277 62.9931 70.3641 68.86 68.5256 2
1278 101.989 111.154 111.034 111.647 4
1279 62.9931 70.3641 68.86 68.5256 2
1280 101.989 111.154 111.034 111.647 4
1281 62.9931 70.3641 68.86 68.5256 2
1282 101.989 111.154 111.034 111.647 4
1283 62.9931 70.3641 68.86 68.5256 2
1284 101.989 111.154 111.034 111.647 4
1285 62.9931 70.3641 68.86 68.5256 2
1286 101.989 111.154 111.034 111.647 4
1287 62.9931 70.3641 68.86 68.5256 2
1288 101.989 111.154 111.034 111.647 4
1289 RANDOM
1290 72.9655 80.8418 79.6454 79.6392 2
1291 102.6 111.812 111.691 112.287 4
1292 72.9655 80.8418 79.6454 79.6392 2
1293 RANDOM
1294 101.89 111.047 110.926 111.543 4
1295 65.2046 72.6734 71.3043 71.0769 2
1296 101.89 111.047 110.926 111.543 4
1297 65.2046 72.6734 71.3043 71.0769 2
1298 101.89 111.047 110.926 111.543 4
1299 65.2046 72.6734 71.3043 71.0769 2
1300 101.89 111.047 110.926 111.543 4
1301 65.2046 72.6734 71.3043 71.0769 2
1302 101.89 111.047 110.926 111.543 4
1303 65.2046 72.6734 71.3043 71.0769 2
1304 101.89 111.047 110.926 111.543 4
1305 65.2046 72.6734 71.3043 71.0769 2
1306 101.89 111.047 110.926 111.543 4
1307 65.2046 72.6734 71.3043 71.0769 2
1308 101.89 111.047 110.926 111.543 4
1309 65.2046 72.6734 71.3043 71.0769 2
1310 101.89 111.047 110.926 111.543 4
1311 65.2046 72.6734 71.3043 71.0769 2
1312 101.89 111.047 110.926 111.543 4
1313 65.2046 72.6734 71.3043 71.0769 2
1314 101.89 111.047 110.926 111.543 4
1315 65.2046 72.6734 71.3043 71.0769 2
1316 101.89 111.047 110.926 111.543 4
1317 65.2046 72.6734 71.3043 71.0769 2
1318 101.89 111.047 110.926 111.543 4
1319 65.2046 72.6734 71.3043 71.0769 2
1320 101.89 111.047 110.926 111.543 4
1321 65.2046 72.6734 71.3043 71.0769 2
1322 101.89 111.047 110.926 111.543 4
1323 65.2046 72.6734 71.3043 71.0769 2
1324 101.89 111.047 110.926 111.543 4
1325 65.2046 72.6734 71.3043 71.0769 2
1326 101.89 111.047 110.926 111.543 4
1327 65.2046 72.6734 71.3043 71.0769 2
1328 101.89 111.047 110.926 111.543 4
1329 65.2046 72.6734 71.3043 71.0769 2
1330 101.89 111.047 110.926 111.543 4
1331 RANDOM
1332 72.9655 80.8418 79.6454 79.6392 2
1333 102.6 111.812 111.691 112.287 4
1334 72.9655 80.8418 79.6454 79.6392 2
1335 RANDOM
1336 101.89 111.047 110.926 111.543 4
1337 65.2046 72.6734 71.3043 71.0769 2
1338 101.89 111.047 110.926 111.543 4
1339 65.2046 72.6734 71.3043 71.0769 2
1340 101.89 111.047 110.926 111.543 4
1341 65.2046 72.6734 71.3043 71.0769 2
1342 101.89 111.047 110.926 111.543 4
1343 65.2046 72.6734 71.3043 71.0769 2
1344 101.89 111.047 110.926 111.543 4
1345 65.2046 72.6734 71.3043 71.0769 2
1346 101.89 111.047 110.926 111.543 4
1347 65.2046 72.6734 71.3043 71.0769 2
1348 101.89 111.047 110.926 111.543 4
1349 65.2046 72.6734 71.3043 71.0769 2
1350 RANDOM
1351 101.236 110.343 110.224 110.86 4
1352 69.3366 76.993 75.7776 75.6902 2
1353 101.236 110.343 110.224 110.86 4
1354 RANDOM
1355 65.2046 72.6734 71.3043 71.0769 2
1356 101.89 111.047 110.926 111.543 4
1357 65.2046 72.6734 71.3043 71.0769 2
1358 101.89 111.047 110.926 111.543 4
1359 65.2046 72.6734 71.3043 71.0769 2
1360 101.89 111.047 110.926 111.543 4
1361 RANDOM
1362 72.9655 80.8418 79.6454 79.6392 2
1363 102.6 111.812 111.691 112.287 4
1364 72.9655 80.8418 79.6454 79.6392 2
1365 102.6 111.812 111.691 112.287 4
1366 72.9655 80.8418 79.6454 79.6392 2
1367 102.6 111.812 111.691 112.287 4
1368 72.9655 80.8418 79.6454 79.6392 2
1369 102.6 111.812 111.691 112.287 4
1370 72.9655 80.8418 79.6454 79.6392 2
1371 102.6 111.812 111.691 112.287 4
1372 72.9655 80.8418 79.6454 79.6392 2
1373 102.6 111.812 111.691 112.287 4
1374 72.9655 80.8418 79.6454 79.6392 2
1375 102.6 111.812 111.691 112.287 4
1376 72.9655 80.8418 79.6454 79.6392 2
1377 102.6 111.812 111.691 112.287 4
1378 72.9655 80.8418 79.6454 79.6392 2
1379 102.6 111.812 111.691 112.287 4
1380 72.9655 80.8418 79.6454 79.6392 2
1381 102.6 111.812 111.691 112.287 4
1382 72.9655 80.8418 79.6454 79.6392 2
1383 102.6 111.812 111.691 112.287 4
1384 72.9655 80.8418 79.6454 79.6392 2
1385 102.6 111.812 111.691 112.287 4
1386 72.9655 80.8418 79.6454 79.6392 2
1387 102.6 111.812 111.691 112.287 4
1388 72.9655 80.8418 79.6454 79.6392 2
1389 102.6 111.812 111.691 112.287 4
1390 72.9655 80.8418 79.6454 79.6392 2
1391 102.6 111.812 111.691 112.287 4
1392 72.9655 80.8418 79.6454 79.6392 2
1393 102.6 111.812 111.691 112.287 4
1394 72.9655 80.8418 79.6454 79.6392 2
1395 102.6 111.812 111.691 112.287 4
1396 72.9655 80.8418 79.6454 79.6392 2
1397 102.6 111.812 111.691 112.287 4
1398 72.9655 80.8418 79.6454 79.6392 2
1399 102.6 111.812 111.691 112.287 4
1400 72.9655 80.8418 79.6454 79.6392 2
1401 102.6 111.812 111.691 112.287 4
1402 72.9655 80.8418 79.6454 79.6392 2
1403 102.6 111.812 111.691 112.287 4
1404 72.9655 80.8418 79.6454 79.6392 2
1405 102.6 111.812 111.691 112.287 4
1406 72.9655 80.8418 79.6454 79.6392 2
1407 102.6 111.812 111.691 112.287 4
1408 72.9655 80.8418 79.6454 79.6392 2
1409 102.6 111.812 111.691 112.287 4
1410 72.9655 80.8418 79.6454 79.6392 2
1411 102.6 111.812 111.691 112.287 4
1412 72.9655 80.8418 79.6454 79.6392 2
1413 102.6 111.812 111.691 112.287 4
1414 RANDOM
1415 100.037 109.051 108.936 109.612 4
1416 83.3216 91.6386 90.7917 90.9003 2
