0 123.279 134.886 123.401 148.342 4
1 156.992 173.174 153.023 192.925 4
2 144.772 154.047 140.19 170.965 4
3 148.903 159.256 144.294 177.65 4
4 155.039 167.46 150.59 187.928 4
5 164.775 180.582 160.628 204.234 4
6 144.287 154.61 140.131 172.258 4
7 150.12 162.463 146.127 182.155 4
8 158.456 173.87 154.769 196.44 4
9 170.997 189.918 167.255 216.419 4
10 170.297 181.368 162.985 208.169 4
11 178.113 190.295 170.115 219.848 4
12 189.322 203.267 180.386 236.736 4
13 205.026 221.65 194.844 260.595 4
14 178.632 189.745 170.559 219.562 4
15 184.416 196.182 175.767 227.961 4
16 193.185 206.167 183.793 241.061 4
17 205.693 220.698 195.362 260.059 4
18 182.1 194.182 174.732 226.262 4
19 190.708 203.961 182.476 239.397 4
20 203.504 218.651 194.118 259.054 4
21 222.332 240.636 211.35 288.374 4
22 189.162 201.433 180.876 236.965 4
23 197.64 211.074 188.534 249.718 4
24 210.391 225.696 200.241 269.242 4
25 228.594 246.688 216.812 297.283 4
26 166.882 178.288 160.217 210.605 4
27 175.851 188.271 167.83 224.491 4
28 188.874 202.863 178.974 244.744 4
29 208.647 225.001 196.075 275.22 4
30 191.302 204.463 180.982 248.572 4
31 207.653 222.365 194.688 273.118 4
32 229.568 246.382 212.939 306.094 4
33 256.576 276.151 235.555 346.686 4
34 218.75 234.499 207.391 287.996 4
35 240.893 258.4 225.472 320.777 4
36 272.089 292.378 250.994 367.108 4
37 309.461 333.126 281.439 422.44 4
38 234.719 251.925 221.869 311.885 4
39 255.901 274.693 239.104 342.806 4
40 287.632 308.991 265.472 388.525 4
41 325.163 349.744 296.042 443.376 4
42 259.279 281.831 247.202 350.874 4
43 289.281 313.718 271.129 392.494 4
44 327.918 354.642 301.803 445.557 4
45 374.548 403.891 338.628 509.382 4
46 RANDOM
47 292.187 319.936 280.422 398.185 4
48 327.717 356.921 308.652 445.997 4
49 370.667 401.965 342.742 504.167 4
50 362.911 398.444 346.415 497.254 4
51 362.911 398.444 346.415 497.254 4
