0 2.83306 35.0552 24.6835 36.4624 4
1 2.83306 35.0552 24.6835 36.4624 4
2 2.83306 35.0552 24.6835 36.4624 4
3 2.83306 35.0552 24.6835 36.4624 4
4 2.83306 35.0552 24.6835 36.4624 4
5 2.83306 35.0552 24.6835 36.4624 4
6 2.83306 35.0552 24.6835 36.4624 4
7 2.83306 35.0552 24.6835 36.4624 4
8 2.83306 35.0552 24.6835 36.4624 4
9 2.83306 35.0552 24.6835 36.4624 4
10 2.83306 35.0552 24.6835 36.4624 4
11 2.83306 35.0552 24.6835 36.4624 4
12 2.83306 35.0552 24.6835 36.4624 4
13 2.83306 35.0552 24.6835 36.4624 4
14 2.83306 35.0552 24.6835 36.4624 4
15 2.83306 35.0552 24.6835 36.4624 4
16 2.83306 35.0552 24.6835 36.4624 4
17 2.83306 35.0552 24.6835 36.4624 4
18 2.83306 35.0552 24.6835 36.4624 4
19 2.83306 35.0552 24.6835 36.4624 4
20 2.83306 35.0552 24.6835 36.4624 4
21 2.83306 35.0552 24.6835 36.4624 4
22 2.83306 35.0552 24.6835 36.4624 4
23 2.83306 35.0552 24.6835 36.4624 4
24 2.83306 35.0552 24.6835 36.4624 4
25 2.83306 35.0552 24.6835 36.4624 4
26 2.83306 35.0552 24.6835 36.4624 4
27 2.83306 35.0552 24.6835 36.4624 4
28 2.83306 35.0552 24.6835 36.4624 4
29 2.83306 35.0552 24.6835 36.4624 4
30 2.83306 35.0552 24.6835 36.4624 4
31 2.83306 35.0552 24.6835 36.4624 4
32 2.83306 35.0552 24.6835 36.4624 4
33 2.83306 35.0552 24.6835 36.4624 4
34 2.83306 35.0552 24.6835 36.4624 4
35 2.83306 35.0552 24.6835 36.4624 4
36 2.83306 35.0552 24.6835 36.4624 4
37 2.83306 35.0552 24.6835 36.4624 4
38 2.83306 35.0552 24.6835 36.4624 4
39 2.83306 35.0552 24.6835 36.4624 4
40 2.83306 35.0552 24.6835 36.4624 4
41 2.83306 35.0552 24.6835 36.4624 4
42 -3.31839 43.2683 10.6921 88.6054 4
43 -3.72824 47.5181 14.0217 92.6794 4
44 -4.96335 52.2714 17.8076 97.901 4
45 -6.36641 58.2834 23.5905 103.571 4
46 RANDOM
47 -2.23235 35.0718 6.38864 77.0238 4
48 -1.82171 32.3985 7.38336 71.2385 4
49 -1.48261 29.6941 8.46801 65.2657 4
50 16.259 69.3396 77.3284 64.6306 3
51 3.59385 43.1761 37.8335 41.808 2
