0 -1.83116 30.3014 19.1539 31.3009 4
1 -1.83116 30.3014 19.1539 31.3009 4
2 -1.83116 30.3014 19.1539 31.3009 4
3 -1.83116 30.3014 19.1539 31.3009 4
4 -1.83116 30.3014 19.1539 31.3009 4
5 -1.83116 30.3014 19.1539 31.3009 4
6 -1.83116 30.3014 19.1539 31.3009 4
7 -1.83116 30.3014 19.1539 31.3009 4
8 -1.83116 30.3014 19.1539 31.3009 4
9 -1.83116 30.3014 19.1539 31.3009 4
10 -1.83116 30.3014 19.1539 31.3009 4
11 -1.83116 30.3014 19.1539 31.3009 4
12 -1.83116 30.3014 19.1539 31.3009 4
13 -1.83116 30.3014 19.1539 31.3009 4
14 -1.83116 30.3014 19.1539 31.3009 4
15 -1.83116 30.3014 19.1539 31.3009 4
16 -1.83116 30.3014 19.1539 31.3009 4
17 -1.83116 30.3014 19.1539 31.3009 4
18 -1.83116 30.3014 19.1539 31.3009 4
19 -1.83116 30.3014 19.1539 31.3009 4
20 -1.83116 30.3014 19.1539 31.3009 4
21 -1.83116 30.3014 19.1539 31.3009 4
22 -1.83116 30.3014 19.1539 31.3009 4
23 -1.83116 30.3014 19.1539 31.3009 4
24 -1.83116 30.3014 19.1539 31.3009 4
25 -1.83116 30.3014 19.1539 31.3009 4
26 -1.83116 30.3014 19.1539 31.3009 4
27 -1.83116 30.3014 19.1539 31.3009 4
28 -1.83116 30.3014 19.1539 31.3009 4
29 -1.83116 30.3014 19.1539 31.3009 4
30 -1.83116 30.3014 19.1539 31.3009 4
31 -1.83116 30.3014 19.1539 31.3009 4
32 -1.83116 30.3014 19.1539 31.3009 4
33 -1.83116 30.3014 19.1539 31.3009 4
34 -1.83116 30.3014 19.1539 31.3009 4
35 -1.83116 30.3014 19.1539 31.3009 4
36 -1.83116 30.3014 19.1539 31.3009 4
37 -1.83116 30.3014 19.1539 31.3009 4
38 -1.83116 30.3014 19.1539 31.3009 4
39 -1.83116 30.3014 19.1539 31.3009 4
40 -1.83116 30.3014 19.1539 31.3009 4
41 -1.83116 30.3014 19.1539 31.3009 4
42 -11.9968 31.5343 -2.73689 76.5352 4
43 -13.1723 34.3486 -0.872448 79.4235 4
44 -15.2336 37.5726 1.33683 82.7068 4
45 -17.8056 41.1635 4.32351 86.1149 4
46 -9.97994 28.559 -5.71652 73.0892 4
47 -9.02239 26.2016 -3.84722 67.4036 4
48 -8.10819 24.3058 -2.13266 62.5716 4
49 -7.17671 22.3762 -0.379977 57.637 4
50 -0.729443 36.6066 44.1026 38.8366 3
51 -3.06806 34.1884 28.0374 32.7076 2
