0 1581.57 3608.8 -647.163 3434.18 2
1 RANDOM
2 1645.68 3628.86 -643.829 3466.88 2
3 1400.95 3484.84 -545.253 3290.95 2
4 1459.77 3429.13 -560.681 3238.8 2
5 1486.74 3457.01 -523.572 3260.84 2
6 RANDOM
7 1468.38 3361.79 -517.183 3208.17 2
8 1483.79 3288.11 -457.865 3084.07 2
9 1472.25 3309.84 -420.425 3087.22 2
10 1525.07 3212.96 -356.394 2981.9 2
11 1521.42 3216.2 -402.279 2954.01 2
12 1533.52 3197.54 -356.499 2904.87 2
13 RANDOM
14 1619.68 3041.81 -212.203 2695.76 2
15 1528.78 3459.14 -374.32 3228.28 2
16 1540.79 3439.5 -258.865 3138.77 2
17 1538.58 3477.3 -189.779 3148.03 2
18 1572.67 3366.53 -99.7967 3000.34 2
19 1616.04 3574.52 -335.458 3502.15 2
20 1631.56 3515.46 -242.235 3372.83 2
21 1655.03 3487.65 -129.639 3285.09 2
22 1738.29 3201.24 34.6445 2903.47 2
23 1712.4 3858.6 135.431 3764.86 2
24 RANDOM
25 1749.31 3570.81 197.435 3310.11 2
26 1746.37 3336.58 244.963 3000.23 2
27 1796.7 3508.98 257.143 3338.02 2
28 1848.23 3365.45 347.617 3090.14 2
29 1862.02 3254.84 409.997 2902.18 2
30 RANDOM
31 1849.44 3156.5 491.859 2681.78 2
32 1940.26 2923.02 616.559 2476.63 2
