0 -301.047 97.2594 -318.87 67.5015 2
1 -300.968 103.432 -326.083 86.8148 2
2 -308.288 115.479 -317.18 102.347 2
3 -360.358 94.2042 -278.141 99.6163 4
4 -375.047 117.768 -327.976 124.398 4
5 -372.62 113.321 -325.786 117.79 4
6 -373.931 122.56 -303.639 124.58 4
7 -379.735 137.944 -269.808 136.327 2
8 -301.047 97.2594 -318.87 67.5015 2
9 -300.968 103.432 -326.083 86.8148 2
10 -308.288 115.479 -317.18 102.347 2
11 -360.358 94.2042 -278.141 99.6163 4
12 -375.047 117.768 -327.976 124.398 4
13 -372.62 113.321 -325.786 117.79 4
14 -373.931 122.56 -303.639 124.58 4
15 -379.735 137.944 -269.808 136.327 2
16 -301.047 97.2594 -318.87 67.5015 2
17 RANDOM
18 -308.288 115.479 -317.18 102.347 2
19 RANDOM
20 -358.192 92.9036 -270.748 89.2638 2
21 -367.897 89.7972 -256.501 78.8838 2
22 -322.191 102.634 -300.13 110.885 4
23 -374.69 77.9664 -285.749 84.2544 4
24 -380.39 80.8702 -283.266 93.2969 4
25 -390.146 96.1461 -284.831 117.798 4
26 -349.338 95.2415 -362.55 99.5551 4
27 -347.718 92.4547 -353.91 93.7617 4
28 -350.022 98.7276 -332.315 95.0874 2
29 -279.9 85.9288 -338.975 66.0089 2
30 -281.083 93.0726 -339.213 81.6756 2
31 -315.691 82.0462 -319.345 97.4519 4
32 -349.338 95.2415 -362.55 99.5551 4
33 -347.718 92.4547 -353.91 93.7617 4
34 -350.022 98.7276 -332.315 95.0874 2
35 RANDOM
36 -281.083 93.0726 -339.213 81.6756 2
37 -315.691 82.0462 -319.345 97.4519 4
38 -349.338 95.2415 -362.55 99.5551 4
39 -347.718 92.4547 -353.91 93.7617 4
40 -367.167 81.6068 -330.075 72.1533 2
41 -287.988 69.1593 -333.361 49.3582 2
42 -289.526 77.4324 -332.175 66.884 2
43 -322.971 76.7298 -317.197 92.1542 4
44 -363.947 89.2904 -355.403 91.9977 4
45 -365.731 77.7003 -349.295 74.386 2
46 -289.526 77.4324 -332.175 66.884 2
47 -322.971 76.7298 -317.197 92.1542 4
48 -363.947 89.2904 -355.403 91.9977 4
49 -365.731 77.7003 -349.295 74.386 2
50 -289.526 77.4324 -332.175 66.884 2
51 -322.971 76.7298 -317.197 92.1542 4
52 -363.947 89.2904 -355.403 91.9977 4
53 RANDOM
54 -367.167 81.6068 -330.075 72.1533 2
55 -287.988 69.1593 -333.361 49.3582 2
56 -289.526 77.4324 -332.175 66.884 2
57 -322.971 76.7298 -317.197 92.1542 4
58 -363.947 89.2904 -355.403 91.9977 4
59 -365.731 77.7003 -349.295 74.386 2
60 -289.526 77.4324 -332.175 66.884 2
61 -322.971 76.7298 -317.197 92.1542 4
62 -363.947 89.2904 -355.403 91.9977 4
63 -365.731 77.7003 -349.295 74.386 2
64 -289.526 77.4324 -332.175 66.884 2
65 RANDOM
66 -316.115 84.9774 -313.43 95.9393 4
67 -409.478 81.6593 -278.613 101.219 4
68 -363.947 89.2904 -355.403 91.9977 4
69 -365.731 77.7003 -349.295 74.386 2
70 -289.526 77.4324 -332.175 66.884 2
71 -322.971 76.7298 -317.197 92.1542 4
72 -363.947 89.2904 -355.403 91.9977 4
73 -365.731 77.7003 -349.295 74.386 2
74 -289.526 77.4324 -332.175 66.884 2
75 -322.971 76.7298 -317.197 92.1542 4
76 -363.947 89.2904 -355.403 91.9977 4
77 -365.731 77.7003 -349.295 74.386 2
78 -289.526 77.4324 -332.175 66.884 2
79 -322.971 76.7298 -317.197 92.1542 4
80 -363.947 89.2904 -355.403 91.9977 4
81 -365.731 77.7003 -349.295 74.386 2
82 -289.526 77.4324 -332.175 66.884 2
83 -322.971 76.7298 -317.197 92.1542 4
84 -363.947 89.2904 -355.403 91.9977 4
85 -365.731 77.7003 -349.295 74.386 2
86 -289.526 77.4324 -332.175 66.884 2
87 -322.971 76.7298 -317.197 92.1542 4
88 -363.947 89.2904 -355.403 91.9977 4
89 -365.731 77.7003 -349.295 74.386 2
90 -289.526 77.4324 -332.175 66.884 2
91 -322.971 76.7298 -317.197 92.1542 4
92 -363.947 89.2904 -355.403 91.9977 4
93 -365.731 77.7003 -349.295 74.386 2
94 -289.526 77.4324 -332.175 66.884 2
95 -322.971 76.7298 -317.197 92.1542 4
96 -363.947 89.2904 -355.403 91.9977 4
97 -365.731 77.7003 -349.295 74.386 2
98 -289.526 77.4324 -332.175 66.884 2
99 -322.971 76.7298 -317.197 92.1542 4
100 -358.627 85.9217 -363.253 92.4075 4
101 -358.844 78.356 -355.858 79.9955 4
102 -359.2 84.7994 -335.587 81.4065 2
103 -279.446 84.5413 -350.147 71.6713 2
104 -284.378 90.3179 -348.178 85.8104 2
105 -308.153 79.3057 -330.647 99.7111 4
106 -358.627 85.9217 -363.253 92.4075 4
107 -358.844 78.356 -355.858 79.9955 4
108 -359.2 84.7994 -335.587 81.4065 2
109 -279.446 84.5413 -350.147 71.6713 2
110 -284.378 90.3179 -348.178 85.8104 2
111 -308.153 79.3057 -330.647 99.7111 4
112 -358.627 85.9217 -363.253 92.4075 4
113 -358.844 78.356 -355.858 79.9955 4
114 -359.2 84.7994 -335.587 81.4065 2
115 -279.446 84.5413 -350.147 71.6713 2
116 -284.378 90.3179 -348.178 85.8104 2
117 -308.153 79.3057 -330.647 99.7111 4
118 -358.627 85.9217 -363.253 92.4075 4
119 -358.844 78.356 -355.858 79.9955 4
120 -359.2 84.7994 -335.587 81.4065 2
121 RANDOM
122 -284.378 90.3179 -348.178 85.8104 2
123 -308.153 79.3057 -330.647 99.7111 4
124 -358.627 85.9217 -363.253 92.4075 4
125 -358.844 78.356 -355.858 79.9955 4
126 -359.2 84.7994 -335.587 81.4065 2
127 -279.446 84.5413 -350.147 71.6713 2
128 -284.378 90.3179 -348.178 85.8104 2
129 -308.153 79.3057 -330.647 99.7111 4
130 -358.627 85.9217 -363.253 92.4075 4
131 -358.844 78.356 -355.858 79.9955 4
132 -359.2 84.7994 -335.587 81.4065 2
133 -279.446 84.5413 -350.147 71.6713 2
134 RANDOM
135 -308.153 79.3057 -330.647 99.7111 4
136 -358.627 85.9217 -363.253 92.4075 4
137 -358.844 78.356 -355.858 79.9955 4
138 -359.2 84.7994 -335.587 81.4065 2
139 -279.446 84.5413 -350.147 71.6713 2
140 RANDOM
141 -308.153 79.3057 -330.647 99.7111 4
142 -358.627 85.9217 -363.253 92.4075 4
143 -358.844 78.356 -355.858 79.9955 4
144 RANDOM
145 RANDOM
146 -79.6304 73.7821 -535.973 95.5669 4
147 -79.5256 78.3914 -538.838 107.784 4
148 -94.6958 85.3031 -528.513 120.611 4
149 -100.361 94.2779 -517.733 133.063 4
150 -122.832 87.3289 -592.276 114.214 4
151 -154.31 72.717 -558.267 90.2498 4
152 -172.937 65.3181 -521.856 72.6023 4
153 -184.067 58.9006 -487.768 54.698 2
154 -150.609 106.053 -521.285 97.3714 2
155 -133.999 122.728 -552.429 128.196 4
156 -172.937 65.3181 -521.856 72.6023 4
157 RANDOM
158 -149.461 144.972 -511.316 188.346 4
159 -251.49 128.076 -380.168 147.138 4
160 -339.868 91.814 -266.962 82.6126 2
161 -174.321 155.62 -433.545 149.897 2
162 -111.519 168.633 -554.207 197.699 4
163 -251.49 128.076 -380.168 147.138 4
164 -339.868 91.814 -266.962 82.6126 2
165 -174.321 155.62 -433.545 149.897 2
166 -111.519 168.633 -554.207 197.699 4
167 -251.49 128.076 -380.168 147.138 4
168 -339.868 91.814 -266.962 82.6126 2
169 -174.321 155.62 -433.545 149.897 2
170 -111.519 168.633 -554.207 197.699 4
171 -251.49 128.076 -380.168 147.138 4
172 -339.868 91.814 -266.962 82.6126 2
173 -174.321 155.62 -433.545 149.897 2
174 -111.519 168.633 -554.207 197.699 4
175 -251.49 128.076 -380.168 147.138 4
176 -339.868 91.814 -266.962 82.6126 2
177 -174.321 155.62 -433.545 149.897 2
178 -111.519 168.633 -554.207 197.699 4
179 -251.49 128.076 -380.168 147.138 4
180 -339.868 91.814 -266.962 82.6126 2
181 -174.321 155.62 -433.545 149.897 2
182 -111.519 168.633 -554.207 197.699 4
183 -251.49 128.076 -380.168 147.138 4
184 -339.868 91.814 -266.962 82.6126 2
185 -174.321 155.62 -433.545 149.897 2
186 -111.519 168.633 -554.207 197.699 4
187 -251.49 128.076 -380.168 147.138 4
188 -339.868 91.814 -266.962 82.6126 2
189 -174.321 155.62 -433.545 149.897 2
190 RANDOM
191 -54.2745 121.852 -506.965 104.019 2
192 -50.5748 137.521 -532.05 130.912 2
193 -47.2004 147.203 -561.574 150.505 4
194 -50.7128 62.1511 -580.581 54.289 2
195 -47.2004 147.203 -561.574 150.505 4
196 -50.7128 62.1511 -580.581 54.289 2
197 -47.2004 147.203 -561.574 150.505 4
198 -50.7128 62.1511 -580.581 54.289 2
199 -47.2004 147.203 -561.574 150.505 4
200 -50.7128 62.1511 -580.581 54.289 2
201 -47.2004 147.203 -561.574 150.505 4
202 -50.7128 62.1511 -580.581 54.289 2
203 -47.2004 147.203 -561.574 150.505 4
204 -50.7128 62.1511 -580.581 54.289 2
205 -47.2004 147.203 -561.574 150.505 4
206 -50.7128 62.1511 -580.581 54.289 2
207 -47.2004 147.203 -561.574 150.505 4
208 -50.7128 62.1511 -580.581 54.289 2
209 -47.2004 147.203 -561.574 150.505 4
210 -50.7128 62.1511 -580.581 54.289 2
211 RANDOM
212 -55.9119 149.139 -584.092 157.911 4
213 -37.7889 73.2821 -609.308 76.1614 4
214 -50.7128 62.1511 -580.581 54.289 2
215 -47.2004 147.203 -561.574 150.505 4
216 -50.7128 62.1511 -580.581 54.289 2
217 -47.2004 147.203 -561.574 150.505 4
218 -50.7128 62.1511 -580.581 54.289 2
219 RANDOM
220 RANDOM
221 -145.561 154.227 -556.589 184.403 4
222 -85.7594 82.7825 -621.218 105.248 4
