0 -203.382 318.541 -790.746 267.477 2
1 -169.905 311.406 -819.728 258.182 2
2 -147.032 322.144 -833.756 265.325 2
3 -277.584 302.885 -671.967 293.45 2
4 -238.223 282.968 -673.35 255.542 2
5 -224.672 296.512 -655.214 253.22 2
6 -128.563 273.579 -707.402 230.721 2
7 RANDOM
8 RANDOM
9 -210.875 302.634 -604.301 291.816 2
10 -148.93 340.025 -565.499 324.848 2
11 -113.624 250.054 -563.355 207.813 2
12 -88.1002 250.322 -556.315 194.078 2
13 -67.63 263.877 -547.639 197.048 2
14 30.3471 327.788 -471.682 248.535 2
15 -114.728 257.074 -663.489 205.913 2
16 -92.1268 279.717 -598.132 204.32 2
17 -84.9957 311.81 -550.038 221.905 2
18 4.15251 366.541 -453.626 260.212 2
19 RANDOM
20 -38.835 419.113 -497.086 392.712 2
21 -13.1895 432.823 -453.582 388.789 2
22 123.467 464.413 -309.807 379.773 2
23 78.203 534.595 -169.909 472.607 2
24 167.837 530.766 -119.577 422.977 2
25 175.645 526.116 -120.818 403.85 2
26 233.614 534.101 -58.5733 383.254 2
27 220.017 543.579 -29.4366 421.404 2
28 338.692 548.501 46.5984 379.57 2
29 367.589 537.993 79.538 353.604 2
30 485.123 596.466 259.371 379.072 2
31 161.829 520.636 55.9675 474.091 2
32 316.187 525.089 187.772 421.154 2
33 371.367 555.579 286.211 431.015 2
34 552.893 637.725 514.409 470.275 2
35 88.1181 553.696 53.2744 550.33 2
36 193.043 592.628 188.92 555.742 2
37 293.71 623.387 315.968 561.566 2
38 508.435 672.059 567.532 576.104 2
39 325.283 579.663 333.35 525.103 2
40 436.883 597.921 421.049 511.174 2
41 535.392 600.748 485.827 480.193 2
42 700.629 610.842 607.542 440.469 1
43 725.256 616.822 499.356 381.523 1
