0 -14.0544 35.0672 23.2748 36.6893 4
1 -14.0544 35.0672 23.2748 36.6893 4
2 -14.0544 35.0672 23.2748 36.6893 4
3 -14.0544 35.0672 23.2748 36.6893 4
4 -14.0544 35.0672 23.2748 36.6893 4
5 -14.0544 35.0672 23.2748 36.6893 4
6 -14.0544 35.0672 23.2748 36.6893 4
7 -14.0544 35.0672 23.2748 36.6893 4
8 -14.0544 35.0672 23.2748 36.6893 4
9 -14.0544 35.0672 23.2748 36.6893 4
10 -14.0544 35.0672 23.2748 36.6893 4
11 -14.0544 35.0672 23.2748 36.6893 4
12 -14.0544 35.0672 23.2748 36.6893 4
13 -14.0544 35.0672 23.2748 36.6893 4
14 -14.0544 35.0672 23.2748 36.6893 4
15 -14.0544 35.0672 23.2748 36.6893 4
16 -14.0544 35.0672 23.2748 36.6893 4
17 -14.0544 35.0672 23.2748 36.6893 4
18 -14.0544 35.0672 23.2748 36.6893 4
19 -14.0544 35.0672 23.2748 36.6893 4
20 -14.0544 35.0672 23.2748 36.6893 4
21 -14.0544 35.0672 23.2748 36.6893 4
22 -14.0544 35.0672 23.2748 36.6893 4
23 -14.0544 35.0672 23.2748 36.6893 4
24 -14.0544 35.0672 23.2748 36.6893 4
25 -14.0544 35.0672 23.2748 36.6893 4
26 -14.0544 35.0672 23.2748 36.6893 4
27 -14.0544 35.0672 23.2748 36.6893 4
28 RANDOM
29 -14.0544 35.0672 23.2748 36.6893 4
30 RANDOM
31 -14.0544 35.0672 23.2748 36.6893 4
32 -14.0544 35.0672 23.2748 36.6893 4
33 -14.0544 35.0672 23.2748 36.6893 4
34 -14.0544 35.0672 23.2748 36.6893 4
35 -14.0544 35.0672 23.2748 36.6893 4
36 -14.0544 35.0672 23.2748 36.6893 4
37 -14.0544 35.0672 23.2748 36.6893 4
38 -14.0544 35.0672 23.2748 36.6893 4
39 RANDOM
40 -14.0544 35.0672 23.2748 36.6893 4
41 -14.0544 35.0672 23.2748 36.6893 4
42 -6.58089 15.0491 -77.6781 19.1261 4
43 -4.32749 15.5352 -84.6222 19.4522 4
44 -2.44713 15.6806 -92.9322 18.9898 4
45 -0.407985 14.619 -102.775 16.4264 4
46 -11.9575 10.0613 -62.8206 13.0315 4
47 -12.0494 8.89135 -58.236 11.7797 4
48 -10.0491 8.50223 -56.2303 11.8885 4
49 -8.51381 6.97218 -55.0866 9.84422 4
50 -4.77619 1.13601 -82.8755 -5.80523 2
51 -17.8002 2.9774 -9.62544 0.46487 2
52 -18.2611 -3.37899 -17.1467 -6.55182 2
53 -16.5213 -3.99004 -22.3182 -5.78058 2
54 -15.0145 -3.43015 -25.7053 -3.54677 2
55 -15.4937 -0.611534 -44.297 -1.09975 2
56 -15.3698 -2.0114 -38.1118 -2.40341 2
57 -15.306 -3.21656 -33.0707 -3.5673 2
58 -15.5256 -4.52514 -29.727 -5.19118 2
59 -14.0544 35.0672 23.2748 36.6893 4
60 -6.50897 5.87801 -72.3882 5.06689 2
61 -14.0544 35.0672 23.2748 36.6893 4
62 RANDOM
63 -22.0958 -1.99293 -16.2494 -11.2435 2
64 -17.2728 15.9615 4.2774 13.5746 2
