0 11.7804 44.0096 27.4968 45.5153 4
1 11.7804 44.0096 27.4968 45.5153 4
2 11.7804 44.0096 27.4968 45.5153 4
3 11.7804 44.0096 27.4968 45.5153 4
4 11.7804 44.0096 27.4968 45.5153 4
5 11.7804 44.0096 27.4968 45.5153 4
6 11.7804 44.0096 27.4968 45.5153 4
7 11.7804 44.0096 27.4968 45.5153 4
8 11.7804 44.0096 27.4968 45.5153 4
9 11.7804 44.0096 27.4968 45.5153 4
10 RANDOM
11 11.7804 44.0096 27.4968 45.5153 4
12 11.7804 44.0096 27.4968 45.5153 4
13 11.7804 44.0096 27.4968 45.5153 4
14 11.7804 44.0096 27.4968 45.5153 4
15 11.7804 44.0096 27.4968 45.5153 4
16 11.7804 44.0096 27.4968 45.5153 4
17 11.7804 44.0096 27.4968 45.5153 4
18 11.7804 44.0096 27.4968 45.5153 4
19 RANDOM
20 11.7804 44.0096 27.4968 45.5153 4
21 11.7804 44.0096 27.4968 45.5153 4
22 11.7804 44.0096 27.4968 45.5153 4
23 11.7804 44.0096 27.4968 45.5153 4
24 RANDOM
25 11.7804 44.0096 27.4968 45.5153 4
26 RANDOM
27 RANDOM
28 11.7804 44.0096 27.4968 45.5153 4
29 11.7804 44.0096 27.4968 45.5153 4
30 11.7804 44.0096 27.4968 45.5153 4
31 11.7804 44.0096 27.4968 45.5153 4
32 11.7804 44.0096 27.4968 45.5153 4
33 11.7804 44.0096 27.4968 45.5153 4
34 11.7804 44.0096 27.4968 45.5153 4
35 11.7804 44.0096 27.4968 45.5153 4
36 11.7804 44.0096 27.4968 45.5153 4
37 11.7804 44.0096 27.4968 45.5153 4
38 11.7804 44.0096 27.4968 45.5153 4
39 11.7804 44.0096 27.4968 45.5153 4
40 11.7804 44.0096 27.4968 45.5153 4
41 11.7804 44.0096 27.4968 45.5153 4
42 23.3376 93.5446 21.2387 117.045 4
43 26.1967 104.879 26.3413 126.448 4
44 RANDOM
45 35.0487 139.188 43.0666 154.238 4
46 15.503 70.2097 6.61435 101.718 4
47 14.2741 64.5272 7.7967 93.3737 4
48 13.1834 59.4701 8.89691 85.9059 4
49 14.5094 59.278 12.6343 81.3865 4
50 92.6992 224.139 167.495 181.972 2
51 11.7804 44.0096 27.4968 45.5153 4
52 92.6992 224.139 167.495 181.972 2
53 11.7804 44.0096 27.4968 45.5153 4
54 92.6992 224.139 167.495 181.972 2
55 11.7804 44.0096 27.4968 45.5153 4
56 92.6992 224.139 167.495 181.972 2
57 11.7804 44.0096 27.4968 45.5153 4
58 92.6992 224.139 167.495 181.972 2
59 11.7804 44.0096 27.4968 45.5153 4
60 92.6992 224.139 167.495 181.972 2
61 11.7804 44.0096 27.4968 45.5153 4
62 92.6992 224.139 167.495 181.972 2
63 11.7804 44.0096 27.4968 45.5153 4
64 92.6992 224.139 167.495 181.972 2
65 11.7804 44.0096 27.4968 45.5153 4
66 92.6992 224.139 167.495 181.972 2
67 11.7804 44.0096 27.4968 45.5153 4
68 92.6992 224.139 167.495 181.972 2
69 11.7804 44.0096 27.4968 45.5153 4
70 92.6992 224.139 167.495 181.972 2
71 11.7804 44.0096 27.4968 45.5153 4
72 92.6992 224.139 167.495 181.972 2
73 11.7804 44.0096 27.4968 45.5153 4
74 92.6992 224.139 167.495 181.972 2
75 11.7804 44.0096 27.4968 45.5153 4
76 92.6992 224.139 167.495 181.972 2
77 RANDOM
78 RANDOM
79 10.0404 41.6144 21.9472 46.4093 4
80 16.3616 65.1415 18.5998 81.3034 4
81 15.9795 62.763 21.5588 74.4795 4
82 92.6992 224.139 167.495 181.972 2
83 11.7804 44.0096 27.4968 45.5153 4
84 RANDOM
85 11.7804 44.0096 27.4968 45.5153 4
86 84.672 216.027 153.588 178.356 2
