0 -567.7 405.258 -601.483 359.434 2
1 -546.927 401.593 -613.033 358.088 2
2 -532.953 408.518 -611.614 362.944 2
3 -701.34 382.04 -479.346 346.179 2
4 -668.98 374.853 -473.332 320.926 2
5 -660.814 371.887 -459.699 302.813 2
6 -560.205 370.961 -517.811 316.543 2
7 -614.763 397.047 -463.519 338.118 2
8 -605.079 389.656 -462.128 320.156 2
9 -607.012 396.472 -463.735 327.388 2
10 -576.522 422.874 -456.192 354.021 2
11 -539.977 347.645 -426.747 244.536 2
12 -523.592 341.278 -428.907 229.284 2
13 -505.294 348.567 -428.148 229.859 2
14 -450.708 374.177 -403.114 243.73 2
15 -505.103 364.978 -506.979 271.088 2
16 -494.104 358.503 -473.28 240.473 2
17 -494.84 374.233 -447.845 243.254 2
18 -444.69 395.198 -390.09 242.962 2
19 -483.99 415.88 -424.806 340.77 2
20 -460.135 435.976 -409.08 349.649 2
21 -455.651 451.993 -389.077 360.619 2
22 -388.917 448.042 -321.058 311.498 2
23 -357.265 443.166 -168.073 271.32 2
24 -301.115 426.012 -147.178 217.737 2
25 -302.9 424.193 -159.919 209.171 2
26 -281.76 414.628 -134.938 171.232 2
27 -282.085 391.173 -91.6059 144.655 2
28 -185.281 385.179 -36.4997 92.1908 2
29 -183.801 382.656 -25.1899 84.1699 2
30 -122.957 397.219 83.7251 59.0785 2
31 -332.767 408.204 -11.7758 227.309 2
32 -226.749 391.984 72.899 157.059 2
33 -213.542 403.406 124.712 154.817 2
34 -120.305 423.734 264.342 124.839 2
35 -415.888 464.037 -51.1035 337.225 2
36 -345.276 476.82 45.8594 314.33 2
37 -284.113 477.877 131.887 288.389 2
38 -161.392 461.915 302.963 228.273 2
39 -249.07 420.003 166.351 240.674 2
40 -188.185 407.466 213.448 197.112 2
41 -125.95 414.111 254.149 176.554 2
42 -42.6798 452.102 331.934 179.464 2
43 -135.619 405.87 292.502 189.481 2
44 RANDOM
45 -41.142 456.233 340.399 192.802 2
46 55.4364 501.122 433.41 209.939 2
47 RANDOM
48 34.4322 473.969 232.91 152.009 2
49 -31.5814 470.708 185.619 164.486 2
50 -68.6127 460.71 161.809 160.577 2
51 -68.6127 460.71 161.809 160.577 2
