0 -16.922 28.9053 16.4612 30.0363 4
1 -16.922 28.9053 16.4612 30.0363 4
2 -16.922 28.9053 16.4612 30.0363 4
3 -16.922 28.9053 16.4612 30.0363 4
4 RANDOM
5 -16.922 28.9053 16.4612 30.0363 4
6 -16.922 28.9053 16.4612 30.0363 4
7 -16.922 28.9053 16.4612 30.0363 4
8 -16.922 28.9053 16.4612 30.0363 4
9 -16.922 28.9053 16.4612 30.0363 4
10 -16.922 28.9053 16.4612 30.0363 4
11 -16.922 28.9053 16.4612 30.0363 4
12 -16.922 28.9053 16.4612 30.0363 4
13 -16.922 28.9053 16.4612 30.0363 4
14 -16.922 28.9053 16.4612 30.0363 4
15 -16.922 28.9053 16.4612 30.0363 4
16 -16.922 28.9053 16.4612 30.0363 4
17 -16.922 28.9053 16.4612 30.0363 4
18 -16.922 28.9053 16.4612 30.0363 4
19 -16.922 28.9053 16.4612 30.0363 4
20 -16.922 28.9053 16.4612 30.0363 4
21 -16.922 28.9053 16.4612 30.0363 4
22 RANDOM
23 -16.922 28.9053 16.4612 30.0363 4
24 -16.922 28.9053 16.4612 30.0363 4
25 -16.922 28.9053 16.4612 30.0363 4
26 -16.922 28.9053 16.4612 30.0363 4
27 -16.922 28.9053 16.4612 30.0363 4
28 -16.922 28.9053 16.4612 30.0363 4
29 -16.922 28.9053 16.4612 30.0363 4
30 -16.922 28.9053 16.4612 30.0363 4
31 -16.922 28.9053 16.4612 30.0363 4
32 -16.922 28.9053 16.4612 30.0363 4
33 -16.922 28.9053 16.4612 30.0363 4
34 -16.922 28.9053 16.4612 30.0363 4
35 -16.922 28.9053 16.4612 30.0363 4
36 -16.922 28.9053 16.4612 30.0363 4
37 -16.922 28.9053 16.4612 30.0363 4
38 -16.922 28.9053 16.4612 30.0363 4
39 RANDOM
40 -16.922 28.9053 16.4612 30.0363 4
41 -16.922 28.9053 16.4612 30.0363 4
42 -5.29293 13.7457 -86.563 18.3516 4
43 -3.03464 15.3166 -93.9722 19.9727 4
44 -0.965069 16.684 -102.86 21.0437 4
45 1.32755 17.1614 -113.862 20.2358 4
46 -11.2984 8.04445 -71.7059 12.3947 4
47 -11.7358 6.7565 -66.0658 11.0004 4
48 -9.6192 7.53055 -63.2085 12.1184 4
49 -7.86901 7.25849 -60.889 11.4289 4
50 -3.71915 2.60974 -84.9237 -4.16683 2
51 -19.5591 3.93328 -11.441 3.45554 2
52 -19.8952 -1.48645 -18.6325 -2.02427 2
53 -18.5691 -1.79568 -23.5605 -1.08181 4
54 -6.85086 5.21356 -62.965 6.63956 4
55 -6.38473 3.67247 -61.2377 4.13501 4
56 -3.71915 2.60974 -84.9237 -4.16683 2
57 -19.5591 3.93328 -11.441 3.45554 2
58 -19.8952 -1.48645 -18.6325 -2.02427 2
59 -18.5691 -1.79568 -23.5605 -1.08181 4
60 -6.85086 5.21356 -62.965 6.63956 4
61 -6.38473 3.67247 -61.2377 4.13501 4
62 -3.71915 2.60974 -84.9237 -4.16683 2
63 -19.5591 3.93328 -11.441 3.45554 2
64 -19.8952 -1.48645 -18.6325 -2.02427 2
65 -18.5691 -1.79568 -23.5605 -1.08181 4
66 -6.85086 5.21356 -62.965 6.63956 4
67 -6.38473 3.67247 -61.2377 4.13501 4
68 -3.71915 2.60974 -84.9237 -4.16683 2
69 -19.5591 3.93328 -11.441 3.45554 2
70 -19.8952 -1.48645 -18.6325 -2.02427 2
71 -18.5691 -1.79568 -23.5605 -1.08181 4
72 -6.85086 5.21356 -62.965 6.63956 4
73 -6.38473 3.67247 -61.2377 4.13501 4
74 -3.71915 2.60974 -84.9237 -4.16683 2
75 -19.5591 3.93328 -11.441 3.45554 2
76 -19.8952 -1.48645 -18.6325 -2.02427 2
77 -18.5691 -1.79568 -23.5605 -1.08181 4
78 -6.85086 5.21356 -62.965 6.63956 4
79 -6.38473 3.67247 -61.2377 4.13501 4
80 -3.71915 2.60974 -84.9237 -4.16683 2
81 -19.5591 3.93328 -11.441 3.45554 2
82 -19.8952 -1.48645 -18.6325 -2.02427 2
83 -18.5691 -1.79568 -23.5605 -1.08181 4
84 -6.85086 5.21356 -62.965 6.63956 4
85 -6.38473 3.67247 -61.2377 4.13501 4
86 -3.71915 2.60974 -84.9237 -4.16683 2
87 -19.5591 3.93328 -11.441 3.45554 2
88 -19.8952 -1.48645 -18.6325 -2.02427 2
89 -18.5691 -1.79568 -23.5605 -1.08181 4
90 -6.85086 5.21356 -62.965 6.63956 4
91 -6.38473 3.67247 -61.2377 4.13501 4
92 -3.71915 2.60974 -84.9237 -4.16683 2
93 RANDOM
94 RANDOM
95 -18.5691 -1.79568 -23.5605 -1.08181 4
96 -6.85086 5.21356 -62.965 6.63956 4
97 -6.38473 3.67247 -61.2377 4.13501 4
98 -3.71915 2.60974 -84.9237 -4.16683 2
99 -19.5591 3.93328 -11.441 3.45554 2
100 -19.8952 -1.48645 -18.6325 -2.02427 2
101 -18.5691 -1.79568 -23.5605 -1.08181 4
102 -6.85086 5.21356 -62.965 6.63956 4
103 -6.38473 3.67247 -61.2377 4.13501 4
104 -3.71915 2.60974 -84.9237 -4.16683 2
105 -19.5591 3.93328 -11.441 3.45554 2
106 -19.8952 -1.48645 -18.6325 -2.02427 2
107 -18.5691 -1.79568 -23.5605 -1.08181 4
108 -6.85086 5.21356 -62.965 6.63956 4
109 -6.38473 3.67247 -61.2377 4.13501 4
110 -3.71915 2.60974 -84.9237 -4.16683 2
111 -19.5591 3.93328 -11.441 3.45554 2
112 -19.8952 -1.48645 -18.6325 -2.02427 2
113 -18.5691 -1.79568 -23.5605 -1.08181 4
114 -6.85086 5.21356 -62.965 6.63956 4
115 -6.38473 3.67247 -61.2377 4.13501 4
116 -3.71915 2.60974 -84.9237 -4.16683 2
117 -19.5591 3.93328 -11.441 3.45554 2
118 -19.8952 -1.48645 -18.6325 -2.02427 2
119 -18.5691 -1.79568 -23.5605 -1.08181 4
120 -6.85086 5.21356 -62.965 6.63956 4
121 -6.38473 3.67247 -61.2377 4.13501 4
122 -3.71915 2.60974 -84.9237 -4.16683 2
123 -19.5591 3.93328 -11.441 3.45554 2
124 -19.8952 -1.48645 -18.6325 -2.02427 2
125 -18.5691 -1.79568 -23.5605 -1.08181 4
126 -6.85086 5.21356 -62.965 6.63956 4
127 RANDOM
128 -3.71915 2.60974 -84.9237 -4.16683 2
129 -19.5591 3.93328 -11.441 3.45554 2
130 -19.8952 -1.48645 -18.6325 -2.02427 2
131 -18.5691 -1.79568 -23.5605 -1.08181 4
132 -6.85086 5.21356 -62.965 6.63956 4
133 -6.38473 3.67247 -61.2377 4.13501 4
134 -3.71915 2.60974 -84.9237 -4.16683 2
135 -19.5591 3.93328 -11.441 3.45554 2
136 -19.8952 -1.48645 -18.6325 -2.02427 2
137 -18.5691 -1.79568 -23.5605 -1.08181 4
138 -6.85086 5.21356 -62.965 6.63956 4
139 -6.38473 3.67247 -61.2377 4.13501 4
140 -3.71915 2.60974 -84.9237 -4.16683 2
141 -19.5591 3.93328 -11.441 3.45554 2
142 -19.8952 -1.48645 -18.6325 -2.02427 2
143 -18.5691 -1.79568 -23.5605 -1.08181 4
144 -6.85086 5.21356 -62.965 6.63956 4
145 -6.38473 3.67247 -61.2377 4.13501 4
146 -3.71915 2.60974 -84.9237 -4.16683 2
147 -19.5591 3.93328 -11.441 3.45554 2
148 -19.8952 -1.48645 -18.6325 -2.02427 2
149 -18.5691 -1.79568 -23.5605 -1.08181 4
150 -6.85086 5.21356 -62.965 6.63956 4
151 -6.38473 3.67247 -61.2377 4.13501 4
152 -3.71915 2.60974 -84.9237 -4.16683 2
153 -19.5591 3.93328 -11.441 3.45554 2
154 -19.8952 -1.48645 -18.6325 -2.02427 2
155 -18.5691 -1.79568 -23.5605 -1.08181 4
156 -6.85086 5.21356 -62.965 6.63956 4
157 -6.38473 3.67247 -61.2377 4.13501 4
158 -3.71915 2.60974 -84.9237 -4.16683 2
159 -19.5591 3.93328 -11.441 3.45554 2
160 -19.8952 -1.48645 -18.6325 -2.02427 2
161 -18.5691 -1.79568 -23.5605 -1.08181 4
162 -6.85086 5.21356 -62.965 6.63956 4
163 RANDOM
164 -3.71915 2.60974 -84.9237 -4.16683 2
165 -19.5591 3.93328 -11.441 3.45554 2
166 -19.8952 -1.48645 -18.6325 -2.02427 2
167 -18.5691 -1.79568 -23.5605 -1.08181 4
168 RANDOM
169 -6.38473 3.67247 -61.2377 4.13501 4
170 -3.71915 2.60974 -84.9237 -4.16683 2
171 -19.5591 3.93328 -11.441 3.45554 2
172 RANDOM
173 -18.5691 -1.79568 -23.5605 -1.08181 4
174 -6.85086 5.21356 -62.965 6.63956 4
175 -6.38473 3.67247 -61.2377 4.13501 4
176 -3.71915 2.60974 -84.9237 -4.16683 2
177 -19.5591 3.93328 -11.441 3.45554 2
178 -19.8952 -1.48645 -18.6325 -2.02427 2
179 -18.5691 -1.79568 -23.5605 -1.08181 4
180 -6.85086 5.21356 -62.965 6.63956 4
181 -6.38473 3.67247 -61.2377 4.13501 4
182 -3.71915 2.60974 -84.9237 -4.16683 2
183 -19.5591 3.93328 -11.441 3.45554 2
184 -19.8952 -1.48645 -18.6325 -2.02427 2
185 -18.5691 -1.79568 -23.5605 -1.08181 4
186 -6.85086 5.21356 -62.965 6.63956 4
187 -6.38473 3.67247 -61.2377 4.13501 4
188 -3.71915 2.60974 -84.9237 -4.16683 2
189 -19.5591 3.93328 -11.441 3.45554 2
190 -19.8952 -1.48645 -18.6325 -2.02427 2
191 -18.5691 -1.79568 -23.5605 -1.08181 4
192 -6.85086 5.21356 -62.965 6.63956 4
193 -6.38473 3.67247 -61.2377 4.13501 4
194 -3.71915 2.60974 -84.9237 -4.16683 2
195 -19.5591 3.93328 -11.441 3.45554 2
196 RANDOM
197 -18.5691 -1.79568 -23.5605 -1.08181 4
198 -6.85086 5.21356 -62.965 6.63956 4
199 -6.38473 3.67247 -61.2377 4.13501 4
200 -3.71915 2.60974 -84.9237 -4.16683 2
201 -19.5591 3.93328 -11.441 3.45554 2
202 -19.8952 -1.48645 -18.6325 -2.02427 2
203 -18.5691 -1.79568 -23.5605 -1.08181 4
204 -6.85086 5.21356 -62.965 6.63956 4
205 -6.38473 3.67247 -61.2377 4.13501 4
206 -3.71915 2.60974 -84.9237 -4.16683 2
207 -19.5591 3.93328 -11.441 3.45554 2
208 -19.8952 -1.48645 -18.6325 -2.02427 2
209 -18.5691 -1.79568 -23.5605 -1.08181 4
210 -6.85086 5.21356 -62.965 6.63956 4
211 RANDOM
212 -3.71915 2.60974 -84.9237 -4.16683 2
213 -19.5591 3.93328 -11.441 3.45554 2
214 -19.8952 -1.48645 -18.6325 -2.02427 2
215 -18.5691 -1.79568 -23.5605 -1.08181 4
216 -6.85086 5.21356 -62.965 6.63956 4
217 -6.38473 3.67247 -61.2377 4.13501 4
218 -3.71915 2.60974 -84.9237 -4.16683 2
219 -19.5591 3.93328 -11.441 3.45554 2
220 -19.8952 -1.48645 -18.6325 -2.02427 2
221 -18.5691 -1.79568 -23.5605 -1.08181 4
222 -6.85086 5.21356 -62.965 6.63956 4
223 -6.38473 3.67247 -61.2377 4.13501 4
224 -3.71915 2.60974 -84.9237 -4.16683 2
225 -19.5591 3.93328 -11.441 3.45554 2
226 -19.8952 -1.48645 -18.6325 -2.02427 2
227 -18.5691 -1.79568 -23.5605 -1.08181 4
228 -6.85086 5.21356 -62.965 6.63956 4
229 -6.38473 3.67247 -61.2377 4.13501 4
230 -3.71915 2.60974 -84.9237 -4.16683 2
231 -19.5591 3.93328 -11.441 3.45554 2
232 -19.8952 -1.48645 -18.6325 -2.02427 2
233 -18.5691 -1.79568 -23.5605 -1.08181 4
234 -6.85086 5.21356 -62.965 6.63956 4
235 -6.38473 3.67247 -61.2377 4.13501 4
236 -3.71915 2.60974 -84.9237 -4.16683 2
237 -19.5591 3.93328 -11.441 3.45554 2
238 -19.8952 -1.48645 -18.6325 -2.02427 2
239 -18.5691 -1.79568 -23.5605 -1.08181 4
240 -6.85086 5.21356 -62.965 6.63956 4
241 RANDOM
242 -3.71915 2.60974 -84.9237 -4.16683 2
243 -19.5591 3.93328 -11.441 3.45554 2
244 -19.8952 -1.48645 -18.6325 -2.02427 2
245 -18.5691 -1.79568 -23.5605 -1.08181 4
246 -6.85086 5.21356 -62.965 6.63956 4
247 -6.38473 3.67247 -61.2377 4.13501 4
248 -3.71915 2.60974 -84.9237 -4.16683 2
249 -19.5591 3.93328 -11.441 3.45554 2
250 -19.8952 -1.48645 -18.6325 -2.02427 2
251 -18.5691 -1.79568 -23.5605 -1.08181 4
252 -6.85086 5.21356 -62.965 6.63956 4
253 -6.38473 3.67247 -61.2377 4.13501 4
254 -3.71915 2.60974 -84.9237 -4.16683 2
255 -19.5591 3.93328 -11.441 3.45554 2
256 -19.8952 -1.48645 -18.6325 -2.02427 2
257 -18.5691 -1.79568 -23.5605 -1.08181 4
258 -6.85086 5.21356 -62.965 6.63956 4
259 -6.38473 3.67247 -61.2377 4.13501 4
260 -3.71915 2.60974 -84.9237 -4.16683 2
261 -19.5591 3.93328 -11.441 3.45554 2
262 -19.8952 -1.48645 -18.6325 -2.02427 2
263 -18.5691 -1.79568 -23.5605 -1.08181 4
264 -6.85086 5.21356 -62.965 6.63956 4
265 -6.38473 3.67247 -61.2377 4.13501 4
266 -3.71915 2.60974 -84.9237 -4.16683 2
267 -19.5591 3.93328 -11.441 3.45554 2
268 -19.8952 -1.48645 -18.6325 -2.02427 2
269 -18.5691 -1.79568 -23.5605 -1.08181 4
270 -6.85086 5.21356 -62.965 6.63956 4
271 -6.38473 3.67247 -61.2377 4.13501 4
272 -3.71915 2.60974 -84.9237 -4.16683 2
273 -19.5591 3.93328 -11.441 3.45554 2
274 -19.8952 -1.48645 -18.6325 -2.02427 2
275 -18.5691 -1.79568 -23.5605 -1.08181 4
276 -6.85086 5.21356 -62.965 6.63956 4
277 -6.38473 3.67247 -61.2377 4.13501 4
278 -3.71915 2.60974 -84.9237 -4.16683 2
279 -19.5591 3.93328 -11.441 3.45554 2
280 -19.8952 -1.48645 -18.6325 -2.02427 2
281 -18.5691 -1.79568 -23.5605 -1.08181 4
282 -6.85086 5.21356 -62.965 6.63956 4
283 -6.38473 3.67247 -61.2377 4.13501 4
284 -3.71915 2.60974 -84.9237 -4.16683 2
285 RANDOM
286 -19.8952 -1.48645 -18.6325 -2.02427 2
287 -18.5691 -1.79568 -23.5605 -1.08181 4
288 -6.85086 5.21356 -62.965 6.63956 4
289 -6.38473 3.67247 -61.2377 4.13501 4
290 RANDOM
291 -19.8817 -1.51847 -18.7439 -2.03347 2
292 -16.5075 -5.19154 -43.6352 -6.13319 2
