0 2333.83 4924.22 -666.019 4698.18 2
1 2356.36 4906.26 -674.439 4694.95 2
2 2380.26 4951.01 -648.126 4750.95 2
3 2199.99 4759.84 -599.287 4462.62 2
4 2238.93 4699.1 -607.775 4416.38 2
5 2258.02 4718.28 -574.147 4433.11 2
6 2357.67 4659.16 -553.599 4412.91 2
7 2248.49 4613.62 -566.155 4360.35 2
8 2262.03 4535.18 -505.169 4219.53 2
9 2250.01 4553.69 -463.377 4218.2 2
10 2298.18 4472.29 -384.56 4132.91 2
11 2291.07 4429.77 -456.821 4037.86 2
12 2309.68 4398.96 -410.433 3972.36 2
13 2314.8 4411.61 -373.512 3966.67 2
14 2386.75 4257.82 -260.174 3781.74 2
15 2289.95 4750.91 -401.815 4386.09 2
16 2320.44 4696.47 -286.011 4241.11 2
17 2318.71 4720.69 -221.682 4233.22 2
18 2353.23 4630.7 -129.214 4107.56 2
19 2343.85 4930.45 -332.621 4748.72 2
20 2365.17 4845.17 -245.331 4575.24 2
21 2403.24 4805.38 -133.698 4458.84 2
22 2515.93 4558.1 37.4855 4109.04 2
23 2482.8 5292.89 116.14 5085.56 2
24 2530.11 5068.02 169.608 4731.94 2
25 2528.75 4929.18 170.044 4518.47 2
26 2547.46 4697.53 238.722 4203.45 2
27 2592.95 4976.1 252.655 4694.1 2
28 2662.2 4798.44 339.013 4390.83 2
29 2688.76 4650.86 398.865 4141.11 2
30 2798.81 4290.34 616.853 3645.79 2
31 2571.59 5025.82 500.786 4709.94 2
32 2666.23 4740.31 645.039 4243.65 2
33 2737.72 4575.71 761.135 3962.18 2
34 2899.48 4351.25 1013.35 3598.35 2
35 2585.79 5200.61 579.327 4972.7 2
36 2636.66 5038.94 692.825 4685.65 2
37 2694.51 4938.2 820.058 4460.99 2
38 2863.72 4716.21 1112.57 4041.11 2
39 2731.19 5327.81 910.394 4885.8 2
40 2800.65 5154.31 970.79 4597.67 2
41 2855.14 5016.51 1028.25 4362.91 2
42 2985.58 4778.46 1169.43 3954.8 2
43 2924.24 5078.28 1166.66 4462.68 2
44 2964.89 4963.45 1191.81 4265.6 2
45 3012.93 4859.94 1213.22 4083.48 2
46 3194.56 4710.19 1409.85 3806.01 2
47 3050.7 4990.99 1004.48 4290.67 2
48 2964.95 4915.26 908.281 4181.54 2
49 2890.57 4874.53 824.74 4127.94 2
50 2838.8 4774.19 778.175 3972.24 2
51 2838.8 4774.19 778.175 3972.24 2
