0 1008.68 2441.8 -645.15 2375.06 2
1 1049.54 2405.77 -669.507 2347.55 2
2 1069.62 2417.05 -665.072 2369.08 2
3 857.349 2464.96 -457.531 2353.82 2
4 912.715 2395.46 -481.502 2283.2 2
5 933.708 2400.6 -456.994 2291.68 2
6 1071.85 2283.29 -501.36 2195.25 2
7 918.441 2342.87 -393.86 2244.1 2
8 933.145 2277.77 -350.225 2134.95 2
9 922.138 2280.91 -320.5 2125.27 2
10 977.413 2170.24 -265.021 2001.91 2
11 982.136 2204.17 -289.472 2012.18 2
12 989.031 2190.22 -250.097 1968.35 2
13 995.118 2185.08 -223.249 1944.82 2
14 1078.39 2006.36 -116.838 1719.28 2
15 997.192 2352.7 -308.952 2189.45 2
16 998.296 2335.75 -197.82 2112.66 2
17 987.935 2351.34 -128.31 2103.18 2
18 1029.23 2228.18 -34.8164 1940.17 2
19 1093.0 2396.63 -276.405 2400.27 4
20 1041.88 2124.07 -214.544 1957.28 2
21 1093.0 2396.63 -276.405 2400.27 4
22 1041.88 2124.07 -214.544 1957.28 2
23 1093.0 2396.63 -276.405 2400.27 4
24 1041.88 2124.07 -214.544 1957.28 2
25 1093.0 2396.63 -276.405 2400.27 4
26 1041.88 2124.07 -214.544 1957.28 2
27 1093.0 2396.63 -276.405 2400.27 4
28 1041.88 2124.07 -214.544 1957.28 2
29 1093.0 2396.63 -276.405 2400.27 4
30 1041.88 2124.07 -214.544 1957.28 2
31 1093.0 2396.63 -276.405 2400.27 4
32 1041.88 2124.07 -214.544 1957.28 2
33 1093.0 2396.63 -276.405 2400.27 4
34 1041.88 2124.07 -214.544 1957.28 2
35 1093.0 2396.63 -276.405 2400.27 4
36 1041.88 2124.07 -214.544 1957.28 2
37 1093.0 2396.63 -276.405 2400.27 4
38 1041.88 2124.07 -214.544 1957.28 2
39 1093.0 2396.63 -276.405 2400.27 4
40 1052.95 2037.5 -189.152 1861.57 2
41 1106.3 2298.77 -242.079 2290.1 2
42 1117.45 2264.67 -172.372 2199.39 2
43 1128.24 2239.95 -74.4985 2124.6 2
44 1228.55 2020.61 106.892 1798.82 2
45 1140.59 2480.81 190.298 2459.32 2
46 1190.51 2345.6 284.616 2218.07 2
47 1192.55 2281.3 288.057 2106.74 2
48 1205.76 2100.18 344.136 1850.96 2
49 1222.91 2158.82 351.851 2049.44 2
50 1303.74 2121.32 459.61 1904.02 2
51 1357.08 2113.43 538.943 1819.52 2
52 1538.32 2026.41 816.09 1623.5 2
53 1167.41 2295.63 526.53 2232.67 2
54 1246.79 2125.68 728.75 1917.46 2
55 1333.37 2132.76 895.991 1829.17 2
56 1528.98 2148.61 1206.1 1726.07 2
57 1194.11 2445.02 607.14 2466.5 4
58 1552.86 1929.4 1280.7 1679.13 2
59 1194.11 2445.02 607.14 2466.5 4
60 1552.86 1929.4 1280.7 1679.13 2
61 1194.11 2445.02 607.14 2466.5 4
62 1552.86 1929.4 1280.7 1679.13 2
63 1194.11 2445.02 607.14 2466.5 4
64 1552.86 1929.4 1280.7 1679.13 2
65 1194.11 2445.02 607.14 2466.5 4
66 1552.86 1929.4 1280.7 1679.13 2
67 1194.11 2445.02 607.14 2466.5 4
68 1552.86 1929.4 1280.7 1679.13 2
69 1194.11 2445.02 607.14 2466.5 4
70 1552.86 1929.4 1280.7 1679.13 2
71 1194.11 2445.02 607.14 2466.5 4
72 1552.86 1929.4 1280.7 1679.13 2
73 1194.11 2445.02 607.14 2466.5 4
74 1552.86 1929.4 1280.7 1679.13 2
75 1194.11 2445.02 607.14 2466.5 4
76 1552.86 1929.4 1280.7 1679.13 2
77 1194.11 2445.02 607.14 2466.5 4
78 1552.86 1929.4 1280.7 1679.13 2
79 1194.11 2445.02 607.14 2466.5 4
80 1552.86 1929.4 1280.7 1679.13 2
81 1194.11 2445.02 607.14 2466.5 4
82 1552.86 1929.4 1280.7 1679.13 2
83 1194.11 2445.02 607.14 2466.5 4
84 1552.86 1929.4 1280.7 1679.13 2
85 RANDOM
86 1237.95 2391.27 782.379 2325.16 2
87 1272.02 2350.26 944.287 2199.97 2
88 1413.86 2279.23 1283.54 1980.67 2
89 1265.1 2640.17 1024.6 2511.92 2
90 1301.16 2532.76 1103.39 2314.06 2
91 1346.39 2450.57 1177.95 2179.42 2
92 1507.32 2466.71 1356.12 2154.56 2
93 1369.6 2475.28 1290.35 2252.77 2
94 1422.09 2444.11 1333.78 2190.49 2
95 1497.86 2474.67 1367.12 2182.73 2
96 1698.66 2543.7 1575.61 2221.74 2
97 1568.49 2562.87 1156.66 2208.82 2
98 1488.05 2500.15 1057.25 2114.57 2
99 1408.15 2454.27 963.407 2065.38 2
100 1366.63 2457.15 852.461 2055.91 2
101 1366.63 2457.15 852.461 2055.91 2
