0 15.4076 15.0701 14.6309 15.7628 4
1 23.3149 22.8862 22.1025 23.9286 4
2 21.158 20.7541 20.0632 21.7017 4
3 21.7602 21.3488 20.6303 22.3227 4
4 RANDOM
5 RANDOM
6 20.3373 19.9432 19.2876 20.8545 4
7 RANDOM
8 22.0575 21.6419 20.9079 22.6287 4
9 23.7268 23.2899 22.4792 24.3501 4
10 20.8896 20.4846 19.8088 21.4217 4
11 21.4618 21.0492 20.3474 22.0116 4
12 22.4376 22.0122 21.2663 23.0178 4
13 24.0298 23.5833 22.7648 24.6593 4
14 20.6979 20.2926 19.6268 21.223 4
15 20.9474 20.5389 19.8619 21.4803 4
16 21.6464 21.2288 20.5204 22.2013 4
17 RANDOM
18 21.2387 20.8259 20.1422 21.782 4
19 RANDOM
20 RANDOM
21 23.8377 23.3894 22.5896 24.4623 4
22 21.4753 21.0589 20.3668 22.0266 4
23 21.9288 21.5065 20.795 22.4946 4
24 22.8606 22.4258 21.6728 23.4557 4
25 24.334 23.879 23.0599 24.9752 4
26 RANDOM
27 RANDOM
28 21.631 21.2062 20.4989 22.1825 4
29 22.9852 22.5417 21.7733 23.5791 4
30 20.5496 20.1334 19.4815 21.0648 4
31 20.9879 20.5656 19.8948 21.5169 4
32 RANDOM
33 23.4643 23.0072 22.2252 24.0709 4
34 RANDOM
35 22.9638 22.5061 21.7635 23.5508 4
36 24.0437 23.5695 22.7793 24.6641 4
37 25.6044 25.1064 24.2471 26.2731 4
38 RANDOM
39 24.4255 23.942 23.1412 25.0572 4
40 RANDOM
41 27.405 26.8743 25.9452 28.128 4
42 29.9955 29.412 28.4056 30.7897 4
43 RANDOM
44 RANDOM
45 33.0013 32.3678 31.2344 33.8861 4
46 33.5051 32.8548 31.7151 34.401 4
47 RANDOM
48 RANDOM
49 RANDOM
50 RANDOM
51 RANDOM
52 RANDOM
53 RANDOM
54 19.0964 18.6943 18.0847 19.5672 4
55 46.5348 45.6721 43.8623 47.8479 4
