0 -69.0462 546.261 -415.619 501.172 2
1 -71.3127 546.681 -426.096 514.452 2
2 -76.4941 556.904 -417.756 526.945 2
3 -132.697 549.453 -374.467 536.93 2
4 -132.728 535.22 -369.944 515.101 2
5 -140.994 535.332 -357.24 506.278 2
6 -96.2026 532.818 -404.63 525.599 2
7 -86.9746 525.32 -380.828 511.214 2
8 -97.3879 508.117 -373.306 484.791 2
9 -110.153 513.773 -369.306 484.97 2
10 -119.857 511.278 -373.893 487.329 2
11 -93.6363 444.816 -345.883 391.263 2
12 -95.6164 435.827 -347.059 375.163 2
13 -98.6498 431.991 -356.142 366.355 2
14 -79.0116 437.99 -359.84 369.782 2
15 -59.9884 463.55 -425.231 426.515 2
16 -64.4783 454.145 -411.779 400.238 2
17 -77.7482 444.645 -406.765 381.11 2
18 -76.2316 441.756 -400.138 373.117 2
19 -51.0606 469.955 -398.409 432.25 2
20 -55.5284 466.573 -408.062 425.837 2
21 -62.9894 458.644 -410.896 410.529 2
22 -43.8346 457.347 -385.119 393.97 2
23 -0.395422 452.684 -313.579 354.266 2
24 RANDOM
25 39.8886 432.59 -300.421 302.995 2
26 37.7872 434.26 -279.28 299.252 2
27 -8.50931 433.626 -287.052 305.173 2
28 52.1964 397.834 -262.17 235.761 2
29 RANDOM
30 140.182 380.602 -191.085 190.93 2
31 -40.9093 428.126 -256.695 319.553 2
32 36.4365 397.753 -206.178 255.31 2
33 42.4375 412.494 -178.32 271.204 2
34 67.1115 451.596 -120.234 312.311 2
35 -67.2575 446.386 -273.896 364.302 2
36 -56.1018 435.087 -244.771 342.022 2
37 -40.3373 405.911 -216.302 302.941 2
38 -20.8186 440.565 -140.861 338.621 2
39 72.2385 360.439 -153.169 234.734 2
40 76.8852 371.895 -146.94 246.259 2
41 87.6096 373.059 -141.379 242.714 2
42 125.752 375.088 -101.36 233.833 2
43 120.146 367.202 -94.773 231.569 2
44 130.111 373.47 -95.5325 232.523 2
45 138.409 378.392 -98.5822 233.649 2
46 205.728 373.247 -35.5715 212.936 2
47 202.572 364.139 -172.985 177.531 2
48 176.879 361.101 -188.546 179.163 2
49 134.017 360.397 -212.858 189.841 2
50 103.709 362.611 -220.022 203.638 2
51 103.709 362.611 -220.022 203.638 2
