0 -0.375059 51.1009 -14.7696 56.6513 4
1 -0.353715 63.7044 -11.6986 75.588 4
2 RANDOM
3 7.34487 63.7343 -3.48347 76.9468 4
4 7.34031 65.6129 -3.77242 79.0126 4
5 7.19439 67.7104 -4.09339 81.4914 4
6 11.8564 63.6041 2.81171 79.6514 4
7 12.4028 65.2173 3.36834 81.7518 4
8 12.8542 66.8617 3.91714 83.9796 4
9 13.3661 68.4471 4.61427 86.2527 4
10 8.83906 57.0157 2.23003 71.5903 4
11 7.82157 58.0668 0.764885 72.2217 4
12 7.19516 59.5457 -0.165552 73.6518 4
13 6.81447 61.2154 -0.681858 75.5579 4
14 8.76399 63.4776 1.41381 79.2751 4
15 8.49554 64.8083 1.08248 80.801 4
16 8.31675 66.3397 0.892847 82.6457 4
17 8.18253 68.001 0.747566 84.6649 4
18 19.514 67.2552 14.1536 93.3978 4
19 18.9558 68.8593 13.5156 94.0534 4
20 18.5759 70.7087 13.1299 95.2198 4
21 18.1305 72.6369 12.7242 96.3795 4
22 20.8897 65.4769 16.0851 93.9394 4
23 RANDOM
24 20.4517 69.4552 15.8344 97.0971 4
25 19.8758 71.8281 15.2938 98.5314 4
26 25.1348 65.6526 48.5605 81.2489 4
27 21.1051 62.9314 42.7895 76.2507 4
28 17.8672 60.9389 38.4876 72.4856 4
29 15.0581 59.6933 34.7793 69.8237 4
30 8.95953 49.1355 25.9644 56.3388 4
31 6.74676 47.9042 23.2827 53.9951 4
32 4.61247 47.2257 20.7287 52.4294 4
33 2.37293 46.8129 18.0488 51.1767 4
34 0.241977 37.3137 14.6653 38.7253 4
35 -3.14287 34.6591 9.86333 35.187 4
36 -5.19145 33.538 7.26637 33.5322 2
37 2.49121 31.5009 9.35105 34.455 4
38 -5.19145 33.538 7.26637 33.5322 2
39 2.49121 31.5009 9.35105 34.455 4
40 -5.40843 33.3118 7.0357 33.3196 4
41 -7.18367 32.8099 4.97503 32.3903 2
42 -0.251214 29.8118 5.9063 31.6383 4
43 -7.18367 32.8099 4.97503 32.3903 2
44 -0.251214 29.8118 5.9063 31.6383 4
45 -7.18367 32.8099 4.97503 32.3903 2
46 -0.251214 29.8118 5.9063 31.6383 4
47 -7.18367 32.8099 4.97503 32.3903 2
48 -0.251214 29.8118 5.9063 31.6383 4
49 -7.18367 32.8099 4.97503 32.3903 2
50 -0.251214 29.8118 5.9063 31.6383 4
51 -7.18367 32.8099 4.97503 32.3903 2
52 -0.251214 29.8118 5.9063 31.6383 4
53 -7.18367 32.8099 4.97503 32.3903 2
54 -0.251214 29.8118 5.9063 31.6383 4
55 -7.18367 32.8099 4.97503 32.3903 2
56 RANDOM
57 2.32663 31.3312 9.16057 34.2995 4
58 -5.40843 33.3118 7.0357 33.3196 4
59 -7.18367 32.8099 4.97503 32.3903 2
60 -0.251214 29.8118 5.9063 31.6383 4
61 -7.18367 32.8099 4.97503 32.3903 2
62 -0.251214 29.8118 5.9063 31.6383 4
63 RANDOM
64 -4.04868 30.6623 8.05575 30.9763 4
65 -5.25637 29.8508 6.78911 29.6381 2
66 2.17569 28.5708 8.83787 30.8849 4
67 -5.25637 29.8508 6.78911 29.6381 2
68 2.17569 28.5708 8.83787 30.8849 4
69 -5.25637 29.8508 6.78911 29.6381 2
70 2.17569 28.5708 8.83787 30.8849 4
71 -5.25637 29.8508 6.78911 29.6381 2
72 2.17569 28.5708 8.83787 30.8849 4
73 -5.25637 29.8508 6.78911 29.6381 2
74 2.17569 28.5708 8.83787 30.8849 4
75 -5.25637 29.8508 6.78911 29.6381 2
76 RANDOM
77 4.80299 31.2106 16.5236 32.671 4
78 -4.04868 30.6623 8.05575 30.9763 4
79 RANDOM
80 -6.57701 29.3831 5.41857 28.6694 2
81 -0.0844287 26.9957 5.95901 28.4768 4
82 -6.57701 29.3831 5.41857 28.6694 2
83 -0.0844287 26.9957 5.95901 28.4768 4
84 -6.57701 29.3831 5.41857 28.6694 2
85 -0.0844287 26.9957 5.95901 28.4768 4
86 -6.57701 29.3831 5.41857 28.6694 2
87 -0.0844287 26.9957 5.95901 28.4768 4
88 -6.57701 29.3831 5.41857 28.6694 2
89 -0.0844287 26.9957 5.95901 28.4768 4
90 -6.57701 29.3831 5.41857 28.6694 2
91 -0.0844287 26.9957 5.95901 28.4768 4
92 -6.57701 29.3831 5.41857 28.6694 2
93 -0.0844287 26.9957 5.95901 28.4768 4
94 -6.57701 29.3831 5.41857 28.6694 2
95 -0.0844287 26.9957 5.95901 28.4768 4
96 -6.57701 29.3831 5.41857 28.6694 2
97 -0.0844287 26.9957 5.95901 28.4768 4
98 -6.57701 29.3831 5.41857 28.6694 2
99 -0.0844287 26.9957 5.95901 28.4768 4
100 RANDOM
101 -8.33616 28.816 3.54275 27.8063 2
102 -1.99813 25.4812 3.89872 26.6 4
103 -8.33616 28.816 3.54275 27.8063 2
104 -1.99813 25.4812 3.89872 26.6 4
105 -8.33616 28.816 3.54275 27.8063 2
106 -1.99813 25.4812 3.89872 26.6 4
107 -8.33616 28.816 3.54275 27.8063 2
108 -1.99813 25.4812 3.89872 26.6 4
109 -8.33616 28.816 3.54275 27.8063 2
110 -1.99813 25.4812 3.89872 26.6 4
111 -8.33616 28.816 3.54275 27.8063 2
112 -1.99813 25.4812 3.89872 26.6 4
113 -8.33616 28.816 3.54275 27.8063 2
114 -1.99813 25.4812 3.89872 26.6 4
115 -8.33616 28.816 3.54275 27.8063 2
116 -1.99813 25.4812 3.89872 26.6 4
117 -8.33616 28.816 3.54275 27.8063 2
118 -1.99813 25.4812 3.89872 26.6 4
119 -8.33616 28.816 3.54275 27.8063 2
120 -1.99813 25.4812 3.89872 26.6 4
121 -8.33616 28.816 3.54275 27.8063 2
122 -1.99813 25.4812 3.89872 26.6 4
123 -8.33616 28.816 3.54275 27.8063 2
124 -1.99813 25.4812 3.89872 26.6 4
125 RANDOM
126 -5.49057 28.2192 7.57581 29.0971 4
127 -8.25032 26.7483 2.55211 27.2065 4
128 -10.672 25.9376 -1.38974 26.0293 4
129 -12.6772 25.4429 -4.24982 25.1228 2
130 -8.02557 22.3211 -4.0219 23.2004 4
131 -12.6772 25.4429 -4.24982 25.1228 2
132 -8.02557 22.3211 -4.0219 23.2004 4
133 -12.6772 25.4429 -4.24982 25.1228 2
134 -8.02557 22.3211 -4.0219 23.2004 4
135 -12.6772 25.4429 -4.24982 25.1228 2
136 -8.02557 22.3211 -4.0219 23.2004 4
137 -12.6772 25.4429 -4.24982 25.1228 2
138 -8.02557 22.3211 -4.0219 23.2004 4
139 -12.6772 25.4429 -4.24982 25.1228 2
140 -8.02557 22.3211 -4.0219 23.2004 4
141 -12.6772 25.4429 -4.24982 25.1228 2
142 -8.02557 22.3211 -4.0219 23.2004 4
143 -12.6772 25.4429 -4.24982 25.1228 2
144 -8.02557 22.3211 -4.0219 23.2004 4
145 -12.6772 25.4429 -4.24982 25.1228 2
146 -8.02557 22.3211 -4.0219 23.2004 4
147 -12.6772 25.4429 -4.24982 25.1228 2
148 -8.02557 22.3211 -4.0219 23.2004 4
149 -12.6772 25.4429 -4.24982 25.1228 2
150 RANDOM
151 -6.29599 22.8904 -1.57202 24.1144 4
152 -10.672 25.9376 -1.38974 26.0293 4
153 -12.6772 25.4429 -4.24982 25.1228 2
154 -8.02557 22.3211 -4.0219 23.2004 4
155 RANDOM
156 -12.4993 22.8946 -4.72582 22.6329 2
157 -5.34046 21.7762 0.149984 22.8584 4
158 -12.4993 22.8946 -4.72582 22.6329 2
159 -5.34046 21.7762 0.149984 22.8584 4
160 -12.4993 22.8946 -4.72582 22.6329 2
161 -5.34046 21.7762 0.149984 22.8584 4
162 -12.4993 22.8946 -4.72582 22.6329 2
163 -5.34046 21.7762 0.149984 22.8584 4
164 -12.4993 22.8946 -4.72582 22.6329 2
165 -5.34046 21.7762 0.149984 22.8584 4
166 -12.4993 22.8946 -4.72582 22.6329 2
167 -5.34046 21.7762 0.149984 22.8584 4
168 -12.4993 22.8946 -4.72582 22.6329 2
169 -5.34046 21.7762 0.149984 22.8584 4
170 -12.4993 22.8946 -4.72582 22.6329 2
171 -5.34046 21.7762 0.149984 22.8584 4
172 -12.4993 22.8946 -4.72582 22.6329 2
173 -5.34046 21.7762 0.149984 22.8584 4
174 -12.4993 22.8946 -4.72582 22.6329 2
175 -5.34046 21.7762 0.149984 22.8584 4
176 -12.4993 22.8946 -4.72582 22.6329 2
177 -5.34046 21.7762 0.149984 22.8584 4
178 -12.4993 22.8946 -4.72582 22.6329 2
179 -5.34046 21.7762 0.149984 22.8584 4
180 -12.4993 22.8946 -4.72582 22.6329 2
181 -5.34046 21.7762 0.149984 22.8584 4
182 -12.4993 22.8946 -4.72582 22.6329 2
183 -5.34046 21.7762 0.149984 22.8584 4
184 -12.4993 22.8946 -4.72582 22.6329 2
185 -5.34046 21.7762 0.149984 22.8584 4
186 -12.4993 22.8946 -4.72582 22.6329 2
187 RANDOM
188 -3.81074 22.4364 2.02466 23.9066 4
189 -8.04936 26.1454 3.13771 26.4544 4
190 -12.4993 22.8946 -4.72582 22.6329 2
191 -5.34046 21.7762 0.149984 22.8584 4
192 -12.4993 22.8946 -4.72582 22.6329 2
193 -5.34046 21.7762 0.149984 22.8584 4
194 -12.4993 22.8946 -4.72582 22.6329 2
195 -5.34046 21.7762 0.149984 22.8584 4
196 -12.4993 22.8946 -4.72582 22.6329 2
197 -5.34046 21.7762 0.149984 22.8584 4
198 -12.4993 22.8946 -4.72582 22.6329 2
199 -5.34046 21.7762 0.149984 22.8584 4
200 -12.4993 22.8946 -4.72582 22.6329 2
201 -5.34046 21.7762 0.149984 22.8584 4
202 -12.4993 22.8946 -4.72582 22.6329 2
203 RANDOM
204 -3.81074 22.4364 2.02466 23.9066 4
205 -8.04936 26.1454 3.13771 26.4544 4
206 -12.4993 22.8946 -4.72582 22.6329 2
207 -5.34046 21.7762 0.149984 22.8584 4
208 -12.4993 22.8946 -4.72582 22.6329 2
209 -5.34046 21.7762 0.149984 22.8584 4
210 -12.4993 22.8946 -4.72582 22.6329 2
211 -5.34046 21.7762 0.149984 22.8584 4
212 -12.4993 22.8946 -4.72582 22.6329 2
213 -5.34046 21.7762 0.149984 22.8584 4
214 -12.4993 22.8946 -4.72582 22.6329 2
215 -5.34046 21.7762 0.149984 22.8584 4
216 -12.4993 22.8946 -4.72582 22.6329 2
217 RANDOM
218 -3.81074 22.4364 2.02466 23.9066 4
219 -8.04936 26.1454 3.13771 26.4544 4
220 -12.4993 22.8946 -4.72582 22.6329 2
221 -5.34046 21.7762 0.149984 22.8584 4
222 -12.4993 22.8946 -4.72582 22.6329 2
223 -5.34046 21.7762 0.149984 22.8584 4
224 -12.4993 22.8946 -4.72582 22.6329 2
225 -5.34046 21.7762 0.149984 22.8584 4
226 -12.4993 22.8946 -4.72582 22.6329 2
227 -5.34046 21.7762 0.149984 22.8584 4
228 -12.4993 22.8946 -4.72582 22.6329 2
229 -5.34046 21.7762 0.149984 22.8584 4
230 -12.4993 22.8946 -4.72582 22.6329 2
231 -5.34046 21.7762 0.149984 22.8584 4
232 -12.4993 22.8946 -4.72582 22.6329 2
233 -5.34046 21.7762 0.149984 22.8584 4
234 -12.4993 22.8946 -4.72582 22.6329 2
235 -5.34046 21.7762 0.149984 22.8584 4
236 -12.4993 22.8946 -4.72582 22.6329 2
237 -5.34046 21.7762 0.149984 22.8584 4
238 -12.4993 22.8946 -4.72582 22.6329 2
239 -5.34046 21.7762 0.149984 22.8584 4
240 -12.4993 22.8946 -4.72582 22.6329 2
241 -5.34046 21.7762 0.149984 22.8584 4
242 -12.4993 22.8946 -4.72582 22.6329 2
243 -5.34046 21.7762 0.149984 22.8584 4
244 RANDOM
245 RANDOM
246 -14.3425 22.8981 -6.74016 22.4694 2
247 -6.64985 20.0013 -4.0707 20.5468 4
248 RANDOM
249 -15.1252 23.2364 -7.16404 22.7042 2
250 -7.76954 19.8595 -5.09126 20.2845 4
251 -15.1252 23.2364 -7.16404 22.7042 2
252 -7.76954 19.8595 -5.09126 20.2845 4
253 -15.1252 23.2364 -7.16404 22.7042 2
254 -7.76954 19.8595 -5.09126 20.2845 4
255 -15.1252 23.2364 -7.16404 22.7042 2
256 -7.76954 19.8595 -5.09126 20.2845 4
257 -15.1252 23.2364 -7.16404 22.7042 2
258 -7.76954 19.8595 -5.09126 20.2845 4
259 -15.1252 23.2364 -7.16404 22.7042 2
260 -7.76954 19.8595 -5.09126 20.2845 4
261 -15.1252 23.2364 -7.16404 22.7042 2
262 RANDOM
263 -6.64985 20.0013 -4.0707 20.5468 4
264 -14.3425 22.8981 -6.74016 22.4694 2
265 -6.64985 20.0013 -4.0707 20.5468 4
266 -14.3425 22.8981 -6.74016 22.4694 2
267 -6.64985 20.0013 -4.0707 20.5468 4
268 -14.3425 22.8981 -6.74016 22.4694 2
269 -6.64985 20.0013 -4.0707 20.5468 4
270 -14.3425 22.8981 -6.74016 22.4694 2
271 -6.64985 20.0013 -4.0707 20.5468 4
272 -14.3425 22.8981 -6.74016 22.4694 2
273 -6.64985 20.0013 -4.0707 20.5468 4
274 -14.3425 22.8981 -6.74016 22.4694 2
275 -6.64985 20.0013 -4.0707 20.5468 4
276 -14.3425 22.8981 -6.74016 22.4694 2
277 -6.64985 20.0013 -4.0707 20.5468 4
278 -14.3425 22.8981 -6.74016 22.4694 2
279 -6.64985 20.0013 -4.0707 20.5468 4
280 -14.3425 22.8981 -6.74016 22.4694 2
281 -6.64985 20.0013 -4.0707 20.5468 4
282 -14.3425 22.8981 -6.74016 22.4694 2
283 -6.64985 20.0013 -4.0707 20.5468 4
284 -14.3425 22.8981 -6.74016 22.4694 2
285 -6.64985 20.0013 -4.0707 20.5468 4
286 -14.3425 22.8981 -6.74016 22.4694 2
287 -6.64985 20.0013 -4.0707 20.5468 4
288 -14.3425 22.8981 -6.74016 22.4694 2
289 -6.64985 20.0013 -4.0707 20.5468 4
290 -14.3425 22.8981 -6.74016 22.4694 2
291 -6.64985 20.0013 -4.0707 20.5468 4
292 -14.3425 22.8981 -6.74016 22.4694 2
293 -6.64985 20.0013 -4.0707 20.5468 4
294 -14.3425 22.8981 -6.74016 22.4694 2
295 -6.64985 20.0013 -4.0707 20.5468 4
296 -14.3425 22.8981 -6.74016 22.4694 2
297 -6.64985 20.0013 -4.0707 20.5468 4
298 -14.3425 22.8981 -6.74016 22.4694 2
299 -6.64985 20.0013 -4.0707 20.5468 4
300 -14.3425 22.8981 -6.74016 22.4694 2
301 -6.64985 20.0013 -4.0707 20.5468 4
302 -14.3425 22.8981 -6.74016 22.4694 2
303 -6.64985 20.0013 -4.0707 20.5468 4
304 -14.3425 22.8981 -6.74016 22.4694 2
305 -6.64985 20.0013 -4.0707 20.5468 4
306 -14.3425 22.8981 -6.74016 22.4694 2
307 -6.64985 20.0013 -4.0707 20.5468 4
308 -14.3425 22.8981 -6.74016 22.4694 2
309 -6.64985 20.0013 -4.0707 20.5468 4
310 -14.3425 22.8981 -6.74016 22.4694 2
311 -6.64985 20.0013 -4.0707 20.5468 4
312 -14.3425 22.8981 -6.74016 22.4694 2
313 -6.64985 20.0013 -4.0707 20.5468 4
314 RANDOM
315 -15.1252 23.2364 -7.16404 22.7042 2
316 -7.76954 19.8595 -5.09126 20.2845 4
317 -15.1252 23.2364 -7.16404 22.7042 2
318 -7.76954 19.8595 -5.09126 20.2845 4
319 -15.1252 23.2364 -7.16404 22.7042 2
320 -7.76954 19.8595 -5.09126 20.2845 4
321 -15.1252 23.2364 -7.16404 22.7042 2
322 -7.76954 19.8595 -5.09126 20.2845 4
323 -15.1252 23.2364 -7.16404 22.7042 2
324 -7.76954 19.8595 -5.09126 20.2845 4
325 -15.1252 23.2364 -7.16404 22.7042 2
326 -7.76954 19.8595 -5.09126 20.2845 4
327 -15.1252 23.2364 -7.16404 22.7042 2
328 -7.76954 19.8595 -5.09126 20.2845 4
329 -15.1252 23.2364 -7.16404 22.7042 2
330 -7.76954 19.8595 -5.09126 20.2845 4
331 -15.1252 23.2364 -7.16404 22.7042 2
332 -7.76954 19.8595 -5.09126 20.2845 4
333 -15.1252 23.2364 -7.16404 22.7042 2
334 -7.76954 19.8595 -5.09126 20.2845 4
335 -15.1252 23.2364 -7.16404 22.7042 2
336 -7.76954 19.8595 -5.09126 20.2845 4
337 -15.1252 23.2364 -7.16404 22.7042 2
338 -7.76954 19.8595 -5.09126 20.2845 4
339 -15.1252 23.2364 -7.16404 22.7042 2
340 -7.76954 19.8595 -5.09126 20.2845 4
341 -15.1252 23.2364 -7.16404 22.7042 2
342 -7.76954 19.8595 -5.09126 20.2845 4
343 -15.1252 23.2364 -7.16404 22.7042 2
344 -7.76954 19.8595 -5.09126 20.2845 4
345 -15.1252 23.2364 -7.16404 22.7042 2
346 -7.76954 19.8595 -5.09126 20.2845 4
347 -15.1252 23.2364 -7.16404 22.7042 2
348 -7.76954 19.8595 -5.09126 20.2845 4
349 -15.1252 23.2364 -7.16404 22.7042 2
350 -7.76954 19.8595 -5.09126 20.2845 4
351 -15.1252 23.2364 -7.16404 22.7042 2
352 -7.76954 19.8595 -5.09126 20.2845 4
353 -15.1252 23.2364 -7.16404 22.7042 2
354 -7.76954 19.8595 -5.09126 20.2845 4
355 -15.1252 23.2364 -7.16404 22.7042 2
356 -7.76954 19.8595 -5.09126 20.2845 4
357 RANDOM
358 RANDOM
359 1.37417 22.5505 2.45592 24.5649 4
360 -9.57619 28.29 4.26667 27.1981 2
