0 -13.3018 29.8328 21.1815 33.7303 4
1 -13.3018 29.8328 21.1815 33.7303 4
2 -13.3018 29.8328 21.1815 33.7303 4
3 -13.3018 29.8328 21.1815 33.7303 4
4 -13.3018 29.8328 21.1815 33.7303 4
5 -13.3018 29.8328 21.1815 33.7303 4
6 -13.3018 29.8328 21.1815 33.7303 4
7 -13.3018 29.8328 21.1815 33.7303 4
8 -13.3018 29.8328 21.1815 33.7303 4
9 -13.3018 29.8328 21.1815 33.7303 4
10 -13.3018 29.8328 21.1815 33.7303 4
11 -13.3018 29.8328 21.1815 33.7303 4
12 -13.3018 29.8328 21.1815 33.7303 4
13 -13.3018 29.8328 21.1815 33.7303 4
14 -13.3018 29.8328 21.1815 33.7303 4
15 -13.3018 29.8328 21.1815 33.7303 4
16 -13.3018 29.8328 21.1815 33.7303 4
17 -13.3018 29.8328 21.1815 33.7303 4
18 -13.3018 29.8328 21.1815 33.7303 4
19 -13.3018 29.8328 21.1815 33.7303 4
20 -13.3018 29.8328 21.1815 33.7303 4
21 -13.3018 29.8328 21.1815 33.7303 4
22 -13.3018 29.8328 21.1815 33.7303 4
23 -13.3018 29.8328 21.1815 33.7303 4
24 -13.3018 29.8328 21.1815 33.7303 4
25 -13.3018 29.8328 21.1815 33.7303 4
26 -13.3018 29.8328 21.1815 33.7303 4
27 RANDOM
28 RANDOM
29 -13.3018 29.8328 21.1815 33.7303 4
30 -13.3018 29.8328 21.1815 33.7303 4
31 -13.3018 29.8328 21.1815 33.7303 4
32 -13.3018 29.8328 21.1815 33.7303 4
33 RANDOM
34 -13.3018 29.8328 21.1815 33.7303 4
35 -13.3018 29.8328 21.1815 33.7303 4
36 -13.3018 29.8328 21.1815 33.7303 4
37 -13.3018 29.8328 21.1815 33.7303 4
38 -13.3018 29.8328 21.1815 33.7303 4
39 RANDOM
40 -13.3018 29.8328 21.1815 33.7303 4
41 -13.3018 29.8328 21.1815 33.7303 4
42 -8.97302 13.3189 -70.1463 20.7612 4
43 -6.4642 14.1577 -76.6724 21.8756 4
44 -4.75049 14.3627 -84.2475 21.9145 4
45 -2.95299 13.0062 -93.2786 19.4649 4
46 -13.8839 7.98619 -56.3349 13.5168 4
47 -13.7419 6.87614 -52.1528 12.2029 4
48 -12.1675 6.232 -50.0573 11.8558 4
49 RANDOM
50 -6.74047 -1.06308 -75.4456 -3.49948 2
51 -16.6747 0.32962 -8.0009 0.908367 4
52 -6.74047 -1.06308 -75.4456 -3.49948 2
53 -16.6747 0.32962 -8.0009 0.908367 4
54 -6.74047 -1.06308 -75.4456 -3.49948 2
55 -16.6747 0.32962 -8.0009 0.908367 4
56 -6.74047 -1.06308 -75.4456 -3.49948 2
57 -16.6747 0.32962 -8.0009 0.908367 4
58 -6.74047 -1.06308 -75.4456 -3.49948 2
59 -16.6747 0.32962 -8.0009 0.908367 4
60 -6.74047 -1.06308 -75.4456 -3.49948 2
61 -16.6747 0.32962 -8.0009 0.908367 4
62 -6.74047 -1.06308 -75.4456 -3.49948 2
63 -16.6747 0.32962 -8.0009 0.908367 4
64 -6.74047 -1.06308 -75.4456 -3.49948 2
65 -16.6747 0.32962 -8.0009 0.908367 4
66 -6.74047 -1.06308 -75.4456 -3.49948 2
67 -16.6747 0.32962 -8.0009 0.908367 4
68 -6.74047 -1.06308 -75.4456 -3.49948 2
69 -16.6747 0.32962 -8.0009 0.908367 4
70 -6.74047 -1.06308 -75.4456 -3.49948 2
71 -16.6747 0.32962 -8.0009 0.908367 4
72 -6.74047 -1.06308 -75.4456 -3.49948 2
73 -16.6747 0.32962 -8.0009 0.908367 4
74 -6.74047 -1.06308 -75.4456 -3.49948 2
75 -16.6747 0.32962 -8.0009 0.908367 4
76 -6.74047 -1.06308 -75.4456 -3.49948 2
77 -16.6747 0.32962 -8.0009 0.908367 4
78 -6.74047 -1.06308 -75.4456 -3.49948 2
79 -16.6747 0.32962 -8.0009 0.908367 4
80 -6.74047 -1.06308 -75.4456 -3.49948 2
81 -16.6747 0.32962 -8.0009 0.908367 4
82 -6.74047 -1.06308 -75.4456 -3.49948 2
83 -16.6747 0.32962 -8.0009 0.908367 4
84 -6.74047 -1.06308 -75.4456 -3.49948 2
85 -16.6747 0.32962 -8.0009 0.908367 4
86 -6.74047 -1.06308 -75.4456 -3.49948 2
87 -16.6747 0.32962 -8.0009 0.908367 4
88 -6.74047 -1.06308 -75.4456 -3.49948 2
89 -16.6747 0.32962 -8.0009 0.908367 4
90 -6.74047 -1.06308 -75.4456 -3.49948 2
91 -16.6747 0.32962 -8.0009 0.908367 4
92 RANDOM
93 -17.054 -7.55024 -17.3361 -7.56494 2
94 -17.7072 -6.79896 -36.4535 -6.77156 4
