0 -286.362 373.906 -262.641 319.09 2
1 -282.055 368.9 -275.362 322.486 2
2 -280.825 380.753 -269.851 332.709 2
3 -369.733 386.78 -170.687 352.345 2
4 -358.037 376.289 -167.772 329.635 2
5 -361.422 375.544 -152.734 316.967 2
6 RANDOM
7 -299.021 384.623 -180.893 340.505 2
8 -300.09 376.128 -173.113 321.557 2
9 -316.456 374.63 -171.614 317.35 2
10 -307.027 396.709 -173.523 345.35 2
11 -262.587 338.845 -138.457 244.727 2
12 RANDOM
13 RANDOM
14 -223.113 341.132 -145.538 232.183 2
15 -228.856 338.447 -224.207 262.691 2
16 -223.979 326.008 -204.893 229.766 2
17 -231.79 322.223 -195.788 213.903 2
18 -217.931 332.794 -176.548 216.671 2
19 -208.778 359.969 -177.954 282.472 2
20 -206.214 366.822 -184.131 286.448 2
21 -210.168 373.347 -182.029 290.548 2
22 RANDOM
23 -120.717 361.703 -46.5624 205.374 2
24 -63.0494 348.158 -21.8678 155.262 2
25 -71.6146 349.269 -32.141 156.197 2
26 -68.2447 363.764 -1.47721 162.503 2
27 -102.528 355.405 3.17562 152.279 2
28 -24.471 336.562 49.1822 95.3946 2
29 8.72575 334.333 75.7075 80.8353 2
30 44.8305 354.993 148.712 86.5992 2
31 -151.819 372.605 64.9669 209.673 2
32 -57.0084 360.276 135.871 155.692 2
33 -45.5401 356.257 170.046 147.181 2
34 8.60002 397.366 261.239 174.597 2
35 -199.837 393.096 26.7916 268.238 2
36 -166.638 391.63 74.6182 247.501 2
37 -128.607 374.452 122.449 215.056 2
38 -63.9979 387.629 246.367 209.854 2
39 -47.3944 281.9 178.325 112.303 2
40 -25.2147 311.091 201.336 134.601 2
41 0.204998 321.571 217.702 136.126 2
42 52.9045 336.702 275.218 134.875 2
43 18.5297 319.711 267.758 136.128 2
44 43.4997 332.417 275.389 137.444 2
45 RANDOM
46 148.702 361.915 369.005 136.07 3
47 132.346 346.561 411.369 136.151 3
