0 -29.7961 337.862 -320.123 352.548 4
1 -103.773 400.704 -268.796 455.111 4
2 194.53 371.836 -564.947 452.585 4
3 181.47 368.391 -569.566 452.695 4
4 161.923 369.594 -559.122 458.158 4
5 155.538 377.216 -547.617 469.832 4
6 112.484 359.985 -623.547 429.773 4
7 77.9945 347.427 -584.09 409.127 4
8 58.0904 346.906 -542.976 400.537 4
9 46.2926 340.759 -510.134 383.848 4
10 RANDOM
11 -11.1696 411.829 -395.158 484.317 4
12 -102.264 379.815 -273.959 423.708 4
13 -168.893 336.927 -161.635 345.878 4
14 98.2023 406.608 -447.261 408.747 4
15 62.109 388.096 -374.32 365.949 2
16 185.517 433.623 -437.7 456.461 4
17 62.109 388.096 -374.32 365.949 2
18 185.517 433.623 -437.7 456.461 4
19 62.109 388.096 -374.32 365.949 2
20 185.517 433.623 -437.7 456.461 4
21 62.109 388.096 -374.32 365.949 2
22 185.517 433.623 -437.7 456.461 4
23 62.109 388.096 -374.32 365.949 2
24 185.517 433.623 -437.7 456.461 4
25 62.109 388.096 -374.32 365.949 2
26 185.517 433.623 -437.7 456.461 4
27 62.109 388.096 -374.32 365.949 2
28 185.517 433.623 -437.7 456.461 4
29 62.109 388.096 -374.32 365.949 2
30 185.517 433.623 -437.7 456.461 4
31 RANDOM
32 4.60457 365.879 -272.234 320.014 2
33 183.247 424.826 -378.805 466.443 4
34 4.60457 365.879 -272.234 320.014 2
35 183.247 424.826 -378.805 466.443 4
36 4.60457 365.879 -272.234 320.014 2
37 183.247 424.826 -378.805 466.443 4
38 4.60457 365.879 -272.234 320.014 2
39 183.247 424.826 -378.805 466.443 4
40 -1.89201 354.143 -273.992 303.902 2
41 177.628 420.08 -378.384 458.776 4
42 -1.89201 354.143 -273.992 303.902 2
43 177.628 420.08 -378.384 458.776 4
44 RANDOM
45 -34.9307 335.692 -190.141 261.364 2
46 RANDOM
47 177.628 420.08 -378.384 458.776 4
48 -1.89201 354.143 -273.992 303.902 2
49 177.628 420.08 -378.384 458.776 4
50 -1.89201 354.143 -273.992 303.902 2
51 177.628 420.08 -378.384 458.776 4
52 -1.89201 354.143 -273.992 303.902 2
53 177.628 420.08 -378.384 458.776 4
54 -1.89201 354.143 -273.992 303.902 2
55 177.628 420.08 -378.384 458.776 4
56 -1.89201 354.143 -273.992 303.902 2
57 177.628 420.08 -378.384 458.776 4
58 -1.89201 354.143 -273.992 303.902 2
59 177.628 420.08 -378.384 458.776 4
60 -1.89201 354.143 -273.992 303.902 2
61 177.628 420.08 -378.384 458.776 4
62 -1.89201 354.143 -273.992 303.902 2
63 177.628 420.08 -378.384 458.776 4
64 -1.89201 354.143 -273.992 303.902 2
65 177.628 420.08 -378.384 458.776 4
66 -1.89201 354.143 -273.992 303.902 2
67 177.628 420.08 -378.384 458.776 4
68 -1.89201 354.143 -273.992 303.902 2
69 177.628 420.08 -378.384 458.776 4
70 -1.89201 354.143 -273.992 303.902 2
71 177.628 420.08 -378.384 458.776 4
72 -1.89201 354.143 -273.992 303.902 2
73 177.628 420.08 -378.384 458.776 4
74 -1.89201 354.143 -273.992 303.902 2
75 177.628 420.08 -378.384 458.776 4
76 -1.89201 354.143 -273.992 303.902 2
77 177.628 420.08 -378.384 458.776 4
78 -1.89201 354.143 -273.992 303.902 2
79 177.628 420.08 -378.384 458.776 4
80 -1.89201 354.143 -273.992 303.902 2
81 177.628 420.08 -378.384 458.776 4
82 -1.89201 354.143 -273.992 303.902 2
83 177.628 420.08 -378.384 458.776 4
84 -1.89201 354.143 -273.992 303.902 2
85 177.628 420.08 -378.384 458.776 4
86 -1.89201 354.143 -273.992 303.902 2
87 177.628 420.08 -378.384 458.776 4
88 -1.89201 354.143 -273.992 303.902 2
89 177.628 420.08 -378.384 458.776 4
90 -1.89201 354.143 -273.992 303.902 2
91 177.628 420.08 -378.384 458.776 4
92 -1.89201 354.143 -273.992 303.902 2
93 177.628 420.08 -378.384 458.776 4
94 -1.89201 354.143 -273.992 303.902 2
95 177.628 420.08 -378.384 458.776 4
96 -1.89201 354.143 -273.992 303.902 2
97 177.628 420.08 -378.384 458.776 4
98 -1.89201 354.143 -273.992 303.902 2
99 RANDOM
100 RANDOM
101 49.6644 332.757 -212.879 260.92 2
102 86.4552 358.487 -335.071 316.56 2
103 150.035 397.56 -471.533 405.148 4
104 3.96858 394.611 -314.368 418.186 4
105 -63.1354 359.357 -202.967 350.527 2
106 86.4552 358.487 -335.071 316.56 2
107 150.035 397.56 -471.533 405.148 4
108 3.96858 394.611 -314.368 418.186 4
109 -63.1354 359.357 -202.967 350.527 2
110 86.4552 358.487 -335.071 316.56 2
111 150.035 397.56 -471.533 405.148 4
112 3.96858 394.611 -314.368 418.186 4
113 -63.1354 359.357 -202.967 350.527 2
114 RANDOM
115 150.035 397.56 -471.533 405.148 4
116 3.96858 394.611 -314.368 418.186 4
117 -63.1354 359.357 -202.967 350.527 2
118 86.4552 358.487 -335.071 316.56 2
119 150.035 397.56 -471.533 405.148 4
120 3.96858 394.611 -314.368 418.186 4
121 -63.1354 359.357 -202.967 350.527 2
122 86.4552 358.487 -335.071 316.56 2
123 150.035 397.56 -471.533 405.148 4
124 3.96858 394.611 -314.368 418.186 4
125 -63.1354 359.357 -202.967 350.527 2
126 86.4552 358.487 -335.071 316.56 2
127 150.035 397.56 -471.533 405.148 4
128 3.96858 394.611 -314.368 418.186 4
129 -63.1354 359.357 -202.967 350.527 2
130 86.4552 358.487 -335.071 316.56 2
131 150.035 397.56 -471.533 405.148 4
132 RANDOM
133 -63.1354 359.357 -202.967 350.527 2
134 86.4552 358.487 -335.071 316.56 2
135 150.035 397.56 -471.533 405.148 4
136 3.96858 394.611 -314.368 418.186 4
137 -63.1354 359.357 -202.967 350.527 2
138 86.4552 358.487 -335.071 316.56 2
139 150.035 397.56 -471.533 405.148 4
140 3.96858 394.611 -314.368 418.186 4
141 -63.1354 359.357 -202.967 350.527 2
142 RANDOM
143 150.035 397.56 -471.533 405.148 4
144 3.96858 394.611 -314.368 418.186 4
145 -63.1354 359.357 -202.967 350.527 2
146 86.4552 358.487 -335.071 316.56 2
147 150.035 397.56 -471.533 405.148 4
148 3.96858 394.611 -314.368 418.186 4
149 -63.1354 359.357 -202.967 350.527 2
150 RANDOM
151 150.035 397.56 -471.533 405.148 4
152 3.96858 394.611 -314.368 418.186 4
153 -63.1354 359.357 -202.967 350.527 2
154 86.4552 358.487 -335.071 316.56 2
155 150.035 397.56 -471.533 405.148 4
156 3.96858 394.611 -314.368 418.186 4
157 -63.1354 359.357 -202.967 350.527 2
158 86.4552 358.487 -335.071 316.56 2
159 150.035 397.56 -471.533 405.148 4
160 3.96858 394.611 -314.368 418.186 4
161 -63.1354 359.357 -202.967 350.527 2
162 86.4552 358.487 -335.071 316.56 2
163 150.035 397.56 -471.533 405.148 4
164 3.96858 394.611 -314.368 418.186 4
165 -63.1354 359.357 -202.967 350.527 2
166 86.4552 358.487 -335.071 316.56 2
167 150.035 397.56 -471.533 405.148 4
168 RANDOM
169 -63.1354 359.357 -202.967 350.527 2
170 86.4552 358.487 -335.071 316.56 2
171 150.035 397.56 -471.533 405.148 4
172 3.96858 394.611 -314.368 418.186 4
173 -63.1354 359.357 -202.967 350.527 2
174 86.4552 358.487 -335.071 316.56 2
175 150.035 397.56 -471.533 405.148 4
176 RANDOM
177 -63.1354 359.357 -202.967 350.527 2
178 86.4552 358.487 -335.071 316.56 2
179 150.035 397.56 -471.533 405.148 4
180 3.96858 394.611 -314.368 418.186 4
181 -63.1354 359.357 -202.967 350.527 2
182 86.4552 358.487 -335.071 316.56 2
183 150.035 397.56 -471.533 405.148 4
184 3.96858 394.611 -314.368 418.186 4
185 -63.1354 359.357 -202.967 350.527 2
186 86.4552 358.487 -335.071 316.56 2
187 150.035 397.56 -471.533 405.148 4
188 3.96858 394.611 -314.368 418.186 4
189 -63.1354 359.357 -202.967 350.527 2
190 86.4552 358.487 -335.071 316.56 2
191 150.035 397.56 -471.533 405.148 4
192 3.96858 394.611 -314.368 418.186 4
193 -63.1354 359.357 -202.967 350.527 2
194 86.4552 358.487 -335.071 316.56 2
195 150.035 397.56 -471.533 405.148 4
196 3.96858 394.611 -314.368 418.186 4
197 -63.1354 359.357 -202.967 350.527 2
198 86.4552 358.487 -335.071 316.56 2
199 150.035 397.56 -471.533 405.148 4
200 3.96858 394.611 -314.368 418.186 4
201 -63.1354 359.357 -202.967 350.527 2
202 86.4552 358.487 -335.071 316.56 2
203 150.035 397.56 -471.533 405.148 4
204 3.96858 394.611 -314.368 418.186 4
205 -63.1354 359.357 -202.967 350.527 2
206 86.4552 358.487 -335.071 316.56 2
207 150.035 397.56 -471.533 405.148 4
208 3.96858 394.611 -314.368 418.186 4
209 -63.1354 359.357 -202.967 350.527 2
210 86.4552 358.487 -335.071 316.56 2
211 150.035 397.56 -471.533 405.148 4
212 3.96858 394.611 -314.368 418.186 4
213 -63.1354 359.357 -202.967 350.527 2
214 86.4552 358.487 -335.071 316.56 2
215 150.035 397.56 -471.533 405.148 4
216 3.96858 394.611 -314.368 418.186 4
217 -63.1354 359.357 -202.967 350.527 2
218 86.4552 358.487 -335.071 316.56 2
219 150.035 397.56 -471.533 405.148 4
220 3.96858 394.611 -314.368 418.186 4
221 -63.1354 359.357 -202.967 350.527 2
222 86.4552 358.487 -335.071 316.56 2
223 150.035 397.56 -471.533 405.148 4
224 3.96858 394.611 -314.368 418.186 4
225 -63.1354 359.357 -202.967 350.527 2
226 86.4552 358.487 -335.071 316.56 2
227 150.035 397.56 -471.533 405.148 4
228 3.96858 394.611 -314.368 418.186 4
229 -63.1354 359.357 -202.967 350.527 2
230 86.4552 358.487 -335.071 316.56 2
231 150.035 397.56 -471.533 405.148 4
232 RANDOM
233 RANDOM
234 121.539 425.793 -467.091 445.73 4
235 86.1955 411.024 -395.339 407.725 2
236 200.228 429.069 -460.202 451.005 4
237 86.1955 411.024 -395.339 407.725 2
238 200.228 429.069 -460.202 451.005 4
239 86.1955 411.024 -395.339 407.725 2
240 200.228 429.069 -460.202 451.005 4
241 86.1955 411.024 -395.339 407.725 2
242 200.228 429.069 -460.202 451.005 4
243 86.1955 411.024 -395.339 407.725 2
244 200.228 429.069 -460.202 451.005 4
245 RANDOM
246 28.3608 393.147 -295.329 367.505 2
247 199.248 423.923 -402.697 466.301 4
248 28.3608 393.147 -295.329 367.505 2
249 199.248 423.923 -402.697 466.301 4
250 28.3608 393.147 -295.329 367.505 2
251 199.248 423.923 -402.697 466.301 4
252 28.3608 393.147 -295.329 367.505 2
253 199.248 423.923 -402.697 466.301 4
254 28.3608 393.147 -295.329 367.505 2
255 199.248 423.923 -402.697 466.301 4
256 28.3608 393.147 -295.329 367.505 2
257 199.248 423.923 -402.697 466.301 4
258 28.3608 393.147 -295.329 367.505 2
259 199.248 423.923 -402.697 466.301 4
260 28.3608 393.147 -295.329 367.505 2
261 199.248 423.923 -402.697 466.301 4
262 28.3608 393.147 -295.329 367.505 2
263 199.248 423.923 -402.697 466.301 4
264 RANDOM
265 -2.47038 379.593 -212.567 331.609 2
266 171.064 402.309 -315.636 437.043 4
267 -2.47038 379.593 -212.567 331.609 2
268 171.064 402.309 -315.636 437.043 4
269 -2.47038 379.593 -212.567 331.609 2
270 171.064 402.309 -315.636 437.043 4
271 -2.47038 379.593 -212.567 331.609 2
272 171.064 402.309 -315.636 437.043 4
273 -2.47038 379.593 -212.567 331.609 2
274 171.064 402.309 -315.636 437.043 4
275 -2.47038 379.593 -212.567 331.609 2
276 171.064 402.309 -315.636 437.043 4
277 -2.47038 379.593 -212.567 331.609 2
278 171.064 402.309 -315.636 437.043 4
279 -2.47038 379.593 -212.567 331.609 2
280 171.064 402.309 -315.636 437.043 4
281 -2.47038 379.593 -212.567 331.609 2
282 171.064 402.309 -315.636 437.043 4
283 -2.47038 379.593 -212.567 331.609 2
284 171.064 402.309 -315.636 437.043 4
285 -2.47038 379.593 -212.567 331.609 2
286 171.064 402.309 -315.636 437.043 4
287 -2.47038 379.593 -212.567 331.609 2
288 171.064 402.309 -315.636 437.043 4
289 -2.47038 379.593 -212.567 331.609 2
290 171.064 402.309 -315.636 437.043 4
291 -2.47038 379.593 -212.567 331.609 2
292 171.064 402.309 -315.636 437.043 4
293 -2.47038 379.593 -212.567 331.609 2
294 171.064 402.309 -315.636 437.043 4
295 -2.47038 379.593 -212.567 331.609 2
296 RANDOM
297 199.248 423.923 -402.697 466.301 4
298 28.3608 393.147 -295.329 367.505 2
299 RANDOM
300 200.228 429.069 -460.202 451.005 4
301 86.1955 411.024 -395.339 407.725 2
302 200.228 429.069 -460.202 451.005 4
303 86.1955 411.024 -395.339 407.725 2
304 200.228 429.069 -460.202 451.005 4
305 86.1955 411.024 -395.339 407.725 2
306 200.228 429.069 -460.202 451.005 4
307 86.1955 411.024 -395.339 407.725 2
308 200.228 429.069 -460.202 451.005 4
309 86.1955 411.024 -395.339 407.725 2
310 200.228 429.069 -460.202 451.005 4
311 86.1955 411.024 -395.339 407.725 2
312 200.228 429.069 -460.202 451.005 4
313 86.1955 411.024 -395.339 407.725 2
314 200.228 429.069 -460.202 451.005 4
315 86.1955 411.024 -395.339 407.725 2
316 200.228 429.069 -460.202 451.005 4
317 86.1955 411.024 -395.339 407.725 2
318 200.228 429.069 -460.202 451.005 4
319 86.1955 411.024 -395.339 407.725 2
320 200.228 429.069 -460.202 451.005 4
321 86.1955 411.024 -395.339 407.725 2
322 200.228 429.069 -460.202 451.005 4
323 86.1955 411.024 -395.339 407.725 2
324 200.228 429.069 -460.202 451.005 4
325 86.1955 411.024 -395.339 407.725 2
326 200.228 429.069 -460.202 451.005 4
327 86.1955 411.024 -395.339 407.725 2
328 200.228 429.069 -460.202 451.005 4
329 86.1955 411.024 -395.339 407.725 2
330 200.228 429.069 -460.202 451.005 4
331 RANDOM
332 28.3608 393.147 -295.329 367.505 2
333 199.248 423.923 -402.697 466.301 4
334 28.3608 393.147 -295.329 367.505 2
335 RANDOM
336 200.228 429.069 -460.202 451.005 4
337 RANDOM
338 28.3608 393.147 -295.329 367.505 2
339 199.248 423.923 -402.697 466.301 4
340 28.3608 393.147 -295.329 367.505 2
341 199.248 423.923 -402.697 466.301 4
342 28.3608 393.147 -295.329 367.505 2
343 199.248 423.923 -402.697 466.301 4
344 28.3608 393.147 -295.329 367.505 2
345 199.248 423.923 -402.697 466.301 4
346 28.3608 393.147 -295.329 367.505 2
347 199.248 423.923 -402.697 466.301 4
348 28.3608 393.147 -295.329 367.505 2
349 199.248 423.923 -402.697 466.301 4
350 28.3608 393.147 -295.329 367.505 2
351 199.248 423.923 -402.697 466.301 4
352 28.3608 393.147 -295.329 367.505 2
353 199.248 423.923 -402.697 466.301 4
354 28.3608 393.147 -295.329 367.505 2
355 199.248 423.923 -402.697 466.301 4
356 28.3608 393.147 -295.329 367.505 2
357 199.248 423.923 -402.697 466.301 4
358 28.3608 393.147 -295.329 367.505 2
359 199.248 423.923 -402.697 466.301 4
360 28.3608 393.147 -295.329 367.505 2
361 199.248 423.923 -402.697 466.301 4
362 28.3608 393.147 -295.329 367.505 2
363 199.248 423.923 -402.697 466.301 4
364 28.3608 393.147 -295.329 367.505 2
365 199.248 423.923 -402.697 466.301 4
366 28.3608 393.147 -295.329 367.505 2
367 199.248 423.923 -402.697 466.301 4
368 28.3608 393.147 -295.329 367.505 2
369 199.248 423.923 -402.697 466.301 4
370 28.3608 393.147 -295.329 367.505 2
371 199.248 423.923 -402.697 466.301 4
372 28.3608 393.147 -295.329 367.505 2
373 199.248 423.923 -402.697 466.301 4
374 28.3608 393.147 -295.329 367.505 2
375 199.248 423.923 -402.697 466.301 4
376 28.3608 393.147 -295.329 367.505 2
377 199.248 423.923 -402.697 466.301 4
378 28.3608 393.147 -295.329 367.505 2
379 199.248 423.923 -402.697 466.301 4
380 28.3608 393.147 -295.329 367.505 2
381 199.248 423.923 -402.697 466.301 4
382 28.3608 393.147 -295.329 367.505 2
383 199.248 423.923 -402.697 466.301 4
384 28.3608 393.147 -295.329 367.505 2
385 RANDOM
386 200.228 429.069 -460.202 451.005 4
387 86.1955 411.024 -395.339 407.725 2
388 200.228 429.069 -460.202 451.005 4
389 86.1955 411.024 -395.339 407.725 2
390 200.228 429.069 -460.202 451.005 4
391 86.1955 411.024 -395.339 407.725 2
392 200.228 429.069 -460.202 451.005 4
393 86.1955 411.024 -395.339 407.725 2
394 200.228 429.069 -460.202 451.005 4
395 86.1955 411.024 -395.339 407.725 2
396 RANDOM
397 49.6644 332.757 -212.879 260.92 2
398 86.4552 358.487 -335.071 316.56 2
399 150.035 397.56 -471.533 405.148 4
400 3.96858 394.611 -314.368 418.186 4
401 -63.1354 359.357 -202.967 350.527 2
402 86.4552 358.487 -335.071 316.56 2
403 150.035 397.56 -471.533 405.148 4
404 3.96858 394.611 -314.368 418.186 4
405 -63.1354 359.357 -202.967 350.527 2
406 RANDOM
407 150.035 397.56 -471.533 405.148 4
408 3.96858 394.611 -314.368 418.186 4
409 -63.1354 359.357 -202.967 350.527 2
410 86.4552 358.487 -335.071 316.56 2
411 150.035 397.56 -471.533 405.148 4
412 3.96858 394.611 -314.368 418.186 4
413 -63.1354 359.357 -202.967 350.527 2
414 86.4552 358.487 -335.071 316.56 2
415 150.035 397.56 -471.533 405.148 4
416 3.96858 394.611 -314.368 418.186 4
417 -63.1354 359.357 -202.967 350.527 2
418 86.4552 358.487 -335.071 316.56 2
419 150.035 397.56 -471.533 405.148 4
420 3.96858 394.611 -314.368 418.186 4
421 -63.1354 359.357 -202.967 350.527 2
422 86.4552 358.487 -335.071 316.56 2
423 150.035 397.56 -471.533 405.148 4
424 3.96858 394.611 -314.368 418.186 4
425 -63.1354 359.357 -202.967 350.527 2
426 86.4552 358.487 -335.071 316.56 2
427 150.035 397.56 -471.533 405.148 4
428 3.96858 394.611 -314.368 418.186 4
429 -63.1354 359.357 -202.967 350.527 2
430 86.4552 358.487 -335.071 316.56 2
431 150.035 397.56 -471.533 405.148 4
432 3.96858 394.611 -314.368 418.186 4
433 -63.1354 359.357 -202.967 350.527 2
434 86.4552 358.487 -335.071 316.56 2
435 150.035 397.56 -471.533 405.148 4
436 3.96858 394.611 -314.368 418.186 4
437 -63.1354 359.357 -202.967 350.527 2
438 86.4552 358.487 -335.071 316.56 2
439 RANDOM
440 220.021 432.186 -599.348 494.129 4
441 92.0816 414.311 -438.805 465.617 4
442 3.96858 394.611 -314.368 418.186 4
443 -63.1354 359.357 -202.967 350.527 2
444 86.4552 358.487 -335.071 316.56 2
445 150.035 397.56 -471.533 405.148 4
446 3.96858 394.611 -314.368 418.186 4
447 -63.1354 359.357 -202.967 350.527 2
448 86.4552 358.487 -335.071 316.56 2
449 150.035 397.56 -471.533 405.148 4
450 RANDOM
451 -63.1354 359.357 -202.967 350.527 2
452 86.4552 358.487 -335.071 316.56 2
453 150.035 397.56 -471.533 405.148 4
454 3.96858 394.611 -314.368 418.186 4
455 RANDOM
456 121.539 425.793 -467.091 445.73 4
457 86.1955 411.024 -395.339 407.725 2
458 200.228 429.069 -460.202 451.005 4
459 86.1955 411.024 -395.339 407.725 2
460 200.228 429.069 -460.202 451.005 4
461 86.1955 411.024 -395.339 407.725 2
462 200.228 429.069 -460.202 451.005 4
463 86.1955 411.024 -395.339 407.725 2
464 200.228 429.069 -460.202 451.005 4
465 86.1955 411.024 -395.339 407.725 2
466 200.228 429.069 -460.202 451.005 4
467 86.1955 411.024 -395.339 407.725 2
468 200.228 429.069 -460.202 451.005 4
469 86.1955 411.024 -395.339 407.725 2
470 200.228 429.069 -460.202 451.005 4
471 86.1955 411.024 -395.339 407.725 2
472 200.228 429.069 -460.202 451.005 4
473 86.1955 411.024 -395.339 407.725 2
474 200.228 429.069 -460.202 451.005 4
475 86.1955 411.024 -395.339 407.725 2
476 RANDOM
477 49.6644 332.757 -212.879 260.92 2
478 86.4552 358.487 -335.071 316.56 2
479 150.035 397.56 -471.533 405.148 4
480 3.96858 394.611 -314.368 418.186 4
481 -63.1354 359.357 -202.967 350.527 2
482 86.4552 358.487 -335.071 316.56 2
483 150.035 397.56 -471.533 405.148 4
484 RANDOM
485 -63.1354 359.357 -202.967 350.527 2
486 86.4552 358.487 -335.071 316.56 2
487 150.035 397.56 -471.533 405.148 4
488 3.96858 394.611 -314.368 418.186 4
489 -63.1354 359.357 -202.967 350.527 2
490 86.4552 358.487 -335.071 316.56 2
491 150.035 397.56 -471.533 405.148 4
492 3.96858 394.611 -314.368 418.186 4
493 -63.1354 359.357 -202.967 350.527 2
494 86.4552 358.487 -335.071 316.56 2
495 150.035 397.56 -471.533 405.148 4
496 3.96858 394.611 -314.368 418.186 4
497 -63.1354 359.357 -202.967 350.527 2
498 86.4552 358.487 -335.071 316.56 2
499 150.035 397.56 -471.533 405.148 4
500 RANDOM
501 -63.1354 359.357 -202.967 350.527 2
502 86.4552 358.487 -335.071 316.56 2
503 150.035 397.56 -471.533 405.148 4
504 3.96858 394.611 -314.368 418.186 4
505 -63.1354 359.357 -202.967 350.527 2
506 86.4552 358.487 -335.071 316.56 2
507 150.035 397.56 -471.533 405.148 4
508 3.96858 394.611 -314.368 418.186 4
509 -63.1354 359.357 -202.967 350.527 2
510 86.4552 358.487 -335.071 316.56 2
511 150.035 397.56 -471.533 405.148 4
512 3.96858 394.611 -314.368 418.186 4
513 -63.1354 359.357 -202.967 350.527 2
514 86.4552 358.487 -335.071 316.56 2
515 150.035 397.56 -471.533 405.148 4
516 3.96858 394.611 -314.368 418.186 4
517 -63.1354 359.357 -202.967 350.527 2
518 86.4552 358.487 -335.071 316.56 2
519 150.035 397.56 -471.533 405.148 4
520 3.96858 394.611 -314.368 418.186 4
521 -63.1354 359.357 -202.967 350.527 2
522 86.4552 358.487 -335.071 316.56 2
523 150.035 397.56 -471.533 405.148 4
524 3.96858 394.611 -314.368 418.186 4
525 -63.1354 359.357 -202.967 350.527 2
526 86.4552 358.487 -335.071 316.56 2
527 150.035 397.56 -471.533 405.148 4
528 3.96858 394.611 -314.368 418.186 4
529 -63.1354 359.357 -202.967 350.527 2
530 86.4552 358.487 -335.071 316.56 2
531 150.035 397.56 -471.533 405.148 4
532 RANDOM
533 -63.1354 359.357 -202.967 350.527 2
534 86.4552 358.487 -335.071 316.56 2
535 150.035 397.56 -471.533 405.148 4
536 3.96858 394.611 -314.368 418.186 4
537 -63.1354 359.357 -202.967 350.527 2
538 86.4552 358.487 -335.071 316.56 2
539 150.035 397.56 -471.533 405.148 4
540 3.96858 394.611 -314.368 418.186 4
541 -63.1354 359.357 -202.967 350.527 2
542 86.4552 358.487 -335.071 316.56 2
543 150.035 397.56 -471.533 405.148 4
544 3.96858 394.611 -314.368 418.186 4
545 -63.1354 359.357 -202.967 350.527 2
546 86.4552 358.487 -335.071 316.56 2
547 150.035 397.56 -471.533 405.148 4
548 RANDOM
549 -63.1354 359.357 -202.967 350.527 2
550 RANDOM
551 150.035 397.56 -471.533 405.148 4
552 3.96858 394.611 -314.368 418.186 4
553 -63.1354 359.357 -202.967 350.527 2
554 86.4552 358.487 -335.071 316.56 2
555 150.035 397.56 -471.533 405.148 4
556 3.96858 394.611 -314.368 418.186 4
557 -63.1354 359.357 -202.967 350.527 2
558 86.4552 358.487 -335.071 316.56 2
559 150.035 397.56 -471.533 405.148 4
560 3.96858 394.611 -314.368 418.186 4
561 -63.1354 359.357 -202.967 350.527 2
562 86.4552 358.487 -335.071 316.56 2
563 150.035 397.56 -471.533 405.148 4
564 3.96858 394.611 -314.368 418.186 4
565 -63.1354 359.357 -202.967 350.527 2
566 86.4552 358.487 -335.071 316.56 2
567 150.035 397.56 -471.533 405.148 4
568 3.96858 394.611 -314.368 418.186 4
569 -63.1354 359.357 -202.967 350.527 2
570 86.4552 358.487 -335.071 316.56 2
571 150.035 397.56 -471.533 405.148 4
572 3.96858 394.611 -314.368 418.186 4
573 -63.1354 359.357 -202.967 350.527 2
574 86.4552 358.487 -335.071 316.56 2
575 150.035 397.56 -471.533 405.148 4
576 3.96858 394.611 -314.368 418.186 4
577 -63.1354 359.357 -202.967 350.527 2
578 86.4552 358.487 -335.071 316.56 2
579 150.035 397.56 -471.533 405.148 4
580 3.96858 394.611 -314.368 418.186 4
581 -63.1354 359.357 -202.967 350.527 2
582 86.4552 358.487 -335.071 316.56 2
583 150.035 397.56 -471.533 405.148 4
584 3.96858 394.611 -314.368 418.186 4
585 -63.1354 359.357 -202.967 350.527 2
586 86.4552 358.487 -335.071 316.56 2
587 150.035 397.56 -471.533 405.148 4
588 3.96858 394.611 -314.368 418.186 4
589 -63.1354 359.357 -202.967 350.527 2
590 86.4552 358.487 -335.071 316.56 2
591 150.035 397.56 -471.533 405.148 4
592 3.96858 394.611 -314.368 418.186 4
593 -63.1354 359.357 -202.967 350.527 2
594 86.4552 358.487 -335.071 316.56 2
595 150.035 397.56 -471.533 405.148 4
596 3.96858 394.611 -314.368 418.186 4
597 -63.1354 359.357 -202.967 350.527 2
598 86.4552 358.487 -335.071 316.56 2
599 150.035 397.56 -471.533 405.148 4
600 3.96858 394.611 -314.368 418.186 4
601 RANDOM
602 121.539 425.793 -467.091 445.73 4
603 86.1955 411.024 -395.339 407.725 2
604 200.228 429.069 -460.202 451.005 4
605 RANDOM
606 28.3608 393.147 -295.329 367.505 2
607 199.248 423.923 -402.697 466.301 4
608 28.3608 393.147 -295.329 367.505 2
609 199.248 423.923 -402.697 466.301 4
610 28.3608 393.147 -295.329 367.505 2
611 199.248 423.923 -402.697 466.301 4
612 28.3608 393.147 -295.329 367.505 2
613 199.248 423.923 -402.697 466.301 4
614 28.3608 393.147 -295.329 367.505 2
615 199.248 423.923 -402.697 466.301 4
616 28.3608 393.147 -295.329 367.505 2
617 199.248 423.923 -402.697 466.301 4
618 28.3608 393.147 -295.329 367.505 2
619 199.248 423.923 -402.697 466.301 4
620 28.3608 393.147 -295.329 367.505 2
621 199.248 423.923 -402.697 466.301 4
622 28.3608 393.147 -295.329 367.505 2
623 199.248 423.923 -402.697 466.301 4
624 28.3608 393.147 -295.329 367.505 2
625 199.248 423.923 -402.697 466.301 4
626 28.3608 393.147 -295.329 367.505 2
627 199.248 423.923 -402.697 466.301 4
628 28.3608 393.147 -295.329 367.505 2
629 199.248 423.923 -402.697 466.301 4
630 28.3608 393.147 -295.329 367.505 2
631 199.248 423.923 -402.697 466.301 4
632 28.3608 393.147 -295.329 367.505 2
633 199.248 423.923 -402.697 466.301 4
634 28.3608 393.147 -295.329 367.505 2
635 RANDOM
636 200.228 429.069 -460.202 451.005 4
637 86.1955 411.024 -395.339 407.725 2
638 200.228 429.069 -460.202 451.005 4
639 86.1955 411.024 -395.339 407.725 2
640 200.228 429.069 -460.202 451.005 4
641 86.1955 411.024 -395.339 407.725 2
642 200.228 429.069 -460.202 451.005 4
643 86.1955 411.024 -395.339 407.725 2
644 200.228 429.069 -460.202 451.005 4
645 86.1955 411.024 -395.339 407.725 2
646 200.228 429.069 -460.202 451.005 4
647 86.1955 411.024 -395.339 407.725 2
648 200.228 429.069 -460.202 451.005 4
649 86.1955 411.024 -395.339 407.725 2
650 200.228 429.069 -460.202 451.005 4
651 86.1955 411.024 -395.339 407.725 2
652 200.228 429.069 -460.202 451.005 4
653 86.1955 411.024 -395.339 407.725 2
654 200.228 429.069 -460.202 451.005 4
655 86.1955 411.024 -395.339 407.725 2
656 200.228 429.069 -460.202 451.005 4
657 86.1955 411.024 -395.339 407.725 2
658 200.228 429.069 -460.202 451.005 4
659 86.1955 411.024 -395.339 407.725 2
660 200.228 429.069 -460.202 451.005 4
661 86.1955 411.024 -395.339 407.725 2
662 200.228 429.069 -460.202 451.005 4
663 86.1955 411.024 -395.339 407.725 2
664 200.228 429.069 -460.202 451.005 4
665 86.1955 411.024 -395.339 407.725 2
666 200.228 429.069 -460.202 451.005 4
667 86.1955 411.024 -395.339 407.725 2
668 200.228 429.069 -460.202 451.005 4
669 86.1955 411.024 -395.339 407.725 2
670 200.228 429.069 -460.202 451.005 4
671 86.1955 411.024 -395.339 407.725 2
672 200.228 429.069 -460.202 451.005 4
673 86.1955 411.024 -395.339 407.725 2
674 200.228 429.069 -460.202 451.005 4
675 86.1955 411.024 -395.339 407.725 2
676 200.228 429.069 -460.202 451.005 4
677 86.1955 411.024 -395.339 407.725 2
678 200.228 429.069 -460.202 451.005 4
679 86.1955 411.024 -395.339 407.725 2
680 200.228 429.069 -460.202 451.005 4
681 86.1955 411.024 -395.339 407.725 2
682 200.228 429.069 -460.202 451.005 4
683 86.1955 411.024 -395.339 407.725 2
684 200.228 429.069 -460.202 451.005 4
685 86.1955 411.024 -395.339 407.725 2
686 RANDOM
687 49.6644 332.757 -212.879 260.92 2
688 86.4552 358.487 -335.071 316.56 2
689 150.035 397.56 -471.533 405.148 4
690 3.96858 394.611 -314.368 418.186 4
691 -63.1354 359.357 -202.967 350.527 2
692 RANDOM
693 150.035 397.56 -471.533 405.148 4
694 3.96858 394.611 -314.368 418.186 4
695 -63.1354 359.357 -202.967 350.527 2
696 RANDOM
697 150.035 397.56 -471.533 405.148 4
698 3.96858 394.611 -314.368 418.186 4
699 -63.1354 359.357 -202.967 350.527 2
700 86.4552 358.487 -335.071 316.56 2
701 150.035 397.56 -471.533 405.148 4
702 3.96858 394.611 -314.368 418.186 4
703 -63.1354 359.357 -202.967 350.527 2
704 86.4552 358.487 -335.071 316.56 2
705 150.035 397.56 -471.533 405.148 4
706 3.96858 394.611 -314.368 418.186 4
707 -63.1354 359.357 -202.967 350.527 2
708 RANDOM
709 150.035 397.56 -471.533 405.148 4
710 3.96858 394.611 -314.368 418.186 4
711 -63.1354 359.357 -202.967 350.527 2
712 86.4552 358.487 -335.071 316.56 2
713 150.035 397.56 -471.533 405.148 4
714 RANDOM
715 RANDOM
716 121.539 425.793 -467.091 445.73 4
717 86.1955 411.024 -395.339 407.725 2
718 200.228 429.069 -460.202 451.005 4
719 86.1955 411.024 -395.339 407.725 2
720 200.228 429.069 -460.202 451.005 4
721 86.1955 411.024 -395.339 407.725 2
722 200.228 429.069 -460.202 451.005 4
723 86.1955 411.024 -395.339 407.725 2
724 200.228 429.069 -460.202 451.005 4
725 86.1955 411.024 -395.339 407.725 2
726 RANDOM
727 49.6644 332.757 -212.879 260.92 2
728 86.4552 358.487 -335.071 316.56 2
729 150.035 397.56 -471.533 405.148 4
730 3.96858 394.611 -314.368 418.186 4
731 -63.1354 359.357 -202.967 350.527 2
732 86.4552 358.487 -335.071 316.56 2
733 150.035 397.56 -471.533 405.148 4
734 3.96858 394.611 -314.368 418.186 4
735 -63.1354 359.357 -202.967 350.527 2
736 86.4552 358.487 -335.071 316.56 2
737 150.035 397.56 -471.533 405.148 4
738 3.96858 394.611 -314.368 418.186 4
739 -63.1354 359.357 -202.967 350.527 2
740 86.4552 358.487 -335.071 316.56 2
741 150.035 397.56 -471.533 405.148 4
742 3.96858 394.611 -314.368 418.186 4
743 -63.1354 359.357 -202.967 350.527 2
744 86.4552 358.487 -335.071 316.56 2
745 150.035 397.56 -471.533 405.148 4
746 3.96858 394.611 -314.368 418.186 4
747 -63.1354 359.357 -202.967 350.527 2
748 86.4552 358.487 -335.071 316.56 2
749 150.035 397.56 -471.533 405.148 4
750 3.96858 394.611 -314.368 418.186 4
751 -63.1354 359.357 -202.967 350.527 2
752 86.4552 358.487 -335.071 316.56 2
753 150.035 397.56 -471.533 405.148 4
754 3.96858 394.611 -314.368 418.186 4
755 -63.1354 359.357 -202.967 350.527 2
756 86.4552 358.487 -335.071 316.56 2
757 150.035 397.56 -471.533 405.148 4
758 3.96858 394.611 -314.368 418.186 4
759 -63.1354 359.357 -202.967 350.527 2
760 86.4552 358.487 -335.071 316.56 2
761 150.035 397.56 -471.533 405.148 4
762 3.96858 394.611 -314.368 418.186 4
763 -63.1354 359.357 -202.967 350.527 2
764 86.4552 358.487 -335.071 316.56 2
765 150.035 397.56 -471.533 405.148 4
766 3.96858 394.611 -314.368 418.186 4
767 -63.1354 359.357 -202.967 350.527 2
768 86.4552 358.487 -335.071 316.56 2
769 150.035 397.56 -471.533 405.148 4
770 3.96858 394.611 -314.368 418.186 4
771 -63.1354 359.357 -202.967 350.527 2
772 86.4552 358.487 -335.071 316.56 2
773 150.035 397.56 -471.533 405.148 4
774 3.96858 394.611 -314.368 418.186 4
775 -63.1354 359.357 -202.967 350.527 2
776 86.4552 358.487 -335.071 316.56 2
777 150.035 397.56 -471.533 405.148 4
778 3.96858 394.611 -314.368 418.186 4
779 -63.1354 359.357 -202.967 350.527 2
780 86.4552 358.487 -335.071 316.56 2
781 150.035 397.56 -471.533 405.148 4
782 3.96858 394.611 -314.368 418.186 4
783 -63.1354 359.357 -202.967 350.527 2
784 86.4552 358.487 -335.071 316.56 2
785 150.035 397.56 -471.533 405.148 4
786 3.96858 394.611 -314.368 418.186 4
787 -63.1354 359.357 -202.967 350.527 2
788 86.4552 358.487 -335.071 316.56 2
789 150.035 397.56 -471.533 405.148 4
790 3.96858 394.611 -314.368 418.186 4
791 -63.1354 359.357 -202.967 350.527 2
792 86.4552 358.487 -335.071 316.56 2
793 150.035 397.56 -471.533 405.148 4
794 3.96858 394.611 -314.368 418.186 4
795 -63.1354 359.357 -202.967 350.527 2
796 86.4552 358.487 -335.071 316.56 2
797 150.035 397.56 -471.533 405.148 4
798 3.96858 394.611 -314.368 418.186 4
799 -63.1354 359.357 -202.967 350.527 2
800 86.4552 358.487 -335.071 316.56 2
801 150.035 397.56 -471.533 405.148 4
802 RANDOM
803 -63.1354 359.357 -202.967 350.527 2
804 86.4552 358.487 -335.071 316.56 2
805 150.035 397.56 -471.533 405.148 4
806 3.96858 394.611 -314.368 418.186 4
807 -63.1354 359.357 -202.967 350.527 2
808 86.4552 358.487 -335.071 316.56 2
809 150.035 397.56 -471.533 405.148 4
810 3.96858 394.611 -314.368 418.186 4
811 -63.1354 359.357 -202.967 350.527 2
812 86.4552 358.487 -335.071 316.56 2
813 150.035 397.56 -471.533 405.148 4
814 3.96858 394.611 -314.368 418.186 4
815 -63.1354 359.357 -202.967 350.527 2
816 86.4552 358.487 -335.071 316.56 2
817 150.035 397.56 -471.533 405.148 4
818 3.96858 394.611 -314.368 418.186 4
819 -63.1354 359.357 -202.967 350.527 2
820 86.4552 358.487 -335.071 316.56 2
821 150.035 397.56 -471.533 405.148 4
822 RANDOM
823 RANDOM
824 121.539 425.793 -467.091 445.73 4
825 86.1955 411.024 -395.339 407.725 2
826 200.228 429.069 -460.202 451.005 4
827 86.1955 411.024 -395.339 407.725 2
828 200.228 429.069 -460.202 451.005 4
829 86.1955 411.024 -395.339 407.725 2
830 200.228 429.069 -460.202 451.005 4
831 86.1955 411.024 -395.339 407.725 2
832 200.228 429.069 -460.202 451.005 4
833 86.1955 411.024 -395.339 407.725 2
834 200.228 429.069 -460.202 451.005 4
835 RANDOM
836 28.3608 393.147 -295.329 367.505 2
837 199.248 423.923 -402.697 466.301 4
838 28.3608 393.147 -295.329 367.505 2
839 199.248 423.923 -402.697 466.301 4
840 28.3608 393.147 -295.329 367.505 2
841 199.248 423.923 -402.697 466.301 4
842 28.3608 393.147 -295.329 367.505 2
843 RANDOM
844 200.228 429.069 -460.202 451.005 4
845 86.1955 411.024 -395.339 407.725 2
846 200.228 429.069 -460.202 451.005 4
847 86.1955 411.024 -395.339 407.725 2
848 200.228 429.069 -460.202 451.005 4
849 86.1955 411.024 -395.339 407.725 2
850 200.228 429.069 -460.202 451.005 4
851 86.1955 411.024 -395.339 407.725 2
852 200.228 429.069 -460.202 451.005 4
853 86.1955 411.024 -395.339 407.725 2
854 200.228 429.069 -460.202 451.005 4
855 86.1955 411.024 -395.339 407.725 2
856 200.228 429.069 -460.202 451.005 4
857 86.1955 411.024 -395.339 407.725 2
858 200.228 429.069 -460.202 451.005 4
859 86.1955 411.024 -395.339 407.725 2
860 200.228 429.069 -460.202 451.005 4
861 86.1955 411.024 -395.339 407.725 2
862 200.228 429.069 -460.202 451.005 4
863 86.1955 411.024 -395.339 407.725 2
864 200.228 429.069 -460.202 451.005 4
865 86.1955 411.024 -395.339 407.725 2
866 200.228 429.069 -460.202 451.005 4
867 86.1955 411.024 -395.339 407.725 2
868 200.228 429.069 -460.202 451.005 4
869 86.1955 411.024 -395.339 407.725 2
870 200.228 429.069 -460.202 451.005 4
871 86.1955 411.024 -395.339 407.725 2
872 200.228 429.069 -460.202 451.005 4
873 86.1955 411.024 -395.339 407.725 2
874 200.228 429.069 -460.202 451.005 4
875 86.1955 411.024 -395.339 407.725 2
876 200.228 429.069 -460.202 451.005 4
877 86.1955 411.024 -395.339 407.725 2
878 200.228 429.069 -460.202 451.005 4
879 86.1955 411.024 -395.339 407.725 2
880 200.228 429.069 -460.202 451.005 4
881 RANDOM
882 28.3608 393.147 -295.329 367.505 2
883 199.248 423.923 -402.697 466.301 4
884 28.3608 393.147 -295.329 367.505 2
885 199.248 423.923 -402.697 466.301 4
886 28.3608 393.147 -295.329 367.505 2
887 199.248 423.923 -402.697 466.301 4
888 28.3608 393.147 -295.329 367.505 2
889 199.248 423.923 -402.697 466.301 4
890 28.3608 393.147 -295.329 367.505 2
891 199.248 423.923 -402.697 466.301 4
892 28.3608 393.147 -295.329 367.505 2
893 199.248 423.923 -402.697 466.301 4
894 28.3608 393.147 -295.329 367.505 2
895 199.248 423.923 -402.697 466.301 4
896 28.3608 393.147 -295.329 367.505 2
897 199.248 423.923 -402.697 466.301 4
898 28.3608 393.147 -295.329 367.505 2
899 199.248 423.923 -402.697 466.301 4
900 28.3608 393.147 -295.329 367.505 2
901 199.248 423.923 -402.697 466.301 4
902 28.3608 393.147 -295.329 367.505 2
903 199.248 423.923 -402.697 466.301 4
904 28.3608 393.147 -295.329 367.505 2
905 199.248 423.923 -402.697 466.301 4
906 28.3608 393.147 -295.329 367.505 2
907 199.248 423.923 -402.697 466.301 4
908 28.3608 393.147 -295.329 367.505 2
909 199.248 423.923 -402.697 466.301 4
910 28.3608 393.147 -295.329 367.505 2
911 199.248 423.923 -402.697 466.301 4
912 28.3608 393.147 -295.329 367.505 2
913 199.248 423.923 -402.697 466.301 4
914 28.3608 393.147 -295.329 367.505 2
915 199.248 423.923 -402.697 466.301 4
916 28.3608 393.147 -295.329 367.505 2
917 199.248 423.923 -402.697 466.301 4
918 28.3608 393.147 -295.329 367.505 2
919 199.248 423.923 -402.697 466.301 4
920 28.3608 393.147 -295.329 367.505 2
921 199.248 423.923 -402.697 466.301 4
922 28.3608 393.147 -295.329 367.505 2
923 199.248 423.923 -402.697 466.301 4
924 28.3608 393.147 -295.329 367.505 2
925 199.248 423.923 -402.697 466.301 4
926 28.3608 393.147 -295.329 367.505 2
927 199.248 423.923 -402.697 466.301 4
928 28.3608 393.147 -295.329 367.505 2
929 199.248 423.923 -402.697 466.301 4
930 28.3608 393.147 -295.329 367.505 2
931 199.248 423.923 -402.697 466.301 4
932 28.3608 393.147 -295.329 367.505 2
933 199.248 423.923 -402.697 466.301 4
934 28.3608 393.147 -295.329 367.505 2
935 199.248 423.923 -402.697 466.301 4
936 28.3608 393.147 -295.329 367.505 2
937 199.248 423.923 -402.697 466.301 4
938 28.3608 393.147 -295.329 367.505 2
939 199.248 423.923 -402.697 466.301 4
940 RANDOM
941 -2.47038 379.593 -212.567 331.609 2
942 171.064 402.309 -315.636 437.043 4
943 -2.47038 379.593 -212.567 331.609 2
944 171.064 402.309 -315.636 437.043 4
945 -2.47038 379.593 -212.567 331.609 2
946 171.064 402.309 -315.636 437.043 4
947 -2.47038 379.593 -212.567 331.609 2
948 171.064 402.309 -315.636 437.043 4
949 -2.47038 379.593 -212.567 331.609 2
950 171.064 402.309 -315.636 437.043 4
951 -2.47038 379.593 -212.567 331.609 2
952 171.064 402.309 -315.636 437.043 4
953 -2.47038 379.593 -212.567 331.609 2
954 171.064 402.309 -315.636 437.043 4
955 -2.47038 379.593 -212.567 331.609 2
956 171.064 402.309 -315.636 437.043 4
957 -2.47038 379.593 -212.567 331.609 2
958 171.064 402.309 -315.636 437.043 4
959 -2.47038 379.593 -212.567 331.609 2
960 171.064 402.309 -315.636 437.043 4
961 RANDOM
962 109.19 523.769 -312.645 561.241 4
963 44.1099 521.65 -259.897 564.054 4
964 13.2157 526.462 -245.376 578.771 4
965 -13.4899 526.423 -229.433 585.783 4
966 RANDOM
967 31.2899 504.145 -261.975 535.239 4
968 3.83724 502.974 -238.059 539.099 4
969 -24.4904 501.639 -215.393 545.486 4
970 160.075 574.581 -514.232 495.944 2
971 153.728 506.805 -131.946 566.313 4
972 160.075 574.581 -514.232 495.944 2
973 153.728 506.805 -131.946 566.313 4
974 160.075 574.581 -514.232 495.944 2
975 153.728 506.805 -131.946 566.313 4
976 160.075 574.581 -514.232 495.944 2
977 153.728 506.805 -131.946 566.313 4
978 160.075 574.581 -514.232 495.944 2
979 153.728 506.805 -131.946 566.313 4
980 160.075 574.581 -514.232 495.944 2
981 153.728 506.805 -131.946 566.313 4
982 160.075 574.581 -514.232 495.944 2
983 153.728 506.805 -131.946 566.313 4
984 160.075 574.581 -514.232 495.944 2
985 153.728 506.805 -131.946 566.313 4
986 RANDOM
987 148.934 729.149 -446.935 739.516 4
988 176.248 973.36 -383.679 1071.78 4
989 217.86 1226.55 -354.277 1376.78 4
990 439.134 1156.19 -321.78 1670.73 4
991 338.601 1132.15 -340.272 1593.33 4
992 RANDOM
993 172.741 1251.79 -331.184 1537.06 4
994 533.331 1093.71 -549.659 1686.82 4
995 442.246 1072.0 -607.894 1623.44 4
996 360.065 1051.17 -671.27 1570.88 4
997 327.672 1132.2 -751.135 1642.12 4
998 538.62 1030.82 -733.251 1720.28 4
999 470.227 1034.86 -800.938 1707.35 4
1000 391.277 1035.75 -862.747 1681.41 4
1001 353.686 1152.35 -903.323 1744.71 4
1002 757.585 917.531 -859.127 1842.44 4
1003 696.945 973.083 -999.769 1932.23 4
1004 RANDOM
1005 605.717 1086.69 -1223.97 2105.48 4
1006 619.061 844.128 -747.484 1631.93 4
1007 543.369 802.418 -767.198 1502.15 4
1008 475.921 801.179 -790.994 1453.92 4
1009 415.931 802.479 -815.576 1417.39 4
1010 1274.53 812.965 168.262 1316.46 4
1011 1274.53 812.965 168.262 1316.46 4
