0 -28.4132 63.6701 -20.1913 56.5475 2
1 -26.3881 62.7138 -18.7226 55.2509 2
2 -24.5313 61.3562 -17.393 53.6092 2
3 -22.0615 67.29 -12.8538 52.5546 2
4 -19.7751 64.3109 -11.3827 49.857 2
5 -17.676 61.7825 -9.79222 47.4492 2
6 -16.1058 54.7665 -9.38812 41.6673 2
7 -11.1996 61.7321 3.5458 41.2958 2
8 -10.0628 59.1003 3.40091 39.6754 2
9 -9.16217 56.1334 3.07208 37.6205 2
10 -8.49281 50.8411 1.97132 33.9395 2
11 RANDOM
12 -9.74785 52.0557 1.41244 34.4821 2
13 -8.58282 50.143 1.6272 33.233 2
14 -8.02774 44.4943 0.357322 29.3733 2
15 -11.6057 50.4183 -0.584727 32.9154 2
16 -10.8641 47.2707 -1.02662 30.7281 2
17 -10.4178 43.6528 -1.79563 28.2853 2
18 -9.98516 37.3251 -3.36361 24.0087 2
19 -12.5338 45.4534 -2.6565 28.5465 2
20 -11.9956 40.8487 -3.72223 25.5704 2
21 -11.5933 38.1306 -4.28768 23.9097 2
22 -10.8847 31.6144 -5.60482 19.734 2
23 -13.6895 39.4842 -5.15456 24.1613 2
24 -13.1163 35.9314 -5.75186 21.7773 2
25 -12.9603 32.8296 -6.46212 19.6635 2
26 -12.2798 26.2588 -7.78686 15.5361 2
27 -13.342 33.6636 -6.41843 19.7837 2
28 -13.0312 29.0546 -7.39891 16.7188 2
29 -12.7809 25.0236 -8.24099 14.1086 2
30 -12.1375 20.2368 -9.10773 11.2126 2
31 -15.4942 18.3904 -11.4075 8.97911 2
32 -14.3601 17.1232 -11.0561 8.43732 2
33 RANDOM
34 -13.0667 13.5872 -11.07 6.63194 2
35 -13.5558 7.59457 -12.6286 2.08391 2
36 -12.8401 6.21149 -12.2973 1.54183 2
37 -12.2902 4.75155 -12.0226 0.851698 2
38 -11.6883 3.94046 -11.4123 0.529635 2
39 -11.322 -5.23356 -12.3939 -6.23593 2
40 -10.8618 -3.89564 -11.7225 -5.05043 2
41 -10.6969 -2.98701 -11.3494 -4.16076 2
42 -10.2541 -0.300906 -10.3967 -1.88727 2
43 -10.5439 -3.96663 -11.3876 -5.22535 2
44 -10.4146 -2.62661 -10.9919 -3.91833 2
45 -10.4356 -1.99957 -10.8749 -3.29006 2
46 -10.1286 0.445023 -10.1455 -1.32842 2
47 -12.5342 -7.99417 -13.786 -8.60517 2
48 RANDOM
49 -11.6149 -6.22403 -12.594 -7.15464 2
50 -10.9721 -2.83591 -11.2906 -3.94691 2
51 -10.9721 -2.83591 -11.2906 -3.94691 2
