0 -286.379 86.7529 -317.171 43.0725 2
1 -285.42 94.9677 -324.292 61.3775 2
2 -293.328 108.422 -313.826 77.7978 2
3 -328.101 105.998 -279.76 88.7743 2
4 -328.868 98.5626 -273.227 73.3043 2
5 -338.063 100.215 -259.224 66.6894 2
6 -296.388 107.862 -303.084 91.316 2
7 -291.888 99.2302 -278.66 77.3994 2
8 -301.229 88.1082 -269.417 57.1361 2
9 RANDOM
10 -319.308 89.6782 -270.931 55.6757 2
11 -283.46 73.4889 -245.336 17.0433 2
12 -286.074 70.2509 -248.698 6.83586 2
13 -290.324 64.1859 -256.153 -5.76932 2
14 -276.076 74.7948 -261.875 0.0556723 2
15 -249.037 85.4419 -322.773 37.5719 2
16 -254.026 80.6505 -307.76 17.2622 2
17 -272.0 68.8357 -303.708 -2.80058 2
18 -269.125 79.3931 -298.399 4.12396 2
19 -251.701 67.8182 -304.922 17.7465 2
20 -254.947 72.866 -313.498 18.1785 2
21 -262.653 69.5602 -315.37 8.59138 2
22 -245.537 71.8033 -295.011 -3.40568 2
23 -226.783 54.4116 -225.65 -53.7957 2
24 -173.315 47.7902 -206.583 -93.866 2
25 -170.842 44.4296 -208.704 -100.781 2
26 -174.727 48.871 -190.796 -98.8717 2
27 -236.172 47.6486 -205.08 -85.8055 2
28 -184.43 16.9219 -186.01 -151.394 2
29 -126.718 19.9989 -158.252 -169.304 2
30 -107.392 50.2713 -121.729 -140.14 2
31 -262.762 47.4209 -180.589 -67.5675 2
32 -207.839 41.2921 -141.63 -103.39 2
33 -193.17 62.7945 -112.992 -84.3431 2
34 RANDOM
35 -270.48 60.541 -191.251 -36.0674 2
36 -259.5 48.2955 -168.368 -59.1181 2
37 RANDOM
38 -248.576 75.7746 -87.7318 -36.5399 2
39 -136.219 23.9481 -79.2586 -113.2 2
40 -136.969 30.6511 -78.2686 -106.661 2
41 -134.028 30.2145 -77.1667 -109.688 2
42 -108.139 22.1018 -44.0781 -127.18 2
43 -91.8937 16.3208 -24.5525 -135.117 2
44 -91.2148 17.7139 -29.71 -136.453 2
45 -89.6012 24.8011 -36.7839 -129.595 2
46 -39.5046 14.6928 13.5626 -153.175 2
47 -38.8968 6.94768 -114.713 -185.591 2
48 -67.5361 10.7947 -132.2 -173.191 2
49 -106.725 15.7626 -154.307 -155.112 2
50 -133.725 24.1048 -160.292 -134.851 2
51 -133.725 24.1048 -160.292 -134.851 2
