0 -13.8806 24.4641 12.0309 24.7285 4
1 -13.8806 24.4641 12.0309 24.7285 4
2 -13.8806 24.4641 12.0309 24.7285 4
3 -13.8806 24.4641 12.0309 24.7285 4
4 -13.8806 24.4641 12.0309 24.7285 4
5 -13.8806 24.4641 12.0309 24.7285 4
6 -13.8806 24.4641 12.0309 24.7285 4
7 -13.8806 24.4641 12.0309 24.7285 4
8 -13.8806 24.4641 12.0309 24.7285 4
9 -13.8806 24.4641 12.0309 24.7285 4
10 -13.8806 24.4641 12.0309 24.7285 4
11 -13.8806 24.4641 12.0309 24.7285 4
12 -13.8806 24.4641 12.0309 24.7285 4
13 -13.8806 24.4641 12.0309 24.7285 4
14 -13.8806 24.4641 12.0309 24.7285 4
15 -13.8806 24.4641 12.0309 24.7285 4
16 -13.8806 24.4641 12.0309 24.7285 4
17 -13.8806 24.4641 12.0309 24.7285 4
18 RANDOM
19 -13.8806 24.4641 12.0309 24.7285 4
20 -13.8806 24.4641 12.0309 24.7285 4
21 -13.8806 24.4641 12.0309 24.7285 4
22 -13.8806 24.4641 12.0309 24.7285 4
23 -13.8806 24.4641 12.0309 24.7285 4
24 -13.8806 24.4641 12.0309 24.7285 4
25 -13.8806 24.4641 12.0309 24.7285 4
26 -13.8806 24.4641 12.0309 24.7285 4
27 -13.8806 24.4641 12.0309 24.7285 4
28 -13.8806 24.4641 12.0309 24.7285 4
29 -13.8806 24.4641 12.0309 24.7285 4
30 -13.8806 24.4641 12.0309 24.7285 4
31 -13.8806 24.4641 12.0309 24.7285 4
32 -13.8806 24.4641 12.0309 24.7285 4
33 -13.8806 24.4641 12.0309 24.7285 4
34 -13.8806 24.4641 12.0309 24.7285 4
35 -13.8806 24.4641 12.0309 24.7285 4
36 -13.8806 24.4641 12.0309 24.7285 4
37 -13.8806 24.4641 12.0309 24.7285 4
38 -13.8806 24.4641 12.0309 24.7285 4
39 -13.8806 24.4641 12.0309 24.7285 4
40 -13.8806 24.4641 12.0309 24.7285 4
41 -13.8806 24.4641 12.0309 24.7285 4
42 -5.05125 5.67652 -91.1941 5.70846 4
43 -2.84838 7.00713 -98.6409 6.71374 2
44 -11.2693 -1.96757 -46.2653 1.03642 4
45 -2.84838 7.00713 -98.6409 6.71374 2
46 -11.2693 -1.96757 -46.2653 1.03642 4
47 -2.84838 7.00713 -98.6409 6.71374 2
48 -11.2693 -1.96757 -46.2653 1.03642 4
49 -2.84838 7.00713 -98.6409 6.71374 2
50 -11.2693 -1.96757 -46.2653 1.03642 4
51 -2.84838 7.00713 -98.6409 6.71374 2
52 -11.2693 -1.96757 -46.2653 1.03642 4
53 -2.84838 7.00713 -98.6409 6.71374 2
54 -11.2693 -1.96757 -46.2653 1.03642 4
55 -2.84838 7.00713 -98.6409 6.71374 2
56 -11.2693 -1.96757 -46.2653 1.03642 4
57 -2.84838 7.00713 -98.6409 6.71374 2
58 -11.2693 -1.96757 -46.2653 1.03642 4
59 -2.84838 7.00713 -98.6409 6.71374 2
60 -11.2693 -1.96757 -46.2653 1.03642 4
61 -2.84838 7.00713 -98.6409 6.71374 2
62 -11.2693 -1.96757 -46.2653 1.03642 4
63 RANDOM
64 RANDOM
65 1.29242 8.1785 -118.727 5.06696 2
66 -10.2173 0.465841 -58.6174 2.29875 4
67 1.29242 8.1785 -118.727 5.06696 2
68 -10.2173 0.465841 -58.6174 2.29875 4
69 1.29242 8.1785 -118.727 5.06696 2
70 -10.2173 0.465841 -58.6174 2.29875 4
71 1.29242 8.1785 -118.727 5.06696 2
72 -10.2173 0.465841 -58.6174 2.29875 4
73 1.29242 8.1785 -118.727 5.06696 2
74 -10.2173 0.465841 -58.6174 2.29875 4
75 1.29242 8.1785 -118.727 5.06696 2
76 -10.2173 0.465841 -58.6174 2.29875 4
77 1.29242 8.1785 -118.727 5.06696 2
78 -10.2173 0.465841 -58.6174 2.29875 4
79 1.29242 8.1785 -118.727 5.06696 2
80 -10.2173 0.465841 -58.6174 2.29875 4
81 1.29242 8.1785 -118.727 5.06696 2
82 -10.2173 0.465841 -58.6174 2.29875 4
83 1.29242 8.1785 -118.727 5.06696 2
84 -10.2173 0.465841 -58.6174 2.29875 4
85 1.29242 8.1785 -118.727 5.06696 2
86 -10.2173 0.465841 -58.6174 2.29875 4
87 1.29242 8.1785 -118.727 5.06696 2
88 -10.2173 0.465841 -58.6174 2.29875 4
89 1.29242 8.1785 -118.727 5.06696 2
90 -10.2173 0.465841 -58.6174 2.29875 4
91 1.29242 8.1785 -118.727 5.06696 2
92 -10.2173 0.465841 -58.6174 2.29875 4
93 1.29242 8.1785 -118.727 5.06696 2
94 -10.2173 0.465841 -58.6174 2.29875 4
95 1.29242 8.1785 -118.727 5.06696 2
96 -10.2173 0.465841 -58.6174 2.29875 4
97 1.29242 8.1785 -118.727 5.06696 2
98 -10.2173 0.465841 -58.6174 2.29875 4
99 1.29242 8.1785 -118.727 5.06696 2
100 -10.2173 0.465841 -58.6174 2.29875 4
101 1.29242 8.1785 -118.727 5.06696 2
102 RANDOM
103 -10.7095 -0.694601 -52.0275 1.82544 4
104 -0.89489 7.99441 -107.756 6.8474 2
105 -10.7095 -0.694601 -52.0275 1.82544 4
106 -0.89489 7.99441 -107.756 6.8474 2
107 -10.7095 -0.694601 -52.0275 1.82544 4
108 -0.89489 7.99441 -107.756 6.8474 2
109 -10.7095 -0.694601 -52.0275 1.82544 4
110 -0.89489 7.99441 -107.756 6.8474 2
111 -10.7095 -0.694601 -52.0275 1.82544 4
112 -0.89489 7.99441 -107.756 6.8474 2
113 -10.7095 -0.694601 -52.0275 1.82544 4
114 -0.89489 7.99441 -107.756 6.8474 2
115 -10.7095 -0.694601 -52.0275 1.82544 4
116 -0.89489 7.99441 -107.756 6.8474 2
117 -10.7095 -0.694601 -52.0275 1.82544 4
118 -0.89489 7.99441 -107.756 6.8474 2
119 -10.7095 -0.694601 -52.0275 1.82544 4
120 -0.89489 7.99441 -107.756 6.8474 2
121 -10.7095 -0.694601 -52.0275 1.82544 4
122 -0.89489 7.99441 -107.756 6.8474 2
123 -10.7095 -0.694601 -52.0275 1.82544 4
124 -0.89489 7.99441 -107.756 6.8474 2
125 -10.7095 -0.694601 -52.0275 1.82544 4
126 -0.89489 7.99441 -107.756 6.8474 2
127 -10.7095 -0.694601 -52.0275 1.82544 4
128 -0.89489 7.99441 -107.756 6.8474 2
129 -10.7095 -0.694601 -52.0275 1.82544 4
130 -0.89489 7.99441 -107.756 6.8474 2
131 -10.7095 -0.694601 -52.0275 1.82544 4
132 RANDOM
133 1.29242 8.1785 -118.727 5.06696 2
134 -10.2173 0.465841 -58.6174 2.29875 4
135 RANDOM
136 -10.9617 0.541362 -76.5187 1.22765 4
137 -10.7596 0.430656 -70.8907 1.4349 4
138 RANDOM
139 -7.40554 1.90485 -65.2336 3.13933 4
140 -3.50369 -2.78695 -86.2907 -14.6665 2
141 -16.7632 -2.58311 -17.8505 -3.11314 2
142 -15.855 -3.59542 -22.2116 -2.99218 4
143 -5.53441 -0.509319 -64.7523 -3.23067 2
144 -15.855 -3.59542 -22.2116 -2.99218 4
145 -5.53441 -0.509319 -64.7523 -3.23067 2
146 -15.855 -3.59542 -22.2116 -2.99218 4
147 -5.53441 -0.509319 -64.7523 -3.23067 2
148 -15.855 -3.59542 -22.2116 -2.99218 4
149 -5.53441 -0.509319 -64.7523 -3.23067 2
150 -15.855 -3.59542 -22.2116 -2.99218 4
151 -5.53441 -0.509319 -64.7523 -3.23067 2
152 -15.855 -3.59542 -22.2116 -2.99218 4
153 -5.53441 -0.509319 -64.7523 -3.23067 2
154 -15.855 -3.59542 -22.2116 -2.99218 4
155 -5.53441 -0.509319 -64.7523 -3.23067 2
156 -15.855 -3.59542 -22.2116 -2.99218 4
157 -5.53441 -0.509319 -64.7523 -3.23067 2
158 -15.855 -3.59542 -22.2116 -2.99218 4
159 -5.53441 -0.509319 -64.7523 -3.23067 2
160 -15.855 -3.59542 -22.2116 -2.99218 4
161 -5.53441 -0.509319 -64.7523 -3.23067 2
162 -15.855 -3.59542 -22.2116 -2.99218 4
163 -5.53441 -0.509319 -64.7523 -3.23067 2
164 -15.855 -3.59542 -22.2116 -2.99218 4
165 -5.53441 -0.509319 -64.7523 -3.23067 2
166 -15.855 -3.59542 -22.2116 -2.99218 4
167 -5.53441 -0.509319 -64.7523 -3.23067 2
168 RANDOM
169 -14.7919 -4.70347 -27.3335 -2.72568 4
170 -6.12002 0.405853 -66.7255 -1.3945 2
171 -14.7919 -4.70347 -27.3335 -2.72568 4
172 -6.12002 0.405853 -66.7255 -1.3945 2
173 -14.7919 -4.70347 -27.3335 -2.72568 4
174 -6.12002 0.405853 -66.7255 -1.3945 2
175 -14.7919 -4.70347 -27.3335 -2.72568 4
176 -6.12002 0.405853 -66.7255 -1.3945 2
177 -14.7919 -4.70347 -27.3335 -2.72568 4
178 -6.12002 0.405853 -66.7255 -1.3945 2
179 -14.7919 -4.70347 -27.3335 -2.72568 4
180 -6.12002 0.405853 -66.7255 -1.3945 2
181 -14.7919 -4.70347 -27.3335 -2.72568 4
182 -6.12002 0.405853 -66.7255 -1.3945 2
183 -14.7919 -4.70347 -27.3335 -2.72568 4
184 -6.12002 0.405853 -66.7255 -1.3945 2
185 -14.7919 -4.70347 -27.3335 -2.72568 4
186 -6.12002 0.405853 -66.7255 -1.3945 2
187 -14.7919 -4.70347 -27.3335 -2.72568 4
188 -6.12002 0.405853 -66.7255 -1.3945 2
189 -14.7919 -4.70347 -27.3335 -2.72568 4
190 RANDOM
191 -5.53441 -0.509319 -64.7523 -3.23067 2
192 -15.855 -3.59542 -22.2116 -2.99218 4
193 -5.53441 -0.509319 -64.7523 -3.23067 2
194 -15.855 -3.59542 -22.2116 -2.99218 4
195 -5.53441 -0.509319 -64.7523 -3.23067 2
196 -15.855 -3.59542 -22.2116 -2.99218 4
197 -5.53441 -0.509319 -64.7523 -3.23067 2
198 -15.855 -3.59542 -22.2116 -2.99218 4
199 -5.53441 -0.509319 -64.7523 -3.23067 2
200 -15.855 -3.59542 -22.2116 -2.99218 4
201 -5.53441 -0.509319 -64.7523 -3.23067 2
202 -15.855 -3.59542 -22.2116 -2.99218 4
203 -5.53441 -0.509319 -64.7523 -3.23067 2
204 -15.855 -3.59542 -22.2116 -2.99218 4
205 -5.53441 -0.509319 -64.7523 -3.23067 2
206 -15.855 -3.59542 -22.2116 -2.99218 4
207 -5.53441 -0.509319 -64.7523 -3.23067 2
208 -15.855 -3.59542 -22.2116 -2.99218 4
209 -5.53441 -0.509319 -64.7523 -3.23067 2
210 RANDOM
211 -14.7919 -4.70347 -27.3335 -2.72568 4
212 -6.12002 0.405853 -66.7255 -1.3945 2
213 -14.7919 -4.70347 -27.3335 -2.72568 4
214 -6.12002 0.405853 -66.7255 -1.3945 2
215 RANDOM
216 RANDOM
217 -13.3408 -5.7378 -55.4358 -7.28591 2
218 -13.4795 -6.16902 -47.4921 -6.37345 2
219 -13.5862 -6.4929 -40.46 -5.47948 4
220 -0.397903 2.90691 -102.401 -4.41627 2
221 -13.5862 -6.4929 -40.46 -5.47948 4
222 -0.397903 2.90691 -102.401 -4.41627 2
223 -13.5862 -6.4929 -40.46 -5.47948 4
224 -0.397903 2.90691 -102.401 -4.41627 2
225 -13.5862 -6.4929 -40.46 -5.47948 4
226 -0.397903 2.90691 -102.401 -4.41627 2
227 -13.5862 -6.4929 -40.46 -5.47948 4
228 -0.397903 2.90691 -102.401 -4.41627 2
229 -13.5862 -6.4929 -40.46 -5.47948 4
230 -0.397903 2.90691 -102.401 -4.41627 2
231 -13.5862 -6.4929 -40.46 -5.47948 4
232 -0.397903 2.90691 -102.401 -4.41627 2
233 -13.5862 -6.4929 -40.46 -5.47948 4
234 -0.397903 2.90691 -102.401 -4.41627 2
235 -13.5862 -6.4929 -40.46 -5.47948 4
236 -0.397903 2.90691 -102.401 -4.41627 2
237 -13.5862 -6.4929 -40.46 -5.47948 4
238 -0.397903 2.90691 -102.401 -4.41627 2
239 -13.5862 -6.4929 -40.46 -5.47948 4
240 -0.397903 2.90691 -102.401 -4.41627 2
241 -13.5862 -6.4929 -40.46 -5.47948 4
242 -0.397903 2.90691 -102.401 -4.41627 2
243 -13.5862 -6.4929 -40.46 -5.47948 4
244 -0.397903 2.90691 -102.401 -4.41627 2
245 -13.5862 -6.4929 -40.46 -5.47948 4
246 -0.397903 2.90691 -102.401 -4.41627 2
247 -13.5862 -6.4929 -40.46 -5.47948 4
248 -0.397903 2.90691 -102.401 -4.41627 2
249 -13.5862 -6.4929 -40.46 -5.47948 4
250 -0.397903 2.90691 -102.401 -4.41627 2
251 -13.5862 -6.4929 -40.46 -5.47948 4
252 -0.397903 2.90691 -102.401 -4.41627 2
253 -13.5862 -6.4929 -40.46 -5.47948 4
254 -0.397903 2.90691 -102.401 -4.41627 2
255 -13.5862 -6.4929 -40.46 -5.47948 4
256 -0.397903 2.90691 -102.401 -4.41627 2
257 -13.5862 -6.4929 -40.46 -5.47948 4
258 -0.397903 2.90691 -102.401 -4.41627 2
259 -13.5862 -6.4929 -40.46 -5.47948 4
260 -0.397903 2.90691 -102.401 -4.41627 2
261 -13.5862 -6.4929 -40.46 -5.47948 4
262 -0.397903 2.90691 -102.401 -4.41627 2
263 -13.5862 -6.4929 -40.46 -5.47948 4
264 RANDOM
265 1.64833 3.39207 -113.438 -5.86078 2
266 -13.4795 -6.16902 -47.4921 -6.37345 2
267 -13.5862 -6.4929 -40.46 -5.47948 4
268 -0.397903 2.90691 -102.401 -4.41627 2
269 -13.5862 -6.4929 -40.46 -5.47948 4
270 -0.397903 2.90691 -102.401 -4.41627 2
271 -13.5862 -6.4929 -40.46 -5.47948 4
272 -0.397903 2.90691 -102.401 -4.41627 2
273 -13.5862 -6.4929 -40.46 -5.47948 4
274 -0.397903 2.90691 -102.401 -4.41627 2
275 -13.5862 -6.4929 -40.46 -5.47948 4
276 -0.397903 2.90691 -102.401 -4.41627 2
277 -13.5862 -6.4929 -40.46 -5.47948 4
278 -0.397903 2.90691 -102.401 -4.41627 2
279 -13.5862 -6.4929 -40.46 -5.47948 4
280 -0.397903 2.90691 -102.401 -4.41627 2
281 -13.5862 -6.4929 -40.46 -5.47948 4
282 -0.397903 2.90691 -102.401 -4.41627 2
283 -13.5862 -6.4929 -40.46 -5.47948 4
284 -0.397903 2.90691 -102.401 -4.41627 2
285 -13.5862 -6.4929 -40.46 -5.47948 4
286 -0.397903 2.90691 -102.401 -4.41627 2
287 -13.5862 -6.4929 -40.46 -5.47948 4
288 -0.397903 2.90691 -102.401 -4.41627 2
289 -13.5862 -6.4929 -40.46 -5.47948 4
290 -0.397903 2.90691 -102.401 -4.41627 2
291 -13.5862 -6.4929 -40.46 -5.47948 4
292 -0.397903 2.90691 -102.401 -4.41627 2
293 -13.5862 -6.4929 -40.46 -5.47948 4
294 -0.397903 2.90691 -102.401 -4.41627 2
295 -13.5862 -6.4929 -40.46 -5.47948 4
296 -0.397903 2.90691 -102.401 -4.41627 2
297 -13.5862 -6.4929 -40.46 -5.47948 4
298 -0.397903 2.90691 -102.401 -4.41627 2
299 -13.5862 -6.4929 -40.46 -5.47948 4
300 -0.397903 2.90691 -102.401 -4.41627 2
301 -13.5862 -6.4929 -40.46 -5.47948 4
302 -0.397903 2.90691 -102.401 -4.41627 2
303 -13.5862 -6.4929 -40.46 -5.47948 4
304 -0.397903 2.90691 -102.401 -4.41627 2
305 -13.5862 -6.4929 -40.46 -5.47948 4
306 -0.397903 2.90691 -102.401 -4.41627 2
307 -13.5862 -6.4929 -40.46 -5.47948 4
308 -0.397903 2.90691 -102.401 -4.41627 2
309 -13.5862 -6.4929 -40.46 -5.47948 4
310 -0.397903 2.90691 -102.401 -4.41627 2
311 -13.5862 -6.4929 -40.46 -5.47948 4
312 -0.397903 2.90691 -102.401 -4.41627 2
313 -13.5862 -6.4929 -40.46 -5.47948 4
314 -0.397903 2.90691 -102.401 -4.41627 2
315 -13.5862 -6.4929 -40.46 -5.47948 4
316 -0.397903 2.90691 -102.401 -4.41627 2
317 -13.5862 -6.4929 -40.46 -5.47948 4
318 -0.397903 2.90691 -102.401 -4.41627 2
319 -13.5862 -6.4929 -40.46 -5.47948 4
320 -0.397903 2.90691 -102.401 -4.41627 2
321 -13.5862 -6.4929 -40.46 -5.47948 4
322 -0.397903 2.90691 -102.401 -4.41627 2
323 -13.5862 -6.4929 -40.46 -5.47948 4
324 -0.397903 2.90691 -102.401 -4.41627 2
325 -13.5862 -6.4929 -40.46 -5.47948 4
326 -0.397903 2.90691 -102.401 -4.41627 2
327 -13.5862 -6.4929 -40.46 -5.47948 4
328 -0.397903 2.90691 -102.401 -4.41627 2
329 -13.5862 -6.4929 -40.46 -5.47948 4
330 -0.397903 2.90691 -102.401 -4.41627 2
331 -13.5862 -6.4929 -40.46 -5.47948 4
332 -0.397903 2.90691 -102.401 -4.41627 2
333 -13.5862 -6.4929 -40.46 -5.47948 4
334 -0.397903 2.90691 -102.401 -4.41627 2
335 -13.5862 -6.4929 -40.46 -5.47948 4
336 -0.397903 2.90691 -102.401 -4.41627 2
337 -13.5862 -6.4929 -40.46 -5.47948 4
338 -0.397903 2.90691 -102.401 -4.41627 2
339 -13.5862 -6.4929 -40.46 -5.47948 4
340 -0.397903 2.90691 -102.401 -4.41627 2
341 -13.5862 -6.4929 -40.46 -5.47948 4
342 -0.397903 2.90691 -102.401 -4.41627 2
343 -13.5862 -6.4929 -40.46 -5.47948 4
344 -0.397903 2.90691 -102.401 -4.41627 2
345 -13.5862 -6.4929 -40.46 -5.47948 4
346 -0.397903 2.90691 -102.401 -4.41627 2
347 -13.5862 -6.4929 -40.46 -5.47948 4
348 -0.397903 2.90691 -102.401 -4.41627 2
349 -13.5862 -6.4929 -40.46 -5.47948 4
350 -0.397903 2.90691 -102.401 -4.41627 2
351 -13.5862 -6.4929 -40.46 -5.47948 4
352 -0.397903 2.90691 -102.401 -4.41627 2
353 -13.5862 -6.4929 -40.46 -5.47948 4
354 -0.397903 2.90691 -102.401 -4.41627 2
355 -13.5862 -6.4929 -40.46 -5.47948 4
356 -0.397903 2.90691 -102.401 -4.41627 2
357 -13.5862 -6.4929 -40.46 -5.47948 4
358 -0.397903 2.90691 -102.401 -4.41627 2
359 -13.5862 -6.4929 -40.46 -5.47948 4
360 -0.397903 2.90691 -102.401 -4.41627 2
361 -13.5862 -6.4929 -40.46 -5.47948 4
362 -0.397903 2.90691 -102.401 -4.41627 2
363 -13.5862 -6.4929 -40.46 -5.47948 4
364 RANDOM
365 1.64833 3.39207 -113.438 -5.86078 2
366 -13.4795 -6.16902 -47.4921 -6.37345 2
367 -13.5862 -6.4929 -40.46 -5.47948 4
368 -0.397903 2.90691 -102.401 -4.41627 2
369 -13.5862 -6.4929 -40.46 -5.47948 4
370 -0.397903 2.90691 -102.401 -4.41627 2
371 -13.5862 -6.4929 -40.46 -5.47948 4
372 -0.397903 2.90691 -102.401 -4.41627 2
373 -13.5862 -6.4929 -40.46 -5.47948 4
374 -0.397903 2.90691 -102.401 -4.41627 2
375 -13.5862 -6.4929 -40.46 -5.47948 4
376 -0.397903 2.90691 -102.401 -4.41627 2
377 -13.5862 -6.4929 -40.46 -5.47948 4
378 -0.397903 2.90691 -102.401 -4.41627 2
379 -13.5862 -6.4929 -40.46 -5.47948 4
380 -0.397903 2.90691 -102.401 -4.41627 2
381 -13.5862 -6.4929 -40.46 -5.47948 4
382 -0.397903 2.90691 -102.401 -4.41627 2
383 -13.5862 -6.4929 -40.46 -5.47948 4
384 -0.397903 2.90691 -102.401 -4.41627 2
385 -13.5862 -6.4929 -40.46 -5.47948 4
386 -0.397903 2.90691 -102.401 -4.41627 2
387 -13.5862 -6.4929 -40.46 -5.47948 4
388 -0.397903 2.90691 -102.401 -4.41627 2
389 -13.5862 -6.4929 -40.46 -5.47948 4
390 -0.397903 2.90691 -102.401 -4.41627 2
391 -13.5862 -6.4929 -40.46 -5.47948 4
392 -0.397903 2.90691 -102.401 -4.41627 2
393 -13.5862 -6.4929 -40.46 -5.47948 4
394 -0.397903 2.90691 -102.401 -4.41627 2
395 -13.5862 -6.4929 -40.46 -5.47948 4
396 -0.397903 2.90691 -102.401 -4.41627 2
397 -13.5862 -6.4929 -40.46 -5.47948 4
398 -0.397903 2.90691 -102.401 -4.41627 2
399 -13.5862 -6.4929 -40.46 -5.47948 4
400 -0.397903 2.90691 -102.401 -4.41627 2
401 -13.5862 -6.4929 -40.46 -5.47948 4
402 -0.397903 2.90691 -102.401 -4.41627 2
403 -13.5862 -6.4929 -40.46 -5.47948 4
404 RANDOM
405 1.64833 3.39207 -113.438 -5.86078 2
406 -13.4795 -6.16902 -47.4921 -6.37345 2
407 -13.5862 -6.4929 -40.46 -5.47948 4
408 -0.397903 2.90691 -102.401 -4.41627 2
409 -13.5862 -6.4929 -40.46 -5.47948 4
410 -0.397903 2.90691 -102.401 -4.41627 2
411 -13.5862 -6.4929 -40.46 -5.47948 4
412 -0.397903 2.90691 -102.401 -4.41627 2
413 -13.5862 -6.4929 -40.46 -5.47948 4
414 -0.397903 2.90691 -102.401 -4.41627 2
415 -13.5862 -6.4929 -40.46 -5.47948 4
416 -0.397903 2.90691 -102.401 -4.41627 2
417 -13.5862 -6.4929 -40.46 -5.47948 4
418 -0.397903 2.90691 -102.401 -4.41627 2
419 -13.5862 -6.4929 -40.46 -5.47948 4
420 -0.397903 2.90691 -102.401 -4.41627 2
421 -13.5862 -6.4929 -40.46 -5.47948 4
422 -0.397903 2.90691 -102.401 -4.41627 2
423 -13.5862 -6.4929 -40.46 -5.47948 4
424 -0.397903 2.90691 -102.401 -4.41627 2
425 -13.5862 -6.4929 -40.46 -5.47948 4
426 -0.397903 2.90691 -102.401 -4.41627 2
427 -13.5862 -6.4929 -40.46 -5.47948 4
428 -0.397903 2.90691 -102.401 -4.41627 2
429 -13.5862 -6.4929 -40.46 -5.47948 4
430 -0.397903 2.90691 -102.401 -4.41627 2
431 -13.5862 -6.4929 -40.46 -5.47948 4
432 -0.397903 2.90691 -102.401 -4.41627 2
433 RANDOM
434 -13.8645 -7.07208 -35.8987 -5.57812 4
435 -2.48531 2.28635 -92.2309 -3.40094 2
436 -13.8645 -7.07208 -35.8987 -5.57812 4
437 -2.48531 2.28635 -92.2309 -3.40094 2
438 -13.8645 -7.07208 -35.8987 -5.57812 4
439 -2.48531 2.28635 -92.2309 -3.40094 2
440 -13.8645 -7.07208 -35.8987 -5.57812 4
441 -2.48531 2.28635 -92.2309 -3.40094 2
442 -13.8645 -7.07208 -35.8987 -5.57812 4
443 -2.48531 2.28635 -92.2309 -3.40094 2
444 -13.8645 -7.07208 -35.8987 -5.57812 4
445 -2.48531 2.28635 -92.2309 -3.40094 2
446 -13.8645 -7.07208 -35.8987 -5.57812 4
447 -2.48531 2.28635 -92.2309 -3.40094 2
448 -13.8645 -7.07208 -35.8987 -5.57812 4
449 -2.48531 2.28635 -92.2309 -3.40094 2
450 -13.8645 -7.07208 -35.8987 -5.57812 4
451 -2.48531 2.28635 -92.2309 -3.40094 2
452 RANDOM
453 -20.839 -7.60598 -25.959 -14.8715 2
454 -16.7375 9.11285 -3.88973 7.29262 2
