0 310.31 314.732 309.871 286.798 2
1 314.051 318.295 313.252 290.411 2
2 317.762 321.846 316.641 294.036 2
3 318.085 322.936 317.825 295.31 2
4 321.468 325.932 320.643 298.39 2
5 324.603 328.775 323.299 301.329 2
6 328.725 332.438 326.793 305.112 2
7 322.939 326.873 321.904 298.55 2
8 326.671 330.215 325.005 302.173 2
9 329.472 332.757 327.394 304.942 2
10 333.625 336.445 330.922 308.884 2
11 326.07 329.765 324.597 301.5 2
12 330.058 333.311 327.967 305.354 2
13 333.023 335.967 330.486 308.231 2
14 336.997 339.534 333.867 312.032 2
15 329.106 332.416 326.955 304.806 2
16 333.229 336.191 330.549 308.762 2
17 337.079 339.756 333.947 312.413 2
18 342.708 344.915 338.905 317.754 2
19 331.133 334.09 328.615 306.514 2
20 335.859 338.428 332.729 311.027 2
21 339.607 341.895 336.096 314.556 2
22 344.916 346.838 340.951 319.636 2
23 RANDOM
24 339.173 341.335 335.462 314.202 2
25 RANDOM
26 347.116 348.722 342.641 321.873 2
27 331.121 334.39 329.592 305.663 2
28 336.949 339.594 334.191 311.674 2
29 341.533 343.741 338.052 316.253 2
30 346.59 348.289 342.246 321.361 2
31 338.66 341.333 336.719 312.441 2
32 342.147 344.37 339.275 316.189 2
33 344.564 346.516 341.2 318.69 2
34 347.899 349.41 343.521 322.401 2
35 337.072 339.838 335.382 310.77 2
36 340.643 342.951 337.921 314.672 2
37 343.859 345.804 340.455 318.042 2
38 348.605 350.047 344.057 323.148 2
39 340.504 343.325 340.193 312.743 2
40 342.286 344.568 340.682 315.273 2
41 344.29 346.229 341.679 317.814 2
42 347.568 349.105 343.774 321.693 2
43 339.662 343.029 342.055 309.863 2
44 340.934 343.707 341.045 312.854 2
45 342.882 345.182 341.363 315.776 2
46 RANDOM
47 340.834 343.964 341.878 312.074 2
48 RANDOM
49 343.941 346.334 342.527 316.722 2
50 347.492 349.349 344.434 321.167 2
51 347.492 349.349 344.434 321.167 2
