0 6170.1 7589.58 7196.26 8375.85 4
1 7155.26 9385.54 8456.57 10289.7 4
2 9979.06 14812.9 12280.6 16884.1 4
3 9899.01 14751.0 12189.8 16758.1 4
4 9830.2 14685.0 12103.5 16619.0 4
5 9776.5 14630.5 12030.6 16488.3 4
6 9632.62 14519.0 11898.4 16579.6 4
7 9558.81 14397.7 11787.4 16398.0 4
8 9478.06 14252.9 11662.9 16185.4 4
9 9491.98 14295.1 11669.2 16192.7 4
10 9384.34 13989.7 11525.0 15821.4 4
11 7947.44 11225.8 9561.14 12432.3 4
12 6814.37 9089.44 8078.65 9888.38 4
13 5947.8 7419.47 6917.44 8031.41 4
14 6643.78 8739.42 7887.31 9589.66 4
15 6145.63 7781.03 7222.56 8489.35 4
16 5810.85 7137.91 6770.2 7771.75 4
17 5657.36 6845.53 6560.28 7439.91 4
18 6554.26 8558.18 7775.5 9354.21 4
19 6388.61 8256.96 7554.8 9001.94 4
20 6237.43 8003.98 7355.45 8702.72 4
21 6109.84 7797.29 7186.42 8448.01 4
22 6391.4 8283.25 7566.22 9088.18 4
23 6266.65 8077.89 7404.3 8828.71 4
24 RANDOM
25 6071.56 7762.07 7144.08 8457.44 4
26 6276.43 8174.18 7727.53 8662.59 4
27 5636.82 7022.11 6896.21 7364.36 4
28 5059.99 5996.3 6145.81 6205.02 4
29 4550.53 5096.59 5492.31 5189.13 3
30 4617.54 5177.66 5535.38 5343.62 3
