0 3789.82 4228.31 4132.19 4556.64 4
1 3765.84 4225.55 4110.51 4373.55 4
2 5247.56 6947.58 6080.74 7463.0 4
3 5064.89 6787.84 5911.33 7196.64 4
4 4897.44 6621.39 5742.78 6923.78 4
5 4791.26 6492.57 5618.87 6744.11 4
6 4709.04 6367.64 5514.58 6768.44 4
7 4544.18 6131.93 5313.58 6444.36 4
8 4398.66 5910.7 5127.71 6157.77 4
9 4308.64 5776.18 5009.23 6002.29 4
10 4380.36 5774.78 5085.26 5989.87 4
11 3595.21 4301.29 4049.39 4344.49 4
12 3071.03 3359.47 3396.51 3254.85 3
13 3197.15 3552.88 3536.43 3559.25 4
