0 72.285 682.254 -436.639 571.17 2
1 105.906 669.141 -465.352 559.518 2
2 129.627 677.894 -480.302 564.723 2
3 -27.2599 721.015 -231.348 696.802 2
4 18.1351 683.783 -241.377 641.517 2
5 32.7704 704.97 -216.103 647.576 2
6 145.791 658.859 -275.151 598.859 2
7 49.6151 807.824 -114.047 829.977 4
8 70.0648 597.288 -337.404 578.041 2
9 49.6151 807.824 -114.047 829.977 4
10 70.0648 597.288 -337.404 578.041 2
11 49.6151 807.824 -114.047 829.977 4
12 70.0648 597.288 -337.404 578.041 2
13 49.6151 807.824 -114.047 829.977 4
14 70.0648 597.288 -337.404 578.041 2
15 49.6151 807.824 -114.047 829.977 4
16 70.0648 597.288 -337.404 578.041 2
17 49.6151 807.824 -114.047 829.977 4
18 70.0648 597.288 -337.404 578.041 2
19 49.6151 807.824 -114.047 829.977 4
20 70.0648 597.288 -337.404 578.041 2
21 49.6151 807.824 -114.047 829.977 4
22 70.0648 597.288 -337.404 578.041 2
23 49.6151 807.824 -114.047 829.977 4
24 70.0648 597.288 -337.404 578.041 2
25 49.6151 807.824 -114.047 829.977 4
26 70.0648 597.288 -337.404 578.041 2
27 49.6151 807.824 -114.047 829.977 4
28 70.0648 597.288 -337.404 578.041 2
29 RANDOM
30 71.2733 805.761 -93.4356 814.302 4
31 -158.894 981.925 -14.4483 1085.03 4
32 70.0648 597.288 -337.404 578.041 2
33 49.6151 807.824 -114.047 829.977 4
34 70.0648 597.288 -337.404 578.041 2
35 49.6151 807.824 -114.047 829.977 4
36 70.0648 597.288 -337.404 578.041 2
37 49.6151 807.824 -114.047 829.977 4
38 RANDOM
39 25.8114 635.006 -354.671 627.737 2
40 143.931 640.308 -219.274 590.181 2
41 52.0028 808.399 -58.4132 835.36 4
42 65.6649 576.53 -286.19 569.596 2
43 RANDOM
44 76.1805 807.657 -37.8866 821.5 4
45 -163.53 951.402 40.1332 1064.07 4
46 65.6649 576.53 -286.19 569.596 2
47 52.0028 808.399 -58.4132 835.36 4
48 65.6649 576.53 -286.19 569.596 2
49 52.0028 808.399 -58.4132 835.36 4
50 65.6649 576.53 -286.19 569.596 2
51 52.0028 808.399 -58.4132 835.36 4
52 65.6649 576.53 -286.19 569.596 2
53 52.0028 808.399 -58.4132 835.36 4
54 65.6649 576.53 -286.19 569.596 2
55 52.0028 808.399 -58.4132 835.36 4
56 65.6649 576.53 -286.19 569.596 2
57 RANDOM
58 76.1805 807.657 -37.8866 821.5 4
59 -163.53 951.402 40.1332 1064.07 4
60 65.6649 576.53 -286.19 569.596 2
61 52.0028 808.399 -58.4132 835.36 4
62 65.6649 576.53 -286.19 569.596 2
63 52.0028 808.399 -58.4132 835.36 4
64 65.6649 576.53 -286.19 569.596 2
65 RANDOM
66 76.1805 807.657 -37.8866 821.5 4
67 -163.53 951.402 40.1332 1064.07 4
68 65.6649 576.53 -286.19 569.596 2
69 RANDOM
70 76.1805 807.657 -37.8866 821.5 4
71 -163.53 951.402 40.1332 1064.07 4
72 65.6649 576.53 -286.19 569.596 2
73 52.0028 808.399 -58.4132 835.36 4
74 65.6649 576.53 -286.19 569.596 2
75 52.0028 808.399 -58.4132 835.36 4
76 65.6649 576.53 -286.19 569.596 2
77 52.0028 808.399 -58.4132 835.36 4
78 65.6649 576.53 -286.19 569.596 2
79 52.0028 808.399 -58.4132 835.36 4
80 65.6649 576.53 -286.19 569.596 2
81 52.0028 808.399 -58.4132 835.36 4
82 65.6649 576.53 -286.19 569.596 2
83 52.0028 808.399 -58.4132 835.36 4
84 65.6649 576.53 -286.19 569.596 2
85 52.0028 808.399 -58.4132 835.36 4
86 65.6649 576.53 -286.19 569.596 2
87 52.0028 808.399 -58.4132 835.36 4
88 65.6649 576.53 -286.19 569.596 2
89 52.0028 808.399 -58.4132 835.36 4
90 65.6649 576.53 -286.19 569.596 2
91 52.0028 808.399 -58.4132 835.36 4
92 65.6649 576.53 -286.19 569.596 2
93 52.0028 808.399 -58.4132 835.36 4
94 65.6649 576.53 -286.19 569.596 2
95 52.0028 808.399 -58.4132 835.36 4
96 65.6649 576.53 -286.19 569.596 2
97 52.0028 808.399 -58.4132 835.36 4
98 65.6649 576.53 -286.19 569.596 2
99 52.0028 808.399 -58.4132 835.36 4
100 76.5839 574.215 -314.132 561.657 2
101 61.3734 803.188 -93.8065 829.049 4
102 76.5839 574.215 -314.132 561.657 2
103 61.3734 803.188 -93.8065 829.049 4
104 76.5839 574.215 -314.132 561.657 2
105 61.3734 803.188 -93.8065 829.049 4
106 76.5839 574.215 -314.132 561.657 2
107 61.3734 803.188 -93.8065 829.049 4
108 76.5839 574.215 -314.132 561.657 2
109 61.3734 803.188 -93.8065 829.049 4
110 76.5839 574.215 -314.132 561.657 2
111 61.3734 803.188 -93.8065 829.049 4
112 76.5839 574.215 -314.132 561.657 2
113 61.3734 803.188 -93.8065 829.049 4
114 76.5839 574.215 -314.132 561.657 2
115 61.3734 803.188 -93.8065 829.049 4
116 76.5839 574.215 -314.132 561.657 2
117 61.3734 803.188 -93.8065 829.049 4
118 76.5839 574.215 -314.132 561.657 2
119 61.3734 803.188 -93.8065 829.049 4
120 76.5839 574.215 -314.132 561.657 2
121 61.3734 803.188 -93.8065 829.049 4
122 76.5839 574.215 -314.132 561.657 2
123 61.3734 803.188 -93.8065 829.049 4
124 76.5839 574.215 -314.132 561.657 2
125 61.3734 803.188 -93.8065 829.049 4
126 76.5839 574.215 -314.132 561.657 2
127 61.3734 803.188 -93.8065 829.049 4
128 76.5839 574.215 -314.132 561.657 2
129 61.3734 803.188 -93.8065 829.049 4
130 76.5839 574.215 -314.132 561.657 2
131 61.3734 803.188 -93.8065 829.049 4
132 76.5839 574.215 -314.132 561.657 2
133 61.3734 803.188 -93.8065 829.049 4
134 76.5839 574.215 -314.132 561.657 2
135 61.3734 803.188 -93.8065 829.049 4
136 76.5839 574.215 -314.132 561.657 2
137 61.3734 803.188 -93.8065 829.049 4
138 76.5839 574.215 -314.132 561.657 2
139 61.3734 803.188 -93.8065 829.049 4
140 76.5839 574.215 -314.132 561.657 2
141 61.3734 803.188 -93.8065 829.049 4
142 76.5839 574.215 -314.132 561.657 2
143 61.3734 803.188 -93.8065 829.049 4
144 RANDOM
145 93.2333 754.038 -154.543 714.16 2
146 99.1361 638.966 -224.648 592.435 2
