0 1462.54 3374.64 -631.995 3252.42 2
1 1499.53 3354.08 -645.204 3238.55 2
2 1528.61 3392.06 -633.037 3280.66 2
3 1305.08 3292.91 -510.003 3142.32 2
4 1357.85 3227.78 -529.62 3085.41 2
5 1376.4 3235.97 -499.443 3095.66 2
6 1504.5 3150.78 -515.826 3026.61 2
7 1385.17 3192.38 -467.099 3068.52 2
8 1403.34 3125.58 -410.063 2951.92 2
9 1386.99 3130.78 -379.601 2944.78 2
10 1441.14 3031.37 -319.538 2837.18 2
11 1447.11 3055.56 -352.724 2825.59 2
12 1457.54 3036.93 -309.747 2776.38 2
13 1460.97 3037.18 -279.882 2761.45 2
14 1548.04 2874.16 -171.534 2558.69 2
15 1443.27 3248.64 -346.643 3061.08 2
16 1453.05 3222.14 -234.844 2969.17 2
17 1442.53 3237.68 -171.105 2962.23 2
18 1478.99 3120.45 -84.4245 2806.0 2
19 1519.26 3319.31 -320.936 3305.21 2
20 1534.6 3259.56 -233.061 3176.79 2
21 1558.16 3228.36 -123.242 3086.39 2
22 1655.73 2958.52 49.4402 2711.94 2
23 1615.42 3562.95 149.865 3515.1 2
24 1657.85 3378.41 219.521 3224.9 2
25 1654.77 3288.95 213.979 3082.39 2
26 1650.8 3056.01 255.775 2775.34 2
27 1696.32 3211.02 269.662 3087.3 2
28 1745.31 3068.33 356.902 2842.72 2
29 1765.73 2971.05 423.025 2668.26 2
30 1921.56 2777.93 661.706 2355.77 2
31 1637.42 3315.79 486.609 3230.31 2
32 1721.38 3106.59 664.631 2868.03 2
33 1780.08 3004.67 804.747 2668.14 2
34 1945.11 2917.93 1076.5 2463.35 2
35 1667.01 3499.38 576.83 3512.82 4
36 1956.63 2748.45 1166.15 2477.97 2
37 1667.01 3499.38 576.83 3512.82 4
38 1956.63 2748.45 1166.15 2477.97 2
39 1667.01 3499.38 576.83 3512.82 4
40 2030.22 2720.13 1210.11 2439.05 2
41 1685.65 3462.68 582.183 3471.65 4
42 2030.22 2720.13 1210.11 2439.05 2
43 1685.65 3462.68 582.183 3471.65 4
44 2030.22 2720.13 1210.11 2439.05 2
45 1685.65 3462.68 582.183 3471.65 4
46 2030.22 2720.13 1210.11 2439.05 2
47 1685.65 3462.68 582.183 3471.65 4
48 2030.22 2720.13 1210.11 2439.05 2
49 1685.65 3462.68 582.183 3471.65 4
50 2030.22 2720.13 1210.11 2439.05 2
51 RANDOM
52 1730.4 3372.51 735.912 3287.53 2
53 1768.9 3312.91 882.829 3134.41 2
54 1894.17 3124.81 1204.91 2777.04 2
55 1777.07 3700.29 983.84 3555.54 2
56 1809.42 3550.63 1045.62 3310.89 2
57 1854.46 3440.01 1116.09 3119.77 2
58 1953.11 3266.48 1273.21 2798.62 2
59 1887.83 3484.8 1237.27 3211.96 2
60 1927.2 3402.47 1272.6 3051.43 2
61 1964.69 3323.97 1294.31 2897.79 2
62 RANDOM
63 2045.29 3423.17 1084.66 3042.55 2
64 1967.93 3362.69 987.37 2942.57 2
65 1900.96 3344.63 901.654 2912.45 2
66 1856.78 3283.57 866.361 2809.36 2
67 1856.78 3283.57 866.361 2809.36 2
