0 RANDOM
1 4099.65 4453.27 4240.78 4586.59 4
2 3894.05 4247.46 4104.22 4074.43 2
3 4099.65 4453.27 4240.78 4586.59 4
4 3894.05 4247.46 4104.22 4074.43 2
5 4099.65 4453.27 4240.78 4586.59 4
6 3894.05 4247.46 4104.22 4074.43 2
7 4099.65 4453.27 4240.78 4586.59 4
8 3894.05 4247.46 4104.22 4074.43 2
9 4099.65 4453.27 4240.78 4586.59 4
10 3894.05 4247.46 4104.22 4074.43 2
11 4099.65 4453.27 4240.78 4586.59 4
12 3894.05 4247.46 4104.22 4074.43 2
13 RANDOM
14 4258.11 4668.97 4417.81 4886.82 4
15 4067.21 4472.58 4268.4 4373.71 2
16 4258.11 4668.97 4417.81 4886.82 4
17 4067.21 4472.58 4268.4 4373.71 2
18 4258.11 4668.97 4417.81 4886.82 4
19 4067.21 4472.58 4268.4 4373.71 2
20 RANDOM
21 3689.39 3811.2 3771.47 3797.95 2
22 3871.01 4064.23 3960.7 4152.31 4
23 3823.32 4034.5 3979.09 3808.53 2
24 3871.01 4064.23 3960.7 4152.31 4
25 3823.32 4034.5 3979.09 3808.53 2
26 3871.01 4064.23 3960.7 4152.31 4
27 3823.32 4034.5 3979.09 3808.53 2
28 3871.01 4064.23 3960.7 4152.31 4
29 3823.32 4034.5 3979.09 3808.53 2
30 3871.01 4064.23 3960.7 4152.31 4
31 3823.32 4034.5 3979.09 3808.53 2
32 3871.01 4064.23 3960.7 4152.31 4
33 3823.32 4034.5 3979.09 3808.53 2
34 3871.01 4064.23 3960.7 4152.31 4
35 3823.32 4034.5 3979.09 3808.53 2
36 3871.01 4064.23 3960.7 4152.31 4
37 3823.32 4034.5 3979.09 3808.53 2
38 3871.01 4064.23 3960.7 4152.31 4
39 3823.32 4034.5 3979.09 3808.53 2
40 3942.7 4138.33 4026.58 4246.56 4
41 RANDOM
42 4329.52 4807.75 4531.88 4814.12 4
43 4138.57 4548.6 4332.43 4470.57 2
44 4333.77 4753.92 4491.17 4995.34 4
45 4138.57 4548.6 4332.43 4470.57 2
46 4333.77 4753.92 4491.17 4995.34 4
47 4138.57 4548.6 4332.43 4470.57 2
48 4333.77 4753.92 4491.17 4995.34 4
49 4138.57 4548.6 4332.43 4470.57 2
50 4333.77 4753.92 4491.17 4995.34 4
51 RANDOM
52 RANDOM
53 3815.16 4129.0 4028.14 3907.26 2
54 4000.52 4312.03 4127.67 4374.24 4
55 3815.16 4129.0 4028.14 3907.26 2
56 RANDOM
57 4174.87 4537.8 4313.93 4692.65 4
58 3964.71 4322.77 4167.67 4170.28 2
59 4174.87 4537.8 4313.93 4692.65 4
60 3964.71 4322.77 4167.67 4170.28 2
61 4174.87 4537.8 4313.93 4692.65 4
62 3964.71 4322.77 4167.67 4170.28 2
63 4174.87 4537.8 4313.93 4692.65 4
64 3964.71 4322.77 4167.67 4170.28 2
65 4174.87 4537.8 4313.93 4692.65 4
66 3964.71 4322.77 4167.67 4170.28 2
67 4174.87 4537.8 4313.93 4692.65 4
68 3964.71 4322.77 4167.67 4170.28 2
69 4174.87 4537.8 4313.93 4692.65 4
70 3964.71 4322.77 4167.67 4170.28 2
71 4174.87 4537.8 4313.93 4692.65 4
72 3964.71 4322.77 4167.67 4170.28 2
73 4174.87 4537.8 4313.93 4692.65 4
74 3964.71 4322.77 4167.67 4170.28 2
75 4174.87 4537.8 4313.93 4692.65 4
76 RANDOM
77 3815.16 4129.0 4028.14 3907.26 2
78 4000.52 4312.03 4127.67 4374.24 4
79 3815.16 4129.0 4028.14 3907.26 2
80 4000.52 4312.03 4127.67 4374.24 4
81 3815.16 4129.0 4028.14 3907.26 2
82 4000.52 4312.03 4127.67 4374.24 4
83 3815.16 4129.0 4028.14 3907.26 2
84 4000.52 4312.03 4127.67 4374.24 4
85 3815.16 4129.0 4028.14 3907.26 2
86 4000.52 4312.03 4127.67 4374.24 4
87 3815.16 4129.0 4028.14 3907.26 2
88 4000.52 4312.03 4127.67 4374.24 4
89 3815.16 4129.0 4028.14 3907.26 2
90 4000.52 4312.03 4127.67 4374.24 4
91 3815.16 4129.0 4028.14 3907.26 2
92 4000.52 4312.03 4127.67 4374.24 4
93 3815.16 4129.0 4028.14 3907.26 2
94 4000.52 4312.03 4127.67 4374.24 4
95 3815.16 4129.0 4028.14 3907.26 2
96 4000.52 4312.03 4127.67 4374.24 4
97 3815.16 4129.0 4028.14 3907.26 2
98 4000.52 4312.03 4127.67 4374.24 4
99 3815.16 4129.0 4028.14 3907.26 2
100 3916.5 4236.48 4056.9 4273.62 4
101 3733.59 4057.93 3961.29 3812.58 2
102 3916.5 4236.48 4056.9 4273.62 4
103 3733.59 4057.93 3961.29 3812.58 2
104 RANDOM
105 4089.62 4460.3 4239.88 4589.64 4
106 3882.91 4251.45 4100.62 4075.27 2
107 4089.62 4460.3 4239.88 4589.64 4
108 3882.91 4251.45 4100.62 4075.27 2
109 4089.62 4460.3 4239.88 4589.64 4
110 3882.91 4251.45 4100.62 4075.27 2
111 4089.62 4460.3 4239.88 4589.64 4
112 3882.91 4251.45 4100.62 4075.27 2
113 4089.62 4460.3 4239.88 4589.64 4
114 3882.91 4251.45 4100.62 4075.27 2
115 4089.62 4460.3 4239.88 4589.64 4
116 3882.91 4251.45 4100.62 4075.27 2
117 4089.62 4460.3 4239.88 4589.64 4
118 3882.91 4251.45 4100.62 4075.27 2
119 4089.62 4460.3 4239.88 4589.64 4
120 3882.91 4251.45 4100.62 4075.27 2
121 4089.62 4460.3 4239.88 4589.64 4
122 RANDOM
123 3733.59 4057.93 3961.29 3812.58 2
124 3916.5 4236.48 4056.9 4273.62 4
125 3733.59 4057.93 3961.29 3812.58 2
126 3916.5 4236.48 4056.9 4273.62 4
127 3733.59 4057.93 3961.29 3812.58 2
128 3916.5 4236.48 4056.9 4273.62 4
129 3733.59 4057.93 3961.29 3812.58 2
130 3916.5 4236.48 4056.9 4273.62 4
131 3733.59 4057.93 3961.29 3812.58 2
132 3916.5 4236.48 4056.9 4273.62 4
133 3733.59 4057.93 3961.29 3812.58 2
134 3916.5 4236.48 4056.9 4273.62 4
135 3733.59 4057.93 3961.29 3812.58 2
136 3916.5 4236.48 4056.9 4273.62 4
137 3733.59 4057.93 3961.29 3812.58 2
138 3916.5 4236.48 4056.9 4273.62 4
139 3733.59 4057.93 3961.29 3812.58 2
140 3916.5 4236.48 4056.9 4273.62 4
141 3733.59 4057.93 3961.29 3812.58 2
142 3916.5 4236.48 4056.9 4273.62 4
143 3733.59 4057.93 3961.29 3812.58 2
144 3916.5 4236.48 4056.9 4273.62 4
145 3733.59 4057.93 3961.29 3812.58 2
146 3916.5 4236.48 4056.9 4273.62 4
147 3733.59 4057.93 3961.29 3812.58 2
148 3916.5 4236.48 4056.9 4273.62 4
149 3733.59 4057.93 3961.29 3812.58 2
150 3916.5 4236.48 4056.9 4273.62 4
151 3733.59 4057.93 3961.29 3812.58 2
152 3916.5 4236.48 4056.9 4273.62 4
153 3733.59 4057.93 3961.29 3812.58 2
154 3916.5 4236.48 4056.9 4273.62 4
155 3733.59 4057.93 3961.29 3812.58 2
156 3916.5 4236.48 4056.9 4273.62 4
157 3733.59 4057.93 3961.29 3812.58 2
158 3916.5 4236.48 4056.9 4273.62 4
159 3733.59 4057.93 3961.29 3812.58 2
160 3916.5 4236.48 4056.9 4273.62 4
161 3733.59 4057.93 3961.29 3812.58 2
162 3916.5 4236.48 4056.9 4273.62 4
163 3733.59 4057.93 3961.29 3812.58 2
164 3916.5 4236.48 4056.9 4273.62 4
165 3733.59 4057.93 3961.29 3812.58 2
166 RANDOM
167 4089.62 4460.3 4239.88 4589.64 4
168 3882.91 4251.45 4100.62 4075.27 2
169 4089.62 4460.3 4239.88 4589.64 4
170 3882.91 4251.45 4100.62 4075.27 2
171 4089.62 4460.3 4239.88 4589.64 4
172 3882.91 4251.45 4100.62 4075.27 2
173 4089.62 4460.3 4239.88 4589.64 4
174 3882.91 4251.45 4100.62 4075.27 2
175 4089.62 4460.3 4239.88 4589.64 4
176 3882.91 4251.45 4100.62 4075.27 2
177 4089.62 4460.3 4239.88 4589.64 4
178 3882.91 4251.45 4100.62 4075.27 2
179 4089.62 4460.3 4239.88 4589.64 4
180 3882.91 4251.45 4100.62 4075.27 2
181 4089.62 4460.3 4239.88 4589.64 4
182 3882.91 4251.45 4100.62 4075.27 2
183 4089.62 4460.3 4239.88 4589.64 4
184 3882.91 4251.45 4100.62 4075.27 2
185 4089.62 4460.3 4239.88 4589.64 4
186 3882.91 4251.45 4100.62 4075.27 2
187 4089.62 4460.3 4239.88 4589.64 4
188 3882.91 4251.45 4100.62 4075.27 2
189 4089.62 4460.3 4239.88 4589.64 4
190 3882.91 4251.45 4100.62 4075.27 2
191 4089.62 4460.3 4239.88 4589.64 4
192 3882.91 4251.45 4100.62 4075.27 2
193 4089.62 4460.3 4239.88 4589.64 4
194 3882.91 4251.45 4100.62 4075.27 2
195 4089.62 4460.3 4239.88 4589.64 4
196 3882.91 4251.45 4100.62 4075.27 2
197 4089.62 4460.3 4239.88 4589.64 4
198 RANDOM
199 3733.59 4057.93 3961.29 3812.58 2
200 3916.5 4236.48 4056.9 4273.62 4
201 3733.59 4057.93 3961.29 3812.58 2
202 3916.5 4236.48 4056.9 4273.62 4
203 3733.59 4057.93 3961.29 3812.58 2
204 3916.5 4236.48 4056.9 4273.62 4
205 3733.59 4057.93 3961.29 3812.58 2
206 3916.5 4236.48 4056.9 4273.62 4
207 3733.59 4057.93 3961.29 3812.58 2
208 3916.5 4236.48 4056.9 4273.62 4
209 3733.59 4057.93 3961.29 3812.58 2
210 3916.5 4236.48 4056.9 4273.62 4
211 3733.59 4057.93 3961.29 3812.58 2
212 3916.5 4236.48 4056.9 4273.62 4
213 3733.59 4057.93 3961.29 3812.58 2
214 3916.5 4236.48 4056.9 4273.62 4
215 3733.59 4057.93 3961.29 3812.58 2
216 3916.5 4236.48 4056.9 4273.62 4
217 3733.59 4057.93 3961.29 3812.58 2
218 3916.5 4236.48 4056.9 4273.62 4
219 3733.59 4057.93 3961.29 3812.58 2
220 3916.5 4236.48 4056.9 4273.62 4
221 3733.59 4057.93 3961.29 3812.58 2
222 3916.5 4236.48 4056.9 4273.62 4
223 3733.59 4057.93 3961.29 3812.58 2
224 3916.5 4236.48 4056.9 4273.62 4
225 RANDOM
226 4740.83 5764.1 5210.4 5797.97 4
227 4525.88 5529.96 5008.99 5483.15 2
228 4793.06 5733.73 5175.91 6046.15 4
229 4525.88 5529.96 5008.99 5483.15 2
230 4793.06 5733.73 5175.91 6046.15 4
231 4525.88 5529.96 5008.99 5483.15 2
232 4793.06 5733.73 5175.91 6046.15 4
233 4525.88 5529.96 5008.99 5483.15 2
234 4793.06 5733.73 5175.91 6046.15 4
235 4525.88 5529.96 5008.99 5483.15 2
236 4793.06 5733.73 5175.91 6046.15 4
237 4525.88 5529.96 5008.99 5483.15 2
238 4793.06 5733.73 5175.91 6046.15 4
239 4525.88 5529.96 5008.99 5483.15 2
240 4793.06 5733.73 5175.91 6046.15 4
241 4525.88 5529.96 5008.99 5483.15 2
242 4793.06 5733.73 5175.91 6046.15 4
243 4525.88 5529.96 5008.99 5483.15 2
244 4793.06 5733.73 5175.91 6046.15 4
245 4525.88 5529.96 5008.99 5483.15 2
246 4793.06 5733.73 5175.91 6046.15 4
247 4525.88 5529.96 5008.99 5483.15 2
248 4793.06 5733.73 5175.91 6046.15 4
249 4525.88 5529.96 5008.99 5483.15 2
250 4793.06 5733.73 5175.91 6046.15 4
251 4525.88 5529.96 5008.99 5483.15 2
252 4793.06 5733.73 5175.91 6046.15 4
253 4525.88 5529.96 5008.99 5483.15 2
254 4793.06 5733.73 5175.91 6046.15 4
255 4525.88 5529.96 5008.99 5483.15 2
256 4793.06 5733.73 5175.91 6046.15 4
257 4525.88 5529.96 5008.99 5483.15 2
258 4793.06 5733.73 5175.91 6046.15 4
259 4525.88 5529.96 5008.99 5483.15 2
260 4793.06 5733.73 5175.91 6046.15 4
261 4525.88 5529.96 5008.99 5483.15 2
262 4793.06 5733.73 5175.91 6046.15 4
263 RANDOM
264 4309.76 5241.71 4780.48 5125.54 2
265 4563.61 5453.71 4942.78 5634.7 4
266 4309.76 5241.71 4780.48 5125.54 2
267 4563.61 5453.71 4942.78 5634.7 4
268 4309.76 5241.71 4780.48 5125.54 2
269 4563.61 5453.71 4942.78 5634.7 4
270 4309.76 5241.71 4780.48 5125.54 2
271 4563.61 5453.71 4942.78 5634.7 4
272 4309.76 5241.71 4780.48 5125.54 2
273 4563.61 5453.71 4942.78 5634.7 4
274 4309.76 5241.71 4780.48 5125.54 2
275 4563.61 5453.71 4942.78 5634.7 4
276 4309.76 5241.71 4780.48 5125.54 2
277 4563.61 5453.71 4942.78 5634.7 4
278 4309.76 5241.71 4780.48 5125.54 2
279 4563.61 5453.71 4942.78 5634.7 4
280 RANDOM
281 4152.56 5025.71 4612.91 4853.91 2
282 4310.26 5114.25 4673.52 5163.13 4
283 4152.56 5025.71 4612.91 4853.91 2
284 4310.26 5114.25 4673.52 5163.13 4
285 4152.56 5025.71 4612.91 4853.91 2
286 4310.26 5114.25 4673.52 5163.13 4
287 4152.56 5025.71 4612.91 4853.91 2
288 4310.26 5114.25 4673.52 5163.13 4
289 4152.56 5025.71 4612.91 4853.91 2
290 4310.26 5114.25 4673.52 5163.13 4
291 RANDOM
292 4174.71 5091.2 4623.3 5036.44 2
293 4347.86 5265.23 4768.88 5307.88 4
294 4174.71 5091.2 4623.3 5036.44 2
295 4347.86 5265.23 4768.88 5307.88 4
296 4174.71 5091.2 4623.3 5036.44 2
297 4347.86 5265.23 4768.88 5307.88 4
298 4174.71 5091.2 4623.3 5036.44 2
299 4347.86 5265.23 4768.88 5307.88 4
300 4174.71 5091.2 4623.3 5036.44 2
301 4347.86 5265.23 4768.88 5307.88 4
302 RANDOM
303 3971.15 4805.54 4409.96 4683.46 2
304 4290.32 5166.13 4674.65 5296.05 4
305 3971.15 4805.54 4409.96 4683.46 2
306 4290.32 5166.13 4674.65 5296.05 4
307 3971.15 4805.54 4409.96 4683.46 2
308 4290.32 5166.13 4674.65 5296.05 4
309 RANDOM
310 3795.73 4551.75 4218.58 4375.38 2
311 4040.96 4815.99 4398.78 4826.57 4
312 3795.73 4551.75 4218.58 4375.38 2
313 4040.96 4815.99 4398.78 4826.57 4
314 3795.73 4551.75 4218.58 4375.38 2
315 4040.96 4815.99 4398.78 4826.57 4
316 3795.73 4551.75 4218.58 4375.38 2
317 4040.96 4815.99 4398.78 4826.57 4
318 RANDOM
319 3656.23 4343.66 4063.4 4121.86 2
320 3801.73 4481.11 4149.2 4396.16 2
321 4040.96 4815.99 4398.78 4826.57 4
322 3795.73 4551.75 4218.58 4375.38 2
323 4040.96 4815.99 4398.78 4826.57 4
324 RANDOM
325 3656.23 4343.66 4063.4 4121.86 2
326 3801.73 4481.11 4149.2 4396.16 2
327 4040.96 4815.99 4398.78 4826.57 4
328 3795.73 4551.75 4218.58 4375.38 2
329 4040.96 4815.99 4398.78 4826.57 4
330 3795.73 4551.75 4218.58 4375.38 2
331 4040.96 4815.99 4398.78 4826.57 4
332 3795.73 4551.75 4218.58 4375.38 2
333 4040.96 4815.99 4398.78 4826.57 4
334 3795.73 4551.75 4218.58 4375.38 2
335 4040.96 4815.99 4398.78 4826.57 4
336 3795.73 4551.75 4218.58 4375.38 2
337 4040.96 4815.99 4398.78 4826.57 4
338 3795.73 4551.75 4218.58 4375.38 2
339 4040.96 4815.99 4398.78 4826.57 4
340 3795.73 4551.75 4218.58 4375.38 2
341 4040.96 4815.99 4398.78 4826.57 4
342 3795.73 4551.75 4218.58 4375.38 2
343 4040.96 4815.99 4398.78 4826.57 4
344 3795.73 4551.75 4218.58 4375.38 2
345 4040.96 4815.99 4398.78 4826.57 4
346 3795.73 4551.75 4218.58 4375.38 2
347 4040.96 4815.99 4398.78 4826.57 4
348 3795.73 4551.75 4218.58 4375.38 2
349 4040.96 4815.99 4398.78 4826.57 4
350 3795.73 4551.75 4218.58 4375.38 2
351 4040.96 4815.99 4398.78 4826.57 4
352 3795.73 4551.75 4218.58 4375.38 2
353 4040.96 4815.99 4398.78 4826.57 4
354 3795.73 4551.75 4218.58 4375.38 2
355 4040.96 4815.99 4398.78 4826.57 4
356 3795.73 4551.75 4218.58 4375.38 2
357 4040.96 4815.99 4398.78 4826.57 4
358 3795.73 4551.75 4218.58 4375.38 2
359 4040.96 4815.99 4398.78 4826.57 4
360 3795.73 4551.75 4218.58 4375.38 2
361 4040.96 4815.99 4398.78 4826.57 4
362 3795.73 4551.75 4218.58 4375.38 2
363 4040.96 4815.99 4398.78 4826.57 4
364 3795.73 4551.75 4218.58 4375.38 2
365 4040.96 4815.99 4398.78 4826.57 4
366 3795.73 4551.75 4218.58 4375.38 2
367 4040.96 4815.99 4398.78 4826.57 4
368 3795.73 4551.75 4218.58 4375.38 2
369 4040.96 4815.99 4398.78 4826.57 4
370 3795.73 4551.75 4218.58 4375.38 2
371 4040.96 4815.99 4398.78 4826.57 4
372 3795.73 4551.75 4218.58 4375.38 2
373 4040.96 4815.99 4398.78 4826.57 4
374 3795.73 4551.75 4218.58 4375.38 2
375 4040.96 4815.99 4398.78 4826.57 4
376 3795.73 4551.75 4218.58 4375.38 2
377 4040.96 4815.99 4398.78 4826.57 4
378 3795.73 4551.75 4218.58 4375.38 2
379 4040.96 4815.99 4398.78 4826.57 4
380 3795.73 4551.75 4218.58 4375.38 2
381 4040.96 4815.99 4398.78 4826.57 4
382 3795.73 4551.75 4218.58 4375.38 2
383 4040.96 4815.99 4398.78 4826.57 4
384 RANDOM
385 3656.23 4343.66 4063.4 4121.86 2
386 3801.73 4481.11 4149.2 4396.16 2
387 4040.96 4815.99 4398.78 4826.57 4
388 3795.73 4551.75 4218.58 4375.38 2
389 RANDOM
390 4290.32 5166.13 4674.65 5296.05 4
391 3971.15 4805.54 4409.96 4683.46 2
392 4290.32 5166.13 4674.65 5296.05 4
393 3971.15 4805.54 4409.96 4683.46 2
394 4290.32 5166.13 4674.65 5296.05 4
395 3971.15 4805.54 4409.96 4683.46 2
396 4290.32 5166.13 4674.65 5296.05 4
397 3971.15 4805.54 4409.96 4683.46 2
398 4290.32 5166.13 4674.65 5296.05 4
399 3971.15 4805.54 4409.96 4683.46 2
400 RANDOM
401 4393.49 5275.69 4770.93 5550.08 4
402 4269.35 5275.31 4753.14 5240.57 2
