0 -15.2251 66.2903 -6.83414 58.7101 2
1 -13.7159 66.461 -5.7807 58.5211 2
2 -12.6051 65.8603 -5.07001 57.7553 2
3 -10.6002 70.1391 0.545775 55.2482 2
4 -9.27838 69.4036 1.39136 54.5498 2
5 -8.24938 67.0432 1.70437 52.6357 2
6 -7.85665 59.9611 0.322157 47.5441 2
7 -3.43693 60.1426 9.70645 42.0164 2
8 -2.5122 58.8819 9.71844 41.5904 2
9 -1.85358 57.6746 9.63864 41.0762 2
10 -2.0395 52.8874 7.92708 38.0039 2
11 -3.74228 48.9535 5.93807 34.665 2
12 -2.46971 48.6908 6.46618 35.0243 2
13 -1.45529 48.8781 7.08774 35.4594 2
14 -1.18833 46.4629 6.40833 34.0642 2
15 -4.3635 47.9893 5.41727 33.8416 2
16 -3.67361 44.8656 4.74892 32.1096 2
17 -3.06023 42.6155 4.34558 30.8664 2
18 -2.54625 36.7673 2.74428 27.3098 2
19 -4.35816 42.6646 4.54082 29.2597 2
20 -4.19531 38.4342 2.97351 26.8433 2
21 -4.07115 34.6499 1.65598 24.6748 2
22 -3.41816 29.4419 0.284465 21.9456 2
23 -4.6415 32.644 1.35225 22.364 2
24 -4.48956 30.5163 0.689974 21.196 2
25 -4.49282 29.0566 0.135981 20.424 2
26 -4.28285 24.1291 -1.41083 17.7292 2
27 -4.31204 25.0512 -0.303838 17.0412 2
28 -4.34569 23.16 -1.08864 16.1649 2
29 -4.38566 21.5082 -1.75775 15.365 2
30 -4.15319 19.1601 -2.39017 14.3784 2
31 -4.82729 15.4442 -3.03397 10.2285 2
32 -4.51373 13.9286 -3.14423 9.37838 2
33 RANDOM
34 -4.24102 12.5289 -3.15569 8.92575 2
35 -3.23961 9.53601 -2.61724 5.63826 2
36 -3.3873 9.18945 -2.79116 5.86229 2
37 -3.49447 8.84292 -2.8947 5.90634 2
38 -3.68931 10.6581 -2.82756 7.78392 2
39 -2.34833 5.1939 -2.50317 2.0676 2
40 -2.43167 6.0958 -2.50667 3.142 2
41 -2.79772 6.99346 -2.65972 4.22035 2
42 -3.22488 10.7042 -2.5651 7.96725 2
43 -1.9392 6.11274 -2.10084 3.03806 2
44 -2.59477 6.84133 -2.50406 3.98652 2
45 -2.96338 7.62717 -2.69868 4.93804 2
46 -3.15929 11.4239 -2.39148 8.5745 2
47 -2.14198 6.0554 -2.16704 2.88289 2
48 -2.7054 6.35309 -2.56782 3.35642 2
49 -3.05628 6.60382 -2.80935 3.72024 2
50 RANDOM
51 -0.978361 19.7534 0.37247 16.0612 2
52 -3.41312 10.6663 -2.63946 7.65549 2
