0 -364.342 272.064 -384.304 203.636 2
1 -354.348 272.199 -393.311 208.232 2
2 -348.971 285.201 -385.559 217.45 2
3 -467.516 276.103 -270.148 204.566 2
4 -451.881 267.168 -263.78 182.057 2
5 -445.818 275.769 -251.331 178.862 2
6 -372.942 266.108 -324.647 196.282 2
7 -393.812 266.523 -272.176 181.477 2
8 -394.731 258.351 -269.138 164.851 2
9 -405.046 260.062 -271.022 166.359 2
10 -391.226 281.231 -275.762 192.667 2
11 -347.514 222.695 -233.275 88.3991 2
12 -341.139 212.694 -238.906 72.1981 2
13 -333.718 211.178 -250.214 68.5729 2
14 -296.198 231.253 -245.287 81.2953 2
15 -312.16 217.66 -326.422 106.978 2
16 -303.551 207.655 -305.77 75.7186 2
17 -308.536 207.854 -295.837 63.921 2
18 -289.406 226.34 -272.099 70.788 2
19 -292.428 241.916 -273.08 137.001 2
20 -285.892 251.541 -274.429 140.886 2
21 -284.925 258.603 -269.773 143.577 2
22 -246.291 270.044 -225.583 121.2 2
23 -185.08 249.23 -113.991 44.7619 2
24 -140.753 236.896 -98.2879 0.153948 2
25 -147.74 239.327 -111.085 3.57363 2
26 -135.239 250.975 -77.5333 -3.35093 2
27 -154.954 231.586 -57.1199 -32.9388 2
28 -71.6904 226.826 -4.81597 -81.4747 2
29 -55.0468 231.49 14.3749 -85.3707 2
30 -12.0988 249.119 95.4289 -96.7384 2
31 -203.1 261.349 15.3967 38.5844 2
32 -112.394 256.967 85.6298 -12.2462 2
33 -105.69 260.371 118.237 -14.9352 2
34 -58.674 312.211 223.547 8.51772 2
35 -275.57 287.664 -40.9732 119.096 2
36 -236.474 295.542 17.7678 99.067 2
37 -191.852 291.258 82.975 70.7294 2
38 -123.153 320.31 222.753 67.475 2
39 -133.519 211.506 130.235 -9.50401 2
40 -111.968 236.228 156.967 -0.39781 2
41 -80.0407 252.415 180.149 2.38417 2
42 -19.2805 280.726 245.23 6.04286 2
43 -78.0434 253.301 222.109 11.0585 2
44 -41.4306 271.737 237.533 12.2682 2
45 -13.1638 283.728 247.676 10.0807 2
46 68.3406 317.653 338.679 15.1757 3
47 45.0526 288.407 376.448 4.21791 3
