0 -180.898 96.656 -278.69 56.9919 2
1 -181.262 100.367 -288.133 73.4443 2
2 -188.357 111.915 -279.126 88.5703 2
3 -221.978 114.372 -236.339 105.816 2
4 -220.205 114.726 -229.868 97.7802 2
5 -230.302 113.25 -216.899 89.9365 2
6 -191.521 117.6 -263.223 112.664 2
7 -175.264 131.265 -242.329 120.792 2
8 -183.718 124.278 -231.876 103.89 2
9 RANDOM
10 -204.557 128.104 -230.165 106.334 2
11 -163.1 120.34 -201.954 69.0303 2
12 -165.499 113.555 -202.303 54.8652 2
13 -170.369 109.613 -209.289 45.6198 2
14 -154.089 120.865 -212.51 53.0991 2
15 -137.135 124.379 -286.282 84.7908 2
16 -140.039 120.408 -267.701 65.2832 2
17 -153.987 114.049 -261.641 50.3513 2
18 -150.757 125.008 -254.073 58.5186 2
19 -130.091 134.311 -259.096 97.5982 2
20 -133.163 138.579 -267.921 97.4323 2
21 -139.503 135.236 -269.361 87.2988 2
22 -117.846 148.198 -240.809 86.6012 2
23 -91.2672 150.792 -168.746 59.2204 2
24 -37.1007 144.359 -146.158 20.1555 2
25 -36.3828 139.7 -148.958 12.0373 2
26 -37.777 148.505 -127.982 18.6717 2
27 -96.6813 150.577 -143.457 34.2442 2
28 -44.2914 115.24 -121.589 -36.2488 2
29 12.1479 126.772 -90.5241 -42.9968 2
30 39.1553 166.983 -47.0334 -3.16582 2
31 -123.423 139.858 -117.088 38.0483 2
32 -69.6046 150.843 -70.3527 23.0571 2
33 -56.0068 170.995 -38.6147 41.8031 2
34 -36.6762 208.443 16.537 80.791 2
35 -139.079 145.75 -130.164 63.889 2
36 -132.103 142.098 -104.076 50.977 2
37 -131.659 151.627 -80.9993 59.2348 2
38 -114.58 184.071 -8.737 90.2564 2
39 -8.13535 106.087 -8.34052 -17.5145 2
40 -6.67319 117.695 -4.95246 -4.79546 2
41 -0.719457 119.284 -1.90412 -5.7719 2
42 30.2907 115.469 36.7204 -19.6445 2
43 40.9407 109.414 54.429 -26.4245 2
44 44.847 111.211 50.1879 -28.0198 2
45 47.945 117.281 43.678 -22.6294 2
46 104.937 107.622 102.768 -47.1725 2
47 101.022 99.5667 -37.1633 -76.9266 1
48 50.3909 95.3042 -76.6116 -70.2422 2
