0 [ 0.  1.  0.  0.] -1 -0.514015769958
1 [ 0.  1.  0.  0.] -1 -0.516638103127
2 [ 0.  1.  0.  0.] 9 9.48060151339
3 [ 0.  1.  0.  0.] 10 10.4806015134
4 [ 0.  1.  0.  0.] 10 10.4806015134
5 [ 0.  1.  0.  0.] 10 10.4806015134
6 [ 1.  0.  0.  0.] -1 -0.520107990503
7 [ 1.  0.  0.  0.] 9 9.47911070585
8 [ 1.  0.  0.  0.] 9 9.48162318766
9 [ 1.  0.  0.  0.] 9 9.48527404666
10 [ 1.  0.  0.  0.] 9 9.47696441412
11 [ 1.  0.  0.  0.] 9 9.4782551676
12 [ 1.  0.  0.  0.] 9 9.4806075722
13 [ 1.  0.  0.  0.] 9 9.48425735533
14 [ 1.  0.  0.  0.] 9 9.47637178302
15 [ 1.  0.  0.  0.] 10 10.476371783
16 [ 1.  0.  0.  0.] 10 10.476371783
17 [ 1.  0.  0.  0.] 10 10.476371783
18 [ 0.  1.  0.  0.] -1 -0.51367970407
19 [ 0.  1.  0.  0.] 9 9.48717368245
20 [ 0.  1.  0.  0.] 9 9.48326138854
21 [ 0.  1.  0.  0.] 9 9.48048203588
22 [ 0.  1.  0.  0.] 9 9.4771905154
23 [ 0.  1.  0.  0.] 9 9.48658863902
24 [ 0.  1.  0.  0.] 9 9.48295901418
25 [ 0.  1.  0.  0.] 9 9.48011239171
26 [ 0.  1.  0.  0.] 9 9.47705484331
27 [ 0.  1.  0.  0.] 10 10.4770548433
28 [ 0.  1.  0.  0.] 10 10.4770548433
29 [ 0.  1.  0.  0.] 10 10.4770548433
30 [ 1.  0.  0.  0.] -1 -0.524053239822
31 [ 1.  0.  0.  0.] 9 9.4740251258
32 [ 1.  0.  0.  0.] 9 9.47636006176
33 [ 1.  0.  0.  0.] 9 9.48004495203
34 [ 1.  0.  0.  0.] 9 9.47225951999
35 [ 1.  0.  0.  0.] 9 9.47285430282
36 [ 1.  0.  0.  0.] 9 9.47662523389
37 [ 1.  0.  0.  0.] 9 9.47905091047
38 [ 1.  0.  0.  0.] 9 9.4744878605
39 [ 1.  0.  0.  0.] 10 10.4744878605
40 [ 1.  0.  0.  0.] 10 10.4744878605
41 [ 1.  0.  0.  0.] 10 10.4744878605
42 [ 0.  1.  0.  0.] -1 -0.521426489949
43 [ 0.  1.  0.  0.] 9 9.47722573578
44 [ 0.  1.  0.  0.] 9 9.47600961328
45 [ 0.  1.  0.  0.] 9 9.47523221672
46 [ 0.  1.  0.  0.] 9 9.47444762886
47 [ 0.  1.  0.  0.] 9 9.47642761469
48 [ 0.  1.  0.  0.] 9 9.4755130738
49 [ 0.  1.  0.  0.] 9 9.47490218133
50 [ 0.  1.  0.  0.] 9 9.47421504408
51 [ 0.  1.  0.  0.] 9 9.47560033202
52 [ 0.  1.  0.  0.] 9 9.47488593012
53 [ 0.  1.  0.  0.] 9 9.47439561933
54 [ 0.  1.  0.  0.] 9 9.47375080884
55 [ 0.  1.  0.  0.] 9 9.475217098
56 [ 0.  1.  0.  0.] 9 9.47446968406
57 [ 0.  1.  0.  0.] 9 9.47398124188
58 [ 0.  1.  0.  0.] 9 9.47342278361
59 [ 0.  1.  0.  0.] 9 9.47470173091
60 [ 0.  1.  0.  0.] 9 9.47400417477
61 [ 0.  1.  0.  0.] 9 9.47351533622
62 [ 0.  1.  0.  0.] 9 9.47303657681
63 [ 0.  1.  0.  0.] 9 9.47416048646
64 [ 0.  1.  0.  0.] 9 9.47351496816
65 [ 0.  1.  0.  0.] 9 9.47308397144
66 [ 0.  1.  0.  0.] 9 9.47274665982
67 [ 0.  1.  0.  0.] 9 9.47295894474
68 [ 0.  1.  0.  0.] 9 9.4727375716
69 [ 0.  1.  0.  0.] 9 9.47263913006
70 [ 0.  1.  0.  0.] 9 9.47254235893
71 [ 0.  1.  0.  0.] 10 10.4725423589
72 [ 0.  1.  0.  0.] 10 10.4725423589
73 [ 0.  1.  0.  0.] 10 10.4725423589
74 [ 0.  0.  1.  0.] -1 -0.526172068715
75 [ 0.  0.  1.  0.] 9 9.47462905347
76 [ 0.  0.  1.  0.] 9 9.47375610322
77 [ 0.  0.  1.  0.] 9 9.47315073162
78 [ 0.  0.  1.  0.] 49 49.4722384557
79 [ 0.  0.  1.  0.] 49 49.4740907535
80 [ 0.  0.  1.  0.] 49 49.4732247397
81 [ 0.  0.  1.  0.] 49 49.4726728782
82 [ 0.  0.  1.  0.] 9 9.4722449109
83 [ 0.  0.  1.  0.] 9 9.47454114407
84 [ 0.  0.  1.  0.] 9 9.47349800915
85 [ 0.  0.  1.  0.] 9 9.47277202755
86 [ 0.  0.  1.  0.] 9 9.47223364264
87 [ 0.  0.  1.  0.] 9 9.4738177672
88 [ 0.  0.  1.  0.] 9 9.47300599962
89 [ 0.  0.  1.  0.] 9 9.47249369025
90 [ 0.  0.  1.  0.] 9 9.47209615856
91 [ 0.  0.  1.  0.] 9 9.47371122837
92 [ 0.  0.  1.  0.] 9 9.47297293097
93 [ 0.  0.  1.  0.] 9 9.47248865068
94 [ 0.  0.  1.  0.] 9 9.47209324241
95 [ 0.  0.  1.  0.] 10 10.4720932424
96 [ 0.  0.  1.  0.] 10 10.4720932424
97 [ 0.  0.  1.  0.] 10 10.4720932424
98 [ 0.  0.  0.  1.] -1 -0.527080975473
99 [ 0.  0.  0.  1.] 9 9.4724863857
100 [ 0.  0.  0.  1.] 9 9.47320090085
101 [ 0.  0.  0.  1.] 9 9.47422098964
102 [ 0.  0.  0.  1.] 9 9.4725251168
103 [ 0.  0.  0.  1.] 9 9.47303306609
104 [ 0.  0.  0.  1.] 9 9.47384913713
105 [ 0.  0.  0.  1.] 9 9.47495201081
106 [ 0.  0.  0.  1.] 9 9.4734990567
107 [ 0.  0.  0.  1.] 9 9.47404064089
108 [ 0.  0.  0.  1.] 9 9.47487183064
109 [ 0.  0.  0.  1.] 9 9.47603605688
110 [ 0.  0.  0.  1.] 9 9.47451487035
111 [ 0.  0.  0.  1.] 9 9.47516551316
112 [ 0.  0.  0.  1.] 9 9.47616504729
113 [ 0.  0.  0.  1.] 9 9.47745965123
114 [ 0.  0.  0.  1.] 9 9.47615100443
115 [ 0.  0.  0.  1.] 9 9.4772148639
116 [ 0.  0.  0.  1.] 9 9.47874032557
117 [ 0.  0.  0.  1.] 9 9.48063186407
118 [ 0.  0.  0.  1.] 9 9.47573617399
119 [ 0.  0.  0.  1.] 9 9.47716373205
120 [ 0.  0.  0.  1.] 9 9.47910164595
121 [ 0.  0.  0.  1.] 9 9.48139872849
122 [ 0.  0.  0.  1.] 9 9.47589172125
123 [ 0.  0.  0.  1.] 9 9.47724793255
124 [ 0.  0.  0.  1.] 9 9.47921744287
125 [ 0.  0.  0.  1.] 9 9.4818095386
126 [ 0.  0.  0.  1.] 9 9.47549444437
127 [ 0.  0.  0.  1.] 10 10.4754944444
128 [ 0.  0.  0.  1.] 10 10.4754944444
129 [ 0.  0.  0.  1.] 10 10.4754944444
130 [ 0.  0.  1.  0.] -1 -0.523461684585
131 [ 0.  0.  1.  0.] 9 9.47378285825
132 [ 0.  0.  1.  0.] 9 9.47166125476
133 [ 0.  0.  1.  0.] 9 9.47043621391
134 [ 0.  0.  1.  0.] 9 9.46922776401
135 [ 0.  0.  1.  0.] 9 9.47336933017
136 [ 0.  0.  1.  0.] 9 9.47139005214
137 [ 0.  0.  1.  0.] 9 9.47021367997
138 [ 0.  0.  1.  0.] 9 9.46900276691
139 [ 0.  0.  1.  0.] 10 10.4690027669
140 [ 0.  0.  1.  0.] 10 10.4690027669
141 [ 0.  0.  1.  0.] 10 10.4690027669
142 [ 0.  1.  0.  0.] -1 -0.528898788989
143 [ 0.  1.  0.  0.] 9 9.47043870538
144 [ 0.  1.  0.  0.] 9 9.46924240142
145 [ 0.  1.  0.  0.] 9 9.46833757162
146 [ 0.  1.  0.  0.] 9 9.46730780005
147 [ 0.  1.  0.  0.] 9 9.47019742876
148 [ 0.  1.  0.  0.] 9 9.469078134
149 [ 0.  1.  0.  0.] 9 9.46827180237
150 [ 0.  1.  0.  0.] 9 9.46729338914
151 [ 0.  1.  0.  0.] 9 9.47052058429
152 [ 0.  1.  0.  0.] 9 9.46925494373
153 [ 0.  1.  0.  0.] 9 9.46828720421
154 [ 0.  1.  0.  0.] 9 9.46710647196
155 [ 0.  1.  0.  0.] 9 9.47010796219
156 [ 0.  1.  0.  0.] 9 9.46883926392
157 [ 0.  1.  0.  0.] 9 9.46789581627
158 [ 0.  1.  0.  0.] 9 9.46679328233
159 [ 0.  1.  0.  0.] 9 9.46949279457
160 [ 0.  1.  0.  0.] 9 9.46831647903
161 [ 0.  1.  0.  0.] 9 9.46744491607
162 [ 0.  1.  0.  0.] 9 9.46651808769
163 [ 0.  1.  0.  0.] 10 10.4665180877
164 [ 0.  1.  0.  0.] 10 10.4665180877
165 [ 0.  1.  0.  0.] 10 10.4665180877
166 [ 0.  0.  1.  0.] -1 -0.528643667698
167 [ 0.  0.  1.  0.] 9 9.47025309056
168 [ 0.  0.  1.  0.] 9 9.46870976388
169 [ 0.  0.  1.  0.] 9 9.46758540124
170 [ 0.  0.  1.  0.] 9 9.46635914296
171 [ 0.  0.  1.  0.] 9 9.47081670165
172 [ 0.  0.  1.  0.] 9 9.46918371022
173 [ 0.  0.  1.  0.] 9 9.46793754846
174 [ 0.  0.  1.  0.] 9 9.46635288596
175 [ 0.  0.  1.  0.] 10 10.466352886
176 [ 0.  0.  1.  0.] 10 10.466352886
177 [ 0.  0.  1.  0.] 10 10.466352886
178 [ 0.  1.  0.  0.] -1 -0.532698825002
179 [ 0.  1.  0.  0.] -1 -0.534167520702
180 [ 0.  1.  0.  0.] -1 -0.534750978649
181 [ 0.  1.  0.  0.] -1 -0.535059921443
182 [ 0.  1.  0.  0.] -1 -0.53512775749
183 [ 0.  1.  0.  0.] -1 -0.534957657754
184 [ 0.  1.  0.  0.] -1 -0.535131324828
185 [ 0.  1.  0.  0.] -1 -0.535175548494
186 [ 0.  1.  0.  0.] -1 -0.535192365944
187 [ 0.  1.  0.  0.] -1 -0.531224834919
188 [ 0.  1.  0.  0.] -1 -0.521526262164
189 [ 0.  1.  0.  0.] -1 -0.52563688308
190 [ 0.  1.  0.  0.] -1 -0.528897486627
191 [ 0.  1.  0.  0.] -1 -0.530759891868
192 [ 0.  1.  0.  0.] -1 -0.52048714757
193 [ 0.  1.  0.  0.] -1 -0.525158774853
194 [ 0.  1.  0.  0.] -1 -0.528708814085
195 [ 0.  1.  0.  0.] -1 -0.530701880157
196 [ 0.  1.  0.  0.] -1 -0.518504273891
197 [ 0.  1.  0.  0.] -1 -0.524054825306
198 [ 0.  1.  0.  0.] -1 -0.527596144378
199 [ 0.  1.  0.  0.] 9 9.4688696146
200 [ 0.  1.  0.  0.] 9 9.4688696146
201 [ 0.  1.  0.  0.] 9 9.4688696146
202 [ 0.  1.  0.  0.] 9 9.4688696146
203 [ 0.  0.  1.  0.] 0 0.483979952335
204 [ 0.  0.  1.  0.] 9 9.47871320248
205 [ 0.  0.  1.  0.] 9 9.47476730198
206 [ 0.  0.  1.  0.] 9 9.47200706005
207 [ 0.  0.  1.  0.] 9 9.46880087256
208 [ 0.  0.  1.  0.] 9 9.47591493726
209 [ 0.  0.  1.  0.] 9 9.47274750918
210 [ 0.  0.  1.  0.] 9 9.4704178676
211 [ 0.  0.  1.  0.] 9 9.46761266589
212 [ 0.  0.  1.  0.] 9 9.47654607296
213 [ 0.  0.  1.  0.] 9 9.47333974391
214 [ 0.  0.  1.  0.] 9 9.47094923109
215 [ 0.  0.  1.  0.] 9 9.4680580169
216 [ 0.  0.  1.  0.] 9 9.47751117945
217 [ 0.  0.  1.  0.] 9 9.4739599511
218 [ 0.  0.  1.  0.] 9 9.47137286663
219 [ 0.  0.  1.  0.] 9 9.4682139039
220 [ 0.  0.  1.  0.] 9 9.47739425004
221 [ 0.  0.  1.  0.] 9 9.4734568432
222 [ 0.  0.  1.  0.] 9 9.47043867707
223 [ 0.  0.  1.  0.] 9 9.46719616503
224 [ 0.  0.  1.  0.] 9 9.46719616503
225 [ 0.  0.  1.  0.] 9 9.46719616503
226 [ 0.  0.  1.  0.] 9 9.46719616503
227 [ 0.  1.  0.  0.] 0 0.468731875718
228 [ 0.  1.  0.  0.] -1 -0.530245657265
229 [ 0.  1.  0.  0.] -1 -0.53282481432
230 [ 0.  1.  0.  0.] -1 -0.534643505514
231 [ 0.  1.  0.  0.] -1 -0.535835506022
232 [ 0.  1.  0.  0.] -1 -0.529064358771
233 [ 0.  1.  0.  0.] -1 -0.531934763491
234 [ 0.  1.  0.  0.] -1 -0.533947025239
235 [ 0.  1.  0.  0.] -1 -0.535140441358
236 [ 0.  1.  0.  0.] -1 -0.527290655673
237 [ 0.  1.  0.  0.] -1 -0.530543728173
238 [ 0.  1.  0.  0.] -1 -0.532901398838
239 [ 0.  1.  0.  0.] -1 -0.534305514395
240 [ 0.  1.  0.  0.] -1 -0.526365865767
241 [ 0.  1.  0.  0.] -1 -0.530023746192
242 [ 0.  1.  0.  0.] -1 -0.532792170346
243 [ 0.  1.  0.  0.] -1 -0.534580935538
244 [ 0.  1.  0.  0.] -1 -0.526015841961
245 [ 0.  1.  0.  0.] -1 -0.529657584429
246 [ 0.  1.  0.  0.] -1 -0.532374480367
247 [ 0.  1.  0.  0.] -1 -0.533988700807
248 [ 0.  1.  0.  0.] -1 -0.527963891625
249 [ 0.  1.  0.  0.] -1 -0.531284913421
250 [ 0.  1.  0.  0.] -1 -0.533696518838
251 [ 0.  1.  0.  0.] -1 -0.53520487994
252 [ 0.  1.  0.  0.] -1 -0.527885721624
253 [ 0.  1.  0.  0.] -1 -0.531178969145
254 [ 0.  1.  0.  0.] -1 -0.533673416078
255 [ 0.  1.  0.  0.] -1 -0.535216034949
256 [ 0.  1.  0.  0.] -1 -0.530731154978
257 [ 0.  1.  0.  0.] -1 -0.533248987794
258 [ 0.  1.  0.  0.] -1 -0.535162864625
259 [ 0.  1.  0.  0.] -1 -0.536323523521
260 [ 0.  1.  0.  0.] -1 -0.532317940891
261 [ 0.  1.  0.  0.] -1 -0.534436373413
262 [ 0.  1.  0.  0.] -1 -0.53579428345
263 [ 0.  1.  0.  0.] 1299 1299
264 [ 0.  1.  0.  0.] -1 -0.536068430543
265 [ 0.  1.  0.  0.] -1 -0.536970882118
266 [ 0.  1.  0.  0.] -1 -0.532465192676
267 [ 0.  1.  0.  0.] -1 -0.534464430809
268 [ 0.  1.  0.  0.] -1 -0.535937316716
269 [ 0.  1.  0.  0.] 9 9.46221480221
270 [ 0.  1.  0.  0.] 9 9.46618847698
271 [ 0.  1.  0.  0.] 9 9.46424407959
272 [ 0.  1.  0.  0.] 9 9.46288036555
273 [ 0.  1.  0.  0.] 9 9.46127155274
274 [ 0.  1.  0.  0.] 9 9.46519321799
275 [ 0.  1.  0.  0.] 9 9.46358454674
276 [ 0.  1.  0.  0.] 9 9.46237363368
277 [ 0.  1.  0.  0.] -1 -0.53844730705
278 [ 0.  1.  0.  0.] -1 -0.534881667793
279 [ 0.  1.  0.  0.] -1 -0.536511063576
280 [ 0.  1.  0.  0.] -1 -0.537726421654
281 [ 0.  1.  0.  0.] -1 -0.538488388062
282 [ 0.  1.  0.  0.] -1 -0.534611795843
283 [ 0.  1.  0.  0.] -1 -0.536202771962
284 [ 0.  1.  0.  0.] -1 -0.53754709214
285 [ 0.  1.  0.  0.] -1 -0.53848632127
286 [ 0.  1.  0.  0.] -1 -0.534903638065
287 [ 0.  1.  0.  0.] -1 -0.536426778138
288 [ 0.  1.  0.  0.] -1 -0.537564192712
289 [ 0.  1.  0.  0.] -1 -0.538345779479
290 [ 0.  1.  0.  0.] -1 -0.538345779479
291 [ 0.  1.  0.  0.] 0 0.461654220521
292 [ 0.  1.  0.  0.] 0 0.461654220521
293 [ 1.  0.  0.  0.] 0 0.461065298319
294 [ 1.  0.  0.  0.] 9 9.46054310799
295 [ 1.  0.  0.  0.] 9 9.46193929613
296 [ 1.  0.  0.  0.] 9 9.4637516737
297 [ 1.  0.  0.  0.] 9 9.45938403457
298 [ 1.  0.  0.  0.] 9 9.46273982376
299 [ 1.  0.  0.  0.] 9 9.46409926265
300 [ 1.  0.  0.  0.] 9 9.4658517316
301 [ 1.  0.  0.  0.] 9 9.46141662449
302 [ 1.  0.  0.  0.] 9 9.46217709035
303 [ 1.  0.  0.  0.] 9 9.46350527257
304 [ 1.  0.  0.  0.] 9 9.46528562903
305 [ 1.  0.  0.  0.] 9 9.46051799506
306 [ 1.  0.  0.  0.] 9 9.46128916293
307 [ 1.  0.  0.  0.] 9 9.46263303012
308 [ 1.  0.  0.  0.] 9 9.46440712959
309 [ 1.  0.  0.  0.] 9 9.45991253853
310 [ 1.  0.  0.  0.] 9 9.46041332483
311 [ 1.  0.  0.  0.] 9 9.46144165248
312 [ 1.  0.  0.  0.] 9 9.46283458471
313 [ 1.  0.  0.  0.] -1 -0.540174210072
314 [ 1.  0.  0.  0.] -1 -0.540174210072
315 [ 1.  0.  0.  0.] 0 0.459825789928
316 [ 1.  0.  0.  0.] 0 0.459825789928
317 [ 0.  0.  0.  1.] 0 0.463324782252
318 [ 0.  0.  0.  1.] -1 -0.536148780584
319 [ 0.  0.  0.  1.] -1 -0.535272093117
320 [ 0.  0.  0.  1.] -1 -0.534250248969
321 [ 0.  0.  0.  1.] -1 -0.536779944599
322 [ 0.  0.  0.  1.] -1 -0.536243881285
323 [ 0.  0.  0.  1.] -1 -0.535414107144
324 [ 0.  0.  0.  1.] -1 -0.534209083021
325 [ 0.  0.  0.  1.] -1 -0.536593621969
326 [ 0.  0.  0.  1.] -1 -0.536593621969
327 [ 0.  0.  0.  1.] 0 0.463406378031
328 [ 0.  0.  0.  1.] 0 0.463406378031
329 [ 0.  0.  1.  0.] 0 0.465828968585
330 [ 0.  0.  1.  0.] -1 -0.53187802583
331 [ 0.  0.  1.  0.] -1 -0.534419980645
332 [ 0.  0.  1.  0.] -1 -0.536016958952
333 [ 0.  0.  1.  0.] -1 -0.537035037577
334 [ 0.  0.  1.  0.] -1 -0.531909565628
335 [ 0.  0.  1.  0.] -1 -0.534150958061
336 [ 0.  0.  1.  0.] -1 -0.535611386597
337 [ 0.  0.  1.  0.] -1 -0.536526550353
338 [ 0.  0.  1.  0.] -1 -0.536526550353
339 [ 0.  0.  1.  0.] 0 0.463473449647
340 [ 0.  0.  1.  0.] 0 0.463473449647
341 [ 0.  0.  0.  1.] 0 0.466950471699
342 [ 0.  0.  0.  1.] -1 -0.532088442147
343 [ 0.  0.  0.  1.] -1 -0.530022358894
344 [ 0.  0.  0.  1.] -1 -0.52697738111
345 [ 0.  0.  0.  1.] -1 -0.532682602108
346 [ 0.  0.  0.  1.] -1 -0.531567837298
347 [ 0.  0.  0.  1.] -1 -0.529751892388
348 [ 0.  0.  0.  1.] -1 -0.526875513792
349 [ 0.  0.  0.  1.] -1 -0.531297852099
350 [ 0.  0.  0.  1.] -1 -0.531297852099
351 [ 0.  0.  0.  1.] 0 0.468702147901
352 [ 0.  0.  0.  1.] 0 0.468702147901
353 [ 0.  0.  1.  0.] 0 0.470153488219
354 [ 0.  0.  1.  0.] -1 -0.530780021846
355 [ 0.  0.  1.  0.] -1 -0.533229140937
356 [ 0.  0.  1.  0.] -1 -0.534901429713
357 [ 0.  0.  1.  0.] -1 -0.535911750793
358 [ 0.  0.  1.  0.] -1 -0.533455525339
359 [ 0.  0.  1.  0.] -1 -0.535544909537
360 [ 0.  0.  1.  0.] -1 -0.537005083263
361 [ 0.  0.  1.  0.] -1 -0.53789357692
362 [ 0.  0.  1.  0.] -1 -0.53789357692
363 [ 0.  0.  1.  0.] 0 0.46210642308
364 [ 0.  0.  1.  0.] 0 0.46210642308
365 [ 0.  0.  0.  1.] 0 0.465721212327
366 [ 0.  0.  0.  1.] -1 -0.532662953436
367 [ 0.  0.  0.  1.] -1 -0.530570568144
368 [ 0.  0.  0.  1.] -1 -0.527879974246
369 [ 0.  0.  0.  1.] -1 -0.530226518214
370 [ 0.  0.  0.  1.] -1 -0.528398172557
371 [ 0.  0.  0.  1.] -1 -0.52560992986
372 [ 0.  0.  0.  1.] -1 -0.522013741732
373 [ 0.  0.  0.  1.] 9 9.47043360919
374 [ 0.  0.  0.  1.] 9 9.47043360919
375 [ 0.  0.  0.  1.] 10 10.4704336092
376 [ 0.  0.  0.  1.] 10 10.4704336092
377 [ 1.  0.  0.  0.] 0 0.460958872736
378 [ 1.  0.  0.  0.] 9 9.45926801115
379 [ 1.  0.  0.  0.] 9 9.46223648936
380 [ 1.  0.  0.  0.] 9 9.46641316265
381 [ 1.  0.  0.  0.] 9 9.45659624487
382 [ 1.  0.  0.  0.] 9 9.4584646523
383 [ 1.  0.  0.  0.] 9 9.46156430095
384 [ 1.  0.  0.  0.] 9 9.46568202823
385 [ 1.  0.  0.  0.] 9 9.4558557108
386 [ 1.  0.  0.  0.] 9 9.4558557108
387 [ 1.  0.  0.  0.] 10 10.4558557108
388 [ 1.  0.  0.  0.] 10 10.4558557108
389 [ 0.  0.  0.  1.] 0 0.471885232627
390 [ 0.  0.  0.  1.] 9 9.47074951679
391 [ 0.  0.  0.  1.] 9 9.47415649444
392 [ 0.  0.  0.  1.] 9 9.47836445272
393 [ 0.  0.  0.  1.] 9 9.46814949363
394 [ 0.  0.  0.  1.] 9 9.47048207968
395 [ 0.  0.  0.  1.] 9 9.4739659816
396 [ 0.  0.  0.  1.] 9 9.4784915179
397 [ 0.  0.  0.  1.] 9 9.46919789463
398 [ 0.  0.  0.  1.] 9 9.46919789463
399 [ 0.  0.  0.  1.] 10 10.4691978946
400 [ 0.  0.  0.  1.] 10 10.4691978946
401 [ 1.  0.  0.  0.] 0 0.454575772583
402 [ 1.  0.  0.  0.] 9 9.4508221969
403 [ 1.  0.  0.  0.] 9 9.454897286
404 [ 1.  0.  0.  0.] 9 9.46027937979
405 [ 1.  0.  0.  0.] 9 9.44632480294
406 [ 1.  0.  0.  0.] 9 9.44812981933
407 [ 1.  0.  0.  0.] 9 9.45131958574
408 [ 1.  0.  0.  0.] 9 9.45552502424
409 [ 1.  0.  0.  0.] 9 9.4451617375
410 [ 1.  0.  0.  0.] 9 9.4451617375
411 [ 1.  0.  0.  0.] 10 10.4451617375
412 [ 1.  0.  0.  0.] 10 10.4451617375
413 [ 0.  1.  0.  0.] 0 0.453172110021
414 [ 0.  1.  0.  0.] 9 9.45231637359
415 [ 0.  1.  0.  0.] 9 9.4494147405
416 [ 0.  1.  0.  0.] 9 9.44750536531
417 [ 0.  1.  0.  0.] 9 9.44511026591
418 [ 0.  1.  0.  0.] 9 9.45033477396
419 [ 0.  1.  0.  0.] 9 9.44807645082
420 [ 0.  1.  0.  0.] 9 9.44630096406
421 [ 0.  1.  0.  0.] 9 9.44414289445
422 [ 0.  1.  0.  0.] 9 9.44856778085
423 [ 0.  1.  0.  0.] 9 9.44641659111
424 [ 0.  1.  0.  0.] 9 9.44494291246
425 [ 0.  1.  0.  0.] 9 9.44318815023
426 [ 0.  1.  0.  0.] 9 9.44740621597
427 [ 0.  1.  0.  0.] 9 9.44547617286
428 [ 0.  1.  0.  0.] 9 9.44396532029
429 [ 0.  1.  0.  0.] 9 9.44228346199
430 [ 0.  1.  0.  0.] 9 9.44700848609
431 [ 0.  1.  0.  0.] 9 9.44506609887
432 [ 0.  1.  0.  0.] 9 9.44370934963
433 [ 0.  1.  0.  0.] 9 9.44207072407
434 [ 0.  1.  0.  0.] 9 9.44635218084
435 [ 0.  1.  0.  0.] 9 9.44427627325
436 [ 0.  1.  0.  0.] 9 9.4428944394
437 [ 0.  1.  0.  0.] 9 9.44136246592
438 [ 0.  1.  0.  0.] 9 9.44540578872
439 [ 0.  1.  0.  0.] 9 9.44334443361
440 [ 0.  1.  0.  0.] 9 9.44211738259
441 [ 0.  1.  0.  0.] 9 9.44073696434
442 [ 0.  1.  0.  0.] 9 9.44466001689
443 [ 0.  1.  0.  0.] 9 9.44285853952
444 [ 0.  1.  0.  0.] 9 9.4416681245
445 [ 0.  1.  0.  0.] -1 -0.559088094532
446 [ 0.  1.  0.  0.] -1 -0.559088094532
447 [ 0.  1.  0.  0.] 0 0.440911905468
448 [ 0.  1.  0.  0.] 0 0.440911905468
449 [ 0.  0.  1.  0.] 0 0.448602350056
450 [ 0.  0.  1.  0.] -1 -0.548468185961
451 [ 0.  0.  1.  0.] -1 -0.551900559664
452 [ 0.  0.  1.  0.] -1 -0.554513011873
453 [ 0.  0.  1.  0.] -1 -0.556113755703
454 [ 0.  0.  1.  0.] -1 -0.548213914037
455 [ 0.  0.  1.  0.] -1 -0.551551555097
456 [ 0.  0.  1.  0.] -1 -0.553988103569
457 [ 0.  0.  1.  0.] -1 -0.555384574831
458 [ 0.  0.  1.  0.] -1 -0.555384574831
459 [ 0.  0.  1.  0.] 0 0.444615425169
460 [ 0.  0.  1.  0.] 0 0.444615425169
461 [ 0.  0.  0.  1.] 0 0.450216202438
462 [ 0.  0.  0.  1.] -1 -0.54944716543
463 [ 0.  0.  0.  1.] -1 -0.54676104486
464 [ 0.  0.  0.  1.] -1 -0.543208570778
465 [ 0.  0.  0.  1.] -1 -0.551257787645
466 [ 0.  0.  0.  1.] -1 -0.549645237625
467 [ 0.  0.  0.  1.] -1 -0.547159822285
468 [ 0.  0.  0.  1.] -1 -0.543960911036
469 [ 0.  0.  0.  1.] -1 -0.550917418301
470 [ 0.  0.  0.  1.] -1 -0.550917418301
471 [ 0.  0.  0.  1.] 0 0.449082581699
472 [ 0.  0.  0.  1.] 0 0.449082581699
473 [ 0.  0.  1.  0.] 0 0.451872013509
474 [ 0.  0.  1.  0.] -1 -0.548723562062
475 [ 0.  0.  1.  0.] -1 -0.551528197527
476 [ 0.  0.  1.  0.] -1 -0.553565345705
477 [ 0.  0.  1.  0.] -1 -0.554821529984
478 [ 0.  0.  1.  0.] -1 -0.550147949159
479 [ 0.  0.  1.  0.] -1 -0.552526938915
480 [ 0.  0.  1.  0.] -1 -0.554311853647
481 [ 0.  0.  1.  0.] -1 -0.555461923778
482 [ 0.  0.  1.  0.] -1 -0.555461923778
483 [ 0.  0.  1.  0.] 0 0.444538076222
484 [ 0.  0.  1.  0.] 0 0.444538076222
485 [ 0.  0.  0.  1.] 0 0.448691873252
486 [ 0.  0.  0.  1.] -1 -0.551634962857
487 [ 0.  0.  0.  1.] -1 -0.549544276297
488 [ 0.  0.  0.  1.] -1 -0.546884571016
489 [ 0.  0.  0.  1.] -1 -0.54933527559
490 [ 0.  0.  0.  1.] -1 -0.547639091313
491 [ 0.  0.  0.  1.] -1 -0.544916306436
492 [ 0.  0.  0.  1.] -1 -0.541386114061
493 [ 0.  0.  0.  1.] -1 -0.547004671395
494 [ 0.  0.  0.  1.] -1 -0.54496653229
495 [ 0.  0.  0.  1.] -1 -0.542158555984
496 [ 0.  0.  0.  1.] -1 -0.538613159955
497 [ 0.  0.  0.  1.] 9 9.45185814053
498 [ 0.  0.  0.  1.] 9 9.45418438464
499 [ 0.  0.  0.  1.] 9 9.45745693594
500 [ 0.  0.  0.  1.] 9 9.4616156593
501 [ 0.  0.  0.  1.] 9 9.45278270394
502 [ 0.  0.  0.  1.] 9 9.45522848219
503 [ 0.  0.  0.  1.] 9 9.45838217884
504 [ 0.  0.  0.  1.] 9 9.46220441163
505 [ 0.  0.  0.  1.] 9 9.45377680212
506 [ 0.  0.  0.  1.] 9 9.45377680212
507 [ 0.  0.  0.  1.] 10 10.4537768021
508 [ 0.  0.  0.  1.] 10 10.4537768021
509 [ 0.  0.  1.  0.] 0 0.455599881709
510 [ 0.  0.  1.  0.] 9 9.44929328114
511 [ 0.  0.  1.  0.] 9 9.44542487115
512 [ 0.  0.  1.  0.] 9 9.4426441595
513 [ 0.  0.  1.  0.] 9 9.43921569288
514 [ 0.  0.  1.  0.] 9 9.44837200195
515 [ 0.  0.  1.  0.] 9 9.44455279857
516 [ 0.  0.  1.  0.] 9 9.44173358232
517 [ 0.  0.  1.  0.] 9 9.43846822232
518 [ 0.  0.  1.  0.] 9 9.43846822232
519 [ 0.  0.  1.  0.] 10 10.4384682223
520 [ 0.  0.  1.  0.] 10 10.4384682223
521 [ 0.  1.  0.  0.] 0 0.441004486382
522 [ 0.  1.  0.  0.] -1 -0.560380490124
523 [ 0.  1.  0.  0.] -1 -0.562935496867
524 [ 0.  1.  0.  0.] -1 -0.564435987175
525 [ 0.  1.  0.  0.] -1 -0.565346847475
526 [ 0.  1.  0.  0.] -1 -0.560226245224
527 [ 0.  1.  0.  0.] -1 -0.562407445908
528 [ 0.  1.  0.  0.] -1 -0.563919968903
529 [ 0.  1.  0.  0.] -1 -0.564838643372
530 [ 0.  1.  0.  0.] -1 -0.564838643372
531 [ 0.  1.  0.  0.] 0 0.435161356628
532 [ 0.  1.  0.  0.] 0 0.435161356628
533 [ 0.  0.  1.  0.] 0 0.441294969618
534 [ 0.  0.  1.  0.] -1 -0.559978966415
535 [ 0.  0.  1.  0.] -1 -0.562279446423
536 [ 0.  0.  1.  0.] -1 -0.563903915882
537 [ 0.  0.  1.  0.] -1 -0.564838303626
538 [ 0.  0.  1.  0.] -1 -0.559616853297
539 [ 0.  0.  1.  0.] -1 -0.561922939122
540 [ 0.  0.  1.  0.] -1 -0.563550834358
541 [ 0.  0.  1.  0.] -1 -0.56450535208
542 [ 0.  0.  1.  0.] -1 -0.56450535208
543 [ 0.  0.  1.  0.] 0 0.43549464792
544 [ 0.  0.  1.  0.] 0 0.43549464792
545 [ 0.  0.  0.  1.] 0 0.439286218584
546 [ 0.  0.  0.  1.] -1 -0.561007605493
547 [ 0.  0.  0.  1.] -1 -0.55886810869
548 [ 0.  0.  0.  1.] -1 -0.555019234121
549 [ 0.  0.  0.  1.] -1 -0.562594051659
550 [ 0.  0.  0.  1.] -1 -0.561351259053
551 [ 0.  0.  0.  1.] -1 -0.559104119241
552 [ 0.  0.  0.  1.] -1 -0.555356432498
553 [ 0.  0.  0.  1.] -1 -0.561193729937
554 [ 0.  0.  0.  1.] -1 -0.561193729937
555 [ 0.  0.  0.  1.] 0 0.438806270063
556 [ 0.  0.  0.  1.] 0 0.438806270063
557 [ 0.  0.  1.  0.] 0 0.441818122566
558 [ 0.  0.  1.  0.] -1 -0.559524782002
559 [ 0.  0.  1.  0.] -1 -0.561948391795
560 [ 0.  0.  1.  0.] -1 -0.563545398414
561 [ 0.  0.  1.  0.] -1 -0.564385648072
562 [ 0.  0.  1.  0.] -1 -0.558205206692
563 [ 0.  0.  1.  0.] -1 -0.560640566051
564 [ 0.  0.  1.  0.] -1 -0.56219804883
565 [ 0.  0.  1.  0.] -1 -0.56327161938
566 [ 0.  0.  1.  0.] -1 -0.56327161938
567 [ 0.  0.  1.  0.] 0 0.43672838062
568 [ 0.  0.  1.  0.] 0 0.43672838062
569 [ 0.  0.  0.  1.] 0 0.440129554272
570 [ 0.  0.  0.  1.] -1 -0.560368004441
571 [ 0.  0.  0.  1.] -1 -0.558582296968
572 [ 0.  0.  0.  1.] -1 -0.556024289131
573 [ 0.  0.  0.  1.] -1 -0.561261226237
574 [ 0.  0.  0.  1.] -1 -0.560451582074
575 [ 0.  0.  0.  1.] -1 -0.559130223095
576 [ 0.  0.  0.  1.] -1 -0.557239986956
577 [ 0.  0.  0.  1.] -1 -0.561717449129
578 [ 0.  0.  0.  1.] -1 -0.561717449129
579 [ 0.  0.  0.  1.] 0 0.438282550871
580 [ 0.  0.  0.  1.] 0 0.438282550871
581 [ 1.  0.  0.  0.] 0 0.434288208187
582 [ 1.  0.  0.  0.] -1 -0.5660552755
583 [ 1.  0.  0.  0.] -1 -0.564906620979
584 [ 1.  0.  0.  0.] -1 -0.563298232853
585 [ 1.  0.  0.  0.] -1 -0.566746461391
586 [ 1.  0.  0.  0.] -1 -0.566273392737
587 [ 1.  0.  0.  0.] -1 -0.565333257616
588 [ 1.  0.  0.  0.] -1 -0.563845394552
589 [ 1.  0.  0.  0.] -1 -0.566713704169
590 [ 1.  0.  0.  0.] -1 -0.566713704169
591 [ 1.  0.  0.  0.] 0 0.433286295831
592 [ 1.  0.  0.  0.] 0 0.433286295831
593 [ 0.  0.  0.  1.] 0 0.440056367218
594 [ 0.  0.  0.  1.] -1 -0.557431320846
595 [ 0.  0.  0.  1.] -1 -0.554557943344
596 [ 0.  0.  0.  1.] -1 -0.550702019036
597 [ 0.  0.  0.  1.] -1 -0.558071176708
598 [ 0.  0.  0.  1.] -1 -0.555961577594
599 [ 0.  0.  0.  1.] -1 -0.552786420286
600 [ 0.  0.  0.  1.] -1 -0.548701138794
601 [ 0.  0.  0.  1.] -1 -0.554195858538
602 [ 0.  0.  0.  1.] -1 -0.554195858538
603 [ 0.  0.  0.  1.] 0 0.445804141462
604 [ 0.  0.  0.  1.] 0 0.445804141462
605 [ 0.  0.  1.  0.] 0 0.448355665803
606 [ 0.  0.  1.  0.] -1 -0.555671037734
607 [ 0.  0.  1.  0.] -1 -0.559458899498
608 [ 0.  0.  1.  0.] -1 -0.561726593971
609 [ 0.  0.  1.  0.] -1 -0.56305899471
610 [ 0.  0.  1.  0.] -1 -0.557352358103
611 [ 0.  0.  1.  0.] -1 -0.560266137123
612 [ 0.  0.  1.  0.] -1 -0.562241621315
613 [ 0.  0.  1.  0.] -1 -0.563429006934
614 [ 0.  0.  1.  0.] -1 -0.556493082643
615 [ 0.  0.  1.  0.] -1 -0.559310685098
616 [ 0.  0.  1.  0.] -1 -0.561397776008
617 [ 0.  0.  1.  0.] -1 -0.562739236653
618 [ 0.  0.  1.  0.] -1 -0.554549364746
619 [ 0.  0.  1.  0.] -1 -0.557710932195
620 [ 0.  0.  1.  0.] -1 -0.560043857992
621 [ 0.  0.  1.  0.] -1 -0.561627812684
622 [ 0.  0.  1.  0.] -1 -0.553444565833
623 [ 0.  0.  1.  0.] -1 -0.557212892175
624 [ 0.  0.  1.  0.] -1 -0.559962432086
625 [ 0.  0.  1.  0.] -1 -0.561550576985
626 [ 0.  0.  1.  0.] -1 -0.552361227572
627 [ 0.  0.  1.  0.] -1 -0.556290225685
628 [ 0.  0.  1.  0.] -1 -0.559320622683
629 [ 0.  0.  1.  0.] 9 9.43709700555
630 [ 0.  0.  1.  0.] 9 9.44583282173
631 [ 0.  0.  1.  0.] 9 9.4418870911
632 [ 0.  0.  1.  0.] 9 9.43888401538
633 [ 0.  0.  1.  0.] 9 9.43597233146
634 [ 0.  0.  1.  0.] 9 9.44619790763
635 [ 0.  0.  1.  0.] 9 9.44214546829
636 [ 0.  0.  1.  0.] 9 9.43896210045
637 [ 0.  0.  1.  0.] 9 9.43566236943
638 [ 0.  0.  1.  0.] 9 9.43566236943
639 [ 0.  0.  1.  0.] 10 10.4356623694
640 [ 0.  0.  1.  0.] 10 10.4356623694
641 [ 0.  0.  0.  1.] 0 0.441342307627
642 [ 0.  0.  0.  1.] -1 -0.56028431356
643 [ 0.  0.  0.  1.] -1 -0.557712177932
644 [ 0.  0.  0.  1.] -1 -0.554278360307
645 [ 0.  0.  0.  1.] -1 -0.562502603233
646 [ 0.  0.  0.  1.] -1 -0.561414423585
647 [ 0.  0.  0.  1.] -1 -0.559689898789
648 [ 0.  0.  0.  1.] -1 -0.556991972029
649 [ 0.  0.  0.  1.] -1 -0.563024000823
650 [ 0.  0.  0.  1.] -1 -0.568711809814
651 [ 0.  0.  0.  1.] -1 -0.568549580872
652 [ 0.  0.  0.  1.] -1 -0.568277104199
653 [ 0.  0.  0.  1.] -1 -0.567863887548
654 [ 0.  0.  0.  1.] -1 -0.567799505591
655 [ 0.  0.  0.  1.] -1 -0.56740950495
656 [ 0.  0.  0.  1.] -1 -0.566851018369
657 [ 0.  0.  0.  1.] -1 -0.566169770062
658 [ 0.  0.  0.  1.] -1 -0.566835786402
659 [ 0.  0.  0.  1.] -1 -0.566358046234
660 [ 0.  0.  0.  1.] -1 -0.56565426141
661 [ 0.  0.  0.  1.] -1 -0.564700932801
662 [ 0.  0.  0.  1.] 9 9.43323250264
663 [ 0.  0.  0.  1.] 10 10.4332325026
664 [ 0.  0.  0.  1.] 10 10.4332325026
665 [ 0.  0.  0.  1.] 10 10.4332325026
666 [ 1.  0.  0.  0.] -1 -0.568850907683
667 [ 1.  0.  0.  0.] 9 9.43095025569
668 [ 1.  0.  0.  0.] 9 9.43121786267
669 [ 1.  0.  0.  0.] 9 9.4318562746
670 [ 1.  0.  0.  0.] 9 9.43076396137
671 [ 1.  0.  0.  0.] 9 9.43088762909
672 [ 1.  0.  0.  0.] 9 9.43113134056
673 [ 1.  0.  0.  0.] 9 9.43167799264
674 [ 1.  0.  0.  0.] 9 9.43065014631
675 [ 1.  0.  0.  0.] 10 10.4306501463
676 [ 1.  0.  0.  0.] 10 10.4306501463
677 [ 1.  0.  0.  0.] 10 10.4306501463
678 [ 0.  0.  0.  1.] -1 -0.567447783053
679 [ 0.  0.  0.  1.] -1 -0.566766393185
680 [ 0.  0.  0.  1.] -1 -0.566005672514
681 [ 0.  0.  0.  1.] -1 -0.564888133109
682 [ 0.  0.  0.  1.] -1 -0.565865470469
683 [ 0.  0.  0.  1.] -1 -0.565249849856
684 [ 0.  0.  0.  1.] -1 -0.564358864725
685 [ 0.  0.  0.  1.] -1 -0.563163127005
686 [ 0.  0.  0.  1.] -1 -0.563508988917
687 [ 0.  0.  0.  1.] -1 -0.562619929016
688 [ 0.  0.  0.  1.] -1 -0.56130528003
689 [ 0.  0.  0.  1.] -1 -0.559588314593
690 [ 0.  0.  0.  1.] -1 -0.562549374998
691 [ 0.  0.  0.  1.] -1 -0.561381071806
692 [ 0.  0.  0.  1.] -1 -0.559674043953
693 [ 0.  0.  0.  1.] -1 -0.557565690577
694 [ 0.  0.  0.  1.] -1 -0.560792092979
695 [ 0.  0.  0.  1.] -1 -0.559416006505
696 [ 0.  0.  0.  1.] -1 -0.557450573146
697 [ 0.  0.  0.  1.] -1 -0.554943697155
698 [ 0.  0.  0.  1.] -1 -0.559621779621
699 [ 0.  0.  0.  1.] -1 -0.558220608532
700 [ 0.  0.  0.  1.] -1 -0.556229580939
701 [ 0.  0.  0.  1.] -1 -0.553599999845
702 [ 0.  0.  0.  1.] -1 -0.560903841257
703 [ 0.  0.  0.  1.] -1 -0.559430389106
704 [ 0.  0.  0.  1.] -1 -0.557379367948
705 [ 0.  0.  0.  1.] -1 -0.55470366627
706 [ 0.  0.  0.  1.] -1 -0.560216619074
707 [ 0.  0.  0.  1.] -1 -0.558829632401
708 [ 0.  0.  0.  1.] -1 -0.556880421937
709 [ 0.  0.  0.  1.] -1 -0.554442797601
710 [ 0.  0.  0.  1.] -1 -0.561424927413
711 [ 0.  0.  0.  1.] -1 -0.560200990736
712 [ 0.  0.  0.  1.] -1 -0.55842037946
713 [ 0.  0.  0.  1.] -1 -0.55601528585
714 [ 0.  0.  0.  1.] -1 -0.55601528585
715 [ 0.  0.  0.  1.] 0 0.44398471415
716 [ 0.  0.  0.  1.] 0 0.44398471415
717 [ 0.  1.  0.  0.] -100 -100
718 [ 0.  1.  0.  0.] -1 -0.565521250665
719 [ 0.  1.  0.  0.] -1 -0.566736410558
720 [ 0.  1.  0.  0.] -1 -0.559319122136
721 [ 0.  1.  0.  0.] -1 -0.562934421003
722 [ 0.  1.  0.  0.] -1 -0.565474337339
723 [ 0.  1.  0.  0.] -1 -0.566946147382
724 [ 0.  1.  0.  0.] -1 -0.560320015252
725 [ 0.  1.  0.  0.] -1 -0.563910540938
726 [ 0.  1.  0.  0.] -1 -0.566349835694
727 [ 0.  1.  0.  0.] -1 -0.567661511898
728 [ 0.  1.  0.  0.] -1 -0.56024326086
729 [ 0.  1.  0.  0.] -1 -0.563577646017
730 [ 0.  1.  0.  0.] -1 -0.565958787501
731 [ 0.  1.  0.  0.] -1 -0.567338639498
732 [ 0.  1.  0.  0.] -1 -0.567338639498
733 [ 0.  1.  0.  0.] -1 -0.567338639498
734 [ 0.  1.  0.  0.] 0 0.432661360502
735 [ 0.  0.  1.  0.] 0 0.440433599055
736 [ 0.  0.  1.  0.] -1 -0.561137247086
737 [ 0.  0.  1.  0.] -1 -0.563818526268
738 [ 0.  0.  1.  0.] -1 -0.565730591118
739 [ 0.  0.  1.  0.] -1 -0.566894845665
740 [ 0.  0.  1.  0.] -1 -0.56000405103
741 [ 0.  0.  1.  0.] -1 -0.562669701874
742 [ 0.  0.  1.  0.] -1 -0.564745722711
743 [ 0.  0.  1.  0.] -1 -0.566016685963
744 [ 0.  0.  1.  0.] -1 -0.566016685963
745 [ 0.  0.  1.  0.] -1 -0.566016685963
746 [ 0.  0.  1.  0.] 0 0.433983314037
747 [ 0.  1.  0.  0.] 0 0.436639763415
748 [ 0.  1.  0.  0.] -1 -0.565091811121
749 [ 0.  1.  0.  0.] -1 -0.566788193583
750 [ 0.  1.  0.  0.] -1 -0.567939028144
751 [ 0.  1.  0.  0.] -1 -0.568584914505
752 [ 0.  1.  0.  0.] -1 -0.563124962151
753 [ 0.  1.  0.  0.] -1 -0.564547027647
754 [ 0.  1.  0.  0.] -1 -0.565472270548
755 [ 0.  1.  0.  0.] -1 -0.566012609005
756 [ 0.  1.  0.  0.] -1 -0.563515132666
757 [ 0.  1.  0.  0.] -1 -0.564631652832
758 [ 0.  1.  0.  0.] -1 -0.565497015417
759 [ 0.  1.  0.  0.] -1 -0.56605810672
760 [ 0.  1.  0.  0.] -1 -0.563554741442
761 [ 0.  1.  0.  0.] -1 -0.564689777792
762 [ 0.  1.  0.  0.] -1 -0.56557713896
763 [ 0.  1.  0.  0.] -1 -0.566154906154
764 [ 0.  1.  0.  0.] -1 -0.563582345843
765 [ 0.  1.  0.  0.] -1 -0.56465472728
766 [ 0.  1.  0.  0.] -1 -0.565482208133
767 [ 0.  1.  0.  0.] -1 -0.565999019146
768 [ 0.  1.  0.  0.] -1 -0.565999019146
769 [ 0.  1.  0.  0.] -1 -0.565999019146
770 [ 0.  1.  0.  0.] 0 0.434000980854
771 [ 1.  0.  0.  0.] 0 0.43361658603
772 [ 1.  0.  0.  0.] 9 9.43291399032
773 [ 1.  0.  0.  0.] 9 9.43380885422
774 [ 1.  0.  0.  0.] 9 9.43494369239
775 [ 1.  0.  0.  0.] 9 9.43200681061
776 [ 1.  0.  0.  0.] 9 9.43230876029
777 [ 1.  0.  0.  0.] 9 9.43302372843
778 [ 1.  0.  0.  0.] 9 9.43407360166
779 [ 1.  0.  0.  0.] -1 -0.567954231799
780 [ 1.  0.  0.  0.] -1 -0.567954231799
781 [ 1.  0.  0.  0.] -1 -0.567954231799
782 [ 1.  0.  0.  0.] 0 0.432045768201
783 [ 0.  1.  0.  0.] 0 0.434710371494
784 [ 0.  1.  0.  0.] -1 -0.566732333601
785 [ 0.  1.  0.  0.] -1 -0.567312309146
786 [ 0.  1.  0.  0.] -1 -0.567719042301
787 [ 0.  1.  0.  0.] -1 -0.56796130985
788 [ 0.  1.  0.  0.] -1 -0.56796130985
789 [ 0.  1.  0.  0.] -1 -0.56796130985
790 [ 0.  1.  0.  0.] 0 0.43203869015
791 [ 1.  0.  0.  0.] 0 0.431926687062
792 [ 1.  0.  0.  0.] -1 -0.568183843791
793 [ 1.  0.  0.  0.] -1 -0.567961989343
794 [ 1.  0.  0.  0.] -1 -0.567345887423
795 [ 1.  0.  0.  0.] -1 -0.568255615234
796 [ 1.  0.  0.  0.] -1 -0.56815020889
797 [ 1.  0.  0.  0.] -1 -0.567936848104
798 [ 1.  0.  0.  0.] -1 -0.567214773595
799 [ 1.  0.  0.  0.] -1 -0.568283502758
800 [ 1.  0.  0.  0.] -1 -0.568180446327
801 [ 1.  0.  0.  0.] -1 -0.567966915667
802 [ 1.  0.  0.  0.] -1 -0.567315225303
803 [ 1.  0.  0.  0.] -1 -0.568280813098
804 [ 1.  0.  0.  0.] -1 -0.568180333078
805 [ 1.  0.  0.  0.] -1 -0.567969208956
806 [ 1.  0.  0.  0.] -1 -0.567239971459
807 [ 1.  0.  0.  0.] -1 -0.568300490081
808 [ 1.  0.  0.  0.] -1 -0.568228067458
809 [ 1.  0.  0.  0.] -1 -0.568078890443
810 [ 1.  0.  0.  0.] -1 -0.567638550699
811 [ 1.  0.  0.  0.] -1 -0.568310795724
812 [ 1.  0.  0.  0.] -1 -0.568310795724
813 [ 1.  0.  0.  0.] -1 -0.568310795724
814 [ 1.  0.  0.  0.] 0 0.431689204276
815 [ 0.  0.  0.  1.] 0 0.431024886668
816 [ 0.  0.  0.  1.] -1 -0.568069972098
817 [ 0.  0.  0.  1.] -1 -0.567472471297
818 [ 0.  0.  0.  1.] -1 -0.566569906473
819 [ 0.  0.  0.  1.] -1 -0.567877902091
820 [ 0.  0.  0.  1.] -1 -0.567408145964
821 [ 0.  0.  0.  1.] -1 -0.566727463901
822 [ 0.  0.  0.  1.] -1 -0.565774588287
823 [ 0.  0.  0.  1.] -1 -0.567399510741
824 [ 0.  0.  0.  1.] -1 -0.566982896626
825 [ 0.  0.  0.  1.] -1 -0.566284802556
826 [ 0.  0.  0.  1.] -1 -0.56536655277
827 [ 0.  0.  0.  1.] -1 -0.56692327112
828 [ 0.  0.  0.  1.] -1 -0.566478854418
829 [ 0.  0.  0.  1.] -1 -0.565776400268
830 [ 0.  0.  0.  1.] -1 -0.564897476137
831 [ 0.  0.  0.  1.] -1 -0.56565451622
832 [ 0.  0.  0.  1.] -1 -0.565077796578
833 [ 0.  0.  0.  1.] -1 -0.564049865305
834 [ 0.  0.  0.  1.] -1 -0.562634538114
835 [ 0.  0.  0.  1.] -1 -0.565100927651
836 [ 0.  0.  0.  1.] -1 -0.564159886539
837 [ 0.  0.  0.  1.] -1 -0.562826155126
838 [ 0.  0.  0.  1.] -1 -0.561225099862
839 [ 0.  0.  0.  1.] -1 -0.563995392621
840 [ 0.  0.  0.  1.] -1 -0.562976549566
841 [ 0.  0.  0.  1.] -1 -0.561371700466
842 [ 0.  0.  0.  1.] -1 -0.559295170009
843 [ 0.  0.  0.  1.] -1 -0.563100160658
844 [ 0.  0.  0.  1.] -1 -0.561839418113
845 [ 0.  0.  0.  1.] -1 -0.560194535553
846 [ 0.  0.  0.  1.] -1 -0.558058719337
847 [ 0.  0.  0.  1.] -1 -0.563758306205
848 [ 0.  0.  0.  1.] -1 -0.562678025663
849 [ 0.  0.  0.  1.] -1 -0.560992260277
850 [ 0.  0.  0.  1.] -1 -0.558660976589
851 [ 0.  0.  0.  1.] -1 -0.56360411793
852 [ 0.  0.  0.  1.] -1 -0.562287203968
853 [ 0.  0.  0.  1.] -1 -0.560467153788
854 [ 0.  0.  0.  1.] -1 -0.558205829561
855 [ 0.  0.  0.  1.] -1 -0.563857342303
856 [ 0.  0.  0.  1.] -1 -0.562887988985
857 [ 0.  0.  0.  1.] -1 -0.56131490618
858 [ 0.  0.  0.  1.] -1 -0.559235431254
859 [ 0.  0.  0.  1.] -1 -0.564371067286
860 [ 0.  0.  0.  1.] -1 -0.563419210911
861 [ 0.  0.  0.  1.] -1 -0.562031233311
862 [ 0.  0.  0.  1.] -1 -0.560286946595
863 [ 0.  0.  0.  1.] -1 -0.563712893426
864 [ 0.  0.  0.  1.] -1 -0.562908741832
865 [ 0.  0.  0.  1.] -1 -0.561471359432
866 [ 0.  0.  0.  1.] -1 -0.559434635937
867 [ 0.  0.  0.  1.] -1 -0.562337939441
868 [ 0.  0.  0.  1.] -1 -0.561227591336
869 [ 0.  0.  0.  1.] -1 -0.559668664634
870 [ 0.  0.  0.  1.] -1 -0.557608385384
871 [ 0.  0.  0.  1.] -1 -0.561794514954
872 [ 0.  0.  0.  1.] -1 -0.560473722219
873 [ 0.  0.  0.  1.] -1 -0.558508883417
874 [ 0.  0.  0.  1.] -1 -0.555923639238
875 [ 0.  0.  0.  1.] -1 -0.561275212467
876 [ 0.  0.  0.  1.] -1 -0.559958411753
877 [ 0.  0.  0.  1.] -1 -0.558075480163
878 [ 0.  0.  0.  1.] -1 -0.555568094552
879 [ 0.  0.  0.  1.] -1 -0.559867671132
880 [ 0.  0.  0.  1.] -1 -0.559867671132
881 [ 0.  0.  0.  1.] -1 -0.559867671132
882 [ 0.  0.  0.  1.] 0 0.440132328868
883 [ 0.  0.  1.  0.] 0 0.446949653327
884 [ 0.  0.  1.  0.] -1 -0.548281155527
885 [ 0.  0.  1.  0.] -1 -0.553682728112
886 [ 0.  0.  1.  0.] -1 -0.557755552232
887 [ 0.  0.  1.  0.] -1 -0.560342495143
888 [ 0.  0.  1.  0.] -1 -0.545565646887
889 [ 0.  0.  1.  0.] -1 -0.550778122246
890 [ 0.  0.  1.  0.] -1 -0.554917480052
891 [ 0.  0.  1.  0.] -1 -0.557609291375
892 [ 0.  0.  1.  0.] -1 -0.557609291375
893 [ 0.  0.  1.  0.] -1 -0.557609291375
894 [ 0.  0.  1.  0.] 0 0.442390708625
895 [ 0.  1.  0.  0.] 0 0.44550793916
896 [ 0.  1.  0.  0.] -1 -0.556789822876
897 [ 0.  1.  0.  0.] -1 -0.56107493192
898 [ 0.  1.  0.  0.] -1 -0.563972742856
899 [ 0.  1.  0.  0.] -1 -0.565570768714
900 [ 0.  1.  0.  0.] -1 -0.556875212491
901 [ 0.  1.  0.  0.] -1 -0.560518908501
902 [ 0.  1.  0.  0.] -1 -0.563204009831
903 [ 0.  1.  0.  0.] -1 -0.56475687772
904 [ 0.  1.  0.  0.] -1 -0.56475687772
905 [ 0.  1.  0.  0.] -1 -0.56475687772
906 [ 0.  1.  0.  0.] 0 0.43524312228
907 [ 0.  0.  1.  0.] 0 0.44750995189
908 [ 0.  0.  1.  0.] -1 -0.553047628701
909 [ 0.  0.  1.  0.] -1 -0.55737195015
910 [ 0.  0.  1.  0.] -1 -0.560507073998
911 [ 0.  0.  1.  0.] -1 -0.562169764936
912 [ 0.  0.  1.  0.] -1 -0.554444666207
913 [ 0.  0.  1.  0.] -1 -0.55805067867
914 [ 0.  0.  1.  0.] -1 -0.560682864487
915 [ 0.  0.  1.  0.] -1 -0.562249548733
916 [ 0.  0.  1.  0.] -1 -0.562249548733
917 [ 0.  0.  1.  0.] -1 -0.562249548733
918 [ 0.  0.  1.  0.] 0 0.437750451267
919 [ 0.  0.  0.  1.] 0 0.443901674449
920 [ 0.  0.  0.  1.] -1 -0.555277073383
921 [ 0.  0.  0.  1.] -1 -0.551925332844
922 [ 0.  0.  0.  1.] -1 -0.547661741078
923 [ 0.  0.  0.  1.] -1 -0.555930717289
924 [ 0.  0.  0.  1.] -1 -0.553422737122
925 [ 0.  0.  0.  1.] -1 -0.550138266385
926 [ 0.  0.  0.  1.] -1 -0.546195989847
927 [ 0.  0.  0.  1.] -1 -0.552889929712
928 [ 0.  0.  0.  1.] -1 -0.550335375965
929 [ 0.  0.  0.  1.] -1 -0.546684969962
930 [ 0.  0.  0.  1.] -1 -0.54223587662
931 [ 0.  0.  0.  1.] 9 9.44418762773
932 [ 0.  0.  0.  1.] 9 9.44714783877
933 [ 0.  0.  0.  1.] 9 9.45118431002
934 [ 0.  0.  0.  1.] 9 9.45579761416
935 [ 0.  0.  0.  1.] 9 9.44210702032
936 [ 0.  0.  0.  1.] 9 9.44417103678
937 [ 0.  0.  0.  1.] 9 9.4473779887
938 [ 0.  0.  0.  1.] 9 9.45152173489
939 [ 0.  0.  0.  1.] 9 9.44172823131
940 [ 0.  0.  0.  1.] 9 9.44385042936
941 [ 0.  0.  0.  1.] 9 9.44679846615
942 [ 0.  0.  0.  1.] 9 9.45038771778
943 [ 0.  0.  0.  1.] 9 9.44152514786
944 [ 0.  0.  0.  1.] 9 9.44383225292
945 [ 0.  0.  0.  1.] 9 9.44732076973
946 [ 0.  0.  0.  1.] 9 9.45166040808
947 [ 0.  0.  0.  1.] 9 9.44085669667
948 [ 0.  0.  0.  1.] 9 9.44319692701
949 [ 0.  0.  0.  1.] 9 9.44649399668
950 [ 0.  0.  0.  1.] 9 9.45058103353
951 [ 0.  0.  0.  1.] 9 9.44146388024
952 [ 0.  0.  0.  1.] 9 9.44146388024
953 [ 0.  0.  0.  1.] 9 9.44146388024
954 [ 0.  0.  0.  1.] 10 10.4414638802
955 [ 0.  0.  1.  0.] 0 0.445067769289
956 [ 0.  0.  1.  0.] 9 9.44061604291
957 [ 0.  0.  1.  0.] 9 9.4359366864
958 [ 0.  0.  1.  0.] 9 9.43236541301
959 [ 0.  0.  1.  0.] 9 9.42783376127
960 [ 0.  0.  1.  0.] 9 9.44055573791
961 [ 0.  0.  1.  0.] 9 9.43560551852
962 [ 0.  0.  1.  0.] 9 9.43184084445
963 [ 0.  0.  1.  0.] 9 9.42731825262
964 [ 0.  0.  1.  0.] 9 9.43992901891
965 [ 0.  0.  1.  0.] 9 9.43425910324
966 [ 0.  0.  1.  0.] 9 9.42963090688
967 [ 0.  0.  1.  0.] 9 9.42411483973
968 [ 0.  0.  1.  0.] 9 9.43644225746
969 [ 0.  0.  1.  0.] 9 9.43065954596
970 [ 0.  0.  1.  0.] 9 9.4263261646
971 [ 0.  0.  1.  0.] 9 9.4216217801
972 [ 0.  0.  1.  0.] 9 9.43399831951
973 [ 0.  0.  1.  0.] 9 9.42800572962
974 [ 0.  0.  1.  0.] 9 9.42380909622
975 [ 0.  0.  1.  0.] -1 -0.578387676179
976 [ 0.  0.  1.  0.] -1 -0.578387676179
977 [ 0.  0.  1.  0.] -1 -0.578387676179
978 [ 0.  0.  1.  0.] 0 0.421612323821
979 [ 0.  1.  0.  0.] 0 0.424434767663
980 [ 0.  1.  0.  0.] -1 -0.576316525042
981 [ 0.  1.  0.  0.] -1 -0.579569540918
982 [ 0.  1.  0.  0.] -1 -0.581559379399
983 [ 0.  1.  0.  0.] -1 -0.582442352176
984 [ 0.  1.  0.  0.] -1 -0.577070252597
985 [ 0.  1.  0.  0.] -1 -0.579918120801
986 [ 0.  1.  0.  0.] -1 -0.581639842689
987 [ 0.  1.  0.  0.] -1 -0.582350337505
988 [ 0.  1.  0.  0.] -1 -0.582350337505
989 [ 0.  1.  0.  0.] -1 -0.582350337505
990 [ 0.  1.  0.  0.] 0 0.417649662495
991 [ 0.  0.  1.  0.] 0 0.425807966292
992 [ 0.  0.  1.  0.] -1 -0.576236967742
993 [ 0.  0.  1.  0.] -1 -0.578652904928
994 [ 0.  0.  1.  0.] -1 -0.580180235207
995 [ 0.  0.  1.  0.] -1 -0.581124702096
996 [ 0.  0.  1.  0.] -1 -0.576430736482
997 [ 0.  0.  1.  0.] -1 -0.578389799595
998 [ 0.  0.  1.  0.] -1 -0.579703202844
999 [ 0.  0.  1.  0.] -1 -0.580500927567
1000 [ 0.  0.  1.  0.] -1 -0.580500927567
1001 [ 0.  0.  1.  0.] -1 -0.580500927567
1002 [ 0.  0.  1.  0.] 0 0.419499072433
1003 [ 0.  1.  0.  0.] 0 0.421644543111
1004 [ 0.  1.  0.  0.] -1 -0.578043626249
1005 [ 0.  1.  0.  0.] -1 -0.580332101882
1006 [ 0.  1.  0.  0.] -1 -0.581585879624
1007 [ 0.  1.  0.  0.] -1 -0.582246120274
1008 [ 0.  1.  0.  0.] -1 -0.577815939486
1009 [ 0.  1.  0.  0.] -1 -0.580040995777
1010 [ 0.  1.  0.  0.] -1 -0.581320282817
1011 [ 0.  1.  0.  0.] -1 -0.582002267241
1012 [ 0.  1.  0.  0.] -1 -0.582002267241
1013 [ 0.  1.  0.  0.] -1 -0.582002267241
1014 [ 0.  1.  0.  0.] 0 0.417997732759
1015 [ 1.  0.  0.  0.] 0 0.417537008226
1016 [ 1.  0.  0.  0.] -1 -0.583184415102
1017 [ 1.  0.  0.  0.] -1 -0.582044310868
1018 [ 1.  0.  0.  0.] -1 -0.579873557389
1019 [ 1.  0.  0.  0.] -1 -0.583690609038
1020 [ 1.  0.  0.  0.] -1 -0.58311354965
1021 [ 1.  0.  0.  0.] -1 -0.58179255873
1022 [ 1.  0.  0.  0.] -1 -0.578588069975
1023 [ 1.  0.  0.  0.] -1 -0.58364072293
1024 [ 1.  0.  0.  0.] -1 -0.58364072293
1025 [ 1.  0.  0.  0.] -1 -0.58364072293
1026 [ 1.  0.  0.  0.] 0 0.41635927707
1027 [ 0.  1.  0.  0.] 0 0.422872924805
1028 [ 0.  1.  0.  0.] -1 -0.57690898627
1029 [ 0.  1.  0.  0.] -1 -0.58016834408
1030 [ 0.  1.  0.  0.] -1 -0.582010562718
1031 [ 0.  1.  0.  0.] -1 -0.582972215116
1032 [ 0.  1.  0.  0.] -1 -0.578074684739
1033 [ 0.  1.  0.  0.] -1 -0.580191390216
1034 [ 0.  1.  0.  0.] -1 -0.581747145951
1035 [ 0.  1.  0.  0.] -1 -0.582669869065
1036 [ 0.  1.  0.  0.] -1 -0.578415422142
1037 [ 0.  1.  0.  0.] -1 -0.58058385402
1038 [ 0.  1.  0.  0.] -1 -0.58210722059
1039 [ 0.  1.  0.  0.] -1 -0.582913382351
1040 [ 0.  1.  0.  0.] -1 -0.57865536809
1041 [ 0.  1.  0.  0.] -1 -0.580861851573
1042 [ 0.  1.  0.  0.] -1 -0.582376413047
1043 [ 0.  1.  0.  0.] -1 -0.583134415746
1044 [ 0.  1.  0.  0.] -1 -0.577948327363
1045 [ 0.  1.  0.  0.] -1 -0.580408771336
1046 [ 0.  1.  0.  0.] -1 -0.582030013204
1047 [ 0.  1.  0.  0.] -1 -0.58279735893
1048 [ 0.  1.  0.  0.] -1 -0.576699617505
1049 [ 0.  1.  0.  0.] -1 -0.579538170993
1050 [ 0.  1.  0.  0.] -1 -0.581583614647
1051 [ 0.  1.  0.  0.] -1 -0.582685497403
1052 [ 0.  1.  0.  0.] -1 -0.577178037167
1053 [ 0.  1.  0.  0.] -1 -0.579997621477
1054 [ 0.  1.  0.  0.] -1 -0.581902438402
1055 [ 0.  1.  0.  0.] -1 -0.58274679333
1056 [ 0.  1.  0.  0.] -1 -0.577151735127
1057 [ 0.  1.  0.  0.] -1 -0.579737998545
1058 [ 0.  1.  0.  0.] -1 -0.5815436095
1059 [ 0.  1.  0.  0.] -1 -0.582459764183
1060 [ 0.  1.  0.  0.] -1 -0.582459764183
1061 [ 0.  1.  0.  0.] -1 -0.582459764183
1062 [ 0.  1.  0.  0.] 0 0.417540235817
1063 [ 0.  0.  1.  0.] 0 0.425444664061
1064 [ 0.  0.  1.  0.] -1 -0.57614903003
1065 [ 0.  0.  1.  0.] -1 -0.578284902871
1066 [ 0.  0.  1.  0.] -1 -0.579752720892
1067 [ 0.  0.  1.  0.] -1 -0.580658371747
1068 [ 0.  0.  1.  0.] -1 -0.576086290181
1069 [ 0.  0.  1.  0.] -1 -0.578041814268
1070 [ 0.  0.  1.  0.] -1 -0.579383359849
1071 [ 0.  0.  1.  0.] -1 -0.580194051564
1072 [ 0.  0.  1.  0.] -1 -0.580194051564
1073 [ 0.  0.  1.  0.] -1 -0.580194051564
1074 [ 0.  0.  1.  0.] 0 0.419805948436
1075 [ 0.  1.  0.  0.] 0 0.421388091147
1076 [ 0.  1.  0.  0.] -1 -0.579336984456
1077 [ 0.  1.  0.  0.] -1 -0.580770799518
1078 [ 0.  1.  0.  0.] -1 -0.581836470962
1079 [ 0.  1.  0.  0.] -1 -0.582505828142
1080 [ 0.  1.  0.  0.] -1 -0.579722823203
1081 [ 0.  1.  0.  0.] -1 -0.581031243503
1082 [ 0.  1.  0.  0.] -1 -0.581964810193
1083 [ 0.  1.  0.  0.] -1 -0.582482583821
1084 [ 0.  1.  0.  0.] -1 -0.582482583821
1085 [ 0.  1.  0.  0.] -1 -0.582482583821
1086 [ 0.  1.  0.  0.] 0 0.417517416179
1087 [ 1.  0.  0.  0.] 0 0.417073509097
1088 [ 1.  0.  0.  0.] -1 -0.583049818873
1089 [ 1.  0.  0.  0.] -1 -0.582108607888
1090 [ 1.  0.  0.  0.] -1 -0.580803839862
1091 [ 1.  0.  0.  0.] -1 -0.583528549969
1092 [ 1.  0.  0.  0.] -1 -0.582937985659
1093 [ 1.  0.  0.  0.] -1 -0.581932704151
1094 [ 1.  0.  0.  0.] -1 -0.580533854663
1095 [ 1.  0.  0.  0.] -1 -0.583497519791
1096 [ 1.  0.  0.  0.] -1 -0.583497519791
1097 [ 1.  0.  0.  0.] -1 -0.583497519791
1098 [ 1.  0.  0.  0.] 0 0.416502480209
1099 [ 0.  1.  0.  0.] 0 0.41988799721
1100 [ 0.  1.  0.  0.] -1 -0.579690377414
1101 [ 0.  1.  0.  0.] -1 -0.581330758333
1102 [ 0.  1.  0.  0.] -1 -0.582340909541
1103 [ 0.  1.  0.  0.] -1 -0.58294288367
1104 [ 0.  1.  0.  0.] -1 -0.579867640138
1105 [ 0.  1.  0.  0.] -1 -0.581404568255
1106 [ 0.  1.  0.  0.] -1 -0.582315768301
1107 [ 0.  1.  0.  0.] -1 -0.582823123038
1108 [ 0.  1.  0.  0.] -1 -0.580582268536
1109 [ 0.  1.  0.  0.] -1 -0.581960903108
1110 [ 0.  1.  0.  0.] -1 -0.582736317813
1111 [ 0.  1.  0.  0.] -1 -0.583189029992
1112 [ 0.  1.  0.  0.] -1 -0.582177321613
1113 [ 0.  1.  0.  0.] -1 -0.582814289629
1114 [ 0.  1.  0.  0.] -1 -0.583281780779
1115 [ 0.  1.  0.  0.] -1 -0.583608900011
1116 [ 0.  1.  0.  0.] -1 -0.583071817458
1117 [ 0.  1.  0.  0.] -1 -0.583480702341
1118 [ 0.  1.  0.  0.] -1 -0.583792363107
1119 [ 0.  1.  0.  0.] -1 -0.583971211314
1120 [ 0.  1.  0.  0.] -1 -0.582218261063
1121 [ 0.  1.  0.  0.] -1 -0.575353004038
1122 [ 0.  1.  0.  0.] -1 -0.578900013864
1123 [ 0.  1.  0.  0.] -1 -0.580888691545
1124 [ 0.  1.  0.  0.] -1 -0.581892217696
1125 [ 0.  1.  0.  0.] -1 -0.573475423455
1126 [ 0.  1.  0.  0.] -1 -0.57833006084
1127 [ 0.  1.  0.  0.] -1 -0.580767798424
1128 [ 0.  1.  0.  0.] -1 -0.581867840886
1129 [ 0.  1.  0.  0.] -1 -0.572672970593
1130 [ 0.  1.  0.  0.] -1 -0.57768997848
1131 [ 0.  1.  0.  0.] -1 -0.580400051177
1132 [ 0.  1.  0.  0.] -1 -0.581621213257
1133 [ 0.  1.  0.  0.] -1 -0.581621213257
1134 [ 0.  1.  0.  0.] 0 0.418378786743
1135 [ 0.  1.  0.  0.] 0 0.418378786743
1136 [ 0.  0.  1.  0.] 0 0.431838749349
1137 [ 0.  0.  1.  0.] -1 -0.572072978318
1138 [ 0.  0.  1.  0.] -1 -0.576547439396
1139 [ 0.  0.  1.  0.] -1 -0.578907035291
1140 [ 0.  0.  1.  0.] -1 -0.580091278255
1141 [ 0.  0.  1.  0.] -1 -0.574201489985
1142 [ 0.  0.  1.  0.] -1 -0.577401052415
1143 [ 0.  0.  1.  0.] -1 -0.5791350618
1144 [ 0.  0.  1.  0.] -1 -0.580230744183
1145 [ 0.  0.  1.  0.] -1 -0.574535404146
1146 [ 0.  0.  1.  0.] -1 -0.577232594788
1147 [ 0.  0.  1.  0.] -1 -0.579026965797
1148 [ 0.  0.  1.  0.] -1 -0.580030407012
1149 [ 0.  0.  1.  0.] -1 -0.573238053918
1150 [ 0.  0.  1.  0.] -1 -0.576197217405
1151 [ 0.  0.  1.  0.] -1 -0.578224371374
1152 [ 0.  0.  1.  0.] -1 -0.579371468723
1153 [ 0.  0.  1.  0.] -1 -0.572885793447
1154 [ 0.  0.  1.  0.] -1 -0.575928024948
1155 [ 0.  0.  1.  0.] -1 -0.578062453866
1156 [ 0.  0.  1.  0.] -1 -0.579218696058
1157 [ 0.  0.  1.  0.] -1 -0.579218696058
1158 [ 0.  0.  1.  0.] 0 0.420781303942
1159 [ 0.  0.  1.  0.] 0 0.420781303942
1160 [ 0.  1.  0.  0.] 0 0.422270582616
1161 [ 0.  1.  0.  0.] -1 -0.576020294428
1162 [ 0.  1.  0.  0.] -1 -0.578502510488
1163 [ 0.  1.  0.  0.] -1 -0.580330063403
1164 [ 0.  1.  0.  0.] -1 -0.581469742954
1165 [ 0.  1.  0.  0.] -1 -0.574699728191
1166 [ 0.  1.  0.  0.] -1 -0.577559770644
1167 [ 0.  1.  0.  0.] -1 -0.579593096673
1168 [ 0.  1.  0.  0.] -1 -0.580789344013
1169 [ 0.  1.  0.  0.] -1 -0.57302993089
1170 [ 0.  1.  0.  0.] -1 -0.576269130409
1171 [ 0.  1.  0.  0.] -1 -0.578610153496
1172 [ 0.  1.  0.  0.] -1 -0.579965572059
1173 [ 0.  1.  0.  0.] -1 -0.572099988163
1174 [ 0.  1.  0.  0.] -1 -0.575756113231
1175 [ 0.  1.  0.  0.] -1 -0.578503473103
1176 [ 0.  1.  0.  0.] -1 -0.580270947516
1177 [ 0.  1.  0.  0.] -1 -0.571749256551
1178 [ 0.  1.  0.  0.] -1 -0.575376135111
1179 [ 0.  1.  0.  0.] -1 -0.578067097068
1180 [ 0.  1.  0.  0.] -1 -0.57966376394
1181 [ 0.  1.  0.  0.] -1 -0.573685669899
1182 [ 0.  1.  0.  0.] -1 -0.576983617246
1183 [ 0.  1.  0.  0.] -1 -0.579374583066
1184 [ 0.  1.  0.  0.] -1 -0.580878923833
1185 [ 0.  1.  0.  0.] -1 -0.573615851998
1186 [ 0.  1.  0.  0.] -1 -0.576881353557
1187 [ 0.  1.  0.  0.] -1 -0.579351961613
1188 [ 0.  1.  0.  0.] -1 -0.580895741284
1189 [ 0.  1.  0.  0.] -1 -0.576464626193
1190 [ 0.  1.  0.  0.] -1 -0.578972776234
1191 [ 0.  1.  0.  0.] -1 -0.580875356495
1192 [ 0.  1.  0.  0.] -1 -0.582028087974
1193 [ 0.  1.  0.  0.] -1 -0.578040200472
1194 [ 0.  1.  0.  0.] -1 -0.580146373808
1195 [ 0.  1.  0.  0.] -1 -0.581496044993
1196 [ 0.  1.  0.  0.] -101 -101
