0 28.3383 30.363 30.2431 28.9009 1
1 27.998 30.0448 29.9477 28.5763 1
2 27.3623 29.3578 29.2361 27.9068 1
3 26.9257 28.9286 28.796 27.4575 1
4 26.7503 28.6758 28.4822 27.2234 1
5 26.4201 28.3875 28.2265 26.9193 1
6 26.2683 28.1243 27.8734 26.6827 1
7 25.0756 27.147 26.7279 25.3808 1
8 25.0957 27.129 26.6701 25.3661 1
9 25.0127 27.0697 26.6044 25.2807 1
10 25.118 27.0644 26.5234 25.3151 1
11 25.0548 27.0271 26.4263 25.2105 1
12 24.6242 26.5483 25.9548 24.7728 1
13 24.6308 26.5836 25.9536 24.7565 1
14 23.889 25.7752 25.1742 24.0171 1
15 24.8357 26.9579 26.1428 24.851 1
16 24.5202 26.6071 25.7956 24.529 1
17 24.8497 26.9648 26.1423 24.8588 1
18 23.8109 25.8375 25.0495 23.8194 1
19 24.1934 26.2526 25.4518 24.2021 1
20 23.4382 25.4331 24.6574 23.4465 1
21 23.8368 25.8656 25.0767 23.8453 1
22 22.8249 24.7644 24.0132 22.8355 1
23 24.0627 26.1107 25.3144 24.0713 1
24 23.7694 25.7924 25.0058 23.7778 1
25 24.2529 26.3172 25.5145 24.2617 1
26 23.4088 25.4012 24.6265 23.4171 1
27 24.0133 26.0571 25.2624 24.0219 1
28 RANDOM
29 23.712 25.7302 24.9455 23.7205 1
30 22.8141 24.7559 24.0009 22.8221 1
31 23.6316 25.6429 24.8609 23.64 1
32 23.139 25.1084 24.3427 23.1472 1
33 23.3681 25.357 24.5837 23.3764 1
34 22.2477 24.1412 23.405 22.2554 1
35 22.3057 24.2041 23.466 22.3134 1
36 RANDOM
37 22.0126 23.8861 23.1577 22.0201 1
38 20.8957 22.6742 21.9828 20.9027 1
39 20.6116 22.3659 21.684 20.6185 1
40 6.40424 6.94929 6.73844 6.40373 1
41 6.5525 7.11017 6.8944 6.55206 1
42 5.55172 6.05489 5.84253 5.5289 1
43 5.31446 5.85949 5.59476 5.24727 1
44 4.74852 5.27131 5.00018 4.66255 1
45 4.68421 5.22022 4.93307 4.58487 1
46 3.85347 4.33987 4.05979 3.73867 1
47 2.45242 2.79326 2.58517 2.35563 1
48 2.05585 2.36399 2.16803 1.95811 1
49 1.91847 2.22372 2.02377 1.81439 1
50 1.38632 1.65251 1.46416 1.27752 1
51 1.38632 1.65251 1.46416 1.27752 1
