0 23.763 25.835 24.9041 23.5268 1
1 23.5201 25.5977 24.6593 23.2807 1
2 23.1229 25.1808 24.2343 22.868 1
3 23.1997 25.2918 24.2767 22.8834 1
4 23.1511 25.1967 24.1824 22.8117 1
5 22.935 24.9938 23.9642 22.5872 1
6 22.8252 24.839 23.8125 22.4584 1
7 22.8923 25.2057 23.8112 22.261 1
8 22.5104 24.7699 23.4178 21.9032 1
9 22.5069 24.781 23.4106 21.8865 1
10 21.9346 24.1227 22.8223 21.3549 1
11 21.8717 24.1028 22.7449 21.2495 1
12 21.462 23.6266 22.325 20.8734 1
13 21.4465 23.6402 22.3014 20.8309 1
14 21.0617 23.2023 21.9048 20.4694 1
15 22.8333 25.2659 23.7196 22.0915 1
16 22.3543 24.7357 23.2222 21.628 1
17 22.504 24.9014 23.3776 21.7728 1
18 21.9119 24.246 22.7627 21.1998 1
19 22.3674 24.7502 23.2357 21.6406 1
20 21.5276 23.8206 22.3636 20.828 1
21 21.7677 24.0864 22.613 21.0604 1
22 21.0738 23.3184 21.8924 20.3889 1
23 22.8175 25.2484 23.7031 22.0761 1
24 22.4039 24.7906 23.2737 21.676 1
25 22.7767 25.2032 23.6608 22.0366 1
26 22.2535 24.6241 23.1174 21.5304 1
27 22.9168 25.3583 23.8063 22.1722 1
28 22.1463 24.5054 23.0061 21.4266 1
29 22.4759 24.8703 23.3485 21.7456 1
30 21.8982 24.2308 22.7485 21.1866 1
31 23.0924 25.5526 23.9886 22.3421 1
32 22.4899 24.8858 23.3629 21.7591 1
33 22.6082 25.0167 23.4857 21.8736 1
34 21.792 24.1133 22.6382 21.0838 1
35 21.9537 24.2922 22.8061 21.2403 1
36 21.4305 23.6868 22.2692 20.7577 1
37 21.5274 23.8115 22.3656 20.8358 1
38 21.0676 23.2221 21.9076 20.4631 1
39 21.0093 23.1358 21.8524 20.4263 1
40 6.27884 6.94244 6.52843 6.07315 1
41 6.3494 7.02054 6.6017 6.14143 1
42 5.57282 6.16097 5.79525 5.39 1
43 5.47433 6.05196 5.69297 5.29469 1
44 4.83197 5.34096 5.02591 4.67314 1
45 4.76579 5.26771 4.95718 4.60911 1
46 4.00526 4.42591 4.1674 3.87321 1
47 2.23052 2.46152 2.3244 2.15595 1
48 1.71105 1.88655 1.78497 1.65331 1
49 1.5424 1.69987 1.60983 1.49012 1
50 1.0661 1.17267 1.1152 1.02924 1
51 1.0661 1.17267 1.1152 1.02924 1
