0 13.8205 15.0872 13.2828 14.1584 1
1 13.7768 15.0354 13.2666 14.1062 1
2 13.7046 14.9402 13.2441 14.0 1
3 14.1708 15.4414 13.7423 14.4842 1
4 14.1142 15.3549 13.7258 14.3897 1
5 14.0323 15.2555 13.6677 14.2867 1
6 14.1454 15.3637 13.8094 14.3846 1
7 17.3018 18.6257 16.6582 17.4233 1
8 17.165 18.464 16.5354 17.2613 1
9 17.1429 18.4337 16.5143 17.2294 1
10 16.792 18.0279 16.1832 16.8237 1
11 17.6455 18.9138 16.9487 17.6591 1
12 17.4632 18.699 16.79 17.4452 1
13 17.5503 18.7853 16.8645 17.5241 1
14 17.5497 18.7649 16.8593 17.4953 1
15 21.3438 22.7719 20.2583 21.293 1
16 21.1397 22.5474 20.082 21.0771 1
17 21.0065 22.3952 19.9516 20.9237 1
18 20.9501 22.3226 19.8993 20.8461 1
19 22.6212 24.1011 21.446 22.5539 1
20 21.9294 23.3555 20.8349 21.8401 1
21 21.952 23.3763 20.852 21.858 1
22 21.6856 23.0902 20.6221 21.5845 1
23 28.8189 30.7412 27.4838 28.8726 1
24 28.4339 30.3287 27.1488 28.4762 1
25 28.6558 30.5661 27.3516 28.7015 1
26 28.382 30.2677 27.1051 28.4081 1
27 30.6663 32.7258 29.2787 30.7722 1
28 29.8592 31.8645 28.5619 29.9479 1
29 29.9938 32.0112 28.7007 30.088 1
30 30.089 32.1209 28.811 30.1958 1
31 35.8746 38.3523 34.4073 36.154 1
32 35.3703 37.8213 33.9646 35.6509 1
33 35.444 37.905 34.047 35.7318 1
34 34.7347 37.1514 33.4027 35.0051 1
35 36.0433 38.5643 34.6965 36.3649 1
36 34.9834 37.4277 33.7234 35.2799 1
37 35.103 37.5353 33.8439 35.3882 1
38 34.064 36.3857 32.8691 34.2968 1
39 36.2128 38.5561 34.984 36.4157 1
40 8.5329 9.7148 9.17483 8.79515 1
41 8.60566 9.79401 9.25075 8.86631 1
42 8.63566 9.82971 9.28382 8.89869 1
43 8.82926 10.0809 9.50924 9.12842 1
44 8.79933 10.0523 9.48029 9.1031 1
45 8.83122 10.0934 9.51728 9.1407 1
46 8.77929 10.0393 9.46446 9.09229 1
47 8.09244 9.287 8.7451 8.41606 1
48 7.96334 9.14892 8.6118 8.29225 1
49 8.171 9.34916 8.82737 8.50103 1
50 8.71796 9.87414 9.39357 9.04804 1
51 8.71796 9.87414 9.39357 9.04804 1
