0 76.3091 84.4174 77.2477 76.1791 1
1 76.2859 84.4041 77.219 76.1396 1
2 75.5888 83.636 76.5121 75.4397 1
3 75.168 83.1969 76.0748 74.9847 1
4 73.794 81.6524 74.6944 73.6451 1
5 RANDOM
6 72.3975 80.0996 73.2841 72.2612 1
7 73.105 81.1333 73.8934 72.6368 1
8 72.404 80.3408 73.1911 71.9594 1
9 72.475 80.4334 73.257 72.0118 1
10 71.1391 78.9127 71.9229 70.7344 1
11 71.0618 78.8731 71.8251 70.5966 1
12 70.2484 77.9491 71.0121 69.8165 1
13 70.3378 78.0732 71.0918 69.8725 1
14 69.3942 77.0023 70.1481 68.9659 1
15 71.3916 79.4404 72.0728 70.6593 1
16 70.7467 78.7034 71.43 70.0465 1
17 70.9001 78.8971 71.575 70.1679 1
18 69.8246 77.6493 70.5111 69.1706 1
19 69.7804 77.6609 70.4405 69.0466 1
20 68.8433 76.5601 69.5192 68.1956 1
21 69.1233 76.8992 69.7902 68.4364 1
22 68.0361 75.6201 68.7221 67.4515 1
23 68.9837 76.8291 69.6131 68.1861 1
24 68.6102 76.3866 69.2474 67.8517 1
25 RANDOM
26 68.1907 75.8944 68.8346 67.4697 1
27 68.6371 76.4496 69.2605 67.8348 1
28 67.8728 75.5419 68.5133 67.1536 1
29 68.1525 75.8825 68.7831 67.3917 1
30 67.2962 74.8693 67.9444 66.6236 1
31 67.7427 75.4797 68.3467 66.9159 1
32 67.1502 74.7781 67.7666 66.3852 1
33 67.2143 74.8629 67.8257 66.431 1
34 66.2744 73.7366 66.911 65.6064 1
35 66.2201 73.6932 66.8489 65.5302 1
36 65.584 72.9293 66.2306 64.9743 1
37 65.7345 73.1172 66.3739 65.0965 1
38 64.7498 71.9327 65.4176 64.2387 1
39 64.1422 71.2491 64.8074 63.647 1
40 45.4159 50.5574 45.8408 44.9175 1
41 45.5125 50.6684 45.9369 45.0086 1
42 44.6712 49.6514 45.122 44.2823 1
43 44.3808 49.3245 44.8304 43.9997 1
44 43.8397 48.6706 44.303 43.5284 1
45 43.7196 48.5089 44.1537 43.3962 1
46 42.9541 47.5655 43.387 42.718 1
47 41.4796 45.8277 42.0129 41.4778 1
48 41.0225 45.2828 41.57 41.077 1
49 40.8595 45.0782 41.4014 40.9287 1
50 40.3709 44.4844 40.9252 40.5057 1
51 40.3709 44.4844 40.9252 40.5057 1
