0 34.697 38.0323 36.8043 35.9684 1
1 34.6537 38.0046 36.7632 35.9095 1
2 34.1759 37.4928 36.2595 35.4057 1
3 33.8156 37.1342 35.8864 35.0066 1
4 32.9531 36.1555 34.9635 34.1357 1
5 32.9467 36.1736 34.963 34.1114 1
6 32.1529 35.2767 34.1145 33.3072 1
7 32.4081 35.8593 34.4603 33.359 1
8 31.9696 35.3522 33.9887 32.923 1
9 31.9652 35.3607 33.9874 32.909 1
10 31.3255 34.618 33.2987 32.2748 1
11 31.2837 34.6218 33.2667 32.1967 1
12 30.8079 34.063 32.7528 31.7294 1
13 30.8057 34.0896 32.7577 31.7069 1
14 30.3803 33.5998 32.3007 31.2822 1
15 31.6568 35.269 33.7215 32.4162 1
16 31.2649 34.8015 33.2964 32.0365 1
17 31.2991 34.86 33.338 32.0572 1
18 30.8816 34.3521 32.8827 31.6597 1
19 30.9445 34.4947 32.9677 31.6732 1
20 RANDOM
21 30.4943 33.941 32.4753 31.2485 1
22 30.0978 33.4297 32.0358 30.8914 1
23 31.2799 34.8805 33.3279 32.0082 1
24 31.0438 34.5735 33.0655 31.7971 1
25 31.2496 34.8349 33.2927 31.9854 1
26 30.9738 34.4749 32.9859 31.7399 1
27 31.3688 34.9778 33.4222 32.1005 1
28 30.9167 34.3951 32.921 31.6928 1
29 31.1181 34.6447 33.1418 31.8815 1
30 30.7681 34.2021 32.756 31.5599 1
31 31.5102 35.1313 33.5717 32.248 1
32 31.1399 34.6596 33.1627 31.9104 1
33 31.19 34.725 33.2184 31.9549 1
34 30.7164 34.1207 32.695 31.5237 1
35 30.7733 34.2049 32.7608 31.5674 1
36 30.3721 33.6882 32.3162 31.2054 1
37 30.4746 33.8197 32.4296 31.2981 1
38 29.9364 33.1337 31.835 30.8075 1
39 29.795 32.9556 31.6793 30.6772 1
40 11.3807 12.8887 12.1803 11.5011 1
41 11.4329 12.9478 12.2361 11.5538 1
42 10.6246 12.0319 11.3714 10.7367 1
43 10.5044 11.8957 11.2429 10.6152 1
44 9.82943 11.1309 10.5209 9.93283 1
45 RANDOM
46 8.95883 10.1444 9.58959 9.05272 1
47 7.67477 8.5815 8.18927 7.83042 1
48 7.30606 8.12956 7.78638 7.48167 1
49 7.20173 7.99564 7.67088 7.38722 1
50 6.905 7.62224 7.34424 7.11336 1
51 6.905 7.62224 7.34424 7.11336 1
