0 17.3513 18.0138 17.559 16.6283 1
1 17.0246 17.7107 17.233 16.2717 1
2 16.3603 17.0314 16.5482 15.6218 1
3 15.96 16.647 16.1385 15.2056 1
4 15.7226 16.3671 15.8786 15.0197 1
5 15.4289 16.1072 15.5883 14.6842 1
6 15.1909 15.8072 15.3206 14.5217 1
7 15.7627 16.4149 15.9221 15.0956 1
8 15.7583 16.3923 15.9043 15.1104 1
9 15.8334 16.4767 15.9848 15.1758 1
10 15.6899 16.283 15.8069 15.0856 1
11 15.9477 16.5464 16.0635 15.3378 1
12 15.6339 16.2089 15.7386 15.0487 1
13 15.8625 16.4459 15.9687 15.2688 1
14 15.1203 15.6765 15.2217 14.5544 1
15 17.0865 17.7257 17.2086 16.4352 1
16 16.9111 17.5329 17.0239 16.2781 1
17 17.2437 17.8801 17.3603 16.5956 1
18 16.2408 16.838 16.3493 15.6329 1
19 16.6763 17.2895 16.7875 16.0521 1
20 15.9051 16.4901 16.0115 15.3098 1
21 16.3099 16.9096 16.4188 15.6994 1
22 15.3082 15.8712 15.4108 14.7352 1
23 16.5123 17.1195 16.6225 15.8942 1
24 16.2077 16.8037 16.316 15.601 1
25 16.6878 17.3014 16.7991 16.0631 1
26 15.8222 16.4041 15.9281 15.23 1
27 16.4758 17.0816 16.5858 15.8591 1
28 15.7654 16.3452 15.8709 15.1753 1
29 16.1823 16.7774 16.2904 15.5766 1
30 15.3003 15.863 15.4028 14.7276 1
31 16.0952 16.6871 16.2028 15.4928 1
32 15.6023 16.1762 15.7068 15.0184 1
33 15.8448 16.4276 15.9509 15.2518 1
34 14.7277 15.2695 14.8267 14.1765 1
35 14.7868 15.3307 14.8861 14.2334 1
36 14.2243 14.7476 14.3201 13.6919 1
37 14.4995 15.0329 14.597 13.9568 1
38 13.3991 13.8923 13.4898 12.8977 1
39 13.1175 13.6003 13.2063 12.6266 1
40 -0.214619 -0.0433285 -0.255381 -0.548859 1
41 -0.227053 -0.0475565 -0.270129 -0.577618 1
42 -0.261049 -0.0591162 -0.310454 -0.656248 1
43 -0.312116 -0.0764808 -0.371028 -0.774363 1
44 RANDOM
45 -0.347015 -0.0883476 -0.412424 -0.855082 1
46 -0.361063 -0.0931242 -0.429086 -0.887572 1
47 -0.334002 -0.0839228 -0.396988 -0.824984 1
48 -0.332505 -0.0834135 -0.395212 -0.82152 1
49 -0.339766 -0.0858826 -0.403825 -0.838315 1
50 -0.341162 -0.0863574 -0.405481 -0.841544 1
51 -0.341162 -0.0863574 -0.405481 -0.841544 1
