0 36.2207 37.8222 36.0048 37.4166 1
1 36.2543 37.8973 36.0234 37.4332 1
2 35.1976 36.8134 34.9713 36.335 1
3 35.1123 36.7815 34.871 36.2204 1
4 34.0873 35.7012 33.8611 35.1673 1
5 34.3816 36.057 34.1269 35.4499 1
6 32.6546 34.2178 32.4365 33.683 1
7 29.9356 31.6877 29.1364 30.6026 1
8 29.3737 31.1008 28.5623 30.0203 1
9 RANDOM
10 RANDOM
11 27.0122 28.6362 26.0865 27.5396 1
12 26.1575 27.7107 25.2252 26.6611 1
13 25.963 27.5439 24.9684 26.4277 1
14 24.959 26.437 23.994 25.41 1
15 24.7575 26.356 23.3178 24.9476 1
16 24.5152 26.0718 23.0803 24.6934 1
17 24.5797 26.153 23.0658 24.7112 1
18 23.9295 25.3702 22.5528 24.111 1
19 23.9564 25.4043 22.4648 24.0553 1
20 23.6447 25.0212 22.2324 23.7764 1
21 23.7677 25.1707 22.285 23.8604 1
22 23.318 24.6216 22.0029 23.4886 1
23 22.6038 23.736 20.8899 22.539 1
24 22.5021 23.6003 20.7988 22.441 1
25 22.6482 23.7676 20.8639 22.5416 1
26 22.2606 23.2858 20.6207 22.2263 1
27 22.3647 23.4174 20.6137 22.2684 1
28 22.0513 23.0294 20.3728 21.9889 1
29 22.1215 23.0979 20.3611 22.0121 1
30 21.6503 22.5542 20.0522 21.6221 1
31 20.862 21.6198 18.9597 20.6504 1
32 20.6013 21.312 18.7407 20.4087 1
33 20.5365 21.2365 18.6145 20.3066 1
34 20.0791 20.7071 18.3723 19.9638 1
35 19.8322 20.4169 18.0723 19.6811 1
36 19.5807 20.1281 17.8953 19.4703 1
37 19.519 20.0546 17.7695 19.3706 1
38 19.1957 19.6927 17.6778 19.1734 1
39 18.2976 18.6849 16.7287 18.2379 1
40 8.81475 8.95312 8.17508 8.61716 1
41 8.88879 9.04004 8.24689 8.6924 1
42 7.93459 7.95957 7.33246 7.73261 1
43 7.68105 7.6909 7.09463 7.48217 1
44 7.2273 7.18186 6.66111 7.02694 0
45 6.50024 6.38585 5.97197 6.30241 0
