0 36.078 38.4072 36.3799 36.1472 1
1 36.0067 38.3823 36.3144 36.0723 1
2 35.1135 37.4257 35.3857 35.1725 1
3 34.9755 37.3281 35.2359 35.0202 1
4 RANDOM
5 34.2281 36.5588 34.4622 34.261 1
6 32.2707 34.4087 32.4666 32.3114 1
7 29.3676 31.6914 29.1943 29.1124 1
8 28.7459 31.0231 28.551 28.4823 1
9 28.6098 30.9117 28.3903 28.3239 1
10 26.9257 29.0232 26.6886 26.6626 1
11 26.1124 28.2132 25.7928 25.787 1
12 25.1367 27.1324 24.786 24.8043 1
13 24.9132 26.9334 24.5288 24.5478 1
14 23.7323 25.5997 23.3267 23.3763 1
15 22.7874 24.8386 22.0879 22.1811 1
16 22.287 24.2855 21.5685 21.6759 1
17 21.9777 24.0016 21.2071 21.3224 1
18 21.162 23.0026 20.4306 20.5707 1
19 20.6386 22.489 19.8123 19.9768 1
20 20.2537 22.0066 19.454 19.6316 1
21 20.1465 21.938 19.3049 19.4861 1
22 19.8272 21.4675 19.0617 19.2551 1
23 17.5501 18.9767 16.5078 16.7284 1
24 17.404 18.785 16.3603 16.5867 1
25 17.4419 18.8476 16.3523 16.5828 1
26 17.1376 18.4217 16.1155 16.3557 1
27 17.0881 18.4007 16.0061 16.2442 1
28 16.7004 17.901 15.6429 15.8887 1
29 16.6163 17.8095 15.5083 15.7612 1
30 RANDOM
31 20.4304 21.9691 19.64 19.8107 1
32 16.2886 17.3537 15.3714 15.6139 1
