0 23.3287 25.8505 24.1625 23.9563 1
1 23.214 25.7453 24.0485 23.8348 1
2 22.7173 25.218 23.5378 23.3211 1
3 22.5468 25.0544 23.3743 23.1408 1
4 21.9244 24.3013 22.727 22.511 1
5 21.7535 24.1483 22.5537 22.3299 1
6 21.2393 23.5348 22.0203 21.8082 1
7 20.0906 22.8057 20.8568 20.548 1
8 19.7329 22.3716 20.4815 20.1866 1
9 19.6426 22.2873 20.3888 20.0916 1
10 19.0779 21.6233 19.7957 19.5181 1
11 18.8856 21.4977 19.601 19.3076 1
12 18.5318 21.0506 19.228 18.9528 1
13 18.4189 20.9655 19.1141 18.8309 1
14 18.1104 20.5988 18.7914 18.518 1
15 18.7104 21.6672 19.4382 19.0736 1
16 18.3479 21.2311 19.0627 18.7063 1
17 18.2703 21.1681 18.9799 18.6237 1
18 18.0038 20.8234 18.6996 18.3575 1
19 18.5294 21.4376 19.253 18.8916 1
20 18.0382 20.8009 18.7392 18.401 1
21 17.9931 20.7897 18.6949 18.3489 1
22 17.9458 20.6241 18.6375 18.3174 1
23 19.2273 22.2344 19.9793 19.6046 1
24 18.9767 21.9075 19.7152 19.3548 1
25 19.0658 22.0533 19.8108 19.4392 1
26 18.9133 21.8189 19.644 19.293 1
27 19.6047 22.6414 20.3754 19.9932 1
28 19.3354 22.2186 20.0859 19.7356 1
29 19.4513 22.3806 20.208 19.8496 1
30 19.4181 22.2562 20.1689 19.8285 1
31 20.6668 23.7428 21.4875 21.0932 1
32 20.6039 23.5576 21.4155 21.0459 1
33 20.6315 23.5884 21.4446 21.0742 1
34 20.3574 23.1801 21.1487 20.809 1
35 20.6074 23.469 21.4153 21.0632 1
36 20.3983 23.1188 21.188 20.8666 1
37 20.4868 23.2332 21.2822 20.9549 1
38 20.1946 22.7802 20.9671 20.6746 1
39 20.6077 23.1522 21.3993 21.1106 1
40 2.04002 2.25266 2.14439 2.0921 1
41 1.9377 2.15308 2.03552 1.98539 1
42 1.26526 1.37681 1.33698 1.29952 1
43 1.34678 1.44628 1.42509 1.3858 1
44 0.784835 0.783453 0.843288 0.814427 2
45 1.55034 1.80405 1.6195 1.57786 1
