0 61.1384 62.0631 61.8557 60.0361 1
1 60.8941 61.7837 61.5801 59.7622 1
2 58.3005 59.2167 58.9621 57.2352 1
3 RANDOM
4 56.7277 57.6307 57.3481 55.6713 1
5 57.7575 58.614 58.3505 56.6312 1
6 53.5324 54.4776 54.1255 52.5627 1
7 49.3763 50.3196 49.5527 48.138 1
8 49.1697 50.1131 49.3129 47.906 1
9 49.1429 50.0708 49.2375 47.8298 1
10 45.7891 46.7964 45.9179 44.6352 1
11 44.6234 45.6346 44.6809 43.4393 1
12 43.8475 44.8727 43.8699 42.6577 1
13 43.5701 44.5664 43.5294 42.3222 1
14 41.2149 42.2745 41.2075 40.0893 1
15 40.925 41.7542 40.6498 39.5017 1
16 40.8407 41.624 40.5294 39.3757 1
17 40.9981 41.6854 40.6037 39.4275 1
18 39.3077 40.1276 39.0615 37.9635 1
19 38.986 39.7067 38.6651 37.5593 1
20 38.7987 39.5184 38.4812 37.3813 1
21 39.0663 39.7098 38.6796 37.5573 1
22 37.878 38.6929 37.6602 36.607 1
23 36.0263 36.4677 35.5413 34.4797 1
24 36.0621 36.4399 35.5236 34.4493 1
25 36.123 36.4074 35.5058 34.4126 1
26 35.3303 35.7962 34.8814 33.8465 1
27 35.2465 35.648 34.7462 33.7023 1
28 34.8498 35.2372 34.3468 33.3131 1
29 34.8224 35.1028 34.2314 33.1792 1
30 34.0055 34.4813 33.5949 32.6042 1
31 32.5576 32.7701 31.9619 30.9698 1
32 32.2619 32.4354 31.6406 30.6509 1
33 31.9907 32.0686 31.2964 30.2981 1
34 31.5427 31.8876 31.0797 30.1442 1
35 31.1866 31.4779 30.6873 29.7534 1
36 30.9632 31.2553 30.4696 29.5431 1
37 30.735 30.9285 30.1649 29.2278 1
38 30.5521 31.0318 30.2232 29.3438 1
39 29.2755 29.6758 28.9098 28.057 1
40 10.6552 10.6999 10.4181 10.097 1
41 10.7281 10.7727 10.4893 10.1658 1
42 9.54161 9.58668 9.33015 9.04475 1
43 9.02767 9.07294 8.82804 8.55913 1
44 8.77298 8.81835 8.57923 8.31849 1
45 8.62461 8.67004 8.43428 8.1783 1
46 7.87922 7.92493 7.70605 7.474 1
47 7.45567 7.50154 7.29226 7.0738 1
48 7.34456 7.39048 7.18372 6.96882 1
49 7.21391 7.25988 7.05607 6.84537 1
50 6.94958 7.01797 6.81632 6.61814 1
51 RANDOM
