0 30.1231 31.1914 30.6427 29.6645 1
1 30.0744 31.156 30.6039 29.6282 1
2 29.779 30.8661 30.3156 29.3502 1
3 29.9443 31.069 30.5203 29.5481 1
4 29.494 30.544 30.0534 29.0852 1
5 29.3502 30.4036 29.9132 28.9502 1
6 29.1179 30.136 29.679 28.7172 1
7 32.0736 33.4213 32.7774 31.7576 1
8 32.2105 33.51 32.9372 31.8868 1
9 32.2285 33.525 32.9564 31.9044 1
10 31.7707 33.0014 32.471 31.4276 1
11 32.6508 33.9371 33.3924 32.3198 1
12 32.3437 33.5602 33.0632 31.9917 1
13 32.4935 33.7267 33.2234 32.1478 1
14 32.4093 33.6104 33.1323 32.0544 1
15 35.5654 37.1361 36.3865 35.2762 1
16 35.8153 37.3263 36.6729 35.5178 1
17 35.8576 37.365 36.719 35.5595 1
18 35.9695 37.4285 36.8466 35.6606 1
19 37.2788 38.8178 38.2138 36.9865 1
20 36.4358 37.8446 37.3251 36.1087 1
21 RANDOM
22 36.147 37.4897 37.0148 35.7995 1
23 41.9796 43.5235 43.0679 41.6353 1
24 41.557 43.0329 42.6182 41.1924 1
25 41.9397 43.4429 43.0176 41.58 1
26 41.5357 42.9774 42.5862 41.1562 1
27 43.2682 44.811 44.3996 42.9104 1
28 42.3238 43.7454 43.403 41.9338 1
29 42.6835 44.1128 43.7752 42.2917 1
30 42.3661 43.7473 43.4407 41.9623 1
31 46.6243 48.1667 47.8756 46.238 1
32 45.8863 47.3469 47.1004 45.4803 1
33 45.9735 47.4275 47.1903 45.565 1
34 45.0307 46.3931 46.1984 44.5986 1
35 45.9133 47.2958 47.122 45.4854 1
36 44.7462 46.0239 45.8979 44.2939 1
37 45.0058 46.289 46.1685 44.5538 1
38 43.6835 44.8621 44.7836 43.2083 1
39 44.3986 45.5415 45.5267 43.9116 1
40 19.3828 20.1478 19.9825 19.3101 1
41 19.2626 20.0114 19.8531 19.1836 1
42 18.0896 18.7519 18.6254 17.9921 1
43 18.2302 18.8732 18.776 18.1312 1
44 17.0223 17.5785 17.5139 16.9064 1
45 16.8026 17.3373 17.2846 16.6826 1
46 15.4495 15.894 15.8724 15.3133 1
47 11.4576 11.6696 11.7171 11.2892 2
48 14.3254 14.7043 14.6967 14.1757 1
