0 11.5087 12.7124 11.6109 11.2424 1
1 11.4646 12.6636 11.5665 11.1994 1
2 11.1848 12.3546 11.2847 10.9262 1
3 11.0649 12.2221 11.1639 10.8091 1
4 10.435 11.5262 10.5294 10.1941 1
5 10.3954 11.4825 10.4896 10.1555 1
6 9.93304 10.9716 10.0238 9.70403 1
7 10.1547 11.3034 10.2409 9.87317 1
8 10.2536 11.3716 10.3434 9.99205 1
9 10.2453 11.3604 10.3352 9.98501 1
10 RANDOM
11 10.3543 11.4455 10.4476 10.1108 1
12 10.0402 11.0901 10.1318 9.80869 1
13 10.0962 11.1519 10.1882 9.86334 1
14 9.8344 10.8627 9.92448 9.60772 1
15 10.6097 11.8215 10.6982 10.3091 1
16 10.7595 11.9407 10.8523 10.4805 1
17 10.735 11.9174 10.8273 10.4545 1
18 10.887 12.0435 10.9834 10.6256 1
19 11.1112 12.3135 11.2077 10.8324 1
20 RANDOM
21 10.9905 12.1399 11.089 10.7365 1
22 10.6084 11.7178 10.7041 10.3634 1
23 12.0728 13.3563 12.1776 11.7819 1
24 11.9547 13.2051 12.0601 11.6778 1
25 12.1861 13.4608 12.2932 11.9038 1
26 11.9049 13.1501 12.01 11.6293 1
27 12.4177 13.7299 12.5256 12.1227 1
28 11.9392 13.188 12.0445 11.6628 1
29 12.0989 13.3341 12.1987 11.8156 1
30 11.8092 13.0099 11.9061 11.5324 1
31 12.7951 13.8755 12.8503 12.4726 1
32 12.3421 13.3731 12.3936 12.0302 1
33 RANDOM
34 11.8066 12.7504 11.8474 11.5042 1
35 11.9266 12.8337 11.9575 11.6165 1
36 11.3887 12.2396 11.4158 11.0913 1
37 11.4653 12.2984 11.4873 11.1635 1
38 10.8754 11.6656 10.8973 10.5895 1
39 10.715 11.3904 10.7143 10.423 1
40 0.0506195 0.0538699 0.0699158 0.0553051 2
41 0.0506195 0.0538699 0.0699158 0.0553051 2
