0 15.1037 16.4986 15.8917 15.2657 1
1 15.0338 16.4222 15.8183 15.1952 1
2 14.8039 16.1709 15.5767 14.963 1
3 14.7776 16.1422 15.5491 14.9365 1
4 14.2298 15.5433 14.9735 14.3833 1
5 14.0885 15.3889 14.8251 14.2407 1
6 13.7999 15.0735 14.522 13.9494 1
7 16.1241 17.614 16.9637 16.296 1
8 RANDOM
9 15.7847 17.243 16.6071 15.9533 1
10 15.391 16.8126 16.1935 15.5558 1
11 15.898 17.3669 16.7262 16.0677 1
12 15.5051 16.9374 16.3134 15.671 1
13 15.5756 17.0145 16.3875 15.7422 1
14 15.4395 16.8656 16.2444 15.6047 1
15 RANDOM
16 18.0953 19.7686 19.0346 18.2862 1
17 RANDOM
18 17.833 19.4819 18.759 18.0214 1
19 18.6558 20.3813 19.6234 18.8521 1
20 17.8137 19.4609 18.7388 18.0019 1
21 17.8866 19.5405 18.8153 18.0754 1
22 17.4732 19.0886 18.381 17.6581 1
23 RANDOM
24 20.1607 22.0263 21.2044 20.3716 1
25 20.3865 22.2731 21.4417 20.5995 1
26 20.0784 21.9363 21.118 20.2885 1
27 21.1353 23.0916 22.2283 21.3555 1
28 20.5141 22.3584 21.5549 20.7042 1
29 20.6934 22.5377 21.7368 20.8778 1
30 20.5947 22.4017 21.6223 20.7656 1
31 23.2264 25.1864 24.3518 23.3817 1
32 22.7919 24.6693 23.8791 22.9241 1
33 22.8252 24.6931 23.9092 22.9521 1
34 22.3508 24.1353 23.3957 22.4556 1
35 22.8228 24.6232 23.8808 22.9197 1
36 22.1294 23.8245 23.1366 22.2014 1
37 22.2355 23.9304 23.2442 22.304 1
38 21.544 23.1447 22.5063 21.5925 1
39 22.0067 23.5697 22.9613 22.0236 1
40 3.16917 3.45338 3.35359 3.21598 1
41 3.04773 3.32064 3.22601 3.09336 1
42 2.34227 2.54952 2.48487 2.38109 1
43 2.30674 2.51069 2.44755 2.34522 1
44 1.49847 1.6272 1.5984 1.52915 1
45 1.31034 1.42156 1.40076 1.3392 1
46 0.475689 0.509228 0.523894 0.496493 2
47 3.33652 3.63631 3.5294 3.38494 1
