0 9.46034 10.4309 9.42622 9.12696 1
1 8.92053 9.83115 8.8833 8.58282 1
2 8.33134 9.18331 8.28979 7.99265 1
3 8.43016 9.32819 8.37027 8.06511 1
4 9.28438 10.2974 9.22677 8.93774 1
5 8.86418 9.83355 8.80237 8.51132 1
6 9.30165 10.3284 9.24374 8.96573 1
7 8.72771 9.77515 8.60063 8.25461 1
8 8.84856 9.88746 8.7397 8.41219 1
9 8.85001 9.88782 8.74223 8.41593 1
10 8.92566 9.94771 8.83835 8.53405 1
11 9.02932 10.0664 8.93817 8.62741 1
12 9.19386 10.2226 9.12466 8.83584 1
13 9.19403 10.2254 9.1225 8.831 1
14 9.29898 10.3252 9.2413 8.96362 1
15 9.46203 10.585 9.33457 8.97359 1
16 9.62833 10.745 9.5212 9.18025 1
17 9.61689 10.7344 9.50798 9.16522 1
18 9.78275 10.8962 9.69214 9.3671 1
19 10.0547 11.2066 9.95489 9.6139 1
20 10.237 11.3701 10.1697 9.86254 1
21 10.2297 11.3669 10.1583 9.84642 1
22 10.4085 11.5392 10.3588 10.0683 1
23 11.1574 12.41 11.0681 10.7174 1
24 11.269 12.5128 11.1974 10.8647 1
25 11.2927 12.5483 11.2129 10.8704 1
26 11.3882 12.6369 11.3229 10.9951 1
27 11.5316 12.8187 11.4457 11.0913 1
28 11.702 12.971 11.6469 11.3247 1
29 11.8039 13.0884 11.7445 11.4152 1
30 11.9108 13.1883 11.867 11.5536 1
31 12.4054 13.7699 12.3299 11.9703 1
32 12.5189 13.8693 12.4656 12.1293 1
33 12.5603 13.9131 12.5087 12.1734 1
34 12.6141 13.9476 12.5842 12.2728 1
35 12.7029 14.0501 12.6688 12.3509 1
36 12.6378 13.9563 12.6231 12.3285 1
37 12.7563 14.0873 12.7413 12.4441 1
38 12.0946 13.3561 12.081 11.7986 1
39 12.0436 13.2998 12.0301 11.7489 1
40 0.0535786 0.0530632 0.0666073 0.0529798 2
41 0.0497691 0.0490167 0.0626648 0.04896 2
