0 50.3487 54.9006 53.7458 51.6173 1
1 50.4055 54.9537 53.7664 51.6414 1
2 48.4775 52.9633 51.7468 49.6977 1
3 48.0091 52.4535 51.2201 49.1948 1
4 47.0596 51.4416 50.2231 48.2358 1
5 47.7231 52.1387 50.8746 48.8674 1
6 45.239 49.4608 48.296 46.384 1
7 45.0044 48.9927 47.6104 45.773 1
8 44.7769 48.7338 47.3461 45.5216 1
9 45.0636 49.0154 47.5874 45.7603 1
10 42.8439 46.6413 45.3219 43.5741 1
11 42.5154 46.2445 44.8934 43.1711 1
12 41.9735 45.6515 44.3128 42.614 1
13 42.096 45.7496 44.37 42.6769 1
14 40.605 44.159 42.8568 41.2157 1
15 41.2696 44.7029 43.1921 41.5782 1
16 40.9891 44.3863 42.8718 41.273 1
17 41.247 44.6136 43.0353 41.4421 1
18 RANDOM
19 39.4911 42.7404 41.2531 39.7211 1
20 39.1243 42.3618 40.9071 39.384 1
21 39.4203 42.6381 41.1262 39.6049 1
22 RANDOM
23 37.0307 39.984 38.4856 37.0796 1
24 36.9958 39.9321 38.4201 37.0198 1
25 37.1836 40.085 38.5133 37.1209 1
26 36.3834 39.3121 37.8671 36.4779 1
27 36.4335 39.3233 37.8312 36.4531 1
28 36.0249 38.9005 37.4432 36.0755 1
29 36.1186 38.9518 37.4384 36.0822 1
30 35.2961 38.1587 36.7769 35.4237 1
31 34.0759 36.7132 35.243 33.9763 1
32 33.7804 36.3913 34.9294 33.675 1
33 33.6449 36.1998 34.6955 33.4601 1
34 33.0154 35.6422 34.2907 33.0425 1
35 32.6797 35.2599 33.9004 32.6713 1
36 32.432 35.0104 33.6793 32.4543 1
37 32.3401 34.8637 33.4861 32.2791 1
38 31.8949 34.5124 33.2883 32.0591 1
39 30.6843 33.1781 31.9715 30.7976 1
40 13.3924 14.3807 13.702 13.2379 1
41 13.5448 14.5437 13.8577 13.3881 1
42 12.2386 13.1458 12.5227 12.1001 1
43 11.7755 12.6501 12.0494 11.6434 1
44 11.3945 12.2423 11.6599 11.2676 1
45 11.2824 12.1224 11.5455 11.1572 1
46 10.4402 11.221 10.6847 10.3266 1
47 9.87998 10.6637 10.1991 9.84826 1
48 9.81639 10.6106 10.1647 9.81159 1
49 9.77696 10.5756 10.1393 9.78545 1
50 10.0369 10.9412 10.5846 10.1947 1
51 10.0369 10.9412 10.5846 10.1947 1
