0 32.111 33.3935 33.196 31.9498 1
1 32.1371 33.4302 33.2155 31.9548 1
2 31.4422 32.7124 32.4912 31.2441 1
3 31.1681 32.4432 32.1967 30.9414 1
4 RANDOM
5 30.4735 31.7259 31.473 30.2327 1
6 29.392 30.5901 30.3612 29.1715 1
7 29.4556 30.7949 30.339 29.0062 1
8 29.0209 30.3366 29.8933 28.5829 1
9 29.1033 30.433 29.9715 28.6471 1
10 28.2227 29.4976 29.073 27.8007 1
11 28.1228 29.4186 28.9544 27.662 1
12 27.6157 28.8811 28.4364 27.1731 1
13 27.6803 28.9652 28.4924 27.2094 1
14 27.0869 28.3359 27.8869 26.6393 1
15 28.2538 29.6661 29.026 27.6346 1
16 27.8783 29.2651 28.6448 27.2794 1
17 27.9687 29.3792 28.7254 27.3359 1
18 27.3315 28.6848 28.0868 26.7542 1
19 27.4248 28.8156 28.1663 26.8081 1
20 26.9184 28.2559 27.6633 26.3569 1
21 27.1009 28.4666 27.8391 26.5055 1
22 26.5634 27.8644 27.3107 26.0413 1
23 RANDOM
24 26.6529 28.0249 27.349 25.9759 1
25 26.905 28.3104 27.5953 26.1904 1
26 26.4546 27.8079 27.1503 25.7944 1
27 26.7773 28.1744 27.4655 26.0691 1
28 26.3288 27.6766 27.02 25.6677 1
29 26.5394 27.9162 27.2249 25.8443 1
30 26.0485 27.3697 26.7387 25.4092 1
31 26.1879 27.5754 26.8372 25.4211 1
32 25.8579 27.2079 26.5105 25.1288 1
33 25.92 27.2865 26.5648 25.1637 1
34 25.3234 26.617 25.9771 24.6429 1
35 25.2499 26.5517 25.892 24.5438 1
36 RANDOM
37 24.9824 26.2604 25.6206 24.2872 1
38 24.4288 25.6321 25.0806 23.8186 1
39 24.0104 25.1955 24.6399 23.3703 1
40 8.47235 8.98253 8.49159 7.54192 1
41 8.57358 9.08981 8.59314 7.63243 1
42 7.62793 8.09479 7.61774 6.69086 1
43 7.41821 7.87537 7.39678 6.46536 1
44 6.83754 7.26429 6.79816 5.88835 1
45 6.77626 7.20028 6.73321 5.82107 1
46 5.98393 6.36605 5.91793 5.03922 1
47 4.59616 4.9028 4.49776 3.6978 1
48 4.18906 4.47375 4.08044 3.30176 1
49 4.04143 4.31847 3.92791 3.15385 1
50 3.5508 3.80163 3.4241 2.67341 1
51 3.5508 3.80163 3.4241 2.67341 1
