0 22.2934 24.3219 23.2164 22.0408 1
1 22.2482 24.2942 23.1603 21.9675 1
2 21.7409 23.7571 22.6252 21.444 1
3 21.4233 23.4462 22.2793 21.0823 1
4 20.7008 22.636 21.5364 20.3969 1
5 20.686 22.647 21.5095 20.3463 1
6 19.9878 21.8657 20.7909 19.6817 1
7 20.1066 22.239 20.8113 19.475 1
8 19.6641 21.7494 20.3535 19.0464 1
9 19.7637 21.8596 20.4566 19.1429 1
10 19.0452 21.0647 19.7132 18.4469 1
11 19.2489 21.2901 19.9239 18.6442 1
12 18.7248 20.7102 19.3817 18.1365 1
13 18.8907 20.8938 19.5533 18.2973 1
14 18.4346 20.3891 19.0814 17.8555 1
15 20.6736 22.8664 21.398 20.0242 1
16 20.2127 22.3564 20.9211 19.5778 1
17 20.3939 22.5569 21.1086 19.7533 1
18 19.7864 21.8847 20.48 19.1648 1
19 20.237 22.3833 20.9462 19.6013 1
20 19.4349 21.4958 20.1163 18.8244 1
21 19.6962 21.7849 20.3867 19.0774 1
22 RANDOM
23 20.6961 22.8912 21.4213 20.046 1
24 20.3026 22.4559 21.0142 19.6649 1
25 20.6982 22.8935 21.4234 20.048 1
26 20.1596 22.2976 20.8662 19.5263 1
27 20.8072 23.0142 21.5362 20.1536 1
28 20.0685 22.1969 20.7719 19.4381 1
29 20.4164 22.5818 21.1319 19.7751 1
30 19.8332 21.9366 20.5285 19.2102 1
31 20.9973 23.2245 21.7329 20.3378 1
32 20.4234 22.5896 21.1392 19.7819 1
33 20.5711 22.7529 21.2919 19.9249 1
34 19.7587 21.8541 20.4514 19.138 1
35 19.9123 22.0241 20.6103 19.2868 1
36 19.2692 21.3125 19.9449 18.6639 1
37 19.4814 21.5473 20.1645 18.8694 1
38 18.5851 20.5556 19.2371 18.0012 1
39 18.4385 20.3934 19.0854 17.8592 1
40 4.55456 5.03219 4.72028 4.41079 1
41 4.64782 5.13537 4.81677 4.50112 1
42 3.87541 4.28077 4.01759 3.75294 1
43 3.80365 4.20138 3.94335 3.68343 1
44 3.18156 3.5131 3.2997 3.08086 1
45 3.12722 3.45297 3.24347 3.02822 1
46 2.38488 2.63165 2.4754 2.30917 1
47 0.699411 0.766837 0.731516 0.676567 1
48 0.199536 0.213773 0.214316 0.192372 2
49 1.77855 1.9608 1.84806 1.72186 1
