0 33.6307 35.4975 31.8801 32.0751 1
1 33.3631 35.2122 31.6442 31.8053 1
2 32.6586 34.4406 30.9968 31.0929 1
3 RANDOM
4 33.0519 35.064 31.8533 31.8226 1
5 32.8471 34.8565 31.7337 31.6696 1
6 32.8757 34.9385 31.9198 31.8122 1
7 32.3984 35.1981 32.07 31.6583 1
8 32.3657 35.1625 32.1203 31.7012 1
9 32.4097 35.2264 32.2147 31.7881 1
10 31.9594 34.6919 31.826 31.3893 1
11 32.4355 35.4333 32.5318 32.0409 1
12 32.3945 35.3619 32.5761 32.0864 1
13 32.5485 35.5879 32.8262 32.3192 1
14 32.4838 35.5405 32.8514 32.3289 1
15 33.4652 37.3138 34.0333 33.3874 1
16 33.5623 37.3974 34.2036 33.5624 1
17 33.3958 37.2112 34.0728 33.4198 1
18 33.3181 37.1232 34.045 33.3899 1
19 34.7745 39.0212 35.7476 35.0726 1
20 34.6822 38.7947 35.7009 35.0515 1
21 34.7046 38.832 35.7521 35.0959 1
22 34.753 38.8344 35.8479 35.2039 1
23 RANDOM
24 38.8657 44.02 40.5249 39.8075 1
25 38.9621 44.157 40.6438 39.9193 1
26 38.6908 43.7975 40.3662 39.6483 1
27 40.4178 45.9753 42.2304 41.505 1
28 40.2277 45.6202 42.0533 41.3524 1
29 40.3919 45.7827 42.2176 41.5285 1
30 40.6174 46.0 42.4392 41.7722 1
31 44.2602 50.3197 46.0026 45.4603 1
32 RANDOM
33 44.4293 50.3937 46.1756 45.6704 1
34 44.1006 49.9274 45.8576 45.3611 1
35 45.204 51.1906 46.9562 46.492 1
36 44.855 50.6725 46.6213 46.1707 1
37 44.9982 50.8144 46.7672 46.3241 1
38 44.5757 50.2183 46.3568 45.9258 1
39 46.4413 52.2636 48.2071 47.8656 1
40 RANDOM
41 32.7256 35.3949 35.7487 34.1554 2
42 32.6019 35.2683 35.6332 34.024 2
