0 21.8827 24.0403 23.8699 21.8278 1
1 21.8202 23.9716 23.8018 21.7655 1
2 21.597 23.7263 23.5586 21.5431 1
3 21.5469 23.6713 23.504 21.4932 1
4 20.9014 22.9618 22.8005 20.8497 1
5 20.7481 22.7933 22.6334 20.6969 1
6 20.421 22.4338 22.2769 20.3709 1
7 22.834 25.0859 24.9066 22.7761 1
8 22.4745 24.6907 24.5148 22.4177 1
9 22.4186 24.6293 24.4539 22.362 1
10 21.9824 24.15 23.9786 21.9273 1
11 22.4835 24.7007 24.5247 22.4268 1
12 22.0195 24.1907 24.019 21.9642 1
13 22.0757 24.2525 24.0803 22.0203 1
14 21.914 24.0748 23.9041 21.8591 1
15 25.1175 27.5955 27.3951 25.0522 1
16 24.6727 27.1067 26.9104 24.6088 1
17 RANDOM
18 24.367 26.7707 26.5773 24.3041 1
19 25.1608 27.6432 27.4424 25.0954 1
20 24.2251 26.6147 26.4226 24.1627 1
21 24.2879 26.6838 26.491 24.2253 1
22 23.8334 26.1842 25.9957 23.7722 1
23 27.2773 29.9071 29.7226 27.1728 1
24 26.9483 29.5082 29.3482 26.8256 1
25 27.1542 29.7381 29.5741 27.0327 1
26 26.965 29.5005 29.3555 26.8288 1
27 28.0413 30.6846 30.5289 27.9022 1
28 27.373 29.8937 29.7768 27.2069 1
29 27.5237 30.0467 29.9356 27.3506 1
30 27.3996 29.8884 29.7911 27.2156 1
31 29.9891 32.6671 32.5847 29.7619 1
32 29.4798 32.0727 32.0151 29.2364 1
33 29.4883 32.0723 32.0202 29.2398 1
34 28.9687 31.4701 31.4408 28.7058 1
35 29.4084 31.9326 31.9112 29.1333 1
36 28.6381 31.052 31.0574 28.3479 2
37 29.3375 31.8779 31.8438 29.0747 1
