0 55.728 58.9109 56.7415 56.7728 1
1 55.4105 58.5838 56.4115 56.45 1
2 54.5879 57.7213 55.5714 55.6064 1
3 54.1056 57.2249 55.0654 55.0969 1
4 53.7188 56.8115 54.6758 54.6912 1
5 53.4583 56.5493 54.4004 54.4264 1
6 52.5262 55.5475 53.4645 53.4789 1
7 52.0512 55.2113 52.8271 52.7957 1
8 52.02 55.1737 52.7979 52.7551 1
9 51.9774 55.1416 52.7429 52.6997 1
10 51.1531 54.2409 51.9295 51.885 1
11 51.0536 54.1663 51.7993 51.7426 1
12 50.3842 53.4449 51.1307 51.0792 1
13 50.507 53.5964 51.2353 51.1751 1
14 49.6076 52.6246 50.3396 50.2874 1
15 51.1484 54.4077 51.7625 51.6491 1
16 50.6615 53.8812 51.2778 51.1689 1
17 50.8501 54.1069 51.4449 51.3256 1
18 49.8102 52.9589 50.4322 50.332 1
19 49.7939 52.9848 50.3749 50.2573 1
20 49.1146 52.2263 49.7216 49.6199 1
21 49.4083 52.5643 49.9944 49.8818 1
22 48.5055 51.548 49.1339 49.0457 1
23 49.1894 52.38 49.7271 49.5955 1
24 48.9382 52.0984 49.4864 49.3611 1
25 49.2736 52.4836 49.799 49.6616 1
26 48.5743 51.6937 49.135 49.0176 1
27 48.9624 52.1459 49.4905 49.3564 1
28 48.4006 51.5136 48.9547 48.8357 1
29 48.696 51.8531 49.2298 49.1001 1
30 47.9317 50.9928 48.5011 48.392 1
31 48.2256 51.3846 48.7236 48.5821 1
32 RANDOM
33 47.9243 51.0572 48.4253 48.2873 1
34 47.0502 50.0629 47.6017 47.4915 1
35 46.9802 50.001 47.519 47.4039 1
36 46.5294 49.4871 47.0954 46.995 1
37 46.6967 49.6858 47.2452 47.1361 1
38 45.8605 48.7284 46.4631 46.3831 1
39 RANDOM
40 26.7973 28.65 26.9848 26.8666 1
41 26.9209 28.7905 27.1015 26.9793 1
42 26.1952 27.9557 26.4265 26.3312 1
43 25.9378 27.6855 26.1627 26.0665 1
44 25.5314 27.2205 25.7823 25.7001 1
45 25.4931 27.179 25.7442 25.6624 1
46 24.898 26.4921 25.1931 25.1342 1
47 23.7995 25.2303 24.1697 24.1507 1
48 23.4738 24.8601 23.8625 23.8538 1
49 23.393 24.7658 23.7887 23.7834 1
50 23.0117 24.3232 23.4377 23.4482 1
51 23.0117 24.3232 23.4377 23.4482 1
