0 87.3194 91.4111 88.1953 84.6732 1
1 86.8991 90.7644 87.5305 83.9474 1
2 87.7973 91.9511 88.713 85.1908 1
3 87.6046 91.0973 87.7543 84.2374 1
4 88.4397 92.8604 89.6124 86.0949 1
5 88.5841 93.1203 89.8665 86.3656 1
6 89.1558 93.5884 90.3357 86.9603 1
7 81.5476 84.3531 80.8764 78.6551 1
8 80.7663 83.7945 80.4759 78.3786 1
9 81.6343 84.9591 81.7012 79.7008 1
10 81.7677 85.2006 82.0122 80.173 1
11 79.9175 82.8464 79.6964 78.0979 1
12 80.0528 83.3098 80.3858 78.9171 1
13 80.9733 84.3989 81.441 80.1292 1
14 81.5919 84.9176 81.8911 80.8173 1
15 76.4444 77.4014 73.9202 73.7375 1
16 77.0178 78.3043 74.9446 74.846 1
17 76.385 77.5451 74.1973 74.1656 1
18 76.8275 77.8239 74.3542 74.431 1
19 75.3985 75.5989 71.9988 72.389 1
20 75.2864 75.8849 72.4598 72.8502 1
21 75.2394 75.7712 72.3074 72.7571 1
22 76.2941 77.0438 73.506 74.0113 1
23 78.4591 78.7004 75.3711 76.7643 1
24 78.982 79.3726 76.255 77.507 1
25 79.1082 79.4076 76.264 77.5524 1
26 78.9113 79.0223 75.8628 77.231 1
27 79.5174 78.9809 75.7328 77.4041 0
28 104.327 107.155 103.87 104.049 1
