0 198.564 221.452 201.453 202.608 1
1 198.351 221.212 201.215 202.384 1
2 197.515 220.271 200.357 201.526 1
3 196.577 219.223 199.354 200.554 1
4 194.991 217.439 197.828 198.956 1
5 194.756 217.172 197.567 198.709 1
6 193.243 215.472 196.092 197.18 1
7 193.099 215.216 195.435 196.863 1
8 192.396 214.421 194.783 196.162 1
9 192.316 214.324 194.689 196.074 1
10 191.31 213.184 193.754 195.069 1
11 191.221 213.056 193.558 194.941 1
12 190.487 212.227 192.894 194.213 1
13 190.396 212.119 192.763 194.108 1
14 189.687 211.314 192.1 193.398 1
15 191.751 213.575 193.708 195.353 1
16 191.16 212.914 193.183 194.772 1
17 191.229 212.982 193.231 194.834 1
18 190.558 212.236 192.658 194.181 1
19 190.485 212.137 192.464 194.068 1
20 189.691 211.257 191.823 193.307 1
21 189.853 211.431 191.946 193.458 1
22 189.22 210.738 191.45 192.858 1
23 193.888 216.144 195.949 197.595 1
24 193.673 215.915 195.823 197.405 1
25 193.971 216.249 196.084 197.698 1
26 193.664 215.919 195.881 197.419 1
27 194.452 216.831 196.557 198.194 1
28 193.915 216.249 196.175 197.697 1
29 RANDOM
30 193.757 216.102 196.1 197.567 1
31 196.385 219.193 198.592 200.232 1
32 195.783 218.536 198.097 199.655 1
33 195.994 218.785 198.308 199.873 1
34 195.223 217.936 197.679 199.133 1
35 195.457 218.216 197.902 199.372 1
36 194.664 217.34 197.254 198.61 1
37 194.996 217.723 197.571 198.945 1
38 193.86 216.456 196.589 197.836 1
39 193.722 216.394 196.544 197.743 1
40 166.503 185.012 169.366 169.875 1
41 166.814 185.373 169.689 170.197 1
42 165.62 184.024 168.633 169.02 1
43 165.209 183.6 168.271 168.624 1
44 164.34 182.619 167.507 167.769 1
45 164.333 182.619 167.524 167.771 1
46 163.159 181.287 166.471 166.608 1
47 159.424 177.001 162.945 162.848 1
48 158.478 175.92 162.059 161.898 1
49 158.239 175.648 161.846 161.662 1
50 157.281 174.553 160.961 160.704 1
51 157.281 174.553 160.961 160.704 1
