0 19.8047 19.8278 17.6409 19.1399 1
1 19.7988 19.821 17.6548 19.1478 1
2 19.6685 19.6994 17.5699 19.0379 1
3 20.2001 20.3745 18.2275 19.5919 1
4 19.5094 19.7567 17.6495 18.9059 1
5 19.332 19.5969 17.5098 18.7364 1
6 19.1643 19.4928 17.419 18.5762 1
7 22.7733 23.6274 21.1131 22.0795 1
8 22.2485 23.1019 20.6172 21.5531 1
9 22.108 22.9552 20.4788 21.4119 1
10 21.3856 22.201 19.7676 20.6861 1
11 22.0264 22.8655 20.3502 21.2997 1
12 21.3204 22.1288 19.6593 20.5929 1
13 21.3194 22.127 19.6507 20.5872 1
14 21.0715 21.8676 19.4007 20.3344 1
15 25.4035 26.3713 23.4661 24.5619 1
16 24.7784 25.7199 22.8625 23.9413 1
17 24.5474 25.4785 22.6327 23.7077 1
18 24.2197 25.136 22.3058 23.3758 1
19 25.5334 26.5025 23.5457 24.6622 1
20 24.2093 25.1233 22.2769 23.3536 1
21 24.2147 25.1286 22.2784 23.3567 1
22 23.6267 24.5158 21.7104 22.7728 1
23 28.7149 29.8111 26.5431 27.7743 1
24 27.9733 29.0388 25.8321 27.0412 1
25 28.2074 29.2819 26.0502 27.2686 1
26 27.742 28.7963 25.5945 26.8026 1
27 29.6854 30.8214 27.4666 28.7294 1
28 28.3813 29.4635 26.2212 27.4432 1
29 RANDOM
30 28.278 29.3558 26.1208 27.3402 1
31 32.422 33.6728 30.1015 31.4417 1
32 31.5386 32.7535 29.2641 30.5744 1
33 31.4609 32.6727 29.1904 30.4981 1
34 30.5378 31.7109 28.3027 29.5839 1
35 31.3905 32.6011 29.1418 30.4403 1
36 30.0595 31.2155 27.8726 29.1288 1
37 30.0642 31.2206 27.88 29.1353 1
38 28.8698 29.9769 26.7385 27.9568 1
39 29.8627 30.9947 27.7269 28.956 1
40 7.34688 7.61324 6.67234 7.03561 1
41 7.14172 7.40062 6.48692 6.83985 1
42 6.39118 6.62279 5.80863 6.12372 1
43 6.37958 6.61077 5.79814 6.11265 1
44 5.44029 5.63733 4.94926 5.21641 1
45 5.1997 5.38799 4.73182 4.98685 1
46 4.29086 4.4461 3.91045 4.11966 1
47 1.30972 1.35656 1.21623 1.27516 1
48 0.566528 0.586339 0.544568 0.566032 1
49 0.280007 0.289399 0.285624 0.292644 3
50 4.70075 4.87089 4.28089 4.51076 1
51 0.280007 0.289399 0.285624 0.292644 3
52 4.70075 4.87089 4.28089 4.51076 1
53 0.280007 0.289399 0.285624 0.292644 3
54 4.70075 4.87089 4.28089 4.51076 1
55 0.280007 0.289399 0.285624 0.292644 3
56 4.70075 4.87089 4.28089 4.51076 1
57 0.280007 0.289399 0.285624 0.292644 3
58 4.70075 4.87089 4.28089 4.51076 1
59 0.280007 0.289399 0.285624 0.292644 3
60 4.70075 4.87089 4.28089 4.51076 1
61 0.280007 0.289399 0.285624 0.292644 3
62 4.70075 4.87089 4.28089 4.51076 1
63 0.280007 0.289399 0.285624 0.292644 3
64 4.70075 4.87089 4.28089 4.51076 1
65 0.280007 0.289399 0.285624 0.292644 3
66 4.70075 4.87089 4.28089 4.51076 1
67 0.280007 0.289399 0.285624 0.292644 3
68 4.70075 4.87089 4.28089 4.51076 1
69 0.280007 0.289399 0.285624 0.292644 3
70 4.70075 4.87089 4.28089 4.51076 1
71 0.280007 0.289399 0.285624 0.292644 3
72 4.70075 4.87089 4.28089 4.51076 1
73 0.280007 0.289399 0.285624 0.292644 3
74 4.70075 4.87089 4.28089 4.51076 1
75 0.280007 0.289399 0.285624 0.292644 3
76 4.70075 4.87089 4.28089 4.51076 1
77 0.280007 0.289399 0.285624 0.292644 3
78 4.70075 4.87089 4.28089 4.51076 1
79 0.280007 0.289399 0.285624 0.292644 3
80 4.70075 4.87089 4.28089 4.51076 1
81 0.280007 0.289399 0.285624 0.292644 3
82 4.70075 4.87089 4.28089 4.51076 1
83 0.280007 0.289399 0.285624 0.292644 3
84 4.70075 4.87089 4.28089 4.51076 1
85 0.280007 0.289399 0.285624 0.292644 3
86 4.70075 4.87089 4.28089 4.51076 1
87 0.280007 0.289399 0.285624 0.292644 3
88 4.70075 4.87089 4.28089 4.51076 1
89 0.280007 0.289399 0.285624 0.292644 3
90 4.70075 4.87089 4.28089 4.51076 1
91 0.280007 0.289399 0.285624 0.292644 3
92 4.70075 4.87089 4.28089 4.51076 1
93 0.280007 0.289399 0.285624 0.292644 3
94 4.70075 4.87089 4.28089 4.51076 1
95 0.280007 0.289399 0.285624 0.292644 3
96 4.70075 4.87089 4.28089 4.51076 1
97 0.280007 0.289399 0.285624 0.292644 3
98 RANDOM
99 5.34079 5.5342 4.85933 5.12147 1
100 18.5977 19.3694 17.055 17.8687 1
101 18.373 19.1399 16.8615 17.6586 1
102 17.88 18.6329 16.4296 17.1941 1
103 17.88 18.6329 16.4296 17.1941 1
