0 19.7768 20.8581 19.8449 19.2506 1
1 19.7322 20.8097 19.797 19.205 1
2 19.5201 20.5899 19.5945 19.0057 1
3 19.6695 20.7743 19.8116 19.1979 1
4 19.2646 20.367 19.4562 18.8391 1
5 19.2032 20.3048 19.4014 18.784 1
6 18.9758 20.0826 19.2182 18.5939 1
7 22.8211 24.1611 23.313 22.5158 1
8 22.4405 23.7603 22.9195 22.1362 1
9 22.4615 23.7819 22.9424 22.1581 1
10 21.8327 23.1218 22.2883 21.5274 1
11 22.6836 24.0132 23.177 22.384 1
12 22.1703 23.473 22.6457 21.8714 1
13 22.3816 23.6939 22.8674 22.085 1
14 22.1622 23.4623 22.6417 21.8671 1
15 26.4824 28.0005 27.128 26.1938 1
16 26.0212 27.5147 26.652 25.7344 1
17 26.011 27.5043 26.6406 25.7235 1
18 25.6272 27.101 26.2425 25.3396 1
19 26.9794 28.5156 27.6582 26.7038 1
20 RANDOM
21 25.9878 27.4733 26.6298 25.7118 1
22 25.3152 26.7663 25.9322 25.039 1
23 30.0149 31.693 30.833 29.7633 1
24 29.4159 31.0643 30.2098 29.1625 1
25 29.8235 31.4923 30.6335 29.571 1
26 29.227 30.8671 30.0111 28.971 1
27 30.8999 32.6178 31.7616 30.658 1
28 RANDOM
29 30.0558 31.7305 30.8862 29.8136 1
30 29.5979 31.2483 30.4131 29.3571 1
31 33.1528 34.9689 34.1319 32.941 1
32 32.3114 34.0845 33.2593 32.0993 1
33 32.3762 34.1517 33.3283 32.1657 1
34 31.3523 33.0713 32.2662 31.1369 1
35 32.1813 33.9259 33.1469 31.9777 1
36 31.1193 32.7927 32.0556 30.9117 1
37 31.4018 33.0854 32.3538 31.1971 1
38 30.1482 31.7543 31.0599 29.9377 1
39 RANDOM
40 10.5176 11.1465 10.716 10.35 1
41 10.4685 11.0944 10.666 10.3017 1
42 9.66628 10.2431 9.8501 9.51319 1
43 9.57991 10.1514 9.76225 9.42829 1
44 8.7749 9.29714 8.9435 8.63704 1
45 RANDOM
46 7.72498 8.18296 7.87565 7.60506 1
47 5.24852 5.55494 5.35692 5.17092 1
48 4.61149 4.87892 4.70902 4.54477 1
49 4.38845 4.64223 4.48218 4.32555 1
50 3.78677 4.00372 3.87022 3.73415 1
51 3.78677 4.00372 3.87022 3.73415 1
