0 19.9871 20.8809 19.6858 19.4163 1
1 19.7779 20.6903 19.4731 19.2174 1
2 19.2703 20.195 18.9651 18.7297 1
3 18.8046 19.763 18.4935 18.2856 1
4 18.2448 19.1406 17.952 17.7365 1
5 18.0127 18.9289 17.7161 17.5157 1
6 17.5529 18.4319 17.2677 17.0668 1
7 18.1047 19.1689 17.7711 17.6264 1
8 17.7147 18.7559 17.3887 17.2468 1
9 17.6787 18.7179 17.3535 17.2119 1
10 17.1714 18.1807 16.8561 16.7183 1
11 RANDOM
12 16.9123 17.9063 16.6021 16.4661 1
13 RANDOM
14 16.6805 17.6609 16.3749 16.2406 1
15 18.8126 19.9184 18.4652 18.3152 1
16 RANDOM
17 18.4269 19.51 18.087 17.9398 1
18 18.0902 19.1535 17.7569 17.6123 1
19 18.592 19.6848 18.2489 18.1005 1
20 17.8492 18.8983 17.5206 17.3777 1
21 17.9523 19.0075 17.6217 17.4781 1
22 17.4995 18.5281 17.1778 17.0375 1
23 19.4037 20.5443 19.0448 18.8904 1
24 19.032 20.1507 18.6803 18.5287 1
25 19.2831 20.4166 18.9265 18.773 1
26 18.9621 20.0767 18.6118 18.4607 1
27 19.6918 20.8493 19.3272 19.1706 1
28 18.9944 20.1109 18.6435 18.4921 1
29 19.2034 20.3322 18.8484 18.6955 1
30 18.8771 19.9867 18.5284 18.3779 1
31 20.2711 21.4627 19.8952 19.7344 1
32 19.774 20.9363 19.4078 19.2506 1
33 19.7687 20.9308 19.4026 19.2455 1
34 19.219 20.3487 18.8637 18.7107 1
35 19.4029 20.5434 19.0439 18.8895 1
36 18.7872 19.8915 18.4403 18.2904 1
37 RANDOM
38 18.2117 19.2822 17.8761 17.7305 1
39 18.1192 19.1842 17.7854 17.6405 1
40 0.901218 0.953618 0.904381 0.886826 1
41 0.888593 0.940251 0.892003 0.874542 1
42 0.278634 0.294419 0.293982 0.281032 1
43 0.19542 0.206311 0.212397 0.200062 2
44 1.81135 1.91728 1.7967 1.77241 1
