0 10.5654 12.0017 11.0423 10.476 1
1 10.5293 11.9606 11.0046 10.4402 1
2 10.2605 11.6551 10.7239 10.1737 1
3 10.1816 11.5653 10.6415 10.0954 1
4 RANDOM
5 9.50274 10.7937 9.93255 9.42218 1
6 9.01914 10.244 9.42753 8.9426 1
7 10.3293 11.7333 10.7958 10.2419 1
8 9.95613 11.3091 10.406 9.87181 1
9 9.93282 11.2826 10.3817 9.8487 1
10 9.46176 10.7471 9.88976 9.38155 1
11 9.67886 10.9939 10.1165 9.59684 1
12 9.24851 10.5047 9.66706 9.17006 1
13 9.31027 10.5749 9.73156 9.23131 1
14 9.04753 10.2763 9.45718 8.97076 1
15 11.0419 12.5433 11.5399 10.9486 1
16 10.6524 12.1005 11.1331 10.5623 1
17 10.6958 12.1498 11.1784 10.6053 1
18 10.3667 11.7758 10.8348 10.279 1
19 10.8694 12.3472 11.3597 10.7775 1
20 10.1795 11.563 10.6393 10.0933 1
21 10.2854 11.6834 10.7499 10.1984 1
22 9.88265 11.2255 10.3293 9.79895 1
23 11.6175 13.1976 12.141 11.5194 1
24 11.2559 12.7866 11.7634 11.1608 1
25 11.4894 13.052 12.0072 11.3924 1
26 11.1934 12.7155 11.6981 11.0988 1
27 11.8805 13.4966 12.4157 11.7802 1
28 11.2202 12.7459 11.7261 11.1254 1
29 RANDOM
30 11.1208 12.633 11.6223 11.0268 1
31 12.412 14.1007 12.9707 12.3073 1
32 RANDOM
33 11.9199 13.5413 12.4568 11.8193 1
34 11.4007 12.9512 11.9146 11.3044 1
35 11.6127 13.1921 12.1359 11.5146 1
36 RANDOM
37 11.1505 12.6667 11.6533 11.0563 1
38 10.5065 11.9347 10.9808 10.4176 1
39 10.4784 11.9027 10.9514 10.3897 1
40 0.0532607 0.0523556 0.0644791 0.0511344 2
41 0.0532607 0.0523556 0.0644791 0.0511344 2
