0 30.6758 33.3552 30.6763 30.5367 1
1 30.6277 33.3029 30.6282 30.4888 1
2 30.4285 33.0862 30.4292 30.2906 1
3 30.354 33.0052 30.3547 30.2165 1
4 29.5634 32.1454 29.5649 29.43 1
5 29.3941 31.9612 29.3957 29.2615 1
6 29.0126 31.5464 29.0146 28.882 1
7 31.7383 34.5108 31.7378 31.5938 1
8 31.2928 34.0262 31.2927 31.1505 1
9 31.216 33.9426 31.216 31.0741 1
10 30.7275 33.4115 30.728 30.5881 1
11 31.2587 33.9892 31.2587 31.1166 1
12 30.69 33.3706 30.6905 30.5508 1
13 30.7286 33.4126 30.729 30.5892 1
14 30.5363 33.2035 30.5369 30.3979 1
15 34.1254 37.1068 34.1227 33.9686 1
16 33.5735 36.5066 33.5714 33.4196 1
17 33.4929 36.4189 33.4908 33.3393 1
18 33.2151 36.1168 33.2133 33.063 1
19 34.0108 36.9822 34.0082 33.8546 1
20 32.9078 35.7826 32.9062 32.7572 1
21 RANDOM
22 32.4323 35.2655 32.4312 32.2842 1
23 35.8577 38.9869 35.8611 35.6992 1
24 35.1766 38.2501 35.173 35.0144 1
25 35.4251 38.5197 35.4224 35.2628 1
26 35.0556 38.1185 35.0521 34.8941 1
27 36.758 39.9455 36.799 36.6312 1
28 35.4091 38.4906 35.4285 35.2677 1
29 35.5466 38.6375 35.571 35.4093 1
30 35.2942 38.3629 35.319 35.1584 1
31 39.2411 42.5863 39.3929 39.2081 1
32 38.2803 41.5492 38.4186 38.2386 1
33 38.2482 41.5131 38.3884 38.2085 1
34 37.2546 40.4441 37.3738 37.1993 1
35 38.039 41.2782 38.1936 38.0138 1
36 36.6313 39.7626 36.758 36.5857 1
37 36.7272 39.864 36.8593 36.6864 1
38 35.4529 38.4932 35.5576 35.3916 1
39 35.9489 39.0094 36.0971 35.9265 1
40 17.9826 19.5506 17.9947 17.9084 1
41 17.8263 19.3806 17.8385 17.7529 1
42 17.0226 18.5065 17.0355 16.9533 1
43 16.8813 18.3529 16.8944 16.8128 1
44 15.918 17.3052 15.9319 15.8544 1
45 RANDOM
46 14.7409 16.0251 14.7559 14.6833 1
47 11.7952 12.8215 11.813 11.7527 1
48 11.035 11.9947 11.0534 10.9964 1
49 10.7555 11.6907 10.7741 10.7183 1
50 10.1267 11.0068 10.1459 10.0927 1
51 10.1267 11.0068 10.1459 10.0927 1
