0 27.8408 29.0276 28.5805 27.5028 1
1 27.7535 28.962 28.491 27.4126 1
2 27.2224 28.4301 27.9456 26.8848 1
3 27.0602 28.2876 27.7831 26.7173 1
4 26.3332 27.4668 27.0404 26.0057 1
5 26.2012 27.3681 26.9037 25.8704 1
6 25.5847 26.6784 26.2739 25.266 1
7 24.3786 25.972 25.0052 24.0155 1
8 RANDOM
9 23.8576 25.4118 24.4699 23.5039 1
10 23.1864 24.6682 23.7804 22.848 1
11 22.9521 24.5144 23.5349 22.6068 1
12 22.504 23.9928 23.0759 22.1715 1
13 22.4 23.9274 22.9676 22.0637 1
14 22.0219 23.5069 22.5798 21.6937 1
15 22.5443 24.499 23.0957 22.1585 1
16 22.2901 24.1662 22.8378 21.9151 1
17 22.1291 24.0431 22.669 21.7522 1
18 21.8486 23.6821 22.3833 21.4835 1
19 22.1054 24.036 22.6477 21.7234 1
20 RANDOM
21 21.7608 23.5775 22.2973 21.3954 1
22 21.6472 23.3421 22.1855 21.2971 1
23 22.5202 24.5105 23.0671 22.1321 1
24 22.334 24.2436 22.8777 21.958 1
25 22.4355 24.4039 22.9794 22.052 1
26 22.2131 24.1031 22.7519 21.8421 1
27 22.8585 24.851 23.4163 22.4666 1
28 22.5754 24.4181 23.1304 22.2041 1
29 22.6849 24.5757 23.2404 22.3077 1
30 RANDOM
31 25.3833 26.9684 26.0826 24.9779 1
32 22.537 24.1172 23.1078 22.1922 1
