0 15.8256 16.8066 16.3975 15.4411 1
1 RANDOM
2 15.1442 16.1116 15.6853 14.7371 1
3 15.2626 16.2412 15.8174 14.8585 1
4 15.5355 16.4826 16.1322 15.2127 1
5 15.3568 16.2968 15.9477 15.0344 1
6 15.4928 16.418 16.1065 15.2118 1
7 15.9349 17.0344 16.4751 15.387 1
8 16.1067 17.1867 16.6707 15.6068 1
9 16.1689 17.2474 16.7383 15.6769 1
10 16.2 17.2493 16.7872 15.7592 1
11 16.7649 17.8545 17.3688 16.3016 1
12 17.0198 18.0839 17.6569 16.6216 1
13 17.1456 18.2168 17.7877 16.7457 1
14 17.3386 18.4013 17.9995 16.9695 1
15 18.516 19.7981 19.1249 17.8583 1
16 18.7447 20.0033 19.3846 18.1474 1
17 18.7258 19.9802 19.3662 18.1335 1
18 18.9095 20.1492 19.5708 18.3571 1
19 19.998 21.3053 20.6999 19.4218 1
20 20.0805 21.3292 20.8235 19.6133 1
21 20.1169 21.3719 20.8588 19.6417 1
22 RANDOM
23 23.4748 24.9441 24.3359 22.9142 1
24 23.6869 25.0911 24.5649 23.1703 1
25 23.7716 25.1977 24.6475 23.2358 1
26 23.9207 25.2886 24.8057 23.4153 1
27 24.7459 26.1448 25.6948 24.2482 1
28 RANDOM
29 25.3707 26.6577 26.3558 24.9483 1
30 25.6763 26.9257 26.68 25.2852 1
31 27.286 28.2416 28.6222 27.2305 2
32 26.0741 27.1085 27.2806 25.8914 2
