0 [ 0.  1.  0.  0.] -1 61.2938335419
1 [ 0.  1.  0.  0.] -1 60.9776065826
2 [ 0.  1.  0.  0.] -1 62.4287353516
3 [ 0.  1.  0.  0.] -1 65.7263381958
4 [ 0.  1.  0.  0.] -1 66.2426296234
5 [ 0.  1.  0.  0.] 9 77.6757545471
6 [ 0.  1.  0.  0.] -1 59.8242660522
7 [ 0.  1.  0.  0.] -1 62.3953151703
8 [ 0.  1.  0.  0.] -1 63.7900333405
9 [ 0.  1.  0.  0.] 9 75.8049636841
10 [ 0.  1.  0.  0.] -1 65.3548530579
11 [ 0.  1.  0.  0.] -1 66.4243930817
12 [ 0.  1.  0.  0.] -1 68.6157741547
13 [ 0.  1.  0.  0.] 9 78.470489502
14 [ 0.  1.  0.  0.] -1 55.4767433167
15 [ 0.  1.  0.  0.] -1 56.9811878204
16 [ 0.  1.  0.  0.] -1 57.1380619049
17 [ 0.  1.  0.  0.] 9 65.5095111847
18 [ 0.  1.  0.  0.] 0 56.5095111847
19 [ 0.  0.  1.  0.] -2 45.7390909195
20 [ 0.  0.  1.  0.] -1 48.2356134415
21 [ 0.  0.  1.  0.] 9 59.8018211365
22 [ 0.  0.  1.  0.] -1 48.086548996
23 [ 0.  0.  1.  0.] -1 50.2818693161
24 [ 0.  0.  1.  0.] -1 49.3773935318
25 [ 0.  0.  1.  0.] 9 61.4724424362
26 [ 0.  0.  1.  0.] -1 43.8680139542
27 [ 0.  0.  1.  0.] -1 44.8307376862
28 [ 0.  0.  1.  0.] -1 44.3962209702
29 [ 0.  0.  1.  0.] 9 55.5742298126
30 [ 0.  0.  1.  0.] 0 46.5742298126
31 [ 0.  1.  0.  0.] -2 56.7048423767
32 [ 0.  1.  0.  0.] -1 57.5843347549
33 [ 0.  1.  0.  0.] 9 69.0773601532
34 [ 0.  1.  0.  0.] -1 61.3569049835
35 [ 0.  1.  0.  0.] -1 62.2730499268
36 [ 0.  1.  0.  0.] -1 63.6149814606
37 [ 0.  1.  0.  0.] 9 74.5649959564
38 [ 0.  1.  0.  0.] -1 68.4706707001
39 [ 0.  1.  0.  0.] -1 51.4956502914
40 [ 0.  1.  0.  0.] -1 52.2405448914
41 [ 0.  1.  0.  0.] 9 63.5891119003
42 [ 0.  1.  0.  0.] -1 52.1131191254
43 [ 0.  1.  0.  0.] -1 52.6561264038
44 [ 0.  1.  0.  0.] -1 52.7451889038
45 [ 0.  1.  0.  0.] 9 63.1008663177
46 [ 0.  1.  0.  0.] -1 50.3566534042
47 [ 0.  1.  0.  0.] -1 50.2195806503
48 [ 0.  1.  0.  0.] -1 50.5502056122
49 [ 0.  1.  0.  0.] 9 61.118138504
50 [ 0.  1.  0.  0.] -1 51.2785604477
51 [ 0.  1.  0.  0.] -1 51.6183685303
52 [ 0.  1.  0.  0.] -1 51.7036621094
53 [ 0.  1.  0.  0.] 9 62.1458181381
54 [ 0.  1.  0.  0.] 0 53.1458181381
55 [ 0.  0.  1.  0.] -2 45.0380716324
56 [ 0.  0.  1.  0.] -1 46.4672937393
57 [ 0.  0.  1.  0.] 9 58.114689064
58 [ 0.  0.  1.  0.] -1 49.1958257675
59 [ 0.  0.  1.  0.] -1 48.9280185699
60 [ 0.  0.  1.  0.] -1 48.8326721191
61 [ 0.  0.  1.  0.] 9 60.0590391159
62 [ 0.  0.  1.  0.] -1 44.7386528015
63 [ 0.  0.  1.  0.] -1 44.5202547073
64 [ 0.  0.  1.  0.] -1 44.5789049149
65 [ 0.  0.  1.  0.] 9 55.9900505066
66 [ 0.  0.  1.  0.] -1 42.7251901627
67 [ 0.  0.  1.  0.] -1 42.7632490158
68 [ 0.  0.  1.  0.] -1 42.6703523636
69 [ 0.  0.  1.  0.] 9 53.601808548
70 [ 0.  0.  1.  0.] -1 40.975809288
71 [ 0.  0.  1.  0.] -1 40.1445375443
72 [ 0.  0.  1.  0.] -1 40.2371732712
73 [ 0.  0.  1.  0.] 9 52.7429656982
74 [ 0.  0.  1.  0.] -1 42.147595787
75 [ 0.  0.  1.  0.] -1 41.5769884109
76 [ 0.  0.  1.  0.] -1 41.7722003937
77 [ 0.  0.  1.  0.] 9 52.4210128784
78 [ 0.  0.  1.  0.] -1 40.1265445709
79 [ 0.  0.  1.  0.] -1 40.434588623
80 [ 0.  0.  1.  0.] -1 40.9680250168
81 [ 0.  0.  1.  0.] 9 52.4482542038
82 [ 0.  0.  1.  0.] -1 44.0687198639
83 [ 0.  0.  1.  0.] -1 44.2067819595
84 [ 0.  0.  1.  0.] -1 44.684431076
85 [ 0.  0.  1.  0.] 9 55.7685974121
86 [ 0.  0.  1.  0.] -1 52.9961483002
87 [ 0.  0.  1.  0.] -1 52.3499740601
88 [ 0.  0.  1.  0.] -1 51.9020812988
89 [ 0.  0.  1.  0.] 9 65.4254062653
90 [ 0.  0.  1.  0.] 0 56.4254062653
91 [ 0.  0.  0.  1.] -2 46.4339385986
92 [ 0.  0.  0.  1.] -1 47.8671760559
93 [ 0.  0.  0.  1.] -1 50.128137207
94 [ 0.  0.  0.  1.] -1 49.8305809021
95 [ 0.  0.  0.  1.] -1 51.3008985519
96 [ 0.  0.  0.  1.] -1 51.6172849655
97 [ 0.  0.  0.  1.] -1 56.1945379257
98 [ 0.  0.  0.  1.] -1 56.091856575
99 [ 0.  0.  0.  1.] -1 160.107800293
100 [ 0.  0.  0.  1.] -1 167.156479645
101 [ 0.  0.  0.  1.] -1 192.036923981
102 [ 0.  0.  0.  1.] -1 190.91365509
103 [ 0.  0.  0.  1.] -1 191.334397125
104 [ 0.  0.  0.  1.] -1 198.395383453
105 [ 0.  0.  0.  1.] -1 193.838250732
106 [ 0.  0.  0.  1.] -1 197.347232056
107 [ 0.  0.  0.  1.] -1 200.459867859
108 [ 0.  0.  0.  1.] -1 211.827585602
109 [ 0.  0.  0.  1.] -1 246.403013611
110 [ 0.  0.  0.  1.] -1 252.505099487
111 [ 0.  0.  0.  1.] -1 262.500161743
112 [ 0.  0.  0.  1.] -1 268.990388489
113 [ 0.  0.  0.  1.] -1 252.580535889
114 [ 0.  0.  0.  1.] 0 253.580535889
115 [ 0.  0.  1.  0.] -2 263.207917786
116 [ 0.  0.  1.  0.] -1 267.51781311
117 [ 0.  0.  1.  0.] -1 266.953953552
118 [ 0.  0.  1.  0.] -1 234.543205261
119 [ 0.  0.  1.  0.] -1 236.034871674
120 [ 0.  0.  1.  0.] -1 236.401877594
121 [ 0.  0.  1.  0.] -1 235.304411316
122 [ 0.  0.  1.  0.] -1 240.858728027
123 [ 0.  0.  1.  0.] -1 245.665000916
124 [ 0.  0.  1.  0.] -1 245.948104858
125 [ 0.  0.  1.  0.] 9 262.483935547
126 [ 0.  0.  1.  0.] 0 253.483935547
127 [ 0.  1.  0.  0.] -2 272.853804016
128 [ 0.  1.  0.  0.] -1 269.511224365
129 [ 0.  1.  0.  0.] 9 282.160282898
130 [ 0.  1.  0.  0.] -1 275.244158936
131 [ 0.  1.  0.  0.] -1 282.773129272
132 [ 0.  1.  0.  0.] -1 279.042622375
133 [ 0.  1.  0.  0.] 9 288.309132385
134 [ 0.  1.  0.  0.] -1 289.668312073
135 [ 0.  1.  0.  0.] -1 285.567407227
136 [ 0.  1.  0.  0.] -1 285.903536987
137 [ 0.  1.  0.  0.] 9 280.597717285
138 [ 0.  1.  0.  0.] 0 271.597717285
139 [ 0.  0.  1.  0.] -2 215.658660889
140 [ 0.  0.  1.  0.] -1 212.124214172
141 [ 0.  0.  1.  0.] 9 235.331600189
142 [ 0.  0.  1.  0.] -1 263.142298889
143 [ 0.  0.  1.  0.] -1 259.111235046
144 [ 0.  0.  1.  0.] -1 256.965414429
145 [ 0.  0.  1.  0.] 9 284.652728271
146 [ 0.  0.  1.  0.] -1 266.25592041
147 [ 0.  0.  1.  0.] -1 263.877035522
148 [ 0.  0.  1.  0.] -1 260.497473145
149 [ 0.  0.  1.  0.] 9 277.327772522
150 [ 0.  0.  1.  0.] -1 222.592362976
151 [ 0.  0.  1.  0.] -1 223.052200317
152 [ 0.  0.  1.  0.] -1 219.279698944
153 [ 0.  0.  1.  0.] 9 235.710159302
154 [ 0.  0.  1.  0.] -1 222.485774994
155 [ 0.  0.  1.  0.] -1 219.285772705
156 [ 0.  0.  1.  0.] -1 220.485463715
157 [ 0.  0.  1.  0.] 9 233.710558319
158 [ 0.  0.  1.  0.] -1 239.393907928
159 [ 0.  0.  1.  0.] -1 235.498786163
160 [ 0.  0.  1.  0.] -1 235.908047485
161 [ 0.  0.  1.  0.] 9 251.704169464
162 [ 0.  0.  1.  0.] -1 266.399081421
163 [ 0.  0.  1.  0.] -1 264.470785522
164 [ 0.  0.  1.  0.] -1 271.047842407
165 [ 0.  0.  1.  0.] 9 294.440296936
166 [ 0.  0.  1.  0.] 0 285.440296936
167 [ 0.  1.  0.  0.] -2 341.053123474
168 [ 0.  1.  0.  0.] -1 345.720196533
169 [ 0.  1.  0.  0.] 9 362.69516449
170 [ 0.  1.  0.  0.] -1 345.489393616
171 [ 0.  1.  0.  0.] -1 344.399334717
172 [ 0.  1.  0.  0.] -1 350.244873047
173 [ 0.  1.  0.  0.] 9 364.523757935
174 [ 0.  1.  0.  0.] -1 367.035647583
175 [ 0.  1.  0.  0.] -1 371.453953552
176 [ 0.  1.  0.  0.] -1 376.276983643
177 [ 0.  1.  0.  0.] 9 389.781790161
178 [ 0.  1.  0.  0.] -1 378.204641724
179 [ 0.  1.  0.  0.] -1 381.599105835
180 [ 0.  1.  0.  0.] -1 384.752330017
181 [ 0.  1.  0.  0.] 9 393.140855408
182 [ 0.  1.  0.  0.] -1 403.855308533
183 [ 0.  1.  0.  0.] -1 407.802383423
184 [ 0.  1.  0.  0.] -1 412.114318848
185 [ 0.  1.  0.  0.] 9 422.266641235
186 [ 0.  1.  0.  0.] 0 413.266641235
187 [ 1.  0.  0.  0.] -2 388.029330444
188 [ 1.  0.  0.  0.] -1 391.413926697
189 [ 1.  0.  0.  0.] 49 1277.90223389
190 [ 1.  0.  0.  0.] -1 1235.04613647
191 [ 1.  0.  0.  0.] -1 1233.196698
192 [ 1.  0.  0.  0.] -1 1206.23348999
193 [ 1.  0.  0.  0.] 9 903.306887817
194 [ 1.  0.  0.  0.] -1 896.813317871
195 [ 1.  0.  0.  0.] -1 830.580099487
196 [ 1.  0.  0.  0.] -1 839.884579468
197 [ 1.  0.  0.  0.] 9 748.928292847
198 [ 1.  0.  0.  0.] 0 739.928292847
199 [ 0.  0.  0.  1.] -2 474.110411072
200 [ 0.  0.  0.  1.] -1 460.434754944
201 [ 0.  0.  0.  1.] 9 464.599160767
202 [ 0.  0.  0.  1.] -1 459.063853455
203 [ 0.  0.  0.  1.] -1 460.233726501
204 [ 0.  0.  0.  1.] -1 472.850595093
205 [ 0.  0.  0.  1.] 9 461.636470032
206 [ 0.  0.  0.  1.] -1 452.224479675
207 [ 0.  0.  0.  1.] -1 460.573103333
208 [ 0.  0.  0.  1.] -1 477.315925598
209 [ 0.  0.  0.  1.] 9 460.356602478
210 [ 0.  0.  0.  1.] -1 441.483171082
211 [ 0.  0.  0.  1.] -1 442.379043579
212 [ 0.  0.  0.  1.] -1 458.754164124
213 [ 0.  0.  0.  1.] 9 472.195913696
214 [ 0.  0.  0.  1.] -1 462.30448761
215 [ 0.  0.  0.  1.] -1 468.527787781
216 [ 0.  0.  0.  1.] -1 459.544535828
217 [ 0.  0.  0.  1.] -1 372.016015625
218 [ 0.  0.  0.  1.] 0 373.016015625
219 [ 0.  0.  1.  0.] -2 366.585475159
220 [ 0.  0.  1.  0.] -1 374.698356628
221 [ 0.  0.  1.  0.] -1 395.782598877
222 [ 0.  0.  1.  0.] -1 425.286262512
223 [ 0.  0.  1.  0.] -1 416.05118866
224 [ 0.  0.  1.  0.] -1 416.557731628
225 [ 0.  0.  1.  0.] -1 427.308143616
226 [ 0.  0.  1.  0.] -1 527.279669189
227 [ 0.  0.  1.  0.] -1 523.854299927
228 [ 0.  0.  1.  0.] -1 541.993130493
229 [ 0.  0.  1.  0.] -1 591.821105957
230 [ 0.  0.  1.  0.] 0 592.821105957
231 [ 0.  1.  0.  0.] -2 879.453070068
232 [ 0.  1.  0.  0.] -1 897.865020752
233 [ 0.  1.  0.  0.] -1 907.262042236
234 [ 0.  1.  0.  0.] -1 795.97305603
235 [ 0.  1.  0.  0.] -1 797.924081421
236 [ 0.  1.  0.  0.] -1 823.591998291
237 [ 0.  1.  0.  0.] -1 873.979571533
238 [ 0.  1.  0.  0.] -1 961.160046387
239 [ 0.  1.  0.  0.] -1 991.700018311
240 [ 0.  1.  0.  0.] -1 1035.79152222
241 [ 0.  1.  0.  0.] -1 1034.41673584
242 [ 0.  1.  0.  0.] -1 1087.01498413
243 [ 0.  1.  0.  0.] -1 1078.86309814
244 [ 0.  1.  0.  0.] -1 1138.63690796
245 [ 0.  1.  0.  0.] -1 1114.17962646
246 [ 0.  1.  0.  0.] -1 1377.47423706
247 [ 0.  1.  0.  0.] -1 1444.55662231
248 [ 0.  1.  0.  0.] -1 1474.01531982
249 [ 0.  1.  0.  0.] -1 1490.84674072
250 [ 0.  1.  0.  0.] 0 1491.84674072
251 [ 1.  0.  0.  0.] -2 941.1715271
252 [ 1.  0.  0.  0.] -1 983.233746338
253 [ 1.  0.  0.  0.] -1 1135.16405029
254 [ 1.  0.  0.  0.] -1 1133.8340271
255 [ 1.  0.  0.  0.] -1 1143.36000366
256 [ 1.  0.  0.  0.] -1 1141.14434204
257 [ 1.  0.  0.  0.] -1 1056.44091797
258 [ 1.  0.  0.  0.] -1 1055.43618164
259 [ 1.  0.  0.  0.] -1 989.431243896
260 [ 1.  0.  0.  0.] -1 1024.1401062
261 [ 1.  0.  0.  0.] -1 939.741442871
262 [ 1.  0.  0.  0.] 0 940.741442871
263 [ 0.  0.  0.  1.] -2 534.459967041
264 [ 0.  0.  0.  1.] -1 513.415200806
265 [ 0.  0.  0.  1.] -1 513.891534424
266 [ 0.  0.  0.  1.] -1 512.951217651
267 [ 0.  0.  0.  1.] -1 516.10881958
268 [ 0.  0.  0.  1.] -1 525.288345337
269 [ 0.  0.  0.  1.] -1 500.826831055
270 [ 0.  0.  0.  1.] -1 498.998788452
271 [ 0.  0.  0.  1.] -1 500.367080688
272 [ 0.  0.  0.  1.] -1 510.04949646
273 [ 0.  0.  0.  1.] -1 475.91756897
274 [ 0.  0.  0.  1.] -1 459.940852356
275 [ 0.  0.  0.  1.] -1 460.286143494
276 [ 0.  0.  0.  1.] -1 466.209147644
277 [ 0.  0.  0.  1.] -1 462.195913696
278 [ 0.  0.  0.  1.] -1 462.30448761
279 [ 0.  0.  0.  1.] -1 468.527787781
280 [ 0.  0.  0.  1.] -1 459.544535828
281 [ 0.  0.  0.  1.] -1 372.016015625
282 [ 0.  0.  0.  1.] 0 373.016015625
283 [ 0.  0.  1.  0.] -2 366.585475159
284 [ 0.  0.  1.  0.] -1 374.698356628
285 [ 0.  0.  1.  0.] -1 395.782598877
286 [ 0.  0.  1.  0.] -1 425.286262512
287 [ 0.  0.  1.  0.] -1 416.05118866
288 [ 0.  0.  1.  0.] -1 416.557731628
289 [ 0.  0.  1.  0.] -1 427.308143616
290 [ 0.  0.  1.  0.] -1 527.279669189
291 [ 0.  0.  1.  0.] -1 523.854299927
292 [ 0.  0.  1.  0.] -1 541.993130493
293 [ 0.  0.  1.  0.] -1 591.821105957
294 [ 0.  0.  1.  0.] 0 592.821105957
295 [ 0.  1.  0.  0.] -2 879.453070068
296 [ 0.  1.  0.  0.] -1 897.865020752
297 [ 0.  1.  0.  0.] -1 907.262042236
298 [ 0.  1.  0.  0.] -1 795.97305603
299 [ 0.  1.  0.  0.] -1 797.924081421
300 [ 0.  1.  0.  0.] -1 823.591998291
301 [ 0.  1.  0.  0.] -1 873.979571533
302 [ 0.  1.  0.  0.] -1 961.160046387
303 [ 0.  1.  0.  0.] -1 991.700018311
304 [ 0.  1.  0.  0.] -1 1035.79152222
305 [ 0.  1.  0.  0.] -1 1034.41673584
306 [ 0.  1.  0.  0.] -1 1087.01498413
307 [ 0.  1.  0.  0.] -1 1078.86309814
308 [ 0.  1.  0.  0.] -1 1138.63690796
309 [ 0.  1.  0.  0.] -1 1114.17962646
310 [ 0.  1.  0.  0.] -1 1377.47423706
311 [ 0.  1.  0.  0.] -1 1444.55662231
312 [ 0.  1.  0.  0.] -1 1474.01531982
313 [ 0.  1.  0.  0.] -1 1490.84674072
314 [ 0.  1.  0.  0.] 0 1491.84674072
315 [ 1.  0.  0.  0.] -2 941.1715271
316 [ 1.  0.  0.  0.] -1 983.233746338
317 [ 1.  0.  0.  0.] -1 1135.16405029
318 [ 1.  0.  0.  0.] -1 1133.8340271
319 [ 1.  0.  0.  0.] -1 1143.36000366
320 [ 1.  0.  0.  0.] -1 1141.14434204
321 [ 1.  0.  0.  0.] -1 1056.44091797
322 [ 1.  0.  0.  0.] -1 1055.43618164
323 [ 1.  0.  0.  0.] -1 989.431243896
324 [ 1.  0.  0.  0.] -1 1024.1401062
325 [ 1.  0.  0.  0.] -1 939.741442871
326 [ 1.  0.  0.  0.] 0 940.741442871
327 [ 0.  0.  0.  1.] -2 534.459967041
328 [ 0.  0.  0.  1.] -1 513.415200806
329 [ 0.  0.  0.  1.] -1 513.891534424
330 [ 0.  0.  0.  1.] -1 512.951217651
331 [ 0.  0.  0.  1.] -1 516.10881958
332 [ 0.  0.  0.  1.] -1 525.288345337
333 [ 0.  0.  0.  1.] -1 500.826831055
334 [ 0.  0.  0.  1.] -1 498.998788452
335 [ 0.  0.  0.  1.] -1 500.367080688
336 [ 0.  0.  0.  1.] -1 510.04949646
337 [ 0.  0.  0.  1.] -1 475.91756897
338 [ 0.  0.  0.  1.] -1 459.940852356
339 [ 0.  0.  0.  1.] -1 460.286143494
340 [ 0.  0.  0.  1.] -1 466.209147644
341 [ 0.  0.  0.  1.] -1 462.195913696
342 [ 0.  0.  0.  1.] -1 462.30448761
343 [ 0.  0.  0.  1.] -1 468.527787781
344 [ 0.  0.  0.  1.] -1 459.544535828
345 [ 0.  0.  0.  1.] -1 372.016015625
346 [ 0.  0.  0.  1.] 0 373.016015625
347 [ 1.  0.  0.  0.] -2 724.252618408
348 [ 1.  0.  0.  0.] -1 728.398797607
349 [ 1.  0.  0.  0.] -1 677.634332275
350 [ 1.  0.  0.  0.] -1 676.089770508
351 [ 1.  0.  0.  0.] -1 678.292443848
352 [ 1.  0.  0.  0.] -1 687.771917725
353 [ 1.  0.  0.  0.] -1 771.823202515
354 [ 1.  0.  0.  0.] -1 767.13112793
355 [ 1.  0.  0.  0.] -1 780.717102051
356 [ 1.  0.  0.  0.] -1 807.479281616
357 [ 1.  0.  0.  0.] -1 693.541845703
358 [ 1.  0.  0.  0.] -1 672.793066406
359 [ 1.  0.  0.  0.] -1 698.47281189
360 [ 1.  0.  0.  0.] -1 706.342724609
361 [ 1.  0.  0.  0.] -1 781.028820801
362 [ 1.  0.  0.  0.] 0 782.028820801
363 [ 0.  0.  0.  1.] -2 399.361141968
364 [ 0.  0.  0.  1.] -1 408.785752869
365 [ 0.  0.  0.  1.] -1 367.776704407
366 [ 0.  0.  0.  1.] -1 373.038262939
367 [ 0.  0.  0.  1.] -1 377.948587036
368 [ 0.  0.  0.  1.] -1 378.047071838
369 [ 0.  0.  0.  1.] -1 402.262939453
370 [ 0.  0.  0.  1.] -1 417.243791199
371 [ 0.  0.  0.  1.] -1 427.868843079
372 [ 0.  0.  0.  1.] -1 432.319561768
373 [ 0.  0.  0.  1.] -1 449.134515381
374 [ 0.  0.  0.  1.] -1 467.023408508
375 [ 0.  0.  0.  1.] -1 492.79526062
376 [ 0.  0.  0.  1.] -1 511.773864746
377 [ 0.  0.  0.  1.] 9 509.399047852
378 [ 0.  0.  0.  1.] -1 514.87678833
379 [ 0.  0.  0.  1.] -1 522.437939453
380 [ 0.  0.  0.  1.] -1 543.614346313
381 [ 0.  0.  0.  1.] 9 584.993743896
382 [ 0.  0.  0.  1.] -1 597.027957153
383 [ 0.  0.  0.  1.] -1 625.934014893
384 [ 0.  0.  0.  1.] -1 630.446456909
385 [ 0.  0.  0.  1.] 9 618.090435791
386 [ 0.  0.  0.  1.] 0 609.090435791
387 [ 0.  0.  1.  0.] -2 465.633934021
388 [ 0.  0.  1.  0.] -1 254.717919922
389 [ 0.  0.  1.  0.] 9 265.537805176
390 [ 0.  0.  1.  0.] -1 276.894656372
391 [ 0.  0.  1.  0.] -1 273.921847534
392 [ 0.  0.  1.  0.] -1 275.718753052
393 [ 0.  0.  1.  0.] 9 293.057595825
394 [ 0.  0.  1.  0.] -1 277.227249146
395 [ 0.  0.  1.  0.] -1 271.616543579
396 [ 0.  0.  1.  0.] -1 267.642158508
397 [ 0.  0.  1.  0.] 9 276.556303406
398 [ 0.  0.  1.  0.] -1 210.531178284
399 [ 0.  0.  1.  0.] -1 208.771237183
400 [ 0.  0.  1.  0.] -1 208.056881714
401 [ 0.  0.  1.  0.] 9 223.898680115
402 [ 0.  0.  1.  0.] 0 214.898680115
403 [ 0.  1.  0.  0.] -2 245.876853943
404 [ 0.  1.  0.  0.] -1 244.475500488
405 [ 0.  1.  0.  0.] 9 261.361231995
406 [ 0.  1.  0.  0.] -1 261.605506897
407 [ 0.  1.  0.  0.] -1 263.403311157
408 [ 0.  1.  0.  0.] -1 266.733848572
409 [ 0.  1.  0.  0.] 9 278.772950745
410 [ 0.  1.  0.  0.] -1 274.396818542
411 [ 0.  1.  0.  0.] -1 274.402037048
412 [ 0.  1.  0.  0.] -1 273.417855835
413 [ 0.  1.  0.  0.] 9 279.384124756
414 [ 0.  1.  0.  0.] 0 270.384124756
415 [ 0.  0.  1.  0.] -2 223.296408081
416 [ 0.  0.  1.  0.] -1 223.287337494
417 [ 0.  0.  1.  0.] 9 233.386532593
418 [ 0.  0.  1.  0.] -1 222.332046509
419 [ 0.  0.  1.  0.] -1 222.146876526
420 [ 0.  0.  1.  0.] -1 224.428450775
421 [ 0.  0.  1.  0.] 9 237.082597351
422 [ 0.  0.  1.  0.] -1 262.560116577
423 [ 0.  0.  1.  0.] -1 259.504362488
424 [ 0.  0.  1.  0.] -1 264.975878906
425 [ 0.  0.  1.  0.] 9 283.46111145
426 [ 0.  0.  1.  0.] 0 274.46111145
427 [ 0.  0.  0.  1.] -2 256.873782349
428 [ 0.  0.  0.  1.] -1 266.02114563
429 [ 0.  0.  0.  1.] 9 260.099252319
430 [ 0.  0.  0.  1.] -1 250.182980347
431 [ 0.  0.  0.  1.] -1 250.032658386
432 [ 0.  0.  0.  1.] -1 252.244377136
433 [ 0.  0.  0.  1.] 9 257.283056641
434 [ 0.  0.  0.  1.] -1 246.224134827
435 [ 0.  0.  0.  1.] -1 250.267172241
436 [ 0.  0.  0.  1.] -1 253.947494507
437 [ 0.  0.  0.  1.] 9 262.868626404
438 [ 0.  0.  0.  1.] -1 252.071412659
439 [ 0.  0.  0.  1.] -1 252.960414124
440 [ 0.  0.  0.  1.] -1 256.285443115
441 [ 0.  0.  0.  1.] 9 258.998640442
442 [ 0.  0.  0.  1.] -1 246.901902771
443 [ 0.  0.  0.  1.] -1 250.216726685
444 [ 0.  0.  0.  1.] -1 255.24594574
445 [ 0.  0.  0.  1.] 9 243.505911255
446 [ 0.  0.  0.  1.] -1 233.93168335
447 [ 0.  0.  0.  1.] -1 233.556168365
448 [ 0.  0.  0.  1.] -1 236.292462921
449 [ 0.  0.  0.  1.] 9 231.064253998
450 [ 0.  0.  0.  1.] -1 221.462541962
451 [ 0.  0.  0.  1.] -1 223.749117279
452 [ 0.  0.  0.  1.] -1 231.600228882
453 [ 0.  0.  0.  1.] 9 232.23473587
454 [ 0.  0.  0.  1.] -1 222.030561829
455 [ 0.  0.  0.  1.] -1 222.087950897
456 [ 0.  0.  0.  1.] -1 226.948046875
457 [ 0.  0.  0.  1.] 9 237.63946991
458 [ 0.  0.  0.  1.] -1 221.928308105
459 [ 0.  0.  0.  1.] -1 229.732235718
460 [ 0.  0.  0.  1.] -1 231.081465912
461 [ 0.  0.  0.  1.] 9 217.763572693
462 [ 0.  0.  0.  1.] 0 208.763572693
463 [ 1.  0.  0.  0.] -2 267.883670044
464 [ 1.  0.  0.  0.] -1 269.616000366
465 [ 1.  0.  0.  0.] 9 272.954606628
466 [ 1.  0.  0.  0.] -1 269.347131348
467 [ 1.  0.  0.  0.] -1 269.795980835
468 [ 1.  0.  0.  0.] -1 258.423667908
469 [ 1.  0.  0.  0.] 9 210.540232849
470 [ 1.  0.  0.  0.] -1 203.131612396
471 [ 1.  0.  0.  0.] -1 198.661121368
472 [ 1.  0.  0.  0.] -1 197.092380524
473 [ 1.  0.  0.  0.] 9 207.683521271
474 [ 1.  0.  0.  0.] 0 198.683521271
475 [ 0.  1.  0.  0.] -2 238.260415649
476 [ 0.  1.  0.  0.] -1 234.653199768
477 [ 0.  1.  0.  0.] 9 255.498501587
478 [ 0.  1.  0.  0.] -1 254.485638428
479 [ 0.  1.  0.  0.] -1 251.366073608
480 [ 0.  1.  0.  0.] -1 259.811413574
481 [ 0.  1.  0.  0.] 9 270.583752441
482 [ 0.  1.  0.  0.] -1 269.646818542
483 [ 0.  1.  0.  0.] -1 274.782089233
484 [ 0.  1.  0.  0.] -1 276.493295288
485 [ 0.  1.  0.  0.] 9 290.297180176
486 [ 0.  1.  0.  0.] -1 289.250860596
487 [ 0.  1.  0.  0.] -1 292.314297485
488 [ 0.  1.  0.  0.] -1 293.16729126
489 [ 0.  1.  0.  0.] 9 312.242678833
490 [ 0.  1.  0.  0.] -1 297.505841064
491 [ 0.  1.  0.  0.] -1 299.466201782
492 [ 0.  1.  0.  0.] -1 298.581259155
493 [ 0.  1.  0.  0.] 9 316.193696594
494 [ 0.  1.  0.  0.] -1 307.625886536
495 [ 0.  1.  0.  0.] -1 306.142323303
496 [ 0.  1.  0.  0.] -1 309.759385681
497 [ 0.  1.  0.  0.] -1 311.493582153
498 [ 0.  1.  0.  0.] 0 312.493582153
499 [ 1.  0.  0.  0.] -2 363.555378723
500 [ 1.  0.  0.  0.] -1 369.856771851
501 [ 1.  0.  0.  0.] -1 375.730577087
502 [ 1.  0.  0.  0.] -1 376.383673096
503 [ 1.  0.  0.  0.] -1 378.429269409
504 [ 1.  0.  0.  0.] -1 383.719558716
505 [ 1.  0.  0.  0.] -1 383.299324036
506 [ 1.  0.  0.  0.] -1 386.866259766
507 [ 1.  0.  0.  0.] -1 387.785383606
508 [ 1.  0.  0.  0.] -1 390.836759949
509 [ 1.  0.  0.  0.] -1 344.690614319
510 [ 1.  0.  0.  0.] -1 351.097344971
511 [ 1.  0.  0.  0.] -1 349.707917786
512 [ 1.  0.  0.  0.] -1 348.149758911
513 [ 1.  0.  0.  0.] -1 331.776957703
514 [ 1.  0.  0.  0.] 0 332.776957703
515 [ 0.  1.  0.  0.] -2 321.447950745
516 [ 0.  1.  0.  0.] -1 312.863642883
517 [ 0.  1.  0.  0.] -1 305.07026825
518 [ 0.  1.  0.  0.] -1 323.997846985
519 [ 0.  1.  0.  0.] -1 323.343156433
520 [ 0.  1.  0.  0.] -1 323.709611511
521 [ 0.  1.  0.  0.] -1 319.906277466
522 [ 0.  1.  0.  0.] -1 303.634802246
523 [ 0.  1.  0.  0.] -1 305.78636322
524 [ 0.  1.  0.  0.] -1 303.86111145
525 [ 0.  1.  0.  0.] -1 301.499447632
526 [ 0.  1.  0.  0.] -1 284.613783264
527 [ 0.  1.  0.  0.] -1 287.507328796
528 [ 0.  1.  0.  0.] -1 285.674212646
529 [ 0.  1.  0.  0.] -1 280.477885437
530 [ 0.  1.  0.  0.] -1 283.060437012
531 [ 0.  1.  0.  0.] -1 288.128215027
532 [ 0.  1.  0.  0.] -1 290.172680664
533 [ 0.  1.  0.  0.] -1 288.103282166
534 [ 0.  1.  0.  0.] -1 293.564912415
535 [ 0.  1.  0.  0.] -1 291.094790649
536 [ 0.  1.  0.  0.] -1 290.308303833
537 [ 0.  1.  0.  0.] -1 282.779101562
538 [ 0.  1.  0.  0.] 0 283.779101562
539 [ 0.  0.  1.  0.] -2 231.829868317
540 [ 0.  0.  1.  0.] -1 231.857965088
541 [ 0.  0.  1.  0.] -1 245.50760498
542 [ 0.  0.  1.  0.] -1 259.601281738
543 [ 0.  0.  1.  0.] -1 258.002940369
544 [ 0.  0.  1.  0.] -1 255.374465942
545 [ 0.  0.  1.  0.] -1 267.58434906
546 [ 0.  0.  1.  0.] -1 265.30557251
547 [ 0.  0.  1.  0.] -1 263.993205261
548 [ 0.  0.  1.  0.] -1 266.052630615
549 [ 0.  0.  1.  0.] -1 272.786677551
550 [ 0.  0.  1.  0.] -1 228.543199158
551 [ 0.  0.  1.  0.] -1 228.756925964
552 [ 0.  0.  1.  0.] -1 226.357659912
553 [ 0.  0.  1.  0.] -1 233.622689819
554 [ 0.  0.  1.  0.] -1 220.42600174
555 [ 0.  0.  1.  0.] -1 217.509784698
556 [ 0.  0.  1.  0.] -1 218.874786377
557 [ 0.  0.  1.  0.] -1 232.8299263
558 [ 0.  0.  1.  0.] -1 242.496121216
559 [ 0.  0.  1.  0.] -1 236.078040314
560 [ 0.  0.  1.  0.] -1 234.784880066
561 [ 0.  0.  1.  0.] -1 243.398748779
562 [ 0.  0.  1.  0.] -1 273.721514893
563 [ 0.  0.  1.  0.] -1 270.842697144
564 [ 0.  0.  1.  0.] -1 275.43993988
565 [ 0.  0.  1.  0.] -1 289.417301941
566 [ 0.  0.  1.  0.] 0 290.417301941
567 [ 0.  1.  0.  0.] -2 328.252940369
568 [ 0.  1.  0.  0.] -1 331.050396729
569 [ 0.  1.  0.  0.] -1 333.182707214
570 [ 0.  1.  0.  0.] -1 320.377827454
571 [ 0.  1.  0.  0.] -1 321.344613647
572 [ 0.  1.  0.  0.] -1 324.990464783
573 [ 0.  1.  0.  0.] -1 331.103741455
574 [ 0.  1.  0.  0.] -1 343.771780396
575 [ 0.  1.  0.  0.] -1 345.938562012
576 [ 0.  1.  0.  0.] -1 348.988372803
577 [ 0.  1.  0.  0.] -1 348.819032288
578 [ 0.  1.  0.  0.] -1 354.65436554
579 [ 0.  1.  0.  0.] -1 353.945344543
580 [ 0.  1.  0.  0.] -1 358.556126404
581 [ 0.  1.  0.  0.] -1 356.786444092
582 [ 0.  1.  0.  0.] -1 377.539978027
583 [ 0.  1.  0.  0.] -1 382.430036926
584 [ 0.  1.  0.  0.] -1 384.853192139
585 [ 0.  1.  0.  0.] -1 387.738822937
586 [ 0.  1.  0.  0.] 0 388.738822937
587 [ 1.  0.  0.  0.] -2 343.157398987
588 [ 1.  0.  0.  0.] -1 347.043696594
589 [ 1.  0.  0.  0.] -1 360.35198822
590 [ 1.  0.  0.  0.] -1 359.431414795
591 [ 1.  0.  0.  0.] -1 359.640647888
592 [ 1.  0.  0.  0.] -1 359.1463974
593 [ 1.  0.  0.  0.] -1 352.950987244
594 [ 1.  0.  0.  0.] -1 352.463346863
595 [ 1.  0.  0.  0.] -1 347.080226135
596 [ 1.  0.  0.  0.] -1 349.52048645
597 [ 1.  0.  0.  0.] -1 318.345741272
598 [ 1.  0.  0.  0.] 0 319.345741272
599 [ 0.  0.  0.  1.] -2 269.867572021
600 [ 0.  0.  0.  1.] -1 262.998152161
601 [ 0.  0.  0.  1.] -1 262.741517639
602 [ 0.  0.  0.  1.] -1 264.486383057
603 [ 0.  0.  0.  1.] -1 265.625263977
604 [ 0.  0.  0.  1.] -1 269.439933777
605 [ 0.  0.  0.  1.] -1 262.327313232
606 [ 0.  0.  0.  1.] 0 263.327313232
607 [ 1.  0.  0.  0.] -2 326.196820068
608 [ 1.  0.  0.  0.] -1 324.204122925
609 [ 1.  0.  0.  0.] 9 309.074494934
610 [ 1.  0.  0.  0.] -1 296.317152405
611 [ 1.  0.  0.  0.] -1 297.569419861
612 [ 1.  0.  0.  0.] -1 298.26756897
613 [ 1.  0.  0.  0.] 9 317.733735657
614 [ 1.  0.  0.  0.] -1 305.999887085
615 [ 1.  0.  0.  0.] -1 308.255383301
616 [ 1.  0.  0.  0.] -1 306.582881165
617 [ 1.  0.  0.  0.] 9 302.755899048
618 [ 1.  0.  0.  0.] -1 286.73278656
619 [ 1.  0.  0.  0.] -1 291.103923035
620 [ 1.  0.  0.  0.] -1 289.026522827
621 [ 1.  0.  0.  0.] 9 235.459062195
622 [ 1.  0.  0.  0.] -1 220.173353577
623 [ 1.  0.  0.  0.] -1 220.7579422
624 [ 1.  0.  0.  0.] -1 218.104085541
625 [ 1.  0.  0.  0.] 9 200.561695862
626 [ 1.  0.  0.  0.] -1 190.026509094
627 [ 1.  0.  0.  0.] -1 189.108052063
628 [ 1.  0.  0.  0.] -1 193.211450195
629 [ 1.  0.  0.  0.] 9 192.52480545
630 [ 1.  0.  0.  0.] -1 182.791630554
631 [ 1.  0.  0.  0.] -1 181.520272064
632 [ 1.  0.  0.  0.] -1 185.937606812
633 [ 1.  0.  0.  0.] -1 178.970684052
634 [ 1.  0.  0.  0.] 0 179.970684052
635 [ 0.  0.  0.  1.] -2 137.369447327
636 [ 0.  0.  0.  1.] -1 138.200933075
637 [ 0.  0.  0.  1.] -1 139.681147766
638 [ 0.  0.  0.  1.] -1 141.529354095
639 [ 0.  0.  0.  1.] -1 142.506142426
640 [ 0.  0.  0.  1.] -1 144.695972443
641 [ 0.  0.  0.  1.] -1 173.267074585
642 [ 0.  0.  0.  1.] -1 175.829172516
643 [ 0.  0.  0.  1.] -1 194.984292603
644 [ 0.  0.  0.  1.] -1 203.333815002
645 [ 0.  0.  0.  1.] -1 227.3782547
646 [ 0.  0.  0.  1.] -1 227.16736908
647 [ 0.  0.  0.  1.] -1 228.943270111
648 [ 0.  0.  0.  1.] -1 235.053270721
649 [ 0.  0.  0.  1.] -1 222.88503418
650 [ 0.  0.  0.  1.] -1 222.852128601
651 [ 0.  0.  0.  1.] -1 225.137094879
652 [ 0.  0.  0.  1.] -1 234.55043869
653 [ 0.  0.  0.  1.] -1 265.219090271
654 [ 0.  0.  0.  1.] -1 275.698429871
655 [ 0.  0.  0.  1.] -1 290.967430115
656 [ 0.  0.  0.  1.] -1 303.362889099
657 [ 0.  0.  0.  1.] -1 273.929037476
658 [ 0.  0.  0.  1.] 0 274.929037476
659 [ 1.  0.  0.  0.] -2 321.45861969
660 [ 1.  0.  0.  0.] -1 318.10786438
661 [ 1.  0.  0.  0.] -1 133.570944214
662 [ 1.  0.  0.  0.] -1 129.129676819
663 [ 1.  0.  0.  0.] -1 128.979673767
664 [ 1.  0.  0.  0.] -1 126.464629364
665 [ 1.  0.  0.  0.] -1 112.318709564
666 [ 1.  0.  0.  0.] -1 106.399082947
667 [ 1.  0.  0.  0.] -1 105.748197556
668 [ 1.  0.  0.  0.] -1 107.259600067
669 [ 1.  0.  0.  0.] -1 163.943489075
670 [ 1.  0.  0.  0.] -1 154.661129761
671 [ 1.  0.  0.  0.] -1 158.704181671
672 [ 1.  0.  0.  0.] -1 155.480464172
673 [ 1.  0.  0.  0.] -1 149.963604736
674 [ 1.  0.  0.  0.] -1 142.36596756
675 [ 1.  0.  0.  0.] -1 144.760449982
676 [ 1.  0.  0.  0.] -1 150.77982254
677 [ 1.  0.  0.  0.] -1 90.3281288147
678 [ 1.  0.  0.  0.] -1 88.2559761047
679 [ 1.  0.  0.  0.] -1 89.2077373505
680 [ 1.  0.  0.  0.] -1 89.197278595
681 [ 1.  0.  0.  0.] -1 89.1486885071
682 [ 1.  0.  0.  0.] 0 90.1486885071
683 [ 0.  0.  0.  1.] -2 70.8389335632
684 [ 0.  0.  0.  1.] -1 73.1736316681
685 [ 0.  0.  0.  1.] -1 63.8019126892
686 [ 0.  0.  0.  1.] -1 65.9772323608
687 [ 0.  0.  0.  1.] -1 65.7550617218
688 [ 0.  0.  0.  1.] -1 68.3015693665
689 [ 0.  0.  0.  1.] -1 69.3614696503
690 [ 0.  0.  0.  1.] -1 71.0306957245
691 [ 0.  0.  0.  1.] -1 73.9187835693
692 [ 0.  0.  0.  1.] -1 75.3110157013
693 [ 0.  0.  0.  1.] -1 63.3156059265
694 [ 0.  0.  0.  1.] 0 64.3156059265
695 [ 1.  0.  0.  0.] -2 95.9962921143
696 [ 1.  0.  0.  0.] -1 97.0735984802
697 [ 1.  0.  0.  0.] -1 104.723826599
698 [ 1.  0.  0.  0.] -1 107.710971832
699 [ 1.  0.  0.  0.] -1 113.26620903
700 [ 1.  0.  0.  0.] -1 110.613185883
701 [ 1.  0.  0.  0.] -1 100.389154434
702 [ 1.  0.  0.  0.] -1 97.8223670959
703 [ 1.  0.  0.  0.] -1 97.2845348358
704 [ 1.  0.  0.  0.] -1 97.5395530701
705 [ 1.  0.  0.  0.] -1 79.5932998657
706 [ 1.  0.  0.  0.] 0 80.5932998657
707 [ 0.  1.  0.  0.] -2 77.2032421112
708 [ 0.  1.  0.  0.] -1 76.3604572296
709 [ 0.  1.  0.  0.] -1 75.0773353577
710 [ 0.  1.  0.  0.] -1 77.7436004639
711 [ 0.  1.  0.  0.] -1 77.9268062592
712 [ 0.  1.  0.  0.] -1 80.3762062073
713 [ 0.  1.  0.  0.] -1 80.0944793701
714 [ 0.  1.  0.  0.] -1 71.6781093597
715 [ 0.  1.  0.  0.] -1 70.5909713745
716 [ 0.  1.  0.  0.] -1 70.6110263824
717 [ 0.  1.  0.  0.] -1 69.5529525757
718 [ 0.  1.  0.  0.] 0 70.5529525757
719 [ 1.  0.  0.  0.] -2 168.276178741
720 [ 1.  0.  0.  0.] -1 170.33176651
721 [ 1.  0.  0.  0.] -1 149.228853607
722 [ 1.  0.  0.  0.] -1 147.645616913
723 [ 1.  0.  0.  0.] -1 144.826753998
724 [ 1.  0.  0.  0.] -1 146.396321106
725 [ 1.  0.  0.  0.] -1 98.7124557495
726 [ 1.  0.  0.  0.] -1 104.715788651
727 [ 1.  0.  0.  0.] -1 105.005879593
728 [ 1.  0.  0.  0.] -1 109.187047958
729 [ 1.  0.  0.  0.] -1 128.763265228
730 [ 1.  0.  0.  0.] 0 129.763265228
731 [ 0.  1.  0.  0.] -2 88.2146083832
732 [ 0.  1.  0.  0.] -1 88.0851787567
733 [ 0.  1.  0.  0.] 9 101.779330063
734 [ 0.  1.  0.  0.] -1 105.559715271
735 [ 0.  1.  0.  0.] -1 108.80037117
736 [ 0.  1.  0.  0.] -1 110.965420532
737 [ 0.  1.  0.  0.] 9 119.421010971
738 [ 0.  1.  0.  0.] -1 114.539705658
739 [ 0.  1.  0.  0.] -1 118.815068054
740 [ 0.  1.  0.  0.] -1 118.387397003
741 [ 0.  1.  0.  0.] 9 128.396790314
742 [ 0.  1.  0.  0.] -1 113.213407898
743 [ 0.  1.  0.  0.] -1 121.8880867
744 [ 0.  1.  0.  0.] -1 119.675382233
745 [ 0.  1.  0.  0.] 9 133.889949036
746 [ 0.  1.  0.  0.] -1 110.340946579
747 [ 0.  1.  0.  0.] -1 112.142041397
748 [ 0.  1.  0.  0.] -1 111.085062027
749 [ 0.  1.  0.  0.] 9 122.642691803
750 [ 0.  1.  0.  0.] -1 117.170434189
751 [ 0.  1.  0.  0.] -1 117.728364944
752 [ 0.  1.  0.  0.] -1 118.577589798
753 [ 0.  1.  0.  0.] 9 127.444398499
754 [ 0.  1.  0.  0.] 0 118.444398499
755 [ 0.  0.  1.  0.] -2 89.2747333527
756 [ 0.  0.  1.  0.] -1 92.9344608307
757 [ 0.  0.  1.  0.] 9 102.326976013
758 [ 0.  0.  1.  0.] -1 89.4876811981
759 [ 0.  0.  1.  0.] -1 89.1417015076
760 [ 0.  0.  1.  0.] -1 89.4406494141
761 [ 0.  0.  1.  0.] 9 102.97228775
762 [ 0.  0.  1.  0.] -1 83.1077388763
763 [ 0.  0.  1.  0.] -1 83.1779277802
764 [ 0.  0.  1.  0.] -1 82.4571434021
765 [ 0.  0.  1.  0.] -1 85.8848754883
766 [ 0.  0.  1.  0.] -1 81.6352577209
767 [ 0.  0.  1.  0.] -1 79.5527259827
768 [ 0.  0.  1.  0.] -1 80.3545783997
769 [ 0.  0.  1.  0.] -1 88.6083774567
770 [ 0.  0.  1.  0.] -1 87.2880592346
771 [ 0.  0.  1.  0.] -1 85.4406791687
772 [ 0.  0.  1.  0.] -1 85.988615036
773 [ 0.  0.  1.  0.] -1 89.3039463043
774 [ 0.  0.  1.  0.] -1 77.4751880646
775 [ 0.  0.  1.  0.] -1 77.4752895355
776 [ 0.  0.  1.  0.] -1 78.0421207428
777 [ 0.  0.  1.  0.] -1 82.8131469727
778 [ 0.  0.  1.  0.] 0 83.8131469727
779 [ 0.  0.  0.  1.] -2 82.5939369202
780 [ 0.  0.  0.  1.] -1 83.8601387024
781 [ 0.  0.  0.  1.] -1 71.3190761566
782 [ 0.  0.  0.  1.] -1 72.7677043915
783 [ 0.  0.  0.  1.] -1 72.2279949188
784 [ 0.  0.  0.  1.] -1 71.5924533844
785 [ 0.  0.  0.  1.] -1 74.5615585327
786 [ 0.  0.  0.  1.] -1 75.6217269897
787 [ 0.  0.  0.  1.] -1 79.0562286377
788 [ 0.  0.  0.  1.] -1 78.3804103851
789 [ 0.  0.  0.  1.] -1 70.4677131653
790 [ 0.  0.  0.  1.] 0 71.4677131653
791 [ 0.  0.  1.  0.] -2 77.4722560883
792 [ 0.  0.  1.  0.] -1 77.1563808441
793 [ 0.  0.  1.  0.] -1 81.9557029724
794 [ 0.  0.  1.  0.] -1 97.8814231873
795 [ 0.  0.  1.  0.] -1 93.8145111084
796 [ 0.  0.  1.  0.] -1 91.9929988861
797 [ 0.  0.  1.  0.] -1 105.527157593
798 [ 0.  0.  1.  0.] -1 119.289024353
799 [ 0.  0.  1.  0.] -1 117.866981506
800 [ 0.  0.  1.  0.] -1 116.594832993
801 [ 0.  0.  1.  0.] -1 117.892929077
802 [ 0.  0.  1.  0.] 0 118.892929077
803 [ 0.  0.  0.  1.] -2 97.9994300842
804 [ 0.  0.  0.  1.] -1 102.291756439
805 [ 0.  0.  0.  1.] -1 97.2225723267
806 [ 0.  0.  0.  1.] -1 91.5718654633
807 [ 0.  0.  0.  1.] -1 96.9970966339
808 [ 0.  0.  0.  1.] -1 102.378071976
809 [ 0.  0.  0.  1.] -1 97.9489665985
810 [ 0.  0.  0.  1.] -1 95.6324356079
811 [ 0.  0.  0.  1.] -1 100.000810623
812 [ 0.  0.  0.  1.] -1 102.678650665
813 [ 0.  0.  0.  1.] -1 104.333815765
814 [ 0.  0.  0.  1.] 0 105.333815765
815 [ 1.  0.  0.  0.] -2 147.474692535
816 [ 1.  0.  0.  0.] -1 145.526338196
817 [ 1.  0.  0.  0.] -1 140.570714569
818 [ 1.  0.  0.  0.] -1 133.178831482
819 [ 1.  0.  0.  0.] -1 135.139583588
820 [ 1.  0.  0.  0.] -1 141.059500122
821 [ 1.  0.  0.  0.] -1 85.2883350372
822 [ 1.  0.  0.  0.] -1 83.5514930725
823 [ 1.  0.  0.  0.] -1 84.2119457245
824 [ 1.  0.  0.  0.] -1 84.3335006714
825 [ 1.  0.  0.  0.] -1 84.7558227539
826 [ 1.  0.  0.  0.] 0 85.7558227539
827 [ 0.  0.  0.  1.] -2 66.5792049408
828 [ 0.  0.  0.  1.] -1 68.7423591614
829 [ 0.  0.  0.  1.] -1 60.4222415924
830 [ 0.  0.  0.  1.] -1 62.6877037048
831 [ 0.  0.  0.  1.] -1 62.2706508636
832 [ 0.  0.  0.  1.] -1 65.007075882
833 [ 0.  0.  0.  1.] -1 66.2389476776
834 [ 0.  0.  0.  1.] -1 67.8967292786
835 [ 0.  0.  0.  1.] -1 70.2906970978
836 [ 0.  0.  0.  1.] -1 71.7318744659
837 [ 0.  0.  0.  1.] -1 60.3180309296
838 [ 0.  0.  0.  1.] 0 61.3180309296
839 [ 1.  0.  0.  0.] -2 89.3838291168
840 [ 1.  0.  0.  0.] -1 90.49243927
841 [ 1.  0.  0.  0.] -1 97.258007431
842 [ 1.  0.  0.  0.] -1 99.3649284363
843 [ 1.  0.  0.  0.] -1 103.010438919
844 [ 1.  0.  0.  0.] -1 101.152498627
845 [ 1.  0.  0.  0.] -1 92.498085022
846 [ 1.  0.  0.  0.] -1 89.8576660156
847 [ 1.  0.  0.  0.] -1 89.3975532532
848 [ 1.  0.  0.  0.] -1 89.716418457
849 [ 1.  0.  0.  0.] -1 73.2128574371
850 [ 1.  0.  0.  0.] 0 74.2128574371
851 [ 0.  1.  0.  0.] -2 71.6384159088
852 [ 0.  1.  0.  0.] -1 71.44155159
853 [ 0.  1.  0.  0.] -1 69.9305404663
854 [ 0.  1.  0.  0.] -1 72.812286377
855 [ 0.  1.  0.  0.] -1 72.9839244843
856 [ 0.  1.  0.  0.] -1 75.2044784546
857 [ 0.  1.  0.  0.] -1 75.4706947327
858 [ 0.  1.  0.  0.] -1 68.1128696442
859 [ 0.  1.  0.  0.] -1 67.2725017548
860 [ 0.  1.  0.  0.] -1 67.1876792908
861 [ 0.  1.  0.  0.] -1 66.2002147675
862 [ 0.  1.  0.  0.] 0 67.2002147675
863 [ 1.  0.  0.  0.] -2 109.861775208
864 [ 1.  0.  0.  0.] -1 113.643883896
865 [ 1.  0.  0.  0.] -1 122.19212265
866 [ 1.  0.  0.  0.] -1 125.195546722
867 [ 1.  0.  0.  0.] -1 124.052708435
868 [ 1.  0.  0.  0.] -1 133.296349335
869 [ 1.  0.  0.  0.] -1 100.21317482
870 [ 1.  0.  0.  0.] -1 104.619775391
871 [ 1.  0.  0.  0.] -1 107.373580933
872 [ 1.  0.  0.  0.] -1 110.41897049
873 [ 1.  0.  0.  0.] -1 127.024328613
874 [ 1.  0.  0.  0.] 0 128.024328613
875 [ 0.  0.  0.  1.] -2 59.5830150604
876 [ 0.  0.  0.  1.] -1 62.5579658508
877 [ 0.  0.  0.  1.] -1 54.8496999741
878 [ 0.  0.  0.  1.] -1 53.6271562576
879 [ 0.  0.  0.  1.] -1 52.0830329895
880 [ 0.  0.  0.  1.] -1 51.8023317337
881 [ 0.  0.  0.  1.] -1 51.2990467072
882 [ 0.  0.  0.  1.] -1 47.7963638306
883 [ 0.  0.  0.  1.] -1 49.1289419174
884 [ 0.  0.  0.  1.] -1 47.9966312408
885 [ 0.  0.  0.  1.] -1 50.951294899
886 [ 0.  0.  0.  1.] 0 51.951294899
887 [ 1.  0.  0.  0.] -2 184.638905334
888 [ 1.  0.  0.  0.] -1 172.079734039
889 [ 1.  0.  0.  0.] 9 154.06241684
890 [ 1.  0.  0.  0.] -1 146.454869843
891 [ 1.  0.  0.  0.] -1 146.640634155
892 [ 1.  0.  0.  0.] -1 145.969809723
893 [ 1.  0.  0.  0.] 9 110.598996353
894 [ 1.  0.  0.  0.] -1 102.141586685
895 [ 1.  0.  0.  0.] -1 99.6195915222
896 [ 1.  0.  0.  0.] -1 105.153353119
897 [ 1.  0.  0.  0.] 9 127.658197784
898 [ 1.  0.  0.  0.] 0 118.658197784
899 [ 0.  1.  0.  0.] -2 81.9771602631
900 [ 0.  1.  0.  0.] -1 82.3002838135
901 [ 0.  1.  0.  0.] 9 96.2564548492
902 [ 0.  1.  0.  0.] -1 94.7995113373
903 [ 0.  1.  0.  0.] -1 96.0684272766
904 [ 0.  1.  0.  0.] -1 99.0595733643
905 [ 0.  1.  0.  0.] 9 113.701724243
906 [ 0.  1.  0.  0.] -1 104.133439636
907 [ 0.  1.  0.  0.] -1 105.678617477
908 [ 0.  1.  0.  0.] -1 106.191161728
909 [ 0.  1.  0.  0.] 9 119.523126984
910 [ 0.  1.  0.  0.] 0 110.523126984
911 [ 1.  0.  0.  0.] -2 214.936767578
912 [ 1.  0.  0.  0.] -1 230.238024902
913 [ 1.  0.  0.  0.] 9 279.922993469
914 [ 1.  0.  0.  0.] -1 290.267077637
915 [ 1.  0.  0.  0.] -1 303.991110229
916 [ 1.  0.  0.  0.] -1 322.565193176
917 [ 1.  0.  0.  0.] 9 420.783396912
918 [ 1.  0.  0.  0.] -1 421.24052887
919 [ 1.  0.  0.  0.] -1 421.726806641
920 [ 1.  0.  0.  0.] -1 423.143515015
921 [ 1.  0.  0.  0.] 9 428.839784241
922 [ 1.  0.  0.  0.] 0 419.839784241
923 [ 0.  0.  0.  1.] -2 97.2126098633
924 [ 0.  0.  0.  1.] -1 96.3588226318
925 [ 0.  0.  0.  1.] 9 93.4338665009
926 [ 0.  0.  0.  1.] -1 81.7659160614
927 [ 0.  0.  0.  1.] -1 81.0807044983
928 [ 0.  0.  0.  1.] -1 78.7209396362
929 [ 0.  0.  0.  1.] 9 85.655342865
930 [ 0.  0.  0.  1.] -1 75.9997425079
931 [ 0.  0.  0.  1.] -1 76.4335163116
932 [ 0.  0.  0.  1.] -1 76.0626617432
933 [ 0.  0.  0.  1.] 9 79.0793949127
934 [ 0.  0.  0.  1.] -1 68.7246379852
935 [ 0.  0.  0.  1.] -1 69.7339477539
936 [ 0.  0.  0.  1.] -1 70.3860870361
937 [ 0.  0.  0.  1.] 9 74.6954948425
938 [ 0.  0.  0.  1.] -1 64.0828350067
939 [ 0.  0.  0.  1.] -1 66.2234733582
940 [ 0.  0.  0.  1.] -1 68.8158168793
941 [ 0.  0.  0.  1.] 9 78.5056854248
942 [ 0.  0.  0.  1.] -1 75.439630127
943 [ 0.  0.  0.  1.] -1 80.1515277863
944 [ 0.  0.  0.  1.] -1 85.0631420135
945 [ 0.  0.  0.  1.] 9 97.6206954956
946 [ 0.  0.  0.  1.] -1 90.2912948608
947 [ 0.  0.  0.  1.] -1 91.7702266693
948 [ 0.  0.  0.  1.] -1 92.0393493652
949 [ 0.  0.  0.  1.] 9 106.983745956
950 [ 0.  0.  0.  1.] -1 100.164896393
951 [ 0.  0.  0.  1.] -1 102.83318367
952 [ 0.  0.  0.  1.] -1 104.922767639
953 [ 0.  0.  0.  1.] 9 118.669248962
954 [ 0.  0.  0.  1.] -1 112.902928543
955 [ 0.  0.  0.  1.] -1 117.856232834
956 [ 0.  0.  0.  1.] -1 121.476868439
957 [ 0.  0.  0.  1.] 9 161.025092316
958 [ 0.  0.  0.  1.] 0 152.025092316
959 [ 0.  0.  1.  0.] -2 149.109896851
960 [ 0.  0.  1.  0.] -1 150.950482178
961 [ 0.  0.  1.  0.] 9 156.147093964
962 [ 0.  0.  1.  0.] -1 127.895717621
963 [ 0.  0.  1.  0.] -1 128.174835205
964 [ 0.  0.  1.  0.] -1 130.049786377
965 [ 0.  0.  1.  0.] 9 131.135404205
966 [ 0.  0.  1.  0.] -1 96.2873001099
967 [ 0.  0.  1.  0.] -1 95.5520343781
968 [ 0.  0.  1.  0.] -1 93.1529567719
969 [ 0.  0.  1.  0.] 9 100.993727493
970 [ 0.  0.  1.  0.] 0 91.9937274933
971 [ 0.  1.  0.  0.] -2 66.9620983124
972 [ 0.  1.  0.  0.] -1 65.7565620422
973 [ 0.  1.  0.  0.] 9 74.8669589996
974 [ 0.  1.  0.  0.] -1 70.3889789581
975 [ 0.  1.  0.  0.] -1 69.8716220856
976 [ 0.  1.  0.  0.] -1 69.0250789642
977 [ 0.  1.  0.  0.] 9 80.9481273651
978 [ 0.  1.  0.  0.] -1 73.9029033661
979 [ 0.  1.  0.  0.] -1 68.8279281616
980 [ 0.  1.  0.  0.] -1 69.4922222137
981 [ 0.  1.  0.  0.] 9 78.6029453278
982 [ 0.  1.  0.  0.] 0 69.6029453278
983 [ 0.  0.  1.  0.] -2 32.486847496
984 [ 0.  0.  1.  0.] -1 32.5055763245
985 [ 0.  0.  1.  0.] 9 44.0612636566
986 [ 0.  0.  1.  0.] -1 30.063435173
987 [ 0.  0.  1.  0.] -1 30.5212032318
988 [ 0.  0.  1.  0.] -1 29.8985267639
989 [ 0.  0.  1.  0.] 9 41.1179176331
990 [ 0.  0.  1.  0.] -1 20.8778918266
991 [ 0.  0.  1.  0.] -1 20.8714846611
992 [ 0.  0.  1.  0.] -1 20.9713991165
993 [ 0.  0.  1.  0.] 9 31.3425363541
994 [ 0.  0.  1.  0.] 0 22.3425363541
995 [ 0.  1.  0.  0.] -2 41.144805336
996 [ 0.  1.  0.  0.] -1 44.9307807922
997 [ 0.  1.  0.  0.] -1 45.6424907684
998 [ 0.  1.  0.  0.] -1 49.7854589462
999 [ 0.  1.  0.  0.] -1 50.7303274155
1000 [ 0.  1.  0.  0.] -1 52.7021289825
1001 [ 0.  1.  0.  0.] -1 52.6578586578
1002 [ 0.  1.  0.  0.] -1 59.290014267
1003 [ 0.  1.  0.  0.] -1 59.6713420868
1004 [ 0.  1.  0.  0.] -1 62.7756065369
1005 [ 0.  1.  0.  0.] -1 64.4473693848
1006 [ 0.  1.  0.  0.] -1 65.2063865662
1007 [ 0.  1.  0.  0.] -1 69.6354701996
1008 [ 0.  1.  0.  0.] -1 70.55246315
1009 [ 0.  1.  0.  0.] -1 71.3751243591
1010 [ 0.  1.  0.  0.] -1 73.4024776459
1011 [ 0.  1.  0.  0.] -1 74.636712265
1012 [ 0.  1.  0.  0.] -1 83.6964878082
1013 [ 0.  1.  0.  0.] -1 87.4717506409
1014 [ 0.  1.  0.  0.] -1 84.1821350098
1015 [ 0.  1.  0.  0.] -1 80.8815315247
1016 [ 0.  1.  0.  0.] -1 83.2831169128
1017 [ 0.  1.  0.  0.] -1 79.1866622925
1018 [ 0.  1.  0.  0.] -1 76.5795475006
1019 [ 0.  1.  0.  0.] -1 75.0366527557
1020 [ 0.  1.  0.  0.] -1 74.5281890869
1021 [ 0.  1.  0.  0.] -1 76.8469741821
1022 [ 0.  1.  0.  0.] -1 85.9599784851
1023 [ 0.  1.  0.  0.] -1 85.7916309357
1024 [ 0.  1.  0.  0.] -1 88.0345157623
1025 [ 0.  1.  0.  0.] -1 84.4822860718
1026 [ 0.  1.  0.  0.] -1 86.7008541107
1027 [ 0.  1.  0.  0.] -1 87.2000911713
1028 [ 0.  1.  0.  0.] -1 89.1585819244
1029 [ 0.  1.  0.  0.] -1 90.5778923035
1030 [ 0.  1.  0.  0.] -1 94.8032150269
1031 [ 0.  1.  0.  0.] -1 96.5454711914
1032 [ 0.  1.  0.  0.] -1 96.1622661591
1033 [ 0.  1.  0.  0.] -1 94.4360858917
1034 [ 0.  1.  0.  0.] -1 93.3295742035
1035 [ 0.  1.  0.  0.] -1 94.2311580658
1036 [ 0.  1.  0.  0.] -1 94.6323596954
1037 [ 0.  1.  0.  0.] -1 95.1131797791
1038 [ 0.  1.  0.  0.] -1 101.756533432
1039 [ 0.  1.  0.  0.] -1 101.49759407
1040 [ 0.  1.  0.  0.] -1 102.173173141
1041 [ 0.  1.  0.  0.] -1 100.637562561
1042 [ 0.  1.  0.  0.] -1 104.894326782
1043 [ 0.  1.  0.  0.] -1 106.769140244
1044 [ 0.  1.  0.  0.] -1 106.939640427
1045 [ 0.  1.  0.  0.] 9 119.979499817
1046 [ 0.  1.  0.  0.] -1 122.114221954
1047 [ 0.  1.  0.  0.] -1 130.068036652
1048 [ 0.  1.  0.  0.] -1 131.911328888
1049 [ 0.  1.  0.  0.] 9 140.397556305
1050 [ 0.  1.  0.  0.] 0 131.397556305
1051 [ 1.  0.  0.  0.] -2 203.57766037
1052 [ 1.  0.  0.  0.] -1 210.728582764
1053 [ 1.  0.  0.  0.] 9 234.388195801
1054 [ 1.  0.  0.  0.] -1 232.441539001
1055 [ 1.  0.  0.  0.] -1 233.307448578
1056 [ 1.  0.  0.  0.] -1 230.187492371
1057 [ 1.  0.  0.  0.] 9 203.812158203
1058 [ 1.  0.  0.  0.] -1 198.114700317
1059 [ 1.  0.  0.  0.] -1 190.98113327
1060 [ 1.  0.  0.  0.] -1 200.224614716
1061 [ 1.  0.  0.  0.] 9 260.427380371
1062 [ 1.  0.  0.  0.] -1 258.188023376
1063 [ 1.  0.  0.  0.] -1 255.365391541
1064 [ 1.  0.  0.  0.] -1 260.945655823
1065 [ 1.  0.  0.  0.] 49 1210.20429687
1066 [ 1.  0.  0.  0.] -1 1235.47764893
1067 [ 1.  0.  0.  0.] -1 1271.80401611
1068 [ 1.  0.  0.  0.] -1 1384.19555664
1069 [ 1.  0.  0.  0.] 9 1550.47670288
1070 [ 1.  0.  0.  0.] -1 1564.4791626
1071 [ 1.  0.  0.  0.] -1 1582.71296997
1072 [ 1.  0.  0.  0.] -1 1585.47297974
1073 [ 1.  0.  0.  0.] 9 1558.55610962
1074 [ 1.  0.  0.  0.] 0 1549.55610962
1075 [ 0.  0.  0.  1.] -2 368.817401123
1076 [ 0.  0.  0.  1.] -1 363.720620728
1077 [ 0.  0.  0.  1.] 9 321.947070312
1078 [ 0.  0.  0.  1.] -1 302.799812317
1079 [ 0.  0.  0.  1.] -1 297.362245178
1080 [ 0.  0.  0.  1.] -1 292.456762695
1081 [ 0.  0.  0.  1.] 9 278.534088135
1082 [ 0.  0.  0.  1.] -1 266.002156067
1083 [ 0.  0.  0.  1.] -1 265.910194397
1084 [ 0.  0.  0.  1.] -1 263.173522949
1085 [ 0.  0.  0.  1.] 9 245.168367767
1086 [ 0.  0.  0.  1.] -1 228.547649384
1087 [ 0.  0.  0.  1.] -1 223.707746124
1088 [ 0.  0.  0.  1.] -1 220.417289734
1089 [ 0.  0.  0.  1.] 9 242.842363739
1090 [ 0.  0.  0.  1.] -1 236.851118469
1091 [ 0.  0.  0.  1.] -1 237.333772278
1092 [ 0.  0.  0.  1.] -1 237.790304565
1093 [ 0.  0.  0.  1.] 9 217.040447235
1094 [ 0.  0.  0.  1.] -1 198.393426514
1095 [ 0.  0.  0.  1.] -1 194.233393097
1096 [ 0.  0.  0.  1.] -1 193.66980896
1097 [ 0.  0.  0.  1.] 9 191.448952484
1098 [ 0.  0.  0.  1.] -1 183.438725281
1099 [ 0.  0.  0.  1.] -1 183.448959351
1100 [ 0.  0.  0.  1.] -1 188.649968719
1101 [ 0.  0.  0.  1.] 9 251.169519043
1102 [ 0.  0.  0.  1.] -1 253.745016479
1103 [ 0.  0.  0.  1.] -1 260.187783813
1104 [ 0.  0.  0.  1.] -1 260.787245178
1105 [ 0.  0.  0.  1.] -1 259.777232361
1106 [ 0.  0.  0.  1.] 0 260.777232361
1107 [ 0.  0.  1.  0.] -2 160.320030212
1108 [ 0.  0.  1.  0.] -1 160.922061157
1109 [ 0.  0.  1.  0.] -1 161.434532928
1110 [ 0.  0.  1.  0.] -1 168.107610321
1111 [ 0.  0.  1.  0.] -1 165.723361969
1112 [ 0.  0.  1.  0.] -1 163.470228577
1113 [ 0.  0.  1.  0.] -1 180.846780396
1114 [ 0.  0.  1.  0.] -1 140.308542633
1115 [ 0.  0.  1.  0.] -1 141.350112915
1116 [ 0.  0.  1.  0.] -1 133.199662018
1117 [ 0.  0.  1.  0.] -1 137.814444733
1118 [ 0.  0.  1.  0.] 0 138.814444733
1119 [ 0.  0.  0.  1.] -2 155.097827911
1120 [ 0.  0.  0.  1.] -1 150.163082123
1121 [ 0.  0.  0.  1.] -1 142.475904083
1122 [ 0.  0.  0.  1.] -1 143.507443237
1123 [ 0.  0.  0.  1.] -1 143.149671173
1124 [ 0.  0.  0.  1.] -1 145.615371704
1125 [ 0.  0.  0.  1.] -1 169.601335144
1126 [ 0.  0.  0.  1.] -1 178.150842285
1127 [ 0.  0.  0.  1.] -1 190.600965118
1128 [ 0.  0.  0.  1.] -1 192.834978485
1129 [ 0.  0.  0.  1.] -1 215.226818848
1130 [ 0.  0.  0.  1.] 0 216.226818848
1131 [ 0.  0.  1.  0.] -2 116.372325134
1132 [ 0.  0.  1.  0.] -1 118.874769211
1133 [ 0.  0.  1.  0.] -1 118.177301407
1134 [ 0.  0.  1.  0.] -1 131.470915985
1135 [ 0.  0.  1.  0.] -1 125.541287231
1136 [ 0.  0.  1.  0.] -1 127.708547211
1137 [ 0.  0.  1.  0.] -1 129.326197052
1138 [ 0.  0.  1.  0.] -1 71.1965934753
1139 [ 0.  0.  1.  0.] -1 69.0639785767
1140 [ 0.  0.  1.  0.] -1 69.8569450378
1141 [ 0.  0.  1.  0.] -1 79.8783752441
1142 [ 0.  0.  1.  0.] 0 80.8783752441
1143 [ 0.  1.  0.  0.] -2 239.975332642
1144 [ 0.  1.  0.  0.] -1 246.668258667
1145 [ 0.  1.  0.  0.] -1 244.545080566
1146 [ 0.  1.  0.  0.] -1 260.003338623
1147 [ 0.  1.  0.  0.] -1 262.911380005
1148 [ 0.  1.  0.  0.] -1 308.419795227
1149 [ 0.  1.  0.  0.] -1 326.089888
1150 [ 0.  1.  0.  0.] -1 301.289808655
1151 [ 0.  1.  0.  0.] -1 272.001756287
1152 [ 0.  1.  0.  0.] -1 289.118687439
1153 [ 0.  1.  0.  0.] -1 252.59848175
1154 [ 0.  1.  0.  0.] 0 253.59848175
1155 [ 0.  0.  1.  0.] -2 73.8437637329
1156 [ 0.  0.  1.  0.] -1 75.2341587067
1157 [ 0.  0.  1.  0.] -1 78.8671302795
1158 [ 0.  0.  1.  0.] -1 71.3933456421
1159 [ 0.  0.  1.  0.] -1 72.3220657349
1160 [ 0.  0.  1.  0.] -1 71.0381320953
1161 [ 0.  0.  1.  0.] -1 75.5840015411
1162 [ 0.  0.  1.  0.] -1 63.1349658966
1163 [ 0.  0.  1.  0.] -1 64.4678012848
1164 [ 0.  0.  1.  0.] -1 62.9877388
1165 [ 0.  0.  1.  0.] -1 64.9642189026
1166 [ 0.  0.  1.  0.] 0 65.9642189026
1167 [ 0.  0.  0.  1.] -2 79.8427913666
1168 [ 0.  0.  0.  1.] -1 82.333290863
1169 [ 0.  0.  0.  1.] -1 67.2186134338
1170 [ 0.  0.  0.  1.] -1 67.3454521179
1171 [ 0.  0.  0.  1.] -1 68.1508487701
1172 [ 0.  0.  0.  1.] -1 69.4453208923
1173 [ 0.  0.  0.  1.] -1 72.1561027527
1174 [ 0.  0.  0.  1.] -1 76.2736198425
1175 [ 0.  0.  0.  1.] -1 80.4005519867
1176 [ 0.  0.  0.  1.] -1 76.9083568573
1177 [ 0.  0.  0.  1.] -1 69.4443061829
1178 [ 0.  0.  0.  1.] 0 70.4443061829
1179 [ 0.  0.  1.  0.] -2 74.3222354889
1180 [ 0.  0.  1.  0.] -1 77.0713989258
1181 [ 0.  0.  1.  0.] -1 83.1948444366
1182 [ 0.  0.  1.  0.] -1 81.3185813904
1183 [ 0.  0.  1.  0.] -1 78.0434833527
1184 [ 0.  0.  1.  0.] -1 77.6012802124
1185 [ 0.  0.  1.  0.] -1 82.1150920868
1186 [ 0.  0.  1.  0.] -1 57.3715791702
1187 [ 0.  0.  1.  0.] -1 56.0868192673
1188 [ 0.  0.  1.  0.] -1 57.4224813461
1189 [ 0.  0.  1.  0.] -1 64.6716636658
1190 [ 0.  0.  1.  0.] 0 65.6716636658
1191 [ 0.  1.  0.  0.] -2 85.8119140625
1192 [ 0.  1.  0.  0.] -1 87.7377059937
1193 [ 0.  1.  0.  0.] -1 85.5452014923
1194 [ 0.  1.  0.  0.] -1 91.6638996124
1195 [ 0.  1.  0.  0.] -1 88.9680847168
1196 [ 0.  1.  0.  0.] -1 94.5820518494
1197 [ 0.  1.  0.  0.] -1 95.025472641
1198 [ 0.  1.  0.  0.] -1 113.416516495
1199 [ 0.  1.  0.  0.] -1 112.840197754
1200 [ 0.  1.  0.  0.] -1 114.099321747
1201 [ 0.  1.  0.  0.] -1 108.992702103
1202 [ 0.  1.  0.  0.] 0 109.992702103
1203 [ 0.  0.  1.  0.] -2 79.3425323486
1204 [ 0.  0.  1.  0.] -1 80.9678325653
1205 [ 0.  0.  1.  0.] -1 86.2821994781
1206 [ 0.  0.  1.  0.] -1 131.130509949
1207 [ 0.  0.  1.  0.] -1 123.873496246
1208 [ 0.  0.  1.  0.] -1 122.788931274
1209 [ 0.  0.  1.  0.] -1 148.151290131
1210 [ 0.  0.  1.  0.] -1 164.977289581
1211 [ 0.  0.  1.  0.] -1 161.794566345
1212 [ 0.  0.  1.  0.] -1 169.322579956
1213 [ 0.  0.  1.  0.] -1 172.402107239
1214 [ 0.  0.  1.  0.] 0 173.402107239
1215 [ 0.  1.  0.  0.] -2 150.02312088
1216 [ 0.  1.  0.  0.] -1 142.641214752
1217 [ 0.  1.  0.  0.] -1 158.534449768
1218 [ 0.  1.  0.  0.] -1 202.940644073
1219 [ 0.  1.  0.  0.] -1 198.951313782
1220 [ 0.  1.  0.  0.] -1 191.400628662
1221 [ 0.  1.  0.  0.] -1 208.595243073
1222 [ 0.  1.  0.  0.] -1 190.007867432
1223 [ 0.  1.  0.  0.] -1 176.778404236
1224 [ 0.  1.  0.  0.] -1 178.588573456
1225 [ 0.  1.  0.  0.] -1 178.991108704
1226 [ 0.  1.  0.  0.] 0 179.991108704
1227 [ 1.  0.  0.  0.] -2 330.875471497
1228 [ 1.  0.  0.  0.] -1 350.824707031
1229 [ 1.  0.  0.  0.] -1 355.58372345
1230 [ 1.  0.  0.  0.] -1 326.157728577
1231 [ 1.  0.  0.  0.] -1 359.266481018
1232 [ 1.  0.  0.  0.] -1 367.598086548
1233 [ 1.  0.  0.  0.] -1 225.14068985
1234 [ 1.  0.  0.  0.] -1 212.065853882
1235 [ 1.  0.  0.  0.] -1 218.303881836
1236 [ 1.  0.  0.  0.] -1 203.289646149
1237 [ 1.  0.  0.  0.] -1 191.319002533
1238 [ 1.  0.  0.  0.] 0 192.319002533
1239 [ 0.  1.  0.  0.] -2 144.998975372
1240 [ 0.  1.  0.  0.] -1 143.379908752
1241 [ 0.  1.  0.  0.] -1 131.628529358
1242 [ 0.  1.  0.  0.] -1 140.881998444
1243 [ 0.  1.  0.  0.] -1 136.5460289
1244 [ 0.  1.  0.  0.] -1 151.123258209
1245 [ 0.  1.  0.  0.] -1 145.944891357
1246 [ 0.  1.  0.  0.] -1 166.471072388
1247 [ 0.  1.  0.  0.] -1 161.992695618
1248 [ 0.  1.  0.  0.] -1 168.125237274
1249 [ 0.  1.  0.  0.] -1 158.095457458
1250 [ 0.  1.  0.  0.] 0 159.095457458
1251 [ 0.  0.  1.  0.] -2 97.0794509888
1252 [ 0.  0.  1.  0.] -1 98.3924598694
1253 [ 0.  0.  1.  0.] -1 102.909540558
1254 [ 0.  0.  1.  0.] -1 107.31334343
1255 [ 0.  0.  1.  0.] -1 105.17828598
1256 [ 0.  0.  1.  0.] -1 105.300478745
1257 [ 0.  0.  1.  0.] -1 115.311493683
1258 [ 0.  0.  1.  0.] -1 115.093280411
1259 [ 0.  0.  1.  0.] -1 112.111650848
1260 [ 0.  0.  1.  0.] -1 112.829296875
1261 [ 0.  0.  1.  0.] -1 115.661872864
1262 [ 0.  0.  1.  0.] -1 112.632428741
1263 [ 0.  0.  1.  0.] -1 113.643456268
1264 [ 0.  0.  1.  0.] -1 61.5646884918
1265 [ 0.  0.  1.  0.] -1 65.5433135986
1266 [ 0.  0.  1.  0.] -1 70.7230358124
1267 [ 0.  0.  1.  0.] -1 71.2142784119
1268 [ 0.  0.  1.  0.] -1 73.0601364136
1269 [ 0.  0.  1.  0.] -1 76.8954845428
1270 [ 0.  0.  1.  0.] -1 98.5197696686
1271 [ 0.  0.  1.  0.] -1 96.7889797211
1272 [ 0.  0.  1.  0.] -1 95.499704361
1273 [ 0.  0.  1.  0.] -1 105.332333374
1274 [ 0.  0.  1.  0.] -1 108.921136093
1275 [ 0.  0.  1.  0.] -1 106.167468262
1276 [ 0.  0.  1.  0.] -1 107.986740875
1277 [ 0.  0.  1.  0.] -1 111.424243164
1278 [ 0.  0.  1.  0.] -1 112.375678253
1279 [ 0.  0.  1.  0.] -1 112.324471664
1280 [ 0.  0.  1.  0.] -1 112.686128616
1281 [ 0.  0.  1.  0.] -1 118.452229691
1282 [ 0.  0.  1.  0.] -1 126.569622803
1283 [ 0.  0.  1.  0.] -1 126.666034698
1284 [ 0.  0.  1.  0.] -1 127.680541229
1285 [ 0.  0.  1.  0.] -1 134.063803101
1286 [ 0.  0.  1.  0.] -1 152.330936432
1287 [ 0.  0.  1.  0.] -1 151.149104309
1288 [ 0.  0.  1.  0.] -1 149.275196838
1289 [ 0.  0.  1.  0.] -1 162.813189697
1290 [ 0.  0.  1.  0.] -1 166.157672119
1291 [ 0.  0.  1.  0.] -1 165.059075165
1292 [ 0.  0.  1.  0.] -1 165.368735504
1293 [ 0.  0.  1.  0.] -1 174.486987305
1294 [ 0.  0.  1.  0.] -1 184.504097748
1295 [ 0.  0.  1.  0.] -1 183.582248688
1296 [ 0.  0.  1.  0.] -1 182.078217316
1297 [ 0.  0.  1.  0.] -1 197.813418579
1298 [ 0.  0.  1.  0.] -1 183.968215179
1299 [ 0.  0.  1.  0.] -1 187.439652252
1300 [ 0.  0.  1.  0.] -1 186.591152191
1301 [ 0.  0.  1.  0.] -1 196.489411163
1302 [ 0.  0.  1.  0.] 0 197.489411163
1303 [ 0.  0.  0.  1.] -2 186.590481567
1304 [ 0.  0.  0.  1.] -1 191.479370117
1305 [ 0.  0.  0.  1.] -1 175.346881104
1306 [ 0.  0.  0.  1.] -1 172.1891922
1307 [ 0.  0.  0.  1.] -1 170.998459625
1308 [ 0.  0.  0.  1.] -1 170.684986877
1309 [ 0.  0.  0.  1.] -1 174.949259949
1310 [ 0.  0.  0.  1.] -1 177.494339752
1311 [ 0.  0.  0.  1.] -1 180.063439178
1312 [ 0.  0.  0.  1.] -1 174.822363281
1313 [ 0.  0.  0.  1.] -1 158.00359726
1314 [ 0.  0.  0.  1.] 0 159.00359726
1315 [ 1.  0.  0.  0.] -2 239.689749908
1316 [ 1.  0.  0.  0.] -1 244.204747009
1317 [ 1.  0.  0.  0.] -1 230.86978302
1318 [ 1.  0.  0.  0.] -1 231.241514587
1319 [ 1.  0.  0.  0.] -1 231.122967529
1320 [ 1.  0.  0.  0.] -1 233.495387268
1321 [ 1.  0.  0.  0.] -1 244.993640137
1322 [ 1.  0.  0.  0.] -1 246.423220825
1323 [ 1.  0.  0.  0.] -1 247.541894531
1324 [ 1.  0.  0.  0.] -1 252.480659485
1325 [ 1.  0.  0.  0.] -1 233.913476562
1326 [ 1.  0.  0.  0.] -1 234.132407379
1327 [ 1.  0.  0.  0.] -1 236.727961731
1328 [ 1.  0.  0.  0.] -1 240.454424286
1329 [ 1.  0.  0.  0.] -1 221.480835724
1330 [ 1.  0.  0.  0.] 0 222.480835724
1331 [ 0.  0.  0.  1.] -2 173.616768646
1332 [ 0.  0.  0.  1.] -1 178.097468567
1333 [ 0.  0.  0.  1.] -1 154.093414307
1334 [ 0.  0.  0.  1.] -1 156.911363983
1335 [ 0.  0.  0.  1.] -1 160.149243927
1336 [ 0.  0.  0.  1.] -1 160.841435242
1337 [ 0.  0.  0.  1.] -1 182.323849487
1338 [ 0.  0.  0.  1.] -1 191.33815155
1339 [ 0.  0.  0.  1.] -1 198.549836731
1340 [ 0.  0.  0.  1.] -1 202.390265656
1341 [ 0.  0.  0.  1.] -1 205.873603821
1342 [ 0.  0.  0.  1.] 0 206.873603821
1343 [ 1.  0.  0.  0.] -2 260.077423096
1344 [ 1.  0.  0.  0.] -1 259.911289978
1345 [ 1.  0.  0.  0.] -1 233.202658081
1346 [ 1.  0.  0.  0.] -1 236.678067017
1347 [ 1.  0.  0.  0.] -1 238.560599518
1348 [ 1.  0.  0.  0.] -1 240.139226532
1349 [ 1.  0.  0.  0.] -1 252.108811951
1350 [ 1.  0.  0.  0.] -1 250.041239929
1351 [ 1.  0.  0.  0.] -1 250.595068359
1352 [ 1.  0.  0.  0.] -1 249.463261414
1353 [ 1.  0.  0.  0.] -1 256.36537323
1354 [ 1.  0.  0.  0.] 0 257.36537323
1355 [ 0.  0.  0.  1.] -2 221.150659943
1356 [ 0.  0.  0.  1.] -1 227.827539062
1357 [ 0.  0.  0.  1.] -1 195.988565063
1358 [ 0.  0.  0.  1.] -1 196.960642242
1359 [ 0.  0.  0.  1.] -1 202.451249695
1360 [ 0.  0.  0.  1.] -1 199.345064545
1361 [ 0.  0.  0.  1.] -1 187.683110046
1362 [ 0.  0.  0.  1.] -1 184.277078247
1363 [ 0.  0.  0.  1.] -1 187.08976593
1364 [ 0.  0.  0.  1.] -1 184.334829712
1365 [ 0.  0.  0.  1.] -1 117.075145721
1366 [ 0.  0.  0.  1.] -1 110.486702347
1367 [ 0.  0.  0.  1.] -1 110.358834457
1368 [ 0.  0.  0.  1.] -1 102.304128647
1369 [ 0.  0.  0.  1.] 0 103.304128647
1370 [ 0.  1.  0.  0.] -102 -69.0803422928
1371 [ 0.  1.  0.  0.] -1 32.4957445145
1372 [ 0.  1.  0.  0.] -1 35.5435657501
1373 [ 0.  1.  0.  0.] -1 36.0832317352
1374 [ 0.  1.  0.  0.] -1 38.6202192307
1375 [ 0.  1.  0.  0.] -1 40.0139806747
1376 [ 0.  1.  0.  0.] -1 39.3995668411
1377 [ 0.  1.  0.  0.] -1 42.1381227493
1378 [ 0.  1.  0.  0.] -1 42.4439163208
1379 [ 0.  1.  0.  0.] -1 42.5582777023
1380 [ 0.  1.  0.  0.] -1 43.3372592926
1381 [ 0.  1.  0.  0.] -1 43.6697107315
1382 [ 0.  1.  0.  0.] -1 47.137125206
1383 [ 0.  1.  0.  0.] -1 48.531278038
1384 [ 0.  1.  0.  0.] -1 48.2136123657
1385 [ 0.  1.  0.  0.] -1 46.7173435211
1386 [ 0.  1.  0.  0.] -1 47.7569133759
1387 [ 0.  1.  0.  0.] -1 45.7518909454
1388 [ 0.  1.  0.  0.] 0 46.7518909454
1389 [ 0.  0.  1.  0.] -2 28.6006696701
1390 [ 0.  0.  1.  0.] -1 29.9595832825
1391 [ 0.  0.  1.  0.] -1 30.9513168335
1392 [ 0.  0.  1.  0.] -1 28.7098145485
1393 [ 0.  0.  1.  0.] -1 28.8937179565
1394 [ 0.  0.  1.  0.] -1 28.7390001297
1395 [ 0.  0.  1.  0.] -1 29.7373401642
1396 [ 0.  0.  1.  0.] -1 27.3393588066
1397 [ 0.  0.  1.  0.] -1 27.6061694145
1398 [ 0.  0.  1.  0.] -1 27.2672473907
1399 [ 0.  0.  1.  0.] -1 27.5845506668
1400 [ 0.  0.  1.  0.] 0 28.5845506668
1401 [ 0.  1.  0.  0.] -2 34.5369411469
1402 [ 0.  1.  0.  0.] -1 35.6371147156
1403 [ 0.  1.  0.  0.] -1 35.6783807755
1404 [ 0.  1.  0.  0.] -1 37.7398790359
1405 [ 0.  1.  0.  0.] -1 38.8040410995
1406 [ 0.  1.  0.  0.] -1 39.2507234573
1407 [ 0.  1.  0.  0.] -1 39.8757265091
1408 [ 0.  1.  0.  0.] -1 33.541312027
1409 [ 0.  1.  0.  0.] -1 33.7152803421
1410 [ 0.  1.  0.  0.] -1 33.9424846649
1411 [ 0.  1.  0.  0.] -1 34.4499300003
1412 [ 0.  1.  0.  0.] -1 35.5936416626
1413 [ 0.  1.  0.  0.] -1 36.3224205017
1414 [ 0.  1.  0.  0.] -1 36.7208389282
1415 [ 0.  1.  0.  0.] -1 36.2514669418
1416 [ 0.  1.  0.  0.] -1 35.8498811722
1417 [ 0.  1.  0.  0.] -1 36.0390302658
1418 [ 0.  1.  0.  0.] -1 36.6052200317
1419 [ 0.  1.  0.  0.] -1 36.8752958298
1420 [ 0.  1.  0.  0.] -1 37.9694353104
1421 [ 0.  1.  0.  0.] -1 38.2997739792
1422 [ 0.  1.  0.  0.] -1 38.476761055
1423 [ 0.  1.  0.  0.] -1 38.8786367416
1424 [ 0.  1.  0.  0.] 0 39.8786367416
1425 [ 1.  0.  0.  0.] -2 41.9023946762
1426 [ 1.  0.  0.  0.] -1 43.4614379883
1427 [ 1.  0.  0.  0.] -1 45.903260231
1428 [ 1.  0.  0.  0.] -1 46.2468553543
1429 [ 1.  0.  0.  0.] -1 46.2226835251
1430 [ 1.  0.  0.  0.] -1 46.7751747131
1431 [ 1.  0.  0.  0.] -1 46.0744380951
1432 [ 1.  0.  0.  0.] -1 46.59908638
1433 [ 1.  0.  0.  0.] -1 46.3950174332
1434 [ 1.  0.  0.  0.] -1 46.5937337875
1435 [ 1.  0.  0.  0.] -1 46.46510849
1436 [ 1.  0.  0.  0.] 0 47.46510849
1437 [ 0.  0.  0.  1.] -2 33.6025531769
1438 [ 0.  0.  0.  1.] -1 34.6444969177
1439 [ 0.  0.  0.  1.] -1 33.7575574875
1440 [ 0.  0.  0.  1.] -1 33.5212678909
1441 [ 0.  0.  0.  1.] -1 33.1494747162
1442 [ 0.  0.  0.  1.] -1 33.1369720459
1443 [ 0.  0.  0.  1.] -1 33.297064209
1444 [ 0.  0.  0.  1.] -1 33.3058994293
1445 [ 0.  0.  0.  1.] -1 33.5600334167
1446 [ 0.  0.  0.  1.] -1 33.2373086929
1447 [ 0.  0.  0.  1.] -1 31.8143091202
1448 [ 0.  0.  0.  1.] 0 32.8143091202
1449 [ 1.  0.  0.  0.] -2 42.0118455887
1450 [ 1.  0.  0.  0.] -1 42.2578186035
1451 [ 1.  0.  0.  0.] 9 58.6716051102
1452 [ 1.  0.  0.  0.] -1 48.5902616501
1453 [ 1.  0.  0.  0.] -1 48.8101238251
1454 [ 1.  0.  0.  0.] -1 48.7209598541
1455 [ 1.  0.  0.  0.] 9 58.8661176682
1456 [ 1.  0.  0.  0.] -1 48.6319698334
1457 [ 1.  0.  0.  0.] -1 48.8147624969
1458 [ 1.  0.  0.  0.] -1 48.9089782715
1459 [ 1.  0.  0.  0.] 9 58.7374271393
1460 [ 1.  0.  0.  0.] -1 48.6489118576
1461 [ 1.  0.  0.  0.] -1 48.8802148819
1462 [ 1.  0.  0.  0.] -1 48.6835496902
1463 [ 1.  0.  0.  0.] 9 61.5855825424
1464 [ 1.  0.  0.  0.] -1 52.5636501312
1465 [ 1.  0.  0.  0.] -1 53.6646461487
1466 [ 1.  0.  0.  0.] -1 55.4502920151
1467 [ 1.  0.  0.  0.] 9 70.9573051453
1468 [ 1.  0.  0.  0.] -1 310.15758667
1469 [ 1.  0.  0.  0.] -1 313.790942383
1470 [ 1.  0.  0.  0.] -1 325.785910034
1471 [ 1.  0.  0.  0.] -1 315.249717712
1472 [ 1.  0.  0.  0.] 0 316.249717712
1473 [ 0.  1.  0.  0.] -2 127.099239349
1474 [ 0.  1.  0.  0.] -1 128.884899902
1475 [ 0.  1.  0.  0.] -1 128.689104462
1476 [ 0.  1.  0.  0.] -1 129.202677917
1477 [ 0.  1.  0.  0.] -1 129.883069611
1478 [ 0.  1.  0.  0.] -1 131.385274506
1479 [ 0.  1.  0.  0.] -1 132.099919891
1480 [ 0.  1.  0.  0.] -1 143.478799438
1481 [ 0.  1.  0.  0.] -1 148.134141541
1482 [ 0.  1.  0.  0.] -1 153.979317474
1483 [ 0.  1.  0.  0.] -1 155.32302475
1484 [ 0.  1.  0.  0.] -1 167.32829895
1485 [ 0.  1.  0.  0.] -1 172.180828094
1486 [ 0.  1.  0.  0.] -1 181.240589142
1487 [ 0.  1.  0.  0.] -1 189.035529327
1488 [ 0.  1.  0.  0.] -1 207.75072937
1489 [ 0.  1.  0.  0.] -1 220.222074127
1490 [ 0.  1.  0.  0.] -1 229.71179657
1491 [ 0.  1.  0.  0.] -1 231.845542145
1492 [ 0.  1.  0.  0.] 0 232.845542145
1493 [ 0.  0.  1.  0.] -2 147.706278229
1494 [ 0.  0.  1.  0.] -1 150.546787262
1495 [ 0.  0.  1.  0.] -1 157.560328674
1496 [ 0.  0.  1.  0.] -1 131.654607391
1497 [ 0.  0.  1.  0.] -1 131.208309174
1498 [ 0.  0.  1.  0.] -1 131.097198486
1499 [ 0.  0.  1.  0.] -1 134.69831543
1500 [ 0.  0.  1.  0.] -1 125.960202789
1501 [ 0.  0.  1.  0.] -1 125.922325134
1502 [ 0.  0.  1.  0.] -1 125.916831207
1503 [ 0.  0.  1.  0.] -1 128.150743103
1504 [ 0.  0.  1.  0.] -1 118.243888092
1505 [ 0.  0.  1.  0.] -1 117.409470749
1506 [ 0.  0.  1.  0.] -1 116.500146103
1507 [ 0.  0.  1.  0.] -1 119.485638809
1508 [ 0.  0.  1.  0.] -1 115.199165344
1509 [ 0.  0.  1.  0.] -1 114.2784832
1510 [ 0.  0.  1.  0.] -1 114.51525116
1511 [ 0.  0.  1.  0.] -1 116.832666397
1512 [ 0.  0.  1.  0.] -1 86.7383621216
1513 [ 0.  0.  1.  0.] -1 85.2588504791
1514 [ 0.  0.  1.  0.] -1 84.8422542572
1515 [ 0.  0.  1.  0.] -1 90.3858947754
1516 [ 0.  0.  1.  0.] 0 91.3858947754
1517 [ 0.  0.  0.  1.] -2 86.0141456604
1518 [ 0.  0.  0.  1.] -1 85.1131526947
1519 [ 0.  0.  0.  1.] -1 82.1048072815
1520 [ 0.  0.  0.  1.] -1 80.2945510864
1521 [ 0.  0.  0.  1.] -1 79.2145450592
1522 [ 0.  0.  0.  1.] -1 78.6431041718
1523 [ 0.  0.  0.  1.] -1 74.8259048462
1524 [ 0.  0.  0.  1.] -1 74.7053066254
1525 [ 0.  0.  0.  1.] -1 74.8941513062
1526 [ 0.  0.  0.  1.] -1 75.4920181274
1527 [ 0.  0.  0.  1.] -1 68.3543560028
1528 [ 0.  0.  0.  1.] -1 66.2904514313
1529 [ 0.  0.  0.  1.] -1 64.5168769836
1530 [ 0.  0.  0.  1.] -1 63.6246429443
1531 [ 0.  0.  0.  1.] -1 66.4155723572
1532 [ 0.  0.  0.  1.] -1 65.417583847
1533 [ 0.  0.  0.  1.] -1 66.3706352234
1534 [ 0.  0.  0.  1.] -1 64.2755138397
1535 [ 0.  0.  0.  1.] -1 55.343696785
1536 [ 0.  0.  0.  1.] -1 54.0274845123
1537 [ 0.  0.  0.  1.] -1 52.3846698761
1538 [ 0.  0.  0.  1.] -1 51.9027517319
1539 [ 0.  0.  0.  1.] -1 47.9572242737
1540 [ 0.  0.  0.  1.] -1 47.4113105774
1541 [ 0.  0.  0.  1.] -1 47.6299949646
1542 [ 0.  0.  0.  1.] -1 49.1160877228
1543 [ 0.  0.  0.  1.] -1 52.3031053543
1544 [ 0.  0.  0.  1.] -1 54.4404603958
1545 [ 0.  0.  0.  1.] -1 57.9613935471
1546 [ 0.  0.  0.  1.] -1 58.4068183899
1547 [ 0.  0.  0.  1.] -1 50.6353542328
1548 [ 0.  0.  0.  1.] 0 51.6353542328
1549 [ 0.  0.  1.  0.] -2 37.2081783295
1550 [ 0.  0.  1.  0.] -1 38.4285079956
1551 [ 0.  0.  1.  0.] -1 39.6451229095
1552 [ 0.  0.  1.  0.] -1 37.4964103699
1553 [ 0.  0.  1.  0.] -1 37.8998516083
1554 [ 0.  0.  1.  0.] -1 37.4929784775
1555 [ 0.  0.  1.  0.] -1 40.0058847427
1556 [ 0.  0.  1.  0.] -1 35.0826448441
1557 [ 0.  0.  1.  0.] -1 35.7349979401
1558 [ 0.  0.  1.  0.] -1 35.1407949448
1559 [ 0.  0.  1.  0.] -1 36.0721605301
1560 [ 0.  0.  1.  0.] 0 37.0721605301
1561 [ 0.  1.  0.  0.] -2 48.4824232101
1562 [ 0.  1.  0.  0.] -1 49.7522960663
1563 [ 0.  1.  0.  0.] -1 49.6684520721
1564 [ 0.  1.  0.  0.] -1 54.4236886978
1565 [ 0.  1.  0.  0.] -1 57.3163499832
1566 [ 0.  1.  0.  0.] -1 58.8988220215
1567 [ 0.  1.  0.  0.] -1 61.0945373535
1568 [ 0.  1.  0.  0.] -1 65.7475456238
1569 [ 0.  1.  0.  0.] -1 67.1598182678
1570 [ 0.  1.  0.  0.] -1 68.7689590454
1571 [ 0.  1.  0.  0.] -1 70.9014362335
1572 [ 0.  1.  0.  0.] -1 76.3882312775
1573 [ 0.  1.  0.  0.] -1 79.8733886719
1574 [ 0.  1.  0.  0.] -1 81.3852695465
1575 [ 0.  1.  0.  0.] -1 80.4857006073
1576 [ 0.  1.  0.  0.] -1 79.1877277374
1577 [ 0.  1.  0.  0.] -1 79.9999084473
1578 [ 0.  1.  0.  0.] -1 82.1251087189
1579 [ 0.  1.  0.  0.] -1 82.4748138428
1580 [ 0.  1.  0.  0.] -1 86.4683334351
1581 [ 0.  1.  0.  0.] -1 87.2572120667
1582 [ 0.  1.  0.  0.] -1 87.7191513062
1583 [ 0.  1.  0.  0.] -1 88.4396457672
1584 [ 0.  1.  0.  0.] 0 89.4396457672
1585 [ 0.  0.  1.  0.] -2 56.516276741
1586 [ 0.  0.  1.  0.] -1 57.6340953827
1587 [ 0.  0.  1.  0.] -1 64.351153183
1588 [ 0.  0.  1.  0.] -1 63.9508213043
1589 [ 0.  0.  1.  0.] -1 62.2743038177
1590 [ 0.  0.  1.  0.] -1 62.7846084595
1591 [ 0.  0.  1.  0.] -1 65.918415451
1592 [ 0.  0.  1.  0.] -1 55.6039117813
1593 [ 0.  0.  1.  0.] -1 55.673343277
1594 [ 0.  0.  1.  0.] -1 56.1515396118
1595 [ 0.  0.  1.  0.] -1 60.5712661743
1596 [ 0.  0.  1.  0.] -1 51.5862348557
1597 [ 0.  0.  1.  0.] -1 51.7370714188
1598 [ 0.  0.  1.  0.] -1 51.9657651901
1599 [ 0.  0.  1.  0.] -1 55.1657094955
1600 [ 0.  0.  1.  0.] -1 57.4833349228
1601 [ 0.  0.  1.  0.] -1 55.9854063034
1602 [ 0.  0.  1.  0.] -1 56.1320028305
1603 [ 0.  0.  1.  0.] -1 61.6622528076
1604 [ 0.  0.  1.  0.] -1 60.2369338989
1605 [ 0.  0.  1.  0.] -1 58.5528133392
1606 [ 0.  0.  1.  0.] -1 58.8052114487
1607 [ 0.  0.  1.  0.] -1 60.3671356201
1608 [ 0.  0.  1.  0.] -1 57.2146144867
1609 [ 0.  0.  1.  0.] -1 57.6235170364
1610 [ 0.  0.  1.  0.] -1 58.7357908249
1611 [ 0.  0.  1.  0.] -1 62.71534729
1612 [ 0.  0.  1.  0.] -1 67.2054077148
1613 [ 0.  0.  1.  0.] -1 67.6657814026
1614 [ 0.  0.  1.  0.] -1 69.5027606964
1615 [ 0.  0.  1.  0.] -1 73.3256931305
1616 [ 0.  0.  1.  0.] -1 94.4343753815
1617 [ 0.  0.  1.  0.] -1 92.7711071014
1618 [ 0.  0.  1.  0.] -1 91.8082130432
1619 [ 0.  0.  1.  0.] -1 101.246968079
1620 [ 0.  0.  1.  0.] 0 102.246968079
1621 [ 0.  0.  0.  1.] -2 98.8019420624
1622 [ 0.  0.  0.  1.] -1 99.7846195221
1623 [ 0.  0.  0.  1.] -1 101.618047333
1624 [ 0.  0.  0.  1.] -1 103.51948967
1625 [ 0.  0.  0.  1.] -1 104.391132355
1626 [ 0.  0.  0.  1.] -1 106.380376053
1627 [ 0.  0.  0.  1.] -1 116.690237427
1628 [ 0.  0.  0.  1.] -1 117.021213913
1629 [ 0.  0.  0.  1.] -1 127.997232056
1630 [ 0.  0.  0.  1.] -1 134.547457123
1631 [ 0.  0.  0.  1.] -1 156.768724823
1632 [ 0.  0.  0.  1.] -1 156.511988831
1633 [ 0.  0.  0.  1.] -1 158.250823975
1634 [ 0.  0.  0.  1.] -1 164.303189087
1635 [ 0.  0.  0.  1.] -1 152.046933746
1636 [ 0.  0.  0.  1.] -1 152.032089996
1637 [ 0.  0.  0.  1.] -1 154.290920258
1638 [ 0.  0.  0.  1.] -1 163.690608978
1639 [ 0.  0.  0.  1.] -1 193.599475098
1640 [ 0.  0.  0.  1.] -1 201.822332764
1641 [ 0.  0.  0.  1.] -1 213.729412079
1642 [ 0.  0.  0.  1.] -1 223.15368576
1643 [ 0.  0.  0.  1.] -1 202.320874023
1644 [ 0.  0.  0.  1.] -1 207.666566467
1645 [ 0.  0.  0.  1.] -1 214.73120575
1646 [ 0.  0.  0.  1.] -1 220.408070374
1647 [ 0.  0.  0.  1.] -1 188.459725189
1648 [ 0.  0.  0.  1.] -1 189.431874847
1649 [ 0.  0.  0.  1.] -1 194.922366333
1650 [ 0.  0.  0.  1.] -1 191.816195679
1651 [ 0.  0.  0.  1.] -1 180.154270172
1652 [ 0.  0.  0.  1.] -1 176.748223877
1653 [ 0.  0.  0.  1.] -1 179.560882568
1654 [ 0.  0.  0.  1.] -1 176.805960846
1655 [ 0.  0.  0.  1.] -1 110.911938095
1656 [ 0.  0.  0.  1.] -1 104.323487473
1657 [ 0.  0.  0.  1.] -1 104.195612335
1658 [ 0.  0.  0.  1.] -1 96.5002513885
1659 [ 0.  0.  0.  1.] 0 97.5002513885
1660 [ 0.  1.  0.  0.] -102 -70.2381475449
1661 [ 0.  1.  0.  0.] -1 31.4110889435
1662 [ 0.  1.  0.  0.] -1 34.1079257965
1663 [ 0.  1.  0.  0.] -1 34.5689119339
1664 [ 0.  1.  0.  0.] -1 37.058117485
1665 [ 0.  1.  0.  0.] -1 38.411406517
1666 [ 0.  1.  0.  0.] -1 37.6347442627
1667 [ 0.  1.  0.  0.] -1 40.4515741348
1668 [ 0.  1.  0.  0.] -1 40.7241903305
1669 [ 0.  1.  0.  0.] -1 40.863227272
1670 [ 0.  1.  0.  0.] -1 40.9788389206
1671 [ 0.  1.  0.  0.] -1 40.8084257126
1672 [ 0.  1.  0.  0.] -1 43.7906351089
1673 [ 0.  1.  0.  0.] -1 45.176108551
1674 [ 0.  1.  0.  0.] -1 44.9134727478
1675 [ 0.  1.  0.  0.] -1 43.5050741196
1676 [ 0.  1.  0.  0.] -1 44.48510952
1677 [ 0.  1.  0.  0.] -1 42.4797428131
1678 [ 0.  1.  0.  0.] 0 43.4797428131
1679 [ 0.  0.  1.  0.] -2 27.4564633369
1680 [ 0.  0.  1.  0.] -1 28.7660040855
1681 [ 0.  0.  1.  0.] -1 29.4232223511
1682 [ 0.  0.  1.  0.] -1 28.0403038025
1683 [ 0.  0.  1.  0.] -1 28.2159300804
1684 [ 0.  0.  1.  0.] -1 28.0919470787
1685 [ 0.  0.  1.  0.] -1 28.9814232826
1686 [ 0.  0.  1.  0.] -1 26.75974226
1687 [ 0.  0.  1.  0.] -1 27.1162604332
1688 [ 0.  0.  1.  0.] -1 26.7615922928
1689 [ 0.  0.  1.  0.] -1 27.104323101
1690 [ 0.  0.  1.  0.] 0 28.104323101
1691 [ 0.  0.  0.  1.] -2 30.1976556778
1692 [ 0.  0.  0.  1.] -1 32.0204835892
1693 [ 0.  0.  0.  1.] -1 26.6981892586
1694 [ 0.  0.  0.  1.] -1 26.6106524467
1695 [ 0.  0.  0.  1.] -1 26.6981620789
1696 [ 0.  0.  0.  1.] -1 27.2826546669
1697 [ 0.  0.  0.  1.] -1 28.5250268936
1698 [ 0.  0.  0.  1.] -1 27.1034171104
1699 [ 0.  0.  0.  1.] -1 27.8868217468
1700 [ 0.  0.  0.  1.] -1 27.2102189064
1701 [ 0.  0.  0.  1.] -1 26.2404628754
1702 [ 0.  0.  0.  1.] 0 27.2404628754
1703 [ 0.  0.  1.  0.] -2 28.3508681297
1704 [ 0.  0.  1.  0.] -1 29.3284231186
1705 [ 0.  0.  1.  0.] -1 31.2250999451
1706 [ 0.  0.  1.  0.] -1 27.7031937599
1707 [ 0.  0.  1.  0.] -1 26.7151584625
1708 [ 0.  0.  1.  0.] -1 26.9261401176
1709 [ 0.  0.  1.  0.] -1 28.1027229309
1710 [ 0.  0.  1.  0.] -1 25.2167532921
1711 [ 0.  0.  1.  0.] -1 25.0297369003
1712 [ 0.  0.  1.  0.] -1 25.2199786186
1713 [ 0.  0.  1.  0.] -1 25.9993968964
1714 [ 0.  0.  1.  0.] 0 26.9993968964
1715 [ 0.  0.  0.  1.] -2 24.57687006
1716 [ 0.  0.  0.  1.] -1 25.8227776527
1717 [ 0.  0.  0.  1.] -1 25.4020048141
1718 [ 0.  0.  0.  1.] -1 25.3273058891
1719 [ 0.  0.  0.  1.] -1 25.253873539
1720 [ 0.  0.  0.  1.] -1 25.391707325
1721 [ 0.  0.  0.  1.] -1 24.3710726738
1722 [ 0.  0.  0.  1.] -1 24.2811694145
1723 [ 0.  0.  0.  1.] -1 24.1740903854
1724 [ 0.  0.  0.  1.] -1 24.0119561195
1725 [ 0.  0.  0.  1.] -1 22.8836136818
1726 [ 0.  0.  0.  1.] -1 22.9641580582
1727 [ 0.  0.  0.  1.] -1 22.8811240196
1728 [ 0.  0.  0.  1.] -1 22.9622989655
1729 [ 0.  0.  0.  1.] -1 21.0727577209
1730 [ 0.  0.  0.  1.] -1 20.8828095436
1731 [ 0.  0.  0.  1.] -1 20.5706414223
1732 [ 0.  0.  0.  1.] -1 20.2307735443
1733 [ 0.  0.  0.  1.] -1 21.0863077164
1734 [ 0.  0.  0.  1.] -1 21.3175473213
1735 [ 0.  0.  0.  1.] -1 21.4129481316
1736 [ 0.  0.  0.  1.] -1 21.1927344322
1737 [ 0.  0.  0.  1.] -1 20.0226783752
1738 [ 0.  0.  0.  1.] 0 21.0226783752
1739 [ 0.  0.  1.  0.] -2 18.8835943222
1740 [ 0.  0.  1.  0.] -1 19.8129868507
1741 [ 0.  0.  1.  0.] -1 20.7422088623
1742 [ 0.  0.  1.  0.] -1 21.3443537712
1743 [ 0.  0.  1.  0.] -1 21.0116667747
1744 [ 0.  0.  1.  0.] -1 20.8186201096
1745 [ 0.  0.  1.  0.] -1 22.1661307335
1746 [ 0.  0.  1.  0.] -1 22.4148360252
1747 [ 0.  0.  1.  0.] -1 22.3256503105
1748 [ 0.  0.  1.  0.] -1 22.0957660675
1749 [ 0.  0.  1.  0.] -1 22.6637460709
1750 [ 0.  0.  1.  0.] -1 22.2832753181
1751 [ 0.  0.  1.  0.] -1 22.2589385986
1752 [ 0.  0.  1.  0.] -1 22.2587882042
1753 [ 0.  0.  1.  0.] -1 23.2005672455
1754 [ 0.  0.  1.  0.] -1 23.6383292198
1755 [ 0.  0.  1.  0.] -1 23.3182898521
1756 [ 0.  0.  1.  0.] -1 23.131595993
1757 [ 0.  0.  1.  0.] -1 25.5720103264
1758 [ 0.  0.  1.  0.] -1 72.2036781311
1759 [ 0.  0.  1.  0.] -1 70.5120052338
1760 [ 0.  0.  1.  0.] -1 70.2416286469
1761 [ 0.  0.  1.  0.] -1 82.1997913361
1762 [ 0.  0.  1.  0.] -1 88.6034488678
1763 [ 0.  0.  1.  0.] -1 85.1724334717
1764 [ 0.  0.  1.  0.] -1 85.1869003296
1765 [ 0.  0.  1.  0.] -1 94.0394504547
1766 [ 0.  0.  1.  0.] -1 81.398526001
1767 [ 0.  0.  1.  0.] -1 78.8994125366
1768 [ 0.  0.  1.  0.] -1 76.7131774902
1769 [ 0.  0.  1.  0.] -1 87.6134620667
1770 [ 0.  0.  1.  0.] -1 83.4618362427
1771 [ 0.  0.  1.  0.] -1 84.1260940552
1772 [ 0.  0.  1.  0.] -1 83.0240615845
1773 [ 0.  0.  1.  0.] 9 100.297673035
1774 [ 0.  0.  1.  0.] 0 91.2976730347
1775 [ 0.  1.  0.  0.] -2 163.26954422
1776 [ 0.  1.  0.  0.] -1 160.567521667
1777 [ 0.  1.  0.  0.] 9 173.717339325
1778 [ 0.  1.  0.  0.] -1 172.008791351
1779 [ 0.  1.  0.  0.] -1 181.002944183
1780 [ 0.  1.  0.  0.] -1 181.362789154
1781 [ 0.  1.  0.  0.] 9 195.435992432
1782 [ 0.  1.  0.  0.] -1 213.315657043
1783 [ 0.  1.  0.  0.] -1 218.383058167
1784 [ 0.  1.  0.  0.] -1 219.51414032
1785 [ 0.  1.  0.  0.] 9 229.341509247
1786 [ 0.  1.  0.  0.] 0 220.341509247
1787 [ 0.  0.  1.  0.] -2 152.462554932
1788 [ 0.  0.  1.  0.] -1 150.95068512
1789 [ 0.  0.  1.  0.] 9 169.195315552
1790 [ 0.  0.  1.  0.] -1 145.210125732
1791 [ 0.  0.  1.  0.] -1 146.621383667
1792 [ 0.  0.  1.  0.] -1 146.743641663
1793 [ 0.  0.  1.  0.] 9 162.734529877
1794 [ 0.  0.  1.  0.] -1 148.612475586
1795 [ 0.  0.  1.  0.] -1 150.076585388
1796 [ 0.  0.  1.  0.] -1 149.429012299
1797 [ 0.  0.  1.  0.] 9 166.632637787
1798 [ 0.  0.  1.  0.] -1 127.074469757
1799 [ 0.  0.  1.  0.] -1 128.853516388
1800 [ 0.  0.  1.  0.] -1 127.878148651
1801 [ 0.  0.  1.  0.] -1 130.850174713
1802 [ 0.  0.  1.  0.] 0 131.850174713
1803 [ 0.  0.  0.  1.] -2 133.69593811
1804 [ 0.  0.  0.  1.] -1 134.764503479
1805 [ 0.  0.  0.  1.] -1 126.385757446
1806 [ 0.  0.  0.  1.] -1 125.920890045
1807 [ 0.  0.  0.  1.] -1 125.244484711
1808 [ 0.  0.  0.  1.] -1 125.265764618
1809 [ 0.  0.  0.  1.] -1 121.350827026
1810 [ 0.  0.  0.  1.] -1 120.332558823
1811 [ 0.  0.  0.  1.] -1 121.697988129
1812 [ 0.  0.  0.  1.] -1 119.033121872
1813 [ 0.  0.  0.  1.] -1 94.6865451813
1814 [ 0.  0.  0.  1.] -1 92.9039180756
1815 [ 0.  0.  0.  1.] -1 93.3480854034
1816 [ 0.  0.  0.  1.] -1 92.7509868622
1817 [ 0.  0.  0.  1.] 9 96.7344482422
1818 [ 0.  0.  0.  1.] -1 85.9700241089
1819 [ 0.  0.  0.  1.] -1 87.1159355164
1820 [ 0.  0.  0.  1.] -1 88.3954551697
1821 [ 0.  0.  0.  1.] 9 91.2711654663
1822 [ 0.  0.  0.  1.] -1 83.8688724518
1823 [ 0.  0.  0.  1.] -1 86.0646747589
1824 [ 0.  0.  0.  1.] -1 88.0730819702
1825 [ 0.  0.  0.  1.] 9 92.4157215118
1826 [ 0.  0.  0.  1.] 0 83.4157215118
1827 [ 0.  0.  1.  0.] -2 92.304271698
1828 [ 0.  0.  1.  0.] -1 93.5999507904
1829 [ 0.  0.  1.  0.] 9 104.770592117
1830 [ 0.  0.  1.  0.] -1 101.190100861
1831 [ 0.  0.  1.  0.] -1 100.630590057
1832 [ 0.  0.  1.  0.] -1 103.48903389
1833 [ 0.  0.  1.  0.] 9 112.987202072
1834 [ 0.  0.  1.  0.] -1 112.143954849
1835 [ 0.  0.  1.  0.] -1 111.446863937
1836 [ 0.  0.  1.  0.] -1 115.463431931
1837 [ 0.  0.  1.  0.] 9 129.804214096
1838 [ 0.  0.  1.  0.] 0 120.804214096
1839 [ 0.  0.  0.  1.] -2 109.048601532
1840 [ 0.  0.  0.  1.] -1 116.095958328
1841 [ 0.  0.  0.  1.] 9 131.211507416
1842 [ 0.  0.  0.  1.] -1 124.929214478
1843 [ 0.  0.  0.  1.] -1 125.399111938
1844 [ 0.  0.  0.  1.] -1 130.206587982
1845 [ 0.  0.  0.  1.] 9 143.002605438
1846 [ 0.  0.  0.  1.] -1 135.05875473
1847 [ 0.  0.  0.  1.] -1 138.779114532
1848 [ 0.  0.  0.  1.] -1 152.53666153
1849 [ 0.  0.  0.  1.] 9 197.419937897
1850 [ 0.  0.  0.  1.] -1 191.849420166
1851 [ 0.  0.  0.  1.] -1 195.362097931
1852 [ 0.  0.  0.  1.] -1 209.036641693
1853 [ 0.  0.  0.  1.] 9 242.342865753
1854 [ 0.  0.  0.  1.] -1 243.256254578
1855 [ 0.  0.  0.  1.] -1 253.891743469
1856 [ 0.  0.  0.  1.] -1 267.216270447
1857 [ 0.  0.  0.  1.] 9 281.643070984
1858 [ 0.  0.  0.  1.] 0 272.643070984
1859 [ 1.  0.  0.  0.] -2 270.490632629
1860 [ 1.  0.  0.  0.] -1 267.104797363
1861 [ 1.  0.  0.  0.] 49 701.022387695
1862 [ 1.  0.  0.  0.] -1 687.134448242
1863 [ 1.  0.  0.  0.] -1 659.726797485
1864 [ 1.  0.  0.  0.] -1 596.249414063
1865 [ 1.  0.  0.  0.] 9 503.511297607
1866 [ 1.  0.  0.  0.] -1 521.550619507
1867 [ 1.  0.  0.  0.] -1 472.134587097
1868 [ 1.  0.  0.  0.] -1 449.68422699
1869 [ 1.  0.  0.  0.] 9 338.546383667
1870 [ 1.  0.  0.  0.] 0 329.546383667
1871 [ 0.  1.  0.  0.] -2 423.061450195
1872 [ 0.  1.  0.  0.] -1 441.040148926
1873 [ 0.  1.  0.  0.] 9 500.048007202
1874 [ 0.  1.  0.  0.] -1 499.942062378
1875 [ 0.  1.  0.  0.] -1 487.111322021
1876 [ 0.  1.  0.  0.] -1 491.976361084
1877 [ 0.  1.  0.  0.] 9 533.909326172
1878 [ 0.  1.  0.  0.] -1 336.770603943
1879 [ 0.  1.  0.  0.] -1 319.745373535
1880 [ 0.  1.  0.  0.] -1 311.935386658
1881 [ 0.  1.  0.  0.] 9 339.849560547
1882 [ 0.  1.  0.  0.] -1 395.398168945
1883 [ 0.  1.  0.  0.] -1 366.864103699
1884 [ 0.  1.  0.  0.] -1 371.152787781
1885 [ 0.  1.  0.  0.] 9 426.018312073
1886 [ 0.  1.  0.  0.] -1 353.627015686
1887 [ 0.  1.  0.  0.] -1 350.719902039
1888 [ 0.  1.  0.  0.] -1 356.527432251
1889 [ 0.  1.  0.  0.] -1 338.972146606
1890 [ 0.  1.  0.  0.] 0 339.972146606
1891 [ 1.  0.  0.  0.] -2 943.581781006
1892 [ 1.  0.  0.  0.] -1 961.472055054
1893 [ 1.  0.  0.  0.] 9 571.83968811
1894 [ 1.  0.  0.  0.] -1 518.118756104
1895 [ 1.  0.  0.  0.] -1 503.347021484
1896 [ 1.  0.  0.  0.] -1 537.306158447
1897 [ 1.  0.  0.  0.] 9 469.21443634
1898 [ 1.  0.  0.  0.] -1 432.820596313
1899 [ 1.  0.  0.  0.] -1 429.313789368
1900 [ 1.  0.  0.  0.] -1 392.414865112
1901 [ 1.  0.  0.  0.] 9 224.470019531
1902 [ 1.  0.  0.  0.] -1 207.363414764
1903 [ 1.  0.  0.  0.] -1 210.418067169
1904 [ 1.  0.  0.  0.] -1 215.333827209
1905 [ 1.  0.  0.  0.] 9 153.601651764
1906 [ 1.  0.  0.  0.] 0 144.601651764
1907 [ 0.  1.  0.  0.] -2 186.8198349
1908 [ 0.  1.  0.  0.] -1 179.939528656
1909 [ 0.  1.  0.  0.] 9 207.664444733
1910 [ 0.  1.  0.  0.] -1 268.352078247
1911 [ 0.  1.  0.  0.] -1 276.246836853
1912 [ 0.  1.  0.  0.] -1 276.820379639
1913 [ 0.  1.  0.  0.] 9 300.529858398
1914 [ 0.  1.  0.  0.] -1 311.966204834
1915 [ 0.  1.  0.  0.] -1 344.743901062
1916 [ 0.  1.  0.  0.] -1 369.696940613
1917 [ 0.  1.  0.  0.] -1 368.701568604
1918 [ 0.  1.  0.  0.] -1 372.881591797
1919 [ 0.  1.  0.  0.] -1 399.422390747
1920 [ 0.  1.  0.  0.] -1 389.152197266
1921 [ 0.  1.  0.  0.] -1 388.83986969
1922 [ 0.  1.  0.  0.] -1 420.629615784
1923 [ 0.  1.  0.  0.] -1 443.667144775
1924 [ 0.  1.  0.  0.] -1 452.436553955
1925 [ 0.  1.  0.  0.] -1 491.635012817
1926 [ 0.  1.  0.  0.] -1 647.071862793
1927 [ 0.  1.  0.  0.] -1 754.019979858
1928 [ 0.  1.  0.  0.] -1 829.772622681
1929 [ 0.  1.  0.  0.] -1 938.9359375
1930 [ 0.  1.  0.  0.] 0 939.9359375
1931 [ 0.  0.  1.  0.] -2 297.741090393
1932 [ 0.  0.  1.  0.] -1 298.592304993
1933 [ 0.  0.  1.  0.] -1 318.708311462
1934 [ 0.  0.  1.  0.] -1 278.798483276
1935 [ 0.  0.  1.  0.] -1 278.403761292
1936 [ 0.  0.  1.  0.] -1 277.973930359
1937 [ 0.  0.  1.  0.] -1 290.89193573
1938 [ 0.  0.  1.  0.] -1 298.43734436
1939 [ 0.  0.  1.  0.] -1 301.611529541
1940 [ 0.  0.  1.  0.] -1 300.577946472
1941 [ 0.  0.  1.  0.] -1 317.122059631
1942 [ 0.  0.  1.  0.] -1 260.200163269
1943 [ 0.  0.  1.  0.] -1 263.98926239
1944 [ 0.  0.  1.  0.] -1 259.807151794
1945 [ 0.  0.  1.  0.] -1 270.358187866
1946 [ 0.  0.  1.  0.] 0 271.358187866
1947 [ 0.  1.  0.  0.] -2 421.553359985
1948 [ 0.  1.  0.  0.] -1 432.362788391
1949 [ 0.  1.  0.  0.] -1 448.168077087
1950 [ 0.  1.  0.  0.] -1 454.523898315
1951 [ 0.  1.  0.  0.] -1 457.707505798
1952 [ 0.  1.  0.  0.] -1 462.380358887
1953 [ 0.  1.  0.  0.] -1 459.571353149
1954 [ 0.  1.  0.  0.] -1 469.416035461
1955 [ 0.  1.  0.  0.] -1 463.892652893
1956 [ 0.  1.  0.  0.] -1 474.28356781
1957 [ 0.  1.  0.  0.] -1 476.287908936
1958 [ 0.  1.  0.  0.] -1 417.487408447
1959 [ 0.  1.  0.  0.] -1 425.89566803
1960 [ 0.  1.  0.  0.] -1 425.651818848
1961 [ 0.  1.  0.  0.] -1 411.5448349
1962 [ 0.  1.  0.  0.] -1 494.011172485
1963 [ 0.  1.  0.  0.] -1 501.451660156
1964 [ 0.  1.  0.  0.] -1 516.231570435
1965 [ 0.  1.  0.  0.] -1 519.170748901
1966 [ 0.  1.  0.  0.] -1 507.809191895
1967 [ 0.  1.  0.  0.] -1 507.289312744
1968 [ 0.  1.  0.  0.] -1 493.040994263
1969 [ 0.  1.  0.  0.] -1 462.871884155
1970 [ 0.  1.  0.  0.] 0 463.871884155
1971 [ 0.  0.  1.  0.] -2 292.378843689
1972 [ 0.  0.  1.  0.] -1 291.585649109
1973 [ 0.  0.  1.  0.] -1 297.312988281
1974 [ 0.  0.  1.  0.] -1 296.293060303
1975 [ 0.  0.  1.  0.] -1 295.715632629
1976 [ 0.  0.  1.  0.] -1 293.366899109
1977 [ 0.  0.  1.  0.] -1 297.69037323
1978 [ 0.  0.  1.  0.] -1 413.589503479
1979 [ 0.  0.  1.  0.] -1 410.144999695
1980 [ 0.  0.  1.  0.] -1 430.172900391
1981 [ 0.  0.  1.  0.] -1 475.477474976
1982 [ 0.  0.  1.  0.] 0 476.477474976
1983 [ 0.  0.  0.  1.] -2 423.477104187
1984 [ 0.  0.  0.  1.] -1 443.621337891
1985 [ 0.  0.  0.  1.] -1 416.56083374
1986 [ 0.  0.  0.  1.] -1 418.109396362
1987 [ 0.  0.  0.  1.] -1 416.063046265
1988 [ 0.  0.  0.  1.] -1 427.141209412
1989 [ 0.  0.  0.  1.] -1 400.969880676
1990 [ 0.  0.  0.  1.] -1 401.021340942
1991 [ 0.  0.  0.  1.] -1 416.780474854
1992 [ 0.  0.  0.  1.] -1 433.531008911
1993 [ 0.  0.  0.  1.] -1 427.566981506
1994 [ 0.  0.  0.  1.] -1 429.678968811
1995 [ 0.  0.  0.  1.] -1 430.844580078
1996 [ 0.  0.  0.  1.] -1 453.850015259
1997 [ 0.  0.  0.  1.] -1 424.602986145
1998 [ 0.  0.  0.  1.] -1 428.706442261
1999 [ 0.  0.  0.  1.] -1 442.289372253
2000 [ 0.  0.  0.  1.] -1 460.026725769
2001 [ 0.  0.  0.  1.] -1 426.944848633
2002 [ 0.  0.  0.  1.] -1 423.377565002
2003 [ 0.  0.  0.  1.] -1 420.011860657
2004 [ 0.  0.  0.  1.] -1 435.922795105
2005 [ 0.  0.  0.  1.] -1 359.265002441
2006 [ 0.  0.  0.  1.] -1 360.736534119
2007 [ 0.  0.  0.  1.] -1 370.852868652
2008 [ 0.  0.  0.  1.] -1 389.356356812
2009 [ 0.  0.  0.  1.] -1 306.718127441
2010 [ 0.  0.  0.  1.] -1 305.734207153
2011 [ 0.  0.  0.  1.] -1 305.427938843
2012 [ 0.  0.  0.  1.] -1 306.872769165
2013 [ 0.  0.  0.  1.] -1 326.289698792
2014 [ 0.  0.  0.  1.] -1 315.25974884
2015 [ 0.  0.  0.  1.] -1 338.255906677
2016 [ 0.  0.  0.  1.] -1 343.716725159
2017 [ 0.  0.  0.  1.] -1 304.474546814
2018 [ 0.  0.  0.  1.] 0 305.474546814
2019 [ 1.  0.  0.  0.] -2 356.975683594
2020 [ 1.  0.  0.  0.] -1 360.297396851
2021 [ 1.  0.  0.  0.] -1 509.224914551
2022 [ 1.  0.  0.  0.] -1 526.837139893
2023 [ 1.  0.  0.  0.] -1 594.418588257
2024 [ 1.  0.  0.  0.] -1 574.421679687
2025 [ 1.  0.  0.  0.] -1 508.139523315
2026 [ 1.  0.  0.  0.] -1 488.968008423
2027 [ 1.  0.  0.  0.] -1 500.86121521
2028 [ 1.  0.  0.  0.] -1 502.682009888
2029 [ 1.  0.  0.  0.] -1 737.549273682
2030 [ 1.  0.  0.  0.] 0 738.549273682
2031 [ 0.  0.  0.  1.] -2 200.528849792
2032 [ 0.  0.  0.  1.] -1 202.650886536
2033 [ 0.  0.  0.  1.] -1 180.415746307
2034 [ 0.  0.  0.  1.] -1 180.954832458
2035 [ 0.  0.  0.  1.] -1 184.309331512
2036 [ 0.  0.  0.  1.] -1 187.55973587
2037 [ 0.  0.  0.  1.] -1 193.157685089
2038 [ 0.  0.  0.  1.] -1 196.460810852
2039 [ 0.  0.  0.  1.] -1 203.080195618
2040 [ 0.  0.  0.  1.] -1 210.050930786
2041 [ 0.  0.  0.  1.] -1 179.506653595
2042 [ 0.  0.  0.  1.] 0 180.506653595
2043 [ 1.  0.  0.  0.] -2 458.213044739
2044 [ 1.  0.  0.  0.] -1 475.56763916
2045 [ 1.  0.  0.  0.] -1 236.010939026
2046 [ 1.  0.  0.  0.] -1 224.299220276
2047 [ 1.  0.  0.  0.] -1 220.339881897
2048 [ 1.  0.  0.  0.] -1 232.985017395
2049 [ 1.  0.  0.  0.] -1 332.519261169
2050 [ 1.  0.  0.  0.] -1 324.188960266
2051 [ 1.  0.  0.  0.] -1 319.320935059
2052 [ 1.  0.  0.  0.] -1 329.305473328
2053 [ 1.  0.  0.  0.] -1 244.92852478
2054 [ 1.  0.  0.  0.] -1 236.013983154
2055 [ 1.  0.  0.  0.] -1 241.021907806
2056 [ 1.  0.  0.  0.] -1 239.690478516
2057 [ 1.  0.  0.  0.] -1 227.975643158
2058 [ 1.  0.  0.  0.] 0 228.975643158
2059 [ 0.  1.  0.  0.] -2 185.279071045
2060 [ 0.  1.  0.  0.] -1 91.421427536
2061 [ 0.  1.  0.  0.] -1 93.7882446289
2062 [ 0.  1.  0.  0.] -1 114.644438171
2063 [ 0.  1.  0.  0.] -1 119.367947006
2064 [ 0.  1.  0.  0.] -1 120.246721649
2065 [ 0.  1.  0.  0.] -1 121.511658478
2066 [ 0.  1.  0.  0.] -1 128.408870697
2067 [ 0.  1.  0.  0.] -1 136.314689636
2068 [ 0.  1.  0.  0.] -1 142.339222717
2069 [ 0.  1.  0.  0.] -1 142.626907349
2070 [ 0.  1.  0.  0.] -1 165.822832489
2071 [ 0.  1.  0.  0.] -1 176.744469452
2072 [ 0.  1.  0.  0.] -1 176.297098541
2073 [ 0.  1.  0.  0.] -1 174.449240112
2074 [ 0.  1.  0.  0.] -1 172.893951416
2075 [ 0.  1.  0.  0.] -1 178.690479279
2076 [ 0.  1.  0.  0.] -1 180.992695618
2077 [ 0.  1.  0.  0.] -1 187.093056488
2078 [ 0.  1.  0.  0.] -1 210.844926453
2079 [ 0.  1.  0.  0.] -1 218.170331573
2080 [ 0.  1.  0.  0.] -1 221.821604156
2081 [ 0.  1.  0.  0.] -1 220.540924835
2082 [ 0.  1.  0.  0.] 0 221.540924835
2083 [ 0.  0.  1.  0.] -2 134.814046478
2084 [ 0.  0.  1.  0.] -1 134.328642273
2085 [ 0.  0.  1.  0.] -1 141.485475159
2086 [ 0.  0.  1.  0.] -1 130.932656097
2087 [ 0.  0.  1.  0.] -1 131.153050995
2088 [ 0.  0.  1.  0.] -1 130.203833771
2089 [ 0.  0.  1.  0.] -1 135.200973511
2090 [ 0.  0.  1.  0.] -1 143.426208496
2091 [ 0.  0.  1.  0.] -1 144.575004578
2092 [ 0.  0.  1.  0.] -1 143.469551086
2093 [ 0.  0.  1.  0.] -1 150.266321564
2094 [ 0.  0.  1.  0.] -1 123.252696991
2095 [ 0.  0.  1.  0.] -1 124.565325165
2096 [ 0.  0.  1.  0.] -1 123.489109802
2097 [ 0.  0.  1.  0.] -1 126.763925171
2098 [ 0.  0.  1.  0.] 0 127.763925171
2099 [ 0.  1.  0.  0.] -2 194.756283569
2100 [ 0.  1.  0.  0.] -1 199.13580246
2101 [ 0.  1.  0.  0.] -1 203.709402466
2102 [ 0.  1.  0.  0.] -1 207.830311584
2103 [ 0.  1.  0.  0.] -1 210.88045578
2104 [ 0.  1.  0.  0.] -1 213.559868622
2105 [ 0.  1.  0.  0.] -1 213.895635986
2106 [ 0.  1.  0.  0.] -1 216.785514069
2107 [ 0.  1.  0.  0.] -1 215.810900116
2108 [ 0.  1.  0.  0.] -1 218.496705627
2109 [ 0.  1.  0.  0.] -1 219.389620972
2110 [ 0.  1.  0.  0.] 0 220.389620972
2111 [ 1.  0.  0.  0.] -2 274.306520081
2112 [ 1.  0.  0.  0.] -1 278.336529541
2113 [ 1.  0.  0.  0.] -1 283.193566895
2114 [ 1.  0.  0.  0.] -1 283.736610413
2115 [ 1.  0.  0.  0.] -1 286.468121338
2116 [ 1.  0.  0.  0.] -1 290.168041992
2117 [ 1.  0.  0.  0.] -1 290.254756165
2118 [ 1.  0.  0.  0.] -1 292.666894531
2119 [ 1.  0.  0.  0.] -1 293.561027527
2120 [ 1.  0.  0.  0.] -1 297.035479736
2121 [ 1.  0.  0.  0.] -1 252.654957581
2122 [ 1.  0.  0.  0.] -1 258.54450531
2123 [ 1.  0.  0.  0.] -1 256.166838074
2124 [ 1.  0.  0.  0.] -1 254.930458069
2125 [ 1.  0.  0.  0.] -1 237.872916412
2126 [ 1.  0.  0.  0.] 0 238.872916412
2127 [ 0.  1.  0.  0.] -2 221.9960289
2128 [ 0.  1.  0.  0.] -1 215.823236084
2129 [ 0.  1.  0.  0.] -1 209.903377533
2130 [ 0.  1.  0.  0.] -1 221.962025452
2131 [ 0.  1.  0.  0.] -1 221.88079071
2132 [ 0.  1.  0.  0.] -1 222.0722229
2133 [ 0.  1.  0.  0.] -1 219.501369476
2134 [ 0.  1.  0.  0.] -1 206.861394501
2135 [ 0.  1.  0.  0.] -1 208.48711853
2136 [ 0.  1.  0.  0.] -1 206.977955627
2137 [ 0.  1.  0.  0.] -1 205.028785706
2138 [ 0.  1.  0.  0.] 0 206.028785706
2139 [ 1.  0.  0.  0.] -2 236.368330383
2140 [ 1.  0.  0.  0.] -1 236.211126709
2141 [ 1.  0.  0.  0.] -1 210.60712204
2142 [ 1.  0.  0.  0.] -1 213.385440063
2143 [ 1.  0.  0.  0.] -1 215.013613892
2144 [ 1.  0.  0.  0.] -1 216.291307068
2145 [ 1.  0.  0.  0.] -1 227.870504761
2146 [ 1.  0.  0.  0.] -1 225.805846405
2147 [ 1.  0.  0.  0.] -1 226.340844727
2148 [ 1.  0.  0.  0.] -1 225.194063568
2149 [ 1.  0.  0.  0.] -1 232.068995667
2150 [ 1.  0.  0.  0.] 0 233.068995667
2151 [ 0.  1.  0.  0.] -2 194.215370941
2152 [ 0.  1.  0.  0.] -1 191.560343933
2153 [ 0.  1.  0.  0.] -1 191.064368439
2154 [ 0.  1.  0.  0.] -1 195.534134674
2155 [ 0.  1.  0.  0.] -1 194.530905914
2156 [ 0.  1.  0.  0.] -1 196.590505219
2157 [ 0.  1.  0.  0.] -1 187.357736206
2158 [ 0.  1.  0.  0.] -1 177.402740479
2159 [ 0.  1.  0.  0.] -1 170.781703186
2160 [ 0.  1.  0.  0.] -1 168.361331177
2161 [ 0.  1.  0.  0.] -1 166.367644501
2162 [ 0.  1.  0.  0.] -1 119.303926086
2163 [ 0.  1.  0.  0.] -1 120.002727509
2164 [ 0.  1.  0.  0.] -1 119.941359329
2165 [ 0.  1.  0.  0.] -1 116.821990204
2166 [ 0.  1.  0.  0.] -1 110.197937775
2167 [ 0.  1.  0.  0.] -1 110.577330399
2168 [ 0.  1.  0.  0.] -1 113.853783798
2169 [ 0.  1.  0.  0.] -1 114.848206329
2170 [ 0.  1.  0.  0.] -1 114.921316147
2171 [ 0.  1.  0.  0.] -1 115.325032806
2172 [ 0.  1.  0.  0.] -1 115.603164673
2173 [ 0.  1.  0.  0.] -1 114.709415817
2174 [ 0.  1.  0.  0.] 0 115.709415817
2175 [ 0.  0.  1.  0.] -2 94.1294296265
2176 [ 0.  0.  1.  0.] -1 96.8859642029
2177 [ 0.  0.  1.  0.] -1 100.148269653
2178 [ 0.  0.  1.  0.] -1 101.333131409
2179 [ 0.  0.  1.  0.] -1 101.30529213
2180 [ 0.  0.  1.  0.] -1 101.667043304
2181 [ 0.  0.  1.  0.] -1 107.398129654
2182 [ 0.  0.  1.  0.] -1 115.522430038
2183 [ 0.  0.  1.  0.] -1 115.641912079
2184 [ 0.  0.  1.  0.] -1 116.646619415
2185 [ 0.  0.  1.  0.] -1 121.595429993
2186 [ 0.  0.  1.  0.] 0 122.595429993
2187 [ 0.  1.  0.  0.] -2 149.967036438
2188 [ 0.  1.  0.  0.] -1 148.538517761
2189 [ 0.  1.  0.  0.] -1 150.541858673
2190 [ 0.  1.  0.  0.] -1 185.413132477
2191 [ 0.  1.  0.  0.] -1 194.457266998
2192 [ 0.  1.  0.  0.] -1 192.08229599
2193 [ 0.  1.  0.  0.] -1 195.570678711
2194 [ 0.  1.  0.  0.] -1 209.29336319
2195 [ 0.  1.  0.  0.] -1 211.973196411
2196 [ 0.  1.  0.  0.] -1 210.415008545
2197 [ 0.  1.  0.  0.] -1 210.205007172
2198 [ 0.  1.  0.  0.] -1 82.9189594269
2199 [ 0.  1.  0.  0.] -1 80.2634792328
2200 [ 0.  1.  0.  0.] -1 78.6300071716
2201 [ 0.  1.  0.  0.] -1 76.6819969177
2202 [ 0.  1.  0.  0.] -1 75.9269515991
2203 [ 0.  1.  0.  0.] -1 76.2550796509
2204 [ 0.  1.  0.  0.] -1 74.8260425568
2205 [ 0.  1.  0.  0.] -1 73.5568222046
2206 [ 0.  1.  0.  0.] -1 71.9352947235
2207 [ 0.  1.  0.  0.] -1 72.0321342468
2208 [ 0.  1.  0.  0.] -1 71.8638809204
2209 [ 0.  1.  0.  0.] -1 71.5430660248
2210 [ 0.  1.  0.  0.] 9 80.698015976
2211 [ 0.  1.  0.  0.] 0 71.698015976
2212 [ 0.  0.  1.  0.] -2 77.1216159821
2213 [ 0.  0.  1.  0.] -1 78.0399898529
2214 [ 0.  0.  1.  0.] 9 89.8744903564
2215 [ 0.  0.  1.  0.] -1 85.7939502716
2216 [ 0.  0.  1.  0.] -1 85.7551738739
2217 [ 0.  0.  1.  0.] -1 87.4196308136
2218 [ 0.  0.  1.  0.] 9 98.3053127289
2219 [ 0.  0.  1.  0.] -1 85.9290153503
2220 [ 0.  0.  1.  0.] -1 86.8156032562
2221 [ 0.  0.  1.  0.] -1 88.5841114044
2222 [ 0.  0.  1.  0.] 9 99.241802597
2223 [ 0.  0.  1.  0.] -1 96.1047538757
2224 [ 0.  0.  1.  0.] -1 97.2595439911
2225 [ 0.  0.  1.  0.] -1 97.8536273956
2226 [ 0.  0.  1.  0.] -1 96.7676200867
2227 [ 0.  0.  1.  0.] 0 97.7676200867
2228 [ 0.  1.  0.  0.] -2 113.968065262
2229 [ 0.  1.  0.  0.] -1 115.446942902
2230 [ 0.  1.  0.  0.] -1 114.631167221
2231 [ 0.  1.  0.  0.] -1 128.335014343
2232 [ 0.  1.  0.  0.] -1 127.119145966
2233 [ 0.  1.  0.  0.] -1 130.715827179
2234 [ 0.  1.  0.  0.] -1 131.621948242
2235 [ 0.  1.  0.  0.] -1 130.531439972
2236 [ 0.  1.  0.  0.] -1 130.418444824
2237 [ 0.  1.  0.  0.] -1 130.997119141
2238 [ 0.  1.  0.  0.] -1 127.574895477
2239 [ 0.  1.  0.  0.] -1 121.579064178
2240 [ 0.  1.  0.  0.] -1 121.353871155
2241 [ 0.  1.  0.  0.] -1 121.63812027
2242 [ 0.  1.  0.  0.] -1 121.617565155
2243 [ 0.  1.  0.  0.] -1 131.537104034
2244 [ 0.  1.  0.  0.] -1 131.651621246
2245 [ 0.  1.  0.  0.] -1 133.390543365
2246 [ 0.  1.  0.  0.] -1 133.680039978
2247 [ 0.  1.  0.  0.] -1 143.19739151
2248 [ 0.  1.  0.  0.] -1 142.535337067
2249 [ 0.  1.  0.  0.] -1 147.852878571
2250 [ 0.  1.  0.  0.] -1 148.439496613
2251 [ 0.  1.  0.  0.] -1 159.112225342
2252 [ 0.  1.  0.  0.] -1 161.104549408
2253 [ 0.  1.  0.  0.] -1 158.522389221
2254 [ 0.  1.  0.  0.] -1 158.433036804
2255 [ 0.  1.  0.  0.] -1 168.854537964
2256 [ 0.  1.  0.  0.] -1 168.406819153
2257 [ 0.  1.  0.  0.] -1 176.69973526
2258 [ 0.  1.  0.  0.] -1 175.050513458
2259 [ 0.  1.  0.  0.] -1 178.484072876
2260 [ 0.  1.  0.  0.] -1 177.216004944
2261 [ 0.  1.  0.  0.] -1 182.278941345
2262 [ 0.  1.  0.  0.] -1 180.659609985
2263 [ 0.  1.  0.  0.] 0 181.659609985
2264 [ 1.  0.  0.  0.] -2 225.226965332
2265 [ 1.  0.  0.  0.] -1 226.577880859
2266 [ 1.  0.  0.  0.] -1 217.038147736
2267 [ 1.  0.  0.  0.] -1 216.627407837
2268 [ 1.  0.  0.  0.] -1 214.04755249
2269 [ 1.  0.  0.  0.] -1 218.007876587
2270 [ 1.  0.  0.  0.] -1 229.656973267
2271 [ 1.  0.  0.  0.] -1 229.662945557
2272 [ 1.  0.  0.  0.] -1 229.573883057
2273 [ 1.  0.  0.  0.] -1 232.40200882
2274 [ 1.  0.  0.  0.] -1 204.395172119
2275 [ 1.  0.  0.  0.] -1 205.628739929
2276 [ 1.  0.  0.  0.] -1 205.849497223
2277 [ 1.  0.  0.  0.] -1 209.706074524
2278 [ 1.  0.  0.  0.] -1 191.965068054
2279 [ 1.  0.  0.  0.] 0 192.965068054
2280 [ 0.  0.  0.  1.] -2 152.307086945
2281 [ 0.  0.  0.  1.] -1 148.93116684
2282 [ 0.  0.  0.  1.] -1 122.27427063
2283 [ 0.  0.  0.  1.] -1 118.169046021
2284 [ 0.  0.  0.  1.] -1 114.734602356
2285 [ 0.  0.  0.  1.] -1 111.908506012
2286 [ 0.  0.  0.  1.] -1 115.67110672
2287 [ 0.  0.  0.  1.] -1 115.872396088
2288 [ 0.  0.  0.  1.] -1 113.394721985
2289 [ 0.  0.  0.  1.] -1 109.082837296
2290 [ 0.  0.  0.  1.] -1 88.2568386078
2291 [ 0.  0.  0.  1.] 0 89.2568386078
2292 [ 1.  0.  0.  0.] -2 156.068151093
2293 [ 1.  0.  0.  0.] -1 157.884673309
2294 [ 1.  0.  0.  0.] -1 150.237068939
2295 [ 1.  0.  0.  0.] -1 146.870277405
2296 [ 1.  0.  0.  0.] -1 148.220246887
2297 [ 1.  0.  0.  0.] -1 152.191297913
2298 [ 1.  0.  0.  0.] -1 149.935598755
2299 [ 1.  0.  0.  0.] -1 143.803129578
2300 [ 1.  0.  0.  0.] -1 145.735991669
2301 [ 1.  0.  0.  0.] -1 144.611403656
2302 [ 1.  0.  0.  0.] -1 148.847975159
2303 [ 1.  0.  0.  0.] 0 149.847975159
2304 [ 0.  1.  0.  0.] -2 153.130770111
2305 [ 0.  1.  0.  0.] -1 152.764942169
2306 [ 0.  1.  0.  0.] -1 151.612449646
2307 [ 0.  1.  0.  0.] -1 130.471905518
2308 [ 0.  1.  0.  0.] -1 132.185851288
2309 [ 0.  1.  0.  0.] -1 132.789893341
2310 [ 0.  1.  0.  0.] -1 132.814115906
2311 [ 0.  1.  0.  0.] -1 138.450986481
2312 [ 0.  1.  0.  0.] -1 141.249163818
2313 [ 0.  1.  0.  0.] -1 138.314160156
2314 [ 0.  1.  0.  0.] -1 132.242747498
2315 [ 0.  1.  0.  0.] -1 90.3666442871
2316 [ 0.  1.  0.  0.] -1 88.3814304352
2317 [ 0.  1.  0.  0.] -1 83.0276638031
2318 [ 0.  1.  0.  0.] -101 -101
