0 [ 0.  1.  0.  0.] -1 39.4857772827
1 [ 0.  1.  0.  0.] -1 39.1846803665
2 [ 0.  1.  0.  0.] -1 41.2557096481
3 [ 0.  1.  0.  0.] -1 45.4531206131
4 [ 0.  1.  0.  0.] -1 45.9340711594
5 [ 0.  1.  0.  0.] 9 56.9810411453
6 [ 0.  1.  0.  0.] 0 47.9810411453
7 [ 1.  0.  0.  0.] -2 54.1648687363
8 [ 1.  0.  0.  0.] -1 54.2074251175
9 [ 1.  0.  0.  0.] 9 63.6686433792
10 [ 1.  0.  0.  0.] -1 55.2849161148
11 [ 1.  0.  0.  0.] -1 54.9639308929
12 [ 1.  0.  0.  0.] -1 55.3413883209
13 [ 1.  0.  0.  0.] 9 56.919770813
14 [ 1.  0.  0.  0.] -1 48.0783588409
15 [ 1.  0.  0.  0.] -1 46.9360858917
16 [ 1.  0.  0.  0.] -1 48.4063383102
17 [ 1.  0.  0.  0.] 9 58.7856801987
18 [ 1.  0.  0.  0.] 0 49.7856801987
19 [ 0.  1.  0.  0.] -2 34.7695922852
20 [ 0.  1.  0.  0.] -1 35.2401023865
21 [ 0.  1.  0.  0.] 9 46.1228162766
22 [ 0.  1.  0.  0.] -1 39.8259550095
23 [ 0.  1.  0.  0.] -1 39.9948244095
24 [ 0.  1.  0.  0.] -1 41.4391546249
25 [ 0.  1.  0.  0.] 9 52.3436304092
26 [ 0.  1.  0.  0.] -1 45.6497350693
27 [ 0.  1.  0.  0.] -1 45.9408697128
28 [ 0.  1.  0.  0.] -1 45.6331264496
29 [ 0.  1.  0.  0.] 9 56.3247524261
30 [ 0.  1.  0.  0.] 0 47.3247524261
31 [ 1.  0.  0.  0.] -2 73.1673656464
32 [ 1.  0.  0.  0.] -1 75.7976558685
33 [ 1.  0.  0.  0.] 9 98.9627937317
34 [ 1.  0.  0.  0.] -1 91.9259555817
35 [ 1.  0.  0.  0.] -1 92.5575469971
36 [ 1.  0.  0.  0.] -1 93.8092926025
37 [ 1.  0.  0.  0.] 9 112.316906738
38 [ 1.  0.  0.  0.] -1 107.641449738
39 [ 1.  0.  0.  0.] -1 75.5190601349
40 [ 1.  0.  0.  0.] -1 75.785174942
41 [ 1.  0.  0.  0.] 9 84.2690322876
42 [ 1.  0.  0.  0.] 0 75.2690322876
43 [ 0.  0.  0.  1.] -2 34.2286651611
44 [ 0.  0.  0.  1.] -1 34.3464984894
45 [ 0.  0.  0.  1.] 9 40.6821071625
46 [ 0.  0.  0.  1.] -1 30.3910993576
47 [ 0.  0.  0.  1.] -1 30.316844368
48 [ 0.  0.  0.  1.] -1 29.9083621979
49 [ 0.  0.  0.  1.] 9 39.2290015221
50 [ 0.  0.  0.  1.] -1 29.2602092743
51 [ 0.  0.  0.  1.] -1 29.3472206116
52 [ 0.  0.  0.  1.] -1 29.2154116631
53 [ 0.  0.  0.  1.] 9 38.8161252975
54 [ 0.  0.  0.  1.] -1 28.9671321869
55 [ 0.  0.  0.  1.] -1 29.0064956665
56 [ 0.  0.  0.  1.] -1 29.146790123
57 [ 0.  0.  0.  1.] 9 39.6833648682
58 [ 0.  0.  0.  1.] -1 29.96425457
59 [ 0.  0.  0.  1.] -1 30.058716774
60 [ 0.  0.  0.  1.] -1 30.1773797989
61 [ 0.  0.  0.  1.] 9 40.8810119629
62 [ 0.  0.  0.  1.] -1 31.3067804337
63 [ 0.  0.  0.  1.] -1 31.6063262939
64 [ 0.  0.  0.  1.] -1 31.9382921219
65 [ 0.  0.  0.  1.] 9 42.5111101151
66 [ 0.  0.  0.  1.] -1 32.718060112
67 [ 0.  0.  0.  1.] -1 32.7868429184
68 [ 0.  0.  0.  1.] -1 32.819654274
69 [ 0.  0.  0.  1.] 9 43.0965938568
70 [ 0.  0.  0.  1.] -1 33.5623128891
71 [ 0.  0.  0.  1.] -1 34.1351816177
72 [ 0.  0.  0.  1.] -1 34.6110803604
73 [ 0.  0.  0.  1.] 9 44.9876716614
74 [ 0.  0.  0.  1.] -1 35.9761074066
75 [ 0.  0.  0.  1.] -1 37.3692455292
76 [ 0.  0.  0.  1.] -1 38.5247713089
77 [ 0.  0.  0.  1.] 9 59.5839847565
78 [ 0.  0.  0.  1.] -1 51.9213861465
79 [ 0.  0.  0.  1.] -1 54.1172174454
80 [ 0.  0.  0.  1.] -1 55.5926593781
81 [ 0.  0.  0.  1.] 9 67.6368930817
82 [ 0.  0.  0.  1.] -1 59.15246315
83 [ 0.  0.  0.  1.] -1 60.4859073639
84 [ 0.  0.  0.  1.] -1 61.2167591095
85 [ 0.  0.  0.  1.] 9 79.0660152435
86 [ 0.  0.  0.  1.] -1 71.9708240509
87 [ 0.  0.  0.  1.] -1 74.7844032288
88 [ 0.  0.  0.  1.] -1 76.5335594177
89 [ 0.  0.  0.  1.] 9 96.7930912018
90 [ 0.  0.  0.  1.] 0 87.7930912018
91 [ 0.  0.  1.  0.] -2 86.7086490631
92 [ 0.  0.  1.  0.] -1 86.5568885803
93 [ 0.  0.  1.  0.] 9 93.7266899109
94 [ 0.  0.  1.  0.] -1 76.0646114349
95 [ 0.  0.  1.  0.] -1 77.5654029846
96 [ 0.  0.  1.  0.] -1 78.0788894653
97 [ 0.  0.  1.  0.] 9 80.1196315765
98 [ 0.  0.  1.  0.] -1 65.676871109
99 [ 0.  0.  1.  0.] -1 214.797886658
100 [ 0.  0.  1.  0.] -1 206.238420868
101 [ 0.  0.  1.  0.] 9 206.21312027
102 [ 0.  0.  1.  0.] -1 170.148799896
103 [ 0.  0.  1.  0.] -1 167.128705597
104 [ 0.  0.  1.  0.] -1 162.543813324
105 [ 0.  0.  1.  0.] 9 162.832318878
106 [ 0.  0.  1.  0.] -1 141.830200958
107 [ 0.  0.  1.  0.] -1 140.733068085
108 [ 0.  0.  1.  0.] -1 134.943034363
109 [ 0.  0.  1.  0.] 9 136.076821899
110 [ 0.  0.  1.  0.] -1 70.1653949738
111 [ 0.  0.  1.  0.] -1 70.6336326599
112 [ 0.  0.  1.  0.] -1 70.2976261139
113 [ 0.  0.  1.  0.] 9 77.0206363678
114 [ 0.  0.  1.  0.] 0 68.0206363678
115 [ 0.  0.  0.  1.] -2 95.0785163879
116 [ 0.  0.  0.  1.] -1 101.872268295
117 [ 0.  0.  0.  1.] 9 142.408551025
118 [ 0.  0.  0.  1.] -1 147.77370224
119 [ 0.  0.  0.  1.] -1 155.09422226
120 [ 0.  0.  0.  1.] -1 162.868056488
121 [ 0.  0.  0.  1.] 9 214.069986725
122 [ 0.  0.  0.  1.] -1 220.919701385
123 [ 0.  0.  0.  1.] -1 224.371598053
124 [ 0.  0.  0.  1.] -1 232.373799896
125 [ 0.  0.  0.  1.] 9 325.911482239
126 [ 0.  0.  0.  1.] -1 337.944941711
127 [ 0.  0.  0.  1.] -1 349.185487366
128 [ 0.  0.  0.  1.] -1 355.580505371
129 [ 0.  0.  0.  1.] 9 410.26375885
130 [ 0.  0.  0.  1.] -1 423.009631348
131 [ 0.  0.  0.  1.] -1 428.471261597
132 [ 0.  0.  0.  1.] -1 445.142010498
133 [ 0.  0.  0.  1.] 9 567.489251709
134 [ 0.  0.  0.  1.] 0 558.489251709
135 [ 1.  0.  0.  0.] -2 527.548867798
136 [ 1.  0.  0.  0.] -1 538.425180054
137 [ 1.  0.  0.  0.] 9 648.351971436
138 [ 1.  0.  0.  0.] -1 644.048492432
139 [ 1.  0.  0.  0.] -1 648.420788574
140 [ 1.  0.  0.  0.] -1 668.180371094
141 [ 1.  0.  0.  0.] 9 675.677749634
142 [ 1.  0.  0.  0.] -1 680.255703735
143 [ 1.  0.  0.  0.] -1 688.571914673
144 [ 1.  0.  0.  0.] -1 681.687255859
145 [ 1.  0.  0.  0.] 9 617.534896851
146 [ 1.  0.  0.  0.] -1 600.078173828
147 [ 1.  0.  0.  0.] -1 605.91008606
148 [ 1.  0.  0.  0.] -1 613.841055298
149 [ 1.  0.  0.  0.] 49 2011.08792725
150 [ 1.  0.  0.  0.] -1 2017.17457275
151 [ 1.  0.  0.  0.] -1 2026.13741455
152 [ 1.  0.  0.  0.] -1 2038.30511475
153 [ 1.  0.  0.  0.] 9 2034.58392334
154 [ 1.  0.  0.  0.] -1 2058.30776367
155 [ 1.  0.  0.  0.] -1 2056.08120117
156 [ 1.  0.  0.  0.] -1 2059.50987549
157 [ 1.  0.  0.  0.] 9 2065.13978271
158 [ 1.  0.  0.  0.] 0 2056.13978271
159 [ 0.  1.  0.  0.] -2 1411.05344849
160 [ 0.  1.  0.  0.] -1 1391.96080933
161 [ 0.  1.  0.  0.] 9 1391.63269043
162 [ 0.  1.  0.  0.] -1 1386.51210937
163 [ 0.  1.  0.  0.] -1 1369.45269775
164 [ 0.  1.  0.  0.] -1 1349.62701416
165 [ 0.  1.  0.  0.] 9 1346.46652222
166 [ 0.  1.  0.  0.] -1 1033.76152344
167 [ 0.  1.  0.  0.] -1 1013.04150391
168 [ 0.  1.  0.  0.] -1 1001.38417358
169 [ 0.  1.  0.  0.] 9 1012.98869019
170 [ 0.  1.  0.  0.] -1 1033.26286621
171 [ 0.  1.  0.  0.] -1 1031.98781128
172 [ 0.  1.  0.  0.] -1 1026.88492432
173 [ 0.  1.  0.  0.] 9 1056.84257813
174 [ 0.  1.  0.  0.] -1 1031.85178223
175 [ 0.  1.  0.  0.] -1 1025.72780762
176 [ 0.  1.  0.  0.] -1 1028.80405884
177 [ 0.  1.  0.  0.] -1 998.525012207
178 [ 0.  1.  0.  0.] -1 864.059017944
179 [ 0.  1.  0.  0.] -1 847.283087158
180 [ 0.  1.  0.  0.] -1 863.598339844
181 [ 0.  1.  0.  0.] -1 832.718643188
182 [ 0.  1.  0.  0.] -1 677.549502563
183 [ 0.  1.  0.  0.] -1 644.025531006
184 [ 0.  1.  0.  0.] -1 628.834750366
185 [ 0.  1.  0.  0.] -1 582.017330933
186 [ 0.  1.  0.  0.] -1 564.759963989
187 [ 0.  1.  0.  0.] -1 546.860140991
188 [ 0.  1.  0.  0.] -1 541.939437866
189 [ 0.  1.  0.  0.] -1 519.168487549
190 [ 0.  1.  0.  0.] -1 417.767758179
191 [ 0.  1.  0.  0.] -1 416.542684937
192 [ 0.  1.  0.  0.] -1 413.267840576
193 [ 0.  1.  0.  0.] -1 406.866589355
194 [ 0.  1.  0.  0.] -1 409.313227844
195 [ 0.  1.  0.  0.] -1 407.335906982
196 [ 0.  1.  0.  0.] -1 409.236573792
197 [ 0.  1.  0.  0.] -1 405.420889282
198 [ 0.  1.  0.  0.] -1 382.367066956
199 [ 0.  1.  0.  0.] -1 376.064967346
200 [ 0.  1.  0.  0.] -1 374.00687561
201 [ 0.  1.  0.  0.] -1 361.560913086
202 [ 0.  1.  0.  0.] -1 352.59433136
203 [ 0.  1.  0.  0.] -1 348.907485962
204 [ 0.  1.  0.  0.] -1 349.068157959
205 [ 0.  1.  0.  0.] -1 336.339584351
206 [ 0.  1.  0.  0.] -1 341.328504944
207 [ 0.  1.  0.  0.] -1 339.948355103
208 [ 0.  1.  0.  0.] -1 342.309671021
209 [ 0.  1.  0.  0.] -1 333.093296814
210 [ 0.  1.  0.  0.] -1 363.409365845
211 [ 0.  1.  0.  0.] -1 359.739538574
212 [ 0.  1.  0.  0.] -1 366.046073914
213 [ 0.  1.  0.  0.] -1 365.011128235
214 [ 0.  1.  0.  0.] -1 361.425405884
215 [ 0.  1.  0.  0.] -1 368.58258667
216 [ 0.  1.  0.  0.] -1 380.943197632
217 [ 0.  1.  0.  0.] -1 351.585072327
218 [ 0.  1.  0.  0.] -1 412.257421875
219 [ 0.  1.  0.  0.] -1 431.506924438
220 [ 0.  1.  0.  0.] -1 478.088235474
221 [ 0.  1.  0.  0.] -1 484.705155945
222 [ 0.  1.  0.  0.] -1 535.116067505
223 [ 0.  1.  0.  0.] -1 550.922515869
224 [ 0.  1.  0.  0.] -1 518.169085693
225 [ 0.  1.  0.  0.] -1 481.915719604
226 [ 0.  1.  0.  0.] 0 482.915719604
227 [ 0.  0.  1.  0.] -2 187.829224396
228 [ 0.  0.  1.  0.] -1 192.21180191
229 [ 0.  0.  1.  0.] -1 193.057866669
230 [ 0.  0.  1.  0.] -1 172.025113678
231 [ 0.  0.  1.  0.] -1 170.07114563
232 [ 0.  0.  1.  0.] -1 166.048286438
233 [ 0.  0.  1.  0.] -1 180.155125427
234 [ 0.  0.  1.  0.] -1 121.221886444
235 [ 0.  0.  1.  0.] -1 119.521356583
236 [ 0.  0.  1.  0.] -1 117.128432465
237 [ 0.  0.  1.  0.] -1 116.160899734
238 [ 0.  0.  1.  0.] 0 117.160899734
239 [ 0.  0.  0.  1.] -2 125.346009827
240 [ 0.  0.  0.  1.] -1 128.478798676
241 [ 0.  0.  0.  1.] -1 125.535532379
242 [ 0.  0.  0.  1.] -1 127.166924286
243 [ 0.  0.  0.  1.] -1 127.546396637
244 [ 0.  0.  0.  1.] -1 131.051029205
245 [ 0.  0.  0.  1.] -1 143.875913239
246 [ 0.  0.  0.  1.] -1 147.979514313
247 [ 0.  0.  0.  1.] -1 158.730984497
248 [ 0.  0.  0.  1.] -1 163.58638382
249 [ 0.  0.  0.  1.] -1 190.161088562
250 [ 0.  0.  0.  1.] 0 191.161088562
251 [ 0.  0.  1.  0.] -2 109.80714035
252 [ 0.  0.  1.  0.] -1 114.485454941
253 [ 0.  0.  1.  0.] -1 111.816044235
254 [ 0.  0.  1.  0.] -1 119.517413712
255 [ 0.  0.  1.  0.] -1 116.567124176
256 [ 0.  0.  1.  0.] -1 118.508524323
257 [ 0.  0.  1.  0.] -1 118.78979454
258 [ 0.  0.  1.  0.] -1 62.8052070618
259 [ 0.  0.  1.  0.] -1 59.4796380997
260 [ 0.  0.  1.  0.] -1 61.191558075
261 [ 0.  0.  1.  0.] -1 71.0134384155
262 [ 0.  0.  1.  0.] 0 72.0134384155
263 [ 0.  0.  0.  1.] -2 91.1063999176
264 [ 0.  0.  0.  1.] -1 93.6271884918
265 [ 0.  0.  0.  1.] -1 82.3050601959
266 [ 0.  0.  0.  1.] -1 81.0951931
267 [ 0.  0.  0.  1.] -1 89.4855213165
268 [ 0.  0.  0.  1.] -1 99.7780094147
269 [ 0.  0.  0.  1.] -1 93.3214782715
270 [ 0.  0.  0.  1.] -1 97.6963039398
271 [ 0.  0.  0.  1.] -1 106.007376099
272 [ 0.  0.  0.  1.] -1 110.822447968
273 [ 0.  0.  0.  1.] 9 116.491740417
274 [ 0.  0.  0.  1.] -1 104.685296631
275 [ 0.  0.  0.  1.] -1 105.110220718
276 [ 0.  0.  0.  1.] -1 105.616923141
277 [ 0.  0.  0.  1.] 9 112.512448502
278 [ 0.  0.  0.  1.] -1 110.351441574
279 [ 0.  0.  0.  1.] -1 118.65508461
280 [ 0.  0.  0.  1.] -1 120.828309631
281 [ 0.  0.  0.  1.] 9 154.547563934
282 [ 0.  0.  0.  1.] -1 154.388143921
283 [ 0.  0.  0.  1.] -1 162.095166779
284 [ 0.  0.  0.  1.] -1 186.268865967
285 [ 0.  0.  0.  1.] 9 205.883629608
286 [ 0.  0.  0.  1.] 0 196.883629608
287 [ 0.  0.  1.  0.] -2 159.011026001
288 [ 0.  0.  1.  0.] -1 158.003510284
289 [ 0.  0.  1.  0.] 9 181.825592804
290 [ 0.  0.  1.  0.] -1 135.375112152
291 [ 0.  0.  1.  0.] -1 134.170275116
292 [ 0.  0.  1.  0.] -1 131.988011932
293 [ 0.  0.  1.  0.] 9 139.829753876
294 [ 0.  0.  1.  0.] -1 78.4197013855
295 [ 0.  0.  1.  0.] -1 78.6039218903
296 [ 0.  0.  1.  0.] -1 79.7293579102
297 [ 0.  0.  1.  0.] 9 92.6412769318
298 [ 0.  0.  1.  0.] 0 83.6412769318
299 [ 0.  0.  0.  1.] -2 113.927853775
300 [ 0.  0.  0.  1.] -1 125.935182953
301 [ 0.  0.  0.  1.] 9 126.878545761
302 [ 0.  0.  0.  1.] -1 116.104380417
303 [ 0.  0.  0.  1.] -1 119.814390182
304 [ 0.  0.  0.  1.] -1 124.326955414
305 [ 0.  0.  0.  1.] 9 149.571631622
306 [ 0.  0.  0.  1.] -1 147.228353882
307 [ 0.  0.  0.  1.] -1 153.621038055
308 [ 0.  0.  0.  1.] -1 161.43319931
309 [ 0.  0.  0.  1.] 9 194.411077881
310 [ 0.  0.  0.  1.] -1 189.709484863
311 [ 0.  0.  0.  1.] -1 198.228884125
312 [ 0.  0.  0.  1.] -1 214.145066071
313 [ 0.  0.  0.  1.] 9 274.595942688
314 [ 0.  0.  0.  1.] -1 287.761528015
315 [ 0.  0.  0.  1.] -1 309.75065918
316 [ 0.  0.  0.  1.] -1 336.928347778
317 [ 0.  0.  0.  1.] 9 386.619230652
318 [ 0.  0.  0.  1.] -1 400.800076294
319 [ 0.  0.  0.  1.] -1 423.67713623
320 [ 0.  0.  0.  1.] -1 441.447598267
321 [ 0.  0.  0.  1.] 9 558.772259521
322 [ 0.  0.  0.  1.] 0 549.772259521
323 [ 0.  0.  1.  0.] -2 444.876979065
324 [ 0.  0.  1.  0.] -1 442.970126343
325 [ 0.  0.  1.  0.] 9 443.423942566
326 [ 0.  0.  1.  0.] -1 361.623651123
327 [ 0.  0.  1.  0.] -1 360.695568848
328 [ 0.  0.  1.  0.] -1 356.896728516
329 [ 0.  0.  1.  0.] 9 368.803918457
330 [ 0.  0.  1.  0.] -1 222.037215424
331 [ 0.  0.  1.  0.] -1 215.997925568
332 [ 0.  0.  1.  0.] -1 212.356495667
333 [ 0.  0.  1.  0.] 9 226.065128326
334 [ 0.  0.  1.  0.] 0 217.065128326
335 [ 0.  0.  0.  1.] -2 234.097541046
336 [ 0.  0.  0.  1.] -1 252.615731812
337 [ 0.  0.  0.  1.] -1 274.167349243
338 [ 0.  0.  0.  1.] -1 289.907493591
339 [ 0.  0.  0.  1.] -1 300.796630859
340 [ 0.  0.  0.  1.] -1 323.278591919
341 [ 0.  0.  0.  1.] -1 371.953103638
342 [ 0.  0.  0.  1.] -1 388.745617676
343 [ 0.  0.  0.  1.] -1 399.542416382
344 [ 0.  0.  0.  1.] -1 415.750486755
345 [ 0.  0.  0.  1.] -1 452.170584106
346 [ 0.  0.  0.  1.] -1 121.31676178
347 [ 0.  0.  0.  1.] -1 115.796959686
348 [ 0.  0.  0.  1.] -1 45.9730215073
349 [ 0.  0.  0.  1.] -1 43.4111446381
350 [ 0.  0.  0.  1.] -1 40.5170700073
351 [ 0.  0.  0.  1.] -1 38.9564939499
352 [ 0.  0.  0.  1.] -1 38.2732393265
353 [ 0.  0.  0.  1.] -1 37.5011758804
354 [ 0.  0.  0.  1.] -1 35.4608125687
355 [ 0.  0.  0.  1.] -1 35.7555023193
356 [ 0.  0.  0.  1.] -1 35.9515550613
357 [ 0.  0.  0.  1.] -1 35.9887767792
358 [ 0.  0.  0.  1.] 9 47.7014577866
359 [ 0.  0.  0.  1.] -1 37.2005537033
360 [ 0.  0.  0.  1.] -1 37.2117046356
361 [ 0.  0.  0.  1.] -1 37.4780368805
362 [ 0.  0.  0.  1.] -1 30.6974220276
363 [ 0.  0.  0.  1.] -1 30.8464502335
364 [ 0.  0.  0.  1.] -1 30.9078800201
365 [ 0.  0.  0.  1.] -1 30.9019004822
366 [ 0.  0.  0.  1.] -1 35.2873262405
367 [ 0.  0.  0.  1.] -1 36.0338951111
368 [ 0.  0.  0.  1.] -1 37.5061552048
369 [ 0.  0.  0.  1.] -1 36.8434484482
370 [ 0.  0.  0.  1.] -1 32.2852430344
371 [ 0.  0.  0.  1.] 0 33.2852430344
372 [ 0.  0.  1.  0.] -2 34.7275905609
373 [ 0.  0.  1.  0.] -1 35.8247852325
374 [ 0.  0.  1.  0.] -1 37.9837463379
375 [ 0.  0.  1.  0.] -1 47.7103672028
376 [ 0.  0.  1.  0.] -1 44.6350364685
377 [ 0.  0.  1.  0.] -1 44.590164566
378 [ 0.  0.  1.  0.] -1 51.1937307358
379 [ 0.  0.  1.  0.] -1 63.7524963379
380 [ 0.  0.  1.  0.] -1 61.6204902649
381 [ 0.  0.  1.  0.] -1 60.8811149597
382 [ 0.  0.  1.  0.] -1 61.1297477722
383 [ 0.  0.  1.  0.] 0 62.1297477722
384 [ 0.  0.  0.  1.] -2 44.8548549652
385 [ 0.  0.  0.  1.] -1 47.801527977
386 [ 0.  0.  0.  1.] -1 46.5471839905
387 [ 0.  0.  0.  1.] -1 44.0378726959
388 [ 0.  0.  0.  1.] -1 47.180018425
389 [ 0.  0.  0.  1.] -1 50.9352371216
390 [ 0.  0.  0.  1.] -1 49.5633680344
391 [ 0.  0.  0.  1.] -1 48.5581497192
392 [ 0.  0.  0.  1.] -1 51.7387638092
393 [ 0.  0.  0.  1.] -1 53.3792627335
394 [ 0.  0.  0.  1.] -1 55.459939003
395 [ 0.  0.  0.  1.] 0 56.459939003
396 [ 0.  0.  1.  0.] -2 59.7042366028
397 [ 0.  0.  1.  0.] -1 64.795117569
398 [ 0.  0.  1.  0.] -1 71.0414516449
399 [ 0.  0.  1.  0.] -1 81.9567684174
400 [ 0.  0.  1.  0.] -1 88.7879592896
401 [ 0.  0.  1.  0.] -1 91.4177818298
402 [ 0.  0.  1.  0.] -1 98.2713470459
403 [ 0.  0.  1.  0.] -1 113.367926407
404 [ 0.  0.  1.  0.] -1 111.60587616
405 [ 0.  0.  1.  0.] -1 116.243359375
406 [ 0.  0.  1.  0.] -1 117.427177429
407 [ 0.  0.  1.  0.] 0 118.427177429
408 [ 0.  0.  0.  1.] -2 141.976039886
409 [ 0.  0.  0.  1.] -1 150.265002441
410 [ 0.  0.  0.  1.] -1 127.797290802
411 [ 0.  0.  0.  1.] -1 129.446744537
412 [ 0.  0.  0.  1.] -1 134.736511993
413 [ 0.  0.  0.  1.] -1 132.616436005
414 [ 0.  0.  0.  1.] -1 128.705847168
415 [ 0.  0.  0.  1.] -1 129.923889923
416 [ 0.  0.  0.  1.] -1 133.955069733
417 [ 0.  0.  0.  1.] -1 132.915543365
418 [ 0.  0.  0.  1.] -1 70.3304012299
419 [ 0.  0.  0.  1.] -1 65.841500473
420 [ 0.  0.  0.  1.] -1 66.1543861389
421 [ 0.  0.  0.  1.] -1 60.5841602325
422 [ 0.  0.  0.  1.] 0 61.5841602325
423 [ 0.  1.  0.  0.] -102 -80.4128369331
424 [ 0.  1.  0.  0.] -1 20.5522914886
425 [ 0.  1.  0.  0.] -1 21.8823273659
426 [ 0.  1.  0.  0.] -1 22.9747364044
427 [ 0.  1.  0.  0.] -1 23.0439087868
428 [ 0.  1.  0.  0.] -1 22.9704836845
429 [ 0.  1.  0.  0.] 0 23.9704836845
430 [ 1.  0.  0.  0.] -2 23.9696280479
431 [ 1.  0.  0.  0.] -1 24.7461274147
432 [ 1.  0.  0.  0.] -1 31.7866184235
433 [ 1.  0.  0.  0.] -1 32.7124031067
434 [ 1.  0.  0.  0.] -1 32.7763261795
435 [ 1.  0.  0.  0.] -1 33.7883466721
436 [ 1.  0.  0.  0.] -1 32.5413955688
437 [ 1.  0.  0.  0.] -1 32.810206604
438 [ 1.  0.  0.  0.] -1 32.3423059464
439 [ 1.  0.  0.  0.] -1 32.9140802383
440 [ 1.  0.  0.  0.] -1 31.9963914871
441 [ 1.  0.  0.  0.] 0 32.9963914871
442 [ 0.  1.  0.  0.] -2 22.0363419533
443 [ 0.  1.  0.  0.] -1 22.673175621
444 [ 0.  1.  0.  0.] -1 22.8648324966
445 [ 0.  1.  0.  0.] -1 24.43139534
446 [ 0.  1.  0.  0.] -1 24.6951473236
447 [ 0.  1.  0.  0.] -1 25.637109375
448 [ 0.  1.  0.  0.] -1 26.2663796425
449 [ 0.  1.  0.  0.] -1 29.849266243
450 [ 0.  1.  0.  0.] -1 30.1496709824
451 [ 0.  1.  0.  0.] -1 30.0155046463
452 [ 0.  1.  0.  0.] -1 30.3434406281
453 [ 0.  1.  0.  0.] 0 31.3434406281
454 [ 1.  0.  0.  0.] -2 40.4900278091
455 [ 1.  0.  0.  0.] -1 42.4691028595
456 [ 1.  0.  0.  0.] -1 57.4178825378
457 [ 1.  0.  0.  0.] -1 59.6253612518
458 [ 1.  0.  0.  0.] -1 60.7329601288
459 [ 1.  0.  0.  0.] -1 62.2268299103
460 [ 1.  0.  0.  0.] -1 72.428943634
461 [ 1.  0.  0.  0.] -1 46.8628492355
462 [ 1.  0.  0.  0.] -1 46.9767721176
463 [ 1.  0.  0.  0.] -1 47.5340976715
464 [ 1.  0.  0.  0.] -1 48.1964166641
465 [ 1.  0.  0.  0.] 0 49.1964166641
466 [ 0.  0.  0.  1.] -2 23.5709523201
467 [ 0.  0.  0.  1.] -1 23.99320755
468 [ 0.  0.  0.  1.] -1 22.5183073997
469 [ 0.  0.  0.  1.] -1 22.7990140915
470 [ 0.  0.  0.  1.] -1 23.029813385
471 [ 0.  0.  0.  1.] -1 23.1441910744
472 [ 0.  0.  0.  1.] -1 23.2071773529
473 [ 0.  0.  0.  1.] -1 23.2156429291
474 [ 0.  0.  0.  1.] -1 23.2748548508
475 [ 0.  0.  0.  1.] -1 23.2826010704
476 [ 0.  0.  0.  1.] -1 23.6634994507
477 [ 0.  0.  0.  1.] -1 23.8723592758
478 [ 0.  0.  0.  1.] -1 24.0414569855
479 [ 0.  0.  0.  1.] -1 24.2146932602
480 [ 0.  0.  0.  1.] -1 24.8889532089
481 [ 0.  0.  0.  1.] -1 25.1571481705
482 [ 0.  0.  0.  1.] -1 25.3182024956
483 [ 0.  0.  0.  1.] -1 25.5352615356
484 [ 0.  0.  0.  1.] -1 26.7228883743
485 [ 0.  0.  0.  1.] -1 27.0297129631
486 [ 0.  0.  0.  1.] -1 27.5179186821
487 [ 0.  0.  0.  1.] -1 27.9168372154
488 [ 0.  0.  0.  1.] -1 28.433224678
489 [ 0.  0.  0.  1.] -1 28.6395332336
490 [ 0.  0.  0.  1.] -1 28.7426947594
491 [ 0.  0.  0.  1.] -1 28.7778091431
492 [ 0.  0.  0.  1.] -1 29.4118902206
493 [ 0.  0.  0.  1.] -1 29.5631616592
494 [ 0.  0.  0.  1.] -1 29.8049053192
495 [ 0.  0.  0.  1.] -1 29.7855388641
496 [ 0.  0.  0.  1.] -1 28.7436587334
497 [ 0.  0.  0.  1.] -1 28.6771264076
498 [ 0.  0.  0.  1.] -1 29.2847906113
499 [ 0.  0.  0.  1.] -1 29.9001068115
500 [ 0.  0.  0.  1.] -1 38.1937368393
501 [ 0.  0.  0.  1.] -1 40.9071315765
502 [ 0.  0.  0.  1.] -1 43.0689048767
503 [ 0.  0.  0.  1.] -1 44.6300788879
504 [ 0.  0.  0.  1.] -1 47.6163906097
505 [ 0.  0.  0.  1.] -1 49.313368988
506 [ 0.  0.  0.  1.] -1 50.6681365967
507 [ 0.  0.  0.  1.] -1 51.2763933182
508 [ 0.  0.  0.  1.] -1 56.1358985901
509 [ 0.  0.  0.  1.] -1 58.1978317261
510 [ 0.  0.  0.  1.] -1 60.5953655243
511 [ 0.  0.  0.  1.] -1 61.8475170135
512 [ 0.  0.  0.  1.] -1 67.1622825623
513 [ 0.  0.  0.  1.] -1 70.667937088
514 [ 0.  0.  0.  1.] -1 73.2359275818
515 [ 0.  0.  0.  1.] -1 75.6357154846
516 [ 0.  0.  0.  1.] -1 87.5270957947
517 [ 0.  0.  0.  1.] -1 93.7334430695
518 [ 0.  0.  0.  1.] -1 99.2194046021
519 [ 0.  0.  0.  1.] -1 103.285512161
520 [ 0.  0.  0.  1.] -1 118.592129135
521 [ 0.  0.  0.  1.] -1 457.769200134
522 [ 0.  0.  0.  1.] -1 467.798704529
523 [ 0.  0.  0.  1.] -1 473.970080566
524 [ 0.  0.  0.  1.] -1 580.11489563
525 [ 0.  0.  0.  1.] -1 602.68678894
526 [ 0.  0.  0.  1.] -1 621.835864258
527 [ 0.  0.  0.  1.] -1 631.181048584
528 [ 0.  0.  0.  1.] -1 637.965338135
529 [ 0.  0.  0.  1.] -1 651.904257202
530 [ 0.  0.  0.  1.] -1 662.698852539
531 [ 0.  0.  0.  1.] -1 682.774676514
532 [ 0.  0.  0.  1.] -1 781.203988647
533 [ 0.  0.  0.  1.] 0 782.203988647
534 [ 0.  0.  1.  0.] -2 879.300631714
535 [ 0.  0.  1.  0.] -1 879.739120483
536 [ 0.  0.  1.  0.] -1 837.20847168
537 [ 0.  0.  1.  0.] -1 905.199050903
538 [ 0.  0.  1.  0.] -1 919.24460144
539 [ 0.  0.  1.  0.] -1 922.931881714
540 [ 0.  0.  1.  0.] -1 823.639892578
541 [ 0.  0.  1.  0.] -1 795.909042358
542 [ 0.  0.  1.  0.] -1 804.363833618
543 [ 0.  0.  1.  0.] -1 797.371615601
544 [ 0.  0.  1.  0.] -1 757.596569824
545 [ 0.  0.  1.  0.] -1 807.309390259
546 [ 0.  0.  1.  0.] -1 814.440884399
547 [ 0.  0.  1.  0.] -1 805.656921387
548 [ 0.  0.  1.  0.] -1 745.499899292
549 [ 0.  0.  1.  0.] -1 783.084274292
550 [ 0.  0.  1.  0.] -1 784.073181152
551 [ 0.  0.  1.  0.] -1 777.396856689
552 [ 0.  0.  1.  0.] -1 720.598291016
553 [ 0.  0.  1.  0.] -1 602.71015625
554 [ 0.  0.  1.  0.] -1 609.587973022
555 [ 0.  0.  1.  0.] -1 604.670401001
556 [ 0.  0.  1.  0.] -1 542.26043396
557 [ 0.  0.  1.  0.] 0 543.26043396
558 [ 0.  1.  0.  0.] -2 322.157870483
559 [ 0.  1.  0.  0.] -1 320.089881897
560 [ 0.  1.  0.  0.] -1 294.210528564
561 [ 0.  1.  0.  0.] -1 282.312016296
562 [ 0.  1.  0.  0.] -1 271.29493866
563 [ 0.  1.  0.  0.] -1 258.960362244
564 [ 0.  1.  0.  0.] -1 246.111618042
565 [ 0.  1.  0.  0.] -1 182.185935974
566 [ 0.  1.  0.  0.] -1 165.246636963
567 [ 0.  1.  0.  0.] -1 162.42175827
568 [ 0.  1.  0.  0.] -1 145.372392273
569 [ 0.  1.  0.  0.] -1 148.462516022
570 [ 0.  1.  0.  0.] -1 137.228957367
571 [ 0.  1.  0.  0.] -1 137.280098724
572 [ 0.  1.  0.  0.] -1 121.752115631
573 [ 0.  1.  0.  0.] -1 102.830371475
574 [ 0.  1.  0.  0.] -1 100.91355629
575 [ 0.  1.  0.  0.] -1 96.647485733
576 [ 0.  1.  0.  0.] -1 88.8185165405
577 [ 0.  1.  0.  0.] -1 82.0268341064
578 [ 0.  1.  0.  0.] -1 78.9551708221
579 [ 0.  1.  0.  0.] -1 74.7332401276
580 [ 0.  1.  0.  0.] 9 92.62602005
581 [ 0.  1.  0.  0.] -1 84.1409015656
582 [ 0.  1.  0.  0.] -1 80.7677101135
583 [ 0.  1.  0.  0.] -1 81.8866085052
584 [ 0.  1.  0.  0.] 9 97.9760105133
585 [ 0.  1.  0.  0.] -1 82.4186786652
586 [ 0.  1.  0.  0.] -1 75.9722076416
587 [ 0.  1.  0.  0.] -1 78.1147304535
588 [ 0.  1.  0.  0.] -1 75.5055210114
589 [ 0.  1.  0.  0.] 0 76.5055210114
590 [ 0.  0.  1.  0.] -2 35.188993454
591 [ 0.  0.  1.  0.] -1 36.0731136322
592 [ 0.  0.  1.  0.] -1 35.830815506
593 [ 0.  0.  1.  0.] -1 33.3937152863
594 [ 0.  0.  1.  0.] -1 33.3108243942
595 [ 0.  0.  1.  0.] -1 33.4402397156
596 [ 0.  0.  1.  0.] -1 33.3414432526
597 [ 0.  0.  1.  0.] -1 29.8070579529
598 [ 0.  0.  1.  0.] -1 30.0601083755
599 [ 0.  0.  1.  0.] -1 30.0399917603
600 [ 0.  0.  1.  0.] -1 28.9755542755
601 [ 0.  0.  1.  0.] 0 29.9755542755
602 [ 0.  0.  0.  1.] -2 36.9804050446
603 [ 0.  0.  0.  1.] -1 39.7807714462
604 [ 0.  0.  0.  1.] -1 38.264516449
605 [ 0.  0.  0.  1.] -1 38.7382226944
606 [ 0.  0.  0.  1.] -1 39.0063415527
607 [ 0.  0.  0.  1.] -1 39.4968231201
608 [ 0.  0.  0.  1.] -1 41.6071615219
609 [ 0.  0.  0.  1.] -1 43.1640954971
610 [ 0.  0.  0.  1.] -1 44.5926795959
611 [ 0.  0.  0.  1.] -1 46.0632944107
612 [ 0.  0.  0.  1.] -1 50.8094747543
613 [ 0.  0.  0.  1.] -1 51.9995042801
614 [ 0.  0.  0.  1.] -1 53.9068065643
615 [ 0.  0.  0.  1.] -1 56.6660625458
616 [ 0.  0.  0.  1.] -1 67.8211261749
617 [ 0.  0.  0.  1.] -1 75.0073638916
618 [ 0.  0.  0.  1.] -1 79.8493255615
619 [ 0.  0.  0.  1.] -1 88.3056606293
620 [ 0.  0.  0.  1.] -1 99.019985199
621 [ 0.  0.  0.  1.] -1 107.582567596
622 [ 0.  0.  0.  1.] -1 112.688418961
623 [ 0.  0.  0.  1.] -1 119.346710587
624 [ 0.  0.  0.  1.] -1 168.54028244
625 [ 0.  0.  0.  1.] 0 169.54028244
626 [ 1.  0.  0.  0.] -2 276.474258423
627 [ 1.  0.  0.  0.] -1 290.053205872
628 [ 1.  0.  0.  0.] 9 317.022163391
629 [ 1.  0.  0.  0.] -1 313.121089172
630 [ 1.  0.  0.  0.] -1 321.020080566
631 [ 1.  0.  0.  0.] -1 331.50904541
632 [ 1.  0.  0.  0.] 9 313.29806366
633 [ 1.  0.  0.  0.] -1 308.675212097
634 [ 1.  0.  0.  0.] -1 316.323396301
635 [ 1.  0.  0.  0.] -1 327.014317322
636 [ 1.  0.  0.  0.] -1 315.611505127
637 [ 1.  0.  0.  0.] 0 316.611505127
638 [ 0.  0.  0.  1.] -2 328.34919281
639 [ 0.  0.  0.  1.] -1 345.823464966
640 [ 0.  0.  0.  1.] -1 383.975961304
641 [ 0.  0.  0.  1.] -1 412.366952515
642 [ 0.  0.  0.  1.] -1 421.102180481
643 [ 0.  0.  0.  1.] -1 441.681387329
644 [ 0.  0.  0.  1.] -1 573.485073853
645 [ 0.  0.  0.  1.] 0 574.485073853
646 [ 1.  0.  0.  0.] -2 540.495458984
647 [ 1.  0.  0.  0.] -1 547.474127197
648 [ 1.  0.  0.  0.] -1 679.200637817
649 [ 1.  0.  0.  0.] -1 684.805661011
650 [ 1.  0.  0.  0.] -1 686.911154175
651 [ 1.  0.  0.  0.] -1 701.524130249
652 [ 1.  0.  0.  0.] -1 689.22515564
653 [ 1.  0.  0.  0.] -1 709.366848755
654 [ 1.  0.  0.  0.] -1 711.196224976
655 [ 1.  0.  0.  0.] -1 715.812805176
656 [ 1.  0.  0.  0.] -1 662.556329346
657 [ 1.  0.  0.  0.] -1 658.120309448
658 [ 1.  0.  0.  0.] -1 657.516760254
659 [ 1.  0.  0.  0.] -1 645.485205078
660 [ 1.  0.  0.  0.] -1 572.26272583
661 [ 1.  0.  0.  0.] -1 579.146862793
662 [ 1.  0.  0.  0.] -1 568.4802948
663 [ 1.  0.  0.  0.] -1 560.443099976
664 [ 1.  0.  0.  0.] -1 430.997946167
665 [ 1.  0.  0.  0.] -1 421.773251343
666 [ 1.  0.  0.  0.] -1 420.683076477
667 [ 1.  0.  0.  0.] -1 410.042398071
668 [ 1.  0.  0.  0.] -1 378.197219849
669 [ 1.  0.  0.  0.] 0 379.197219849
670 [ 0.  1.  0.  0.] -2 512.417404175
671 [ 0.  1.  0.  0.] -1 500.224557495
672 [ 0.  1.  0.  0.] -1 497.28097229
673 [ 0.  1.  0.  0.] -1 484.240795898
674 [ 0.  1.  0.  0.] -1 478.47718811
675 [ 0.  1.  0.  0.] -1 454.372358704
676 [ 0.  1.  0.  0.] -1 442.969604492
677 [ 0.  1.  0.  0.] -1 364.168687439
678 [ 0.  1.  0.  0.] -1 345.763858032
679 [ 0.  1.  0.  0.] -1 332.160430908
680 [ 0.  1.  0.  0.] -1 317.496139526
681 [ 0.  1.  0.  0.] -1 299.486872864
682 [ 0.  1.  0.  0.] -1 290.347123718
683 [ 0.  1.  0.  0.] -1 278.198703003
684 [ 0.  1.  0.  0.] -1 262.594819641
685 [ 0.  1.  0.  0.] -1 244.03943634
686 [ 0.  1.  0.  0.] -1 234.482293701
687 [ 0.  1.  0.  0.] -1 227.82118988
688 [ 0.  1.  0.  0.] -1 223.648719025
689 [ 0.  1.  0.  0.] -1 204.613682556
690 [ 0.  1.  0.  0.] -1 200.51089325
691 [ 0.  1.  0.  0.] -1 198.627563477
692 [ 0.  1.  0.  0.] -1 193.790921783
693 [ 0.  1.  0.  0.] -1 153.429837799
694 [ 0.  1.  0.  0.] -1 144.513991547
695 [ 0.  1.  0.  0.] -1 138.941105652
696 [ 0.  1.  0.  0.] -1 129.903334808
697 [ 0.  1.  0.  0.] -1 124.789083099
698 [ 0.  1.  0.  0.] -1 120.650271606
699 [ 0.  1.  0.  0.] -1 118.261978912
700 [ 0.  1.  0.  0.] -1 112.107707977
701 [ 0.  1.  0.  0.] 0 113.107707977
702 [ 0.  0.  1.  0.] -2 124.121690369
703 [ 0.  0.  1.  0.] -1 127.174723053
704 [ 0.  0.  1.  0.] 9 131.122792816
705 [ 0.  0.  1.  0.] -1 111.406971359
706 [ 0.  0.  1.  0.] -1 111.244509125
707 [ 0.  0.  1.  0.] -1 113.242573547
708 [ 0.  0.  1.  0.] 9 114.764697647
709 [ 0.  0.  1.  0.] -1 83.4154132843
710 [ 0.  0.  1.  0.] -1 84.0005020142
711 [ 0.  0.  1.  0.] -1 82.248279953
712 [ 0.  0.  1.  0.] 9 93.6222110748
713 [ 0.  0.  1.  0.] 0 84.6222110748
714 [ 0.  1.  0.  0.] -2 64.0512737274
715 [ 0.  1.  0.  0.] -1 62.658675766
716 [ 0.  1.  0.  0.] 9 76.12902565
717 [ 0.  1.  0.  0.] -1 65.5910194397
718 [ 0.  1.  0.  0.] -1 65.4692325592
719 [ 0.  1.  0.  0.] -1 63.9429065704
720 [ 0.  1.  0.  0.] 9 77.2423431396
721 [ 0.  1.  0.  0.] -1 61.4932094574
722 [ 0.  1.  0.  0.] -1 56.8463727951
723 [ 0.  1.  0.  0.] -1 55.5718795776
724 [ 0.  1.  0.  0.] 9 67.0786687851
725 [ 0.  1.  0.  0.] 0 58.0786687851
726 [ 0.  0.  1.  0.] -2 24.0184863091
727 [ 0.  0.  1.  0.] -1 24.3400823593
728 [ 0.  0.  1.  0.] 9 34.896751976
729 [ 0.  0.  1.  0.] -1 19.6420536041
730 [ 0.  0.  1.  0.] -1 20.0965202332
731 [ 0.  0.  1.  0.] -1 19.7764518738
732 [ 0.  0.  1.  0.] 9 31.3290081024
733 [ 0.  0.  1.  0.] -1 19.4274751663
734 [ 0.  0.  1.  0.] -1 19.5975803375
735 [ 0.  0.  1.  0.] -1 19.5753292084
736 [ 0.  0.  1.  0.] -1 20.9775562286
737 [ 0.  0.  1.  0.] 0 21.9775562286
738 [ 0.  0.  0.  1.] -2 22.6302749634
739 [ 0.  0.  0.  1.] -1 23.5793836594
740 [ 0.  0.  0.  1.] -1 24.3714948654
741 [ 0.  0.  0.  1.] -1 25.8774614334
742 [ 0.  0.  0.  1.] -1 26.5965969086
743 [ 0.  0.  0.  1.] -1 27.8916742325
744 [ 0.  0.  0.  1.] -1 32.003146553
745 [ 0.  0.  0.  1.] -1 33.5127696991
746 [ 0.  0.  0.  1.] -1 36.3734169006
747 [ 0.  0.  0.  1.] -1 38.925925827
748 [ 0.  0.  0.  1.] -1 48.5428565979
749 [ 0.  0.  0.  1.] 0 49.5428565979
750 [ 0.  0.  1.  0.] -2 32.576584053
751 [ 0.  0.  1.  0.] -1 33.7375495911
752 [ 0.  0.  1.  0.] -1 33.030931282
753 [ 0.  0.  1.  0.] -1 31.4079179764
754 [ 0.  0.  1.  0.] -1 31.4445381165
755 [ 0.  0.  1.  0.] -1 31.7816390991
756 [ 0.  0.  1.  0.] -1 30.9423765182
757 [ 0.  0.  1.  0.] -1 28.5663853645
758 [ 0.  0.  1.  0.] -1 28.8495962143
759 [ 0.  0.  1.  0.] -1 28.8355714798
760 [ 0.  0.  1.  0.] -1 27.7643390656
761 [ 0.  0.  1.  0.] 0 28.7643390656
762 [ 0.  0.  0.  1.] -2 34.867729187
763 [ 0.  0.  0.  1.] -1 37.6588581085
764 [ 0.  0.  0.  1.] -1 36.9507249832
765 [ 0.  0.  0.  1.] -1 37.4648311615
766 [ 0.  0.  0.  1.] -1 37.7668449402
767 [ 0.  0.  0.  1.] -1 38.2296865463
768 [ 0.  0.  0.  1.] -1 40.0976108551
769 [ 0.  0.  0.  1.] -1 41.3401008606
770 [ 0.  0.  0.  1.] -1 42.6982822418
771 [ 0.  0.  0.  1.] -1 44.0294578552
772 [ 0.  0.  0.  1.] -1 48.3553926468
773 [ 0.  0.  0.  1.] -1 49.6026119232
774 [ 0.  0.  0.  1.] -1 51.2602558136
775 [ 0.  0.  0.  1.] -1 53.8846605301
776 [ 0.  0.  0.  1.] -1 63.9145961761
777 [ 0.  0.  0.  1.] -1 69.4529529572
778 [ 0.  0.  0.  1.] -1 75.1989337921
779 [ 0.  0.  0.  1.] -1 82.7250629425
780 [ 0.  0.  0.  1.] -1 92.7960544586
781 [ 0.  0.  0.  1.] -1 101.269074249
782 [ 0.  0.  0.  1.] -1 105.582611465
783 [ 0.  0.  0.  1.] -1 110.970240402
784 [ 0.  0.  0.  1.] -1 155.721907043
785 [ 0.  0.  0.  1.] 0 156.721907043
786 [ 1.  0.  0.  0.] -2 261.320819092
787 [ 1.  0.  0.  0.] -1 273.9059021
788 [ 1.  0.  0.  0.] -1 291.621453857
789 [ 1.  0.  0.  0.] -1 297.788597107
790 [ 1.  0.  0.  0.] -1 305.418893433
791 [ 1.  0.  0.  0.] -1 316.528541565
792 [ 1.  0.  0.  0.] -1 291.346931458
793 [ 1.  0.  0.  0.] -1 296.707728577
794 [ 1.  0.  0.  0.] -1 304.391195679
795 [ 1.  0.  0.  0.] -1 315.09168396
796 [ 1.  0.  0.  0.] -1 303.708093262
797 [ 1.  0.  0.  0.] 0 304.708093262
798 [ 0.  1.  0.  0.] -2 137.679296112
799 [ 0.  1.  0.  0.] -1 133.591499329
800 [ 0.  1.  0.  0.] -1 120.154064178
801 [ 0.  1.  0.  0.] -1 121.772728729
802 [ 0.  1.  0.  0.] -1 113.560068893
803 [ 0.  1.  0.  0.] -1 113.933605194
804 [ 0.  1.  0.  0.] -1 102.582456207
805 [ 0.  1.  0.  0.] -1 93.1063018799
806 [ 0.  1.  0.  0.] -1 89.4845718384
807 [ 0.  1.  0.  0.] -1 88.6164878845
808 [ 0.  1.  0.  0.] -1 82.5452999115
809 [ 0.  1.  0.  0.] -1 79.1543075562
810 [ 0.  1.  0.  0.] -1 77.6070278168
811 [ 0.  1.  0.  0.] -1 75.4830886841
812 [ 0.  1.  0.  0.] -1 73.5470737457
813 [ 0.  1.  0.  0.] -1 80.4531284332
814 [ 0.  1.  0.  0.] -1 78.5003707886
815 [ 0.  1.  0.  0.] -1 79.7059326172
816 [ 0.  1.  0.  0.] -1 73.1189388275
817 [ 0.  1.  0.  0.] -1 71.2228382111
818 [ 0.  1.  0.  0.] -1 62.7254001617
819 [ 0.  1.  0.  0.] -1 64.6437953949
820 [ 0.  1.  0.  0.] -1 59.5536212921
821 [ 0.  1.  0.  0.] -1 37.9100421906
822 [ 0.  1.  0.  0.] -1 38.160512352
823 [ 0.  1.  0.  0.] -1 37.7244337082
824 [ 0.  1.  0.  0.] -1 35.3515899658
825 [ 0.  1.  0.  0.] -1 36.3563770294
826 [ 0.  1.  0.  0.] -1 37.8672504425
827 [ 0.  1.  0.  0.] -1 39.5991312027
828 [ 0.  1.  0.  0.] -1 38.3521909714
829 [ 0.  1.  0.  0.] -1 42.9093454361
830 [ 0.  1.  0.  0.] -1 43.7755702972
831 [ 0.  1.  0.  0.] -1 44.8777332306
832 [ 0.  1.  0.  0.] -1 43.2688135147
833 [ 0.  1.  0.  0.] -1 35.3858581543
834 [ 0.  1.  0.  0.] -1 37.2725074768
835 [ 0.  1.  0.  0.] -1 38.8193632126
836 [ 0.  1.  0.  0.] -1 38.1405044556
837 [ 0.  1.  0.  0.] -1 32.738593483
838 [ 0.  1.  0.  0.] -1 33.769556427
839 [ 0.  1.  0.  0.] -1 34.6116855621
840 [ 0.  1.  0.  0.] -1 33.6967945099
841 [ 0.  1.  0.  0.] -1 37.6413761139
842 [ 0.  1.  0.  0.] -1 38.6845916748
843 [ 0.  1.  0.  0.] -1 38.1603601456
844 [ 0.  1.  0.  0.] -1 37.5834688187
845 [ 0.  1.  0.  0.] -1 33.670567894
846 [ 0.  1.  0.  0.] -1 35.8321781158
847 [ 0.  1.  0.  0.] -1 34.8744735718
848 [ 0.  1.  0.  0.] 9 47.9771507263
849 [ 0.  1.  0.  0.] -1 34.6110984802
850 [ 0.  1.  0.  0.] -1 34.7643630981
851 [ 0.  1.  0.  0.] -1 36.2082475662
852 [ 0.  1.  0.  0.] 9 49.6220890045
853 [ 0.  1.  0.  0.] -1 31.4022500992
854 [ 0.  1.  0.  0.] -1 31.5873584747
855 [ 0.  1.  0.  0.] -1 30.5375907898
856 [ 0.  1.  0.  0.] 9 39.7947980881
857 [ 0.  1.  0.  0.] -1 27.290457058
858 [ 0.  1.  0.  0.] -1 27.2440087318
859 [ 0.  1.  0.  0.] -1 26.2655878067
860 [ 0.  1.  0.  0.] 9 38.1311927795
861 [ 0.  1.  0.  0.] -1 29.2887352943
862 [ 0.  1.  0.  0.] -1 30.0358423233
863 [ 0.  1.  0.  0.] -1 30.3669021606
864 [ 0.  1.  0.  0.] 9 39.8742752075
865 [ 0.  1.  0.  0.] -1 31.4941646576
866 [ 0.  1.  0.  0.] -1 32.2389577866
867 [ 0.  1.  0.  0.] -1 33.3002677917
868 [ 0.  1.  0.  0.] 9 43.1324239731
869 [ 0.  1.  0.  0.] -1 36.1931102753
870 [ 0.  1.  0.  0.] -1 37.5678060532
871 [ 0.  1.  0.  0.] -1 37.2995277405
872 [ 0.  1.  0.  0.] 9 47.1475967407
873 [ 0.  1.  0.  0.] -1 36.283644104
874 [ 0.  1.  0.  0.] -1 36.6974788666
875 [ 0.  1.  0.  0.] -1 37.2221923828
876 [ 0.  1.  0.  0.] 9 47.4653783798
877 [ 0.  1.  0.  0.] -1 44.0152845383
878 [ 0.  1.  0.  0.] -1 45.1780872345
879 [ 0.  1.  0.  0.] -1 46.396187973
880 [ 0.  1.  0.  0.] 9 54.8611354828
881 [ 0.  1.  0.  0.] -1 50.7602432251
882 [ 0.  1.  0.  0.] -1 52.4471469879
883 [ 0.  1.  0.  0.] -1 54.1607376099
884 [ 0.  1.  0.  0.] 9 65.6116634369
885 [ 0.  1.  0.  0.] -1 69.3833221436
886 [ 0.  1.  0.  0.] -1 73.4007888794
887 [ 0.  1.  0.  0.] -1 75.2633605957
888 [ 0.  1.  0.  0.] 9 85.0937664032
889 [ 0.  1.  0.  0.] 0 76.0937664032
890 [ 1.  0.  0.  0.] -2 108.464099884
891 [ 1.  0.  0.  0.] -1 116.001503372
892 [ 1.  0.  0.  0.] 9 154.004085541
893 [ 1.  0.  0.  0.] -1 149.75815506
894 [ 1.  0.  0.  0.] -1 149.475065613
895 [ 1.  0.  0.  0.] -1 148.473257446
896 [ 1.  0.  0.  0.] 9 137.182579803
897 [ 1.  0.  0.  0.] -1 132.477913666
898 [ 1.  0.  0.  0.] -1 126.131195831
899 [ 1.  0.  0.  0.] -1 135.330406952
900 [ 1.  0.  0.  0.] 9 187.423078156
901 [ 1.  0.  0.  0.] -1 187.424475098
902 [ 1.  0.  0.  0.] -1 183.381524658
903 [ 1.  0.  0.  0.] -1 190.624057007
904 [ 1.  0.  0.  0.] 49 1031.7418335
905 [ 1.  0.  0.  0.] -1 1073.10812988
906 [ 1.  0.  0.  0.] -1 1103.73043823
907 [ 1.  0.  0.  0.] -1 1213.66081543
908 [ 1.  0.  0.  0.] 9 1379.24708862
909 [ 1.  0.  0.  0.] -1 1394.58815308
910 [ 1.  0.  0.  0.] -1 1410.4006897
911 [ 1.  0.  0.  0.] -1 1410.21560669
912 [ 1.  0.  0.  0.] 9 1387.75093384
913 [ 1.  0.  0.  0.] 0 1378.75093384
914 [ 0.  0.  0.  1.] -2 323.826922607
915 [ 0.  0.  0.  1.] -1 319.987947083
916 [ 0.  0.  0.  1.] 9 287.361335754
917 [ 0.  0.  0.  1.] -1 268.278961182
918 [ 0.  0.  0.  1.] -1 262.985018921
919 [ 0.  0.  0.  1.] -1 257.681654358
920 [ 0.  0.  0.  1.] 9 247.737336731
921 [ 0.  0.  0.  1.] -1 236.07532959
922 [ 0.  0.  0.  1.] -1 235.654631042
923 [ 0.  0.  0.  1.] -1 233.28470459
924 [ 0.  0.  0.  1.] 9 215.439902496
925 [ 0.  0.  0.  1.] -1 199.03727417
926 [ 0.  0.  0.  1.] -1 193.953260803
927 [ 0.  0.  0.  1.] -1 189.910092926
928 [ 0.  0.  0.  1.] 9 208.871282196
929 [ 0.  0.  0.  1.] -1 200.31631546
930 [ 0.  0.  0.  1.] -1 199.838546753
931 [ 0.  0.  0.  1.] -1 198.356273651
932 [ 0.  0.  0.  1.] 9 179.703820801
933 [ 0.  0.  0.  1.] -1 161.114160156
934 [ 0.  0.  0.  1.] -1 156.868108368
935 [ 0.  0.  0.  1.] -1 155.790776825
936 [ 0.  0.  0.  1.] 9 155.343328094
937 [ 0.  0.  0.  1.] -1 146.225777435
938 [ 0.  0.  0.  1.] -1 144.939198303
939 [ 0.  0.  0.  1.] -1 146.947453308
940 [ 0.  0.  0.  1.] 9 199.539738464
941 [ 0.  0.  0.  1.] -1 202.212995911
942 [ 0.  0.  0.  1.] -1 208.139638519
943 [ 0.  0.  0.  1.] -1 207.735508728
944 [ 0.  0.  0.  1.] -1 206.839752197
945 [ 0.  0.  0.  1.] -1 205.076071167
946 [ 0.  0.  0.  1.] -1 212.558669281
947 [ 0.  0.  0.  1.] -1 217.503160095
948 [ 0.  0.  0.  1.] -1 196.9380867
949 [ 0.  0.  0.  1.] -1 201.736082458
950 [ 0.  0.  0.  1.] -1 201.698538208
951 [ 0.  0.  0.  1.] -1 204.13353653
952 [ 0.  0.  0.  1.] -1 206.254496765
953 [ 0.  0.  0.  1.] -1 217.218215179
954 [ 0.  0.  0.  1.] -1 225.541833496
955 [ 0.  0.  0.  1.] -1 228.604748535
956 [ 0.  0.  0.  1.] -1 249.837399292
957 [ 0.  0.  0.  1.] -1 255.288766479
958 [ 0.  0.  0.  1.] -1 261.801722717
959 [ 0.  0.  0.  1.] -1 272.009178162
960 [ 0.  0.  0.  1.] -1 255.058079529
961 [ 0.  0.  0.  1.] -1 262.092016602
962 [ 0.  0.  0.  1.] -1 274.465470886
963 [ 0.  0.  0.  1.] -1 287.820033264
964 [ 0.  0.  0.  1.] -1 298.811424255
965 [ 0.  0.  0.  1.] -1 316.770680237
966 [ 0.  0.  0.  1.] -1 324.752993774
967 [ 0.  0.  0.  1.] -1 337.532012939
968 [ 0.  0.  0.  1.] -1 335.129093933
969 [ 0.  0.  0.  1.] -1 338.277650452
970 [ 0.  0.  0.  1.] -1 340.653027344
971 [ 0.  0.  0.  1.] -1 341.110458374
972 [ 0.  0.  0.  1.] -1 351.066903687
973 [ 0.  0.  0.  1.] -1 358.369941711
974 [ 0.  0.  0.  1.] -1 365.822402954
975 [ 0.  0.  0.  1.] -1 372.820419312
976 [ 0.  0.  0.  1.] -1 375.280712891
977 [ 0.  0.  0.  1.] -1 390.811276245
978 [ 0.  0.  0.  1.] -1 421.261808777
979 [ 0.  0.  0.  1.] -1 452.798544312
980 [ 0.  0.  0.  1.] -1 506.390686035
981 [ 0.  0.  0.  1.] -1 531.203057861
982 [ 0.  0.  0.  1.] -1 557.424020386
983 [ 0.  0.  0.  1.] -1 579.299243164
984 [ 0.  0.  0.  1.] -1 558.258633423
985 [ 0.  0.  0.  1.] -1 566.480737305
986 [ 0.  0.  0.  1.] -1 572.678756714
987 [ 0.  0.  0.  1.] -1 579.221951294
988 [ 0.  0.  0.  1.] -1 618.203088379
989 [ 0.  0.  0.  1.] -1 642.665530396
990 [ 0.  0.  0.  1.] -1 665.713757324
991 [ 0.  0.  0.  1.] -1 679.948971558
992 [ 0.  0.  0.  1.] -1 705.315606689
993 [ 0.  0.  0.  1.] 0 706.315606689
994 [ 0.  0.  1.  0.] -2 687.37651062
995 [ 0.  0.  1.  0.] -1 683.698757935
996 [ 0.  0.  1.  0.] -1 662.164941406
997 [ 0.  0.  1.  0.] -1 603.554858398
998 [ 0.  0.  1.  0.] -1 606.081427002
999 [ 0.  0.  1.  0.] -1 610.736450195
1000 [ 0.  0.  1.  0.] -1 575.56348877
1001 [ 0.  0.  1.  0.] -1 509.14402771
1002 [ 0.  0.  1.  0.] -1 512.874911499
1003 [ 0.  0.  1.  0.] -1 499.053756714
1004 [ 0.  0.  1.  0.] -1 482.761291504
1005 [ 0.  0.  1.  0.] -1 445.815632629
1006 [ 0.  0.  1.  0.] -1 440.465446472
1007 [ 0.  0.  1.  0.] -1 432.084091187
1008 [ 0.  0.  1.  0.] -1 405.281671143
1009 [ 0.  0.  1.  0.] -1 423.091503906
1010 [ 0.  0.  1.  0.] -1 422.36320343
1011 [ 0.  0.  1.  0.] -1 413.874723816
1012 [ 0.  0.  1.  0.] -1 393.108810425
1013 [ 0.  0.  1.  0.] -1 261.426338196
1014 [ 0.  0.  1.  0.] -1 262.731428528
1015 [ 0.  0.  1.  0.] -1 261.60521698
1016 [ 0.  0.  1.  0.] -1 245.478816223
1017 [ 0.  0.  1.  0.] 0 246.478816223
1018 [ 0.  0.  0.  1.] -2 363.255401611
1019 [ 0.  0.  0.  1.] -1 382.47497406
1020 [ 0.  0.  0.  1.] -1 422.955880737
1021 [ 0.  0.  0.  1.] -1 464.070516968
1022 [ 0.  0.  0.  1.] -1 477.116085815
1023 [ 0.  0.  0.  1.] -1 509.221609497
1024 [ 0.  0.  0.  1.] -1 534.899441528
1025 [ 0.  0.  0.  1.] -1 558.257299805
1026 [ 0.  0.  0.  1.] -1 562.243078613
1027 [ 0.  0.  0.  1.] -1 568.96451416
1028 [ 0.  0.  0.  1.] -1 689.137368774
1029 [ 0.  0.  0.  1.] -1 726.207952881
1030 [ 0.  0.  0.  1.] -1 750.277441406
1031 [ 0.  0.  0.  1.] -1 776.87442627
1032 [ 0.  0.  0.  1.] -1 828.620492554
1033 [ 0.  0.  0.  1.] -1 872.666189575
1034 [ 0.  0.  0.  1.] -1 896.02300415
1035 [ 0.  0.  0.  1.] -1 932.792074585
1036 [ 0.  0.  0.  1.] -1 1108.50177612
1037 [ 0.  0.  0.  1.] 0 1109.50177612
1038 [ 1.  0.  0.  0.] -2 1147.71998901
1039 [ 1.  0.  0.  0.] -1 1153.42139893
1040 [ 1.  0.  0.  0.] -1 1375.28756714
1041 [ 1.  0.  0.  0.] -1 1421.10604858
1042 [ 1.  0.  0.  0.] -1 1416.22001953
1043 [ 1.  0.  0.  0.] -1 1447.46750488
1044 [ 1.  0.  0.  0.] -1 1492.30769043
1045 [ 1.  0.  0.  0.] -1 1522.2055542
1046 [ 1.  0.  0.  0.] -1 1535.64042358
1047 [ 1.  0.  0.  0.] -1 1568.21213379
1048 [ 1.  0.  0.  0.] -1 1507.31762085
1049 [ 1.  0.  0.  0.] -1 1543.21166382
1050 [ 1.  0.  0.  0.] -1 1544.68189087
1051 [ 1.  0.  0.  0.] -1 1577.38151245
1052 [ 1.  0.  0.  0.] -1 1595.79425659
1053 [ 1.  0.  0.  0.] -1 1666.08984985
1054 [ 1.  0.  0.  0.] -1 1664.08768311
1055 [ 1.  0.  0.  0.] -1 1691.96018677
1056 [ 1.  0.  0.  0.] -1 1665.34174805
1057 [ 1.  0.  0.  0.] -1 1716.28816528
1058 [ 1.  0.  0.  0.] -1 1713.18234253
1059 [ 1.  0.  0.  0.] -1 1716.51534424
1060 [ 1.  0.  0.  0.] -1 1692.8789917
1061 [ 1.  0.  0.  0.] 0 1693.8789917
1062 [ 0.  1.  0.  0.] -2 1098.11901855
1063 [ 0.  1.  0.  0.] -1 1083.40180664
1064 [ 0.  1.  0.  0.] -1 1059.53468018
1065 [ 0.  1.  0.  0.] -1 1078.465448
1066 [ 0.  1.  0.  0.] -1 1055.59180908
1067 [ 0.  1.  0.  0.] -1 1044.90477295
1068 [ 0.  1.  0.  0.] -1 1016.27894897
1069 [ 0.  1.  0.  0.] -1 845.97550354
1070 [ 0.  1.  0.  0.] -1 824.985861206
1071 [ 0.  1.  0.  0.] -1 815.184231567
1072 [ 0.  1.  0.  0.] -1 779.95375061
1073 [ 0.  1.  0.  0.] -1 822.481036377
1074 [ 0.  1.  0.  0.] -1 809.046109009
1075 [ 0.  1.  0.  0.] -1 807.738583374
1076 [ 0.  1.  0.  0.] -1 772.043249512
1077 [ 0.  1.  0.  0.] -1 745.183657837
1078 [ 0.  1.  0.  0.] -1 741.175091553
1079 [ 0.  1.  0.  0.] -1 741.578887939
1080 [ 0.  1.  0.  0.] -1 715.872817993
1081 [ 0.  1.  0.  0.] 0 716.872817993
1082 [ 0.  0.  1.  0.] -2 687.37651062
1083 [ 0.  0.  1.  0.] -1 683.698757935
1084 [ 0.  0.  1.  0.] -1 662.164941406
1085 [ 0.  0.  1.  0.] -1 603.554858398
1086 [ 0.  0.  1.  0.] -1 606.081427002
1087 [ 0.  0.  1.  0.] -1 610.736450195
1088 [ 0.  0.  1.  0.] -1 575.56348877
1089 [ 0.  0.  1.  0.] -1 509.14402771
1090 [ 0.  0.  1.  0.] -1 512.874911499
1091 [ 0.  0.  1.  0.] -1 499.053756714
1092 [ 0.  0.  1.  0.] -1 482.761291504
1093 [ 0.  0.  1.  0.] -1 445.815632629
1094 [ 0.  0.  1.  0.] -1 440.465446472
1095 [ 0.  0.  1.  0.] -1 432.084091187
1096 [ 0.  0.  1.  0.] -1 405.281671143
1097 [ 0.  0.  1.  0.] -1 423.091503906
1098 [ 0.  0.  1.  0.] -1 422.36320343
1099 [ 0.  0.  1.  0.] -1 413.874723816
1100 [ 0.  0.  1.  0.] -1 393.108810425
1101 [ 0.  0.  1.  0.] -1 261.426338196
1102 [ 0.  0.  1.  0.] -1 262.731428528
1103 [ 0.  0.  1.  0.] -1 58.7814056396
1104 [ 0.  0.  1.  0.] -1 52.7680561066
1105 [ 0.  0.  1.  0.] 0 53.7680561066
1106 [ 0.  1.  0.  0.] -2 58.5197191238
1107 [ 0.  1.  0.  0.] -1 57.3676036835
1108 [ 0.  1.  0.  0.] -1 55.3916490555
1109 [ 0.  1.  0.  0.] -1 61.7028846741
1110 [ 0.  1.  0.  0.] -1 59.6433397293
1111 [ 0.  1.  0.  0.] -1 60.7941108704
1112 [ 0.  1.  0.  0.] -1 54.0940530777
1113 [ 0.  1.  0.  0.] -1 51.413958931
1114 [ 0.  1.  0.  0.] -1 44.3237598419
1115 [ 0.  1.  0.  0.] -1 46.1023317337
1116 [ 0.  1.  0.  0.] -1 43.4137973785
1117 [ 0.  1.  0.  0.] -1 31.9443006516
1118 [ 0.  1.  0.  0.] -1 31.9683021545
1119 [ 0.  1.  0.  0.] -1 31.6082614899
1120 [ 0.  1.  0.  0.] -1 29.7063081741
1121 [ 0.  1.  0.  0.] -1 30.4360582352
1122 [ 0.  1.  0.  0.] -1 31.418264389
1123 [ 0.  1.  0.  0.] -1 32.8441993713
1124 [ 0.  1.  0.  0.] -1 31.648349762
1125 [ 0.  1.  0.  0.] -1 34.213227272
1126 [ 0.  1.  0.  0.] -1 33.9977319717
1127 [ 0.  1.  0.  0.] -1 35.4182889938
1128 [ 0.  1.  0.  0.] -1 32.9341243744
1129 [ 0.  1.  0.  0.] -1 25.8228030205
1130 [ 0.  1.  0.  0.] -1 26.9155780792
1131 [ 0.  1.  0.  0.] -1 27.6404140472
1132 [ 0.  1.  0.  0.] -1 27.3024759293
1133 [ 0.  1.  0.  0.] -1 24.0832756996
1134 [ 0.  1.  0.  0.] -1 24.7561386108
1135 [ 0.  1.  0.  0.] -1 25.5640231133
1136 [ 0.  1.  0.  0.] -1 25.251458168
1137 [ 0.  1.  0.  0.] -1 28.4398728371
1138 [ 0.  1.  0.  0.] -1 28.8606239319
1139 [ 0.  1.  0.  0.] -1 30.4720441818
1140 [ 0.  1.  0.  0.] -1 30.5093601227
1141 [ 0.  1.  0.  0.] 0 31.5093601227
1142 [ 1.  0.  0.  0.] -2 48.2226612091
1143 [ 1.  0.  0.  0.] -1 48.1913322449
1144 [ 1.  0.  0.  0.] -1 59.3306026459
1145 [ 1.  0.  0.  0.] -1 60.298323822
1146 [ 1.  0.  0.  0.] -1 61.0604286194
1147 [ 1.  0.  0.  0.] -1 62.2508350372
1148 [ 1.  0.  0.  0.] -1 57.1587184906
1149 [ 1.  0.  0.  0.] -1 56.6974098206
1150 [ 1.  0.  0.  0.] -1 56.7853090286
1151 [ 1.  0.  0.  0.] -1 57.9148582458
1152 [ 1.  0.  0.  0.] -1 60.7522106171
1153 [ 1.  0.  0.  0.] 0 61.7522106171
1154 [ 0.  1.  0.  0.] -2 40.4596988678
1155 [ 0.  1.  0.  0.] -1 40.2986791611
1156 [ 0.  1.  0.  0.] -1 40.4155410767
1157 [ 0.  1.  0.  0.] -1 45.9310379028
1158 [ 0.  1.  0.  0.] -1 47.563444519
1159 [ 0.  1.  0.  0.] -1 49.7621786118
1160 [ 0.  1.  0.  0.] -1 51.5229024887
1161 [ 0.  1.  0.  0.] -1 58.2599355698
1162 [ 0.  1.  0.  0.] -1 59.6266477585
1163 [ 0.  1.  0.  0.] -1 59.6922306061
1164 [ 0.  1.  0.  0.] -1 61.7600200653
1165 [ 0.  1.  0.  0.] 0 62.7600200653
1166 [ 1.  0.  0.  0.] -2 77.650112915
1167 [ 1.  0.  0.  0.] -1 83.6980098724
1168 [ 1.  0.  0.  0.] -1 131.161168671
1169 [ 1.  0.  0.  0.] -1 144.287030029
1170 [ 1.  0.  0.  0.] -1 157.372984314
1171 [ 1.  0.  0.  0.] -1 175.532790375
1172 [ 1.  0.  0.  0.] -1 257.62880249
1173 [ 1.  0.  0.  0.] -1 281.374221802
1174 [ 1.  0.  0.  0.] -1 283.328320313
1175 [ 1.  0.  0.  0.] -1 286.087518311
1176 [ 1.  0.  0.  0.] -1 285.242468262
1177 [ 1.  0.  0.  0.] 0 286.242468262
1178 [ 0.  1.  0.  0.] -2 73.5404380798
1179 [ 0.  1.  0.  0.] -1 75.3048114777
1180 [ 0.  1.  0.  0.] -1 74.6061042786
1181 [ 0.  1.  0.  0.] -1 79.6438468933
1182 [ 0.  1.  0.  0.] -1 80.4940719604
1183 [ 0.  1.  0.  0.] -1 81.9648426056
1184 [ 0.  1.  0.  0.] -1 82.2948841095
1185 [ 0.  1.  0.  0.] -1 84.5038776398
1186 [ 0.  1.  0.  0.] -1 85.439881897
1187 [ 0.  1.  0.  0.] -1 86.9992294312
1188 [ 0.  1.  0.  0.] -1 88.6888801575
1189 [ 0.  1.  0.  0.] 0 89.6888801575
1190 [ 0.  0.  1.  0.] -2 72.4695571899
1191 [ 0.  0.  1.  0.] -1 72.0857688904
1192 [ 0.  0.  1.  0.] 9 84.0996917725
1193 [ 0.  0.  1.  0.] -1 60.4651420593
1194 [ 0.  0.  1.  0.] -1 59.367606926
1195 [ 0.  0.  1.  0.] -1 58.1009958267
1196 [ 0.  0.  1.  0.] 9 71.2331176758
1197 [ 0.  0.  1.  0.] -1 49.7865678787
1198 [ 0.  0.  1.  0.] -1 49.7616422653
1199 [ 0.  0.  1.  0.] -1 48.4026926041
1200 [ 0.  0.  1.  0.] 9 60.4191848755
1201 [ 0.  0.  1.  0.] -1 35.5719631195
1202 [ 0.  0.  1.  0.] -1 34.7902961731
1203 [ 0.  0.  1.  0.] -1 33.9173053741
1204 [ 0.  0.  1.  0.] 9 44.4656217575
1205 [ 0.  0.  1.  0.] -1 33.0716392517
1206 [ 0.  0.  1.  0.] -1 31.8623121262
1207 [ 0.  0.  1.  0.] -1 31.7360025406
1208 [ 0.  0.  1.  0.] 9 43.3267009735
1209 [ 0.  0.  1.  0.] -1 18.6071332932
1210 [ 0.  0.  1.  0.] -1 18.2262512207
1211 [ 0.  0.  1.  0.] -1 18.1655679703
1212 [ 0.  0.  1.  0.] -1 19.1420663834
1213 [ 0.  0.  1.  0.] 0 20.1420663834
1214 [ 0.  0.  0.  1.] -2 17.2541086197
1215 [ 0.  0.  0.  1.] -1 17.9900268555
1216 [ 0.  0.  0.  1.] -1 18.3647518158
1217 [ 0.  0.  0.  1.] -1 18.3340097427
1218 [ 0.  0.  0.  1.] -1 18.4455462456
1219 [ 0.  0.  0.  1.] -1 18.5890714645
1220 [ 0.  0.  0.  1.] -1 19.5734755516
1221 [ 0.  0.  0.  1.] -1 19.6340247154
1222 [ 0.  0.  0.  1.] -1 20.1839718819
1223 [ 0.  0.  0.  1.] -1 20.1335227013
1224 [ 0.  0.  0.  1.] -1 17.9736791611
1225 [ 0.  0.  0.  1.] 0 18.9736791611
1226 [ 0.  0.  1.  0.] -2 17.115468502
1227 [ 0.  0.  1.  0.] -1 18.8455429077
1228 [ 0.  0.  1.  0.] 9 29.7873980522
1229 [ 0.  0.  1.  0.] -1 17.7747942924
1230 [ 0.  0.  1.  0.] -1 18.2290126801
1231 [ 0.  0.  1.  0.] -1 17.6136493683
1232 [ 0.  0.  1.  0.] 9 29.4320649147
1233 [ 0.  0.  1.  0.] -1 16.1658075333
1234 [ 0.  0.  1.  0.] -1 16.3382555962
1235 [ 0.  0.  1.  0.] -1 16.3501983643
1236 [ 0.  0.  1.  0.] 9 26.6144685745
1237 [ 0.  0.  1.  0.] 0 17.6144685745
1238 [ 0.  0.  0.  1.] -2 19.054607296
1239 [ 0.  0.  0.  1.] -1 20.3926197052
1240 [ 0.  0.  0.  1.] -1 17.6872973442
1241 [ 0.  0.  0.  1.] -1 17.965590477
1242 [ 0.  0.  0.  1.] -1 18.0071464539
1243 [ 0.  0.  0.  1.] -1 17.8865301132
1244 [ 0.  0.  0.  1.] -1 18.6822670937
1245 [ 0.  0.  0.  1.] -1 19.2516531944
1246 [ 0.  0.  0.  1.] -1 20.4220571518
1247 [ 0.  0.  0.  1.] -1 18.8119089127
1248 [ 0.  0.  0.  1.] -1 17.0416087151
1249 [ 0.  0.  0.  1.] 0 18.0416087151
1250 [ 0.  0.  1.  0.] -2 21.6316087723
1251 [ 0.  0.  1.  0.] -1 22.8534188271
1252 [ 0.  0.  1.  0.] -1 25.8590498924
1253 [ 0.  0.  1.  0.] -1 25.876247406
1254 [ 0.  0.  1.  0.] -1 24.3760447502
1255 [ 0.  0.  1.  0.] -1 24.4315765381
1256 [ 0.  0.  1.  0.] -1 26.6198065758
1257 [ 0.  0.  1.  0.] -1 17.6121146202
1258 [ 0.  0.  1.  0.] -1 17.3896160126
1259 [ 0.  0.  1.  0.] -1 17.600860405
1260 [ 0.  0.  1.  0.] -1 19.5214626312
1261 [ 0.  0.  1.  0.] 0 20.5214626312
1262 [ 0.  1.  0.  0.] -2 28.7154333115
1263 [ 0.  1.  0.  0.] -1 29.6674266815
1264 [ 0.  1.  0.  0.] -1 27.7796774864
1265 [ 0.  1.  0.  0.] -1 31.642656517
1266 [ 0.  1.  0.  0.] -1 30.3573131561
1267 [ 0.  1.  0.  0.] -1 32.0833810806
1268 [ 0.  1.  0.  0.] -1 31.4926679611
1269 [ 0.  1.  0.  0.] -1 36.3705322266
1270 [ 0.  1.  0.  0.] -1 34.6745286942
1271 [ 0.  1.  0.  0.] -1 35.1400846481
1272 [ 0.  1.  0.  0.] -1 32.9088979721
1273 [ 0.  1.  0.  0.] 0 33.9088979721
1274 [ 0.  0.  1.  0.] -2 21.2006562233
1275 [ 0.  0.  1.  0.] -1 22.5447568893
1276 [ 0.  0.  1.  0.] -1 23.6095767021
1277 [ 0.  0.  1.  0.] -1 36.5275512695
1278 [ 0.  0.  1.  0.] -1 35.3475311279
1279 [ 0.  0.  1.  0.] -1 35.2710582733
1280 [ 0.  0.  1.  0.] -1 38.6996456146
1281 [ 0.  0.  1.  0.] -1 39.9040332794
1282 [ 0.  0.  1.  0.] -1 38.9629917145
1283 [ 0.  0.  1.  0.] -1 40.3807836533
1284 [ 0.  0.  1.  0.] -1 41.1559202194
1285 [ 0.  0.  1.  0.] 0 42.1559202194
1286 [ 0.  1.  0.  0.] -2 39.3390138626
1287 [ 0.  1.  0.  0.] -1 38.6397668839
1288 [ 0.  1.  0.  0.] -1 41.5489244461
1289 [ 0.  1.  0.  0.] -1 46.8417142868
1290 [ 0.  1.  0.  0.] -1 45.5961946487
1291 [ 0.  1.  0.  0.] -1 43.8063159943
1292 [ 0.  1.  0.  0.] -1 46.3540231705
1293 [ 0.  1.  0.  0.] -1 44.5091291428
1294 [ 0.  1.  0.  0.] -1 42.3611558914
1295 [ 0.  1.  0.  0.] -1 41.6809200287
1296 [ 0.  1.  0.  0.] -1 42.1003393173
1297 [ 0.  1.  0.  0.] 0 43.1003393173
1298 [ 1.  0.  0.  0.] -2 56.5309900284
1299 [ 1.  0.  0.  0.] -1 60.8261539459
1300 [ 1.  0.  0.  0.] -1 57.6549875259
1301 [ 1.  0.  0.  0.] -1 54.8797969818
1302 [ 1.  0.  0.  0.] -1 57.0813650131
1303 [ 1.  0.  0.  0.] -1 57.8087341309
1304 [ 1.  0.  0.  0.] -1 39.9721311569
1305 [ 1.  0.  0.  0.] -1 39.5106920242
1306 [ 1.  0.  0.  0.] -1 39.8055774689
1307 [ 1.  0.  0.  0.] -1 38.7407159805
1308 [ 1.  0.  0.  0.] -1 43.3553319931
1309 [ 1.  0.  0.  0.] 0 44.3553319931
1310 [ 0.  1.  0.  0.] -2 32.9648227692
1311 [ 0.  1.  0.  0.] -1 33.6507230759
1312 [ 0.  1.  0.  0.] -1 31.9828052521
1313 [ 0.  1.  0.  0.] -1 29.5916133881
1314 [ 0.  1.  0.  0.] -1 29.5943422318
1315 [ 0.  1.  0.  0.] -1 31.4539205551
1316 [ 0.  1.  0.  0.] -1 30.8131967545
1317 [ 0.  1.  0.  0.] -1 33.0983732224
1318 [ 0.  1.  0.  0.] -1 33.2113430023
1319 [ 0.  1.  0.  0.] -1 34.0051502228
1320 [ 0.  1.  0.  0.] -1 33.1479236603
1321 [ 0.  1.  0.  0.] -1 30.7553003311
1322 [ 0.  1.  0.  0.] -1 30.8344404221
1323 [ 0.  1.  0.  0.] -1 31.3603679657
1324 [ 0.  1.  0.  0.] -1 31.6973058701
1325 [ 0.  1.  0.  0.] -1 38.1655822754
1326 [ 0.  1.  0.  0.] -1 40.8759836197
1327 [ 0.  1.  0.  0.] -1 43.8063486099
1328 [ 0.  1.  0.  0.] -1 44.2976636887
1329 [ 0.  1.  0.  0.] -1 49.6201700211
1330 [ 0.  1.  0.  0.] -1 51.3120494843
1331 [ 0.  1.  0.  0.] -1 53.9780282974
1332 [ 0.  1.  0.  0.] -1 56.6439998627
1333 [ 0.  1.  0.  0.] -1 57.4123088837
1334 [ 0.  1.  0.  0.] -1 48.56771698
1335 [ 0.  1.  0.  0.] -1 45.6913127899
1336 [ 0.  1.  0.  0.] -1 45.0842628479
1337 [ 0.  1.  0.  0.] -1 42.7300064087
1338 [ 0.  1.  0.  0.] -1 32.3037723541
1339 [ 0.  1.  0.  0.] -1 31.7812549591
1340 [ 0.  1.  0.  0.] -1 31.5375905991
1341 [ 0.  1.  0.  0.] -1 31.628776741
1342 [ 0.  1.  0.  0.] -1 31.0554296494
1343 [ 0.  1.  0.  0.] -1 31.7320705414
1344 [ 0.  1.  0.  0.] -1 31.8728397369
1345 [ 0.  1.  0.  0.] -1 32.7966493607
1346 [ 0.  1.  0.  0.] 0 33.7966493607
1347 [ 1.  0.  0.  0.] -2 104.861685562
1348 [ 1.  0.  0.  0.] -1 109.700034332
1349 [ 1.  0.  0.  0.] -1 106.594334793
1350 [ 1.  0.  0.  0.] -1 112.16085701
1351 [ 1.  0.  0.  0.] -1 117.218676376
1352 [ 1.  0.  0.  0.] -1 123.045493317
1353 [ 1.  0.  0.  0.] -1 131.043955231
1354 [ 1.  0.  0.  0.] -1 136.31705246
1355 [ 1.  0.  0.  0.] -1 139.991387939
1356 [ 1.  0.  0.  0.] -1 147.47392807
1357 [ 1.  0.  0.  0.] -1 215.147236633
1358 [ 1.  0.  0.  0.] 0 216.147236633
1359 [ 0.  1.  0.  0.] -2 52.3022426605
1360 [ 0.  1.  0.  0.] -1 52.6343101501
1361 [ 0.  1.  0.  0.] -1 50.2067554474
1362 [ 0.  1.  0.  0.] -1 49.7120121002
1363 [ 0.  1.  0.  0.] -1 48.333587265
1364 [ 0.  1.  0.  0.] -1 47.437279892
1365 [ 0.  1.  0.  0.] -1 45.0843933105
1366 [ 0.  1.  0.  0.] -1 37.6176826477
1367 [ 0.  1.  0.  0.] -1 36.9727985382
1368 [ 0.  1.  0.  0.] -1 36.9221935272
1369 [ 0.  1.  0.  0.] -1 36.2289113998
1370 [ 0.  1.  0.  0.] -1 34.9911724091
1371 [ 0.  1.  0.  0.] -1 34.7125621796
1372 [ 0.  1.  0.  0.] -1 34.6733726501
1373 [ 0.  1.  0.  0.] -1 34.0001564026
1374 [ 0.  1.  0.  0.] -1 32.4214206696
1375 [ 0.  1.  0.  0.] -1 31.3104551315
1376 [ 0.  1.  0.  0.] -1 31.6821033478
1377 [ 0.  1.  0.  0.] -1 29.9713647842
1378 [ 0.  1.  0.  0.] -1 31.4318252563
1379 [ 0.  1.  0.  0.] -1 29.628632164
1380 [ 0.  1.  0.  0.] -1 29.2792495728
1381 [ 0.  1.  0.  0.] -1 28.6077746391
1382 [ 0.  1.  0.  0.] 0 29.6077746391
1383 [ 1.  0.  0.  0.] -2 61.0553874969
1384 [ 1.  0.  0.  0.] -1 66.1414268494
1385 [ 1.  0.  0.  0.] -1 79.7448757172
1386 [ 1.  0.  0.  0.] -1 83.1345924377
1387 [ 1.  0.  0.  0.] -1 82.4669063568
1388 [ 1.  0.  0.  0.] -1 87.9511791229
1389 [ 1.  0.  0.  0.] -1 94.0151988983
1390 [ 1.  0.  0.  0.] -1 93.9116043091
1391 [ 1.  0.  0.  0.] -1 96.8451221466
1392 [ 1.  0.  0.  0.] -1 97.2540500641
1393 [ 1.  0.  0.  0.] -1 84.8632587433
1394 [ 1.  0.  0.  0.] 0 85.8632587433
1395 [ 0.  1.  0.  0.] -2 28.7956823349
1396 [ 0.  1.  0.  0.] -1 29.3962655067
1397 [ 0.  1.  0.  0.] -1 27.5046151161
1398 [ 0.  1.  0.  0.] -1 28.259923172
1399 [ 0.  1.  0.  0.] -1 29.2223968506
1400 [ 0.  1.  0.  0.] -1 30.4375295639
1401 [ 0.  1.  0.  0.] -1 29.4327026367
1402 [ 0.  1.  0.  0.] -1 30.3133399963
1403 [ 0.  1.  0.  0.] -1 29.9717018127
1404 [ 0.  1.  0.  0.] -1 31.373736763
1405 [ 0.  1.  0.  0.] -1 28.9433046341
1406 [ 0.  1.  0.  0.] -1 22.6564238548
1407 [ 0.  1.  0.  0.] -1 23.8945034981
1408 [ 0.  1.  0.  0.] -1 24.6454627991
1409 [ 0.  1.  0.  0.] -1 24.3592766762
1410 [ 0.  1.  0.  0.] -1 24.2801438332
1411 [ 0.  1.  0.  0.] -1 25.3233358383
1412 [ 0.  1.  0.  0.] -1 26.4406596184
1413 [ 0.  1.  0.  0.] -1 26.0750362396
1414 [ 0.  1.  0.  0.] -1 28.5625167847
1415 [ 0.  1.  0.  0.] -1 28.7878928185
1416 [ 0.  1.  0.  0.] -1 29.8431381226
1417 [ 0.  1.  0.  0.] -1 30.5717683792
1418 [ 0.  1.  0.  0.] -1 28.3992844582
1419 [ 0.  1.  0.  0.] -1 30.0889297485
1420 [ 0.  1.  0.  0.] -1 29.7347961426
1421 [ 0.  1.  0.  0.] -1 29.3173048019
1422 [ 0.  1.  0.  0.] -1 29.0723267555
1423 [ 0.  1.  0.  0.] -1 29.2145998955
1424 [ 0.  1.  0.  0.] -1 31.3246465683
1425 [ 0.  1.  0.  0.] -1 32.6010242462
1426 [ 0.  1.  0.  0.] -1 30.4812309265
1427 [ 0.  1.  0.  0.] -1 29.2340968132
1428 [ 0.  1.  0.  0.] -1 29.27084198
1429 [ 0.  1.  0.  0.] -1 27.635807991
1430 [ 0.  1.  0.  0.] -1 25.2214318275
1431 [ 0.  1.  0.  0.] -1 25.4689339638
1432 [ 0.  1.  0.  0.] -1 25.1148510933
1433 [ 0.  1.  0.  0.] -1 25.7546797752
1434 [ 0.  1.  0.  0.] -1 26.5654109001
1435 [ 0.  1.  0.  0.] -1 26.9865678787
1436 [ 0.  1.  0.  0.] -1 27.4372420311
1437 [ 0.  1.  0.  0.] -1 26.3593270302
1438 [ 0.  1.  0.  0.] -1 28.4275586128
1439 [ 0.  1.  0.  0.] -1 27.9305339813
1440 [ 0.  1.  0.  0.] -1 29.070647049
1441 [ 0.  1.  0.  0.] -1 29.5892759323
1442 [ 0.  1.  0.  0.] -1 33.8464569092
1443 [ 0.  1.  0.  0.] -1 35.3964365005
1444 [ 0.  1.  0.  0.] -1 35.3388698578
1445 [ 0.  1.  0.  0.] -1 34.7965003967
1446 [ 0.  1.  0.  0.] -1 33.726083374
1447 [ 0.  1.  0.  0.] -1 34.0846382141
1448 [ 0.  1.  0.  0.] -1 34.9652030945
1449 [ 0.  1.  0.  0.] -1 35.7751731873
1450 [ 0.  1.  0.  0.] -1 41.0824588776
1451 [ 0.  1.  0.  0.] -1 41.8718013763
1452 [ 0.  1.  0.  0.] -1 43.0495203018
1453 [ 0.  1.  0.  0.] -1 43.3108224869
1454 [ 0.  1.  0.  0.] 0 44.3108224869
1455 [ 0.  0.  1.  0.] -2 30.2352035522
1456 [ 0.  0.  1.  0.] -1 31.9904481888
1457 [ 0.  0.  1.  0.] 9 43.0841346741
1458 [ 0.  0.  1.  0.] -1 34.1342611313
1459 [ 0.  0.  1.  0.] -1 34.0278470993
1460 [ 0.  0.  1.  0.] -1 34.4878728867
1461 [ 0.  0.  1.  0.] 9 45.4560253143
1462 [ 0.  0.  1.  0.] -1 29.2647047997
1463 [ 0.  0.  1.  0.] -1 29.4373268127
1464 [ 0.  0.  1.  0.] -1 29.4644231796
1465 [ 0.  0.  1.  0.] 9 39.786995697
1466 [ 0.  0.  1.  0.] -1 26.7943148613
1467 [ 0.  0.  1.  0.] -1 26.8598252296
1468 [ 0.  0.  1.  0.] -1 27.3587615013
1469 [ 0.  0.  1.  0.] 9 38.3928809166
1470 [ 0.  0.  1.  0.] -1 27.642749691
1471 [ 0.  0.  1.  0.] -1 27.3236924171
1472 [ 0.  0.  1.  0.] -1 27.7862114906
1473 [ 0.  0.  1.  0.] 9 39.3091327667
1474 [ 0.  0.  1.  0.] -1 25.0995416641
1475 [ 0.  0.  1.  0.] -1 25.0925818443
1476 [ 0.  0.  1.  0.] -1 25.2716563225
1477 [ 0.  0.  1.  0.] -1 26.4744168282
1478 [ 0.  0.  1.  0.] 0 27.4744168282
1479 [ 0.  0.  0.  1.] -2 21.6382025719
1480 [ 0.  0.  0.  1.] -1 22.7737242699
1481 [ 0.  0.  0.  1.] -1 18.0055120468
1482 [ 0.  0.  0.  1.] -1 18.0111436844
1483 [ 0.  0.  0.  1.] -1 18.0529026031
1484 [ 0.  0.  0.  1.] -1 17.9370988846
1485 [ 0.  0.  0.  1.] -1 21.8931630135
1486 [ 0.  0.  0.  1.] -1 22.6426509857
1487 [ 0.  0.  0.  1.] -1 24.4578919411
1488 [ 0.  0.  0.  1.] -1 23.4698403358
1489 [ 0.  0.  0.  1.] -1 20.9278916359
1490 [ 0.  0.  0.  1.] 0 21.9278916359
1491 [ 0.  0.  1.  0.] -2 21.3418222427
1492 [ 0.  0.  1.  0.] -1 22.3648579597
1493 [ 0.  0.  1.  0.] -1 24.1147498131
1494 [ 0.  0.  1.  0.] -1 29.559910965
1495 [ 0.  0.  1.  0.] -1 28.1070988655
1496 [ 0.  0.  1.  0.] -1 28.1343184471
1497 [ 0.  0.  1.  0.] -1 31.2575126648
1498 [ 0.  0.  1.  0.] -1 36.3506946564
1499 [ 0.  0.  1.  0.] -1 35.4753265381
1500 [ 0.  0.  1.  0.] -1 34.9262708664
1501 [ 0.  0.  1.  0.] -1 34.9832105637
1502 [ 0.  0.  1.  0.] 0 35.9832105637
1503 [ 0.  0.  0.  1.] -2 27.254914856
1504 [ 0.  0.  0.  1.] -1 29.2699504852
1505 [ 0.  0.  0.  1.] -1 28.9639032364
1506 [ 0.  0.  0.  1.] -1 27.7294403076
1507 [ 0.  0.  0.  1.] -1 29.4876310349
1508 [ 0.  0.  0.  1.] -1 31.683821106
1509 [ 0.  0.  0.  1.] -1 31.2770095825
1510 [ 0.  0.  0.  1.] -1 30.88919487
1511 [ 0.  0.  0.  1.] -1 33.1152391434
1512 [ 0.  0.  0.  1.] -1 34.4208440781
1513 [ 0.  0.  0.  1.] -1 35.9122350693
1514 [ 0.  0.  0.  1.] 0 36.9122350693
1515 [ 0.  0.  1.  0.] -2 32.4708585739
1516 [ 0.  0.  1.  0.] -1 34.7624170303
1517 [ 0.  0.  1.  0.] -1 39.4473560333
1518 [ 0.  0.  1.  0.] -1 48.9049919128
1519 [ 0.  0.  1.  0.] -1 52.8787427902
1520 [ 0.  0.  1.  0.] -1 54.9280826569
1521 [ 0.  0.  1.  0.] -1 60.3818489075
1522 [ 0.  0.  1.  0.] -1 63.9995056152
1523 [ 0.  0.  1.  0.] -1 62.7850578308
1524 [ 0.  0.  1.  0.] -1 66.3227626801
1525 [ 0.  0.  1.  0.] -1 67.0240936279
1526 [ 0.  0.  1.  0.] -1 84.7795307159
1527 [ 0.  0.  1.  0.] -1 82.9227645874
1528 [ 0.  0.  1.  0.] -1 85.7026409149
1529 [ 0.  0.  1.  0.] -1 84.7421459198
1530 [ 0.  0.  1.  0.] -1 65.5811985016
1531 [ 0.  0.  1.  0.] -1 66.1854869843
1532 [ 0.  0.  1.  0.] -1 67.2674137115
1533 [ 0.  0.  1.  0.] -1 67.4471115112
1534 [ 0.  0.  1.  0.] -1 68.808322525
1535 [ 0.  0.  1.  0.] -1 71.4539962769
1536 [ 0.  0.  1.  0.] -1 72.2090995789
1537 [ 0.  0.  1.  0.] 9 86.3366840363
1538 [ 0.  0.  1.  0.] 0 77.3366840363
1539 [ 0.  0.  0.  1.] -2 93.4704265594
1540 [ 0.  0.  0.  1.] -1 99.4068141937
1541 [ 0.  0.  0.  1.] 9 106.654030609
1542 [ 0.  0.  0.  1.] -1 103.539646149
1543 [ 0.  0.  0.  1.] -1 108.836248398
1544 [ 0.  0.  0.  1.] -1 113.264469528
1545 [ 0.  0.  0.  1.] 9 127.518073654
1546 [ 0.  0.  0.  1.] -1 123.911910248
1547 [ 0.  0.  0.  1.] -1 133.196052551
1548 [ 0.  0.  0.  1.] -1 133.100582886
1549 [ 0.  0.  0.  1.] 9 120.177969742
1550 [ 0.  0.  0.  1.] 0 111.177969742
1551 [ 0.  0.  1.  0.] -2 87.3084945679
1552 [ 0.  0.  1.  0.] -1 91.0463691711
1553 [ 0.  0.  1.  0.] 9 101.64738884
1554 [ 0.  0.  1.  0.] -1 106.666234207
1555 [ 0.  0.  1.  0.] -1 104.78641243
1556 [ 0.  0.  1.  0.] -1 106.408918381
1557 [ 0.  0.  1.  0.] 9 121.714522552
1558 [ 0.  0.  1.  0.] -1 106.326342773
1559 [ 0.  0.  1.  0.] -1 103.06352272
1560 [ 0.  0.  1.  0.] -1 101.114860153
1561 [ 0.  0.  1.  0.] 9 111.492564011
1562 [ 0.  0.  1.  0.] -1 76.5748218536
1563 [ 0.  0.  1.  0.] -1 76.2613780975
1564 [ 0.  0.  1.  0.] -1 76.3307769775
1565 [ 0.  0.  1.  0.] 9 87.4622650146
1566 [ 0.  0.  1.  0.] 0 78.4622650146
1567 [ 0.  0.  0.  1.] -2 74.7448257446
1568 [ 0.  0.  0.  1.] -1 76.2776786804
1569 [ 0.  0.  0.  1.] 9 84.8742195129
1570 [ 0.  0.  0.  1.] -1 74.047593689
1571 [ 0.  0.  0.  1.] -1 74.54986763
1572 [ 0.  0.  0.  1.] -1 75.6251407623
1573 [ 0.  0.  0.  1.] 9 79.0186500549
1574 [ 0.  0.  0.  1.] -1 68.7121425629
1575 [ 0.  0.  0.  1.] -1 69.4973175049
1576 [ 0.  0.  0.  1.] -1 70.732516098
1577 [ 0.  0.  0.  1.] 9 79.5948600769
1578 [ 0.  0.  0.  1.] -1 70.2001197815
1579 [ 0.  0.  0.  1.] -1 70.7784461975
1580 [ 0.  0.  0.  1.] -1 71.6189735413
1581 [ 0.  0.  0.  1.] 9 76.1820804596
1582 [ 0.  0.  0.  1.] -1 65.2045455933
1583 [ 0.  0.  0.  1.] -1 64.6832023621
1584 [ 0.  0.  0.  1.] -1 66.4638870239
1585 [ 0.  0.  0.  1.] 9 75.3757850647
1586 [ 0.  0.  0.  1.] -1 65.8060581207
1587 [ 0.  0.  0.  1.] -1 67.2093288422
1588 [ 0.  0.  0.  1.] -1 66.5460205078
1589 [ 0.  0.  0.  1.] 9 57.7562646866
1590 [ 0.  0.  0.  1.] 0 48.7562646866
1591 [ 0.  0.  1.  0.] -2 52.1608428955
1592 [ 0.  0.  1.  0.] -1 53.2037361145
1593 [ 0.  0.  1.  0.] 9 66.9511125565
1594 [ 0.  0.  1.  0.] -1 66.0970695496
1595 [ 0.  0.  1.  0.] -1 64.5864788055
1596 [ 0.  0.  1.  0.] -1 65.4448795319
1597 [ 0.  0.  1.  0.] 9 77.4798358917
1598 [ 0.  0.  1.  0.] -1 75.5082099915
1599 [ 0.  0.  1.  0.] -1 75.5369117737
1600 [ 0.  0.  1.  0.] -1 78.781010437
1601 [ 0.  0.  1.  0.] 9 92.8670280457
1602 [ 0.  0.  1.  0.] 0 83.8670280457
1603 [ 0.  1.  0.  0.] -2 96.9632667542
1604 [ 0.  1.  0.  0.] -1 97.4306312561
1605 [ 0.  1.  0.  0.] 9 110.253386307
1606 [ 0.  1.  0.  0.] -1 96.7895378113
1607 [ 0.  1.  0.  0.] -1 99.1267181396
1608 [ 0.  1.  0.  0.] -1 101.586598587
1609 [ 0.  1.  0.  0.] 9 116.570547104
1610 [ 0.  1.  0.  0.] -1 117.155938339
1611 [ 0.  1.  0.  0.] -1 123.042028809
1612 [ 0.  1.  0.  0.] -1 124.021411896
1613 [ 0.  1.  0.  0.] 9 136.580596161
1614 [ 0.  1.  0.  0.] -1 132.80599823
1615 [ 0.  1.  0.  0.] -1 136.922616577
1616 [ 0.  1.  0.  0.] -1 139.694831848
1617 [ 0.  1.  0.  0.] 9 149.182925415
1618 [ 0.  1.  0.  0.] -1 141.563491821
1619 [ 0.  1.  0.  0.] -1 148.257979584
1620 [ 0.  1.  0.  0.] -1 150.70389328
1621 [ 0.  1.  0.  0.] 9 161.894727325
1622 [ 0.  1.  0.  0.] -1 146.890542603
1623 [ 0.  1.  0.  0.] -1 146.909735107
1624 [ 0.  1.  0.  0.] -1 148.232394409
1625 [ 0.  1.  0.  0.] 9 155.896939087
1626 [ 0.  1.  0.  0.] -1 144.229785919
1627 [ 0.  1.  0.  0.] -1 147.797200012
1628 [ 0.  1.  0.  0.] -1 150.007121277
1629 [ 0.  1.  0.  0.] 9 161.013582611
1630 [ 0.  1.  0.  0.] -1 145.339704132
1631 [ 0.  1.  0.  0.] -1 149.967591095
1632 [ 0.  1.  0.  0.] -1 151.97790451
1633 [ 0.  1.  0.  0.] 9 158.710757446
1634 [ 0.  1.  0.  0.] -1 142.95067215
1635 [ 0.  1.  0.  0.] -1 143.801810455
1636 [ 0.  1.  0.  0.] -1 148.054602814
1637 [ 0.  1.  0.  0.] 9 158.857180023
1638 [ 0.  1.  0.  0.] 0 149.857180023
1639 [ 1.  0.  0.  0.] -2 158.841656494
1640 [ 1.  0.  0.  0.] -1 164.759257507
1641 [ 1.  0.  0.  0.] 9 165.416754913
1642 [ 1.  0.  0.  0.] -1 158.588533783
1643 [ 1.  0.  0.  0.] -1 159.986223602
1644 [ 1.  0.  0.  0.] -1 152.7183815
1645 [ 1.  0.  0.  0.] 9 132.131341553
1646 [ 1.  0.  0.  0.] -1 124.181707001
1647 [ 1.  0.  0.  0.] -1 121.668416595
1648 [ 1.  0.  0.  0.] -1 122.421128082
1649 [ 1.  0.  0.  0.] 9 154.895783234
1650 [ 1.  0.  0.  0.] 0 145.895783234
1651 [ 0.  0.  0.  1.] -2 94.9363193512
1652 [ 0.  0.  0.  1.] -1 100.435802078
1653 [ 0.  0.  0.  1.] 9 103.548142624
1654 [ 0.  0.  0.  1.] -1 94.3649982452
1655 [ 0.  0.  0.  1.] -1 94.1562580109
1656 [ 0.  0.  0.  1.] -1 96.5833053589
1657 [ 0.  0.  0.  1.] 9 114.721855164
1658 [ 0.  0.  0.  1.] -1 104.996899414
1659 [ 0.  0.  0.  1.] -1 106.308599854
1660 [ 0.  0.  0.  1.] -1 104.522414017
1661 [ 0.  0.  0.  1.] -1 101.796455002
1662 [ 0.  0.  0.  1.] -1 98.1525173187
1663 [ 0.  0.  0.  1.] -1 97.7060161591
1664 [ 0.  0.  0.  1.] -1 99.2686325073
1665 [ 0.  0.  0.  1.] -1 92.9469997406
1666 [ 0.  0.  0.  1.] -1 91.1215736389
1667 [ 0.  0.  0.  1.] -1 92.6107395172
1668 [ 0.  0.  0.  1.] -1 94.4696655273
1669 [ 0.  0.  0.  1.] -1 86.4028121948
1670 [ 0.  0.  0.  1.] -1 86.4992240906
1671 [ 0.  0.  0.  1.] -1 87.7792873383
1672 [ 0.  0.  0.  1.] -1 89.1692726135
1673 [ 0.  0.  0.  1.] -1 84.4966152191
1674 [ 0.  0.  0.  1.] -1 83.5226970673
1675 [ 0.  0.  0.  1.] -1 83.681470108
1676 [ 0.  0.  0.  1.] -1 83.2080356598
1677 [ 0.  0.  0.  1.] -1 77.0153072357
1678 [ 0.  0.  0.  1.] -1 76.4932971954
1679 [ 0.  0.  0.  1.] -1 75.815536499
1680 [ 0.  0.  0.  1.] -1 76.3005241394
1681 [ 0.  0.  0.  1.] -1 72.7780979156
1682 [ 0.  0.  0.  1.] -1 72.4576526642
1683 [ 0.  0.  0.  1.] -1 73.5185966492
1684 [ 0.  0.  0.  1.] -1 71.2603752136
1685 [ 0.  0.  0.  1.] -1 49.9015707016
1686 [ 0.  0.  0.  1.] -1 49.8685274124
1687 [ 0.  0.  0.  1.] -1 50.1397701263
1688 [ 0.  0.  0.  1.] -1 50.1869577408
1689 [ 0.  0.  0.  1.] 9 58.8202238083
1690 [ 0.  0.  0.  1.] -1 48.809554863
1691 [ 0.  0.  0.  1.] -1 49.3102270126
1692 [ 0.  0.  0.  1.] -1 49.9508384705
1693 [ 0.  0.  0.  1.] 9 58.145634079
1694 [ 0.  0.  0.  1.] -1 49.5357534409
1695 [ 0.  0.  0.  1.] -1 50.4672748566
1696 [ 0.  0.  0.  1.] -1 51.2719068527
1697 [ 0.  0.  0.  1.] 9 58.8154655457
1698 [ 0.  0.  0.  1.] 0 49.8154655457
1699 [ 1.  0.  0.  0.] -2 66.0195346832
1700 [ 1.  0.  0.  0.] -1 67.6067905426
1701 [ 1.  0.  0.  0.] 9 70.6920093536
1702 [ 1.  0.  0.  0.] -1 59.8605926514
1703 [ 1.  0.  0.  0.] -1 59.31420784
1704 [ 1.  0.  0.  0.] -1 59.5879873276
1705 [ 1.  0.  0.  0.] 9 66.9732803345
1706 [ 1.  0.  0.  0.] -1 57.5015924454
1707 [ 1.  0.  0.  0.] -1 55.7387992859
1708 [ 1.  0.  0.  0.] -1 55.0506233215
1709 [ 1.  0.  0.  0.] 9 58.3522108078
1710 [ 1.  0.  0.  0.] -1 48.4197216034
1711 [ 1.  0.  0.  0.] -1 48.0516466141
1712 [ 1.  0.  0.  0.] -1 48.5039932251
1713 [ 1.  0.  0.  0.] 9 43.1454811096
1714 [ 1.  0.  0.  0.] 0 34.1454811096
1715 [ 0.  1.  0.  0.] -2 50.8980985641
1716 [ 0.  1.  0.  0.] -1 51.1125757217
1717 [ 0.  1.  0.  0.] 9 62.2374500275
1718 [ 0.  1.  0.  0.] -1 67.8800880432
1719 [ 0.  1.  0.  0.] -1 69.8126674652
1720 [ 0.  1.  0.  0.] -1 69.9177333832
1721 [ 0.  1.  0.  0.] 9 81.7512771606
1722 [ 0.  1.  0.  0.] -1 80.9773853302
1723 [ 0.  1.  0.  0.] -1 85.9112724304
1724 [ 0.  1.  0.  0.] -1 88.3063926697
1725 [ 0.  1.  0.  0.] 9 92.9143642426
1726 [ 0.  1.  0.  0.] 0 83.9143642426
1727 [ 1.  0.  0.  0.] -2 67.8988563538
1728 [ 1.  0.  0.  0.] -1 68.1703819275
1729 [ 1.  0.  0.  0.] -1 70.7215862274
1730 [ 1.  0.  0.  0.] -1 68.5916675568
1731 [ 1.  0.  0.  0.] -1 69.7071014404
1732 [ 1.  0.  0.  0.] -1 71.4166042328
1733 [ 1.  0.  0.  0.] -1 72.4761203766
1734 [ 1.  0.  0.  0.] -1 69.4011230469
1735 [ 1.  0.  0.  0.] -1 69.2802639008
1736 [ 1.  0.  0.  0.] -1 68.3112815857
1737 [ 1.  0.  0.  0.] -1 71.407718277
1738 [ 1.  0.  0.  0.] -1 66.7845207214
1739 [ 1.  0.  0.  0.] -1 64.9360607147
1740 [ 1.  0.  0.  0.] -1 62.831502533
1741 [ 1.  0.  0.  0.] -1 32.6020425797
1742 [ 1.  0.  0.  0.] -1 33.1437995911
1743 [ 1.  0.  0.  0.] -1 32.7551803589
1744 [ 1.  0.  0.  0.] -1 31.7009044647
1745 [ 1.  0.  0.  0.] -1 27.8778814316
1746 [ 1.  0.  0.  0.] -1 26.9359936714
1747 [ 1.  0.  0.  0.] -1 27.0574562073
1748 [ 1.  0.  0.  0.] -1 27.6878118515
1749 [ 1.  0.  0.  0.] -1 37.1161588669
1750 [ 1.  0.  0.  0.] 0 38.1161588669
1751 [ 0.  0.  0.  1.] -2 15.6652584076
1752 [ 0.  0.  0.  1.] -1 16.9492665291
1753 [ 0.  0.  0.  1.] -1 16.791488266
1754 [ 0.  0.  0.  1.] -1 16.6072532654
1755 [ 0.  0.  0.  1.] -1 16.9187437057
1756 [ 0.  0.  0.  1.] -1 17.3962822914
1757 [ 0.  0.  0.  1.] -1 17.0785387039
1758 [ 0.  0.  0.  1.] -1 16.9673700333
1759 [ 0.  0.  0.  1.] -1 17.1647708893
1760 [ 0.  0.  0.  1.] -1 17.3287769318
1761 [ 0.  0.  0.  1.] -1 18.9291912079
1762 [ 0.  0.  0.  1.] 0 19.9291912079
1763 [ 1.  0.  0.  0.] -2 28.5071388245
1764 [ 1.  0.  0.  0.] -1 29.4897003174
1765 [ 1.  0.  0.  0.] -1 32.2537906647
1766 [ 1.  0.  0.  0.] -1 31.4222652435
1767 [ 1.  0.  0.  0.] -1 32.6903730392
1768 [ 1.  0.  0.  0.] -1 33.5563514709
1769 [ 1.  0.  0.  0.] -1 35.1357141495
1770 [ 1.  0.  0.  0.] -1 35.373931694
1771 [ 1.  0.  0.  0.] -1 36.3783744812
1772 [ 1.  0.  0.  0.] -1 37.2679847717
1773 [ 1.  0.  0.  0.] -1 37.9338661194
1774 [ 1.  0.  0.  0.] 0 38.9338661194
1775 [ 0.  0.  0.  1.] -2 25.9801425934
1776 [ 0.  0.  0.  1.] -1 27.3810814857
1777 [ 0.  0.  0.  1.] -1 29.8384414673
1778 [ 0.  0.  0.  1.] -1 30.0853927612
1779 [ 0.  0.  0.  1.] -1 30.7996068954
1780 [ 0.  0.  0.  1.] -1 31.3539680481
1781 [ 0.  0.  0.  1.] -1 32.6027854919
1782 [ 0.  0.  0.  1.] -1 32.8712305069
1783 [ 0.  0.  0.  1.] -1 32.6435043335
1784 [ 0.  0.  0.  1.] -1 32.6762359619
1785 [ 0.  0.  0.  1.] -1 35.9000259399
1786 [ 0.  0.  0.  1.] 0 36.9000259399
1787 [ 0.  0.  1.  0.] -2 32.189302063
1788 [ 0.  0.  1.  0.] -1 33.5424100876
1789 [ 0.  0.  1.  0.] 9 42.529237175
1790 [ 0.  0.  1.  0.] -1 31.5252473831
1791 [ 0.  0.  1.  0.] -1 32.1261728287
1792 [ 0.  0.  1.  0.] -1 32.6964105606
1793 [ 0.  0.  1.  0.] 9 40.4926246643
1794 [ 0.  0.  1.  0.] -1 29.1574391365
1795 [ 0.  0.  1.  0.] -1 29.6120235443
1796 [ 0.  0.  1.  0.] -1 29.533013916
1797 [ 0.  0.  1.  0.] 9 38.6017516136
1798 [ 0.  0.  1.  0.] -1 30.2244913101
1799 [ 0.  0.  1.  0.] -1 30.4229141235
1800 [ 0.  0.  1.  0.] -1 30.2128221512
1801 [ 0.  0.  1.  0.] 9 38.017893219
1802 [ 0.  0.  1.  0.] -1 27.1199641228
1803 [ 0.  0.  1.  0.] -1 27.0451818466
1804 [ 0.  0.  1.  0.] -1 26.8111028671
1805 [ 0.  0.  1.  0.] 9 35.0654963493
1806 [ 0.  0.  1.  0.] -1 27.3911561012
1807 [ 0.  0.  1.  0.] -1 27.4127114296
1808 [ 0.  0.  1.  0.] -1 28.0945327759
1809 [ 0.  0.  1.  0.] 9 36.5680636406
1810 [ 0.  0.  1.  0.] 0 27.5680636406
1811 [ 0.  1.  0.  0.] -2 21.7793269157
1812 [ 0.  1.  0.  0.] -1 22.0967680931
1813 [ 0.  1.  0.  0.] -1 22.9129532814
1814 [ 0.  1.  0.  0.] -1 25.4694848061
1815 [ 0.  1.  0.  0.] -1 27.5112650871
1816 [ 0.  1.  0.  0.] -1 30.2458473206
1817 [ 0.  1.  0.  0.] -1 32.6645378113
1818 [ 0.  1.  0.  0.] -1 38.9292345047
1819 [ 0.  1.  0.  0.] -1 40.6624198914
1820 [ 0.  1.  0.  0.] -1 43.0290920258
1821 [ 0.  1.  0.  0.] -1 44.9499696732
1822 [ 0.  1.  0.  0.] -1 45.8145057678
1823 [ 0.  1.  0.  0.] -1 47.439686203
1824 [ 0.  1.  0.  0.] -1 48.8952180862
1825 [ 0.  1.  0.  0.] -1 49.6299945831
1826 [ 0.  1.  0.  0.] -1 54.9957130432
1827 [ 0.  1.  0.  0.] -1 57.9818943024
1828 [ 0.  1.  0.  0.] -1 62.9216522217
1829 [ 0.  1.  0.  0.] -1 65.0943264008
1830 [ 0.  1.  0.  0.] -1 74.3916164398
1831 [ 0.  1.  0.  0.] -1 72.763703537
1832 [ 0.  1.  0.  0.] -1 77.3043254852
1833 [ 0.  1.  0.  0.] -1 77.322082901
1834 [ 0.  1.  0.  0.] -1 70.649817276
1835 [ 0.  1.  0.  0.] -1 73.9937705994
1836 [ 0.  1.  0.  0.] -1 72.4314659119
1837 [ 0.  1.  0.  0.] -1 71.7953517914
1838 [ 0.  1.  0.  0.] -1 58.2104213715
1839 [ 0.  1.  0.  0.] -1 58.4145881653
1840 [ 0.  1.  0.  0.] -1 59.1882823944
1841 [ 0.  1.  0.  0.] -1 59.0594142914
1842 [ 0.  1.  0.  0.] -1 59.0847892761
1843 [ 0.  1.  0.  0.] -1 60.7298217773
1844 [ 0.  1.  0.  0.] -1 58.5899589539
1845 [ 0.  1.  0.  0.] -1 54.2401168823
1846 [ 0.  1.  0.  0.] -1 30.3219577789
1847 [ 0.  1.  0.  0.] -1 28.5032196999
1848 [ 0.  1.  0.  0.] -1 25.5386571884
1849 [ 0.  1.  0.  0.] -101 -101
1850 [ 0.  1.  0.  0.] -2 13.7223488808
1851 [ 0.  1.  0.  0.] -1 15.0856348038
1852 [ 0.  1.  0.  0.] -1 15.2216674805
1853 [ 0.  1.  0.  0.] -1 15.5294904709
1854 [ 0.  1.  0.  0.] -1 15.6805952072
1855 [ 0.  1.  0.  0.] 0 16.6805952072
1856 [ 1.  0.  0.  0.] -2 16.7108494759
1857 [ 1.  0.  0.  0.] -1 17.3167634964
1858 [ 1.  0.  0.  0.] -1 22.3892979622
1859 [ 1.  0.  0.  0.] -1 22.5909279823
1860 [ 1.  0.  0.  0.] -1 22.8168729782
1861 [ 1.  0.  0.  0.] -1 23.2340997696
1862 [ 1.  0.  0.  0.] -1 22.6441513062
1863 [ 1.  0.  0.  0.] -1 22.506038475
1864 [ 1.  0.  0.  0.] -1 22.638095665
1865 [ 1.  0.  0.  0.] -1 22.8789804459
1866 [ 1.  0.  0.  0.] -1 22.1443543434
1867 [ 1.  0.  0.  0.] 0 23.1443543434
1868 [ 0.  1.  0.  0.] -2 18.5024313927
1869 [ 0.  1.  0.  0.] -1 19.6392595291
1870 [ 0.  1.  0.  0.] -1 19.6300582886
1871 [ 0.  1.  0.  0.] -1 19.7637299538
1872 [ 0.  1.  0.  0.] -1 20.3473093033
1873 [ 0.  1.  0.  0.] -1 20.669468689
1874 [ 0.  1.  0.  0.] -1 21.0688420296
1875 [ 0.  1.  0.  0.] -1 23.7743546486
1876 [ 0.  1.  0.  0.] -1 24.1090402603
1877 [ 0.  1.  0.  0.] -1 24.1324782372
1878 [ 0.  1.  0.  0.] -1 24.4009431839
1879 [ 0.  1.  0.  0.] 0 25.4009431839
1880 [ 1.  0.  0.  0.] -2 27.0927497864
1881 [ 1.  0.  0.  0.] -1 28.1902959824
1882 [ 1.  0.  0.  0.] -1 33.9969020844
1883 [ 1.  0.  0.  0.] -1 34.9250278473
1884 [ 1.  0.  0.  0.] -1 35.8919082642
1885 [ 1.  0.  0.  0.] -1 36.7011064529
1886 [ 1.  0.  0.  0.] -1 43.133748436
1887 [ 1.  0.  0.  0.] -1 22.8465079308
1888 [ 1.  0.  0.  0.] -1 22.8385025978
1889 [ 1.  0.  0.  0.] -1 23.1299869537
1890 [ 1.  0.  0.  0.] -1 23.3974951744
1891 [ 1.  0.  0.  0.] 0 24.3974951744
1892 [ 0.  0.  0.  1.] -2 17.4498950005
1893 [ 0.  0.  0.  1.] -1 18.3720069885
1894 [ 0.  0.  0.  1.] -1 18.8086256027
1895 [ 0.  0.  0.  1.] -1 18.9489581108
1896 [ 0.  0.  0.  1.] -1 19.1275089264
1897 [ 0.  0.  0.  1.] -1 19.2255497932
1898 [ 0.  0.  0.  1.] -1 19.2680389404
1899 [ 0.  0.  0.  1.] -1 19.2138280869
1900 [ 0.  0.  0.  1.] -1 19.1751006126
1901 [ 0.  0.  0.  1.] -1 19.2115304947
1902 [ 0.  0.  0.  1.] -1 19.2200576782
1903 [ 0.  0.  0.  1.] -1 19.3334514618
1904 [ 0.  0.  0.  1.] -1 19.4582299232
1905 [ 0.  0.  0.  1.] -1 19.5063017845
1906 [ 0.  0.  0.  1.] -1 20.1979241371
1907 [ 0.  0.  0.  1.] -1 20.3622708321
1908 [ 0.  0.  0.  1.] -1 20.4085905075
1909 [ 0.  0.  0.  1.] -1 20.4414888382
1910 [ 0.  0.  0.  1.] -1 20.579244709
1911 [ 0.  0.  0.  1.] -1 20.7251635551
1912 [ 0.  0.  0.  1.] -1 21.0847620964
1913 [ 0.  0.  0.  1.] -1 21.5407217979
1914 [ 0.  0.  0.  1.] -1 22.3615909576
1915 [ 0.  0.  0.  1.] -1 22.5938796997
1916 [ 0.  0.  0.  1.] -1 22.6248337746
1917 [ 0.  0.  0.  1.] -1 22.7303128242
1918 [ 0.  0.  0.  1.] -1 23.1980993271
1919 [ 0.  0.  0.  1.] -1 23.2718505859
1920 [ 0.  0.  0.  1.] -1 23.4519542694
1921 [ 0.  0.  0.  1.] -1 23.4026973724
1922 [ 0.  0.  0.  1.] -1 22.3996353149
1923 [ 0.  0.  0.  1.] -1 22.1661325455
1924 [ 0.  0.  0.  1.] -1 22.0052757263
1925 [ 0.  0.  0.  1.] -1 22.1711481094
1926 [ 0.  0.  0.  1.] -1 25.7902815819
1927 [ 0.  0.  0.  1.] 0 26.7902815819
1928 [ 0.  0.  1.  0.] -2 27.9449970245
1929 [ 0.  0.  1.  0.] -1 29.5648540497
1930 [ 0.  0.  1.  0.] -1 27.3387336731
1931 [ 0.  0.  1.  0.] -1 26.2613368988
1932 [ 0.  0.  1.  0.] -1 26.6743653297
1933 [ 0.  0.  1.  0.] -1 27.1142491341
1934 [ 0.  0.  1.  0.] -1 24.8100595474
1935 [ 0.  0.  1.  0.] -1 23.8615942955
1936 [ 0.  0.  1.  0.] -1 23.9133698463
1937 [ 0.  0.  1.  0.] -1 24.0572266579
1938 [ 0.  0.  1.  0.] -1 23.3719154358
1939 [ 0.  0.  1.  0.] 0 24.3719154358
1940 [ 0.  1.  0.  0.] -2 20.2718636513
1941 [ 0.  1.  0.  0.] -1 21.2342124939
1942 [ 0.  1.  0.  0.] -1 20.6846838951
1943 [ 0.  1.  0.  0.] -1 20.8278068542
1944 [ 0.  1.  0.  0.] -1 20.727294445
1945 [ 0.  1.  0.  0.] -1 20.6111410141
1946 [ 0.  1.  0.  0.] -1 20.3529753685
1947 [ 0.  1.  0.  0.] -1 39.4835159302
1948 [ 0.  1.  0.  0.] -1 38.8902732849
1949 [ 0.  1.  0.  0.] -1 37.9314054489
1950 [ 0.  1.  0.  0.] -1 37.0660829544
1951 [ 0.  1.  0.  0.] 0 38.0660829544
1952 [ 0.  0.  1.  0.] -2 13.332533741
1953 [ 0.  0.  1.  0.] -1 13.9958766937
1954 [ 0.  0.  1.  0.] -1 13.8976799965
1955 [ 0.  0.  1.  0.] -1 13.2030017376
1956 [ 0.  0.  1.  0.] -1 13.4266246796
1957 [ 0.  0.  1.  0.] -1 13.1758328915
1958 [ 0.  0.  1.  0.] -1 12.9720583916
1959 [ 0.  0.  1.  0.] -1 13.2519832134
1960 [ 0.  0.  1.  0.] -1 13.443550396
1961 [ 0.  0.  1.  0.] -1 13.4413887024
1962 [ 0.  0.  1.  0.] -1 13.8434020996
1963 [ 0.  0.  1.  0.] 0 14.8434020996
1964 [ 0.  1.  0.  0.] -2 16.7523855209
1965 [ 0.  1.  0.  0.] -1 18.5062621117
1966 [ 0.  1.  0.  0.] -1 18.2552755356
1967 [ 0.  1.  0.  0.] -1 18.314896965
1968 [ 0.  1.  0.  0.] -1 19.3462603569
1969 [ 0.  1.  0.  0.] -1 20.4440799713
1970 [ 0.  1.  0.  0.] -1 20.0902417183
1971 [ 0.  1.  0.  0.] -1 22.7453613281
1972 [ 0.  1.  0.  0.] -1 22.9818393707
1973 [ 0.  1.  0.  0.] -1 24.0853467941
1974 [ 0.  1.  0.  0.] -1 24.6718307495
1975 [ 0.  1.  0.  0.] -1 22.7052241325
1976 [ 0.  1.  0.  0.] -1 24.3609962463
1977 [ 0.  1.  0.  0.] -1 23.9991798401
1978 [ 0.  1.  0.  0.] -1 23.5613834381
1979 [ 0.  1.  0.  0.] -1 23.3736476898
1980 [ 0.  1.  0.  0.] -1 23.5539108276
1981 [ 0.  1.  0.  0.] -1 25.6391822815
1982 [ 0.  1.  0.  0.] -1 26.9280698776
1983 [ 0.  1.  0.  0.] -1 25.3923270226
1984 [ 0.  1.  0.  0.] -1 24.1729597092
1985 [ 0.  1.  0.  0.] -1 24.1914654732
1986 [ 0.  1.  0.  0.] -1 22.6647046089
1987 [ 0.  1.  0.  0.] -1 20.2800666809
1988 [ 0.  1.  0.  0.] -1 20.5242619514
1989 [ 0.  1.  0.  0.] -1 20.1692296028
1990 [ 0.  1.  0.  0.] -1 20.7824167252
1991 [ 0.  1.  0.  0.] -1 22.8355671883
1992 [ 0.  1.  0.  0.] -1 23.2979866028
1993 [ 0.  1.  0.  0.] -1 23.9057450294
1994 [ 0.  1.  0.  0.] -1 22.9880001068
1995 [ 0.  1.  0.  0.] -1 24.6024318695
1996 [ 0.  1.  0.  0.] -1 24.1119430542
1997 [ 0.  1.  0.  0.] -1 25.0167685509
1998 [ 0.  1.  0.  0.] -1 25.5321956635
1999 [ 0.  1.  0.  0.] -1 29.8092069626
2000 [ 0.  1.  0.  0.] -1 31.2987388611
2001 [ 0.  1.  0.  0.] -1 31.4966796875
2002 [ 0.  1.  0.  0.] -1 30.6421276093
2003 [ 0.  1.  0.  0.] -1 30.6938415527
2004 [ 0.  1.  0.  0.] -1 30.7735977173
2005 [ 0.  1.  0.  0.] -1 31.8888105392
2006 [ 0.  1.  0.  0.] -1 32.3029243469
2007 [ 0.  1.  0.  0.] -1 38.4979177475
2008 [ 0.  1.  0.  0.] -1 39.6859758377
2009 [ 0.  1.  0.  0.] -1 40.9270235062
2010 [ 0.  1.  0.  0.] -1 40.6794887543
2011 [ 0.  1.  0.  0.] 0 41.6794887543
2012 [ 0.  0.  1.  0.] -2 22.9110541344
2013 [ 0.  0.  1.  0.] -1 24.4217936516
2014 [ 0.  0.  1.  0.] -1 25.3708949089
2015 [ 0.  0.  1.  0.] -1 27.0867414474
2016 [ 0.  0.  1.  0.] -1 26.5883125305
2017 [ 0.  0.  1.  0.] -1 27.2876068115
2018 [ 0.  0.  1.  0.] -1 28.4144253731
2019 [ 0.  0.  1.  0.] -1 21.1703763962
2020 [ 0.  0.  1.  0.] -1 21.2135178566
2021 [ 0.  0.  1.  0.] -1 21.1541809082
2022 [ 0.  0.  1.  0.] -1 22.2988275528
2023 [ 0.  0.  1.  0.] 0 23.2988275528
2024 [ 0.  0.  0.  1.] -2 20.0928308487
2025 [ 0.  0.  0.  1.] -1 21.252513504
2026 [ 0.  0.  0.  1.] 9 27.116217041
2027 [ 0.  0.  0.  1.] -1 16.4171800613
2028 [ 0.  0.  0.  1.] -1 16.2907853127
2029 [ 0.  0.  0.  1.] -1 16.584643364
2030 [ 0.  0.  0.  1.] 9 26.4768449783
2031 [ 0.  0.  0.  1.] -1 16.6984973907
2032 [ 0.  0.  0.  1.] -1 17.2274291992
2033 [ 0.  0.  0.  1.] -1 16.7236875534
2034 [ 0.  0.  0.  1.] 9 24.4731072426
2035 [ 0.  0.  0.  1.] -1 14.2832025528
2036 [ 0.  0.  0.  1.] -1 14.3324775696
2037 [ 0.  0.  0.  1.] -1 14.3880274773
2038 [ 0.  0.  0.  1.] 9 23.9154573441
2039 [ 0.  0.  0.  1.] -1 13.9595057011
2040 [ 0.  0.  0.  1.] -1 14.1265232563
2041 [ 0.  0.  0.  1.] -1 14.2208577156
2042 [ 0.  0.  0.  1.] 9 24.6555520058
2043 [ 0.  0.  0.  1.] -1 14.9649767876
2044 [ 0.  0.  0.  1.] -1 15.1331467628
2045 [ 0.  0.  0.  1.] -1 15.3881668091
2046 [ 0.  0.  0.  1.] -1 14.8580282211
2047 [ 0.  0.  0.  1.] -1 15.062575531
2048 [ 0.  0.  0.  1.] -1 15.3718644142
2049 [ 0.  0.  0.  1.] -1 15.594640255
2050 [ 0.  0.  0.  1.] -1 14.8088293076
2051 [ 0.  0.  0.  1.] -1 14.7778879166
2052 [ 0.  0.  0.  1.] -1 14.8263584137
2053 [ 0.  0.  0.  1.] -1 14.7929146767
2054 [ 0.  0.  0.  1.] -1 14.859871006
2055 [ 0.  0.  0.  1.] -1 15.3590156555
2056 [ 0.  0.  0.  1.] -1 15.9046503067
2057 [ 0.  0.  0.  1.] -1 15.4478570938
2058 [ 0.  0.  0.  1.] -1 14.285302639
2059 [ 0.  0.  0.  1.] 0 15.285302639
2060 [ 0.  0.  1.  0.] -2 16.8006277084
2061 [ 0.  0.  1.  0.] -1 17.8487339973
2062 [ 0.  0.  1.  0.] -1 19.5179582596
2063 [ 0.  0.  1.  0.] -1 19.3328335762
2064 [ 0.  0.  1.  0.] -1 18.3972388268
2065 [ 0.  0.  1.  0.] -1 18.427093029
2066 [ 0.  0.  1.  0.] -1 19.8140124321
2067 [ 0.  0.  1.  0.] -1 14.9420407295
2068 [ 0.  0.  1.  0.] -1 14.7086285591
2069 [ 0.  0.  1.  0.] -1 14.913560009
2070 [ 0.  0.  1.  0.] -1 15.7100924492
2071 [ 0.  0.  1.  0.] 0 16.7100924492
2072 [ 0.  0.  0.  1.] -2 14.3975981712
2073 [ 0.  0.  0.  1.] -1 15.790308857
2074 [ 0.  0.  0.  1.] -1 15.1276093483
2075 [ 0.  0.  0.  1.] -1 15.2444785118
2076 [ 0.  0.  0.  1.] -1 15.2639047623
2077 [ 0.  0.  0.  1.] -1 15.5957165718
2078 [ 0.  0.  0.  1.] -1 14.8756406784
2079 [ 0.  0.  0.  1.] -1 14.8768655777
2080 [ 0.  0.  0.  1.] -1 14.9620721817
2081 [ 0.  0.  0.  1.] -1 14.9606751442
2082 [ 0.  0.  0.  1.] -1 14.0542732239
2083 [ 0.  0.  0.  1.] -1 14.4082745552
2084 [ 0.  0.  0.  1.] -1 14.5404114723
2085 [ 0.  0.  0.  1.] -1 14.7997965813
2086 [ 0.  0.  0.  1.] -1 13.9553372383
2087 [ 0.  0.  0.  1.] -1 14.0086149216
2088 [ 0.  0.  0.  1.] -1 13.7653075218
2089 [ 0.  0.  0.  1.] -1 13.5757579803
2090 [ 0.  0.  0.  1.] -1 14.3989211082
2091 [ 0.  0.  0.  1.] -1 14.6737986565
2092 [ 0.  0.  0.  1.] -1 14.9562466621
2093 [ 0.  0.  0.  1.] -1 14.8572472572
2094 [ 0.  0.  0.  1.] -1 17.2012043953
2095 [ 0.  0.  0.  1.] 0 18.2012043953
2096 [ 0.  0.  1.  0.] -2 13.6221209526
2097 [ 0.  0.  1.  0.] -1 14.6433573723
2098 [ 0.  0.  1.  0.] -1 14.9674501419
2099 [ 0.  0.  1.  0.] -1 15.5863196373
2100 [ 0.  0.  1.  0.] -1 15.2638775826
2101 [ 0.  0.  1.  0.] -1 15.2884824753
2102 [ 0.  0.  1.  0.] -1 17.0063511848
2103 [ 0.  0.  1.  0.] -1 19.4743746758
2104 [ 0.  0.  1.  0.] -1 18.7379565239
2105 [ 0.  0.  1.  0.] -1 17.9263683319
2106 [ 0.  0.  1.  0.] -1 20.270995903
2107 [ 0.  0.  1.  0.] 0 21.270995903
2108 [ 0.  0.  0.  1.] -2 14.6163369179
2109 [ 0.  0.  0.  1.] -1 15.9149876595
2110 [ 0.  0.  0.  1.] -1 15.8363531113
2111 [ 0.  0.  0.  1.] -1 15.6768027306
2112 [ 0.  0.  0.  1.] -1 15.98645401
2113 [ 0.  0.  0.  1.] -1 16.4617493629
2114 [ 0.  0.  0.  1.] -1 17.1463611603
2115 [ 0.  0.  0.  1.] -1 17.3533637047
2116 [ 0.  0.  0.  1.] -1 17.4974089622
2117 [ 0.  0.  0.  1.] -1 17.427169323
2118 [ 0.  0.  0.  1.] -1 17.5769078255
2119 [ 0.  0.  0.  1.] 0 18.5769078255
2120 [ 1.  0.  0.  0.] -2 30.5387176514
2121 [ 1.  0.  0.  0.] -1 30.8928043365
2122 [ 1.  0.  0.  0.] -1 34.4972517014
2123 [ 1.  0.  0.  0.] -1 33.2807273865
2124 [ 1.  0.  0.  0.] -1 34.108556366
2125 [ 1.  0.  0.  0.] -1 34.9981557846
2126 [ 1.  0.  0.  0.] -1 34.0945569992
2127 [ 1.  0.  0.  0.] -1 34.0364322662
2128 [ 1.  0.  0.  0.] -1 34.9423322678
2129 [ 1.  0.  0.  0.] -1 35.6570211411
2130 [ 1.  0.  0.  0.] -1 36.0391860962
2131 [ 1.  0.  0.  0.] 0 37.0391860962
2132 [ 0.  0.  0.  1.] -2 24.3791394234
2133 [ 0.  0.  0.  1.] -1 25.7950126648
2134 [ 0.  0.  0.  1.] -1 29.1687803268
2135 [ 0.  0.  0.  1.] -1 29.6439723969
2136 [ 0.  0.  0.  1.] -1 30.3114519119
2137 [ 0.  0.  0.  1.] -1 30.6747650146
2138 [ 0.  0.  0.  1.] -1 31.2417085648
2139 [ 0.  0.  0.  1.] -1 31.575863266
2140 [ 0.  0.  0.  1.] -1 31.212387085
2141 [ 0.  0.  0.  1.] -1 31.556105423
2142 [ 0.  0.  0.  1.] -1 34.0895486832
2143 [ 0.  0.  0.  1.] 0 35.0895486832
2144 [ 0.  0.  1.  0.] -2 32.9358020782
2145 [ 0.  0.  1.  0.] -1 33.8668851852
2146 [ 0.  0.  1.  0.] -1 32.7681903839
2147 [ 0.  0.  1.  0.] -1 30.8065793991
2148 [ 0.  0.  1.  0.] -1 31.561113739
2149 [ 0.  0.  1.  0.] -1 31.4108606339
2150 [ 0.  0.  1.  0.] -1 29.0470840454
2151 [ 0.  0.  1.  0.] -1 28.5585757256
2152 [ 0.  0.  1.  0.] -1 29.0991205215
2153 [ 0.  0.  1.  0.] -1 29.0106487274
2154 [ 0.  0.  1.  0.] -1 27.9198360443
2155 [ 0.  0.  1.  0.] -1 30.4489196777
2156 [ 0.  0.  1.  0.] -1 30.7605405807
2157 [ 0.  0.  1.  0.] -1 30.5312705994
2158 [ 0.  0.  1.  0.] -1 28.3791986465
2159 [ 0.  0.  1.  0.] -1 27.5069072723
2160 [ 0.  0.  1.  0.] -1 27.3403390884
2161 [ 0.  0.  1.  0.] -1 27.1343349457
2162 [ 0.  0.  1.  0.] -1 25.3544421196
2163 [ 0.  0.  1.  0.] -1 26.8708873749
2164 [ 0.  0.  1.  0.] -1 26.9211662292
2165 [ 0.  0.  1.  0.] -1 27.6823976517
2166 [ 0.  0.  1.  0.] -1 25.55103302
2167 [ 0.  0.  1.  0.] 0 26.55103302
2168 [ 0.  1.  0.  0.] -2 20.44490242
2169 [ 0.  1.  0.  0.] -1 20.7960609436
2170 [ 0.  1.  0.  0.] -1 21.5783838272
2171 [ 0.  1.  0.  0.] -1 23.6080383301
2172 [ 0.  1.  0.  0.] -1 25.6498186111
2173 [ 0.  1.  0.  0.] -1 27.8576307297
2174 [ 0.  1.  0.  0.] -1 30.2763212204
2175 [ 0.  1.  0.  0.] -1 36.4260948181
2176 [ 0.  1.  0.  0.] -1 38.1592802048
2177 [ 0.  1.  0.  0.] -1 40.5259197235
2178 [ 0.  1.  0.  0.] -1 42.4468372345
2179 [ 0.  1.  0.  0.] -1 43.3128700256
2180 [ 0.  1.  0.  0.] -1 44.9365501404
2181 [ 0.  1.  0.  0.] -1 46.3920783997
2182 [ 0.  1.  0.  0.] -1 47.0752496719
2183 [ 0.  1.  0.  0.] -1 51.1883165359
2184 [ 0.  1.  0.  0.] -1 54.1745014191
2185 [ 0.  1.  0.  0.] -1 59.1142665863
2186 [ 0.  1.  0.  0.] -1 61.2080036163
2187 [ 0.  1.  0.  0.] -1 69.2998188019
2188 [ 0.  1.  0.  0.] -1 67.6719276428
2189 [ 0.  1.  0.  0.] -1 72.2125495911
2190 [ 0.  1.  0.  0.] -1 72.2303215027
2191 [ 0.  1.  0.  0.] 0 73.2303215027
2192 [ 1.  0.  0.  0.] -2 56.0697937012
2193 [ 1.  0.  0.  0.] -1 55.0968578339
2194 [ 1.  0.  0.  0.] -1 28.7105230331
2195 [ 1.  0.  0.  0.] -1 29.2671491623
2196 [ 1.  0.  0.  0.] -1 28.8891263962
2197 [ 1.  0.  0.  0.] -1 27.9051390648
2198 [ 1.  0.  0.  0.] -1 24.9602184296
2199 [ 1.  0.  0.  0.] -1 24.0880520821
2200 [ 1.  0.  0.  0.] -1 24.185027504
2201 [ 1.  0.  0.  0.] -1 24.8499231339
2202 [ 1.  0.  0.  0.] -1 33.0056650162
2203 [ 1.  0.  0.  0.] 0 34.0056650162
2204 [ 0.  0.  0.  1.] -2 14.6163369179
2205 [ 0.  0.  0.  1.] -1 15.9149876595
2206 [ 0.  0.  0.  1.] -1 15.8363531113
2207 [ 0.  0.  0.  1.] -1 15.6768027306
2208 [ 0.  0.  0.  1.] -1 15.98645401
2209 [ 0.  0.  0.  1.] -1 16.4617493629
2210 [ 0.  0.  0.  1.] -1 17.1463611603
2211 [ 0.  0.  0.  1.] -1 17.3533637047
2212 [ 0.  0.  0.  1.] -1 17.4974089622
2213 [ 0.  0.  0.  1.] -1 17.427169323
2214 [ 0.  0.  0.  1.] -1 17.5769078255
2215 [ 0.  0.  0.  1.] 0 18.5769078255
2216 [ 1.  0.  0.  0.] -2 30.5387176514
2217 [ 1.  0.  0.  0.] -1 30.8928043365
2218 [ 1.  0.  0.  0.] -1 34.4972517014
2219 [ 1.  0.  0.  0.] -1 33.2807273865
2220 [ 1.  0.  0.  0.] -1 34.108556366
2221 [ 1.  0.  0.  0.] -1 34.9981557846
2222 [ 1.  0.  0.  0.] -1 34.0945569992
2223 [ 1.  0.  0.  0.] -1 34.0364322662
2224 [ 1.  0.  0.  0.] -1 34.9423322678
2225 [ 1.  0.  0.  0.] -1 35.6570211411
2226 [ 1.  0.  0.  0.] -1 36.0391860962
2227 [ 1.  0.  0.  0.] 0 37.0391860962
2228 [ 0.  0.  0.  1.] -2 24.3791394234
2229 [ 0.  0.  0.  1.] -1 25.7950126648
2230 [ 0.  0.  0.  1.] -1 29.1687803268
2231 [ 0.  0.  0.  1.] -1 29.6439723969
2232 [ 0.  0.  0.  1.] -1 30.3114519119
2233 [ 0.  0.  0.  1.] -1 30.6747650146
2234 [ 0.  0.  0.  1.] -1 31.2417085648
2235 [ 0.  0.  0.  1.] -1 31.575863266
2236 [ 0.  0.  0.  1.] -1 31.212387085
2237 [ 0.  0.  0.  1.] -1 31.556105423
2238 [ 0.  0.  0.  1.] -1 34.0895486832
2239 [ 0.  0.  0.  1.] 0 35.0895486832
2240 [ 0.  0.  1.  0.] -2 32.9358020782
2241 [ 0.  0.  1.  0.] -1 33.8668851852
2242 [ 0.  0.  1.  0.] -1 32.7681903839
2243 [ 0.  0.  1.  0.] -1 30.8065793991
2244 [ 0.  0.  1.  0.] -1 31.561113739
2245 [ 0.  0.  1.  0.] -1 31.4108606339
2246 [ 0.  0.  1.  0.] -1 29.0470840454
2247 [ 0.  0.  1.  0.] -1 28.5585757256
2248 [ 0.  0.  1.  0.] -1 29.0991205215
2249 [ 0.  0.  1.  0.] -1 29.0106487274
2250 [ 0.  0.  1.  0.] -1 27.9198360443
2251 [ 0.  0.  1.  0.] -1 30.4489196777
2252 [ 0.  0.  1.  0.] -1 30.7605405807
2253 [ 0.  0.  1.  0.] -1 30.5312705994
2254 [ 0.  0.  1.  0.] -1 28.3791986465
2255 [ 0.  0.  1.  0.] -1 27.5069072723
2256 [ 0.  0.  1.  0.] -1 27.3403390884
2257 [ 0.  0.  1.  0.] -1 27.1343349457
2258 [ 0.  0.  1.  0.] -1 25.3544421196
2259 [ 0.  0.  1.  0.] -1 26.8708873749
2260 [ 0.  0.  1.  0.] -1 26.9211662292
2261 [ 0.  0.  1.  0.] -1 27.6823976517
2262 [ 0.  0.  1.  0.] -1 25.55103302
2263 [ 0.  0.  1.  0.] 0 26.55103302
2264 [ 0.  1.  0.  0.] -2 20.44490242
2265 [ 0.  1.  0.  0.] -1 20.7960609436
2266 [ 0.  1.  0.  0.] -1 21.5783838272
2267 [ 0.  1.  0.  0.] -1 23.6080383301
2268 [ 0.  1.  0.  0.] -1 25.6498186111
2269 [ 0.  1.  0.  0.] -1 27.8576307297
2270 [ 0.  1.  0.  0.] -1 30.2763212204
2271 [ 0.  1.  0.  0.] -1 36.4260948181
2272 [ 0.  1.  0.  0.] -1 38.1592802048
2273 [ 0.  1.  0.  0.] -1 40.5259197235
2274 [ 0.  1.  0.  0.] -1 42.4468372345
2275 [ 0.  1.  0.  0.] -1 43.3128700256
2276 [ 0.  1.  0.  0.] -1 44.9365501404
2277 [ 0.  1.  0.  0.] -1 46.3920783997
2278 [ 0.  1.  0.  0.] -1 47.0752496719
2279 [ 0.  1.  0.  0.] -1 51.1883165359
2280 [ 0.  1.  0.  0.] -1 54.1745014191
2281 [ 0.  1.  0.  0.] -1 59.1142665863
2282 [ 0.  1.  0.  0.] -1 61.2080036163
2283 [ 0.  1.  0.  0.] -1 69.2998188019
2284 [ 0.  1.  0.  0.] -1 67.6719276428
2285 [ 0.  1.  0.  0.] -1 72.2125495911
2286 [ 0.  1.  0.  0.] -1 72.2303215027
2287 [ 0.  1.  0.  0.] -1 65.5133434296
2288 [ 0.  1.  0.  0.] -1 68.8615730286
2289 [ 0.  1.  0.  0.] -1 67.3030155182
2290 [ 0.  1.  0.  0.] -1 66.6670028687
2291 [ 0.  1.  0.  0.] -1 54.2300676346
2292 [ 0.  1.  0.  0.] -1 54.4455158234
2293 [ 0.  1.  0.  0.] -1 55.1950382233
2294 [ 0.  1.  0.  0.] -1 55.0661846161
2295 [ 0.  1.  0.  0.] -1 54.2169815063
2296 [ 0.  1.  0.  0.] -1 55.8533563614
2297 [ 0.  1.  0.  0.] -1 53.8034221649
2298 [ 0.  1.  0.  0.] -1 50.0605104446
2299 [ 0.  1.  0.  0.] -1 27.0675489426
2300 [ 0.  1.  0.  0.] -1 25.2488162994
2301 [ 0.  1.  0.  0.] -1 22.8189621925
2302 [ 0.  1.  0.  0.] -101 -101
