0 [ 0.  1.  0.  0.] -1 31.4411895752
1 [ 0.  1.  0.  0.] -1 31.2596435547
2 [ 0.  1.  0.  0.] -1 33.1491594315
3 [ 0.  1.  0.  0.] -1 37.0216060638
4 [ 0.  1.  0.  0.] -1 37.3107439041
5 [ 0.  1.  0.  0.] 9 48.4930145264
6 [ 0.  1.  0.  0.] 0 39.4930145264
7 [ 1.  0.  0.  0.] -2 46.2021390915
8 [ 1.  0.  0.  0.] -1 46.612100029
9 [ 1.  0.  0.  0.] 9 58.166544342
10 [ 1.  0.  0.  0.] -1 49.962061882
11 [ 1.  0.  0.  0.] -1 49.2743026733
12 [ 1.  0.  0.  0.] -1 50.3891494751
13 [ 1.  0.  0.  0.] 9 52.4384151459
14 [ 1.  0.  0.  0.] -1 43.3476093292
15 [ 1.  0.  0.  0.] -1 42.5882623672
16 [ 1.  0.  0.  0.] -1 43.9991397858
17 [ 1.  0.  0.  0.] 9 54.1003715515
18 [ 1.  0.  0.  0.] 0 45.1003715515
19 [ 0.  1.  0.  0.] -2 30.0283550262
20 [ 0.  1.  0.  0.] -1 30.5155099869
21 [ 0.  1.  0.  0.] 9 41.5134695053
22 [ 0.  1.  0.  0.] -1 35.2788751602
23 [ 0.  1.  0.  0.] -1 35.6374155045
24 [ 0.  1.  0.  0.] -1 37.5183534622
25 [ 0.  1.  0.  0.] 9 48.6973697662
26 [ 0.  1.  0.  0.] -1 42.0945590973
27 [ 0.  1.  0.  0.] -1 42.4265031815
28 [ 0.  1.  0.  0.] -1 42.0717607498
29 [ 0.  1.  0.  0.] 9 52.8922548294
30 [ 0.  1.  0.  0.] 0 43.8922548294
31 [ 1.  0.  0.  0.] -2 70.120381546
32 [ 1.  0.  0.  0.] -1 73.4767906189
33 [ 1.  0.  0.  0.] 9 96.6216995239
34 [ 1.  0.  0.  0.] -1 88.3385372162
35 [ 1.  0.  0.  0.] -1 88.7416957855
36 [ 1.  0.  0.  0.] -1 90.3661586761
37 [ 1.  0.  0.  0.] 9 107.774255371
38 [ 1.  0.  0.  0.] -1 102.431206512
39 [ 1.  0.  0.  0.] -1 66.9127799988
40 [ 1.  0.  0.  0.] -1 67.4416828156
41 [ 1.  0.  0.  0.] 9 75.7283676147
42 [ 1.  0.  0.  0.] 0 66.7283676147
43 [ 0.  0.  0.  1.] -2 30.0125654221
44 [ 0.  0.  0.  1.] -1 30.4332424164
45 [ 0.  0.  0.  1.] 9 37.5451581955
46 [ 0.  0.  0.  1.] -1 27.2637285233
47 [ 0.  0.  0.  1.] -1 27.207462883
48 [ 0.  0.  0.  1.] -1 26.8724275589
49 [ 0.  0.  0.  1.] 9 36.8639619827
50 [ 0.  0.  0.  1.] -1 26.8677127838
51 [ 0.  0.  0.  1.] -1 26.9081652641
52 [ 0.  0.  0.  1.] -1 26.8954107285
53 [ 0.  0.  0.  1.] 9 36.8905528069
54 [ 0.  0.  0.  1.] -1 27.0664200783
55 [ 0.  0.  0.  1.] -1 27.104524231
56 [ 0.  0.  0.  1.] -1 27.2378878593
57 [ 0.  0.  0.  1.] 9 37.4872871399
58 [ 0.  0.  0.  1.] -1 27.5260725975
59 [ 0.  0.  0.  1.] -1 27.6476511002
60 [ 0.  0.  0.  1.] -1 27.6765775681
61 [ 0.  0.  0.  1.] 9 37.775285244
62 [ 0.  0.  0.  1.] -1 28.4581521034
63 [ 0.  0.  0.  1.] -1 28.7706572533
64 [ 0.  0.  0.  1.] -1 28.9921882629
65 [ 0.  0.  0.  1.] 9 38.9427990913
66 [ 0.  0.  0.  1.] -1 29.141680336
67 [ 0.  0.  0.  1.] -1 29.2950989723
68 [ 0.  0.  0.  1.] -1 29.2776568413
69 [ 0.  0.  0.  1.] 9 39.8256380081
70 [ 0.  0.  0.  1.] -1 30.2359104156
71 [ 0.  0.  0.  1.] -1 30.5656076431
72 [ 0.  0.  0.  1.] -1 30.8647476196
73 [ 0.  0.  0.  1.] 9 41.5753522873
74 [ 0.  0.  0.  1.] -1 32.038038063
75 [ 0.  0.  0.  1.] -1 32.7168533325
76 [ 0.  0.  0.  1.] -1 33.7555606842
77 [ 0.  0.  0.  1.] 9 54.5744365692
78 [ 0.  0.  0.  1.] 0 45.5744365692
79 [ 0.  0.  1.  0.] -2 43.8110088348
80 [ 0.  0.  1.  0.] -1 45.1748872757
81 [ 0.  0.  1.  0.] 9 52.7251502991
82 [ 0.  0.  1.  0.] -1 38.3760837555
83 [ 0.  0.  1.  0.] -1 38.4679656982
84 [ 0.  0.  1.  0.] -1 39.2922576904
85 [ 0.  0.  1.  0.] 9 45.8085897446
86 [ 0.  0.  1.  0.] -1 32.4553590775
87 [ 0.  0.  1.  0.] -1 32.541087532
88 [ 0.  0.  1.  0.] -1 32.2356309891
89 [ 0.  0.  1.  0.] 9 41.7933734894
90 [ 0.  0.  1.  0.] 0 32.7933734894
91 [ 0.  1.  0.  0.] -2 25.3611553192
92 [ 0.  1.  0.  0.] -1 25.9992120743
93 [ 0.  1.  0.  0.] 9 35.940248394
94 [ 0.  1.  0.  0.] -1 25.998559761
95 [ 0.  1.  0.  0.] -1 25.8615703583
96 [ 0.  1.  0.  0.] -1 25.756631279
97 [ 0.  1.  0.  0.] 9 35.9164570808
98 [ 0.  1.  0.  0.] -1 25.3517132759
99 [ 0.  1.  0.  0.] -1 67.6575260162
100 [ 0.  1.  0.  0.] -1 67.7076381683
101 [ 0.  1.  0.  0.] 9 77.808587265
102 [ 0.  1.  0.  0.] 0 68.808587265
103 [ 0.  0.  1.  0.] -2 28.870854187
104 [ 0.  0.  1.  0.] -1 29.3981028557
105 [ 0.  0.  1.  0.] 9 41.0125219345
106 [ 0.  0.  1.  0.] -1 27.3459960937
107 [ 0.  0.  1.  0.] -1 27.2810963631
108 [ 0.  0.  1.  0.] -1 27.2703168869
109 [ 0.  0.  1.  0.] 9 38.4774641991
110 [ 0.  0.  1.  0.] -1 18.7004756927
111 [ 0.  0.  1.  0.] -1 18.5622613907
112 [ 0.  0.  1.  0.] -1 18.906144619
113 [ 0.  0.  1.  0.] 9 29.5393269539
114 [ 0.  0.  1.  0.] 0 20.5393269539
115 [ 0.  0.  0.  1.] -2 19.102802372
116 [ 0.  0.  0.  1.] -1 20.4993780136
117 [ 0.  0.  0.  1.] 9 31.5323033333
118 [ 0.  0.  0.  1.] -1 22.2064509392
119 [ 0.  0.  0.  1.] -1 23.5767001152
120 [ 0.  0.  0.  1.] -1 23.9849286079
121 [ 0.  0.  0.  1.] 9 36.0364229202
122 [ 0.  0.  0.  1.] -1 27.6139844894
123 [ 0.  0.  0.  1.] -1 30.3015403748
124 [ 0.  0.  0.  1.] -1 35.0386898041
125 [ 0.  0.  0.  1.] 9 56.2738792419
126 [ 0.  0.  0.  1.] 0 47.2738792419
127 [ 0.  0.  1.  0.] -2 40.3448953629
128 [ 0.  0.  1.  0.] -1 40.9270851135
129 [ 0.  0.  1.  0.] 9 51.9242835999
130 [ 0.  0.  1.  0.] -1 40.7766834259
131 [ 0.  0.  1.  0.] -1 40.6445610046
132 [ 0.  0.  1.  0.] -1 40.9969696045
133 [ 0.  0.  1.  0.] 9 50.5753070831
134 [ 0.  0.  1.  0.] -1 34.9050308228
135 [ 0.  0.  1.  0.] -1 34.9593757629
136 [ 0.  0.  1.  0.] -1 35.3035797119
137 [ 0.  0.  1.  0.] 9 45.0966043472
138 [ 0.  0.  1.  0.] 0 36.0966043472
139 [ 0.  0.  0.  1.] -2 41.7036891937
140 [ 0.  0.  0.  1.] -1 44.4690734863
141 [ 0.  0.  0.  1.] 9 55.5781690598
142 [ 0.  0.  0.  1.] -1 46.2072055817
143 [ 0.  0.  0.  1.] -1 46.4833297729
144 [ 0.  0.  0.  1.] -1 46.9286096573
145 [ 0.  0.  0.  1.] 9 59.7934642792
146 [ 0.  0.  0.  1.] -1 50.671191597
147 [ 0.  0.  0.  1.] -1 51.363835907
148 [ 0.  0.  0.  1.] -1 51.9190631866
149 [ 0.  0.  0.  1.] 9 66.8863994598
150 [ 0.  0.  0.  1.] -1 58.0483795166
151 [ 0.  0.  0.  1.] -1 59.8549682617
152 [ 0.  0.  0.  1.] -1 62.0179084778
153 [ 0.  0.  0.  1.] 9 82.4825637817
154 [ 0.  0.  0.  1.] -1 79.010414505
155 [ 0.  0.  0.  1.] -1 84.3790538788
156 [ 0.  0.  0.  1.] -1 91.3038951874
157 [ 0.  0.  0.  1.] 9 114.559864044
158 [ 0.  0.  0.  1.] -1 112.546511841
159 [ 0.  0.  0.  1.] -1 118.701333618
160 [ 0.  0.  0.  1.] -1 124.094963837
161 [ 0.  0.  0.  1.] 9 175.326494598
162 [ 0.  0.  0.  1.] 0 166.326494598
163 [ 0.  0.  1.  0.] -2 96.0074394226
164 [ 0.  0.  1.  0.] -1 95.32706604
165 [ 0.  0.  1.  0.] 9 101.486528397
166 [ 0.  0.  1.  0.] -1 66.4199718475
167 [ 0.  0.  1.  0.] -1 65.5109806061
168 [ 0.  0.  1.  0.] -1 63.4819892883
169 [ 0.  0.  1.  0.] 9 73.2382778168
170 [ 0.  0.  1.  0.] -1 46.7261823654
171 [ 0.  0.  1.  0.] -1 45.3041685104
172 [ 0.  0.  1.  0.] -1 44.1123161316
173 [ 0.  0.  1.  0.] 9 54.5887331009
174 [ 0.  0.  1.  0.] -1 43.69047966
175 [ 0.  0.  1.  0.] -1 43.9606641769
176 [ 0.  0.  1.  0.] -1 44.3797609329
177 [ 0.  0.  1.  0.] 9 53.6722185135
178 [ 0.  0.  1.  0.] -1 42.8379425049
179 [ 0.  0.  1.  0.] -1 43.6376930237
180 [ 0.  0.  1.  0.] -1 44.255799675
181 [ 0.  0.  1.  0.] 9 51.9612480164
182 [ 0.  0.  1.  0.] -1 40.6034942627
183 [ 0.  0.  1.  0.] -1 41.2716695786
184 [ 0.  0.  1.  0.] -1 41.1971572876
185 [ 0.  0.  1.  0.] 9 50.3088697433
186 [ 0.  0.  1.  0.] -1 42.0550579071
187 [ 0.  0.  1.  0.] -1 42.4120834351
188 [ 0.  0.  1.  0.] -1 42.0881881714
189 [ 0.  0.  1.  0.] 9 49.8002937317
190 [ 0.  0.  1.  0.] -1 38.7074516296
191 [ 0.  0.  1.  0.] -1 38.6970508575
192 [ 0.  0.  1.  0.] -1 38.3647407532
193 [ 0.  0.  1.  0.] 9 46.4433412552
194 [ 0.  0.  1.  0.] -1 43.4072198868
195 [ 0.  0.  1.  0.] -1 43.534529686
196 [ 0.  0.  1.  0.] -1 44.2136095047
197 [ 0.  0.  1.  0.] 9 52.5320402145
198 [ 0.  0.  1.  0.] 0 43.5320402145
199 [ 0.  1.  0.  0.] -2 41.6847141266
200 [ 0.  1.  0.  0.] -1 40.723367691
201 [ 0.  1.  0.  0.] -1 41.8053524017
202 [ 0.  1.  0.  0.] -1 45.3407089233
203 [ 0.  1.  0.  0.] -1 47.7433380127
204 [ 0.  1.  0.  0.] -1 50.5099180222
205 [ 0.  1.  0.  0.] -1 54.1358736038
206 [ 0.  1.  0.  0.] -1 58.2941820145
207 [ 0.  1.  0.  0.] -1 59.9297740936
208 [ 0.  1.  0.  0.] -1 61.7493873596
209 [ 0.  1.  0.  0.] -1 64.4946041107
210 [ 0.  1.  0.  0.] -1 63.9244026184
211 [ 0.  1.  0.  0.] -1 65.3537948608
212 [ 0.  1.  0.  0.] -1 67.8198867798
213 [ 0.  1.  0.  0.] -1 69.3501773834
214 [ 0.  1.  0.  0.] -1 81.1965770721
215 [ 0.  1.  0.  0.] -1 83.7997489929
216 [ 0.  1.  0.  0.] -1 91.2398960114
217 [ 0.  1.  0.  0.] -1 95.4986026764
218 [ 0.  1.  0.  0.] -1 105.258882904
219 [ 0.  1.  0.  0.] -1 106.032823563
220 [ 0.  1.  0.  0.] -1 117.191373444
221 [ 0.  1.  0.  0.] -1 121.023162842
222 [ 0.  1.  0.  0.] -1 129.998369598
223 [ 0.  1.  0.  0.] -1 136.614246368
224 [ 0.  1.  0.  0.] -1 136.696887207
225 [ 0.  1.  0.  0.] -1 136.340289307
226 [ 0.  1.  0.  0.] -1 110.923933411
227 [ 0.  1.  0.  0.] -1 112.527848434
228 [ 0.  1.  0.  0.] -1 116.631659698
229 [ 0.  1.  0.  0.] -1 117.707628632
230 [ 0.  1.  0.  0.] -1 125.606866455
231 [ 0.  1.  0.  0.] -1 128.347915649
232 [ 0.  1.  0.  0.] -1 126.015345001
233 [ 0.  1.  0.  0.] -1 118.421302795
234 [ 0.  1.  0.  0.] -1 66.7584354401
235 [ 0.  1.  0.  0.] -1 63.8671005249
236 [ 0.  1.  0.  0.] -1 58.9968465805
237 [ 0.  1.  0.  0.] -101 -101
238 [ 0.  1.  0.  0.] -2 21.1460920334
239 [ 0.  1.  0.  0.] -1 24.7545549393
240 [ 0.  1.  0.  0.] -1 25.9583555222
241 [ 0.  1.  0.  0.] -1 25.7564174652
242 [ 0.  1.  0.  0.] -1 25.5943665504
243 [ 0.  1.  0.  0.] 0 26.5943665504
244 [ 1.  0.  0.  0.] -2 27.701187706
245 [ 1.  0.  0.  0.] -1 28.8038328171
246 [ 1.  0.  0.  0.] -1 36.7838705063
247 [ 1.  0.  0.  0.] -1 37.2124620438
248 [ 1.  0.  0.  0.] -1 37.7272893906
249 [ 1.  0.  0.  0.] -1 39.074754715
250 [ 1.  0.  0.  0.] -1 37.5242677689
251 [ 1.  0.  0.  0.] -1 37.4273014069
252 [ 1.  0.  0.  0.] -1 37.4325706482
253 [ 1.  0.  0.  0.] -1 38.5290439606
254 [ 1.  0.  0.  0.] -1 37.6052705765
255 [ 1.  0.  0.  0.] 0 38.6052705765
256 [ 0.  1.  0.  0.] -2 23.8852205276
257 [ 0.  1.  0.  0.] -1 24.4653464317
258 [ 0.  1.  0.  0.] -1 24.5542168617
259 [ 0.  1.  0.  0.] -1 25.6587770462
260 [ 0.  1.  0.  0.] -1 26.0201332092
261 [ 0.  1.  0.  0.] -1 27.0172302246
262 [ 0.  1.  0.  0.] -1 27.657785511
263 [ 0.  1.  0.  0.] -1 31.7338933945
264 [ 0.  1.  0.  0.] -1 31.9111196518
265 [ 0.  1.  0.  0.] -1 31.63080616
266 [ 0.  1.  0.  0.] -1 32.4317489624
267 [ 0.  1.  0.  0.] 0 33.4317489624
268 [ 1.  0.  0.  0.] -2 45.851527977
269 [ 1.  0.  0.  0.] -1 48.7811429977
270 [ 1.  0.  0.  0.] -1 65.3807209015
271 [ 1.  0.  0.  0.] -1 66.7059314728
272 [ 1.  0.  0.  0.] -1 66.9169910431
273 [ 1.  0.  0.  0.] -1 68.7154258728
274 [ 1.  0.  0.  0.] -1 76.4259132385
275 [ 1.  0.  0.  0.] -1 46.3201862335
276 [ 1.  0.  0.  0.] -1 46.4489274979
277 [ 1.  0.  0.  0.] -1 47.1615036011
278 [ 1.  0.  0.  0.] -1 47.4461658478
279 [ 1.  0.  0.  0.] 0 48.4461658478
280 [ 0.  0.  0.  1.] -2 24.1707108498
281 [ 0.  0.  0.  1.] -1 24.6231881142
282 [ 0.  0.  0.  1.] -1 22.8558269501
283 [ 0.  0.  0.  1.] -1 23.1131282806
284 [ 0.  0.  0.  1.] -1 23.3178114891
285 [ 0.  0.  0.  1.] -1 23.411414814
286 [ 0.  0.  0.  1.] -1 23.2977274895
287 [ 0.  0.  0.  1.] -1 23.3141839027
288 [ 0.  0.  0.  1.] -1 23.345000267
289 [ 0.  0.  0.  1.] -1 23.3870527267
290 [ 0.  0.  0.  1.] -1 23.3667404175
291 [ 0.  0.  0.  1.] -1 23.5209237099
292 [ 0.  0.  0.  1.] -1 23.6044179916
293 [ 0.  0.  0.  1.] -1 23.7187558174
294 [ 0.  0.  0.  1.] -1 24.1822134972
295 [ 0.  0.  0.  1.] -1 24.4066835403
296 [ 0.  0.  0.  1.] -1 24.569423008
297 [ 0.  0.  0.  1.] -1 24.9230818748
298 [ 0.  0.  0.  1.] -1 24.9601060867
299 [ 0.  0.  0.  1.] -1 25.2661986351
300 [ 0.  0.  0.  1.] -1 25.6757969856
301 [ 0.  0.  0.  1.] -1 26.0156956673
302 [ 0.  0.  0.  1.] -1 27.0940038681
303 [ 0.  0.  0.  1.] -1 27.30490942
304 [ 0.  0.  0.  1.] -1 27.3463512421
305 [ 0.  0.  0.  1.] -1 27.4277001381
306 [ 0.  0.  0.  1.] -1 27.8485961914
307 [ 0.  0.  0.  1.] -1 27.8006076813
308 [ 0.  0.  0.  1.] -1 28.007965374
309 [ 0.  0.  0.  1.] -1 28.3686293602
310 [ 0.  0.  0.  1.] -1 28.2295416832
311 [ 0.  0.  0.  1.] -1 28.8164840698
312 [ 0.  0.  0.  1.] -1 29.5210330963
313 [ 0.  0.  0.  1.] -1 30.9122577667
314 [ 0.  0.  0.  1.] -1 39.2742139816
315 [ 0.  0.  0.  1.] 0 40.2742139816
316 [ 0.  0.  1.  0.] -2 38.7015443802
317 [ 0.  0.  1.  0.] -1 40.1719600677
318 [ 0.  0.  1.  0.] -1 37.6041543961
319 [ 0.  0.  1.  0.] -1 32.648077774
320 [ 0.  0.  1.  0.] -1 33.1896028519
321 [ 0.  0.  1.  0.] -1 33.91808815
322 [ 0.  0.  1.  0.] -1 30.5705652237
323 [ 0.  0.  1.  0.] -1 29.9417207718
324 [ 0.  0.  1.  0.] -1 30.1262493134
325 [ 0.  0.  1.  0.] -1 29.986034584
326 [ 0.  0.  1.  0.] -1 29.2876952171
327 [ 0.  0.  1.  0.] 0 30.2876952171
328 [ 0.  1.  0.  0.] -2 24.2755502701
329 [ 0.  1.  0.  0.] -1 25.1244799614
330 [ 0.  1.  0.  0.] -1 24.6833911896
331 [ 0.  1.  0.  0.] -1 24.9428705215
332 [ 0.  1.  0.  0.] -1 24.8666060448
333 [ 0.  1.  0.  0.] -1 24.7946450233
334 [ 0.  1.  0.  0.] -1 24.6247663498
335 [ 0.  1.  0.  0.] -1 87.8229488373
336 [ 0.  1.  0.  0.] -1 88.9255321503
337 [ 0.  1.  0.  0.] -1 87.552318573
338 [ 0.  1.  0.  0.] -1 86.7549381256
339 [ 0.  1.  0.  0.] 0 87.7549381256
340 [ 0.  0.  1.  0.] -2 23.1551787376
341 [ 0.  0.  1.  0.] -1 23.4002185822
342 [ 0.  0.  1.  0.] -1 24.4341278076
343 [ 0.  0.  1.  0.] -1 23.9038043976
344 [ 0.  0.  1.  0.] -1 23.6322753906
345 [ 0.  0.  1.  0.] -1 23.7633033752
346 [ 0.  0.  1.  0.] -1 24.8131091118
347 [ 0.  0.  1.  0.] -1 20.6576400757
348 [ 0.  0.  1.  0.] -1 20.7643422127
349 [ 0.  0.  1.  0.] -1 20.8218454361
350 [ 0.  0.  1.  0.] -1 23.0390236855
351 [ 0.  0.  1.  0.] 0 24.0390236855
352 [ 0.  0.  0.  1.] -2 24.1175255775
353 [ 0.  0.  0.  1.] -1 24.8904644012
354 [ 0.  0.  0.  1.] -1 24.5175097466
355 [ 0.  0.  0.  1.] -1 25.4266658783
356 [ 0.  0.  0.  1.] -1 26.1428858757
357 [ 0.  0.  0.  1.] -1 26.7375309944
358 [ 0.  0.  0.  1.] -1 30.3060268402
359 [ 0.  0.  0.  1.] -1 32.9204294205
360 [ 0.  0.  0.  1.] -1 37.4992986679
361 [ 0.  0.  0.  1.] -1 40.7691165924
362 [ 0.  0.  0.  1.] -1 48.933026886
363 [ 0.  0.  0.  1.] -1 50.9788188934
364 [ 0.  0.  0.  1.] -1 52.717791748
365 [ 0.  0.  0.  1.] -1 54.4529884338
366 [ 0.  0.  0.  1.] 9 65.670259285
367 [ 0.  0.  0.  1.] -1 56.4192163467
368 [ 0.  0.  0.  1.] -1 56.8872909546
369 [ 0.  0.  0.  1.] -1 58.1805635452
370 [ 0.  0.  0.  1.] 9 74.4266113281
371 [ 0.  0.  0.  1.] -1 68.3161884308
372 [ 0.  0.  0.  1.] -1 72.4458820343
373 [ 0.  0.  0.  1.] -1 75.0932155609
374 [ 0.  0.  0.  1.] 9 95.8532165527
375 [ 0.  0.  0.  1.] -1 92.2330646515
376 [ 0.  0.  0.  1.] -1 96.0751026154
377 [ 0.  0.  0.  1.] -1 103.91814003
378 [ 0.  0.  0.  1.] 9 144.267339325
379 [ 0.  0.  0.  1.] -1 148.538271332
380 [ 0.  0.  0.  1.] -1 161.017632294
381 [ 0.  0.  0.  1.] -1 175.324745941
382 [ 0.  0.  0.  1.] 9 218.096962738
383 [ 0.  0.  0.  1.] -1 220.651832581
384 [ 0.  0.  0.  1.] -1 219.568673706
385 [ 0.  0.  0.  1.] -1 226.00581665
386 [ 0.  0.  0.  1.] 9 304.196641541
387 [ 0.  0.  0.  1.] -1 315.429147339
388 [ 0.  0.  0.  1.] -1 326.211856079
389 [ 0.  0.  0.  1.] -1 333.542755127
390 [ 0.  0.  0.  1.] 9 388.39447937
391 [ 0.  0.  0.  1.] -1 402.127432251
392 [ 0.  0.  0.  1.] -1 404.58653717
393 [ 0.  0.  0.  1.] -1 420.258377075
394 [ 0.  0.  0.  1.] 9 528.244058228
395 [ 0.  0.  0.  1.] 0 519.244058228
396 [ 1.  0.  0.  0.] -2 478.467370605
397 [ 1.  0.  0.  0.] -1 489.181967163
398 [ 1.  0.  0.  0.] 9 587.451950073
399 [ 1.  0.  0.  0.] -1 583.185638428
400 [ 1.  0.  0.  0.] -1 589.583178711
401 [ 1.  0.  0.  0.] -1 607.550436401
402 [ 1.  0.  0.  0.] 9 608.998580933
403 [ 1.  0.  0.  0.] -1 613.337237549
404 [ 1.  0.  0.  0.] -1 622.789923096
405 [ 1.  0.  0.  0.] -1 615.519152832
406 [ 1.  0.  0.  0.] 9 550.560302734
407 [ 1.  0.  0.  0.] -1 533.849594116
408 [ 1.  0.  0.  0.] -1 538.904064941
409 [ 1.  0.  0.  0.] -1 545.813482666
410 [ 1.  0.  0.  0.] 49 1871.2753418
411 [ 1.  0.  0.  0.] -1 1873.86141357
412 [ 1.  0.  0.  0.] -1 1882.30866699
413 [ 1.  0.  0.  0.] -1 1895.09238281
414 [ 1.  0.  0.  0.] 9 1892.03510132
415 [ 1.  0.  0.  0.] -1 1911.96056519
416 [ 1.  0.  0.  0.] -1 1911.28876953
417 [ 1.  0.  0.  0.] -1 1917.78546143
418 [ 1.  0.  0.  0.] 9 1924.86077881
419 [ 1.  0.  0.  0.] 0 1915.86077881
420 [ 0.  1.  0.  0.] -2 1229.62095947
421 [ 0.  1.  0.  0.] -1 1212.57177124
422 [ 0.  1.  0.  0.] 9 1207.22484131
423 [ 0.  1.  0.  0.] -1 1251.2229248
424 [ 0.  1.  0.  0.] -1 1238.53604126
425 [ 0.  1.  0.  0.] -1 1220.34838867
426 [ 0.  1.  0.  0.] 9 1210.70245361
427 [ 0.  1.  0.  0.] -1 987.503527832
428 [ 0.  1.  0.  0.] -1 991.146740723
429 [ 0.  1.  0.  0.] -1 961.237976074
430 [ 0.  1.  0.  0.] 9 968.893649292
431 [ 0.  1.  0.  0.] -1 925.551745605
432 [ 0.  1.  0.  0.] -1 924.51036377
433 [ 0.  1.  0.  0.] -1 921.71121521
434 [ 0.  1.  0.  0.] 9 912.991564941
435 [ 0.  1.  0.  0.] -1 820.176428223
436 [ 0.  1.  0.  0.] -1 820.003811646
437 [ 0.  1.  0.  0.] -1 802.158087158
438 [ 0.  1.  0.  0.] 9 782.026318359
439 [ 0.  1.  0.  0.] -1 684.217941284
440 [ 0.  1.  0.  0.] -1 682.705212402
441 [ 0.  1.  0.  0.] -1 674.671148682
442 [ 0.  1.  0.  0.] 9 685.348394775
443 [ 0.  1.  0.  0.] -1 632.413601685
444 [ 0.  1.  0.  0.] -1 604.307946777
445 [ 0.  1.  0.  0.] -1 606.916967773
446 [ 0.  1.  0.  0.] 9 620.186187744
447 [ 0.  1.  0.  0.] -1 647.716812134
448 [ 0.  1.  0.  0.] -1 621.355471802
449 [ 0.  1.  0.  0.] -1 619.296655273
450 [ 0.  1.  0.  0.] -1 586.925161743
451 [ 0.  1.  0.  0.] 0 587.925161743
452 [ 0.  0.  1.  0.] -2 473.738505554
453 [ 0.  0.  1.  0.] -1 478.873823547
454 [ 0.  0.  1.  0.] -1 466.266116333
455 [ 0.  0.  1.  0.] -1 420.93513031
456 [ 0.  0.  1.  0.] -1 416.777778625
457 [ 0.  0.  1.  0.] -1 423.554907227
458 [ 0.  0.  1.  0.] -1 402.927661133
459 [ 0.  0.  1.  0.] -1 370.371287537
460 [ 0.  0.  1.  0.] -1 368.765234375
461 [ 0.  0.  1.  0.] -1 364.883158875
462 [ 0.  0.  1.  0.] -1 360.367179871
463 [ 0.  0.  1.  0.] 0 361.367179871
464 [ 0.  1.  0.  0.] -2 344.759596252
465 [ 0.  1.  0.  0.] -1 341.555422974
466 [ 0.  1.  0.  0.] -1 335.744906616
467 [ 0.  1.  0.  0.] -1 349.180036926
468 [ 0.  1.  0.  0.] -1 347.425227356
469 [ 0.  1.  0.  0.] -1 346.434841919
470 [ 0.  1.  0.  0.] -1 349.819448853
471 [ 0.  1.  0.  0.] -1 360.356829834
472 [ 0.  1.  0.  0.] -1 360.207058716
473 [ 0.  1.  0.  0.] -1 356.426164246
474 [ 0.  1.  0.  0.] -1 352.053230286
475 [ 0.  1.  0.  0.] 0 353.053230286
476 [ 0.  0.  1.  0.] -2 194.684355164
477 [ 0.  0.  1.  0.] -1 189.544348145
478 [ 0.  0.  1.  0.] -1 189.596446228
479 [ 0.  0.  1.  0.] -1 181.034501648
480 [ 0.  0.  1.  0.] -1 179.184889221
481 [ 0.  0.  1.  0.] -1 178.230888367
482 [ 0.  0.  1.  0.] -1 178.188835907
483 [ 0.  0.  1.  0.] -1 99.2697704315
484 [ 0.  0.  1.  0.] -1 100.480094147
485 [ 0.  0.  1.  0.] -1 99.6735523224
486 [ 0.  0.  1.  0.] -1 107.455960846
487 [ 0.  0.  1.  0.] 0 108.455960846
488 [ 0.  0.  0.  1.] -2 142.56286087
489 [ 0.  0.  0.  1.] -1 142.839358521
490 [ 0.  0.  0.  1.] -1 146.676148987
491 [ 0.  0.  0.  1.] -1 157.973025513
492 [ 0.  0.  0.  1.] -1 162.433050537
493 [ 0.  0.  0.  1.] -1 169.828572083
494 [ 0.  0.  0.  1.] -1 189.668374634
495 [ 0.  0.  0.  1.] -1 202.862641907
496 [ 0.  0.  0.  1.] -1 223.142784882
497 [ 0.  0.  0.  1.] -1 237.925202942
498 [ 0.  0.  0.  1.] -1 256.885977173
499 [ 0.  0.  0.  1.] -1 269.619914246
500 [ 0.  0.  0.  1.] -1 274.181381226
501 [ 0.  0.  0.  1.] -1 279.356515503
502 [ 0.  0.  0.  1.] -1 270.543734741
503 [ 0.  0.  0.  1.] -1 272.268798828
504 [ 0.  0.  0.  1.] -1 277.214086914
505 [ 0.  0.  0.  1.] -1 282.555807495
506 [ 0.  0.  0.  1.] -1 319.50949707
507 [ 0.  0.  0.  1.] -1 343.779463196
508 [ 0.  0.  0.  1.] -1 361.219419861
509 [ 0.  0.  0.  1.] -1 376.297219849
510 [ 0.  0.  0.  1.] -1 388.463499451
511 [ 0.  0.  0.  1.] -1 408.117059326
512 [ 0.  0.  0.  1.] -1 427.26436615
513 [ 0.  0.  0.  1.] -1 450.296734619
514 [ 0.  0.  0.  1.] -1 490.268981934
515 [ 0.  0.  0.  1.] -1 531.747406006
516 [ 0.  0.  0.  1.] -1 553.599261475
517 [ 0.  0.  0.  1.] -1 584.380038452
518 [ 0.  0.  0.  1.] -1 609.204760742
519 [ 0.  0.  0.  1.] -1 626.535998535
520 [ 0.  0.  0.  1.] -1 629.655505371
521 [ 0.  0.  0.  1.] -1 644.817932129
522 [ 0.  0.  0.  1.] -1 783.036380005
523 [ 0.  0.  0.  1.] -1 817.492376709
524 [ 0.  0.  0.  1.] -1 834.69390564
525 [ 0.  0.  0.  1.] -1 860.31421814
526 [ 0.  0.  0.  1.] -1 910.697964478
527 [ 0.  0.  0.  1.] -1 950.495391846
528 [ 0.  0.  0.  1.] -1 976.174847412
529 [ 0.  0.  0.  1.] -1 1004.59552612
530 [ 0.  0.  0.  1.] -1 1186.41209717
531 [ 0.  0.  0.  1.] 0 1187.41209717
532 [ 1.  0.  0.  0.] -2 1255.43586426
533 [ 1.  0.  0.  0.] -1 1271.12955322
534 [ 1.  0.  0.  0.] -1 1483.30994263
535 [ 1.  0.  0.  0.] -1 1540.14411011
536 [ 1.  0.  0.  0.] -1 1528.321875
537 [ 1.  0.  0.  0.] -1 1567.72727661
538 [ 1.  0.  0.  0.] -1 1615.72836914
539 [ 1.  0.  0.  0.] -1 1649.43516235
540 [ 1.  0.  0.  0.] -1 1662.84034424
541 [ 1.  0.  0.  0.] -1 1699.78968506
542 [ 1.  0.  0.  0.] -1 1635.25810547
543 [ 1.  0.  0.  0.] -1 1674.855896
544 [ 1.  0.  0.  0.] -1 1677.21442871
545 [ 1.  0.  0.  0.] -1 1725.58974609
546 [ 1.  0.  0.  0.] -1 1759.85561523
547 [ 1.  0.  0.  0.] -1 1825.68115234
548 [ 1.  0.  0.  0.] -1 1829.28760376
549 [ 1.  0.  0.  0.] -1 1856.28061523
550 [ 1.  0.  0.  0.] -1 1826.94449463
551 [ 1.  0.  0.  0.] -1 1866.13013916
552 [ 1.  0.  0.  0.] -1 1864.22897949
553 [ 1.  0.  0.  0.] -1 1872.18615723
554 [ 1.  0.  0.  0.] -1 1858.27246094
555 [ 1.  0.  0.  0.] 0 1859.27246094
556 [ 0.  1.  0.  0.] -2 1177.24641113
557 [ 0.  1.  0.  0.] -1 1159.48379517
558 [ 0.  1.  0.  0.] -1 1130.76044312
559 [ 0.  1.  0.  0.] -1 1183.3555603
560 [ 0.  1.  0.  0.] -1 1157.10079346
561 [ 0.  1.  0.  0.] -1 1155.89705811
562 [ 0.  1.  0.  0.] -1 1122.65795898
563 [ 0.  1.  0.  0.] -1 959.892993164
564 [ 0.  1.  0.  0.] -1 948.028662109
565 [ 0.  1.  0.  0.] -1 931.737298584
566 [ 0.  1.  0.  0.] -1 894.235723877
567 [ 0.  1.  0.  0.] -1 885.336547852
568 [ 0.  1.  0.  0.] -1 875.314349365
569 [ 0.  1.  0.  0.] -1 872.009063721
570 [ 0.  1.  0.  0.] -1 844.642349243
571 [ 0.  1.  0.  0.] -1 809.911975098
572 [ 0.  1.  0.  0.] -1 790.859558105
573 [ 0.  1.  0.  0.] -1 780.029129028
574 [ 0.  1.  0.  0.] -1 757.993002319
575 [ 0.  1.  0.  0.] 0 758.993002319
576 [ 0.  0.  1.  0.] -2 731.437399292
577 [ 0.  0.  1.  0.] -1 726.092681885
578 [ 0.  0.  1.  0.] 9 719.152832031
579 [ 0.  0.  1.  0.] -1 672.483609009
580 [ 0.  0.  1.  0.] -1 673.567376709
581 [ 0.  0.  1.  0.] -1 677.32354126
582 [ 0.  0.  1.  0.] 9 659.392590332
583 [ 0.  0.  1.  0.] -1 581.692449951
584 [ 0.  0.  1.  0.] -1 578.988568115
585 [ 0.  0.  1.  0.] -1 566.103961182
586 [ 0.  0.  1.  0.] 9 563.868362427
587 [ 0.  0.  1.  0.] -1 489.872723389
588 [ 0.  0.  1.  0.] -1 485.15243988
589 [ 0.  0.  1.  0.] -1 478.332867432
590 [ 0.  0.  1.  0.] 9 463.421170044
591 [ 0.  0.  1.  0.] -1 462.371835327
592 [ 0.  0.  1.  0.] -1 460.653613281
593 [ 0.  0.  1.  0.] -1 450.371881104
594 [ 0.  0.  1.  0.] 9 446.725024414
595 [ 0.  0.  1.  0.] -1 306.519940186
596 [ 0.  0.  1.  0.] -1 305.967445374
597 [ 0.  0.  1.  0.] -1 304.764376831
598 [ 0.  0.  1.  0.] -1 288.034136963
599 [ 0.  0.  1.  0.] 0 289.034136963
600 [ 0.  1.  0.  0.] -2 378.151075745
601 [ 0.  1.  0.  0.] -1 374.745062256
602 [ 0.  1.  0.  0.] -1 372.249659729
603 [ 0.  1.  0.  0.] -1 410.397575378
604 [ 0.  1.  0.  0.] -1 412.154733276
605 [ 0.  1.  0.  0.] -1 423.861697388
606 [ 0.  1.  0.  0.] -1 401.394145203
607 [ 0.  1.  0.  0.] -1 395.379150391
608 [ 0.  1.  0.  0.] -1 361.365596008
609 [ 0.  1.  0.  0.] -1 67.4745304108
610 [ 0.  1.  0.  0.] -1 61.9061019897
611 [ 0.  1.  0.  0.] -1 34.9749588013
612 [ 0.  1.  0.  0.] -1 35.1031238556
613 [ 0.  1.  0.  0.] -1 34.4602800369
614 [ 0.  1.  0.  0.] -1 32.5324588776
615 [ 0.  1.  0.  0.] -1 33.2774187088
616 [ 0.  1.  0.  0.] -1 34.5194484711
617 [ 0.  1.  0.  0.] -1 36.1592878342
618 [ 0.  1.  0.  0.] -1 34.8282390594
619 [ 0.  1.  0.  0.] -1 39.4740755081
620 [ 0.  1.  0.  0.] -1 40.3675888062
621 [ 0.  1.  0.  0.] -1 41.536501503
622 [ 0.  1.  0.  0.] -1 39.5827835083
623 [ 0.  1.  0.  0.] 0 40.5827835083
624 [ 1.  0.  0.  0.] -2 74.6492763519
625 [ 1.  0.  0.  0.] -1 75.7045200348
626 [ 1.  0.  0.  0.] -1 95.6810764313
627 [ 1.  0.  0.  0.] -1 95.878988266
628 [ 1.  0.  0.  0.] -1 95.7519901276
629 [ 1.  0.  0.  0.] -1 96.6945320129
630 [ 1.  0.  0.  0.] -1 85.6595882416
631 [ 1.  0.  0.  0.] -1 82.9279975891
632 [ 1.  0.  0.  0.] -1 82.684344101
633 [ 1.  0.  0.  0.] -1 86.7448272705
634 [ 1.  0.  0.  0.] -1 109.083772278
635 [ 1.  0.  0.  0.] 0 110.083772278
636 [ 0.  0.  0.  1.] -2 38.2811466217
637 [ 0.  0.  0.  1.] -1 38.5659395218
638 [ 0.  0.  0.  1.] -1 46.1173168182
639 [ 0.  0.  0.  1.] -1 50.5665786743
640 [ 0.  0.  0.  1.] -1 52.8398866653
641 [ 0.  0.  0.  1.] -1 56.3802406311
642 [ 0.  0.  0.  1.] -1 66.4907913208
643 [ 0.  0.  0.  1.] -1 74.175396347
644 [ 0.  0.  0.  1.] -1 77.9591320038
645 [ 0.  0.  0.  1.] -1 83.6248348236
646 [ 0.  0.  0.  1.] -1 110.401945114
647 [ 0.  0.  0.  1.] 0 111.401945114
648 [ 1.  0.  0.  0.] -2 173.879911804
649 [ 1.  0.  0.  0.] -1 183.30118866
650 [ 1.  0.  0.  0.] -1 220.250022125
651 [ 1.  0.  0.  0.] -1 231.159714508
652 [ 1.  0.  0.  0.] -1 239.075506592
653 [ 1.  0.  0.  0.] -1 253.57953186
654 [ 1.  0.  0.  0.] -1 303.579051208
655 [ 1.  0.  0.  0.] -1 311.109007263
656 [ 1.  0.  0.  0.] -1 312.652322388
657 [ 1.  0.  0.  0.] -1 316.80144043
658 [ 1.  0.  0.  0.] -1 313.702198792
659 [ 1.  0.  0.  0.] 0 314.702198792
660 [ 0.  0.  0.  1.] -2 161.370167542
661 [ 0.  0.  0.  1.] -1 169.658825684
662 [ 0.  0.  0.  1.] -1 165.965283203
663 [ 0.  0.  0.  1.] -1 169.591956329
664 [ 0.  0.  0.  1.] -1 172.606614685
665 [ 0.  0.  0.  1.] -1 175.765071869
666 [ 0.  0.  0.  1.] -1 197.718876648
667 [ 0.  0.  0.  1.] -1 211.622889709
668 [ 0.  0.  0.  1.] -1 225.212995148
669 [ 0.  0.  0.  1.] -1 233.785855103
670 [ 0.  0.  0.  1.] -1 252.780926514
671 [ 0.  0.  0.  1.] 0 253.780926514
672 [ 0.  0.  1.  0.] -2 253.49932251
673 [ 0.  0.  1.  0.] -1 250.703787231
674 [ 0.  0.  1.  0.] -1 236.502507782
675 [ 0.  0.  1.  0.] -1 216.661255646
676 [ 0.  0.  1.  0.] -1 218.369678497
677 [ 0.  0.  1.  0.] -1 220.973292542
678 [ 0.  0.  1.  0.] -1 200.131536865
679 [ 0.  0.  1.  0.] -1 173.293312073
680 [ 0.  0.  1.  0.] -1 174.397779846
681 [ 0.  0.  1.  0.] -1 165.230749512
682 [ 0.  0.  1.  0.] -1 156.793947601
683 [ 0.  0.  1.  0.] -1 150.344961548
684 [ 0.  0.  1.  0.] -1 148.300061035
685 [ 0.  0.  1.  0.] -1 144.952331543
686 [ 0.  0.  1.  0.] -1 132.788690186
687 [ 0.  0.  1.  0.] -1 133.019464111
688 [ 0.  0.  1.  0.] -1 132.4453125
689 [ 0.  0.  1.  0.] -1 127.881352234
690 [ 0.  0.  1.  0.] -1 118.984227371
691 [ 0.  0.  1.  0.] -1 71.8567127228
692 [ 0.  0.  1.  0.] -1 71.8018096924
693 [ 0.  0.  1.  0.] -1 72.1398963928
694 [ 0.  0.  1.  0.] -1 64.6997421265
695 [ 0.  0.  1.  0.] 0 65.6997421265
696 [ 0.  0.  0.  1.] -2 105.390646362
697 [ 0.  0.  0.  1.] -1 113.683174896
698 [ 0.  0.  0.  1.] -1 134.205891418
699 [ 0.  0.  0.  1.] -1 154.239054108
700 [ 0.  0.  0.  1.] -1 163.496987915
701 [ 0.  0.  0.  1.] -1 182.857253265
702 [ 0.  0.  0.  1.] -1 201.579831696
703 [ 0.  0.  0.  1.] -1 217.877718353
704 [ 0.  0.  0.  1.] -1 217.221186829
705 [ 0.  0.  0.  1.] -1 225.017721558
706 [ 0.  0.  0.  1.] -1 310.244329834
707 [ 0.  0.  0.  1.] 0 311.244329834
708 [ 0.  0.  1.  0.] -2 207.419321442
709 [ 0.  0.  1.  0.] -1 198.878878021
710 [ 0.  0.  1.  0.] 9 197.207675171
711 [ 0.  0.  1.  0.] -1 178.349536896
712 [ 0.  0.  1.  0.] -1 168.504492188
713 [ 0.  0.  1.  0.] -1 162.212322235
714 [ 0.  0.  1.  0.] 9 158.28052063
715 [ 0.  0.  1.  0.] -1 143.263565063
716 [ 0.  0.  1.  0.] -1 137.352766418
717 [ 0.  0.  1.  0.] -1 135.482772827
718 [ 0.  0.  1.  0.] -1 126.025984955
719 [ 0.  0.  1.  0.] -1 75.8873924255
720 [ 0.  0.  1.  0.] -1 74.6915283203
721 [ 0.  0.  1.  0.] -1 75.3616207123
722 [ 0.  0.  1.  0.] -1 69.6572212219
723 [ 0.  0.  1.  0.] -1 52.813609314
724 [ 0.  0.  1.  0.] -1 50.9451377869
725 [ 0.  0.  1.  0.] -1 49.9983703613
726 [ 0.  0.  1.  0.] -1 48.512871933
727 [ 0.  0.  1.  0.] -1 44.9008831024
728 [ 0.  0.  1.  0.] -1 45.2303411484
729 [ 0.  0.  1.  0.] -1 44.1831790924
730 [ 0.  0.  1.  0.] -1 42.5177001953
731 [ 0.  0.  1.  0.] 0 43.5177001953
732 [ 0.  0.  0.  1.] -2 44.4012073517
733 [ 0.  0.  0.  1.] -1 46.8748771667
734 [ 0.  0.  0.  1.] -1 53.1674203873
735 [ 0.  0.  0.  1.] -1 55.3220870972
736 [ 0.  0.  0.  1.] -1 56.6559371948
737 [ 0.  0.  0.  1.] -1 58.8388381958
738 [ 0.  0.  0.  1.] -1 72.3036125183
739 [ 0.  0.  0.  1.] -1 73.9966770172
740 [ 0.  0.  0.  1.] -1 74.0300609589
741 [ 0.  0.  0.  1.] -1 77.6812465668
742 [ 0.  0.  0.  1.] -1 84.4942886353
743 [ 0.  0.  0.  1.] -1 34.0958362579
744 [ 0.  0.  0.  1.] -1 31.8261957169
745 [ 0.  0.  0.  1.] -1 30.4662712097
746 [ 0.  0.  0.  1.] -1 28.317848587
747 [ 0.  0.  0.  1.] -1 25.1962815285
748 [ 0.  0.  0.  1.] -1 23.4202337265
749 [ 0.  0.  0.  1.] -1 22.7088933945
750 [ 0.  0.  0.  1.] -1 21.7696112633
751 [ 0.  0.  0.  1.] -1 19.5731620789
752 [ 0.  0.  0.  1.] -1 19.8307768822
753 [ 0.  0.  0.  1.] -1 20.0940559387
754 [ 0.  0.  0.  1.] -1 20.0758545876
755 [ 0.  0.  0.  1.] 9 32.0198313713
756 [ 0.  0.  0.  1.] 0 23.0198313713
757 [ 0.  0.  1.  0.] -2 20.5062959671
758 [ 0.  0.  1.  0.] -1 21.8737168312
759 [ 0.  0.  1.  0.] 9 32.7770673752
760 [ 0.  0.  1.  0.] -1 21.2499839783
761 [ 0.  0.  1.  0.] -1 19.9207671165
762 [ 0.  0.  1.  0.] -1 20.5950741768
763 [ 0.  0.  1.  0.] 9 33.7088406563
764 [ 0.  0.  1.  0.] -1 23.3299825668
765 [ 0.  0.  1.  0.] -1 22.2360224724
766 [ 0.  0.  1.  0.] -1 22.7950476646
767 [ 0.  0.  1.  0.] 9 33.5222700119
768 [ 0.  0.  1.  0.] -1 20.6051995277
769 [ 0.  0.  1.  0.] -1 21.085287571
770 [ 0.  0.  1.  0.] -1 22.3740610123
771 [ 0.  0.  1.  0.] 9 34.5509498596
772 [ 0.  0.  1.  0.] -1 26.7338943481
773 [ 0.  0.  1.  0.] -1 27.142206192
774 [ 0.  0.  1.  0.] -1 28.7672199249
775 [ 0.  0.  1.  0.] 9 41.0505373001
776 [ 0.  0.  1.  0.] -1 45.6679309845
777 [ 0.  0.  1.  0.] -1 43.571254921
778 [ 0.  0.  1.  0.] -1 42.8540655136
779 [ 0.  0.  1.  0.] 9 62.1939008713
780 [ 0.  0.  1.  0.] 0 53.1939008713
781 [ 0.  0.  0.  1.] -2 31.3502895355
782 [ 0.  0.  0.  1.] -1 33.2974048615
783 [ 0.  0.  0.  1.] -1 40.3541294098
784 [ 0.  0.  0.  1.] -1 39.3430837631
785 [ 0.  0.  0.  1.] -1 43.4308698654
786 [ 0.  0.  0.  1.] -1 43.8112663269
787 [ 0.  0.  0.  1.] -1 54.9214725494
788 [ 0.  0.  0.  1.] -1 54.2930883408
789 [ 0.  0.  0.  1.] -1 59.0518293381
790 [ 0.  0.  0.  1.] -1 60.6869358063
791 [ 0.  0.  0.  1.] -1 66.800176239
792 [ 0.  0.  0.  1.] -1 65.821554184
793 [ 0.  0.  0.  1.] -1 65.7588668823
794 [ 0.  0.  0.  1.] -1 67.4295280457
795 [ 0.  0.  0.  1.] -1 66.3306339264
796 [ 0.  0.  0.  1.] -1 67.0882232666
797 [ 0.  0.  0.  1.] -1 68.3195007324
798 [ 0.  0.  0.  1.] -1 71.4740440369
799 [ 0.  0.  0.  1.] -1 90.6215320587
800 [ 0.  0.  0.  1.] -1 94.6334758759
801 [ 0.  0.  0.  1.] -1 103.122738266
802 [ 0.  0.  0.  1.] -1 107.753190994
803 [ 0.  0.  0.  1.] -1 95.6174976349
804 [ 0.  0.  0.  1.] -1 101.711864471
805 [ 0.  0.  0.  1.] -1 106.261154938
806 [ 0.  0.  0.  1.] -1 111.554785538
807 [ 0.  0.  0.  1.] -1 92.7324176788
808 [ 0.  0.  0.  1.] -1 93.7091770172
809 [ 0.  0.  0.  1.] -1 99.2399162292
810 [ 0.  0.  0.  1.] -1 97.4764308929
811 [ 0.  0.  0.  1.] -1 93.4864265442
812 [ 0.  0.  0.  1.] -1 94.0322822571
813 [ 0.  0.  0.  1.] -1 98.2860313416
814 [ 0.  0.  0.  1.] -1 97.1509410858
815 [ 0.  0.  0.  1.] -1 40.5871175766
816 [ 0.  0.  0.  1.] -1 37.8576686859
817 [ 0.  0.  0.  1.] -1 37.8822753906
818 [ 0.  0.  0.  1.] -1 34.7053939819
819 [ 0.  0.  0.  1.] 0 35.7053939819
820 [ 0.  1.  0.  0.] -102 -85.6726831436
821 [ 0.  1.  0.  0.] -1 15.4391559601
822 [ 0.  1.  0.  0.] -1 15.9862365723
823 [ 0.  1.  0.  0.] -1 16.1413784027
824 [ 0.  1.  0.  0.] -1 16.0516998291
825 [ 0.  1.  0.  0.] -1 15.9971664429
826 [ 0.  1.  0.  0.] -1 15.3294821739
827 [ 0.  1.  0.  0.] -1 15.4729403496
828 [ 0.  1.  0.  0.] -1 15.6159056664
829 [ 0.  1.  0.  0.] 9 25.7377052307
830 [ 0.  1.  0.  0.] -1 15.0172977448
831 [ 0.  1.  0.  0.] -1 14.702851963
832 [ 0.  1.  0.  0.] -1 15.0746505737
833 [ 0.  1.  0.  0.] 9 25.9295233727
834 [ 0.  1.  0.  0.] -1 15.332558918
835 [ 0.  1.  0.  0.] -1 15.4379962921
836 [ 0.  1.  0.  0.] -1 15.2304374695
837 [ 0.  1.  0.  0.] 9 25.1213380814
838 [ 0.  1.  0.  0.] 0 16.1213380814
839 [ 0.  0.  1.  0.] -2 10.8455043793
840 [ 0.  0.  1.  0.] -1 11.6520699501
841 [ 0.  0.  1.  0.] 9 21.7105607033
842 [ 0.  0.  1.  0.] -1 10.341782856
843 [ 0.  0.  1.  0.] -1 10.2790239811
844 [ 0.  0.  1.  0.] -1 10.0943686008
845 [ 0.  0.  1.  0.] 9 20.4108220577
846 [ 0.  0.  1.  0.] -1 8.9641661644
847 [ 0.  0.  1.  0.] -1 9.11461496353
848 [ 0.  0.  1.  0.] -1 9.04684867859
849 [ 0.  0.  1.  0.] 9 19.2845190048
850 [ 0.  0.  1.  0.] 0 10.2845190048
851 [ 0.  0.  0.  1.] -2 10.3634430885
852 [ 0.  0.  0.  1.] -1 11.7439654827
853 [ 0.  0.  0.  1.] -1 11.4741578579
854 [ 0.  0.  0.  1.] -1 11.8476977825
855 [ 0.  0.  0.  1.] -1 11.8742387772
856 [ 0.  0.  0.  1.] -1 11.9768866062
857 [ 0.  0.  0.  1.] -1 12.8358327389
858 [ 0.  0.  0.  1.] -1 12.8065121651
859 [ 0.  0.  0.  1.] -1 12.9852867603
860 [ 0.  0.  0.  1.] -1 12.9453814983
861 [ 0.  0.  0.  1.] -1 12.2428646088
862 [ 0.  0.  0.  1.] 0 13.2428646088
863 [ 0.  0.  1.  0.] -2 11.1874071121
864 [ 0.  0.  1.  0.] -1 12.1621363163
865 [ 0.  0.  1.  0.] -1 12.5768643856
866 [ 0.  0.  1.  0.] -1 9.02948718071
867 [ 0.  0.  1.  0.] -1 9.14005789757
868 [ 0.  0.  1.  0.] -1 8.87782616615
869 [ 0.  0.  1.  0.] -1 8.63405218124
870 [ 0.  0.  1.  0.] -1 5.50451648235
871 [ 0.  0.  1.  0.] -1 5.24349968433
872 [ 0.  0.  1.  0.] -1 5.41694071293
873 [ 0.  0.  1.  0.] -1 5.09798264503
874 [ 0.  0.  1.  0.] 0 6.09798264503
875 [ 0.  1.  0.  0.] -2 6.10142865181
876 [ 0.  1.  0.  0.] -1 6.97395033836
877 [ 0.  1.  0.  0.] -1 6.41642818451
878 [ 0.  1.  0.  0.] -1 8.21026329994
879 [ 0.  1.  0.  0.] -1 8.04276919365
880 [ 0.  1.  0.  0.] -1 8.22100834846
881 [ 0.  1.  0.  0.] -1 7.60076174736
882 [ 0.  1.  0.  0.] -1 7.68141303062
883 [ 0.  1.  0.  0.] -1 7.44602851868
884 [ 0.  1.  0.  0.] -1 7.47848744392
885 [ 0.  1.  0.  0.] -1 7.34904313087
886 [ 0.  1.  0.  0.] 0 8.34904313087
887 [ 0.  0.  1.  0.] -2 2.4335293293
888 [ 0.  0.  1.  0.] -1 3.67976760864
889 [ 0.  0.  1.  0.] -1 3.72799122334
890 [ 0.  0.  1.  0.] -1 6.05768671036
891 [ 0.  0.  1.  0.] -1 5.85378627777
892 [ 0.  0.  1.  0.] -1 5.94185490608
893 [ 0.  0.  1.  0.] -1 6.22085018158
894 [ 0.  0.  1.  0.] -1 4.53094215393
895 [ 0.  0.  1.  0.] -1 4.30578808784
896 [ 0.  0.  1.  0.] -1 4.42409777641
897 [ 0.  0.  1.  0.] -1 4.7445412159
898 [ 0.  0.  1.  0.] -1 6.2568778038
899 [ 0.  0.  1.  0.] -1 6.14819562435
900 [ 0.  0.  1.  0.] -1 6.25394692421
901 [ 0.  0.  1.  0.] -1 6.97383165359
902 [ 0.  0.  1.  0.] -1 7.86597690582
903 [ 0.  0.  1.  0.] -1 7.91660275459
904 [ 0.  0.  1.  0.] -1 7.97340655327
905 [ 0.  0.  1.  0.] -1 8.40751829147
906 [ 0.  0.  1.  0.] -1 7.86958456039
907 [ 0.  0.  1.  0.] -1 7.73383908272
908 [ 0.  0.  1.  0.] -1 8.16666340828
909 [ 0.  0.  1.  0.] -1 8.24408845901
910 [ 0.  0.  1.  0.] -1 8.78758950233
911 [ 0.  0.  1.  0.] -1 8.65936646461
912 [ 0.  0.  1.  0.] -1 9.00193419456
913 [ 0.  0.  1.  0.] -1 9.35369410515
914 [ 0.  0.  1.  0.] -1 8.44516401291
915 [ 0.  0.  1.  0.] -1 8.4341861248
916 [ 0.  0.  1.  0.] -1 8.60848331451
917 [ 0.  0.  1.  0.] -1 8.68734164238
918 [ 0.  0.  1.  0.] -1 68.752223587
919 [ 0.  0.  1.  0.] -1 72.080412674
920 [ 0.  0.  1.  0.] -1 73.6793628693
921 [ 0.  0.  1.  0.] 9 88.9419143677
922 [ 0.  0.  1.  0.] 0 79.9419143677
923 [ 0.  1.  0.  0.] -2 98.5897445679
924 [ 0.  1.  0.  0.] -1 95.463363266
925 [ 0.  1.  0.  0.] 9 107.318136215
926 [ 0.  1.  0.  0.] -1 99.8030582428
927 [ 0.  1.  0.  0.] -1 104.702575684
928 [ 0.  1.  0.  0.] -1 101.855083466
929 [ 0.  1.  0.  0.] 9 110.424132919
930 [ 0.  1.  0.  0.] -1 109.317648315
931 [ 0.  1.  0.  0.] -1 106.588376999
932 [ 0.  1.  0.  0.] -1 105.765201187
933 [ 0.  1.  0.  0.] 9 104.471202087
934 [ 0.  1.  0.  0.] 0 95.4712020874
935 [ 0.  0.  1.  0.] -2 74.3844806671
936 [ 0.  0.  1.  0.] -1 73.97654953
937 [ 0.  0.  1.  0.] 9 89.7018737793
938 [ 0.  0.  1.  0.] -1 93.2840862274
939 [ 0.  0.  1.  0.] -1 90.4310203552
940 [ 0.  0.  1.  0.] -1 90.8604236603
941 [ 0.  0.  1.  0.] 9 111.300298309
942 [ 0.  0.  1.  0.] -1 94.5532558441
943 [ 0.  0.  1.  0.] -1 93.719708252
944 [ 0.  0.  1.  0.] -1 93.8166202545
945 [ 0.  0.  1.  0.] 9 106.961154175
946 [ 0.  0.  1.  0.] -1 89.931942749
947 [ 0.  0.  1.  0.] -1 90.8271556854
948 [ 0.  0.  1.  0.] -1 90.5288455963
949 [ 0.  0.  1.  0.] 9 102.456837082
950 [ 0.  0.  1.  0.] -1 98.4474281311
951 [ 0.  0.  1.  0.] -1 97.9352607727
952 [ 0.  0.  1.  0.] -1 97.8149089813
953 [ 0.  0.  1.  0.] 9 109.649931335
954 [ 0.  0.  1.  0.] -1 105.09268074
955 [ 0.  0.  1.  0.] -1 104.562784958
956 [ 0.  0.  1.  0.] -1 104.860276031
957 [ 0.  0.  1.  0.] 9 116.167511749
958 [ 0.  0.  1.  0.] -1 106.258197784
959 [ 0.  0.  1.  0.] -1 106.144999695
960 [ 0.  0.  1.  0.] -1 108.103838348
961 [ 0.  0.  1.  0.] 9 124.698427963
962 [ 0.  0.  1.  0.] 0 115.698427963
963 [ 0.  1.  0.  0.] -2 163.066196442
964 [ 0.  1.  0.  0.] -1 166.042778015
965 [ 0.  1.  0.  0.] 9 180.788661194
966 [ 0.  1.  0.  0.] -1 170.052199554
967 [ 0.  1.  0.  0.] -1 170.190185547
968 [ 0.  1.  0.  0.] -1 174.342014313
969 [ 0.  1.  0.  0.] 9 186.713448334
970 [ 0.  1.  0.  0.] -1 193.610274506
971 [ 0.  1.  0.  0.] -1 197.954695129
972 [ 0.  1.  0.  0.] -1 200.922227478
973 [ 0.  1.  0.  0.] 9 212.55772171
974 [ 0.  1.  0.  0.] -1 204.89510498
975 [ 0.  1.  0.  0.] -1 208.574687958
976 [ 0.  1.  0.  0.] -1 210.218676758
977 [ 0.  1.  0.  0.] 9 218.91186142
978 [ 0.  1.  0.  0.] -1 227.901148987
979 [ 0.  1.  0.  0.] -1 231.52154541
980 [ 0.  1.  0.  0.] -1 235.19186554
981 [ 0.  1.  0.  0.] 9 246.118005371
982 [ 0.  1.  0.  0.] 0 237.118005371
983 [ 1.  0.  0.  0.] -2 214.775138855
984 [ 1.  0.  0.  0.] -1 217.574001312
985 [ 1.  0.  0.  0.] 49 699.125750732
986 [ 1.  0.  0.  0.] -1 656.176821899
987 [ 1.  0.  0.  0.] -1 641.188635254
988 [ 1.  0.  0.  0.] -1 623.041223145
989 [ 1.  0.  0.  0.] 9 497.279067993
990 [ 1.  0.  0.  0.] -1 489.119577026
991 [ 1.  0.  0.  0.] -1 465.465829468
992 [ 1.  0.  0.  0.] -1 470.100094604
993 [ 1.  0.  0.  0.] 9 426.012484741
994 [ 1.  0.  0.  0.] 0 417.012484741
995 [ 0.  0.  0.  1.] -2 263.765979004
996 [ 0.  0.  0.  1.] -1 255.967984009
997 [ 0.  0.  0.  1.] 9 259.725868225
998 [ 0.  0.  0.  1.] -1 252.991087341
999 [ 0.  0.  0.  1.] -1 253.690715027
1000 [ 0.  0.  0.  1.] -1 257.333840942
1001 [ 0.  0.  0.  1.] 9 256.645181274
1002 [ 0.  0.  0.  1.] 0 247.645181274
1003 [ 1.  0.  0.  0.] -2 418.161766052
1004 [ 1.  0.  0.  0.] -1 415.215386963
1005 [ 1.  0.  0.  0.] 9 411.05662384
1006 [ 1.  0.  0.  0.] -1 399.386180115
1007 [ 1.  0.  0.  0.] -1 402.431613159
1008 [ 1.  0.  0.  0.] -1 405.650880432
1009 [ 1.  0.  0.  0.] 9 451.918365479
1010 [ 1.  0.  0.  0.] -1 440.93528595
1011 [ 1.  0.  0.  0.] -1 442.070223999
1012 [ 1.  0.  0.  0.] -1 440.575730896
1013 [ 1.  0.  0.  0.] 9 404.630584717
1014 [ 1.  0.  0.  0.] -1 384.926106262
1015 [ 1.  0.  0.  0.] -1 396.236782837
1016 [ 1.  0.  0.  0.] -1 393.980822754
1017 [ 1.  0.  0.  0.] 9 293.31121521
1018 [ 1.  0.  0.  0.] -1 271.039086914
1019 [ 1.  0.  0.  0.] -1 268.868884277
1020 [ 1.  0.  0.  0.] -1 265.262316895
1021 [ 1.  0.  0.  0.] 9 225.095950317
1022 [ 1.  0.  0.  0.] -1 215.695904541
1023 [ 1.  0.  0.  0.] -1 211.153977966
1024 [ 1.  0.  0.  0.] -1 223.290410614
1025 [ 1.  0.  0.  0.] 9 214.948377228
1026 [ 1.  0.  0.  0.] -1 207.441866302
1027 [ 1.  0.  0.  0.] -1 199.688819122
1028 [ 1.  0.  0.  0.] -1 214.356009674
1029 [ 1.  0.  0.  0.] -1 199.179275513
1030 [ 1.  0.  0.  0.] -1 186.880286407
1031 [ 1.  0.  0.  0.] -1 186.479824066
1032 [ 1.  0.  0.  0.] -1 198.128022003
1033 [ 1.  0.  0.  0.] -1 93.9619049072
1034 [ 1.  0.  0.  0.] -1 94.2321437836
1035 [ 1.  0.  0.  0.] -1 92.6539516449
1036 [ 1.  0.  0.  0.] -1 93.9657028198
1037 [ 1.  0.  0.  0.] -1 92.3917942047
1038 [ 1.  0.  0.  0.] -1 90.4507781982
1039 [ 1.  0.  0.  0.] -1 89.6585655212
1040 [ 1.  0.  0.  0.] -1 94.0655357361
1041 [ 1.  0.  0.  0.] -1 112.313969421
1042 [ 1.  0.  0.  0.] -1 115.675303268
1043 [ 1.  0.  0.  0.] -1 118.380591202
1044 [ 1.  0.  0.  0.] -1 123.626023102
1045 [ 1.  0.  0.  0.] -1 210.560025024
1046 [ 1.  0.  0.  0.] -1 206.487734985
1047 [ 1.  0.  0.  0.] -1 201.031178284
1048 [ 1.  0.  0.  0.] -1 244.722393799
1049 [ 1.  0.  0.  0.] -1 162.681726837
1050 [ 1.  0.  0.  0.] -1 169.97551651
1051 [ 1.  0.  0.  0.] -1 166.571702576
1052 [ 1.  0.  0.  0.] -1 164.152939606
1053 [ 1.  0.  0.  0.] -1 219.60644989
1054 [ 1.  0.  0.  0.] 0 220.60644989
1055 [ 0.  0.  0.  1.] -2 63.1605690002
1056 [ 0.  0.  0.  1.] -1 64.5371856689
1057 [ 0.  0.  0.  1.] -1 45.8169157028
1058 [ 0.  0.  0.  1.] -1 46.6802558899
1059 [ 0.  0.  0.  1.] -1 45.5806695938
1060 [ 0.  0.  0.  1.] -1 45.1793121338
1061 [ 0.  0.  0.  1.] -1 55.3577215195
1062 [ 0.  0.  0.  1.] -1 58.7198816299
1063 [ 0.  0.  0.  1.] -1 61.4420753479
1064 [ 0.  0.  0.  1.] -1 60.4918579102
1065 [ 0.  0.  0.  1.] -1 50.3178480148
1066 [ 0.  0.  0.  1.] 0 51.3178480148
1067 [ 0.  0.  1.  0.] -2 53.3643463135
1068 [ 0.  0.  1.  0.] -1 53.2260234833
1069 [ 0.  0.  1.  0.] -1 58.8941362381
1070 [ 0.  0.  1.  0.] -1 72.6514186859
1071 [ 0.  0.  1.  0.] -1 68.9939853668
1072 [ 0.  0.  1.  0.] -1 67.631817627
1073 [ 0.  0.  1.  0.] -1 77.7978946686
1074 [ 0.  0.  1.  0.] -1 90.4147342682
1075 [ 0.  0.  1.  0.] -1 88.0498088837
1076 [ 0.  0.  1.  0.] -1 85.8589134216
1077 [ 0.  0.  1.  0.] -1 87.8036186218
1078 [ 0.  0.  1.  0.] 0 88.8036186218
1079 [ 0.  0.  0.  1.] -2 68.3606796265
1080 [ 0.  0.  0.  1.] -1 71.2859386444
1081 [ 0.  0.  0.  1.] -1 67.8391010284
1082 [ 0.  0.  0.  1.] -1 64.1842552185
1083 [ 0.  0.  0.  1.] -1 68.2486450195
1084 [ 0.  0.  0.  1.] -1 71.8358024597
1085 [ 0.  0.  0.  1.] -1 70.0372081757
1086 [ 0.  0.  0.  1.] -1 69.0077926636
1087 [ 0.  0.  0.  1.] -1 72.4133605957
1088 [ 0.  0.  0.  1.] -1 74.2380039215
1089 [ 0.  0.  0.  1.] -1 76.7990943909
1090 [ 0.  0.  0.  1.] 0 77.7990943909
1091 [ 0.  0.  1.  0.] -2 109.691419983
1092 [ 0.  0.  1.  0.] -1 122.968505859
1093 [ 0.  0.  1.  0.] -1 130.293258667
1094 [ 0.  0.  1.  0.] -1 160.398268127
1095 [ 0.  0.  1.  0.] -1 178.947345734
1096 [ 0.  0.  1.  0.] -1 189.360250854
1097 [ 0.  0.  1.  0.] -1 198.022970581
1098 [ 0.  0.  1.  0.] -1 288.654269409
1099 [ 0.  0.  1.  0.] -1 281.02255249
1100 [ 0.  0.  1.  0.] -1 285.043585205
1101 [ 0.  0.  1.  0.] -1 290.188452148
1102 [ 0.  0.  1.  0.] -1 288.064433289
1103 [ 0.  0.  1.  0.] -1 277.911801147
1104 [ 0.  0.  1.  0.] -1 282.567636108
1105 [ 0.  0.  1.  0.] -1 274.79432373
1106 [ 0.  0.  1.  0.] -1 203.450999451
1107 [ 0.  0.  1.  0.] -1 203.671611786
1108 [ 0.  0.  1.  0.] -1 211.641226959
1109 [ 0.  0.  1.  0.] -1 210.473136902
1110 [ 0.  0.  1.  0.] -1 229.717377472
1111 [ 0.  0.  1.  0.] -1 232.552649689
1112 [ 0.  0.  1.  0.] -1 231.779107666
1113 [ 0.  0.  1.  0.] -1 229.700605774
1114 [ 0.  0.  1.  0.] 0 230.700605774
1115 [ 0.  1.  0.  0.] -2 269.449163818
1116 [ 0.  1.  0.  0.] -1 269.075856018
1117 [ 0.  1.  0.  0.] -1 262.623666382
1118 [ 0.  1.  0.  0.] -1 278.157070923
1119 [ 0.  1.  0.  0.] -1 290.119770813
1120 [ 0.  1.  0.  0.] -1 294.638938904
1121 [ 0.  1.  0.  0.] -1 296.662211609
1122 [ 0.  1.  0.  0.] -1 339.623880005
1123 [ 0.  1.  0.  0.] -1 357.922280884
1124 [ 0.  1.  0.  0.] -1 352.366456604
1125 [ 0.  1.  0.  0.] -1 332.167707825
1126 [ 0.  1.  0.  0.] 0 333.167707825
1127 [ 0.  0.  1.  0.] -2 189.24132309
1128 [ 0.  0.  1.  0.] -1 189.453546143
1129 [ 0.  0.  1.  0.] -1 206.548878479
1130 [ 0.  0.  1.  0.] -1 237.777142334
1131 [ 0.  0.  1.  0.] -1 233.969271088
1132 [ 0.  0.  1.  0.] -1 234.022412872
1133 [ 0.  0.  1.  0.] -1 246.278494263
1134 [ 0.  0.  1.  0.] -1 242.438775635
1135 [ 0.  0.  1.  0.] -1 241.706401825
1136 [ 0.  0.  1.  0.] -1 243.443019104
1137 [ 0.  0.  1.  0.] -1 251.282142639
1138 [ 0.  0.  1.  0.] -1 201.136142731
1139 [ 0.  0.  1.  0.] -1 203.278455353
1140 [ 0.  0.  1.  0.] -1 202.555561829
1141 [ 0.  0.  1.  0.] -1 211.285643768
1142 [ 0.  0.  1.  0.] 0 212.285643768
1143 [ 0.  0.  0.  1.] -2 199.054723358
1144 [ 0.  0.  0.  1.] -1 202.469905853
1145 [ 0.  0.  0.  1.] 9 195.808782196
1146 [ 0.  0.  0.  1.] -1 189.28475647
1147 [ 0.  0.  0.  1.] -1 194.118296051
1148 [ 0.  0.  0.  1.] -1 201.914845276
1149 [ 0.  0.  0.  1.] 9 205.39458313
1150 [ 0.  0.  0.  1.] -1 200.692308807
1151 [ 0.  0.  0.  1.] -1 208.528315735
1152 [ 0.  0.  0.  1.] -1 207.38211441
1153 [ 0.  0.  0.  1.] 9 205.979534149
1154 [ 0.  0.  0.  1.] -1 196.385896301
1155 [ 0.  0.  0.  1.] -1 201.143477631
1156 [ 0.  0.  0.  1.] -1 207.455173492
1157 [ 0.  0.  0.  1.] 9 195.321518707
1158 [ 0.  0.  0.  1.] -1 185.495121002
1159 [ 0.  0.  0.  1.] -1 187.808252716
1160 [ 0.  0.  0.  1.] -1 189.982325745
1161 [ 0.  0.  0.  1.] 9 196.759941864
1162 [ 0.  0.  0.  1.] -1 190.174990082
1163 [ 0.  0.  0.  1.] -1 198.403936005
1164 [ 0.  0.  0.  1.] -1 205.407489777
1165 [ 0.  0.  0.  1.] 9 206.040300751
1166 [ 0.  0.  0.  1.] -1 190.014202118
1167 [ 0.  0.  0.  1.] -1 191.044233704
1168 [ 0.  0.  0.  1.] -1 195.164968872
1169 [ 0.  0.  0.  1.] 9 192.831175232
1170 [ 0.  0.  0.  1.] -1 180.578099823
1171 [ 0.  0.  0.  1.] -1 182.420464325
1172 [ 0.  0.  0.  1.] -1 190.19619751
1173 [ 0.  0.  0.  1.] 9 164.272090149
1174 [ 0.  0.  0.  1.] -1 148.670792389
1175 [ 0.  0.  0.  1.] -1 151.474623108
1176 [ 0.  0.  0.  1.] -1 152.035931396
1177 [ 0.  0.  0.  1.] 9 151.454222107
1178 [ 0.  0.  0.  1.] -1 143.782458496
1179 [ 0.  0.  0.  1.] -1 144.330677032
1180 [ 0.  0.  0.  1.] -1 147.253185272
1181 [ 0.  0.  0.  1.] 9 144.490966797
1182 [ 0.  0.  0.  1.] -1 135.185665894
1183 [ 0.  0.  0.  1.] -1 134.521292114
1184 [ 0.  0.  0.  1.] -1 63.5393203735
1185 [ 0.  0.  0.  1.] 9 72.8824119568
1186 [ 0.  0.  0.  1.] -1 63.2712486267
1187 [ 0.  0.  0.  1.] -1 64.6557544708
1188 [ 0.  0.  0.  1.] -1 63.7263530731
1189 [ 0.  0.  0.  1.] 9 54.7382324219
1190 [ 0.  0.  0.  1.] -1 44.4361316681
1191 [ 0.  0.  0.  1.] -1 44.329627037
1192 [ 0.  0.  0.  1.] -1 44.8477413177
1193 [ 0.  0.  0.  1.] 9 55.1903833389
1194 [ 0.  0.  0.  1.] -1 45.7211742401
1195 [ 0.  0.  0.  1.] -1 46.5004421234
1196 [ 0.  0.  0.  1.] -1 46.7288677216
1197 [ 0.  0.  0.  1.] 9 55.7941390991
1198 [ 0.  0.  0.  1.] -1 47.2494644165
1199 [ 0.  0.  0.  1.] -1 48.2139421463
1200 [ 0.  0.  0.  1.] -1 49.1713640213
1201 [ 0.  0.  0.  1.] 9 57.1234701157
1202 [ 0.  0.  0.  1.] -1 47.8990306854
1203 [ 0.  0.  0.  1.] -1 48.2312139511
1204 [ 0.  0.  0.  1.] -1 49.2324459076
1205 [ 0.  0.  0.  1.] 9 59.6361951828
1206 [ 0.  0.  0.  1.] -1 50.241781044
1207 [ 0.  0.  0.  1.] -1 51.6799650192
1208 [ 0.  0.  0.  1.] -1 52.2223997116
1209 [ 0.  0.  0.  1.] 9 59.2475687027
1210 [ 0.  0.  0.  1.] -1 51.3760559082
1211 [ 0.  0.  0.  1.] -1 52.4313646317
1212 [ 0.  0.  0.  1.] -1 52.3721853256
1213 [ 0.  0.  0.  1.] 9 69.0063920975
1214 [ 0.  0.  0.  1.] 0 60.0063920975
1215 [ 1.  0.  0.  0.] -2 56.2448455811
1216 [ 1.  0.  0.  0.] -1 56.8224908829
1217 [ 1.  0.  0.  0.] 9 62.1277345657
1218 [ 1.  0.  0.  0.] -1 52.8511390686
1219 [ 1.  0.  0.  0.] -1 52.3473611832
1220 [ 1.  0.  0.  0.] -1 52.9584880829
1221 [ 1.  0.  0.  0.] 9 64.3099397659
1222 [ 1.  0.  0.  0.] -1 55.0929475784
1223 [ 1.  0.  0.  0.] -1 54.9739040375
1224 [ 1.  0.  0.  0.] -1 54.9911649704
1225 [ 1.  0.  0.  0.] 9 62.2262374878
1226 [ 1.  0.  0.  0.] -1 52.3945343018
1227 [ 1.  0.  0.  0.] -1 52.8009363174
1228 [ 1.  0.  0.  0.] -1 53.2929327011
1229 [ 1.  0.  0.  0.] 9 44.2239107132
1230 [ 1.  0.  0.  0.] 0 35.2239107132
1231 [ 0.  0.  0.  1.] -2 41.4796304703
1232 [ 0.  0.  0.  1.] -1 43.6530078888
1233 [ 0.  0.  0.  1.] -1 54.1074581146
1234 [ 0.  0.  0.  1.] -1 58.3553073883
1235 [ 0.  0.  0.  1.] -1 60.2280986786
1236 [ 0.  0.  0.  1.] -1 61.7120750427
1237 [ 0.  0.  0.  1.] -1 92.2243598938
1238 [ 0.  0.  0.  1.] -1 98.6311412811
1239 [ 0.  0.  0.  1.] -1 100.206934357
1240 [ 0.  0.  0.  1.] -1 106.035773468
1241 [ 0.  0.  0.  1.] -1 112.207424927
1242 [ 0.  0.  0.  1.] -1 85.825725174
1243 [ 0.  0.  0.  1.] -1 82.1225574493
1244 [ 0.  0.  0.  1.] -1 81.4400566101
1245 [ 0.  0.  0.  1.] -1 79.0198368073
1246 [ 0.  0.  0.  1.] -1 68.119436264
1247 [ 0.  0.  0.  1.] -1 65.6049861908
1248 [ 0.  0.  0.  1.] -1 66.4826374054
1249 [ 0.  0.  0.  1.] -1 63.2635368347
1250 [ 0.  0.  0.  1.] -1 64.366866684
1251 [ 0.  0.  0.  1.] -1 63.5208454132
1252 [ 0.  0.  0.  1.] -1 66.1613876343
1253 [ 0.  0.  0.  1.] -1 64.066418457
1254 [ 0.  0.  0.  1.] -1 57.2435264587
1255 [ 0.  0.  0.  1.] 0 58.2435264587
1256 [ 0.  0.  1.  0.] -2 79.8016811371
1257 [ 0.  0.  1.  0.] -1 80.978081131
1258 [ 0.  0.  1.  0.] -1 85.9338207245
1259 [ 0.  0.  1.  0.] -1 91.6782432556
1260 [ 0.  0.  1.  0.] -1 90.6724632263
1261 [ 0.  0.  1.  0.] -1 91.2099983215
1262 [ 0.  0.  1.  0.] -1 93.9232517242
1263 [ 0.  0.  1.  0.] -1 98.5284236908
1264 [ 0.  0.  1.  0.] -1 98.4715927124
1265 [ 0.  0.  1.  0.] -1 99.8222434998
1266 [ 0.  0.  1.  0.] -1 103.71074791
1267 [ 0.  0.  1.  0.] -1 104.634582901
1268 [ 0.  0.  1.  0.] -1 105.731788254
1269 [ 0.  0.  1.  0.] -1 106.022096634
1270 [ 0.  0.  1.  0.] -1 108.265517807
1271 [ 0.  0.  1.  0.] 0 109.265517807
1272 [ 0.  0.  0.  1.] -2 102.340726852
1273 [ 0.  0.  0.  1.] -1 103.800448227
1274 [ 0.  0.  0.  1.] 9 109.190253448
1275 [ 0.  0.  0.  1.] -1 99.3626670837
1276 [ 0.  0.  0.  1.] -1 98.6048313141
1277 [ 0.  0.  0.  1.] -1 98.4826023102
1278 [ 0.  0.  0.  1.] 9 108.003434753
1279 [ 0.  0.  0.  1.] -1 98.8692935944
1280 [ 0.  0.  0.  1.] -1 98.5151744843
1281 [ 0.  0.  0.  1.] -1 96.4311859131
1282 [ 0.  0.  0.  1.] -1 86.4652385712
1283 [ 0.  0.  0.  1.] -1 86.7051593781
1284 [ 0.  0.  0.  1.] -1 86.4558597565
1285 [ 0.  0.  0.  1.] -1 86.5068271637
1286 [ 0.  0.  0.  1.] -1 81.6728019714
1287 [ 0.  0.  0.  1.] -1 82.4476848602
1288 [ 0.  0.  0.  1.] -1 83.2668960571
1289 [ 0.  0.  0.  1.] -1 84.0524768829
1290 [ 0.  0.  0.  1.] -1 79.1740726471
1291 [ 0.  0.  0.  1.] -1 79.9850357056
1292 [ 0.  0.  0.  1.] -1 81.1855602264
1293 [ 0.  0.  0.  1.] -1 80.0629436493
1294 [ 0.  0.  0.  1.] -1 76.4114391327
1295 [ 0.  0.  0.  1.] -1 76.1259578705
1296 [ 0.  0.  0.  1.] -1 76.6215999603
1297 [ 0.  0.  0.  1.] -1 76.4369010925
1298 [ 0.  0.  0.  1.] -1 73.3644260406
1299 [ 0.  0.  0.  1.] -1 73.1199028015
1300 [ 0.  0.  0.  1.] -1 73.3600265503
1301 [ 0.  0.  0.  1.] -1 73.320242691
1302 [ 0.  0.  0.  1.] -1 72.6631313324
1303 [ 0.  0.  0.  1.] -1 72.8498523712
1304 [ 0.  0.  0.  1.] -1 74.708524704
1305 [ 0.  0.  0.  1.] -1 75.0839599609
1306 [ 0.  0.  0.  1.] -1 73.536926651
1307 [ 0.  0.  0.  1.] -1 72.0790355682
1308 [ 0.  0.  0.  1.] -1 72.4355319977
1309 [ 0.  0.  0.  1.] -1 72.3176010132
1310 [ 0.  0.  0.  1.] -1 70.1874141693
1311 [ 0.  0.  0.  1.] -1 70.3799697876
1312 [ 0.  0.  0.  1.] -1 70.9693130493
1313 [ 0.  0.  0.  1.] -1 71.6592140198
1314 [ 0.  0.  0.  1.] -1 68.1145801544
1315 [ 0.  0.  0.  1.] -1 67.4241863251
1316 [ 0.  0.  0.  1.] -1 68.0263946533
1317 [ 0.  0.  0.  1.] -1 68.1046360016
1318 [ 0.  0.  0.  1.] -1 66.3960826874
1319 [ 0.  0.  0.  1.] 0 67.3960826874
1320 [ 1.  0.  0.  0.] -2 139.06791153
1321 [ 1.  0.  0.  0.] -1 142.451072693
1322 [ 1.  0.  0.  0.] 9 167.11349411
1323 [ 1.  0.  0.  0.] -1 157.230142212
1324 [ 1.  0.  0.  0.] -1 157.211616516
1325 [ 1.  0.  0.  0.] -1 160.163478851
1326 [ 1.  0.  0.  0.] 9 171.491921997
1327 [ 1.  0.  0.  0.] -1 161.465003204
1328 [ 1.  0.  0.  0.] -1 160.552185059
1329 [ 1.  0.  0.  0.] -1 162.612059784
1330 [ 1.  0.  0.  0.] 9 131.284624481
1331 [ 1.  0.  0.  0.] -1 120.561013412
1332 [ 1.  0.  0.  0.] -1 122.831244659
1333 [ 1.  0.  0.  0.] -1 125.235656738
1334 [ 1.  0.  0.  0.] 9 109.674255371
1335 [ 1.  0.  0.  0.] 0 100.674255371
1336 [ 0.  0.  0.  1.] -2 76.1133644104
1337 [ 0.  0.  0.  1.] -1 73.7407455444
1338 [ 0.  0.  0.  1.] 9 72.2392818451
1339 [ 0.  0.  0.  1.] -1 60.3834144592
1340 [ 0.  0.  0.  1.] -1 59.1775735855
1341 [ 0.  0.  0.  1.] -1 58.2851909637
1342 [ 0.  0.  0.  1.] 9 66.9598789215
1343 [ 0.  0.  0.  1.] -1 56.8149892807
1344 [ 0.  0.  0.  1.] -1 57.5916913986
1345 [ 0.  0.  0.  1.] -1 54.2325899124
1346 [ 0.  0.  0.  1.] 9 51.8649593353
1347 [ 0.  0.  0.  1.] 0 42.8649593353
1348 [ 1.  0.  0.  0.] -2 61.4774269104
1349 [ 1.  0.  0.  0.] -1 63.4551937103
1350 [ 1.  0.  0.  0.] -1 67.9492115021
1351 [ 1.  0.  0.  0.] -1 66.8979072571
1352 [ 1.  0.  0.  0.] -1 69.7755653381
1353 [ 1.  0.  0.  0.] -1 74.7371829987
1354 [ 1.  0.  0.  0.] -1 76.9611289978
1355 [ 1.  0.  0.  0.] -1 71.5879234314
1356 [ 1.  0.  0.  0.] -1 73.1353191376
1357 [ 1.  0.  0.  0.] -1 72.7041110992
1358 [ 1.  0.  0.  0.] -1 76.0081935883
1359 [ 1.  0.  0.  0.] -1 67.8695350647
1360 [ 1.  0.  0.  0.] -1 66.8204414368
1361 [ 1.  0.  0.  0.] -1 64.5336631775
1362 [ 1.  0.  0.  0.] -1 32.6582937241
1363 [ 1.  0.  0.  0.] -1 33.4277297974
1364 [ 1.  0.  0.  0.] -1 32.4413524628
1365 [ 1.  0.  0.  0.] -1 32.1664857864
1366 [ 1.  0.  0.  0.] -1 29.1242490768
1367 [ 1.  0.  0.  0.] -1 28.4741609573
1368 [ 1.  0.  0.  0.] -1 28.5511466026
1369 [ 1.  0.  0.  0.] -1 29.6685935974
1370 [ 1.  0.  0.  0.] -1 39.5903902054
1371 [ 1.  0.  0.  0.] 0 40.5903902054
1372 [ 0.  0.  0.  1.] -2 17.9411212921
1373 [ 0.  0.  0.  1.] -1 19.7323500633
1374 [ 0.  0.  0.  1.] -1 19.780286026
1375 [ 0.  0.  0.  1.] -1 20.2343540192
1376 [ 0.  0.  0.  1.] -1 20.3861074448
1377 [ 0.  0.  0.  1.] -1 20.9082280159
1378 [ 0.  0.  0.  1.] -1 22.6020009995
1379 [ 0.  0.  0.  1.] -1 23.3450799942
1380 [ 0.  0.  0.  1.] -1 23.4906128883
1381 [ 0.  0.  0.  1.] -1 23.5415168762
1382 [ 0.  0.  0.  1.] -1 24.9602456093
1383 [ 0.  0.  0.  1.] 0 25.9602456093
1384 [ 1.  0.  0.  0.] -2 39.4656242371
1385 [ 1.  0.  0.  0.] -1 39.7010406494
1386 [ 1.  0.  0.  0.] -1 45.1774784088
1387 [ 1.  0.  0.  0.] -1 43.3293554306
1388 [ 1.  0.  0.  0.] -1 44.5548019409
1389 [ 1.  0.  0.  0.] -1 46.181145668
1390 [ 1.  0.  0.  0.] -1 43.3266048431
1391 [ 1.  0.  0.  0.] -1 43.1385755539
1392 [ 1.  0.  0.  0.] -1 44.2944927216
1393 [ 1.  0.  0.  0.] -1 45.6325611115
1394 [ 1.  0.  0.  0.] -1 46.2823484421
1395 [ 1.  0.  0.  0.] 0 47.2823484421
1396 [ 0.  0.  0.  1.] -2 31.9157073975
1397 [ 0.  0.  0.  1.] -1 33.5455919266
1398 [ 0.  0.  0.  1.] -1 36.9927085876
1399 [ 0.  0.  0.  1.] -1 37.4398258209
1400 [ 0.  0.  0.  1.] -1 38.1731056213
1401 [ 0.  0.  0.  1.] -1 38.575651741
1402 [ 0.  0.  0.  1.] -1 38.9032180786
1403 [ 0.  0.  0.  1.] -1 39.1623132706
1404 [ 0.  0.  0.  1.] -1 38.566113472
1405 [ 0.  0.  0.  1.] -1 38.9157932281
1406 [ 0.  0.  0.  1.] -1 40.9092189789
1407 [ 0.  0.  0.  1.] 0 41.9092189789
1408 [ 1.  0.  0.  0.] -2 118.198758698
1409 [ 1.  0.  0.  0.] -1 126.209545898
1410 [ 1.  0.  0.  0.] -1 122.358114624
1411 [ 1.  0.  0.  0.] -1 127.394581604
1412 [ 1.  0.  0.  0.] -1 130.446421814
1413 [ 1.  0.  0.  0.] -1 137.025740051
1414 [ 1.  0.  0.  0.] -1 141.533804321
1415 [ 1.  0.  0.  0.] -1 143.958554077
1416 [ 1.  0.  0.  0.] -1 147.564063263
1417 [ 1.  0.  0.  0.] -1 154.771515656
1418 [ 1.  0.  0.  0.] -1 214.063237
1419 [ 1.  0.  0.  0.] -1 216.981222534
1420 [ 1.  0.  0.  0.] -1 223.104414368
1421 [ 1.  0.  0.  0.] -1 234.278757477
1422 [ 1.  0.  0.  0.] -1 243.646337891
1423 [ 1.  0.  0.  0.] -1 249.575575256
1424 [ 1.  0.  0.  0.] -1 257.762686157
1425 [ 1.  0.  0.  0.] -1 269.19753418
1426 [ 1.  0.  0.  0.] -1 244.225505066
1427 [ 1.  0.  0.  0.] -1 249.470161438
1428 [ 1.  0.  0.  0.] -1 257.317431641
1429 [ 1.  0.  0.  0.] -1 268.533943176
1430 [ 1.  0.  0.  0.] -1 256.296720886
1431 [ 1.  0.  0.  0.] 0 257.296720886
1432 [ 0.  1.  0.  0.] -2 105.266822815
1433 [ 0.  1.  0.  0.] -1 101.367595291
1434 [ 0.  1.  0.  0.] -1 89.5694595337
1435 [ 0.  1.  0.  0.] -1 89.6468093872
1436 [ 0.  1.  0.  0.] -1 82.6083786011
1437 [ 0.  1.  0.  0.] -1 81.7865364075
1438 [ 0.  1.  0.  0.] -1 74.5064453125
1439 [ 0.  1.  0.  0.] -1 67.77147789
1440 [ 0.  1.  0.  0.] -1 64.9753227234
1441 [ 0.  1.  0.  0.] -1 63.8590263367
1442 [ 0.  1.  0.  0.] -1 58.5786956787
1443 [ 0.  1.  0.  0.] -1 55.6132797241
1444 [ 0.  1.  0.  0.] -1 53.8013166428
1445 [ 0.  1.  0.  0.] -1 52.8642541885
1446 [ 0.  1.  0.  0.] -1 51.2974159241
1447 [ 0.  1.  0.  0.] -1 55.403169632
1448 [ 0.  1.  0.  0.] -1 53.8179433823
1449 [ 0.  1.  0.  0.] -1 54.9318624496
1450 [ 0.  1.  0.  0.] -1 48.2286083221
1451 [ 0.  1.  0.  0.] -1 45.3257383347
1452 [ 0.  1.  0.  0.] -1 40.5227161407
1453 [ 0.  1.  0.  0.] -1 40.7014717102
1454 [ 0.  1.  0.  0.] -1 38.2261568069
1455 [ 0.  1.  0.  0.] -1 25.8623495102
1456 [ 0.  1.  0.  0.] -1 25.7396874428
1457 [ 0.  1.  0.  0.] -1 25.2473848343
1458 [ 0.  1.  0.  0.] -1 23.3789241791
1459 [ 0.  1.  0.  0.] -1 24.0931799889
1460 [ 0.  1.  0.  0.] -1 25.0233931541
1461 [ 0.  1.  0.  0.] -1 26.169846344
1462 [ 0.  1.  0.  0.] -1 25.1119809151
1463 [ 0.  1.  0.  0.] -1 26.9479781151
1464 [ 0.  1.  0.  0.] -1 26.5816915512
1465 [ 0.  1.  0.  0.] -1 27.5607394218
1466 [ 0.  1.  0.  0.] -1 25.5416995049
1467 [ 0.  1.  0.  0.] -1 18.7070568085
1468 [ 0.  1.  0.  0.] -1 19.6575079918
1469 [ 0.  1.  0.  0.] -1 20.1023312569
1470 [ 0.  1.  0.  0.] -1 19.6877861977
1471 [ 0.  1.  0.  0.] -1 18.5671120644
1472 [ 0.  1.  0.  0.] -1 19.1611664772
1473 [ 0.  1.  0.  0.] -1 20.0717468262
1474 [ 0.  1.  0.  0.] -1 19.7744623184
1475 [ 0.  1.  0.  0.] -1 21.6017203331
1476 [ 0.  1.  0.  0.] -1 22.3056134224
1477 [ 0.  1.  0.  0.] -1 23.4460725784
1478 [ 0.  1.  0.  0.] -1 24.3447862625
1479 [ 0.  1.  0.  0.] -1 24.6266417503
1480 [ 0.  1.  0.  0.] -1 26.4573225975
1481 [ 0.  1.  0.  0.] -1 26.069410038
1482 [ 0.  1.  0.  0.] -1 26.6638558388
1483 [ 0.  1.  0.  0.] -1 26.6867574692
1484 [ 0.  1.  0.  0.] -1 27.5135518074
1485 [ 0.  1.  0.  0.] -1 31.0674285889
1486 [ 0.  1.  0.  0.] -1 31.0631631851
1487 [ 0.  1.  0.  0.] -1 26.73679533
1488 [ 0.  1.  0.  0.] -1 25.7314266205
1489 [ 0.  1.  0.  0.] -1 24.898583889
1490 [ 0.  1.  0.  0.] -1 21.8965224266
1491 [ 0.  1.  0.  0.] -1 19.381238842
1492 [ 0.  1.  0.  0.] -1 19.0496426582
1493 [ 0.  1.  0.  0.] -1 17.8220000267
1494 [ 0.  1.  0.  0.] 9 29.8592702866
1495 [ 0.  1.  0.  0.] -1 20.0161334991
1496 [ 0.  1.  0.  0.] -1 20.3145051956
1497 [ 0.  1.  0.  0.] -1 20.2803112984
1498 [ 0.  1.  0.  0.] 9 29.5966199875
1499 [ 0.  1.  0.  0.] -1 21.4481386185
1500 [ 0.  1.  0.  0.] -1 21.8945002556
1501 [ 0.  1.  0.  0.] -1 22.549131012
1502 [ 0.  1.  0.  0.] 9 32.5723732948
1503 [ 0.  1.  0.  0.] 0 23.5723732948
1504 [ 1.  0.  0.  0.] -2 33.8530378342
1505 [ 1.  0.  0.  0.] -1 34.0720304489
1506 [ 1.  0.  0.  0.] 9 73.9232501984
1507 [ 1.  0.  0.  0.] -1 65.5510688782
1508 [ 1.  0.  0.  0.] -1 65.7199817657
1509 [ 1.  0.  0.  0.] -1 66.1024547577
1510 [ 1.  0.  0.  0.] 9 78.0448623657
1511 [ 1.  0.  0.  0.] -1 68.003194046
1512 [ 1.  0.  0.  0.] -1 68.3059326172
1513 [ 1.  0.  0.  0.] -1 69.2068786621
1514 [ 1.  0.  0.  0.] 9 79.7922065735
1515 [ 1.  0.  0.  0.] -1 71.7096885681
1516 [ 1.  0.  0.  0.] -1 72.9211429596
1517 [ 1.  0.  0.  0.] -1 73.8007656097
1518 [ 1.  0.  0.  0.] 9 110.91348381
1519 [ 1.  0.  0.  0.] -1 113.163658142
1520 [ 1.  0.  0.  0.] -1 125.196054077
1521 [ 1.  0.  0.  0.] -1 138.324727631
1522 [ 1.  0.  0.  0.] 9 193.596324158
1523 [ 1.  0.  0.  0.] -1 219.204885864
1524 [ 1.  0.  0.  0.] -1 216.801850891
1525 [ 1.  0.  0.  0.] -1 226.459435272
1526 [ 1.  0.  0.  0.] 9 220.708911896
1527 [ 1.  0.  0.  0.] 0 211.708911896
1528 [ 0.  1.  0.  0.] -2 83.2590354919
1529 [ 0.  1.  0.  0.] -1 85.1434925079
1530 [ 0.  1.  0.  0.] 9 94.5519241333
1531 [ 0.  1.  0.  0.] -1 85.0965042114
1532 [ 0.  1.  0.  0.] -1 86.2396396637
1533 [ 0.  1.  0.  0.] -1 87.5753814697
1534 [ 0.  1.  0.  0.] 9 97.8165271759
1535 [ 0.  1.  0.  0.] -1 93.2471870422
1536 [ 0.  1.  0.  0.] -1 97.2636390686
1537 [ 0.  1.  0.  0.] -1 99.6543018341
1538 [ 0.  1.  0.  0.] 9 107.116738129
1539 [ 0.  1.  0.  0.] -1 110.506481934
1540 [ 0.  1.  0.  0.] -1 114.739733887
1541 [ 0.  1.  0.  0.] -1 120.185831833
1542 [ 0.  1.  0.  0.] 9 136.124281311
1543 [ 0.  1.  0.  0.] -1 148.175614166
1544 [ 0.  1.  0.  0.] -1 157.844969177
1545 [ 0.  1.  0.  0.] -1 160.857540131
1546 [ 0.  1.  0.  0.] 9 168.041706848
1547 [ 0.  1.  0.  0.] 0 159.041706848
1548 [ 0.  0.  1.  0.] -2 104.388722229
1549 [ 0.  0.  1.  0.] -1 107.563382339
1550 [ 0.  0.  1.  0.] 9 120.462805939
1551 [ 0.  0.  1.  0.] -1 88.8836391449
1552 [ 0.  0.  1.  0.] -1 88.8282360077
1553 [ 0.  0.  1.  0.] -1 88.6672161102
1554 [ 0.  0.  1.  0.] 49 327.644497681
1555 [ 0.  0.  1.  0.] -1 236.201965332
1556 [ 0.  0.  1.  0.] -1 232.391557312
1557 [ 0.  0.  1.  0.] -1 236.841696167
1558 [ 0.  0.  1.  0.] 9 254.043669128
1559 [ 0.  0.  1.  0.] -1 203.41286087
1560 [ 0.  0.  1.  0.] -1 200.657692719
1561 [ 0.  0.  1.  0.] -1 203.471090698
1562 [ 0.  0.  1.  0.] 9 223.41685257
1563 [ 0.  0.  1.  0.] -1 190.871051788
1564 [ 0.  0.  1.  0.] -1 188.190667725
1565 [ 0.  0.  1.  0.] -1 195.414340973
1566 [ 0.  0.  1.  0.] 9 210.181504059
1567 [ 0.  0.  1.  0.] -1 103.258571625
1568 [ 0.  0.  1.  0.] -1 101.301907349
1569 [ 0.  0.  1.  0.] -1 102.562067795
1570 [ 0.  0.  1.  0.] 9 114.416978455
1571 [ 0.  0.  1.  0.] 0 105.416978455
1572 [ 0.  0.  0.  1.] -2 96.9138069153
1573 [ 0.  0.  0.  1.] -1 95.6553028107
1574 [ 0.  0.  0.  1.] 9 91.2739486694
1575 [ 0.  0.  0.  1.] -1 78.5520629883
1576 [ 0.  0.  0.  1.] -1 76.0402801514
1577 [ 0.  0.  0.  1.] -1 74.0228420258
1578 [ 0.  0.  0.  1.] 9 77.766563797
1579 [ 0.  0.  0.  1.] -1 66.3124706268
1580 [ 0.  0.  0.  1.] -1 66.3610172272
1581 [ 0.  0.  0.  1.] -1 66.5509780884
1582 [ 0.  0.  0.  1.] 9 57.3042985916
1583 [ 0.  0.  0.  1.] -1 44.2773260117
1584 [ 0.  0.  0.  1.] -1 44.1167591095
1585 [ 0.  0.  0.  1.] -1 42.7159418106
1586 [ 0.  0.  0.  1.] 9 61.4329376221
1587 [ 0.  0.  0.  1.] -1 49.8966058731
1588 [ 0.  0.  0.  1.] -1 50.6671218872
1589 [ 0.  0.  0.  1.] -1 46.9893001556
1590 [ 0.  0.  0.  1.] -1 36.8982463837
1591 [ 0.  0.  0.  1.] 0 37.8982463837
1592 [ 1.  0.  0.  0.] -2 124.308846283
1593 [ 1.  0.  0.  0.] -1 129.161031342
1594 [ 1.  0.  0.  0.] -1 184.331829071
1595 [ 1.  0.  0.  0.] -1 190.262602997
1596 [ 1.  0.  0.  0.] -1 190.548330688
1597 [ 1.  0.  0.  0.] -1 193.128765869
1598 [ 1.  0.  0.  0.] -1 171.945415497
1599 [ 1.  0.  0.  0.] -1 169.908313751
1600 [ 1.  0.  0.  0.] -1 171.65746994
1601 [ 1.  0.  0.  0.] -1 176.993827057
1602 [ 1.  0.  0.  0.] -1 205.2317276
1603 [ 1.  0.  0.  0.] -1 220.799458313
1604 [ 1.  0.  0.  0.] -1 225.284981537
1605 [ 1.  0.  0.  0.] -1 247.155754089
1606 [ 1.  0.  0.  0.] -1 372.117689514
1607 [ 1.  0.  0.  0.] -1 426.074604797
1608 [ 1.  0.  0.  0.] -1 516.99602356
1609 [ 1.  0.  0.  0.] -1 694.329956055
1610 [ 1.  0.  0.  0.] -1 1094.33411255
1611 [ 1.  0.  0.  0.] -1 1359.19404297
1612 [ 1.  0.  0.  0.] -1 1330.99602051
1613 [ 1.  0.  0.  0.] -1 1367.56916504
1614 [ 1.  0.  0.  0.] -1 1227.66635742
1615 [ 1.  0.  0.  0.] 0 1228.66635742
1616 [ 0.  0.  0.  1.] -2 153.297428894
1617 [ 0.  0.  0.  1.] -1 151.462258148
1618 [ 0.  0.  0.  1.] 9 141.76651535
1619 [ 0.  0.  0.  1.] -1 130.436593628
1620 [ 0.  0.  0.  1.] -1 128.956103516
1621 [ 0.  0.  0.  1.] -1 130.182292938
1622 [ 0.  0.  0.  1.] 9 170.956822205
1623 [ 0.  0.  0.  1.] -1 180.773431396
1624 [ 0.  0.  0.  1.] -1 187.341993713
1625 [ 0.  0.  0.  1.] -1 185.736027527
1626 [ 0.  0.  0.  1.] -1 184.332278442
1627 [ 0.  0.  0.  1.] 0 185.332278442
1628 [ 0.  0.  1.  0.] -2 109.514766312
1629 [ 0.  0.  1.  0.] -1 110.99553566
1630 [ 0.  0.  1.  0.] -1 110.524420547
1631 [ 0.  0.  1.  0.] -1 102.195083618
1632 [ 0.  0.  1.  0.] -1 101.278858948
1633 [ 0.  0.  1.  0.] -1 100.905902481
1634 [ 0.  0.  1.  0.] -1 104.951382446
1635 [ 0.  0.  1.  0.] -1 83.2893718719
1636 [ 0.  0.  1.  0.] -1 83.1397964478
1637 [ 0.  0.  1.  0.] -1 81.3049045563
1638 [ 0.  0.  1.  0.] -1 83.5023521423
1639 [ 0.  0.  1.  0.] 0 84.5023521423
1640 [ 0.  0.  0.  1.] -2 98.1616096497
1641 [ 0.  0.  0.  1.] -1 96.8089622498
1642 [ 0.  0.  0.  1.] -1 93.8386611938
1643 [ 0.  0.  0.  1.] -1 96.1594684601
1644 [ 0.  0.  0.  1.] -1 96.4638957977
1645 [ 0.  0.  0.  1.] -1 98.9391635895
1646 [ 0.  0.  0.  1.] -1 110.506489182
1647 [ 0.  0.  0.  1.] -1 115.181966019
1648 [ 0.  0.  0.  1.] -1 121.863211823
1649 [ 0.  0.  0.  1.] -1 124.008119202
1650 [ 0.  0.  0.  1.] -1 147.016555023
1651 [ 0.  0.  0.  1.] 0 148.016555023
1652 [ 0.  0.  1.  0.] -2 71.6422790527
1653 [ 0.  0.  1.  0.] -1 73.5182704926
1654 [ 0.  0.  1.  0.] -1 71.6888435364
1655 [ 0.  0.  1.  0.] -1 75.541021347
1656 [ 0.  0.  1.  0.] -1 70.840184021
1657 [ 0.  0.  1.  0.] -1 72.4323719025
1658 [ 0.  0.  1.  0.] -1 71.5374923706
1659 [ 0.  0.  1.  0.] -1 21.655608654
1660 [ 0.  0.  1.  0.] -1 19.7760840416
1661 [ 0.  0.  1.  0.] -1 19.3367873192
1662 [ 0.  0.  1.  0.] -1 27.9957906723
1663 [ 0.  0.  1.  0.] 0 28.9957906723
1664 [ 0.  0.  0.  1.] -2 54.3540214539
1665 [ 0.  0.  0.  1.] -1 60.0059062958
1666 [ 0.  0.  0.  1.] -1 44.7582620621
1667 [ 0.  0.  0.  1.] -1 45.2747056961
1668 [ 0.  0.  0.  1.] -1 49.7036806107
1669 [ 0.  0.  0.  1.] -1 59.9050296783
1670 [ 0.  0.  0.  1.] -1 67.1742706299
1671 [ 0.  0.  0.  1.] -1 80.0030250549
1672 [ 0.  0.  0.  1.] -1 86.5594181061
1673 [ 0.  0.  0.  1.] -1 92.0045955658
1674 [ 0.  0.  0.  1.] -1 87.1712806702
1675 [ 0.  0.  0.  1.] 0 88.1712806702
1676 [ 1.  0.  0.  0.] -2 259.681541443
1677 [ 1.  0.  0.  0.] -1 260.369532776
1678 [ 1.  0.  0.  0.] -1 313.629893494
1679 [ 1.  0.  0.  0.] -1 314.647270203
1680 [ 1.  0.  0.  0.] -1 315.435873413
1681 [ 1.  0.  0.  0.] -1 317.554122925
1682 [ 1.  0.  0.  0.] -1 305.515029907
1683 [ 1.  0.  0.  0.] -1 303.296324158
1684 [ 1.  0.  0.  0.] -1 303.105558777
1685 [ 1.  0.  0.  0.] -1 308.461224365
1686 [ 1.  0.  0.  0.] -1 338.963739014
1687 [ 1.  0.  0.  0.] 0 339.963739014
1688 [ 0.  0.  0.  1.] -2 233.814364624
1689 [ 0.  0.  0.  1.] -1 232.841407013
1690 [ 0.  0.  0.  1.] -1 245.424572754
1691 [ 0.  0.  0.  1.] -1 253.40737915
1692 [ 0.  0.  0.  1.] -1 256.327973938
1693 [ 0.  0.  0.  1.] -1 260.705981445
1694 [ 0.  0.  0.  1.] -1 273.058242798
1695 [ 0.  0.  0.  1.] -1 287.154876709
1696 [ 0.  0.  0.  1.] -1 292.332040405
1697 [ 0.  0.  0.  1.] -1 302.171707153
1698 [ 0.  0.  0.  1.] -1 343.414660645
1699 [ 0.  0.  0.  1.] 0 344.414660645
1700 [ 1.  0.  0.  0.] -2 598.819625854
1701 [ 1.  0.  0.  0.] -1 657.965899658
1702 [ 1.  0.  0.  0.] -1 980.506555176
1703 [ 1.  0.  0.  0.] -1 1034.5614624
1704 [ 1.  0.  0.  0.] -1 1105.30213623
1705 [ 1.  0.  0.  0.] -1 1205.98439331
1706 [ 1.  0.  0.  0.] -1 1537.77595215
1707 [ 1.  0.  0.  0.] -1 1571.49851685
1708 [ 1.  0.  0.  0.] -1 1577.62527466
1709 [ 1.  0.  0.  0.] -1 1591.51682129
1710 [ 1.  0.  0.  0.] -1 1581.33679199
1711 [ 1.  0.  0.  0.] 0 1582.33679199
1712 [ 0.  1.  0.  0.] -2 319.374145508
1713 [ 0.  1.  0.  0.] -1 318.496788025
1714 [ 0.  1.  0.  0.] -1 311.281536865
1715 [ 0.  1.  0.  0.] -1 314.429774475
1716 [ 0.  1.  0.  0.] -1 313.707301331
1717 [ 0.  1.  0.  0.] -1 317.098518372
1718 [ 0.  1.  0.  0.] -1 312.335848999
1719 [ 0.  1.  0.  0.] -1 290.383769226
1720 [ 0.  1.  0.  0.] -1 282.240348816
1721 [ 0.  1.  0.  0.] -1 281.198184204
1722 [ 0.  1.  0.  0.] -1 268.535073853
1723 [ 0.  1.  0.  0.] -1 261.381256104
1724 [ 0.  1.  0.  0.] -1 257.944754028
1725 [ 0.  1.  0.  0.] -1 258.604750061
1726 [ 0.  1.  0.  0.] -1 245.528421021
1727 [ 0.  1.  0.  0.] -1 237.361488342
1728 [ 0.  1.  0.  0.] -1 235.681680298
1729 [ 0.  1.  0.  0.] -1 237.82587738
1730 [ 0.  1.  0.  0.] -1 227.243399811
1731 [ 0.  1.  0.  0.] -1 250.550827026
1732 [ 0.  1.  0.  0.] -1 244.86335144
1733 [ 0.  1.  0.  0.] -1 245.588752747
1734 [ 0.  1.  0.  0.] -1 246.108052063
1735 [ 0.  1.  0.  0.] -1 218.727450562
1736 [ 0.  1.  0.  0.] -1 220.169251251
1737 [ 0.  1.  0.  0.] -1 223.801331329
1738 [ 0.  1.  0.  0.] -1 204.326969147
1739 [ 0.  1.  0.  0.] -1 240.502593994
1740 [ 0.  1.  0.  0.] -1 241.959020996
1741 [ 0.  1.  0.  0.] -1 255.850248718
1742 [ 0.  1.  0.  0.] -1 257.571775818
1743 [ 0.  1.  0.  0.] -1 262.699131775
1744 [ 0.  1.  0.  0.] -1 264.53404541
1745 [ 0.  1.  0.  0.] -1 263.324134827
1746 [ 0.  1.  0.  0.] -1 248.585479736
1747 [ 0.  1.  0.  0.] -1 224.547142792
1748 [ 0.  1.  0.  0.] -1 222.605728149
1749 [ 0.  1.  0.  0.] -1 227.92670517
1750 [ 0.  1.  0.  0.] -1 212.709455109
1751 [ 0.  1.  0.  0.] -1 218.778026581
1752 [ 0.  1.  0.  0.] -1 210.975519562
1753 [ 0.  1.  0.  0.] -1 66.3540737152
1754 [ 0.  1.  0.  0.] -1 67.1722267151
1755 [ 0.  1.  0.  0.] -1 70.1836090088
1756 [ 0.  1.  0.  0.] -1 71.5570327759
1757 [ 0.  1.  0.  0.] -1 72.4446498871
1758 [ 0.  1.  0.  0.] -1 73.9150943756
1759 [ 0.  1.  0.  0.] -1 80.1967983246
1760 [ 0.  1.  0.  0.] -1 82.5996593475
1761 [ 0.  1.  0.  0.] -1 83.3786083221
1762 [ 0.  1.  0.  0.] -1 83.2663379669
1763 [ 0.  1.  0.  0.] -1 83.8528038025
1764 [ 0.  1.  0.  0.] -1 84.7276935577
1765 [ 0.  1.  0.  0.] -1 86.0208320618
1766 [ 0.  1.  0.  0.] -1 86.5028553009
1767 [ 0.  1.  0.  0.] -1 90.6994327545
1768 [ 0.  1.  0.  0.] -1 91.552897644
1769 [ 0.  1.  0.  0.] -1 92.136239624
1770 [ 0.  1.  0.  0.] -1 92.9339099884
1771 [ 0.  1.  0.  0.] -1 97.6128585815
1772 [ 0.  1.  0.  0.] -1 101.328485489
1773 [ 0.  1.  0.  0.] -1 107.39230957
1774 [ 0.  1.  0.  0.] -1 112.972508621
1775 [ 0.  1.  0.  0.] -1 126.62247467
1776 [ 0.  1.  0.  0.] -1 133.886199951
1777 [ 0.  1.  0.  0.] -1 140.005376434
1778 [ 0.  1.  0.  0.] -1 141.380365753
1779 [ 0.  1.  0.  0.] 0 142.380365753
1780 [ 0.  0.  1.  0.] -2 96.4750972748
1781 [ 0.  0.  1.  0.] -1 97.4463230133
1782 [ 0.  0.  1.  0.] -1 97.9803936005
1783 [ 0.  0.  1.  0.] -1 83.4188632965
1784 [ 0.  0.  1.  0.] -1 83.011863327
1785 [ 0.  0.  1.  0.] -1 83.0889595032
1786 [ 0.  0.  1.  0.] -1 83.6092010498
1787 [ 0.  0.  1.  0.] -1 75.6191757202
1788 [ 0.  0.  1.  0.] -1 75.7380996704
1789 [ 0.  0.  1.  0.] -1 75.7303661346
1790 [ 0.  0.  1.  0.] -1 77.8152462006
1791 [ 0.  0.  1.  0.] -1 66.426574707
1792 [ 0.  0.  1.  0.] -1 65.5984630585
1793 [ 0.  0.  1.  0.] -1 64.851984787
1794 [ 0.  0.  1.  0.] -1 66.8983421326
1795 [ 0.  0.  1.  0.] -1 61.3224990845
1796 [ 0.  0.  1.  0.] -1 60.4093982697
1797 [ 0.  0.  1.  0.] -1 60.6284015656
1798 [ 0.  0.  1.  0.] -1 62.2476459503
1799 [ 0.  0.  1.  0.] -1 33.1674278259
1800 [ 0.  0.  1.  0.] -1 32.2870368958
1801 [ 0.  0.  1.  0.] -1 32.5449579239
1802 [ 0.  0.  1.  0.] -1 34.8156457901
1803 [ 0.  0.  1.  0.] 0 35.8156457901
1804 [ 0.  0.  0.  1.] -2 30.7162555695
1805 [ 0.  0.  0.  1.] -1 30.4817201614
1806 [ 0.  0.  0.  1.] -1 24.4266062737
1807 [ 0.  0.  0.  1.] -1 23.3616704941
1808 [ 0.  0.  0.  1.] -1 22.3632072449
1809 [ 0.  0.  0.  1.] -1 21.7240073204
1810 [ 0.  0.  0.  1.] -1 20.4590034485
1811 [ 0.  0.  0.  1.] 0 21.4590034485
1812 [ 0.  0.  1.  0.] -2 18.2911344528
1813 [ 0.  0.  1.  0.] -1 20.1308174133
1814 [ 0.  0.  1.  0.] 9 31.2659910202
1815 [ 0.  0.  1.  0.] -1 22.8975097656
1816 [ 0.  0.  1.  0.] -1 22.6163265228
1817 [ 0.  0.  1.  0.] -1 23.0931475639
1818 [ 0.  0.  1.  0.] 9 34.2298015594
1819 [ 0.  0.  1.  0.] -1 17.5591630936
1820 [ 0.  0.  1.  0.] -1 17.5217094421
1821 [ 0.  0.  1.  0.] -1 17.6419996262
1822 [ 0.  0.  1.  0.] 9 28.0722491264
1823 [ 0.  0.  1.  0.] -1 15.5085838318
1824 [ 0.  0.  1.  0.] -1 15.4552753448
1825 [ 0.  0.  1.  0.] -1 15.888525486
1826 [ 0.  0.  1.  0.] 9 26.6676556587
1827 [ 0.  0.  1.  0.] -1 13.1080702305
1828 [ 0.  0.  1.  0.] -1 12.8759563446
1829 [ 0.  0.  1.  0.] -1 13.2086759567
1830 [ 0.  0.  1.  0.] 9 24.5784793854
1831 [ 0.  0.  1.  0.] -1 9.23558645248
1832 [ 0.  0.  1.  0.] -1 9.05585331917
1833 [ 0.  0.  1.  0.] -1 9.07872414589
1834 [ 0.  0.  1.  0.] -1 9.40757608414
1835 [ 0.  0.  1.  0.] 0 10.4075760841
1836 [ 0.  1.  0.  0.] -2 21.5792062759
1837 [ 0.  1.  0.  0.] -1 22.8916788101
1838 [ 0.  1.  0.  0.] -1 23.4867080688
1839 [ 0.  1.  0.  0.] -1 28.9067696571
1840 [ 0.  1.  0.  0.] -1 31.9324394226
1841 [ 0.  1.  0.  0.] -1 34.6422210693
1842 [ 0.  1.  0.  0.] -1 35.0038743973
1843 [ 0.  1.  0.  0.] -1 40.5345012665
1844 [ 0.  1.  0.  0.] -1 42.6067228317
1845 [ 0.  1.  0.  0.] -1 44.892830658
1846 [ 0.  1.  0.  0.] -1 48.5677785873
1847 [ 0.  1.  0.  0.] -1 53.7077314377
1848 [ 0.  1.  0.  0.] -1 45.1503131866
1849 [ 0.  1.  0.  0.] -1 42.7009531021
1850 [ 0.  1.  0.  0.] -1 42.4096879959
1851 [ 0.  1.  0.  0.] -1 39.9881998062
1852 [ 0.  1.  0.  0.] -1 33.8704475403
1853 [ 0.  1.  0.  0.] -1 33.7253875732
1854 [ 0.  1.  0.  0.] -1 33.2716276169
1855 [ 0.  1.  0.  0.] -1 33.3379207611
1856 [ 0.  1.  0.  0.] -1 31.2828514099
1857 [ 0.  1.  0.  0.] -1 32.3963935852
1858 [ 0.  1.  0.  0.] -1 32.6425802231
1859 [ 0.  1.  0.  0.] -1 33.564922142
1860 [ 0.  1.  0.  0.] -1 28.703597641
1861 [ 0.  1.  0.  0.] -1 28.5813940048
1862 [ 0.  1.  0.  0.] -1 28.4186074257
1863 [ 0.  1.  0.  0.] -1 28.6270196915
1864 [ 0.  1.  0.  0.] -1 27.310503006
1865 [ 0.  1.  0.  0.] -1 27.4692379951
1866 [ 0.  1.  0.  0.] -1 27.1427932739
1867 [ 0.  1.  0.  0.] -1 26.5987169266
1868 [ 0.  1.  0.  0.] -1 25.620725441
1869 [ 0.  1.  0.  0.] -1 25.6021417618
1870 [ 0.  1.  0.  0.] -1 25.6417263031
1871 [ 0.  1.  0.  0.] -1 25.5175657272
1872 [ 0.  1.  0.  0.] 0 26.5175657272
1873 [ 0.  0.  1.  0.] -2 27.4185585022
1874 [ 0.  0.  1.  0.] -1 28.1619565964
1875 [ 0.  0.  1.  0.] -1 26.8252254486
1876 [ 0.  0.  1.  0.] -1 23.1072882652
1877 [ 0.  0.  1.  0.] -1 23.4397759438
1878 [ 0.  0.  1.  0.] -1 23.5673448563
1879 [ 0.  0.  1.  0.] -1 22.307387352
1880 [ 0.  0.  1.  0.] -1 20.4065828323
1881 [ 0.  0.  1.  0.] -1 20.4886075974
1882 [ 0.  0.  1.  0.] -1 20.1618240356
1883 [ 0.  0.  1.  0.] -1 19.7315546036
1884 [ 0.  0.  1.  0.] 0 20.7315546036
1885 [ 0.  1.  0.  0.] -2 19.8383598328
1886 [ 0.  1.  0.  0.] -1 20.0401205063
1887 [ 0.  1.  0.  0.] -1 21.1748918533
1888 [ 0.  1.  0.  0.] -1 19.9714427948
1889 [ 0.  1.  0.  0.] -1 19.3770767212
1890 [ 0.  1.  0.  0.] -1 19.271260643
1891 [ 0.  1.  0.  0.] -1 21.3919653893
1892 [ 0.  1.  0.  0.] -1 22.5666528702
1893 [ 0.  1.  0.  0.] -1 22.0645963669
1894 [ 0.  1.  0.  0.] -1 22.4229681969
1895 [ 0.  1.  0.  0.] -1 23.3291581154
1896 [ 0.  1.  0.  0.] 0 24.3291581154
1897 [ 1.  0.  0.  0.] -2 29.3665035248
1898 [ 1.  0.  0.  0.] -1 32.2071901321
1899 [ 1.  0.  0.  0.] -1 33.0337688446
1900 [ 1.  0.  0.  0.] -1 32.6208726883
1901 [ 1.  0.  0.  0.] -1 32.9004795074
1902 [ 1.  0.  0.  0.] -1 34.1389904022
1903 [ 1.  0.  0.  0.] -1 27.6613714218
1904 [ 1.  0.  0.  0.] -1 29.0387308121
1905 [ 1.  0.  0.  0.] -1 28.8010169983
1906 [ 1.  0.  0.  0.] -1 29.1509576797
1907 [ 1.  0.  0.  0.] -1 27.8678050041
1908 [ 1.  0.  0.  0.] 0 28.8678050041
1909 [ 0.  1.  0.  0.] -2 13.6906899452
1910 [ 0.  1.  0.  0.] -1 14.6009841919
1911 [ 0.  1.  0.  0.] -1 14.2765670776
1912 [ 0.  1.  0.  0.] -1 14.756829071
1913 [ 0.  1.  0.  0.] -1 14.7912730217
1914 [ 0.  1.  0.  0.] -1 15.1556225777
1915 [ 0.  1.  0.  0.] -1 14.8449221611
1916 [ 0.  1.  0.  0.] -1 13.7582607269
1917 [ 0.  1.  0.  0.] -1 13.5514692783
1918 [ 0.  1.  0.  0.] -1 13.6323198795
1919 [ 0.  1.  0.  0.] -1 13.1289732456
1920 [ 0.  1.  0.  0.] 0 14.1289732456
1921 [ 1.  0.  0.  0.] -2 19.127568531
1922 [ 1.  0.  0.  0.] -1 20.5495245934
1923 [ 1.  0.  0.  0.] -1 24.0715050697
1924 [ 1.  0.  0.  0.] -1 24.8430357933
1925 [ 1.  0.  0.  0.] -1 24.63361063
1926 [ 1.  0.  0.  0.] -1 24.41693573
1927 [ 1.  0.  0.  0.] -1 23.1661903381
1928 [ 1.  0.  0.  0.] -1 22.0592329025
1929 [ 1.  0.  0.  0.] -1 21.6836436272
1930 [ 1.  0.  0.  0.] -1 22.6937760353
1931 [ 1.  0.  0.  0.] -1 20.2380142212
1932 [ 1.  0.  0.  0.] 0 21.2380142212
1933 [ 0.  0.  0.  1.] -2 12.6884822369
1934 [ 0.  0.  0.  1.] -1 13.4040781975
1935 [ 0.  0.  0.  1.] -1 13.5131739616
1936 [ 0.  0.  0.  1.] -1 14.1846416473
1937 [ 0.  0.  0.  1.] -1 14.5061740875
1938 [ 0.  0.  0.  1.] -1 15.31925354
1939 [ 0.  0.  0.  1.] -1 17.9668787956
1940 [ 0.  0.  0.  1.] -1 19.3106060028
1941 [ 0.  0.  0.  1.] -1 20.6097711563
1942 [ 0.  0.  0.  1.] -1 22.0918521881
1943 [ 0.  0.  0.  1.] -1 27.9781093597
1944 [ 0.  0.  0.  1.] -1 29.5727397919
1945 [ 0.  0.  0.  1.] -1 30.7465520859
1946 [ 0.  0.  0.  1.] -1 31.8326753616
1947 [ 0.  0.  0.  1.] -1 34.0856819153
1948 [ 0.  0.  0.  1.] -1 34.7441087723
1949 [ 0.  0.  0.  1.] -1 34.7868099213
1950 [ 0.  0.  0.  1.] -1 35.0335655212
1951 [ 0.  0.  0.  1.] -1 35.4151542664
1952 [ 0.  0.  0.  1.] -1 34.9544218063
1953 [ 0.  0.  0.  1.] -1 35.184822464
1954 [ 0.  0.  0.  1.] -1 35.8688997269
1955 [ 0.  0.  0.  1.] -1 39.8137313843
1956 [ 0.  0.  0.  1.] -1 40.6383712769
1957 [ 0.  0.  0.  1.] -1 41.4168128967
1958 [ 0.  0.  0.  1.] -1 42.4954708099
1959 [ 0.  0.  0.  1.] -1 49.5752002716
1960 [ 0.  0.  0.  1.] -1 52.2556713104
1961 [ 0.  0.  0.  1.] -1 55.0083679199
1962 [ 0.  0.  0.  1.] -1 59.3590942383
1963 [ 0.  0.  0.  1.] -1 68.193952179
1964 [ 0.  0.  0.  1.] -1 74.0995685577
1965 [ 0.  0.  0.  1.] -1 76.0190074921
1966 [ 0.  0.  0.  1.] -1 79.8392292023
1967 [ 0.  0.  0.  1.] -1 106.930065918
1968 [ 0.  0.  0.  1.] 0 107.930065918
1969 [ 1.  0.  0.  0.] -2 193.051354218
1970 [ 1.  0.  0.  0.] -1 205.24391861
1971 [ 1.  0.  0.  0.] -1 213.176554871
1972 [ 1.  0.  0.  0.] -1 217.841739655
1973 [ 1.  0.  0.  0.] -1 226.166546631
1974 [ 1.  0.  0.  0.] -1 237.127264404
1975 [ 1.  0.  0.  0.] -1 212.158714294
1976 [ 1.  0.  0.  0.] -1 217.405023193
1977 [ 1.  0.  0.  0.] -1 225.247770691
1978 [ 1.  0.  0.  0.] -1 236.471109772
1979 [ 1.  0.  0.  0.] -1 224.226436615
1980 [ 1.  0.  0.  0.] 0 225.226436615
1981 [ 0.  0.  0.  1.] -2 254.508842468
1982 [ 0.  0.  0.  1.] -1 270.875631714
1983 [ 0.  0.  0.  1.] -1 306.24924469
1984 [ 0.  0.  0.  1.] -1 333.36245575
1985 [ 0.  0.  0.  1.] -1 339.368492126
1986 [ 0.  0.  0.  1.] -1 357.438235474
1987 [ 0.  0.  0.  1.] -1 482.404258728
1988 [ 0.  0.  0.  1.] 0 483.404258728
1989 [ 1.  0.  0.  0.] -2 430.831080627
1990 [ 1.  0.  0.  0.] -1 437.170018005
1991 [ 1.  0.  0.  0.] -1 560.747338867
1992 [ 1.  0.  0.  0.] -1 564.623413086
1993 [ 1.  0.  0.  0.] -1 569.482537842
1994 [ 1.  0.  0.  0.] -1 581.480114746
1995 [ 1.  0.  0.  0.] -1 564.388464355
1996 [ 1.  0.  0.  0.] -1 583.098431396
1997 [ 1.  0.  0.  0.] -1 586.356228638
1998 [ 1.  0.  0.  0.] -1 588.19586792
1999 [ 1.  0.  0.  0.] -1 528.25680542
2000 [ 1.  0.  0.  0.] -1 523.794924927
2001 [ 1.  0.  0.  0.] -1 523.015859985
2002 [ 1.  0.  0.  0.] -1 508.908093262
2003 [ 1.  0.  0.  0.] -1 435.273583984
2004 [ 1.  0.  0.  0.] -1 440.909280396
2005 [ 1.  0.  0.  0.] -1 430.531469727
2006 [ 1.  0.  0.  0.] -1 418.110903931
2007 [ 1.  0.  0.  0.] -1 304.906465149
2008 [ 1.  0.  0.  0.] -1 297.842840576
2009 [ 1.  0.  0.  0.] -1 296.25377655
2010 [ 1.  0.  0.  0.] -1 285.708422852
2011 [ 1.  0.  0.  0.] -1 259.617980957
2012 [ 1.  0.  0.  0.] 0 260.617980957
2013 [ 0.  1.  0.  0.] -2 398.578163147
2014 [ 0.  1.  0.  0.] -1 388.043554687
2015 [ 0.  1.  0.  0.] -1 386.606117249
2016 [ 0.  1.  0.  0.] -1 373.267500305
2017 [ 0.  1.  0.  0.] -1 368.598503113
2018 [ 0.  1.  0.  0.] -1 346.715365601
2019 [ 0.  1.  0.  0.] -1 337.371630859
2020 [ 0.  1.  0.  0.] -1 260.535684204
2021 [ 0.  1.  0.  0.] -1 245.44480896
2022 [ 0.  1.  0.  0.] -1 233.278079987
2023 [ 0.  1.  0.  0.] -1 222.512896729
2024 [ 0.  1.  0.  0.] -1 204.335333252
2025 [ 0.  1.  0.  0.] -1 196.393202209
2026 [ 0.  1.  0.  0.] -1 184.910851288
2027 [ 0.  1.  0.  0.] -1 170.973584747
2028 [ 0.  1.  0.  0.] -1 155.107848358
2029 [ 0.  1.  0.  0.] -1 147.418365479
2030 [ 0.  1.  0.  0.] -1 142.426748657
2031 [ 0.  1.  0.  0.] -1 139.131682587
2032 [ 0.  1.  0.  0.] -1 127.545845795
2033 [ 0.  1.  0.  0.] -1 125.289900208
2034 [ 0.  1.  0.  0.] -1 123.942510986
2035 [ 0.  1.  0.  0.] -1 119.107123184
2036 [ 0.  1.  0.  0.] -1 105.746487045
2037 [ 0.  1.  0.  0.] -1 98.2838279724
2038 [ 0.  1.  0.  0.] -1 96.4622070312
2039 [ 0.  1.  0.  0.] -1 87.0015705109
2040 [ 0.  1.  0.  0.] -1 88.1573753357
2041 [ 0.  1.  0.  0.] -1 83.1826316833
2042 [ 0.  1.  0.  0.] -1 80.3238761902
2043 [ 0.  1.  0.  0.] -1 75.1680286407
2044 [ 0.  1.  0.  0.] -1 55.7761623383
2045 [ 0.  1.  0.  0.] -1 53.8636016846
2046 [ 0.  1.  0.  0.] -1 53.1063674927
2047 [ 0.  1.  0.  0.] -1 49.4815788269
2048 [ 0.  1.  0.  0.] -1 51.2685619354
2049 [ 0.  1.  0.  0.] -1 51.0118114471
2050 [ 0.  1.  0.  0.] -1 52.6332736969
2051 [ 0.  1.  0.  0.] -1 50.4129770279
2052 [ 0.  1.  0.  0.] -1 41.1337125778
2053 [ 0.  1.  0.  0.] -1 39.3027164459
2054 [ 0.  1.  0.  0.] -1 39.1962444305
2055 [ 0.  1.  0.  0.] -1 35.8811668396
2056 [ 0.  1.  0.  0.] -1 35.8053390503
2057 [ 0.  1.  0.  0.] -1 35.5776092529
2058 [ 0.  1.  0.  0.] -1 36.1573453903
2059 [ 0.  1.  0.  0.] -1 34.0519609451
2060 [ 0.  1.  0.  0.] -1 34.2356451035
2061 [ 0.  1.  0.  0.] -1 34.9231941223
2062 [ 0.  1.  0.  0.] -1 36.0129739761
2063 [ 0.  1.  0.  0.] -1 34.6095111847
2064 [ 0.  1.  0.  0.] -1 39.9564321518
2065 [ 0.  1.  0.  0.] -1 39.4709009171
2066 [ 0.  1.  0.  0.] -1 40.2568840027
2067 [ 0.  1.  0.  0.] -1 40.5632610321
2068 [ 0.  1.  0.  0.] -1 41.9248779297
2069 [ 0.  1.  0.  0.] -1 43.8285272598
2070 [ 0.  1.  0.  0.] -1 45.3930715561
2071 [ 0.  1.  0.  0.] -1 43.7618028641
2072 [ 0.  1.  0.  0.] -1 48.268142128
2073 [ 0.  1.  0.  0.] -1 49.5401058197
2074 [ 0.  1.  0.  0.] -1 52.4593742371
2075 [ 0.  1.  0.  0.] -1 54.2810821533
2076 [ 0.  1.  0.  0.] -1 58.3450370789
2077 [ 0.  1.  0.  0.] -1 59.4565860748
2078 [ 0.  1.  0.  0.] -1 59.9217144012
2079 [ 0.  1.  0.  0.] -1 59.0591171265
2080 [ 0.  1.  0.  0.] -1 58.224630928
2081 [ 0.  1.  0.  0.] -1 58.471962738
2082 [ 0.  1.  0.  0.] -1 59.1893550873
2083 [ 0.  1.  0.  0.] -1 58.0582838058
2084 [ 0.  1.  0.  0.] -1 63.0258991241
2085 [ 0.  1.  0.  0.] -1 63.21521492
2086 [ 0.  1.  0.  0.] -1 64.8464691162
2087 [ 0.  1.  0.  0.] -1 65.6629550934
2088 [ 0.  1.  0.  0.] -1 68.6545578003
2089 [ 0.  1.  0.  0.] -1 70.0251113892
2090 [ 0.  1.  0.  0.] -1 70.9110542297
2091 [ 0.  1.  0.  0.] -1 72.3729244232
2092 [ 0.  1.  0.  0.] -1 78.646162796
2093 [ 0.  1.  0.  0.] -1 81.0085006714
2094 [ 0.  1.  0.  0.] -1 81.7848114014
2095 [ 0.  1.  0.  0.] -1 81.6888271332
2096 [ 0.  1.  0.  0.] -1 82.251461792
2097 [ 0.  1.  0.  0.] -1 83.1279605865
2098 [ 0.  1.  0.  0.] -1 84.4128799438
2099 [ 0.  1.  0.  0.] -1 84.8857273102
2100 [ 0.  1.  0.  0.] -1 89.0865592957
2101 [ 0.  1.  0.  0.] -1 89.9165554047
2102 [ 0.  1.  0.  0.] -1 90.5092906952
2103 [ 0.  1.  0.  0.] -1 91.3152889252
2104 [ 0.  1.  0.  0.] -1 94.2068702698
2105 [ 0.  1.  0.  0.] -1 97.9385368347
2106 [ 0.  1.  0.  0.] -1 104.012783432
2107 [ 0.  1.  0.  0.] -1 109.536492157
2108 [ 0.  1.  0.  0.] -1 122.823779297
2109 [ 0.  1.  0.  0.] -1 130.052642059
2110 [ 0.  1.  0.  0.] -1 135.160095215
2111 [ 0.  1.  0.  0.] -1 136.539491272
2112 [ 0.  1.  0.  0.] 0 137.539491272
2113 [ 0.  0.  1.  0.] -2 94.8692760468
2114 [ 0.  0.  1.  0.] -1 95.8438140869
2115 [ 0.  0.  1.  0.] -1 96.3908584595
2116 [ 0.  0.  1.  0.] -1 82.5530986786
2117 [ 0.  0.  1.  0.] -1 82.1268917084
2118 [ 0.  0.  1.  0.] -1 82.207416153
2119 [ 0.  0.  1.  0.] -1 82.6464229584
2120 [ 0.  0.  1.  0.] -1 75.4483566284
2121 [ 0.  0.  1.  0.] -1 75.3132698059
2122 [ 0.  0.  1.  0.] -1 75.2042900085
2123 [ 0.  0.  1.  0.] -1 77.3294178009
2124 [ 0.  0.  1.  0.] -1 66.9284934998
2125 [ 0.  0.  1.  0.] -1 66.0837406158
2126 [ 0.  0.  1.  0.] -1 64.9966533661
2127 [ 0.  0.  1.  0.] -1 67.5763565063
2128 [ 0.  0.  1.  0.] -1 61.9213371277
2129 [ 0.  0.  1.  0.] -1 60.9176662445
2130 [ 0.  0.  1.  0.] -1 60.9776573181
2131 [ 0.  0.  1.  0.] -1 62.6850437164
2132 [ 0.  0.  1.  0.] -1 32.0140909195
2133 [ 0.  0.  1.  0.] -1 30.99792099
2134 [ 0.  0.  1.  0.] -1 31.1286119461
2135 [ 0.  0.  1.  0.] -1 34.0380195618
2136 [ 0.  0.  1.  0.] 0 35.0380195618
2137 [ 0.  0.  0.  1.] -2 31.0380743027
2138 [ 0.  0.  0.  1.] -1 30.8954135895
2139 [ 0.  0.  0.  1.] -1 26.609659481
2140 [ 0.  0.  0.  1.] -1 25.2258711815
2141 [ 0.  0.  0.  1.] -1 24.25885849
2142 [ 0.  0.  0.  1.] -1 23.8698225021
2143 [ 0.  0.  0.  1.] -1 21.2095713615
2144 [ 0.  0.  0.  1.] 0 22.2095713615
2145 [ 0.  0.  1.  0.] -2 16.2607352257
2146 [ 0.  0.  1.  0.] -1 17.5578113556
2147 [ 0.  0.  1.  0.] -1 18.0971149445
2148 [ 0.  0.  1.  0.] -1 20.0635367393
2149 [ 0.  0.  1.  0.] -1 19.294776535
2150 [ 0.  0.  1.  0.] -1 20.1922399521
2151 [ 0.  0.  1.  0.] -1 21.4702157974
2152 [ 0.  0.  1.  0.] -1 15.2547596931
2153 [ 0.  0.  1.  0.] -1 15.1787941933
2154 [ 0.  0.  1.  0.] -1 15.2797940254
2155 [ 0.  0.  1.  0.] -1 15.8134079933
2156 [ 0.  0.  1.  0.] -1 13.4726354122
2157 [ 0.  0.  1.  0.] -1 13.3465577602
2158 [ 0.  0.  1.  0.] -1 13.7303263187
2159 [ 0.  0.  1.  0.] -1 15.0324114799
2160 [ 0.  0.  1.  0.] -1 14.1369756699
2161 [ 0.  0.  1.  0.] -1 13.4823177338
2162 [ 0.  0.  1.  0.] -1 13.8101323128
2163 [ 0.  0.  1.  0.] -1 14.5784793854
2164 [ 0.  0.  1.  0.] -1 9.23558645248
2165 [ 0.  0.  1.  0.] -1 9.05585331917
2166 [ 0.  0.  1.  0.] -1 9.07872414589
2167 [ 0.  0.  1.  0.] -1 9.40757608414
2168 [ 0.  0.  1.  0.] 0 10.4075760841
2169 [ 0.  0.  0.  1.] -2 10.2408652782
2170 [ 0.  0.  0.  1.] -1 10.8800409317
2171 [ 0.  0.  0.  1.] -1 9.54899487495
2172 [ 0.  0.  0.  1.] -1 9.60134754181
2173 [ 0.  0.  0.  1.] -1 9.47468099594
2174 [ 0.  0.  0.  1.] -1 9.63593916893
2175 [ 0.  0.  0.  1.] -1 11.0352280617
2176 [ 0.  0.  0.  1.] -1 11.3398230076
2177 [ 0.  0.  0.  1.] -1 12.552438879
2178 [ 0.  0.  0.  1.] -1 12.2567362309
2179 [ 0.  0.  0.  1.] -1 11.4733551502
2180 [ 0.  0.  0.  1.] 0 12.4733551502
2181 [ 0.  0.  1.  0.] -2 8.65924487114
2182 [ 0.  0.  1.  0.] -1 9.32478303909
2183 [ 0.  0.  1.  0.] -1 10.6862803459
2184 [ 0.  0.  1.  0.] -1 17.2005285263
2185 [ 0.  0.  1.  0.] -1 15.6483419418
2186 [ 0.  0.  1.  0.] -1 15.1322208405
2187 [ 0.  0.  1.  0.] -1 19.0327676773
2188 [ 0.  0.  1.  0.] -1 21.6666254997
2189 [ 0.  0.  1.  0.] -1 20.9811783791
2190 [ 0.  0.  1.  0.] -1 20.34126091
2191 [ 0.  0.  1.  0.] -1 20.5235897064
2192 [ 0.  0.  1.  0.] 0 21.5235897064
2193 [ 0.  0.  0.  1.] -2 15.2254325867
2194 [ 0.  0.  0.  1.] -1 17.3476106644
2195 [ 0.  0.  0.  1.] -1 15.964766407
2196 [ 0.  0.  0.  1.] -1 14.2754907608
2197 [ 0.  0.  0.  1.] -1 16.2703697205
2198 [ 0.  0.  0.  1.] -1 18.0888033867
2199 [ 0.  0.  0.  1.] -1 17.5940401077
2200 [ 0.  0.  0.  1.] -1 17.0642512321
2201 [ 0.  0.  0.  1.] -1 18.913470459
2202 [ 0.  0.  0.  1.] -1 19.8555774689
2203 [ 0.  0.  0.  1.] -1 21.0501677513
2204 [ 0.  0.  0.  1.] 0 22.0501677513
2205 [ 0.  0.  1.  0.] -2 16.7840353966
2206 [ 0.  0.  1.  0.] -1 18.7615249634
2207 [ 0.  0.  1.  0.] -1 20.8858391762
2208 [ 0.  0.  1.  0.] -1 26.075385952
2209 [ 0.  0.  1.  0.] -1 29.1229933739
2210 [ 0.  0.  1.  0.] -1 31.9363424301
2211 [ 0.  0.  1.  0.] -1 37.9843914032
2212 [ 0.  0.  1.  0.] -1 51.4592802048
2213 [ 0.  0.  1.  0.] -1 50.3888813019
2214 [ 0.  0.  1.  0.] -1 52.0869215012
2215 [ 0.  0.  1.  0.] -1 53.4612983704
2216 [ 0.  0.  1.  0.] 0 54.4612983704
2217 [ 0.  0.  0.  1.] -2 75.596862793
2218 [ 0.  0.  0.  1.] -1 79.9196014404
2219 [ 0.  0.  0.  1.] -1 53.1334711075
2220 [ 0.  0.  0.  1.] -1 54.1006233215
2221 [ 0.  0.  0.  1.] -1 59.4322692871
2222 [ 0.  0.  0.  1.] -1 56.7350193024
2223 [ 0.  0.  0.  1.] -1 50.962478447
2224 [ 0.  0.  0.  1.] -1 50.4670791626
2225 [ 0.  0.  0.  1.] -1 53.2962631226
2226 [ 0.  0.  0.  1.] -1 51.3405483246
2227 [ 0.  0.  0.  1.] -1 19.122725296
2228 [ 0.  0.  0.  1.] -1 16.6946994781
2229 [ 0.  0.  0.  1.] -1 16.6343568802
2230 [ 0.  0.  0.  1.] -1 13.78071661
2231 [ 0.  0.  0.  1.] -101 -101
