0 [ 0.  1.  0.  0.] -1 -1.00074266058
1 [ 0.  1.  0.  0.] -1 -1.00074237215
2 [ 0.  1.  0.  0.] -1 -1.00074236828
3 [ 0.  1.  0.  0.] -1 -1.00074226565
4 [ 0.  1.  0.  0.] -1 -1.00074233178
5 [ 0.  1.  0.  0.] 9 8.99925799536
6 [ 0.  1.  0.  0.] -1 -1.00074225625
7 [ 0.  1.  0.  0.] -1 -1.00074210208
8 [ 0.  1.  0.  0.] -1 -1.00074222251
9 [ 0.  1.  0.  0.] 9 8.99925768016
10 [ 0.  1.  0.  0.] -1 -1.00074196527
11 [ 0.  1.  0.  0.] -1 -1.0007420324
12 [ 0.  1.  0.  0.] -1 -1.00074204158
13 [ 0.  1.  0.  0.] 9 8.99925789394
14 [ 0.  1.  0.  0.] -1 -1.00074186972
15 [ 0.  1.  0.  0.] -1 -1.0007419666
16 [ 0.  1.  0.  0.] -1 -1.00074193607
17 [ 0.  1.  0.  0.] 9 8.99925790378
18 [ 0.  1.  0.  0.] 0 -0.000742096215254
19 [ 0.  0.  1.  0.] -2 -2.00074217883
20 [ 0.  0.  1.  0.] -1 -1.00074190024
21 [ 0.  0.  1.  0.] 9 8.99925810507
22 [ 0.  0.  1.  0.] -1 -1.00074215229
23 [ 0.  0.  1.  0.] -1 -1.0007420752
24 [ 0.  0.  1.  0.] -1 -1.0007423236
25 [ 0.  0.  1.  0.] 9 8.99925805994
26 [ 0.  0.  1.  0.] -1 -1.00074202543
27 [ 0.  0.  1.  0.] -1 -1.00074243486
28 [ 0.  0.  1.  0.] -1 -1.00074219044
29 [ 0.  0.  1.  0.] 9 8.99925770062
30 [ 0.  0.  1.  0.] 0 -0.000742299377453
31 [ 0.  1.  0.  0.] -2 -2.00074215671
32 [ 0.  1.  0.  0.] -1 -1.00074217474
33 [ 0.  1.  0.  0.] 9 8.99925763349
34 [ 0.  1.  0.  0.] -1 -1.00074216843
35 [ 0.  1.  0.  0.] -1 -1.00074208892
36 [ 0.  1.  0.  0.] -1 -1.00074204213
37 [ 0.  1.  0.  0.] 9 8.99925777627
38 [ 0.  1.  0.  0.] -1 -1.000742237
39 [ 0.  1.  0.  0.] -1 -1.00074265472
40 [ 0.  1.  0.  0.] -1 -1.00074263857
41 [ 0.  1.  0.  0.] 9 8.99925728003
42 [ 0.  1.  0.  0.] -1 -1.00074264886
43 [ 0.  1.  0.  0.] -1 -1.0007427213
44 [ 0.  1.  0.  0.] -1 -1.00074249635
45 [ 0.  1.  0.  0.] 9 8.99925732825
46 [ 0.  1.  0.  0.] -1 -1.00074256392
47 [ 0.  1.  0.  0.] -1 -1.00074247766
48 [ 0.  1.  0.  0.] -1 -1.00074252709
49 [ 0.  1.  0.  0.] 9 8.99925735413
50 [ 0.  1.  0.  0.] -1 -1.00074264454
51 [ 0.  1.  0.  0.] -1 -1.00074278301
52 [ 0.  1.  0.  0.] -1 -1.00074280347
53 [ 0.  1.  0.  0.] 9 8.99925712266
54 [ 0.  1.  0.  0.] 0 -0.000742877344601
55 [ 0.  0.  1.  0.] -2 -2.00074322915
56 [ 0.  0.  1.  0.] -1 -1.00074318535
57 [ 0.  0.  1.  0.] 9 8.99925679375
58 [ 0.  0.  1.  0.] -1 -1.00074272583
59 [ 0.  0.  1.  0.] -1 -1.00074285622
60 [ 0.  0.  1.  0.] -1 -1.00074286982
61 [ 0.  0.  1.  0.] 9 8.99925713095
62 [ 0.  0.  1.  0.] -1 -1.00074273578
63 [ 0.  0.  1.  0.] -1 -1.00074268148
64 [ 0.  0.  1.  0.] -1 -1.0007427276
65 [ 0.  0.  1.  0.] 9 8.99925723436
66 [ 0.  0.  1.  0.] -1 -1.00074270747
67 [ 0.  0.  1.  0.] -1 -1.00074255905
68 [ 0.  0.  1.  0.] -1 -1.00074263503
69 [ 0.  0.  1.  0.] 9 8.99925720085
70 [ 0.  0.  1.  0.] -1 -1.00074277958
71 [ 0.  0.  1.  0.] -1 -1.00074284527
72 [ 0.  0.  1.  0.] -1 -1.00074289747
73 [ 0.  0.  1.  0.] 9 8.99925714267
74 [ 0.  0.  1.  0.] -1 -1.0007428226
75 [ 0.  0.  1.  0.] -1 -1.00074286584
76 [ 0.  0.  1.  0.] -1 -1.00074286883
77 [ 0.  0.  1.  0.] 9 8.99925739173
78 [ 0.  0.  1.  0.] -1 -1.00074247036
79 [ 0.  0.  1.  0.] -1 -1.00074252532
80 [ 0.  0.  1.  0.] -1 -1.00074273424
81 [ 0.  0.  1.  0.] 9 8.99925736519
82 [ 0.  0.  1.  0.] -1 -1.00074258659
83 [ 0.  0.  1.  0.] -1 -1.00074267308
84 [ 0.  0.  1.  0.] -1 -1.00074260827
85 [ 0.  0.  1.  0.] 9 8.9992575668
86 [ 0.  0.  1.  0.] -1 -1.00074255131
87 [ 0.  0.  1.  0.] -1 -1.00074259444
88 [ 0.  0.  1.  0.] -1 -1.00074262132
89 [ 0.  0.  1.  0.] 9 8.9992574018
90 [ 0.  0.  1.  0.] 0 -0.000742598203942
91 [ 0.  0.  0.  1.] -2 -2.00074261015
92 [ 0.  0.  0.  1.] -1 -1.00074260451
93 [ 0.  0.  0.  1.] -1 -1.0007425501
94 [ 0.  0.  0.  1.] -1 -1.000742403
95 [ 0.  0.  0.  1.] -1 -1.00074224994
96 [ 0.  0.  0.  1.] -1 -1.00074244923
97 [ 0.  0.  0.  1.] -1 -1.00074279761
98 [ 0.  0.  0.  1.] -1 -1.00074287126
99 [ 0.  0.  0.  1.] -1 -1.00074271986
100 [ 0.  0.  0.  1.] -1 -1.00074276332
101 [ 0.  0.  0.  1.] -1 -1.00074257476
102 [ 0.  0.  0.  1.] -1 -1.00074268226
103 [ 0.  0.  0.  1.] -1 -1.00074260395
104 [ 0.  0.  0.  1.] -1 -1.00074253915
105 [ 0.  0.  0.  1.] -1 -1.00074263968
106 [ 0.  0.  0.  1.] -1 -1.00074282968
107 [ 0.  0.  0.  1.] -1 -1.00074259367
108 [ 0.  0.  0.  1.] -1 -1.00074284018
109 [ 0.  0.  0.  1.] -1 -1.0007423696
110 [ 0.  0.  0.  1.] -1 -1.00074258902
111 [ 0.  0.  0.  1.] -1 -1.00074232692
112 [ 0.  0.  0.  1.] -1 -1.00074262419
113 [ 0.  0.  0.  1.] -1 -1.00074259124
114 [ 0.  0.  0.  1.] -1 -1.00074253284
115 [ 0.  0.  0.  1.] -1 -1.00074257177
116 [ 0.  0.  0.  1.] -1 -1.0007426274
117 [ 0.  0.  0.  1.] -1 -1.00074274717
118 [ 0.  0.  0.  1.] -1 -1.00074284262
119 [ 0.  0.  0.  1.] -1 -1.00074280225
120 [ 0.  0.  0.  1.] -1 -1.00074276144
121 [ 0.  0.  0.  1.] -1 -1.00074277261
122 [ 0.  0.  0.  1.] -1 -1.00074251172
123 [ 0.  0.  0.  1.] -1 -1.00074299911
124 [ 0.  0.  0.  1.] -1 -1.00074262784
125 [ 0.  0.  0.  1.] -1 -1.00074343662
126 [ 0.  0.  0.  1.] -1 -1.00074303948
127 [ 0.  0.  0.  1.] -1 -1.00074312862
128 [ 0.  0.  0.  1.] -1 -1.00074312408
129 [ 0.  0.  0.  1.] 0 -0.000743124081055
130 [ 0.  1.  0.  0.] -102 -102.000743166
131 [ 0.  1.  0.  0.] -1 -1.00074285711
132 [ 0.  1.  0.  0.] -1 -1.00074286662
133 [ 0.  1.  0.  0.] -1 -1.00074281265
134 [ 0.  1.  0.  0.] -1 -1.00074286529
135 [ 0.  1.  0.  0.] -1 -1.00074259964
136 [ 0.  1.  0.  0.] 0 -0.000742599641671
137 [ 1.  0.  0.  0.] -2 -2.00074250962
138 [ 1.  0.  0.  0.] -1 -1.00074236319
139 [ 1.  0.  0.  0.] 9 8.99925720792
140 [ 1.  0.  0.  0.] -1 -1.00074282183
141 [ 1.  0.  0.  0.] -1 -1.00074266788
142 [ 1.  0.  0.  0.] -1 -1.00074239084
143 [ 1.  0.  0.  0.] 9 8.99925745709
144 [ 1.  0.  0.  0.] -1 -1.00074250763
145 [ 1.  0.  0.  0.] -1 -1.00074221002
146 [ 1.  0.  0.  0.] -1 -1.00074243629
147 [ 1.  0.  0.  0.] 9 8.99925661691
148 [ 1.  0.  0.  0.] 0 -0.000743383093504
149 [ 0.  1.  0.  0.] -2 -2.00074241008
150 [ 0.  1.  0.  0.] -1 -1.00074256381
151 [ 0.  1.  0.  0.] 9 8.99925766567
152 [ 0.  1.  0.  0.] -1 -1.00074294989
153 [ 0.  1.  0.  0.] -1 -1.00074314498
154 [ 0.  1.  0.  0.] -1 -1.00074279539
155 [ 0.  1.  0.  0.] 9 8.99925721135
156 [ 0.  1.  0.  0.] -1 -1.00074277184
157 [ 0.  1.  0.  0.] -1 -1.00074287292
158 [ 0.  1.  0.  0.] -1 -1.00074262088
159 [ 0.  1.  0.  0.] 9 8.99925719631
160 [ 0.  1.  0.  0.] 0 -0.000742803688627
161 [ 1.  0.  0.  0.] -2 -2.00074292811
162 [ 1.  0.  0.  0.] -1 -1.00074285246
163 [ 1.  0.  0.  0.] 9 8.99925741562
164 [ 1.  0.  0.  0.] -1 -1.00074265472
165 [ 1.  0.  0.  0.] -1 -1.00074276808
166 [ 1.  0.  0.  0.] -1 -1.0007426451
167 [ 1.  0.  0.  0.] 9 8.99925718492
168 [ 1.  0.  0.  0.] -1 -1.00074305142
169 [ 1.  0.  0.  0.] -1 -1.00074303804
170 [ 1.  0.  0.  0.] -1 -1.00074305938
171 [ 1.  0.  0.  0.] 9 8.99925723601
172 [ 1.  0.  0.  0.] 0 -0.000742763985181
173 [ 0.  0.  0.  1.] -2 -2.00074286219
174 [ 0.  0.  0.  1.] -1 -1.00074277704
175 [ 0.  0.  0.  1.] 9 8.99925695245
176 [ 0.  0.  0.  1.] -1 -1.00074291992
177 [ 0.  0.  0.  1.] -1 -1.00074291329
178 [ 0.  0.  0.  1.] -1 -1.00074285512
179 [ 0.  0.  0.  1.] 9 8.99925716335
180 [ 0.  0.  0.  1.] -1 -1.0007426618
181 [ 0.  0.  0.  1.] -1 -1.00074269132
182 [ 0.  0.  0.  1.] -1 -1.00074265206
183 [ 0.  0.  0.  1.] 9 8.99925709788
184 [ 0.  0.  0.  1.] -1 -1.00074246936
185 [ 0.  0.  0.  1.] -1 -1.00074265151
186 [ 0.  0.  0.  1.] -1 -1.00074258051
187 [ 0.  0.  0.  1.] 9 8.99925714931
188 [ 0.  0.  0.  1.] -1 -1.00074288343
189 [ 0.  0.  0.  1.] -1 -1.0007430209
190 [ 0.  0.  0.  1.] -1 -1.00074258394
191 [ 0.  0.  0.  1.] 9 8.99925737547
192 [ 0.  0.  0.  1.] -1 -1.00074282879
193 [ 0.  0.  0.  1.] -1 -1.00074264554
194 [ 0.  0.  0.  1.] -1 -1.00074270559
195 [ 0.  0.  0.  1.] 9 8.99925681222
196 [ 0.  0.  0.  1.] -1 -1.00074302101
197 [ 0.  0.  0.  1.] -1 -1.00074299358
198 [ 0.  0.  0.  1.] -1 -1.00074315892
199 [ 0.  0.  0.  1.] 9 8.99925725448
200 [ 0.  0.  0.  1.] -1 -1.00074289393
201 [ 0.  0.  0.  1.] -1 -1.00074277549
202 [ 0.  0.  0.  1.] -1 -1.00074292103
203 [ 0.  0.  0.  1.] 9 8.99925717651
204 [ 0.  0.  0.  1.] -1 -1.00074271333
205 [ 0.  0.  0.  1.] -1 -1.00074260042
206 [ 0.  0.  0.  1.] -1 -1.00074278633
207 [ 0.  0.  0.  1.] 9 8.99925725327
208 [ 0.  0.  0.  1.] -1 -1.00074302831
209 [ 0.  0.  0.  1.] -1 -1.00074291351
210 [ 0.  0.  0.  1.] -1 -1.00074267341
211 [ 0.  0.  0.  1.] 9 8.99925739759
212 [ 0.  0.  0.  1.] -1 -1.00074241561
213 [ 0.  0.  0.  1.] -1 -1.00074252023
214 [ 0.  0.  0.  1.] -1 -1.00074273103
215 [ 0.  0.  0.  1.] 9 8.99925728103
216 [ 0.  0.  0.  1.] -1 -1.00074249026
217 [ 0.  0.  0.  1.] -1 -1.00074247965
218 [ 0.  0.  0.  1.] -1 -1.00074278699
219 [ 0.  0.  0.  1.] 9 8.99925726311
220 [ 0.  0.  0.  1.] -1 -1.00074285025
221 [ 0.  0.  0.  1.] -1 -1.00074244105
222 [ 0.  0.  0.  1.] -1 -1.00074290333
223 [ 0.  0.  0.  1.] 9 8.99925782283
224 [ 0.  0.  0.  1.] -1 -1.00074233289
225 [ 0.  0.  0.  1.] -1 -1.00074231707
226 [ 0.  0.  0.  1.] -1 -1.00074250354
227 [ 0.  0.  0.  1.] 9 8.99925780558
228 [ 0.  0.  0.  1.] -1 -1.00074245919
229 [ 0.  0.  0.  1.] -1 -1.00074250519
230 [ 0.  0.  0.  1.] -1 -1.00074258858
231 [ 0.  0.  0.  1.] 9 8.99925768768
232 [ 0.  0.  0.  1.] -1 -1.00074215483
233 [ 0.  0.  0.  1.] -1 -1.00074238155
234 [ 0.  0.  0.  1.] -1 -1.00074269962
235 [ 0.  0.  0.  1.] 9 8.99925646462
236 [ 0.  0.  0.  1.] -1 -1.00074341738
237 [ 0.  0.  0.  1.] -1 -1.00074349833
238 [ 0.  0.  0.  1.] -1 -1.00074327604
239 [ 0.  0.  0.  1.] 9 8.99925786994
240 [ 0.  0.  0.  1.] 0 -0.000742130057188
241 [ 0.  0.  1.  0.] -2 -2.00074269144
242 [ 0.  0.  1.  0.] -1 -1.00074266478
243 [ 0.  0.  1.  0.] 9 8.9992574885
244 [ 0.  0.  1.  0.] -1 -1.00074293784
245 [ 0.  0.  1.  0.] -1 -1.00074293165
246 [ 0.  0.  1.  0.] -1 -1.00074269984
247 [ 0.  0.  1.  0.] 49 48.9992575793
248 [ 0.  0.  1.  0.] -1 -1.00074194669
249 [ 0.  0.  1.  0.] -1 -1.00074204512
250 [ 0.  0.  1.  0.] -1 -1.00074219597
251 [ 0.  0.  1.  0.] 9 8.99925818038
252 [ 0.  0.  1.  0.] -1 -1.00074199867
253 [ 0.  0.  1.  0.] -1 -1.00074230933
254 [ 0.  0.  1.  0.] -1 -1.00074211369
255 [ 0.  0.  1.  0.] 9 8.99925731465
256 [ 0.  0.  1.  0.] -1 -1.00074245852
257 [ 0.  0.  1.  0.] -1 -1.00074278588
258 [ 0.  0.  1.  0.] -1 -1.00074228058
259 [ 0.  0.  1.  0.] 9 8.9992574624
260 [ 0.  0.  1.  0.] -1 -1.00074205154
261 [ 0.  0.  1.  0.] -1 -1.00074177151
262 [ 0.  0.  1.  0.] -1 -1.00074214377
263 [ 0.  0.  1.  0.] 9 8.99925794714
264 [ 0.  0.  1.  0.] 0 -0.000742052862188
265 [ 0.  1.  0.  0.] -2 -2.00074221101
266 [ 0.  1.  0.  0.] -1 -1.00074234937
267 [ 0.  1.  0.  0.] 9 8.99925751648
268 [ 0.  1.  0.  0.] -1 -1.00074202931
269 [ 0.  1.  0.  0.] -1 -1.00074184461
270 [ 0.  1.  0.  0.] -1 -1.00074226089
271 [ 0.  1.  0.  0.] 9 8.99925786309
272 [ 0.  1.  0.  0.] -1 -1.00074198252
273 [ 0.  1.  0.  0.] -1 -1.00074206923
274 [ 0.  1.  0.  0.] -1 -1.00074190931
275 [ 0.  1.  0.  0.] 9 8.99925755055
276 [ 0.  1.  0.  0.] -1 -1.00074239217
277 [ 0.  1.  0.  0.] -1 -1.00074241296
278 [ 0.  1.  0.  0.] -1 -1.00074197169
279 [ 0.  1.  0.  0.] 9 8.99925812531
280 [ 0.  1.  0.  0.] -1 -1.00074205507
281 [ 0.  1.  0.  0.] -1 -1.00074198485
282 [ 0.  1.  0.  0.] -1 -1.00074218889
283 [ 0.  1.  0.  0.] 9 8.99925823701
284 [ 0.  1.  0.  0.] 0 -0.000741762993857
285 [ 1.  0.  0.  0.] -2 -2.00074227162
286 [ 1.  0.  0.  0.] -1 -1.00074217452
287 [ 1.  0.  0.  0.] 9 8.99925741341
288 [ 1.  0.  0.  0.] -1 -1.00074288509
289 [ 1.  0.  0.  0.] -1 -1.00074282459
290 [ 1.  0.  0.  0.] -1 -1.0007429009
291 [ 1.  0.  0.  0.] 9 8.99925683478
292 [ 1.  0.  0.  0.] -1 -1.00074262895
293 [ 1.  0.  0.  0.] -1 -1.00074268148
294 [ 1.  0.  0.  0.] -1 -1.0007425668
295 [ 1.  0.  0.  0.] 9 8.99925775216
296 [ 1.  0.  0.  0.] -1 -1.00074225138
297 [ 1.  0.  0.  0.] -1 -1.00074266058
298 [ 1.  0.  0.  0.] -1 -1.00074271013
299 [ 1.  0.  0.  0.] 9 8.99925811148
300 [ 1.  0.  0.  0.] -1 -1.00074159998
301 [ 1.  0.  0.  0.] -1 -1.00074201106
302 [ 1.  0.  0.  0.] -1 -1.00074179739
303 [ 1.  0.  0.  0.] 9 8.99925754745
304 [ 1.  0.  0.  0.] -1 -1.00074232304
305 [ 1.  0.  0.  0.] -1 -1.00074235777
306 [ 1.  0.  0.  0.] -1 -1.00074237878
307 [ 1.  0.  0.  0.] -1 -1.00074202853
308 [ 1.  0.  0.  0.] 0 -0.000742028531386
309 [ 0.  1.  0.  0.] -2 -2.00074228113
310 [ 0.  1.  0.  0.] -1 -1.00074214189
311 [ 0.  1.  0.  0.] -1 -1.00074231011
312 [ 0.  1.  0.  0.] -1 -1.00074238409
313 [ 0.  1.  0.  0.] -1 -1.00074223158
314 [ 0.  1.  0.  0.] -1 -1.00074196085
315 [ 0.  1.  0.  0.] -1 -1.00074242933
316 [ 0.  1.  0.  0.] -1 -1.00074195642
317 [ 0.  1.  0.  0.] -1 -1.00074204302
318 [ 0.  1.  0.  0.] -1 -1.00074210351
319 [ 0.  1.  0.  0.] -1 -1.00074206879
320 [ 0.  1.  0.  0.] -1 -1.00074226576
321 [ 0.  1.  0.  0.] -1 -1.00074213083
322 [ 0.  1.  0.  0.] -1 -1.00074198219
323 [ 0.  1.  0.  0.] -1 -1.00074237602
324 [ 0.  1.  0.  0.] -1 -1.00074255762
325 [ 0.  1.  0.  0.] -1 -1.0007424792
326 [ 0.  1.  0.  0.] -1 -1.00074255209
327 [ 0.  1.  0.  0.] -1 -1.00074251227
328 [ 0.  1.  0.  0.] -1 -1.00074223678
329 [ 0.  1.  0.  0.] -1 -1.00074233621
330 [ 0.  1.  0.  0.] -1 -1.00074242734
331 [ 0.  1.  0.  0.] -1 -1.00074234605
332 [ 0.  1.  0.  0.] -1 -1.00074211457
333 [ 0.  1.  0.  0.] -1 -1.00074187348
334 [ 0.  1.  0.  0.] -1 -1.00074197456
335 [ 0.  1.  0.  0.] -1 -1.00074200918
336 [ 0.  1.  0.  0.] -1 -1.00074193132
337 [ 0.  1.  0.  0.] -1 -1.0007421409
338 [ 0.  1.  0.  0.] -1 -1.00074210462
339 [ 0.  1.  0.  0.] -1 -1.00074197124
340 [ 0.  1.  0.  0.] -1 -1.00074189715
341 [ 0.  1.  0.  0.] -1 -1.00074180314
342 [ 0.  1.  0.  0.] -1 -1.00074167629
343 [ 0.  1.  0.  0.] -1 -1.00074205231
344 [ 0.  1.  0.  0.] -1 -1.00074201438
345 [ 0.  1.  0.  0.] -1 -1.00074191185
346 [ 0.  1.  0.  0.] -1 -1.00074196107
347 [ 0.  1.  0.  0.] -1 -1.00074205518
348 [ 0.  1.  0.  0.] -1 -1.00074219431
349 [ 0.  1.  0.  0.] -1 -1.00074201139
350 [ 0.  1.  0.  0.] -1 -1.00074206304
351 [ 0.  1.  0.  0.] -1 -1.00074213581
352 [ 0.  1.  0.  0.] -1 -1.00074202477
353 [ 0.  1.  0.  0.] -1 -1.00074196549
354 [ 0.  1.  0.  0.] -1 -1.00074184716
355 [ 0.  1.  0.  0.] -1 -1.00074200088
356 [ 0.  1.  0.  0.] -1 -1.00074186507
357 [ 0.  1.  0.  0.] -1 -1.000741952
358 [ 0.  1.  0.  0.] -1 -1.00074191307
359 [ 0.  1.  0.  0.] 9 8.99925818868
360 [ 0.  1.  0.  0.] -1 -1.00074178003
361 [ 0.  1.  0.  0.] -1 -1.00074186861
362 [ 0.  1.  0.  0.] -1 -1.00074188741
363 [ 0.  1.  0.  0.] 9 8.99925829949
364 [ 0.  1.  0.  0.] -1 -1.00074164101
365 [ 0.  1.  0.  0.] -1 -1.00074167109
366 [ 0.  1.  0.  0.] -1 -1.00074160694
367 [ 0.  1.  0.  0.] 9 8.99925822119
368 [ 0.  1.  0.  0.] -1 -1.00074176476
369 [ 0.  1.  0.  0.] -1 -1.00074175282
370 [ 0.  1.  0.  0.] -1 -1.00074167983
371 [ 0.  1.  0.  0.] 9 8.99925828102
372 [ 0.  1.  0.  0.] -1 -1.00074151803
373 [ 0.  1.  0.  0.] -1 -1.00074165052
374 [ 0.  1.  0.  0.] -1 -1.00074146074
375 [ 0.  1.  0.  0.] 9 8.99925850221
376 [ 0.  1.  0.  0.] -1 -1.00074177372
377 [ 0.  1.  0.  0.] -1 -1.00074158571
378 [ 0.  1.  0.  0.] -1 -1.00074168326
379 [ 0.  1.  0.  0.] 9 8.99925851393
380 [ 0.  1.  0.  0.] -1 -1.00074150984
381 [ 0.  1.  0.  0.] -1 -1.00074121843
382 [ 0.  1.  0.  0.] -1 -1.00074144835
383 [ 0.  1.  0.  0.] 9 8.99925858648
384 [ 0.  1.  0.  0.] -1 -1.00074134882
385 [ 0.  1.  0.  0.] -1 -1.00074133367
386 [ 0.  1.  0.  0.] -1 -1.00074135833
387 [ 0.  1.  0.  0.] 9 8.99925870836
388 [ 0.  1.  0.  0.] 0 -0.000741291639861
389 [ 0.  0.  1.  0.] -2 -2.00074126985
390 [ 0.  0.  1.  0.] -1 -1.00074145333
391 [ 0.  0.  1.  0.] 9 8.99925856238
392 [ 0.  0.  1.  0.] -1 -1.00074172241
393 [ 0.  0.  1.  0.] -1 -1.00074167607
394 [ 0.  0.  1.  0.] -1 -1.00074177118
395 [ 0.  0.  1.  0.] 49 48.9992582752
396 [ 0.  0.  1.  0.] -1 -1.0007413935
397 [ 0.  0.  1.  0.] -1 -1.00074153827
398 [ 0.  0.  1.  0.] -1 -1.00074148551
399 [ 0.  0.  1.  0.] 9 8.99925852477
400 [ 0.  0.  1.  0.] -1 -1.00074146992
401 [ 0.  0.  1.  0.] -1 -1.00074150409
402 [ 0.  0.  1.  0.] -1 -1.00074146881
403 [ 0.  0.  1.  0.] 9 8.99925851736
404 [ 0.  0.  1.  0.] -1 -1.00074128744
405 [ 0.  0.  1.  0.] -1 -1.00074150011
406 [ 0.  0.  1.  0.] -1 -1.00074143265
407 [ 0.  0.  1.  0.] 9 8.99925853705
408 [ 0.  0.  1.  0.] -1 -1.00074145079
409 [ 0.  0.  1.  0.] -1 -1.00074147821
410 [ 0.  0.  1.  0.] -1 -1.00074160772
411 [ 0.  0.  1.  0.] 9 8.99925859423
412 [ 0.  0.  1.  0.] 0 -0.000741405773442
413 [ 0.  0.  0.  1.] -2 -2.0007415
414 [ 0.  0.  0.  1.] -1 -1.00074144813
415 [ 0.  0.  0.  1.] 9 8.99925853793
416 [ 0.  0.  0.  1.] -1 -1.00074144879
417 [ 0.  0.  0.  1.] -1 -1.00074146671
418 [ 0.  0.  0.  1.] -1 -1.00074134074
419 [ 0.  0.  0.  1.] 9 8.99925877615
420 [ 0.  0.  0.  1.] -1 -1.00074135733
421 [ 0.  0.  0.  1.] -1 -1.00074120195
422 [ 0.  0.  0.  1.] -1 -1.00074139781
423 [ 0.  0.  0.  1.] 9 8.99925834649
424 [ 0.  0.  0.  1.] -1 -1.00074165638
425 [ 0.  0.  0.  1.] -1 -1.00074151626
426 [ 0.  0.  0.  1.] -1 -1.00074168248
427 [ 0.  0.  0.  1.] 9 8.99925864698
428 [ 0.  0.  0.  1.] -1 -1.00074131796
429 [ 0.  0.  0.  1.] -1 -1.00074109965
430 [ 0.  0.  0.  1.] -1 -1.00074127826
431 [ 0.  0.  0.  1.] 9 8.99925839593
432 [ 0.  0.  0.  1.] 0 -0.000741604069481
433 [ 1.  0.  0.  0.] -2 -2.00074127594
434 [ 1.  0.  0.  0.] -1 -1.00074138863
435 [ 1.  0.  0.  0.] 9 8.99925864134
436 [ 1.  0.  0.  0.] -1 -1.0007413476
437 [ 1.  0.  0.  0.] -1 -1.00074131851
438 [ 1.  0.  0.  0.] -1 -1.00074138719
439 [ 1.  0.  0.  0.] 9 8.99925844282
440 [ 1.  0.  0.  0.] -1 -1.00074145012
441 [ 1.  0.  0.  0.] -1 -1.00074190389
442 [ 1.  0.  0.  0.] -1 -1.0007416493
443 [ 1.  0.  0.  0.] 9 8.99925835136
444 [ 1.  0.  0.  0.] -1 -1.0007415626
445 [ 1.  0.  0.  0.] -1 -1.00074150265
446 [ 1.  0.  0.  0.] -1 -1.0007414019
447 [ 1.  0.  0.  0.] 9 8.9992579791
448 [ 1.  0.  0.  0.] -1 -1.00074183234
449 [ 1.  0.  0.  0.] -1 -1.00074187049
450 [ 1.  0.  0.  0.] -1 -1.00074172838
451 [ 1.  0.  0.  0.] 9 8.99925838144
452 [ 1.  0.  0.  0.] -1 -1.00074178788
453 [ 1.  0.  0.  0.] -1 -1.00074176753
454 [ 1.  0.  0.  0.] -1 -1.0007417077
455 [ 1.  0.  0.  0.] -1 -1.00074176067
456 [ 1.  0.  0.  0.] 0 -0.000741760671372
457 [ 0.  1.  0.  0.] -2 -2.00074151736
458 [ 0.  1.  0.  0.] -1 -1.00074164001
459 [ 0.  1.  0.  0.] -1 -1.00074163559
460 [ 0.  1.  0.  0.] -1 -1.00074155519
461 [ 0.  1.  0.  0.] -1 -1.00074159036
462 [ 0.  1.  0.  0.] -1 -1.00074149447
463 [ 0.  1.  0.  0.] -1 -1.00074162973
464 [ 0.  1.  0.  0.] -1 -1.00074161568
465 [ 0.  1.  0.  0.] -1 -1.00074166954
466 [ 0.  1.  0.  0.] -1 -1.00074141794
467 [ 0.  1.  0.  0.] -1 -1.00074156713
468 [ 0.  1.  0.  0.] -1 -1.00074163448
469 [ 0.  1.  0.  0.] -1 -1.00074156182
470 [ 0.  1.  0.  0.] -1 -1.00074163128
471 [ 0.  1.  0.  0.] -1 -1.00074157908
472 [ 0.  1.  0.  0.] -1 -1.00074158715
473 [ 0.  1.  0.  0.] -1 -1.00074162243
474 [ 0.  1.  0.  0.] -1 -1.00074164986
475 [ 0.  1.  0.  0.] -1 -1.00074161424
476 [ 0.  1.  0.  0.] 0 -0.00074161424418
477 [ 0.  0.  1.  0.] -2 -2.00074159998
478 [ 0.  0.  1.  0.] -1 -1.00074170537
479 [ 0.  0.  1.  0.] -1 -1.00074164278
480 [ 0.  0.  1.  0.] -1 -1.00074168314
481 [ 0.  0.  1.  0.] -1 -1.00074174121
482 [ 0.  0.  1.  0.] -1 -1.00074171942
483 [ 0.  0.  1.  0.] -1 -1.00074173347
484 [ 0.  0.  1.  0.] -1 -1.00074152566
485 [ 0.  0.  1.  0.] -1 -1.00074146815
486 [ 0.  0.  1.  0.] -1 -1.00074142889
487 [ 0.  0.  1.  0.] -1 -1.00074151526
488 [ 0.  0.  1.  0.] -1 -1.00074144879
489 [ 0.  0.  1.  0.] -1 -1.00074142181
490 [ 0.  0.  1.  0.] -1 -1.00074154689
491 [ 0.  0.  1.  0.] -1 -1.00074138509
492 [ 0.  0.  1.  0.] -1 -1.00074160894
493 [ 0.  0.  1.  0.] -1 -1.00074155585
494 [ 0.  0.  1.  0.] -1 -1.00074172794
495 [ 0.  0.  1.  0.] -1 -1.00074170493
496 [ 0.  0.  1.  0.] -1 -1.00074141119
497 [ 0.  0.  1.  0.] -1 -1.00074163349
498 [ 0.  0.  1.  0.] -1 -1.00074155552
499 [ 0.  0.  1.  0.] -1 -1.00074171157
500 [ 0.  0.  1.  0.] 0 -0.000741711567389
501 [ 0.  0.  0.  1.] -2 -2.00074156072
502 [ 0.  0.  0.  1.] -1 -1.0007416263
503 [ 0.  0.  0.  1.] -1 -1.00074182979
504 [ 0.  0.  0.  1.] -1 -1.00074176841
505 [ 0.  0.  0.  1.] -1 -1.00074177748
506 [ 0.  0.  0.  1.] -1 -1.00074172993
507 [ 0.  0.  0.  1.] -1 -1.00074147578
508 [ 0.  0.  0.  1.] 0 -0.000741475779796
509 [ 0.  0.  1.  0.] -2 -2.00074138974
510 [ 0.  0.  1.  0.] -1 -1.00074144304
511 [ 0.  0.  1.  0.] 9 8.999258596
512 [ 0.  0.  1.  0.] -1 -1.00074160119
513 [ 0.  0.  1.  0.] -1 -1.00074162608
514 [ 0.  0.  1.  0.] -1 -1.00074177671
515 [ 0.  0.  1.  0.] 9 8.99925835147
516 [ 0.  0.  1.  0.] -1 -1.0007415762
517 [ 0.  0.  1.  0.] -1 -1.00074166689
518 [ 0.  0.  1.  0.] -1 -1.00074161878
519 [ 0.  0.  1.  0.] -1 -1.00074157686
520 [ 0.  0.  1.  0.] -1 -1.0007418017
521 [ 0.  0.  1.  0.] -1 -1.00074183366
522 [ 0.  0.  1.  0.] -1 -1.00074201205
523 [ 0.  0.  1.  0.] -1 -1.00074199336
524 [ 0.  0.  1.  0.] -1 -1.0007420386
525 [ 0.  0.  1.  0.] -1 -1.00074175957
526 [ 0.  0.  1.  0.] -1 -1.00074186087
527 [ 0.  0.  1.  0.] -1 -1.00074205308
528 [ 0.  0.  1.  0.] -1 -1.00074151051
529 [ 0.  0.  1.  0.] -1 -1.0007415042
530 [ 0.  0.  1.  0.] -1 -1.00074152378
531 [ 0.  0.  1.  0.] -1 -1.00074155961
532 [ 0.  0.  1.  0.] -1 -1.00074167043
533 [ 0.  0.  1.  0.] -1 -1.00074161756
534 [ 0.  0.  1.  0.] -1 -1.00074165428
535 [ 0.  0.  1.  0.] -1 -1.00074172904
536 [ 0.  0.  1.  0.] -1 -1.00074178965
537 [ 0.  0.  1.  0.] -1 -1.0007416649
538 [ 0.  0.  1.  0.] -1 -1.00074180657
539 [ 0.  0.  1.  0.] -1 -1.00074181707
540 [ 0.  0.  1.  0.] -1 -1.00074184008
541 [ 0.  0.  1.  0.] -1 -1.00074196793
542 [ 0.  0.  1.  0.] -1 -1.00074204855
543 [ 0.  0.  1.  0.] -1 -1.00074183941
544 [ 0.  0.  1.  0.] -1 -1.00074154955
545 [ 0.  0.  1.  0.] -1 -1.00074167385
546 [ 0.  0.  1.  0.] -1 -1.00074173468
547 [ 0.  0.  1.  0.] -1 -1.00074156105
548 [ 0.  0.  1.  0.] -1 -1.00074148927
549 [ 0.  0.  1.  0.] -1 -1.00074141451
550 [ 0.  0.  1.  0.] -1 -1.00074157863
551 [ 0.  0.  1.  0.] -1 -1.00074147003
552 [ 0.  0.  1.  0.] -1 -1.00074156956
553 [ 0.  0.  1.  0.] -1 -1.00074150818
554 [ 0.  0.  1.  0.] -1 -1.00074148684
555 [ 0.  0.  1.  0.] -1 -1.00074148551
556 [ 0.  0.  1.  0.] -1 -1.00074144879
557 [ 0.  0.  1.  0.] -1 -1.0007415804
558 [ 0.  0.  1.  0.] -1 -1.00074157598
559 [ 0.  0.  1.  0.] 9 8.99925838874
560 [ 0.  0.  1.  0.] -1 -1.00074186076
561 [ 0.  0.  1.  0.] -1 -1.00074194503
562 [ 0.  0.  1.  0.] -1 -1.00074182216
563 [ 0.  0.  1.  0.] 9 8.99925813227
564 [ 0.  0.  1.  0.] -1 -1.00074184317
565 [ 0.  0.  1.  0.] -1 -1.00074211247
566 [ 0.  0.  1.  0.] -1 -1.0007420512
567 [ 0.  0.  1.  0.] 9 8.99925799912
568 [ 0.  0.  1.  0.] -1 -1.00074190621
569 [ 0.  0.  1.  0.] -1 -1.00074196815
570 [ 0.  0.  1.  0.] -1 -1.00074199823
571 [ 0.  0.  1.  0.] 9 8.99925795388
572 [ 0.  0.  1.  0.] -1 -1.00074203185
573 [ 0.  0.  1.  0.] -1 -1.00074216644
574 [ 0.  0.  1.  0.] -1 -1.00074213017
575 [ 0.  0.  1.  0.] 9 8.99925785457
576 [ 0.  0.  1.  0.] -1 -1.0007422004
577 [ 0.  0.  1.  0.] -1 -1.00074222694
578 [ 0.  0.  1.  0.] -1 -1.00074221721
579 [ 0.  0.  1.  0.] 9 8.99925771102
580 [ 0.  0.  1.  0.] -1 -1.00074217053
581 [ 0.  0.  1.  0.] -1 -1.00074216091
582 [ 0.  0.  1.  0.] -1 -1.00074211247
583 [ 0.  0.  1.  0.] 9 8.99925778821
584 [ 0.  0.  1.  0.] 0 -0.000742211786564
585 [ 0.  1.  0.  0.] -2 -2.00074231243
586 [ 0.  1.  0.  0.] -1 -1.00074229595
587 [ 0.  1.  0.  0.] 9 8.99925769974
588 [ 0.  1.  0.  0.] -1 -1.00074217385
589 [ 0.  1.  0.  0.] -1 -1.00074218248
590 [ 0.  1.  0.  0.] -1 -1.00074216467
591 [ 0.  1.  0.  0.] 9 8.99925777129
592 [ 0.  1.  0.  0.] 0 -0.000742228707531
593 [ 0.  0.  1.  0.] -2 -2.00074218768
594 [ 0.  0.  1.  0.] -1 -1.00074245122
595 [ 0.  0.  1.  0.] 9 8.99925757123
596 [ 0.  0.  1.  0.] -1 -1.00074246284
597 [ 0.  0.  1.  0.] -1 -1.0007424437
598 [ 0.  0.  1.  0.] -1 -1.00074243563
599 [ 0.  0.  1.  0.] 49 48.9992577817
600 [ 0.  0.  1.  0.] -1 -1.00074218657
601 [ 0.  0.  1.  0.] -1 -1.00074219664
602 [ 0.  0.  1.  0.] -1 -1.00074220205
603 [ 0.  0.  1.  0.] 9 8.99925779529
604 [ 0.  0.  1.  0.] 0 -0.000742204708513
605 [ 0.  0.  0.  1.] -2 -2.0007421984
606 [ 0.  0.  0.  1.] -1 -1.00074221743
607 [ 0.  0.  0.  1.] 9 8.99925777859
608 [ 0.  0.  0.  1.] -1 -1.0007422015
609 [ 0.  0.  0.  1.] -1 -1.00074219531
610 [ 0.  0.  0.  1.] -1 -1.0007422161
611 [ 0.  0.  0.  1.] 9 8.99925773878
612 [ 0.  0.  0.  1.] -1 -1.00074222605
613 [ 0.  0.  0.  1.] -1 -1.00074219807
614 [ 0.  0.  0.  1.] -1 -1.00074223844
615 [ 0.  0.  0.  1.] 9 8.99925786132
616 [ 0.  0.  0.  1.] -1 -1.00074211446
617 [ 0.  0.  0.  1.] -1 -1.00074215118
618 [ 0.  0.  0.  1.] -1 -1.00074210949
619 [ 0.  0.  0.  1.] 9 8.99925784296
620 [ 0.  0.  0.  1.] -1 -1.00074214576
621 [ 0.  0.  0.  1.] -1 -1.00074220681
622 [ 0.  0.  0.  1.] -1 -1.00074217275
623 [ 0.  0.  0.  1.] 9 8.99925790954
624 [ 0.  0.  0.  1.] 0 -0.000742090464337
625 [ 1.  0.  0.  0.] -2 -2.00074209511
626 [ 1.  0.  0.  0.] -1 -1.00074210816
627 [ 1.  0.  0.  0.] 9 8.99925798275
628 [ 1.  0.  0.  0.] -1 -1.00074204733
629 [ 1.  0.  0.  0.] -1 -1.00074200995
630 [ 1.  0.  0.  0.] -1 -1.00074208427
631 [ 1.  0.  0.  0.] 9 8.99925809932
632 [ 1.  0.  0.  0.] -1 -1.00074192745
633 [ 1.  0.  0.  0.] -1 -1.00074187392
634 [ 1.  0.  0.  0.] -1 -1.00074206315
635 [ 1.  0.  0.  0.] 9 8.99925807012
636 [ 1.  0.  0.  0.] 0 -0.000741929881042
637 [ 0.  1.  0.  0.] -2 -2.00074211004
638 [ 0.  1.  0.  0.] -1 -1.00074223955
639 [ 0.  1.  0.  0.] 9 8.99925786839
640 [ 0.  1.  0.  0.] -1 -1.00074210307
641 [ 0.  1.  0.  0.] -1 -1.0007421629
642 [ 0.  1.  0.  0.] -1 -1.00074216733
643 [ 0.  1.  0.  0.] 9 8.99925770914
644 [ 0.  1.  0.  0.] -1 -1.00074204291
645 [ 0.  1.  0.  0.] -1 -1.0007420553
646 [ 0.  1.  0.  0.] -1 -1.00074203163
647 [ 0.  1.  0.  0.] -1 -1.00074202389
648 [ 0.  1.  0.  0.] 0 -0.000742023886414
649 [ 1.  0.  0.  0.] -2 -2.00074202897
650 [ 1.  0.  0.  0.] -1 -1.00074206801
651 [ 1.  0.  0.  0.] -1 -1.00074216932
652 [ 1.  0.  0.  0.] -1 -1.00074213315
653 [ 1.  0.  0.  0.] -1 -1.00074219133
654 [ 1.  0.  0.  0.] -1 -1.00074220803
655 [ 1.  0.  0.  0.] -1 -1.00074217042
656 [ 1.  0.  0.  0.] -1 -1.00074221809
657 [ 1.  0.  0.  0.] -1 -1.00074222627
658 [ 1.  0.  0.  0.] -1 -1.000742142
659 [ 1.  0.  0.  0.] -1 -1.00074206978
660 [ 1.  0.  0.  0.] -1 -1.00074207045
661 [ 1.  0.  0.  0.] -1 -1.00074215804
662 [ 1.  0.  0.  0.] -1 -1.00074206094
663 [ 1.  0.  0.  0.] -1 -1.00074216744
664 [ 1.  0.  0.  0.] 0 -0.000742167438148
665 [ 0.  1.  0.  0.] -2 -2.00074201979
666 [ 0.  1.  0.  0.] -1 -1.00074212187
667 [ 0.  1.  0.  0.] -1 -1.00074196848
668 [ 0.  1.  0.  0.] -1 -1.000741928
669 [ 0.  1.  0.  0.] -1 -1.00074190323
670 [ 0.  1.  0.  0.] -1 -1.00074206879
671 [ 0.  1.  0.  0.] -1 -1.00074206082
672 [ 0.  1.  0.  0.] -1 -1.00074213846
673 [ 0.  1.  0.  0.] -1 -1.00074207741
674 [ 0.  1.  0.  0.] -1 -1.00074214587
675 [ 0.  1.  0.  0.] -1 -1.00074214466
676 [ 0.  1.  0.  0.] -1 -1.00074205342
677 [ 0.  1.  0.  0.] -1 -1.00074271245
678 [ 0.  1.  0.  0.] -1 -1.00074232139
679 [ 0.  1.  0.  0.] -1 -1.00074240577
680 [ 0.  1.  0.  0.] -1 -1.00074254346
681 [ 0.  1.  0.  0.] -1 -1.00074249834
682 [ 0.  1.  0.  0.] -1 -1.00074236761
683 [ 0.  1.  0.  0.] -1 -1.00074220183
684 [ 0.  1.  0.  0.] -1 -1.00074252588
685 [ 0.  1.  0.  0.] -1 -1.00074277726
686 [ 0.  1.  0.  0.] -1 -1.00074272771
687 [ 0.  1.  0.  0.] -1 -1.00074265925
688 [ 0.  1.  0.  0.] 9 8.9992574739
689 [ 0.  1.  0.  0.] 0 -0.000742526096292
690 [ 1.  0.  0.  0.] -2 -2.00074211048
691 [ 1.  0.  0.  0.] -1 -1.00074238089
692 [ 1.  0.  0.  0.] 9 8.99925776875
693 [ 1.  0.  0.  0.] -1 -1.0007421764
694 [ 1.  0.  0.  0.] -1 -1.00074235456
695 [ 1.  0.  0.  0.] -1 -1.00074240135
696 [ 1.  0.  0.  0.] 9 8.99925811026
697 [ 1.  0.  0.  0.] -1 -1.0007418685
698 [ 1.  0.  0.  0.] -1 -1.00074197987
699 [ 1.  0.  0.  0.] -1 -1.00074196815
700 [ 1.  0.  0.  0.] 9 8.99925830535
701 [ 1.  0.  0.  0.] 0 -0.000741694646422
702 [ 0.  1.  0.  0.] -2 -2.00074199668
703 [ 0.  1.  0.  0.] -1 -1.00074181132
704 [ 0.  1.  0.  0.] -1 -1.00074185888
705 [ 0.  1.  0.  0.] -1 -1.00074159655
706 [ 0.  1.  0.  0.] -1 -1.00074160761
707 [ 0.  1.  0.  0.] -1 -1.00074171455
708 [ 0.  1.  0.  0.] -1 -1.00074173767
709 [ 0.  1.  0.  0.] -1 -1.00074145609
710 [ 0.  1.  0.  0.] -1 -1.00074109533
711 [ 0.  1.  0.  0.] -1 -1.00074148695
712 [ 0.  1.  0.  0.] -1 -1.00074153373
713 [ 0.  1.  0.  0.] -1 -1.00074207321
714 [ 0.  1.  0.  0.] -1 -1.00074211468
715 [ 0.  1.  0.  0.] -1 -1.00074209367
716 [ 0.  1.  0.  0.] -1 -1.00074202367
717 [ 0.  1.  0.  0.] -1 -1.00074154579
718 [ 0.  1.  0.  0.] -1 -1.0007415846
719 [ 0.  1.  0.  0.] -1 -1.00074171179
720 [ 0.  1.  0.  0.] -1 -1.00074154545
721 [ 0.  1.  0.  0.] -1 -1.00074210418
722 [ 0.  1.  0.  0.] -1 -1.00074222849
723 [ 0.  1.  0.  0.] -1 -1.00074206691
724 [ 0.  1.  0.  0.] -1 -1.00074193408
725 [ 0.  1.  0.  0.] 0 -0.000741934083635
726 [ 0.  0.  1.  0.] -2 -2.00074202842
727 [ 0.  0.  1.  0.] -1 -1.00074196405
728 [ 0.  0.  1.  0.] -1 -1.00074194912
729 [ 0.  0.  1.  0.] -1 -1.00074223103
730 [ 0.  0.  1.  0.] -1 -1.00074181143
731 [ 0.  0.  1.  0.] -1 -1.00074217087
732 [ 0.  0.  1.  0.] -1 -1.00074188387
733 [ 0.  0.  1.  0.] -1 -1.00074228345
734 [ 0.  0.  1.  0.] -1 -1.0007424061
735 [ 0.  0.  1.  0.] -1 -1.00074220427
736 [ 0.  0.  1.  0.] 9 8.9992575396
737 [ 0.  0.  1.  0.] 0 -0.000742460403126
738 [ 0.  0.  0.  1.] -2 -2.00074204114
739 [ 0.  0.  0.  1.] -1 -1.00074215726
740 [ 0.  0.  0.  1.] 9 8.99925794338
741 [ 0.  0.  0.  1.] -1 -1.00074239615
742 [ 0.  0.  0.  1.] -1 -1.00074216279
743 [ 0.  0.  0.  1.] -1 -1.00074243729
744 [ 0.  0.  0.  1.] 9 8.99925866313
745 [ 0.  0.  0.  1.] -1 -1.00074192214
746 [ 0.  0.  0.  1.] -1 -1.0007416618
747 [ 0.  0.  0.  1.] -1 -1.00074168337
748 [ 0.  0.  0.  1.] 9 8.99925884251
749 [ 0.  0.  0.  1.] 0 -0.000741157488665
750 [ 0.  0.  1.  0.] -2 -2.00074128567
751 [ 0.  0.  1.  0.] -1 -1.00074127406
752 [ 0.  0.  1.  0.] 9 8.99925902179
753 [ 0.  0.  1.  0.] -1 -1.00074132637
754 [ 0.  0.  1.  0.] -1 -1.00074136231
755 [ 0.  0.  1.  0.] -1 -1.00074142822
756 [ 0.  0.  1.  0.] 9 8.99925871444
757 [ 0.  0.  1.  0.] -1 -1.00074081973
758 [ 0.  0.  1.  0.] -1 -1.0007410657
759 [ 0.  0.  1.  0.] -1 -1.00074106005
760 [ 0.  0.  1.  0.] 9 8.99925912353
761 [ 0.  0.  1.  0.] -1 -1.00074097523
762 [ 0.  0.  1.  0.] -1 -1.00074108936
763 [ 0.  0.  1.  0.] -1 -1.00074107134
764 [ 0.  0.  1.  0.] 9 8.99925887469
765 [ 0.  0.  1.  0.] 0 -0.000741125305649
766 [ 0.  0.  0.  1.] -2 -2.00074120637
767 [ 0.  0.  0.  1.] -1 -1.00074092347
768 [ 0.  0.  0.  1.] 9 8.99925901095
769 [ 0.  0.  0.  1.] -1 -1.00074087027
770 [ 0.  0.  0.  1.] -1 -1.00074094614
771 [ 0.  0.  0.  1.] -1 -1.00074083842
772 [ 0.  0.  0.  1.] 9 8.99925923136
773 [ 0.  0.  0.  1.] -1 -1.00074085446
774 [ 0.  0.  0.  1.] -1 -1.00074068724
775 [ 0.  0.  0.  1.] -1 -1.00074057808
776 [ 0.  0.  0.  1.] 9 8.99925921356
777 [ 0.  0.  0.  1.] 0 -0.00074078644393
778 [ 1.  0.  0.  0.] -2 -2.00074075492
779 [ 1.  0.  0.  0.] -1 -1.00074073767
780 [ 1.  0.  0.  0.] 9 8.99925924165
781 [ 1.  0.  0.  0.] -1 -1.00074073634
782 [ 1.  0.  0.  0.] -1 -1.00074087835
783 [ 1.  0.  0.  0.] -1 -1.00074065196
784 [ 1.  0.  0.  0.] 9 8.99925921964
785 [ 1.  0.  0.  0.] -1 -1.00074084075
786 [ 1.  0.  0.  0.] -1 -1.00074096804
787 [ 1.  0.  0.  0.] -1 -1.00074092745
788 [ 1.  0.  0.  0.] 9 8.99925942391
789 [ 1.  0.  0.  0.] -1 -1.00074030768
790 [ 1.  0.  0.  0.] -1 -1.00074053186
791 [ 1.  0.  0.  0.] -1 -1.00074058007
792 [ 1.  0.  0.  0.] -1 -1.00074097036
793 [ 1.  0.  0.  0.] 0 -0.000740970362676
794 [ 0.  0.  0.  1.] -2 -2.00074108074
795 [ 0.  0.  0.  1.] -1 -1.00074097766
796 [ 0.  0.  0.  1.] -1 -1.00074081785
797 [ 0.  0.  0.  1.] -1 -1.00074090644
798 [ 0.  0.  0.  1.] -1 -1.00074110595
799 [ 0.  0.  0.  1.] -1 -1.0007411399
800 [ 0.  0.  0.  1.] -1 -1.00074124165
801 [ 0.  0.  0.  1.] -1 -1.00074118834
802 [ 0.  0.  0.  1.] -1 -1.0007412641
803 [ 0.  0.  0.  1.] -1 -1.0007413288
804 [ 0.  0.  0.  1.] -1 -1.00074094294
805 [ 0.  0.  0.  1.] -1 -1.00074116976
806 [ 0.  0.  0.  1.] -1 -1.00074107012
807 [ 0.  0.  0.  1.] -1 -1.00074108339
808 [ 0.  0.  0.  1.] -1 -1.00074114599
809 [ 0.  0.  0.  1.] -1 -1.00074116921
810 [ 0.  0.  0.  1.] -1 -1.0007411701
811 [ 0.  0.  0.  1.] -1 -1.00074108173
812 [ 0.  0.  0.  1.] -1 -1.00074111181
813 [ 0.  0.  0.  1.] -1 -1.00074120206
814 [ 0.  0.  0.  1.] -1 -1.00074131697
815 [ 0.  0.  0.  1.] -1 -1.0007411858
816 [ 0.  0.  0.  1.] -1 -1.00074128025
817 [ 0.  0.  0.  1.] -1 -1.00074122185
818 [ 0.  0.  0.  1.] 0 -0.000741221854696
819 [ 0.  0.  1.  0.] -2 -2.00074109235
820 [ 0.  0.  1.  0.] -1 -1.00074101571
821 [ 0.  0.  1.  0.] -1 -1.00074095477
822 [ 0.  0.  1.  0.] -1 -1.00074104125
823 [ 0.  0.  1.  0.] -1 -1.00074111524
824 [ 0.  0.  1.  0.] -1 -1.00074106968
825 [ 0.  0.  1.  0.] -1 -1.00074107974
826 [ 0.  0.  1.  0.] -1 -1.00074112254
827 [ 0.  0.  1.  0.] -1 -1.00074112276
828 [ 0.  0.  1.  0.] -1 -1.00074117375
829 [ 0.  0.  1.  0.] -1 -1.00074117795
830 [ 0.  0.  1.  0.] -1 -1.00074114256
831 [ 0.  0.  1.  0.] -1 -1.00074112188
832 [ 0.  0.  1.  0.] -1 -1.00074103915
833 [ 0.  0.  1.  0.] -1 -1.00074106348
834 [ 0.  0.  1.  0.] 0 -0.000741063483292
835 [ 0.  0.  0.  1.] -2 -2.00074111004
836 [ 0.  0.  0.  1.] -1 -1.00074101659
837 [ 0.  0.  0.  1.] -1 -1.00074138885
838 [ 0.  0.  0.  1.] -1 -1.00074130823
839 [ 0.  0.  0.  1.] -1 -1.00074130005
840 [ 0.  0.  0.  1.] -1 -1.00074119564
841 [ 0.  0.  0.  1.] -1 -1.00074117341
842 [ 0.  0.  0.  1.] -1 -1.00074120781
843 [ 0.  0.  0.  1.] -1 -1.00074114942
844 [ 0.  0.  0.  1.] -1 -1.00074118613
845 [ 0.  0.  0.  1.] -1 -1.00074111248
846 [ 0.  0.  0.  1.] -1 -1.00074111712
847 [ 0.  0.  0.  1.] -1 -1.00074111535
848 [ 0.  0.  0.  1.] -1 -1.00074105154
849 [ 0.  0.  0.  1.] 9 8.99925873678
850 [ 0.  0.  0.  1.] -1 -1.00074109921
851 [ 0.  0.  0.  1.] -1 -1.00074113769
852 [ 0.  0.  0.  1.] -1 -1.00074113725
853 [ 0.  0.  0.  1.] 9 8.99925861535
854 [ 0.  0.  0.  1.] -1 -1.00074126499
855 [ 0.  0.  0.  1.] -1 -1.00074120383
856 [ 0.  0.  0.  1.] -1 -1.00074147921
857 [ 0.  0.  0.  1.] 9 8.99925876709
858 [ 0.  0.  0.  1.] -1 -1.00074111513
859 [ 0.  0.  0.  1.] -1 -1.00074098773
860 [ 0.  0.  0.  1.] -1 -1.00074117452
861 [ 0.  0.  0.  1.] 9 8.99925903262
862 [ 0.  0.  0.  1.] -1 -1.00074101593
863 [ 0.  0.  0.  1.] -1 -1.00074099093
864 [ 0.  0.  0.  1.] -1 -1.00074119808
865 [ 0.  0.  0.  1.] 9 8.99925881033
866 [ 0.  0.  0.  1.] -1 -1.00074124475
867 [ 0.  0.  0.  1.] -1 -1.00074125747
868 [ 0.  0.  0.  1.] -1 -1.0007414092
869 [ 0.  0.  0.  1.] 9 8.99925864355
870 [ 0.  0.  0.  1.] 0 -0.00074135644827
871 [ 1.  0.  0.  0.] -2 -2.00074138587
872 [ 1.  0.  0.  0.] -1 -1.00074145875
873 [ 1.  0.  0.  0.] 9 8.99925847445
874 [ 1.  0.  0.  0.] -1 -1.00074131066
875 [ 1.  0.  0.  0.] -1 -1.00074134307
876 [ 1.  0.  0.  0.] -1 -1.00074140655
877 [ 1.  0.  0.  0.] 9 8.99925853052
878 [ 1.  0.  0.  0.] -1 -1.00074186231
879 [ 1.  0.  0.  0.] -1 -1.00074157686
880 [ 1.  0.  0.  0.] -1 -1.00074164012
881 [ 1.  0.  0.  0.] 9 8.99925858018
882 [ 1.  0.  0.  0.] -1 -1.00074180889
883 [ 1.  0.  0.  0.] -1 -1.00074148175
884 [ 1.  0.  0.  0.] -1 -1.00074151084
885 [ 1.  0.  0.  0.] 9 8.99925841517
886 [ 1.  0.  0.  0.] 0 -0.000741584826028
887 [ 0.  1.  0.  0.] -2 -2.00074118436
888 [ 0.  1.  0.  0.] -1 -1.00074134085
889 [ 0.  1.  0.  0.] 9 8.99925841252
890 [ 0.  1.  0.  0.] -1 -1.00074155629
891 [ 0.  1.  0.  0.] -1 -1.00074130745
892 [ 0.  1.  0.  0.] -1 -1.00074136165
893 [ 0.  1.  0.  0.] 9 8.9992584019
894 [ 0.  1.  0.  0.] -1 -1.00074166103
895 [ 0.  1.  0.  0.] -1 -1.00074142214
896 [ 0.  1.  0.  0.] -1 -1.00074151504
897 [ 0.  1.  0.  0.] 9 8.99925834108
898 [ 0.  1.  0.  0.] -1 -1.00074149536
899 [ 0.  1.  0.  0.] -1 -1.00074147003
900 [ 0.  1.  0.  0.] -1 -1.00074156514
901 [ 0.  1.  0.  0.] 9 8.99925878202
902 [ 0.  1.  0.  0.] -1 -1.00074134329
903 [ 0.  1.  0.  0.] -1 -1.00074131387
904 [ 0.  1.  0.  0.] -1 -1.00074138565
905 [ 0.  1.  0.  0.] 9 8.99925852632
906 [ 0.  1.  0.  0.] -1 -1.00074133643
907 [ 0.  1.  0.  0.] -1 -1.00074138631
908 [ 0.  1.  0.  0.] -1 -1.00074147512
909 [ 0.  1.  0.  0.] 9 8.99925852632
910 [ 0.  1.  0.  0.] 0 -0.000741473678499
911 [ 0.  0.  1.  0.] -2 -2.00074170051
912 [ 0.  0.  1.  0.] -1 -1.00074168281
913 [ 0.  0.  1.  0.] 9 8.99925840876
914 [ 0.  0.  1.  0.] -1 -1.00074162066
915 [ 0.  0.  1.  0.] -1 -1.00074176609
916 [ 0.  0.  1.  0.] -1 -1.00074184937
917 [ 0.  0.  1.  0.] 9 8.99925833466
918 [ 0.  0.  1.  0.] -1 -1.00074173181
919 [ 0.  0.  1.  0.] -1 -1.00074174939
920 [ 0.  0.  1.  0.] -1 -1.00074165671
921 [ 0.  0.  1.  0.] 9 8.99925824231
922 [ 0.  0.  1.  0.] -1 -1.00074173159
923 [ 0.  0.  1.  0.] -1 -1.00074157034
924 [ 0.  0.  1.  0.] -1 -1.00074163072
925 [ 0.  0.  1.  0.] -1 -1.00074169918
926 [ 0.  0.  1.  0.] 0 -0.000741699180799
927 [ 0.  1.  0.  0.] -2 -2.00074176897
928 [ 0.  1.  0.  0.] -1 -1.00074178356
929 [ 0.  1.  0.  0.] -1 -1.00074179838
930 [ 0.  1.  0.  0.] -1 -1.00074169841
931 [ 0.  1.  0.  0.] -1 -1.00074168856
932 [ 0.  1.  0.  0.] -1 -1.00074177947
933 [ 0.  1.  0.  0.] -1 -1.00074171865
934 [ 0.  1.  0.  0.] -1 -1.00074162685
935 [ 0.  1.  0.  0.] -1 -1.00074159854
936 [ 0.  1.  0.  0.] -1 -1.00074163094
937 [ 0.  1.  0.  0.] -1 -1.00074157852
938 [ 0.  1.  0.  0.] -1 -1.00074168303
939 [ 0.  1.  0.  0.] -1 -1.000741737
940 [ 0.  1.  0.  0.] -1 -1.00074168414
941 [ 0.  1.  0.  0.] -1 -1.00074171433
942 [ 0.  1.  0.  0.] -1 -1.00074177339
943 [ 0.  1.  0.  0.] -1 -1.00074179695
944 [ 0.  1.  0.  0.] -1 -1.00074177792
945 [ 0.  1.  0.  0.] -1 -1.00074179507
946 [ 0.  1.  0.  0.] 0 -0.000741795066278
947 [ 0.  0.  1.  0.] -2 -2.00074167054
948 [ 0.  0.  1.  0.] -1 -1.00074166103
949 [ 0.  0.  1.  0.] -1 -1.00074164986
950 [ 0.  0.  1.  0.] -1 -1.00074167972
951 [ 0.  0.  1.  0.] -1 -1.00074170327
952 [ 0.  0.  1.  0.] -1 -1.00074168182
953 [ 0.  0.  1.  0.] -1 -1.0007416921
954 [ 0.  0.  1.  0.] -1 -1.00074169011
955 [ 0.  0.  1.  0.] -1 -1.00074170936
956 [ 0.  0.  1.  0.] -1 -1.00074169033
957 [ 0.  0.  1.  0.] -1 -1.00074169299
958 [ 0.  0.  1.  0.] 0 -0.000741692987503
959 [ 0.  0.  0.  1.] -2 -2.00074167043
960 [ 0.  0.  0.  1.] -1 -1.00074167043
961 [ 0.  0.  0.  1.] -1 -1.00074170604
962 [ 0.  0.  0.  1.] -1 -1.00074170018
963 [ 0.  0.  0.  1.] -1 -1.00074168757
964 [ 0.  0.  0.  1.] -1 -1.00074175337
965 [ 0.  0.  0.  1.] -1 -1.00074169608
966 [ 0.  0.  0.  1.] -1 -1.00074172119
967 [ 0.  0.  0.  1.] -1 -1.00074165671
968 [ 0.  0.  0.  1.] -1 -1.00074173015
969 [ 0.  0.  0.  1.] -1 -1.00074172893
970 [ 0.  0.  0.  1.] -1 -1.00074174817
971 [ 0.  0.  0.  1.] -1 -1.0007416973
972 [ 0.  0.  0.  1.] -1 -1.00074173723
973 [ 0.  0.  0.  1.] -1 -1.00074174917
974 [ 0.  0.  0.  1.] -1 -1.00074182858
975 [ 0.  0.  0.  1.] -1 -1.00074190909
976 [ 0.  0.  0.  1.] -1 -1.00074178766
977 [ 0.  0.  0.  1.] -1 -1.00074151449
978 [ 0.  0.  0.  1.] 0 -0.000741514487891
979 [ 1.  0.  0.  0.] -2 -2.00074144426
980 [ 1.  0.  0.  0.] -1 -1.00074151194
981 [ 1.  0.  0.  0.] -1 -1.00074160949
982 [ 1.  0.  0.  0.] -1 -1.00074179938
983 [ 1.  0.  0.  0.] -1 -1.00074154789
984 [ 1.  0.  0.  0.] -1 -1.00074160739
985 [ 1.  0.  0.  0.] -1 -1.00074182858
986 [ 1.  0.  0.  0.] -1 -1.00074182747
987 [ 1.  0.  0.  0.] -1 -1.00074172771
988 [ 1.  0.  0.  0.] -1 -1.00074175249
989 [ 1.  0.  0.  0.] -1 -1.00074181276
990 [ 1.  0.  0.  0.] 0 -0.000741812761407
991 [ 0.  0.  0.  1.] -2 -2.00074173092
992 [ 0.  0.  0.  1.] -1 -1.00074171013
993 [ 0.  0.  0.  1.] -1 -1.00074177615
994 [ 0.  0.  0.  1.] -1 -1.00074172506
995 [ 0.  0.  0.  1.] -1 -1.00074184948
996 [ 0.  0.  0.  1.] -1 -1.00074173313
997 [ 0.  0.  0.  1.] -1 -1.00074187436
998 [ 0.  0.  0.  1.] -1 -1.00074188
999 [ 0.  0.  0.  1.] -1 -1.00074173015
1000 [ 0.  0.  0.  1.] -1 -1.00074194614
1001 [ 0.  0.  0.  1.] -1 -1.00074155143
1002 [ 0.  0.  0.  1.] -1 -1.00074157797
1003 [ 0.  0.  0.  1.] -1 -1.00074157565
1004 [ 0.  0.  0.  1.] -1 -1.00074165351
1005 [ 0.  0.  0.  1.] -1 -1.00074145145
1006 [ 0.  0.  0.  1.] -1 -1.00074160694
1007 [ 0.  0.  0.  1.] -1 -1.00074144979
1008 [ 0.  0.  0.  1.] -1 -1.00074164466
1009 [ 0.  0.  0.  1.] -1 -1.00074168071
1010 [ 0.  0.  0.  1.] -1 -1.00074159743
1011 [ 0.  0.  0.  1.] -1 -1.00074161823
1012 [ 0.  0.  0.  1.] -1 -1.00074161115
1013 [ 0.  0.  0.  1.] -1 -1.00074147169
1014 [ 0.  0.  0.  1.] 0 -0.000741471687797
1015 [ 1.  0.  0.  0.] -2 -2.00074158284
1016 [ 1.  0.  0.  0.] -1 -1.00074154346
1017 [ 1.  0.  0.  0.] -1 -1.00074149956
1018 [ 1.  0.  0.  0.] -1 -1.00074160993
1019 [ 1.  0.  0.  0.] -1 -1.00074151736
1020 [ 1.  0.  0.  0.] -1 -1.00074159002
1021 [ 1.  0.  0.  0.] -1 -1.00074162597
1022 [ 1.  0.  0.  0.] -1 -1.0007418664
1023 [ 1.  0.  0.  0.] -1 -1.00074151548
1024 [ 1.  0.  0.  0.] -1 -1.00074164676
1025 [ 1.  0.  0.  0.] -1 -1.00074171201
1026 [ 1.  0.  0.  0.] -1 -1.00074179518
1027 [ 1.  0.  0.  0.] -1 -1.00074156802
1028 [ 1.  0.  0.  0.] -1 -1.00074153661
1029 [ 1.  0.  0.  0.] -1 -1.00074179496
1030 [ 1.  0.  0.  0.] 0 -0.000741794955684
1031 [ 0.  1.  0.  0.] -2 -2.00074154944
1032 [ 0.  1.  0.  0.] -1 -1.00074141252
1033 [ 0.  1.  0.  0.] -1 -1.00074154966
1034 [ 0.  1.  0.  0.] -1 -1.0007415501
1035 [ 0.  1.  0.  0.] -1 -1.0007416033
1036 [ 0.  1.  0.  0.] -1 -1.00074171466
1037 [ 0.  1.  0.  0.] -1 -1.00074169907
1038 [ 0.  1.  0.  0.] -1 -1.00074168171
1039 [ 0.  1.  0.  0.] -1 -1.00074144846
1040 [ 0.  1.  0.  0.] -1 -1.0007416054
1041 [ 0.  1.  0.  0.] -1 -1.00074162376
1042 [ 0.  1.  0.  0.] -1 -1.00074153075
1043 [ 0.  1.  0.  0.] -1 -1.00074159743
1044 [ 0.  1.  0.  0.] -1 -1.00074162685
1045 [ 0.  1.  0.  0.] -1 -1.00074150288
1046 [ 0.  1.  0.  0.] -1 -1.00074150896
1047 [ 0.  1.  0.  0.] -1 -1.00074161789
1048 [ 0.  1.  0.  0.] -1 -1.0007415835
1049 [ 0.  1.  0.  0.] -1 -1.00074151139
1050 [ 0.  1.  0.  0.] -1 -1.00074146815
1051 [ 0.  1.  0.  0.] -1 -1.00074149923
1052 [ 0.  1.  0.  0.] -1 -1.00074149425
1053 [ 0.  1.  0.  0.] -1 -1.00074144968
1054 [ 0.  1.  0.  0.] 0 -0.000741449679481
1055 [ 0.  0.  1.  0.] -2 -2.00074176145
1056 [ 0.  0.  1.  0.] -1 -1.00074171909
1057 [ 0.  0.  1.  0.] -1 -1.00074152267
1058 [ 0.  0.  1.  0.] -1 -1.00074146948
1059 [ 0.  0.  1.  0.] -1 -1.00074167872
1060 [ 0.  0.  1.  0.] -1 -1.00074169398
1061 [ 0.  0.  1.  0.] -1 -1.00074154944
1062 [ 0.  0.  1.  0.] -1 -1.00074172406
1063 [ 0.  0.  1.  0.] -1 -1.00074172097
1064 [ 0.  0.  1.  0.] -1 -1.00074161723
1065 [ 0.  0.  1.  0.] -1 -1.00074175769
1066 [ 0.  0.  1.  0.] -1 -1.00074173159
1067 [ 0.  0.  1.  0.] -1 -1.00074157034
1068 [ 0.  0.  1.  0.] -1 -1.00074163072
1069 [ 0.  0.  1.  0.] -1 -1.00074169918
1070 [ 0.  0.  1.  0.] 0 -0.000741699180799
1071 [ 0.  1.  0.  0.] -2 -2.00074176897
1072 [ 0.  1.  0.  0.] -1 -1.00074178356
1073 [ 0.  1.  0.  0.] -1 -1.00074179838
1074 [ 0.  1.  0.  0.] -1 -1.00074169841
1075 [ 0.  1.  0.  0.] -1 -1.00074168856
1076 [ 0.  1.  0.  0.] -1 -1.00074177947
1077 [ 0.  1.  0.  0.] -1 -1.00074171865
1078 [ 0.  1.  0.  0.] -1 -1.00074162685
1079 [ 0.  1.  0.  0.] -1 -1.00074159854
1080 [ 0.  1.  0.  0.] -1 -1.00074163094
1081 [ 0.  1.  0.  0.] -1 -1.00074157852
1082 [ 0.  1.  0.  0.] 0 -0.000741578522138
1083 [ 1.  0.  0.  0.] -2 -2.00074170991
1084 [ 1.  0.  0.  0.] -1 -1.00074176742
1085 [ 1.  0.  0.  0.] -1 -1.00074176908
1086 [ 1.  0.  0.  0.] -1 -1.00074167596
1087 [ 1.  0.  0.  0.] -1 -1.00074175945
1088 [ 1.  0.  0.  0.] -1 -1.00074174784
1089 [ 1.  0.  0.  0.] -1 -1.00074174132
1090 [ 1.  0.  0.  0.] -1 -1.00074167728
1091 [ 1.  0.  0.  0.] -1 -1.00074181066
1092 [ 1.  0.  0.  0.] -1 -1.00074173236
1093 [ 1.  0.  0.  0.] -1 -1.00074172594
1094 [ 1.  0.  0.  0.] -1 -1.00074173125
1095 [ 1.  0.  0.  0.] -1 -1.00074187458
1096 [ 1.  0.  0.  0.] -1 -1.00074173645
1097 [ 1.  0.  0.  0.] -1 -1.00074169299
1098 [ 1.  0.  0.  0.] -1 -1.00074178157
1099 [ 1.  0.  0.  0.] -1 -1.00074186043
1100 [ 1.  0.  0.  0.] -1 -1.00074173546
1101 [ 1.  0.  0.  0.] -1 -1.00074179319
1102 [ 1.  0.  0.  0.] -1 -1.00074168138
1103 [ 1.  0.  0.  0.] -1 -1.00074188133
1104 [ 1.  0.  0.  0.] -1 -1.00074177693
1105 [ 1.  0.  0.  0.] -1 -1.00074146937
1106 [ 1.  0.  0.  0.] -1 -1.00074146019
1107 [ 1.  0.  0.  0.] -1 -1.0007413612
1108 [ 1.  0.  0.  0.] -1 -1.0007414447
1109 [ 1.  0.  0.  0.] -1 -1.00074130436
1110 [ 1.  0.  0.  0.] 0 -0.000741304358235
1111 [ 0.  0.  0.  1.] -2 -2.00074142612
1112 [ 0.  0.  0.  1.] -1 -1.00074150276
1113 [ 0.  0.  0.  1.] -1 -1.00074127793
1114 [ 0.  0.  0.  1.] -1 -1.0007413152
1115 [ 0.  0.  0.  1.] -1 -1.00074140235
1116 [ 0.  0.  0.  1.] -1 -1.00074148208
1117 [ 0.  0.  0.  1.] -1 -1.00074145797
1118 [ 0.  0.  0.  1.] -1 -1.00074139184
1119 [ 0.  0.  0.  1.] -1 -1.00074135125
1120 [ 0.  0.  0.  1.] -1 -1.00074135844
1121 [ 0.  0.  0.  1.] -1 -1.00074103583
1122 [ 0.  0.  0.  1.] -1 -1.00074127284
1123 [ 0.  0.  0.  1.] -1 -1.00074109611
1124 [ 0.  0.  0.  1.] -1 -1.00074128412
1125 [ 0.  0.  0.  1.] -1 -1.00074111944
1126 [ 0.  0.  0.  1.] -1 -1.00074113172
1127 [ 0.  0.  0.  1.] -1 -1.00074123623
1128 [ 0.  0.  0.  1.] -1 -1.00074113946
1129 [ 0.  0.  0.  1.] -1 -1.00074133101
1130 [ 0.  0.  0.  1.] -1 -1.00074145311
1131 [ 0.  0.  0.  1.] -1 -1.00074120892
1132 [ 0.  0.  0.  1.] -1 -1.00074131332
1133 [ 0.  0.  0.  1.] -1 -1.00074126012
1134 [ 0.  0.  0.  1.] -1 -1.00074101316
1135 [ 0.  0.  0.  1.] -1 -1.00074113183
1136 [ 0.  0.  0.  1.] -1 -1.00074102544
1137 [ 0.  0.  0.  1.] -1 -1.00074128147
1138 [ 0.  0.  0.  1.] -1 -1.00074134539
1139 [ 0.  0.  0.  1.] -1 -1.00074126233
1140 [ 0.  0.  0.  1.] -1 -1.00074148098
1141 [ 0.  0.  0.  1.] -1 -1.0007414718
1142 [ 0.  0.  0.  1.] -1 -1.00074158195
1143 [ 0.  0.  0.  1.] -1 -1.00074185954
1144 [ 0.  0.  0.  1.] -1 -1.00074147434
1145 [ 0.  0.  0.  1.] -1 -1.00074200995
1146 [ 0.  0.  0.  1.] -1 -1.00074190455
1147 [ 0.  0.  0.  1.] -1 -1.00074173413
1148 [ 0.  0.  0.  1.] -1 -1.00074199756
1149 [ 0.  0.  0.  1.] 0 -0.00074199756491
1150 [ 0.  1.  0.  0.] -102 -102.000741547
1151 [ 0.  1.  0.  0.] -1 -1.00074137669
1152 [ 0.  1.  0.  0.] -1 -1.00074125724
1153 [ 0.  1.  0.  0.] -1 -1.00074142922
1154 [ 0.  1.  0.  0.] -1 -1.0007413424
1155 [ 0.  1.  0.  0.] -1 -1.00074115063
1156 [ 0.  1.  0.  0.] 0 -0.000741150631802
1157 [ 1.  0.  0.  0.] -2 -2.00074137746
1158 [ 1.  0.  0.  0.] -1 -1.00074119542
1159 [ 1.  0.  0.  0.] -1 -1.00074173258
1160 [ 1.  0.  0.  0.] -1 -1.00074174563
1161 [ 1.  0.  0.  0.] -1 -1.00074150553
1162 [ 1.  0.  0.  0.] -1 -1.00074144946
1163 [ 1.  0.  0.  0.] -1 -1.00074162298
1164 [ 1.  0.  0.  0.] -1 -1.00074163448
1165 [ 1.  0.  0.  0.] -1 -1.00074152289
1166 [ 1.  0.  0.  0.] -1 -1.00074150387
1167 [ 1.  0.  0.  0.] -1 -1.00074237801
1168 [ 1.  0.  0.  0.] 0 -0.000742378010182
1169 [ 0.  1.  0.  0.] -2 -2.00074107863
1170 [ 0.  1.  0.  0.] -1 -1.0007411232
1171 [ 0.  1.  0.  0.] -1 -1.00074132924
1172 [ 0.  1.  0.  0.] -1 -1.00074160363
1173 [ 0.  1.  0.  0.] -1 -1.00074150818
1174 [ 0.  1.  0.  0.] -1 -1.00074169033
1175 [ 0.  1.  0.  0.] -1 -1.00074155939
1176 [ 0.  1.  0.  0.] -1 -1.00074166302
1177 [ 0.  1.  0.  0.] -1 -1.00074141473
1178 [ 0.  1.  0.  0.] -1 -1.00074167972
1179 [ 0.  1.  0.  0.] -1 -1.00074154258
1180 [ 0.  1.  0.  0.] 0 -0.000741542578908
1181 [ 1.  0.  0.  0.] -2 -2.00074163282
1182 [ 1.  0.  0.  0.] -1 -1.00074165085
1183 [ 1.  0.  0.  0.] -1 -1.00074142347
1184 [ 1.  0.  0.  0.] -1 -1.00074120991
1185 [ 1.  0.  0.  0.] -1 -1.00074143586
1186 [ 1.  0.  0.  0.] -1 -1.00074132062
1187 [ 1.  0.  0.  0.] -1 -1.00074174342
1188 [ 1.  0.  0.  0.] -1 -1.00074195377
1189 [ 1.  0.  0.  0.] -1 -1.00074207653
1190 [ 1.  0.  0.  0.] -1 -1.00074206879
1191 [ 1.  0.  0.  0.] -1 -1.00074176299
1192 [ 1.  0.  0.  0.] 0 -0.000741762993857
1193 [ 0.  1.  0.  0.] -2 -2.00074186242
1194 [ 0.  1.  0.  0.] -1 -1.00074199956
1195 [ 0.  1.  0.  0.] -1 -1.00074181918
1196 [ 0.  1.  0.  0.] -1 -1.00074172904
1197 [ 0.  1.  0.  0.] -1 -1.00074180192
1198 [ 0.  1.  0.  0.] -1 -1.00074187779
1199 [ 0.  1.  0.  0.] -1 -1.00074166324
1200 [ 0.  1.  0.  0.] -1 -1.00074170161
1201 [ 0.  1.  0.  0.] -1 -1.00074154335
1202 [ 0.  1.  0.  0.] -1 -1.00074175547
1203 [ 0.  1.  0.  0.] -1 -1.00074164399
1204 [ 0.  1.  0.  0.] 0 -0.000741643994115
1205 [ 0.  0.  1.  0.] -2 -2.00074194824
1206 [ 0.  0.  1.  0.] -1 -1.0007419019
1207 [ 0.  0.  1.  0.] -1 -1.00074173579
1208 [ 0.  0.  1.  0.] -1 -1.00074199768
1209 [ 0.  0.  1.  0.] -1 -1.00074199226
1210 [ 0.  0.  1.  0.] -1 -1.00074209986
1211 [ 0.  0.  1.  0.] -1 -1.00074220349
1212 [ 0.  0.  1.  0.] -1 -1.00074169763
1213 [ 0.  0.  1.  0.] -1 -1.00074172937
1214 [ 0.  0.  1.  0.] -1 -1.00074182139
1215 [ 0.  0.  1.  0.] -1 -1.00074184948
1216 [ 0.  0.  1.  0.] -1 -1.00074157731
1217 [ 0.  0.  1.  0.] -1 -1.00074165328
1218 [ 0.  0.  1.  0.] -1 -1.00074152146
1219 [ 0.  0.  1.  0.] -1 -1.00074143033
1220 [ 0.  0.  1.  0.] -1 -1.00074152322
1221 [ 0.  0.  1.  0.] -1 -1.00074161944
1222 [ 0.  0.  1.  0.] -1 -1.00074153561
1223 [ 0.  0.  1.  0.] -1 -1.0007416033
1224 [ 0.  0.  1.  0.] -1 -1.00074148219
1225 [ 0.  0.  1.  0.] -1 -1.00074161104
1226 [ 0.  0.  1.  0.] -1 -1.00074153329
1227 [ 0.  0.  1.  0.] -1 -1.00074160495
1228 [ 0.  0.  1.  0.] 0 -0.000741604954237
1229 [ 0.  1.  0.  0.] -2 -2.00074151803
1230 [ 0.  1.  0.  0.] -1 -1.00074155076
1231 [ 0.  1.  0.  0.] -1 -1.00074186751
1232 [ 0.  1.  0.  0.] -1 -1.00074156802
1233 [ 0.  1.  0.  0.] -1 -1.00074161048
1234 [ 0.  1.  0.  0.] -1 -1.0007417526
1235 [ 0.  1.  0.  0.] -1 -1.00074158449
1236 [ 0.  1.  0.  0.] -1 -1.00074159069
1237 [ 0.  1.  0.  0.] -1 -1.00074144592
1238 [ 0.  1.  0.  0.] -1 -1.00074180071
1239 [ 0.  1.  0.  0.] -1 -1.00074144658
1240 [ 0.  1.  0.  0.] 0 -0.000741446582833
1241 [ 0.  0.  1.  0.] -2 -2.00074147368
1242 [ 0.  0.  1.  0.] -1 -1.00074143862
1243 [ 0.  0.  1.  0.] -1 -1.00074144105
1244 [ 0.  0.  1.  0.] -1 -1.00074141396
1245 [ 0.  0.  1.  0.] -1 -1.00074149613
1246 [ 0.  0.  1.  0.] -1 -1.00074158405
1247 [ 0.  0.  1.  0.] -1 -1.00074153351
1248 [ 0.  0.  1.  0.] -1 -1.00074150686
1249 [ 0.  0.  1.  0.] -1 -1.0007415929
1250 [ 0.  0.  1.  0.] -1 -1.00074149325
1251 [ 0.  0.  1.  0.] -1 -1.0007414541
1252 [ 0.  0.  1.  0.] -1 -1.000741881
1253 [ 0.  0.  1.  0.] -1 -1.00074177173
1254 [ 0.  0.  1.  0.] -1 -1.00074195322
1255 [ 0.  0.  1.  0.] -1 -1.00074203417
1256 [ 0.  0.  1.  0.] -1 -1.00074184694
1257 [ 0.  0.  1.  0.] -1 -1.00074166445
1258 [ 0.  0.  1.  0.] -1 -1.00074173734
1259 [ 0.  0.  1.  0.] -1 -1.00074194006
1260 [ 0.  0.  1.  0.] -1 -1.00074142811
1261 [ 0.  0.  1.  0.] -1 -1.00074137669
1262 [ 0.  0.  1.  0.] -1 -1.0007413726
1263 [ 0.  0.  1.  0.] -1 -1.0007414426
1264 [ 0.  0.  1.  0.] -1 -1.00074154822
1265 [ 0.  0.  1.  0.] -1 -1.00074134738
1266 [ 0.  0.  1.  0.] -1 -1.00074158306
1267 [ 0.  0.  1.  0.] -1 -1.00074160307
1268 [ 0.  0.  1.  0.] -1 -1.00074162453
1269 [ 0.  0.  1.  0.] -1 -1.00074156249
1270 [ 0.  0.  1.  0.] -1 -1.00074170858
1271 [ 0.  0.  1.  0.] -1 -1.00074163006
1272 [ 0.  0.  1.  0.] -1 -1.0007415919
1273 [ 0.  0.  1.  0.] -1 -1.00074155441
1274 [ 0.  0.  1.  0.] -1 -1.0007417453
1275 [ 0.  0.  1.  0.] -1 -1.00074169807
1276 [ 0.  0.  1.  0.] -1 -1.00074145654
1277 [ 0.  0.  1.  0.] -1 -1.00074145831
1278 [ 0.  0.  1.  0.] -1 -1.0007416785
1279 [ 0.  0.  1.  0.] -1 -1.00074146538
1280 [ 0.  0.  1.  0.] -1 -1.00074144172
1281 [ 0.  0.  1.  0.] -1 -1.00074142037
1282 [ 0.  0.  1.  0.] -1 -1.00074154413
1283 [ 0.  0.  1.  0.] -1 -1.00074149768
1284 [ 0.  0.  1.  0.] -1 -1.00074151006
1285 [ 0.  0.  1.  0.] -1 -1.0007414875
1286 [ 0.  0.  1.  0.] -1 -1.00074140445
1287 [ 0.  0.  1.  0.] -1 -1.00074145377
1288 [ 0.  0.  1.  0.] 0 -0.000741453771479
1289 [ 0.  0.  0.  1.] -2 -2.00074142612
1290 [ 0.  0.  0.  1.] -1 -1.00074150276
1291 [ 0.  0.  0.  1.] -1 -1.00074127793
1292 [ 0.  0.  0.  1.] -1 -1.0007413152
1293 [ 0.  0.  0.  1.] -1 -1.00074140235
1294 [ 0.  0.  0.  1.] -1 -1.00074148208
1295 [ 0.  0.  0.  1.] -1 -1.00074145797
1296 [ 0.  0.  0.  1.] -1 -1.00074139184
1297 [ 0.  0.  0.  1.] -1 -1.00074135125
1298 [ 0.  0.  0.  1.] -1 -1.00074135844
1299 [ 0.  0.  0.  1.] -1 -1.00074103583
1300 [ 0.  0.  0.  1.] -1 -1.00074127284
1301 [ 0.  0.  0.  1.] -1 -1.00074109611
1302 [ 0.  0.  0.  1.] -1 -1.00074128412
1303 [ 0.  0.  0.  1.] -1 -1.00074111944
1304 [ 0.  0.  0.  1.] -1 -1.00074113172
1305 [ 0.  0.  0.  1.] -1 -1.00074123623
1306 [ 0.  0.  0.  1.] -1 -1.00074113946
1307 [ 0.  0.  0.  1.] -1 -1.00074133101
1308 [ 0.  0.  0.  1.] -1 -1.00074145311
1309 [ 0.  0.  0.  1.] -1 -1.00074120892
1310 [ 0.  0.  0.  1.] -1 -1.00074131332
1311 [ 0.  0.  0.  1.] -1 -1.00074126012
1312 [ 0.  0.  0.  1.] 0 -0.000741260120412
1313 [ 1.  0.  0.  0.] -2 -2.00074133223
1314 [ 1.  0.  0.  0.] -1 -1.00074115251
1315 [ 1.  0.  0.  0.] -1 -1.00074166456
1316 [ 1.  0.  0.  0.] -1 -1.00074156779
1317 [ 1.  0.  0.  0.] -1 -1.00074175061
1318 [ 1.  0.  0.  0.] -1 -1.00074180115
1319 [ 1.  0.  0.  0.] -1 -1.00074145023
1320 [ 1.  0.  0.  0.] -1 -1.00074156536
1321 [ 1.  0.  0.  0.] -1 -1.00074181442
1322 [ 1.  0.  0.  0.] -1 -1.00074153926
1323 [ 1.  0.  0.  0.] -1 -1.00074158051
1324 [ 1.  0.  0.  0.] 0 -0.00074158051284
1325 [ 0.  1.  0.  0.] -2 -2.00074120715
1326 [ 0.  1.  0.  0.] -1 -1.00074124674
1327 [ 0.  1.  0.  0.] -1 -1.00074128832
1328 [ 0.  1.  0.  0.] -1 -1.00074128976
1329 [ 0.  1.  0.  0.] -1 -1.00074097335
1330 [ 0.  1.  0.  0.] -1 -1.00074131785
1331 [ 0.  1.  0.  0.] -1 -1.00074125293
1332 [ 0.  1.  0.  0.] -1 -1.00074168878
1333 [ 0.  1.  0.  0.] -1 -1.00074140334
1334 [ 0.  1.  0.  0.] -1 -1.00074155972
1335 [ 0.  1.  0.  0.] -1 -1.00074183035
1336 [ 0.  1.  0.  0.] 0 -0.000741830345942
1337 [ 1.  0.  0.  0.] -2 -2.00074126963
1338 [ 1.  0.  0.  0.] -1 -1.00074144492
1339 [ 1.  0.  0.  0.] -1 -1.00074139593
1340 [ 1.  0.  0.  0.] -1 -1.00074122119
1341 [ 1.  0.  0.  0.] -1 -1.00074121411
1342 [ 1.  0.  0.  0.] -1 -1.00074125415
1343 [ 1.  0.  0.  0.] -1 -1.00074164565
1344 [ 1.  0.  0.  0.] -1 -1.00074179993
1345 [ 1.  0.  0.  0.] -1 -1.00074177173
1346 [ 1.  0.  0.  0.] -1 -1.0007416013
1347 [ 1.  0.  0.  0.] -1 -1.00074142922
1348 [ 1.  0.  0.  0.] 0 -0.000741429219488
1349 [ 0.  1.  0.  0.] -2 -2.00074160451
1350 [ 0.  1.  0.  0.] -1 -1.00074174054
1351 [ 0.  1.  0.  0.] -1 -1.00074169321
1352 [ 0.  1.  0.  0.] -1 -1.00074150044
1353 [ 0.  1.  0.  0.] -1 -1.00074142469
1354 [ 0.  1.  0.  0.] -1 -1.00074156525
1355 [ 0.  1.  0.  0.] -1 -1.00074145565
1356 [ 0.  1.  0.  0.] -1 -1.00074163747
1357 [ 0.  1.  0.  0.] -1 -1.0007413737
1358 [ 0.  1.  0.  0.] -1 -1.0007414384
1359 [ 0.  1.  0.  0.] -1 -1.00074156238
1360 [ 0.  1.  0.  0.] 0 -0.000741562375333
1361 [ 0.  0.  1.  0.] -2 -2.00074134738
1362 [ 0.  0.  1.  0.] -1 -1.00074158306
1363 [ 0.  0.  1.  0.] -1 -1.00074160307
1364 [ 0.  0.  1.  0.] -1 -1.00074162453
1365 [ 0.  0.  1.  0.] -1 -1.00074156249
1366 [ 0.  0.  1.  0.] -1 -1.00074170858
1367 [ 0.  0.  1.  0.] -1 -1.00074163006
1368 [ 0.  0.  1.  0.] -1 -1.0007415919
1369 [ 0.  0.  1.  0.] -1 -1.00074155441
1370 [ 0.  0.  1.  0.] -1 -1.0007417453
1371 [ 0.  0.  1.  0.] -1 -1.00074169807
1372 [ 0.  0.  1.  0.] -1 -1.00074145654
1373 [ 0.  0.  1.  0.] -1 -1.00074145831
1374 [ 0.  0.  1.  0.] -1 -1.0007416785
1375 [ 0.  0.  1.  0.] -1 -1.00074146538
1376 [ 0.  0.  1.  0.] -1 -1.00074144172
1377 [ 0.  0.  1.  0.] -1 -1.00074142037
1378 [ 0.  0.  1.  0.] -1 -1.00074154413
1379 [ 0.  0.  1.  0.] -1 -1.00074149768
1380 [ 0.  0.  1.  0.] -1 -1.00074151006
1381 [ 0.  0.  1.  0.] -1 -1.0007414875
1382 [ 0.  0.  1.  0.] -1 -1.00074140445
1383 [ 0.  0.  1.  0.] -1 -1.00074145377
1384 [ 0.  0.  1.  0.] -1 -1.00074161214
1385 [ 0.  0.  1.  0.] -1 -1.00074154225
1386 [ 0.  0.  1.  0.] -1 -1.00074163835
1387 [ 0.  0.  1.  0.] -1 -1.00074153086
1388 [ 0.  0.  1.  0.] -1 -1.00074164123
1389 [ 0.  0.  1.  0.] -1 -1.00074172163
1390 [ 0.  0.  1.  0.] -1 -1.00074166445
1391 [ 0.  0.  1.  0.] -1 -1.00074173656
1392 [ 0.  0.  1.  0.] -1 -1.00074169852
1393 [ 0.  0.  1.  0.] -1 -1.00074184682
1394 [ 0.  0.  1.  0.] -1 -1.00074187746
1395 [ 0.  0.  1.  0.] -1 -1.00074174298
1396 [ 0.  0.  1.  0.] -1 -1.00074168923
1397 [ 0.  0.  1.  0.] -1 -1.00074176167
1398 [ 0.  0.  1.  0.] -1 -1.00074169033
1399 [ 0.  0.  1.  0.] -1 -1.00074170051
1400 [ 0.  0.  1.  0.] -1 -1.00074158228
1401 [ 0.  0.  1.  0.] -1 -1.00074165085
1402 [ 0.  0.  1.  0.] -1 -1.00074155286
1403 [ 0.  0.  1.  0.] -1 -1.00074175271
1404 [ 0.  0.  1.  0.] -1 -1.00074167607
1405 [ 0.  0.  1.  0.] -1 -1.00074170515
1406 [ 0.  0.  1.  0.] -1 -1.00074160993
1407 [ 0.  0.  1.  0.] -1 -1.00074171533
1408 [ 0.  0.  1.  0.] -1 -1.00074173324
1409 [ 0.  0.  1.  0.] -1 -1.00074169509
1410 [ 0.  0.  1.  0.] -1 -1.00074166556
1411 [ 0.  0.  1.  0.] -1 -1.00074164444
1412 [ 0.  0.  1.  0.] 0 -0.000741644436494
1413 [ 0.  0.  0.  1.] -2 -2.00074163625
1414 [ 0.  0.  0.  1.] -1 -1.00074163139
1415 [ 0.  0.  0.  1.] -1 -1.00074171444
1416 [ 0.  0.  0.  1.] -1 -1.00074166733
1417 [ 0.  0.  0.  1.] -1 -1.00074161789
1418 [ 0.  0.  0.  1.] -1 -1.00074167297
1419 [ 0.  0.  0.  1.] -1 -1.00074167076
1420 [ 0.  0.  0.  1.] -1 -1.00074164488
1421 [ 0.  0.  0.  1.] -1 -1.00074168171
1422 [ 0.  0.  0.  1.] -1 -1.00074167054
1423 [ 0.  0.  0.  1.] -1 -1.00074173103
1424 [ 0.  0.  0.  1.] 0 -0.000741731032031
1425 [ 1.  0.  0.  0.] -2 -2.00074172993
1426 [ 1.  0.  0.  0.] -1 -1.00074182592
1427 [ 1.  0.  0.  0.] -1 -1.00074181696
1428 [ 1.  0.  0.  0.] -1 -1.00074172594
1429 [ 1.  0.  0.  0.] -1 -1.00074181531
1430 [ 1.  0.  0.  0.] -1 -1.00074180181
1431 [ 1.  0.  0.  0.] -1 -1.00074157952
1432 [ 1.  0.  0.  0.] -1 -1.0007416712
1433 [ 1.  0.  0.  0.] -1 -1.00074173579
1434 [ 1.  0.  0.  0.] -1 -1.00074159544
1435 [ 1.  0.  0.  0.] -1 -1.00074145775
1436 [ 1.  0.  0.  0.] -1 -1.00074151205
1437 [ 1.  0.  0.  0.] -1 -1.00074164809
1438 [ 1.  0.  0.  0.] -1 -1.00074166578
1439 [ 1.  0.  0.  0.] -1 -1.00074122495
1440 [ 1.  0.  0.  0.] 0 -0.000741224951344
1441 [ 0.  0.  0.  1.] -2 -2.00074141363
1442 [ 0.  0.  0.  1.] -1 -1.00074154745
1443 [ 0.  0.  0.  1.] -1 -1.00074176366
1444 [ 0.  0.  0.  1.] -1 -1.00074170062
1445 [ 0.  0.  0.  1.] -1 -1.00074171212
1446 [ 0.  0.  0.  1.] -1 -1.00074171024
1447 [ 0.  0.  0.  1.] -1 -1.00074145377
1448 [ 0.  0.  0.  1.] -1 -1.00074152898
1449 [ 0.  0.  0.  1.] -1 -1.00074171323
1450 [ 0.  0.  0.  1.] -1 -1.00074164023
1451 [ 0.  0.  0.  1.] -1 -1.00074123524
1452 [ 0.  0.  0.  1.] -1 -1.00074129905
1453 [ 0.  0.  0.  1.] -1 -1.00074138775
1454 [ 0.  0.  0.  1.] -1 -1.00074136961
1455 [ 0.  0.  0.  1.] -1 -1.00074160186
1456 [ 0.  0.  0.  1.] -1 -1.00074148883
1457 [ 0.  0.  0.  1.] -1 -1.00074138985
1458 [ 0.  0.  0.  1.] -1 -1.00074150464
1459 [ 0.  0.  0.  1.] -1 -1.00074155552
1460 [ 0.  0.  0.  1.] -1 -1.00074154778
1461 [ 0.  0.  0.  1.] -1 -1.00074157576
1462 [ 0.  0.  0.  1.] -1 -1.00074163813
1463 [ 0.  0.  0.  1.] -1 -1.00074138255
1464 [ 0.  0.  0.  1.] 0 -0.000741382548586
1465 [ 0.  0.  1.  0.] -2 -2.00074157332
1466 [ 0.  0.  1.  0.] -1 -1.00074202986
1467 [ 0.  0.  1.  0.] -1 -1.00074197899
1468 [ 0.  0.  1.  0.] -1 -1.00074174032
1469 [ 0.  0.  1.  0.] -1 -1.00074170018
1470 [ 0.  0.  1.  0.] -1 -1.00074180358
1471 [ 0.  0.  1.  0.] -1 -1.0007415282
1472 [ 0.  0.  1.  0.] -1 -1.00074146052
1473 [ 0.  0.  1.  0.] -1 -1.00074136353
1474 [ 0.  0.  1.  0.] -1 -1.00074149878
1475 [ 0.  0.  1.  0.] -1 -1.00074137923
1476 [ 0.  0.  1.  0.] -1 -1.00074157034
1477 [ 0.  0.  1.  0.] -1 -1.00074155497
1478 [ 0.  0.  1.  0.] -1 -1.00074150675
1479 [ 0.  0.  1.  0.] -1 -1.00074151493
1480 [ 0.  0.  1.  0.] 0 -0.000741514930269
1481 [ 0.  1.  0.  0.] -2 -2.00074157675
1482 [ 0.  1.  0.  0.] -1 -1.00074166777
1483 [ 0.  1.  0.  0.] -1 -1.00074167043
1484 [ 0.  1.  0.  0.] -1 -1.0007416503
1485 [ 0.  1.  0.  0.] -1 -1.00074157841
1486 [ 0.  1.  0.  0.] -1 -1.0007416869
1487 [ 0.  1.  0.  0.] -1 -1.00074145687
1488 [ 0.  1.  0.  0.] -1 -1.00074161823
1489 [ 0.  1.  0.  0.] -1 -1.00074155751
1490 [ 0.  1.  0.  0.] -1 -1.00074166202
1491 [ 0.  1.  0.  0.] -1 -1.00074154921
1492 [ 0.  1.  0.  0.] -1 -1.00074177516
1493 [ 0.  1.  0.  0.] -1 -1.00074160628
1494 [ 0.  1.  0.  0.] -1 -1.00074169907
1495 [ 0.  1.  0.  0.] -1 -1.00074169343
1496 [ 0.  1.  0.  0.] -1 -1.00074156293
1497 [ 0.  1.  0.  0.] -1 -1.00074175691
1498 [ 0.  1.  0.  0.] -1 -1.00074173557
1499 [ 0.  1.  0.  0.] -1 -1.00074168768
1500 [ 0.  1.  0.  0.] -1 -1.00074162619
1501 [ 0.  1.  0.  0.] -1 -1.00074175072
1502 [ 0.  1.  0.  0.] -1 -1.00074182515
1503 [ 0.  1.  0.  0.] -1 -1.00074173866
1504 [ 0.  1.  0.  0.] 0 -0.000741738663055
1505 [ 1.  0.  0.  0.] -2 -2.00074172993
1506 [ 1.  0.  0.  0.] -1 -1.00074182592
1507 [ 1.  0.  0.  0.] -1 -1.00074181696
1508 [ 1.  0.  0.  0.] -1 -1.00074172594
1509 [ 1.  0.  0.  0.] -1 -1.00074181531
1510 [ 1.  0.  0.  0.] -1 -1.00074180181
1511 [ 1.  0.  0.  0.] -1 -1.00074157952
1512 [ 1.  0.  0.  0.] -1 -1.0007416712
1513 [ 1.  0.  0.  0.] -1 -1.00074173579
1514 [ 1.  0.  0.  0.] -1 -1.00074159544
1515 [ 1.  0.  0.  0.] -1 -1.00074145775
1516 [ 1.  0.  0.  0.] -1 -1.00074151205
1517 [ 1.  0.  0.  0.] -1 -1.00074164809
1518 [ 1.  0.  0.  0.] -1 -1.00074166578
1519 [ 1.  0.  0.  0.] -1 -1.00074122495
1520 [ 1.  0.  0.  0.] 0 -0.000741224951344
1521 [ 0.  0.  0.  1.] -2 -2.00074141363
1522 [ 0.  0.  0.  1.] -1 -1.00074154745
1523 [ 0.  0.  0.  1.] -1 -1.00074176366
1524 [ 0.  0.  0.  1.] -1 -1.00074170062
1525 [ 0.  0.  0.  1.] -1 -1.00074171212
1526 [ 0.  0.  0.  1.] -1 -1.00074171024
1527 [ 0.  0.  0.  1.] -1 -1.00074145377
1528 [ 0.  0.  0.  1.] -1 -1.00074152898
1529 [ 0.  0.  0.  1.] -1 -1.00074171323
1530 [ 0.  0.  0.  1.] -1 -1.00074164023
1531 [ 0.  0.  0.  1.] -1 -1.00074123524
1532 [ 0.  0.  0.  1.] -1 -1.00074129905
1533 [ 0.  0.  0.  1.] -1 -1.00074138775
1534 [ 0.  0.  0.  1.] -1 -1.00074136961
1535 [ 0.  0.  0.  1.] -1 -1.00074160186
1536 [ 0.  0.  0.  1.] -1 -1.00074148883
1537 [ 0.  0.  0.  1.] -1 -1.00074138985
1538 [ 0.  0.  0.  1.] -1 -1.00074150464
1539 [ 0.  0.  0.  1.] -1 -1.00074155552
1540 [ 0.  0.  0.  1.] -1 -1.00074154778
1541 [ 0.  0.  0.  1.] -1 -1.00074157576
1542 [ 0.  0.  0.  1.] -1 -1.00074163813
1543 [ 0.  0.  0.  1.] -1 -1.00074138255
1544 [ 0.  0.  0.  1.] 0 -0.000741382548586
1545 [ 0.  0.  1.  0.] -2 -2.00074157332
1546 [ 0.  0.  1.  0.] -1 -1.00074202986
1547 [ 0.  0.  1.  0.] -1 -1.00074197899
1548 [ 0.  0.  1.  0.] -1 -1.00074174032
1549 [ 0.  0.  1.  0.] -1 -1.00074170018
1550 [ 0.  0.  1.  0.] -1 -1.00074180358
1551 [ 0.  0.  1.  0.] -1 -1.0007415282
1552 [ 0.  0.  1.  0.] -1 -1.00074146052
1553 [ 0.  0.  1.  0.] -1 -1.00074136353
1554 [ 0.  0.  1.  0.] -1 -1.00074149878
1555 [ 0.  0.  1.  0.] -1 -1.00074137923
1556 [ 0.  0.  1.  0.] -1 -1.00074157034
1557 [ 0.  0.  1.  0.] -1 -1.00074155497
1558 [ 0.  0.  1.  0.] -1 -1.00074150675
1559 [ 0.  0.  1.  0.] -1 -1.00074151493
1560 [ 0.  0.  1.  0.] 0 -0.000741514930269
1561 [ 0.  1.  0.  0.] -2 -2.00074157675
1562 [ 0.  1.  0.  0.] -1 -1.00074166777
1563 [ 0.  1.  0.  0.] -1 -1.00074167043
1564 [ 0.  1.  0.  0.] -1 -1.0007416503
1565 [ 0.  1.  0.  0.] -1 -1.00074157841
1566 [ 0.  1.  0.  0.] -1 -1.0007416869
1567 [ 0.  1.  0.  0.] -1 -1.00074145687
1568 [ 0.  1.  0.  0.] -1 -1.00074161823
1569 [ 0.  1.  0.  0.] -1 -1.00074155751
1570 [ 0.  1.  0.  0.] -1 -1.00074166202
1571 [ 0.  1.  0.  0.] -1 -1.00074154921
1572 [ 0.  1.  0.  0.] 0 -0.000741549214581
1573 [ 0.  0.  1.  0.] -2 -2.00074182802
1574 [ 0.  0.  1.  0.] -1 -1.00074159633
1575 [ 0.  0.  1.  0.] 9 8.99925813614
1576 [ 0.  0.  1.  0.] -1 -1.00074191451
1577 [ 0.  0.  1.  0.] -1 -1.00074170172
1578 [ 0.  0.  1.  0.] -1 -1.00074169697
1579 [ 0.  0.  1.  0.] 9 8.99925849502
1580 [ 0.  0.  1.  0.] -1 -1.00074164001
1581 [ 0.  0.  1.  0.] -1 -1.00074161524
1582 [ 0.  0.  1.  0.] -1 -1.00074174629
1583 [ 0.  0.  1.  0.] 9 8.99925831918
1584 [ 0.  0.  1.  0.] 0 -0.000741680822102
1585 [ 0.  0.  0.  1.] -2 -2.00074176111
1586 [ 0.  0.  0.  1.] -1 -1.00074169642
1587 [ 0.  0.  0.  1.] 9 8.99925815494
1588 [ 0.  0.  0.  1.] -1 -1.0007416639
1589 [ 0.  0.  0.  1.] -1 -1.00074172849
1590 [ 0.  0.  0.  1.] -1 -1.0007416785
1591 [ 0.  0.  0.  1.] 9 8.99925827461
1592 [ 0.  0.  0.  1.] -1 -1.00074181907
1593 [ 0.  0.  0.  1.] -1 -1.00074156824
1594 [ 0.  0.  0.  1.] -1 -1.00074172351
1595 [ 0.  0.  0.  1.] 9 8.99925827848
1596 [ 0.  0.  0.  1.] -1 -1.00074155264
1597 [ 0.  0.  0.  1.] -1 -1.00074162298
1598 [ 0.  0.  0.  1.] -1 -1.00074153572
1599 [ 0.  0.  0.  1.] 9 8.99925843973
1600 [ 0.  0.  0.  1.] -1 -1.00074149934
1601 [ 0.  0.  0.  1.] -1 -1.00074153196
1602 [ 0.  0.  0.  1.] -1 -1.00074153395
1603 [ 0.  0.  0.  1.] 9 8.99925829684
1604 [ 0.  0.  0.  1.] -1 -1.0007417745
1605 [ 0.  0.  0.  1.] -1 -1.0007415752
1606 [ 0.  0.  0.  1.] -1 -1.00074164189
1607 [ 0.  0.  0.  1.] 9 8.99925822727
1608 [ 0.  0.  0.  1.] -1 -1.00074162984
1609 [ 0.  0.  0.  1.] -1 -1.00074163249
1610 [ 0.  0.  0.  1.] -1 -1.00074159898
1611 [ 0.  0.  0.  1.] 9 8.99925833908
1612 [ 0.  0.  0.  1.] -1 -1.00074163592
1613 [ 0.  0.  0.  1.] -1 -1.00074161093
1614 [ 0.  0.  0.  1.] -1 -1.00074175348
1615 [ 0.  0.  0.  1.] 9 8.99925839925
1616 [ 0.  0.  0.  1.] -1 -1.00074157863
1617 [ 0.  0.  0.  1.] -1 -1.00074168215
1618 [ 0.  0.  0.  1.] -1 -1.00074176399
1619 [ 0.  0.  0.  1.] 9 8.99925820117
1620 [ 0.  0.  0.  1.] 0 -0.000741798826493
1621 [ 1.  0.  0.  0.] -2 -2.00074162342
1622 [ 1.  0.  0.  0.] -1 -1.00074173888
1623 [ 1.  0.  0.  0.] 9 8.99925815694
1624 [ 1.  0.  0.  0.] -1 -1.00074198949
1625 [ 1.  0.  0.  0.] -1 -1.00074200951
1626 [ 1.  0.  0.  0.] -1 -1.00074215184
1627 [ 1.  0.  0.  0.] 9 8.99925830436
1628 [ 1.  0.  0.  0.] -1 -1.00074171842
1629 [ 1.  0.  0.  0.] -1 -1.00074169973
1630 [ 1.  0.  0.  0.] -1 -1.00074182758
1631 [ 1.  0.  0.  0.] 9 8.99925804402
1632 [ 1.  0.  0.  0.] 0 -0.000741955981357
1633 [ 0.  0.  0.  1.] -2 -2.00074181829
1634 [ 0.  0.  0.  1.] -1 -1.00074205784
1635 [ 0.  0.  0.  1.] 9 8.99925804236
1636 [ 0.  0.  0.  1.] -1 -1.00074193674
1637 [ 0.  0.  0.  1.] -1 -1.0007418539
1638 [ 0.  0.  0.  1.] -1 -1.00074212785
1639 [ 0.  0.  0.  1.] 9 8.99925800188
1640 [ 0.  0.  0.  1.] -1 -1.00074198617
1641 [ 0.  0.  0.  1.] -1 -1.00074191937
1642 [ 0.  0.  0.  1.] -1 -1.00074211679
1643 [ 0.  0.  0.  1.] -1 -1.0007418633
1644 [ 0.  0.  0.  1.] 0 -0.000741863303119
1645 [ 1.  0.  0.  0.] -2 -2.00074206016
1646 [ 1.  0.  0.  0.] -1 -1.00074184528
1647 [ 1.  0.  0.  0.] -1 -1.00074207819
1648 [ 1.  0.  0.  0.] -1 -1.00074203583
1649 [ 1.  0.  0.  0.] -1 -1.00074234461
1650 [ 1.  0.  0.  0.] -1 -1.00074214266
1651 [ 1.  0.  0.  0.] -1 -1.00074195045
1652 [ 1.  0.  0.  0.] -1 -1.00074191761
1653 [ 1.  0.  0.  0.] -1 -1.00074202245
1654 [ 1.  0.  0.  0.] -1 -1.00074183388
1655 [ 1.  0.  0.  0.] -1 -1.000741524
1656 [ 1.  0.  0.  0.] -1 -1.00074172207
1657 [ 1.  0.  0.  0.] -1 -1.00074173313
1658 [ 1.  0.  0.  0.] -1 -1.00074176133
1659 [ 1.  0.  0.  0.] -1 -1.00074213791
1660 [ 1.  0.  0.  0.] 0 -0.000742137909401
1661 [ 0.  1.  0.  0.] -2 -2.00074210794
1662 [ 0.  1.  0.  0.] -1 -1.00074214211
1663 [ 0.  1.  0.  0.] -1 -1.00074193784
1664 [ 0.  1.  0.  0.] -1 -1.00074227549
1665 [ 0.  1.  0.  0.] -1 -1.0007418873
1666 [ 0.  1.  0.  0.] -1 -1.00074193375
1667 [ 0.  1.  0.  0.] -1 -1.00074198142
1668 [ 0.  1.  0.  0.] -1 -1.00074213227
1669 [ 0.  1.  0.  0.] -1 -1.00074196682
1670 [ 0.  1.  0.  0.] -1 -1.0007418445
1671 [ 0.  1.  0.  0.] -1 -1.00074182703
1672 [ 0.  1.  0.  0.] 0 -0.000741827028105
1673 [ 1.  0.  0.  0.] -2 -2.00074196052
1674 [ 1.  0.  0.  0.] -1 -1.0007418507
1675 [ 1.  0.  0.  0.] -1 -1.00074169177
1676 [ 1.  0.  0.  0.] -1 -1.00074190489
1677 [ 1.  0.  0.  0.] -1 -1.00074174663
1678 [ 1.  0.  0.  0.] -1 -1.00074194459
1679 [ 1.  0.  0.  0.] -1 -1.00074174076
1680 [ 1.  0.  0.  0.] -1 -1.00074172661
1681 [ 1.  0.  0.  0.] -1 -1.00074164731
1682 [ 1.  0.  0.  0.] -1 -1.00074199027
1683 [ 1.  0.  0.  0.] -1 -1.00074200077
1684 [ 1.  0.  0.  0.] -1 -1.00074170582
1685 [ 1.  0.  0.  0.] -1 -1.00074171135
1686 [ 1.  0.  0.  0.] -1 -1.00074204081
1687 [ 1.  0.  0.  0.] -1 -1.0007418205
1688 [ 1.  0.  0.  0.] -1 -1.00074156481
1689 [ 1.  0.  0.  0.] -1 -1.00074165638
1690 [ 1.  0.  0.  0.] -1 -1.0007418111
1691 [ 1.  0.  0.  0.] -1 -1.0007419885
1692 [ 1.  0.  0.  0.] -1 -1.00074177903
1693 [ 1.  0.  0.  0.] -1 -1.00074175072
1694 [ 1.  0.  0.  0.] -1 -1.00074162663
1695 [ 1.  0.  0.  0.] -1 -1.00074185058
1696 [ 1.  0.  0.  0.] 0 -0.000741850584745
1697 [ 0.  0.  0.  1.] -2 -2.00074238929
1698 [ 0.  0.  0.  1.] -1 -1.00074223567
1699 [ 0.  0.  0.  1.] -1 -1.00074193807
1700 [ 0.  0.  0.  1.] -1 -1.00074220969
1701 [ 0.  0.  0.  1.] -1 -1.00074235379
1702 [ 0.  0.  0.  1.] -1 -1.00074239692
1703 [ 0.  0.  0.  1.] -1 -1.00074211391
1704 [ 0.  0.  0.  1.] -1 -1.00074196925
1705 [ 0.  0.  0.  1.] -1 -1.00074203141
1706 [ 0.  0.  0.  1.] -1 -1.00074222406
1707 [ 0.  0.  0.  1.] -1 -1.00074196981
1708 [ 0.  0.  0.  1.] 0 -0.000741969805676
1709 [ 1.  0.  0.  0.] -2 -2.00074176443
1710 [ 1.  0.  0.  0.] -1 -1.00074179783
1711 [ 1.  0.  0.  0.] -1 -1.00074212475
1712 [ 1.  0.  0.  0.] -1 -1.00074201703
1713 [ 1.  0.  0.  0.] -1 -1.00074199613
1714 [ 1.  0.  0.  0.] -1 -1.00074217042
1715 [ 1.  0.  0.  0.] -1 -1.00074193231
1716 [ 1.  0.  0.  0.] -1 -1.00074220239
1717 [ 1.  0.  0.  0.] -1 -1.00074220581
1718 [ 1.  0.  0.  0.] -1 -1.00074195653
1719 [ 1.  0.  0.  0.] -1 -1.00074210528
1720 [ 1.  0.  0.  0.] 0 -0.000742105284007
1721 [ 0.  0.  0.  1.] -2 -2.00074241406
1722 [ 0.  0.  0.  1.] -1 -1.00074227881
1723 [ 0.  0.  0.  1.] -1 -1.00074186297
1724 [ 0.  0.  0.  1.] -1 -1.00074194337
1725 [ 0.  0.  0.  1.] -1 -1.00074164023
1726 [ 0.  0.  0.  1.] -1 -1.00074226764
1727 [ 0.  0.  0.  1.] -1 -1.00074177461
1728 [ 0.  0.  0.  1.] -1 -1.00074158505
1729 [ 0.  0.  0.  1.] -1 -1.00074196516
1730 [ 0.  0.  0.  1.] -1 -1.00074188365
1731 [ 0.  0.  0.  1.] 9 8.99925809191
1732 [ 0.  0.  0.  1.] -1 -1.00074200011
1733 [ 0.  0.  0.  1.] -1 -1.00074225072
1734 [ 0.  0.  0.  1.] -1 -1.00074185733
1735 [ 0.  0.  0.  1.] -1 -1.00074208626
1736 [ 0.  0.  0.  1.] -1 -1.00074181984
1737 [ 0.  0.  0.  1.] -1 -1.00074205839
1738 [ 0.  0.  0.  1.] -1 -1.00074182659
1739 [ 0.  0.  0.  1.] -1 -1.00074242214
1740 [ 0.  0.  0.  1.] -1 -1.00074254766
1741 [ 0.  0.  0.  1.] -1 -1.00074246826
1742 [ 0.  0.  0.  1.] -1 -1.00074200619
1743 [ 0.  0.  0.  1.] -1 -1.00074205408
1744 [ 0.  0.  0.  1.] -1 -1.00074178478
1745 [ 0.  0.  0.  1.] -1 -1.00074193088
1746 [ 0.  0.  0.  1.] -1 -1.00074200542
1747 [ 0.  0.  0.  1.] -1 -1.00074193718
1748 [ 0.  0.  0.  1.] -1 -1.00074192435
1749 [ 0.  0.  0.  1.] -1 -1.00074182095
1750 [ 0.  0.  0.  1.] -1 -1.00074199712
1751 [ 0.  0.  0.  1.] -1 -1.0007420167
1752 [ 0.  0.  0.  1.] -1 -1.00074148607
1753 [ 0.  0.  0.  1.] -1 -1.00074167275
1754 [ 0.  0.  0.  1.] -1 -1.0007417578
1755 [ 0.  0.  0.  1.] -1 -1.00074176786
1756 [ 0.  0.  0.  1.] -1 -1.00074174729
1757 [ 0.  0.  0.  1.] -1 -1.00074177936
1758 [ 0.  0.  0.  1.] -1 -1.00074157919
1759 [ 0.  0.  0.  1.] -1 -1.00074185081
1760 [ 0.  0.  0.  1.] -1 -1.00074177228
1761 [ 0.  0.  0.  1.] -1 -1.00074173214
1762 [ 0.  0.  0.  1.] -1 -1.00074154888
1763 [ 0.  0.  0.  1.] -1 -1.00074170902
1764 [ 0.  0.  0.  1.] -1 -1.0007417599
1765 [ 0.  0.  0.  1.] -1 -1.00074170615
1766 [ 0.  0.  0.  1.] -1 -1.00074154203
1767 [ 0.  0.  0.  1.] -1 -1.00074161867
1768 [ 0.  0.  0.  1.] -1 -1.00074179385
1769 [ 0.  0.  0.  1.] 0 -0.000741793849738
1770 [ 0.  0.  1.  0.] -2 -2.00074187005
1771 [ 0.  0.  1.  0.] -1 -1.00074185246
1772 [ 0.  0.  1.  0.] -1 -1.0007418027
1773 [ 0.  0.  1.  0.] -1 -1.00074172274
1774 [ 0.  0.  1.  0.] -1 -1.00074171135
1775 [ 0.  0.  1.  0.] -1 -1.00074169597
1776 [ 0.  0.  1.  0.] -1 -1.00074178898
1777 [ 0.  0.  1.  0.] -1 -1.00074172827
1778 [ 0.  0.  1.  0.] -1 -1.00074158217
1779 [ 0.  0.  1.  0.] -1 -1.00074149668
1780 [ 0.  0.  1.  0.] -1 -1.00074175182
1781 [ 0.  0.  1.  0.] 0 -0.000741751823807
1782 [ 0.  0.  0.  1.] -2 -2.00074133477
1783 [ 0.  0.  0.  1.] -1 -1.00074151626
1784 [ 0.  0.  0.  1.] -1 -1.00074152798
1785 [ 0.  0.  0.  1.] -1 -1.00074150984
1786 [ 0.  0.  0.  1.] -1 -1.00074123911
1787 [ 0.  0.  0.  1.] -1 -1.00074152732
1788 [ 0.  0.  0.  1.] -1 -1.0007415825
1789 [ 0.  0.  0.  1.] -1 -1.0007415532
1790 [ 0.  0.  0.  1.] -1 -1.00074148441
1791 [ 0.  0.  0.  1.] -1 -1.00074124851
1792 [ 0.  0.  0.  1.] -1 -1.00074138686
1793 [ 0.  0.  0.  1.] 0 -0.000741386861773
1794 [ 0.  0.  1.  0.] -2 -2.00074179252
1795 [ 0.  0.  1.  0.] -1 -1.00074157631
1796 [ 0.  0.  1.  0.] -1 -1.0007414791
1797 [ 0.  0.  1.  0.] -1 -1.00074145255
1798 [ 0.  0.  1.  0.] -1 -1.00074149392
1799 [ 0.  0.  1.  0.] -1 -1.00074145831
1800 [ 0.  0.  1.  0.] -1 -1.00074125415
1801 [ 0.  0.  1.  0.] -1 -1.00074120471
1802 [ 0.  0.  1.  0.] -1 -1.0007413643
1803 [ 0.  0.  1.  0.] -1 -1.00074126676
1804 [ 0.  0.  1.  0.] -1 -1.00074129518
1805 [ 0.  0.  1.  0.] 0 -0.000741295178887
1806 [ 0.  0.  0.  1.] -2 -2.00074131719
1807 [ 0.  0.  0.  1.] -1 -1.00074114444
1808 [ 0.  0.  0.  1.] -1 -1.00074139239
1809 [ 0.  0.  0.  1.] -1 -1.00074147368
1810 [ 0.  0.  0.  1.] -1 -1.00074136198
1811 [ 0.  0.  0.  1.] -1 -1.00074162
1812 [ 0.  0.  0.  1.] -1 -1.00074161856
1813 [ 0.  0.  0.  1.] -1 -1.00074166755
1814 [ 0.  0.  0.  1.] -1 -1.00074193696
1815 [ 0.  0.  0.  1.] -1 -1.00074155121
1816 [ 0.  0.  0.  1.] -1 -1.00074215107
1817 [ 0.  0.  0.  1.] -1 -1.0007420219
1818 [ 0.  0.  0.  1.] -1 -1.00074189261
1819 [ 0.  0.  0.  1.] -1 -1.00074209644
1820 [ 0.  0.  0.  1.] -101 -101
