0 [ 0.  1.  0.  0.] -1 70.2460571289
1 [ 0.  1.  0.  0.] -1 70.0377952576
2 [ 0.  1.  0.  0.] -1 71.3412185669
3 [ 0.  1.  0.  0.] -1 75.4880752563
4 [ 0.  1.  0.  0.] -1 76.0827747345
5 [ 0.  1.  0.  0.] 9 87.3286857605
6 [ 0.  1.  0.  0.] 0 78.3286857605
7 [ 1.  0.  0.  0.] -2 85.4676231384
8 [ 1.  0.  0.  0.] -1 85.947845459
9 [ 1.  0.  0.  0.] 9 90.401581192
10 [ 1.  0.  0.  0.] -1 81.5003665924
11 [ 1.  0.  0.  0.] -1 81.9567974091
12 [ 1.  0.  0.  0.] -1 82.3936950684
13 [ 1.  0.  0.  0.] 9 80.2122962952
14 [ 1.  0.  0.  0.] -1 70.7711040497
15 [ 1.  0.  0.  0.] -1 69.5970127106
16 [ 1.  0.  0.  0.] -1 71.6817115784
17 [ 1.  0.  0.  0.] 9 82.2252841949
18 [ 1.  0.  0.  0.] 0 73.2252841949
19 [ 0.  1.  0.  0.] -2 54.6418727875
20 [ 0.  1.  0.  0.] -1 55.0178771973
21 [ 0.  1.  0.  0.] 9 66.4279790878
22 [ 0.  1.  0.  0.] -1 61.0996181488
23 [ 0.  1.  0.  0.] -1 61.1278270721
24 [ 0.  1.  0.  0.] -1 63.2454097748
25 [ 0.  1.  0.  0.] 9 74.5767086029
26 [ 0.  1.  0.  0.] -1 67.5343982697
27 [ 0.  1.  0.  0.] -1 67.7838790894
28 [ 0.  1.  0.  0.] -1 67.5426753998
29 [ 0.  1.  0.  0.] 9 78.7856002808
30 [ 0.  1.  0.  0.] 0 69.7856002808
31 [ 1.  0.  0.  0.] -2 98.9928016663
32 [ 1.  0.  0.  0.] -1 101.735942078
33 [ 1.  0.  0.  0.] 9 122.820200729
34 [ 1.  0.  0.  0.] -1 115.446094894
35 [ 1.  0.  0.  0.] -1 116.204836655
36 [ 1.  0.  0.  0.] -1 118.236089325
37 [ 1.  0.  0.  0.] 9 146.560568237
38 [ 1.  0.  0.  0.] -1 141.368145752
39 [ 1.  0.  0.  0.] -1 110.275635529
40 [ 1.  0.  0.  0.] -1 110.549512863
41 [ 1.  0.  0.  0.] 9 119.221105957
42 [ 1.  0.  0.  0.] 0 110.221105957
43 [ 0.  1.  0.  0.] -2 69.8553611755
44 [ 0.  1.  0.  0.] -1 70.9815040588
45 [ 0.  1.  0.  0.] 9 80.809916687
46 [ 0.  1.  0.  0.] -1 74.6034442902
47 [ 0.  1.  0.  0.] -1 76.3766635895
48 [ 0.  1.  0.  0.] -1 77.470230484
49 [ 0.  1.  0.  0.] 9 87.3391227722
50 [ 0.  1.  0.  0.] -1 81.7938568115
51 [ 0.  1.  0.  0.] -1 83.2786014557
52 [ 0.  1.  0.  0.] -1 84.323607254
53 [ 0.  1.  0.  0.] 9 94.3174972534
54 [ 0.  1.  0.  0.] 0 85.3174972534
55 [ 0.  0.  1.  0.] -2 68.6979980469
56 [ 0.  0.  1.  0.] -1 69.0883750916
57 [ 0.  0.  1.  0.] 9 80.2285243988
58 [ 0.  0.  1.  0.] -1 62.1160308838
59 [ 0.  0.  1.  0.] -1 61.6523956299
60 [ 0.  0.  1.  0.] -1 60.6253936768
61 [ 0.  0.  1.  0.] 9 72.7096721649
62 [ 0.  0.  1.  0.] -1 55.553531456
63 [ 0.  0.  1.  0.] -1 55.3321870804
64 [ 0.  0.  1.  0.] -1 54.7474498749
65 [ 0.  0.  1.  0.] 9 65.1867284775
66 [ 0.  0.  1.  0.] -1 50.870038414
67 [ 0.  0.  1.  0.] -1 50.5403484344
68 [ 0.  0.  1.  0.] -1 49.8670089722
69 [ 0.  0.  1.  0.] 9 60.8651569366
70 [ 0.  0.  1.  0.] -1 51.5060619354
71 [ 0.  0.  1.  0.] -1 50.9998813629
72 [ 0.  0.  1.  0.] -1 50.2661340714
73 [ 0.  0.  1.  0.] 9 60.9646636963
74 [ 0.  0.  1.  0.] -1 39.0658107758
75 [ 0.  0.  1.  0.] -1 38.786457634
76 [ 0.  0.  1.  0.] -1 38.9468687057
77 [ 0.  0.  1.  0.] 9 49.5189220428
78 [ 0.  0.  1.  0.] 0 40.5189220428
79 [ 0.  1.  0.  0.] -2 53.1305608749
80 [ 0.  1.  0.  0.] -1 53.7218757629
81 [ 0.  1.  0.  0.] 9 64.1397258759
82 [ 0.  1.  0.  0.] -1 53.8590499878
83 [ 0.  1.  0.  0.] -1 54.4953525543
84 [ 0.  1.  0.  0.] -1 55.0895881653
85 [ 0.  1.  0.  0.] 9 65.550056076
86 [ 0.  1.  0.  0.] -1 59.0429796219
87 [ 0.  1.  0.  0.] -1 59.4203935623
88 [ 0.  1.  0.  0.] -1 59.8227294922
89 [ 0.  1.  0.  0.] 9 69.4452648163
90 [ 0.  1.  0.  0.] 0 60.4452648163
91 [ 0.  0.  1.  0.] -2 52.8106882095
92 [ 0.  0.  1.  0.] -1 54.5119249344
93 [ 0.  0.  1.  0.] 9 65.0714466095
94 [ 0.  0.  1.  0.] -1 55.9169387817
95 [ 0.  0.  1.  0.] -1 55.7912706375
96 [ 0.  0.  1.  0.] -1 56.2468099594
97 [ 0.  0.  1.  0.] 9 66.5580467224
98 [ 0.  0.  1.  0.] -1 52.6952978134
99 [ 0.  0.  1.  0.] -1 97.0111721039
100 [ 0.  0.  1.  0.] -1 95.9130607605
101 [ 0.  0.  1.  0.] 9 107.276170731
102 [ 0.  0.  1.  0.] 0 98.2761707306
103 [ 0.  0.  0.  1.] -2 82.7240226746
104 [ 0.  0.  0.  1.] -1 85.3989238739
105 [ 0.  0.  0.  1.] 9 81.9657794952
106 [ 0.  0.  0.  1.] -1 71.0571578979
107 [ 0.  0.  0.  1.] -1 70.5869342804
108 [ 0.  0.  0.  1.] -1 71.0103942871
109 [ 0.  0.  0.  1.] 9 75.2544765472
110 [ 0.  0.  0.  1.] -1 65.0673858643
111 [ 0.  0.  0.  1.] -1 67.2194904327
112 [ 0.  0.  0.  1.] -1 66.4103103638
113 [ 0.  0.  0.  1.] 9 66.517795372
114 [ 0.  0.  0.  1.] -1 55.14330616
115 [ 0.  0.  0.  1.] -1 54.9299163818
116 [ 0.  0.  0.  1.] -1 55.5611562729
117 [ 0.  0.  0.  1.] 9 62.3813575745
118 [ 0.  0.  0.  1.] -1 52.2573890686
119 [ 0.  0.  0.  1.] -1 53.0982933044
120 [ 0.  0.  0.  1.] -1 53.4154371262
121 [ 0.  0.  0.  1.] 9 67.161856842
122 [ 0.  0.  0.  1.] -1 59.9084941864
123 [ 0.  0.  0.  1.] -1 60.8552906036
124 [ 0.  0.  0.  1.] -1 64.7028007507
125 [ 0.  0.  0.  1.] 9 77.0336608887
126 [ 0.  0.  0.  1.] -1 67.8219089508
127 [ 0.  0.  0.  1.] -1 69.937411499
128 [ 0.  0.  0.  1.] -1 71.7112468719
129 [ 0.  0.  0.  1.] -1 63.3800037384
130 [ 0.  0.  0.  1.] -1 63.7235118866
131 [ 0.  0.  0.  1.] -1 64.446963501
132 [ 0.  0.  0.  1.] -1 66.19804039
133 [ 0.  0.  0.  1.] -1 70.1712875366
134 [ 0.  0.  0.  1.] -1 72.096887207
135 [ 0.  0.  0.  1.] -1 74.2224861145
136 [ 0.  0.  0.  1.] -1 72.0654312134
137 [ 0.  0.  0.  1.] -1 64.6944004059
138 [ 0.  0.  0.  1.] 0 65.6944004059
139 [ 0.  0.  1.  0.] -2 76.8796440125
140 [ 0.  0.  1.  0.] -1 79.5079048157
141 [ 0.  0.  1.  0.] -1 86.2203674316
142 [ 0.  0.  1.  0.] -1 91.3778747559
143 [ 0.  0.  1.  0.] -1 87.2756435394
144 [ 0.  0.  1.  0.] -1 86.9724845886
145 [ 0.  0.  1.  0.] -1 92.2801109314
146 [ 0.  0.  1.  0.] -1 71.8518783569
147 [ 0.  0.  1.  0.] -1 70.8148525238
148 [ 0.  0.  1.  0.] -1 71.4532352448
149 [ 0.  0.  1.  0.] -1 76.7121700287
150 [ 0.  0.  1.  0.] 0 77.7121700287
151 [ 0.  0.  0.  1.] -2 73.4136936188
152 [ 0.  0.  0.  1.] -1 77.5997436523
153 [ 0.  0.  0.  1.] -1 70.0727592468
154 [ 0.  0.  0.  1.] -1 69.5287807465
155 [ 0.  0.  0.  1.] -1 69.6606349945
156 [ 0.  0.  0.  1.] -1 71.6097324371
157 [ 0.  0.  0.  1.] -1 63.407516861
158 [ 0.  0.  0.  1.] -1 62.7903995514
159 [ 0.  0.  0.  1.] -1 62.6294883728
160 [ 0.  0.  0.  1.] -1 62.3692661285
161 [ 0.  0.  0.  1.] -1 54.9656377792
162 [ 0.  0.  0.  1.] -1 56.5218252182
163 [ 0.  0.  0.  1.] -1 56.7695882797
164 [ 0.  0.  0.  1.] -1 57.709828949
165 [ 0.  0.  0.  1.] -1 49.8099931717
166 [ 0.  0.  0.  1.] -1 49.2954883575
167 [ 0.  0.  0.  1.] -1 47.4866600037
168 [ 0.  0.  0.  1.] -1 45.4272418976
169 [ 0.  0.  0.  1.] -1 49.7992082596
170 [ 0.  0.  0.  1.] -1 53.2514455795
171 [ 0.  0.  0.  1.] -1 54.9607852936
172 [ 0.  0.  0.  1.] -1 55.391116333
173 [ 0.  0.  0.  1.] -1 50.7268556595
174 [ 0.  0.  0.  1.] 0 51.7268556595
175 [ 0.  0.  1.  0.] -2 52.3810783386
176 [ 0.  0.  1.  0.] -1 52.4541194916
177 [ 0.  0.  1.  0.] -1 59.0592077255
178 [ 0.  0.  1.  0.] -1 74.7503162384
179 [ 0.  0.  1.  0.] -1 70.8471927643
180 [ 0.  0.  1.  0.] -1 69.0682331085
181 [ 0.  0.  1.  0.] -1 82.9702312469
182 [ 0.  0.  1.  0.] -1 88.8522701263
183 [ 0.  0.  1.  0.] -1 87.2607055664
184 [ 0.  0.  1.  0.] -1 84.6985279083
185 [ 0.  0.  1.  0.] -1 91.1888778687
186 [ 0.  0.  1.  0.] -1 87.0558429718
187 [ 0.  0.  1.  0.] -1 86.5766391754
188 [ 0.  0.  1.  0.] -1 86.6089359283
189 [ 0.  0.  1.  0.] -1 96.4244163513
190 [ 0.  0.  1.  0.] -1 103.316417313
191 [ 0.  0.  1.  0.] -1 100.702409744
192 [ 0.  0.  1.  0.] -1 98.9910877228
193 [ 0.  0.  1.  0.] -1 121.873938751
194 [ 0.  0.  1.  0.] -1 114.011078262
195 [ 0.  0.  1.  0.] -1 111.108081436
196 [ 0.  0.  1.  0.] -1 109.732099152
197 [ 0.  0.  1.  0.] -1 129.689781952
198 [ 0.  0.  1.  0.] 0 130.689781952
199 [ 0.  0.  0.  1.] -2 107.368394852
200 [ 0.  0.  0.  1.] -1 106.346448517
201 [ 0.  0.  0.  1.] -1 94.7828193665
202 [ 0.  0.  0.  1.] -1 92.4051448822
203 [ 0.  0.  0.  1.] -1 91.6191074371
204 [ 0.  0.  0.  1.] -1 92.2945343018
205 [ 0.  0.  0.  1.] -1 81.2856468201
206 [ 0.  0.  0.  1.] -1 79.5561180115
207 [ 0.  0.  0.  1.] -1 78.5659862518
208 [ 0.  0.  0.  1.] -1 77.5372955322
209 [ 0.  0.  0.  1.] -1 66.9940002441
210 [ 0.  0.  0.  1.] -1 63.8373695374
211 [ 0.  0.  0.  1.] -1 63.5052841187
212 [ 0.  0.  0.  1.] -1 61.5750747681
213 [ 0.  0.  0.  1.] -1 58.2211700439
214 [ 0.  0.  0.  1.] -1 54.5672410965
215 [ 0.  0.  0.  1.] -1 53.1855619431
216 [ 0.  0.  0.  1.] -1 51.4580842972
217 [ 0.  0.  0.  1.] -1 52.492725563
218 [ 0.  0.  0.  1.] -1 50.6264211655
219 [ 0.  0.  0.  1.] -1 54.4086166382
220 [ 0.  0.  0.  1.] -1 53.837534523
221 [ 0.  0.  0.  1.] 9 61.1265642166
222 [ 0.  0.  0.  1.] 0 52.1265642166
223 [ 1.  0.  0.  0.] -2 93.5694984436
224 [ 1.  0.  0.  0.] -1 96.986579895
225 [ 1.  0.  0.  0.] 9 90.8150173187
226 [ 1.  0.  0.  0.] -1 89.093176651
227 [ 1.  0.  0.  0.] -1 89.6679515839
228 [ 1.  0.  0.  0.] -1 88.7303672791
229 [ 1.  0.  0.  0.] 9 103.016913223
230 [ 1.  0.  0.  0.] -1 93.9394145966
231 [ 1.  0.  0.  0.] -1 93.6413291931
232 [ 1.  0.  0.  0.] -1 101.587439346
233 [ 1.  0.  0.  0.] 9 134.85956192
234 [ 1.  0.  0.  0.] -1 133.414635468
235 [ 1.  0.  0.  0.] -1 136.92180481
236 [ 1.  0.  0.  0.] -1 143.456098938
237 [ 1.  0.  0.  0.] 9 209.938046265
238 [ 1.  0.  0.  0.] -1 202.383930969
239 [ 1.  0.  0.  0.] -1 204.673492432
240 [ 1.  0.  0.  0.] -1 213.833738708
241 [ 1.  0.  0.  0.] 9 295.197994995
242 [ 1.  0.  0.  0.] -1 289.007620239
243 [ 1.  0.  0.  0.] -1 294.598205566
244 [ 1.  0.  0.  0.] -1 308.255789185
245 [ 1.  0.  0.  0.] 9 327.383274841
246 [ 1.  0.  0.  0.] 0 318.383274841
247 [ 0.  0.  0.  1.] -2 59.7856380463
248 [ 0.  0.  0.  1.] -1 64.0574092865
249 [ 0.  0.  0.  1.] -1 57.8472097397
250 [ 0.  0.  0.  1.] -1 59.0215257645
251 [ 0.  0.  0.  1.] -1 61.7752552032
252 [ 0.  0.  0.  1.] -1 67.1476490021
253 [ 0.  0.  0.  1.] -1 70.8759742737
254 [ 0.  0.  0.  1.] -1 73.0598247528
255 [ 0.  0.  0.  1.] -1 73.6513134003
256 [ 0.  0.  0.  1.] -1 76.3077358246
257 [ 0.  0.  0.  1.] -1 83.0176254272
258 [ 0.  0.  0.  1.] -1 110.525768661
259 [ 0.  0.  0.  1.] -1 107.17953949
260 [ 0.  0.  0.  1.] -1 104.688550949
261 [ 0.  0.  0.  1.] -1 102.095308685
262 [ 0.  0.  0.  1.] -1 95.8188884735
263 [ 0.  0.  0.  1.] -1 92.4647228241
264 [ 0.  0.  0.  1.] -1 90.622858429
265 [ 0.  0.  0.  1.] -1 89.5440410614
266 [ 0.  0.  0.  1.] -1 86.3050811768
267 [ 0.  0.  0.  1.] -1 87.5621612549
268 [ 0.  0.  0.  1.] -1 88.2151268005
269 [ 0.  0.  0.  1.] -1 88.7329620361
270 [ 0.  0.  0.  1.] 9 101.640365601
271 [ 0.  0.  0.  1.] -1 90.8323886871
272 [ 0.  0.  0.  1.] -1 90.96146698
273 [ 0.  0.  0.  1.] -1 91.4449253082
274 [ 0.  0.  0.  1.] -1 79.4835300446
275 [ 0.  0.  0.  1.] -1 79.1986358643
276 [ 0.  0.  0.  1.] -1 79.754334259
277 [ 0.  0.  0.  1.] -1 79.731880188
278 [ 0.  0.  0.  1.] -1 84.0863899231
279 [ 0.  0.  0.  1.] -1 84.2285652161
280 [ 0.  0.  0.  1.] -1 87.7680095673
281 [ 0.  0.  0.  1.] -1 86.8101165771
282 [ 0.  0.  0.  1.] -1 77.6222484589
283 [ 0.  0.  0.  1.] 0 78.6222484589
284 [ 0.  0.  1.  0.] -2 88.2870586395
285 [ 0.  0.  1.  0.] -1 88.4037540436
286 [ 0.  0.  1.  0.] -1 93.1647708893
287 [ 0.  0.  1.  0.] -1 109.014213943
288 [ 0.  0.  1.  0.] -1 104.59511795
289 [ 0.  0.  1.  0.] -1 103.710856628
290 [ 0.  0.  1.  0.] -1 115.091424942
291 [ 0.  0.  1.  0.] -1 131.490137482
292 [ 0.  0.  1.  0.] -1 129.7434021
293 [ 0.  0.  1.  0.] -1 128.561729431
294 [ 0.  0.  1.  0.] -1 130.051569366
295 [ 0.  0.  1.  0.] 0 131.051569366
296 [ 0.  0.  0.  1.] -2 107.801501846
297 [ 0.  0.  0.  1.] -1 111.550878906
298 [ 0.  0.  0.  1.] -1 108.961934662
299 [ 0.  0.  0.  1.] -1 103.815255737
300 [ 0.  0.  0.  1.] -1 108.608699799
301 [ 0.  0.  0.  1.] -1 113.840266418
302 [ 0.  0.  0.  1.] -1 110.341279984
303 [ 0.  0.  0.  1.] -1 108.309432983
304 [ 0.  0.  0.  1.] -1 112.266524506
305 [ 0.  0.  0.  1.] -1 114.547772598
306 [ 0.  0.  0.  1.] -1 116.183027649
307 [ 0.  0.  0.  1.] 0 117.183027649
308 [ 1.  0.  0.  0.] -2 167.252757263
309 [ 1.  0.  0.  0.] -1 165.488949585
310 [ 1.  0.  0.  0.] -1 157.483036804
311 [ 1.  0.  0.  0.] -1 149.195788574
312 [ 1.  0.  0.  0.] -1 151.843716431
313 [ 1.  0.  0.  0.] -1 158.113461304
314 [ 1.  0.  0.  0.] -1 97.7445388794
315 [ 1.  0.  0.  0.] -1 95.6673851013
316 [ 1.  0.  0.  0.] -1 96.6822685242
317 [ 1.  0.  0.  0.] -1 96.8741500854
318 [ 1.  0.  0.  0.] -1 95.5242965698
319 [ 1.  0.  0.  0.] 0 96.5242965698
320 [ 0.  0.  0.  1.] -2 78.3602355957
321 [ 0.  0.  0.  1.] -1 80.7436180115
322 [ 0.  0.  0.  1.] -1 73.2510250092
323 [ 0.  0.  0.  1.] -1 75.955015564
324 [ 0.  0.  0.  1.] -1 75.6861248016
325 [ 0.  0.  0.  1.] -1 79.2657444
326 [ 0.  0.  0.  1.] -1 81.2967433929
327 [ 0.  0.  0.  1.] -1 82.6538665771
328 [ 0.  0.  0.  1.] -1 84.9633888245
329 [ 0.  0.  0.  1.] -1 85.7305671692
330 [ 0.  0.  0.  1.] -1 73.218170166
331 [ 0.  0.  0.  1.] 0 74.218170166
332 [ 1.  0.  0.  0.] -2 104.962076569
333 [ 1.  0.  0.  0.] -1 105.898794937
334 [ 1.  0.  0.  0.] -1 119.28334198
335 [ 1.  0.  0.  0.] -1 120.380010986
336 [ 1.  0.  0.  0.] -1 126.275125122
337 [ 1.  0.  0.  0.] -1 123.952324677
338 [ 1.  0.  0.  0.] -1 120.159181213
339 [ 1.  0.  0.  0.] -1 115.544971085
340 [ 1.  0.  0.  0.] -1 114.559695435
341 [ 1.  0.  0.  0.] -1 115.090511703
342 [ 1.  0.  0.  0.] -1 96.5930973053
343 [ 1.  0.  0.  0.] 0 97.5930973053
344 [ 0.  1.  0.  0.] -2 89.3381164551
345 [ 0.  1.  0.  0.] -1 88.8007446289
346 [ 0.  1.  0.  0.] -1 87.194524765
347 [ 0.  1.  0.  0.] -1 86.603478241
348 [ 0.  1.  0.  0.] -1 86.2114887238
349 [ 0.  1.  0.  0.] -1 88.651335907
350 [ 0.  1.  0.  0.] -1 88.1076618195
351 [ 0.  1.  0.  0.] -1 76.361095047
352 [ 0.  1.  0.  0.] -1 75.7809783936
353 [ 0.  1.  0.  0.] -1 76.0424255371
354 [ 0.  1.  0.  0.] -1 74.4215576172
355 [ 0.  1.  0.  0.] -1 70.1166381836
356 [ 0.  1.  0.  0.] -1 69.8686141968
357 [ 0.  1.  0.  0.] -1 70.6416996002
358 [ 0.  1.  0.  0.] -1 70.8516212463
359 [ 0.  1.  0.  0.] -1 75.1556491852
360 [ 0.  1.  0.  0.] -1 79.2149002075
361 [ 0.  1.  0.  0.] -1 81.3638664246
362 [ 0.  1.  0.  0.] -1 82.8282878876
363 [ 0.  1.  0.  0.] -1 87.583839798
364 [ 0.  1.  0.  0.] -1 89.1366714478
365 [ 0.  1.  0.  0.] -1 92.7591262817
366 [ 0.  1.  0.  0.] -1 95.1688148499
367 [ 0.  1.  0.  0.] -1 103.744472504
368 [ 0.  1.  0.  0.] -1 106.979032898
369 [ 0.  1.  0.  0.] -1 108.219442749
370 [ 0.  1.  0.  0.] -1 109.187200165
371 [ 0.  1.  0.  0.] -1 107.940977478
372 [ 0.  1.  0.  0.] -1 109.646385193
373 [ 0.  1.  0.  0.] -1 111.583646774
374 [ 0.  1.  0.  0.] -1 111.469115067
375 [ 0.  1.  0.  0.] -1 115.916753387
376 [ 0.  1.  0.  0.] -1 115.552487183
377 [ 0.  1.  0.  0.] -1 116.754497528
378 [ 0.  1.  0.  0.] -1 117.873939514
379 [ 0.  1.  0.  0.] 0 118.873939514
380 [ 0.  0.  1.  0.] -2 93.4579963684
381 [ 0.  0.  1.  0.] -1 95.4035171509
382 [ 0.  0.  1.  0.] 9 110.171549988
383 [ 0.  0.  1.  0.] -1 97.3789535522
384 [ 0.  0.  1.  0.] -1 95.8167648315
385 [ 0.  0.  1.  0.] -1 96.1333324432
386 [ 0.  0.  1.  0.] 9 110.401258469
387 [ 0.  0.  1.  0.] -1 94.0987384796
388 [ 0.  0.  1.  0.] -1 94.409457016
389 [ 0.  0.  1.  0.] -1 93.8354068756
390 [ 0.  0.  1.  0.] -1 97.782742691
391 [ 0.  0.  1.  0.] -1 91.2101142883
392 [ 0.  0.  1.  0.] -1 91.5597106934
393 [ 0.  0.  1.  0.] -1 91.1611255646
394 [ 0.  0.  1.  0.] 9 103.710343933
395 [ 0.  0.  1.  0.] -1 92.9645904541
396 [ 0.  0.  1.  0.] -1 91.3049171448
397 [ 0.  0.  1.  0.] -1 91.2693878174
398 [ 0.  0.  1.  0.] 9 108.196867371
399 [ 0.  0.  1.  0.] -1 100.171115112
400 [ 0.  0.  1.  0.] -1 98.2956058502
401 [ 0.  0.  1.  0.] -1 99.0115848541
402 [ 0.  0.  1.  0.] 9 111.540653992
403 [ 0.  0.  1.  0.] -1 98.6611186981
404 [ 0.  0.  1.  0.] -1 99.934897995
405 [ 0.  0.  1.  0.] -1 101.852611923
406 [ 0.  0.  1.  0.] 9 117.81397934
407 [ 0.  0.  1.  0.] -1 113.802649689
408 [ 0.  0.  1.  0.] -1 114.855178833
409 [ 0.  0.  1.  0.] -1 116.361906433
410 [ 0.  0.  1.  0.] 9 130.095827103
411 [ 0.  0.  1.  0.] -1 139.528057098
412 [ 0.  0.  1.  0.] -1 138.009008026
413 [ 0.  0.  1.  0.] -1 136.793400574
414 [ 0.  0.  1.  0.] 9 155.434144592
415 [ 0.  0.  1.  0.] 0 146.434144592
416 [ 0.  0.  0.  1.] -2 125.598121643
417 [ 0.  0.  0.  1.] -1 127.804640198
418 [ 0.  0.  0.  1.] -1 133.913626099
419 [ 0.  0.  0.  1.] -1 133.386238098
420 [ 0.  0.  0.  1.] -1 136.498323059
421 [ 0.  0.  0.  1.] -1 137.395181274
422 [ 0.  0.  0.  1.] -1 145.600078583
423 [ 0.  0.  0.  1.] -1 145.278111267
424 [ 0.  0.  0.  1.] -1 151.631700134
425 [ 0.  0.  0.  1.] -1 158.151715851
426 [ 0.  0.  0.  1.] -1 179.548807526
427 [ 0.  0.  0.  1.] -1 179.220838928
428 [ 0.  0.  0.  1.] -1 179.58120575
429 [ 0.  0.  0.  1.] -1 186.623274994
430 [ 0.  0.  0.  1.] -1 181.657069397
431 [ 0.  0.  0.  1.] -1 185.55530777
432 [ 0.  0.  0.  1.] -1 188.211106873
433 [ 0.  0.  0.  1.] -1 199.208948517
434 [ 0.  0.  0.  1.] -1 231.873591614
435 [ 0.  0.  0.  1.] -1 238.324288177
436 [ 0.  0.  0.  1.] -1 248.096737671
437 [ 0.  0.  0.  1.] -1 254.625175476
438 [ 0.  0.  0.  1.] -1 240.47326889
439 [ 0.  0.  0.  1.] 0 241.47326889
440 [ 0.  0.  1.  0.] -2 250.410604858
441 [ 0.  0.  1.  0.] -1 254.035716248
442 [ 0.  0.  1.  0.] -1 254.235700989
443 [ 0.  0.  1.  0.] -1 223.364977264
444 [ 0.  0.  1.  0.] -1 224.484274292
445 [ 0.  0.  1.  0.] -1 224.154870605
446 [ 0.  0.  1.  0.] -1 223.62484436
447 [ 0.  0.  1.  0.] -1 229.235129547
448 [ 0.  0.  1.  0.] -1 233.574215698
449 [ 0.  0.  1.  0.] -1 233.243623352
450 [ 0.  0.  1.  0.] 9 249.888651276
451 [ 0.  0.  1.  0.] 0 240.888651276
452 [ 0.  0.  0.  1.] -2 262.455757141
453 [ 0.  0.  0.  1.] -1 270.055311584
454 [ 0.  0.  0.  1.] 9 275.35880127
455 [ 0.  0.  0.  1.] -1 273.68188324
456 [ 0.  0.  0.  1.] -1 279.501676941
457 [ 0.  0.  0.  1.] -1 286.950775146
458 [ 0.  0.  0.  1.] 9 302.519935608
459 [ 0.  0.  0.  1.] -1 299.209306335
460 [ 0.  0.  0.  1.] -1 308.533036804
461 [ 0.  0.  0.  1.] -1 307.820594788
462 [ 0.  0.  0.  1.] 9 288.237696838
463 [ 0.  0.  0.  1.] 0 279.237696838
464 [ 0.  0.  1.  0.] -2 245.799562073
465 [ 0.  0.  1.  0.] -1 248.850579834
466 [ 0.  0.  1.  0.] 9 259.956903076
467 [ 0.  0.  1.  0.] -1 268.470074463
468 [ 0.  0.  1.  0.] -1 265.458735657
469 [ 0.  0.  1.  0.] -1 266.643104553
470 [ 0.  0.  1.  0.] 9 283.892739868
471 [ 0.  0.  1.  0.] -1 266.591702271
472 [ 0.  0.  1.  0.] -1 261.542189026
473 [ 0.  0.  1.  0.] -1 257.470623779
474 [ 0.  0.  1.  0.] 9 266.495864868
475 [ 0.  0.  1.  0.] -1 204.123867798
476 [ 0.  0.  1.  0.] -1 202.313495636
477 [ 0.  0.  1.  0.] -1 201.1275177
478 [ 0.  0.  1.  0.] 9 217.081513977
479 [ 0.  0.  1.  0.] 0 208.081513977
480 [ 0.  0.  0.  1.] -2 196.107702637
481 [ 0.  0.  0.  1.] -1 199.460161591
482 [ 0.  0.  0.  1.] 9 199.94881134
483 [ 0.  0.  0.  1.] -1 186.111383057
484 [ 0.  0.  0.  1.] -1 187.380175781
485 [ 0.  0.  0.  1.] -1 192.718605804
486 [ 0.  0.  0.  1.] 9 171.528190613
487 [ 0.  0.  0.  1.] -1 159.469664001
488 [ 0.  0.  0.  1.] -1 160.399297333
489 [ 0.  0.  0.  1.] -1 161.395915985
490 [ 0.  0.  0.  1.] 9 166.757577515
491 [ 0.  0.  0.  1.] -1 156.814676666
492 [ 0.  0.  0.  1.] -1 157.040348053
493 [ 0.  0.  0.  1.] -1 158.408074951
494 [ 0.  0.  0.  1.] 9 162.352549744
495 [ 0.  0.  0.  1.] -1 151.91493454
496 [ 0.  0.  0.  1.] -1 152.013564301
497 [ 0.  0.  0.  1.] -1 154.317447662
498 [ 0.  0.  0.  1.] 9 163.704867554
499 [ 0.  0.  0.  1.] -1 153.887065887
500 [ 0.  0.  0.  1.] -1 154.560006714
501 [ 0.  0.  0.  1.] -1 153.869975281
502 [ 0.  0.  0.  1.] 9 139.265546417
503 [ 0.  0.  0.  1.] 0 130.265546417
504 [ 0.  0.  1.  0.] -2 138.228572845
505 [ 0.  0.  1.  0.] -1 138.896414948
506 [ 0.  0.  1.  0.] 9 153.47327652
507 [ 0.  0.  1.  0.] -1 155.050314331
508 [ 0.  0.  1.  0.] -1 152.138025665
509 [ 0.  0.  1.  0.] -1 152.311396027
510 [ 0.  0.  1.  0.] 9 165.671591949
511 [ 0.  0.  1.  0.] -1 172.569476318
512 [ 0.  0.  1.  0.] -1 171.369379425
513 [ 0.  0.  1.  0.] -1 180.063990021
514 [ 0.  0.  1.  0.] 9 209.562864685
515 [ 0.  0.  1.  0.] 0 200.562864685
516 [ 0.  1.  0.  0.] -2 247.104768372
517 [ 0.  1.  0.  0.] -1 248.22519989
518 [ 0.  1.  0.  0.] 9 268.001229858
519 [ 0.  1.  0.  0.] -1 246.444239807
520 [ 0.  1.  0.  0.] -1 251.71809082
521 [ 0.  1.  0.  0.] -1 257.212336731
522 [ 0.  1.  0.  0.] 9 276.949198914
523 [ 0.  1.  0.  0.] -1 284.466592407
524 [ 0.  1.  0.  0.] -1 292.22958374
525 [ 0.  1.  0.  0.] -1 294.46791687
526 [ 0.  1.  0.  0.] 9 309.060665894
527 [ 0.  1.  0.  0.] -1 305.794625854
528 [ 0.  1.  0.  0.] -1 309.47613678
529 [ 0.  1.  0.  0.] -1 314.015744019
530 [ 0.  1.  0.  0.] 9 324.443429565
531 [ 0.  1.  0.  0.] -1 316.529759216
532 [ 0.  1.  0.  0.] -1 323.735877991
533 [ 0.  1.  0.  0.] -1 327.984002686
534 [ 0.  1.  0.  0.] 9 339.415206909
535 [ 0.  1.  0.  0.] -1 321.840458679
536 [ 0.  1.  0.  0.] -1 321.149992371
537 [ 0.  1.  0.  0.] -1 323.370959473
538 [ 0.  1.  0.  0.] 9 331.976197815
539 [ 0.  1.  0.  0.] -1 317.378868103
540 [ 0.  1.  0.  0.] -1 320.586915588
541 [ 0.  1.  0.  0.] -1 324.216183472
542 [ 0.  1.  0.  0.] 9 336.865792847
543 [ 0.  1.  0.  0.] -1 319.739575195
544 [ 0.  1.  0.  0.] -1 324.234448242
545 [ 0.  1.  0.  0.] -1 328.169810486
546 [ 0.  1.  0.  0.] 9 335.479119873
547 [ 0.  1.  0.  0.] -1 315.935110474
548 [ 0.  1.  0.  0.] -1 316.801875305
549 [ 0.  1.  0.  0.] -1 322.911354065
550 [ 0.  1.  0.  0.] 9 332.788980103
551 [ 0.  1.  0.  0.] 0 323.788980103
552 [ 1.  0.  0.  0.] -2 335.565748596
553 [ 1.  0.  0.  0.] -1 343.659147644
554 [ 1.  0.  0.  0.] 9 341.93354187
555 [ 1.  0.  0.  0.] -1 334.374411011
556 [ 1.  0.  0.  0.] -1 338.209606934
557 [ 1.  0.  0.  0.] -1 331.549575806
558 [ 1.  0.  0.  0.] 9 299.806863403
559 [ 1.  0.  0.  0.] -1 290.966589355
560 [ 1.  0.  0.  0.] -1 288.790646362
561 [ 1.  0.  0.  0.] -1 290.527423096
562 [ 1.  0.  0.  0.] 9 330.784059143
563 [ 1.  0.  0.  0.] 0 321.784059143
564 [ 0.  1.  0.  0.] -2 267.040330505
565 [ 0.  1.  0.  0.] -1 266.317875671
566 [ 0.  1.  0.  0.] 9 283.348014832
567 [ 0.  1.  0.  0.] -1 267.50450592
568 [ 0.  1.  0.  0.] -1 268.873812866
569 [ 0.  1.  0.  0.] -1 268.569023132
570 [ 0.  1.  0.  0.] 9 281.289923096
571 [ 0.  1.  0.  0.] -1 274.390382385
572 [ 0.  1.  0.  0.] -1 269.01822052
573 [ 0.  1.  0.  0.] -1 272.275669861
574 [ 0.  1.  0.  0.] 9 281.913621521
575 [ 0.  1.  0.  0.] 0 272.913621521
576 [ 1.  0.  0.  0.] -2 316.615411377
577 [ 1.  0.  0.  0.] -1 317.806147766
578 [ 1.  0.  0.  0.] 9 325.664356995
579 [ 1.  0.  0.  0.] -1 319.616186523
580 [ 1.  0.  0.  0.] -1 321.187797546
581 [ 1.  0.  0.  0.] -1 325.930288696
582 [ 1.  0.  0.  0.] 9 332.500918579
583 [ 1.  0.  0.  0.] -1 323.456021118
584 [ 1.  0.  0.  0.] -1 326.373368835
585 [ 1.  0.  0.  0.] -1 329.526824951
586 [ 1.  0.  0.  0.] 9 290.856777954
587 [ 1.  0.  0.  0.] -1 284.288641357
588 [ 1.  0.  0.  0.] -1 289.825650024
589 [ 1.  0.  0.  0.] -1 294.800393677
590 [ 1.  0.  0.  0.] 9 260.905540466
591 [ 1.  0.  0.  0.] 0 251.905540466
592 [ 0.  0.  0.  1.] -2 210.003206635
593 [ 0.  0.  0.  1.] -1 218.727870941
594 [ 0.  0.  0.  1.] 9 209.968994904
595 [ 0.  0.  0.  1.] -1 202.112858582
596 [ 0.  0.  0.  1.] -1 209.188906097
597 [ 0.  0.  0.  1.] -1 214.895675659
598 [ 0.  0.  0.  1.] 9 248.656764984
599 [ 0.  0.  0.  1.] -1 246.691365051
600 [ 0.  0.  0.  1.] -1 252.953746033
601 [ 0.  0.  0.  1.] -1 257.918545532
602 [ 0.  0.  0.  1.] -1 258.896261597
603 [ 0.  0.  0.  1.] 0 259.896261597
604 [ 1.  0.  0.  0.] -2 321.283161926
605 [ 1.  0.  0.  0.] -1 321.199481201
606 [ 1.  0.  0.  0.] -1 294.390596008
607 [ 1.  0.  0.  0.] -1 296.824246216
608 [ 1.  0.  0.  0.] -1 299.300369263
609 [ 1.  0.  0.  0.] -1 301.075038147
610 [ 1.  0.  0.  0.] -1 310.949784851
611 [ 1.  0.  0.  0.] -1 308.207141113
612 [ 1.  0.  0.  0.] -1 309.574157715
613 [ 1.  0.  0.  0.] -1 308.735804749
614 [ 1.  0.  0.  0.] -1 315.048109436
615 [ 1.  0.  0.  0.] 0 316.048109436
616 [ 0.  1.  0.  0.] -2 272.384631348
617 [ 0.  1.  0.  0.] -1 269.497975159
618 [ 0.  1.  0.  0.] -1 269.733677673
619 [ 0.  1.  0.  0.] -1 261.073770142
620 [ 0.  1.  0.  0.] -1 258.03265686
621 [ 0.  1.  0.  0.] -1 260.895819092
622 [ 0.  1.  0.  0.] -1 249.200045776
623 [ 0.  1.  0.  0.] -1 239.534155273
624 [ 0.  1.  0.  0.] -1 234.307009888
625 [ 0.  1.  0.  0.] -1 233.546891022
626 [ 0.  1.  0.  0.] -1 231.962045288
627 [ 0.  1.  0.  0.] -1 175.636928558
628 [ 0.  1.  0.  0.] -1 176.895197296
629 [ 0.  1.  0.  0.] -1 176.295417023
630 [ 0.  1.  0.  0.] -1 170.760046387
631 [ 0.  1.  0.  0.] -1 148.560334015
632 [ 0.  1.  0.  0.] -1 149.570303345
633 [ 0.  1.  0.  0.] -1 152.668211365
634 [ 0.  1.  0.  0.] -1 156.988728333
635 [ 0.  1.  0.  0.] -1 151.052518463
636 [ 0.  1.  0.  0.] -1 149.588437653
637 [ 0.  1.  0.  0.] -1 149.920508575
638 [ 0.  1.  0.  0.] -1 149.907810211
639 [ 0.  1.  0.  0.] 0 150.907810211
640 [ 1.  0.  0.  0.] -2 153.248331451
641 [ 1.  0.  0.  0.] -1 158.32069397
642 [ 1.  0.  0.  0.] -1 110.445990753
643 [ 1.  0.  0.  0.] -1 110.361103058
644 [ 1.  0.  0.  0.] -1 110.28495636
645 [ 1.  0.  0.  0.] -1 110.724289322
646 [ 1.  0.  0.  0.] -1 106.618782043
647 [ 1.  0.  0.  0.] -1 105.676029968
648 [ 1.  0.  0.  0.] -1 105.169095612
649 [ 1.  0.  0.  0.] -1 108.47691803
650 [ 1.  0.  0.  0.] -1 117.154416275
651 [ 1.  0.  0.  0.] -1 119.141775513
652 [ 1.  0.  0.  0.] -1 120.258883667
653 [ 1.  0.  0.  0.] -1 122.47397995
654 [ 1.  0.  0.  0.] -1 138.351907349
655 [ 1.  0.  0.  0.] -1 136.233483887
656 [ 1.  0.  0.  0.] -1 137.127877808
657 [ 1.  0.  0.  0.] -1 140.681781769
658 [ 1.  0.  0.  0.] -1 121.149276733
659 [ 1.  0.  0.  0.] -1 122.637754059
660 [ 1.  0.  0.  0.] -1 123.594364166
661 [ 1.  0.  0.  0.] -1 122.717118835
662 [ 1.  0.  0.  0.] -1 128.85508194
663 [ 1.  0.  0.  0.] -1 127.504286194
664 [ 1.  0.  0.  0.] -1 125.782788086
665 [ 1.  0.  0.  0.] -1 126.822502899
666 [ 1.  0.  0.  0.] -1 117.003608704
667 [ 1.  0.  0.  0.] -1 117.664242554
668 [ 1.  0.  0.  0.] -1 117.955696106
669 [ 1.  0.  0.  0.] -1 119.043841553
670 [ 1.  0.  0.  0.] -1 114.379512024
671 [ 1.  0.  0.  0.] -1 112.243207932
672 [ 1.  0.  0.  0.] -1 111.839244843
673 [ 1.  0.  0.  0.] -1 114.30778656
674 [ 1.  0.  0.  0.] -1 146.540714264
675 [ 1.  0.  0.  0.] -1 142.452174377
676 [ 1.  0.  0.  0.] -1 144.370076752
677 [ 1.  0.  0.  0.] -1 148.568335724
678 [ 1.  0.  0.  0.] -1 180.425444031
679 [ 1.  0.  0.  0.] -1 178.464648437
680 [ 1.  0.  0.  0.] -1 177.758410645
681 [ 1.  0.  0.  0.] -1 181.598100281
682 [ 1.  0.  0.  0.] -1 174.235585785
683 [ 1.  0.  0.  0.] -1 181.221005249
684 [ 1.  0.  0.  0.] -1 175.895476532
685 [ 1.  0.  0.  0.] -1 175.16621933
686 [ 1.  0.  0.  0.] -1 179.712538147
687 [ 1.  0.  0.  0.] 0 180.712538147
688 [ 0.  1.  0.  0.] -2 129.30201416
689 [ 0.  1.  0.  0.] -1 130.572260284
690 [ 0.  1.  0.  0.] 9 142.640528107
691 [ 0.  1.  0.  0.] -1 155.067680359
692 [ 0.  1.  0.  0.] -1 163.706641388
693 [ 0.  1.  0.  0.] -1 165.895848083
694 [ 0.  1.  0.  0.] 9 173.671996307
695 [ 0.  1.  0.  0.] 0 164.671996307
696 [ 1.  0.  0.  0.] -2 242.489985657
697 [ 1.  0.  0.  0.] -1 250.268911743
698 [ 1.  0.  0.  0.] 9 274.178433228
699 [ 1.  0.  0.  0.] -1 271.651507568
700 [ 1.  0.  0.  0.] -1 274.019868469
701 [ 1.  0.  0.  0.] -1 271.516464233
702 [ 1.  0.  0.  0.] 9 239.922827148
703 [ 1.  0.  0.  0.] -1 234.687801361
704 [ 1.  0.  0.  0.] -1 224.69750824
705 [ 1.  0.  0.  0.] -1 238.755380249
706 [ 1.  0.  0.  0.] 9 299.179743958
707 [ 1.  0.  0.  0.] -1 296.33704071
708 [ 1.  0.  0.  0.] -1 293.929077148
709 [ 1.  0.  0.  0.] -1 300.288783264
710 [ 1.  0.  0.  0.] 49 1305.04229126
711 [ 1.  0.  0.  0.] -1 1323.46061401
712 [ 1.  0.  0.  0.] -1 1361.53320923
713 [ 1.  0.  0.  0.] -1 1480.83057251
714 [ 1.  0.  0.  0.] 9 1650.25697021
715 [ 1.  0.  0.  0.] -1 1662.08180542
716 [ 1.  0.  0.  0.] -1 1683.8875061
717 [ 1.  0.  0.  0.] -1 1688.70662231
718 [ 1.  0.  0.  0.] 9 1659.20717163
719 [ 1.  0.  0.  0.] 0 1650.20717163
720 [ 0.  0.  0.  1.] -2 404.333218384
721 [ 0.  0.  0.  1.] -1 396.703346252
722 [ 0.  0.  0.  1.] 9 366.411146545
723 [ 0.  0.  0.  1.] -1 343.83941803
724 [ 0.  0.  0.  1.] -1 336.860362244
725 [ 0.  0.  0.  1.] -1 331.764665222
726 [ 0.  0.  0.  1.] 9 321.406027222
727 [ 0.  0.  0.  1.] -1 306.869927979
728 [ 0.  0.  0.  1.] -1 305.769316101
729 [ 0.  0.  0.  1.] -1 303.019192505
730 [ 0.  0.  0.  1.] 9 279.893421936
731 [ 0.  0.  0.  1.] -1 260.000091553
732 [ 0.  0.  0.  1.] -1 253.516358948
733 [ 0.  0.  0.  1.] -1 251.228913879
734 [ 0.  0.  0.  1.] 9 283.840641785
735 [ 0.  0.  0.  1.] -1 276.291716003
736 [ 0.  0.  0.  1.] -1 277.203533936
737 [ 0.  0.  0.  1.] -1 272.602406311
738 [ 0.  0.  0.  1.] -1 250.258880615
739 [ 0.  0.  0.  1.] 0 251.258880615
740 [ 0.  0.  1.  0.] -2 183.752078247
741 [ 0.  0.  1.  0.] -1 180.298735809
742 [ 0.  0.  1.  0.] -1 192.292123413
743 [ 0.  0.  1.  0.] -1 158.958569336
744 [ 0.  0.  1.  0.] -1 155.739374542
745 [ 0.  0.  1.  0.] -1 154.979777527
746 [ 0.  0.  1.  0.] -1 164.34708252
747 [ 0.  0.  1.  0.] -1 141.833563995
748 [ 0.  0.  1.  0.] -1 140.904423523
749 [ 0.  0.  1.  0.] -1 139.023210144
750 [ 0.  0.  1.  0.] -1 140.749085999
751 [ 0.  0.  1.  0.] -1 122.235610199
752 [ 0.  0.  1.  0.] -1 121.168469238
753 [ 0.  0.  1.  0.] -1 119.939656067
754 [ 0.  0.  1.  0.] -1 124.538275909
755 [ 0.  0.  1.  0.] -1 135.750076294
756 [ 0.  0.  1.  0.] -1 132.358844757
757 [ 0.  0.  1.  0.] -1 131.328479767
758 [ 0.  0.  1.  0.] -1 136.984296417
759 [ 0.  0.  1.  0.] -1 100.092061996
760 [ 0.  0.  1.  0.] -1 98.7696781158
761 [ 0.  0.  1.  0.] -1 98.074225235
762 [ 0.  0.  1.  0.] -1 104.947338104
763 [ 0.  0.  1.  0.] 0 105.947338104
764 [ 0.  0.  0.  1.] -2 98.7829090118
765 [ 0.  0.  0.  1.] -1 99.0767944336
766 [ 0.  0.  0.  1.] 9 103.175120926
767 [ 0.  0.  0.  1.] -1 92.133057785
768 [ 0.  0.  0.  1.] -1 93.6493019104
769 [ 0.  0.  0.  1.] -1 95.3682559967
770 [ 0.  0.  0.  1.] 9 109.306749344
771 [ 0.  0.  0.  1.] -1 103.270161057
772 [ 0.  0.  0.  1.] -1 108.505540085
773 [ 0.  0.  0.  1.] -1 110.426819992
774 [ 0.  0.  0.  1.] 9 110.732387161
775 [ 0.  0.  0.  1.] -1 100.483957291
776 [ 0.  0.  0.  1.] -1 100.091960526
777 [ 0.  0.  0.  1.] -1 105.965613556
778 [ 0.  0.  0.  1.] 9 97.9214771271
779 [ 0.  0.  0.  1.] -1 88.1813732147
780 [ 0.  0.  0.  1.] -1 90.8662654877
781 [ 0.  0.  0.  1.] -1 94.8630901337
782 [ 0.  0.  0.  1.] 9 109.690505219
783 [ 0.  0.  0.  1.] -1 95.0709896088
784 [ 0.  0.  0.  1.] -1 98.9983283997
785 [ 0.  0.  0.  1.] -1 94.8631191254
786 [ 0.  0.  0.  1.] -1 92.8091079712
787 [ 0.  0.  0.  1.] 0 93.8091079712
788 [ 1.  0.  0.  0.] -2 321.27794342
789 [ 1.  0.  0.  0.] -1 311.526371765
790 [ 1.  0.  0.  0.] -1 348.416540527
791 [ 1.  0.  0.  0.] -1 352.921531677
792 [ 1.  0.  0.  0.] -1 356.390649414
793 [ 1.  0.  0.  0.] -1 363.916111755
794 [ 1.  0.  0.  0.] -1 318.653981018
795 [ 1.  0.  0.  0.] -1 317.054421997
796 [ 1.  0.  0.  0.] -1 315.829174805
797 [ 1.  0.  0.  0.] -1 323.345069885
798 [ 1.  0.  0.  0.] -1 362.470121765
799 [ 1.  0.  0.  0.] 0 363.470121765
800 [ 0.  1.  0.  0.] -2 192.434294891
801 [ 0.  1.  0.  0.] -1 188.752381897
802 [ 0.  1.  0.  0.] -1 185.391736603
803 [ 0.  1.  0.  0.] -1 229.165013123
804 [ 0.  1.  0.  0.] -1 229.732148743
805 [ 0.  1.  0.  0.] -1 239.71145401
806 [ 0.  1.  0.  0.] -1 238.018396759
807 [ 0.  1.  0.  0.] -1 229.610383606
808 [ 0.  1.  0.  0.] -1 231.520762634
809 [ 0.  1.  0.  0.] -1 228.97013092
810 [ 0.  1.  0.  0.] -1 239.486927795
811 [ 0.  1.  0.  0.] 0 240.486927795
812 [ 1.  0.  0.  0.] -2 392.992709351
813 [ 1.  0.  0.  0.] -1 413.166833496
814 [ 1.  0.  0.  0.] -1 873.033630371
815 [ 1.  0.  0.  0.] -1 953.058895874
816 [ 1.  0.  0.  0.] -1 1090.33163452
817 [ 1.  0.  0.  0.] -1 1241.80560913
818 [ 1.  0.  0.  0.] -1 1878.52733765
819 [ 1.  0.  0.  0.] -1 1975.78370361
820 [ 1.  0.  0.  0.] -1 1958.73032227
821 [ 1.  0.  0.  0.] -1 1918.1194458
822 [ 1.  0.  0.  0.] -1 1877.58661499
823 [ 1.  0.  0.  0.] 0 1878.58661499
824 [ 0.  1.  0.  0.] -2 274.173709106
825 [ 0.  1.  0.  0.] -1 282.603179932
826 [ 0.  1.  0.  0.] -1 266.213331604
827 [ 0.  1.  0.  0.] -1 270.680227661
828 [ 0.  1.  0.  0.] -1 265.082017517
829 [ 0.  1.  0.  0.] -1 275.320233154
830 [ 0.  1.  0.  0.] -1 269.927226257
831 [ 0.  1.  0.  0.] -1 306.778401184
832 [ 0.  1.  0.  0.] -1 314.435021973
833 [ 0.  1.  0.  0.] -1 318.514414978
834 [ 0.  1.  0.  0.] -1 327.040061951
835 [ 0.  1.  0.  0.] 0 328.040061951
836 [ 0.  0.  1.  0.] -2 177.910207367
837 [ 0.  0.  1.  0.] -1 175.989699554
838 [ 0.  0.  1.  0.] -1 185.96188736
839 [ 0.  0.  1.  0.] -1 161.258509827
840 [ 0.  0.  1.  0.] -1 158.310054016
841 [ 0.  0.  1.  0.] -1 156.84434967
842 [ 0.  0.  1.  0.] -1 172.252089691
843 [ 0.  0.  1.  0.] -1 146.981533051
844 [ 0.  0.  1.  0.] -1 145.842101288
845 [ 0.  0.  1.  0.] -1 143.557584381
846 [ 0.  0.  1.  0.] -1 146.655463409
847 [ 0.  0.  1.  0.] -1 124.348858643
848 [ 0.  0.  1.  0.] -1 122.216142273
849 [ 0.  0.  1.  0.] -1 120.563731384
850 [ 0.  0.  1.  0.] -1 125.961971283
851 [ 0.  0.  1.  0.] -1 135.213294983
852 [ 0.  0.  1.  0.] -1 131.000047302
853 [ 0.  0.  1.  0.] -1 130.166057587
854 [ 0.  0.  1.  0.] -1 139.076873779
855 [ 0.  0.  1.  0.] -1 111.326439667
856 [ 0.  0.  1.  0.] -1 111.025426102
857 [ 0.  0.  1.  0.] -1 107.930540466
858 [ 0.  0.  1.  0.] -1 122.297840881
859 [ 0.  0.  1.  0.] 0 123.297840881
860 [ 0.  0.  0.  1.] -2 115.278178406
861 [ 0.  0.  0.  1.] -1 115.469940567
862 [ 0.  0.  0.  1.] -1 110.768900299
863 [ 0.  0.  0.  1.] -1 110.658260727
864 [ 0.  0.  0.  1.] -1 110.898804855
865 [ 0.  0.  0.  1.] -1 111.6024189
866 [ 0.  0.  0.  1.] -1 120.234951019
867 [ 0.  0.  0.  1.] -1 129.165988922
868 [ 0.  0.  0.  1.] -1 146.341425323
869 [ 0.  0.  0.  1.] -1 147.30271759
870 [ 0.  0.  0.  1.] -1 118.023065567
871 [ 0.  0.  0.  1.] -1 119.942163849
872 [ 0.  0.  0.  1.] -1 116.062762833
873 [ 0.  0.  0.  1.] -1 133.958273315
874 [ 0.  0.  0.  1.] -1 99.5556938171
875 [ 0.  0.  0.  1.] -1 97.94438591
876 [ 0.  0.  0.  1.] -1 98.2798271179
877 [ 0.  0.  0.  1.] -1 99.2479831696
878 [ 0.  0.  0.  1.] -1 99.6905052185
879 [ 0.  0.  0.  1.] -1 95.0709896088
880 [ 0.  0.  0.  1.] -1 98.9983283997
881 [ 0.  0.  0.  1.] -1 94.8631191254
882 [ 0.  0.  0.  1.] -1 92.8091079712
883 [ 0.  0.  0.  1.] 0 93.8091079712
884 [ 1.  0.  0.  0.] -2 321.27794342
885 [ 1.  0.  0.  0.] -1 311.526371765
886 [ 1.  0.  0.  0.] -1 348.416540527
887 [ 1.  0.  0.  0.] -1 352.921531677
888 [ 1.  0.  0.  0.] -1 356.390649414
889 [ 1.  0.  0.  0.] -1 363.916111755
890 [ 1.  0.  0.  0.] -1 318.653981018
891 [ 1.  0.  0.  0.] -1 317.054421997
892 [ 1.  0.  0.  0.] -1 315.829174805
893 [ 1.  0.  0.  0.] -1 323.345069885
894 [ 1.  0.  0.  0.] -1 362.470121765
895 [ 1.  0.  0.  0.] 0 363.470121765
896 [ 0.  1.  0.  0.] -2 192.434294891
897 [ 0.  1.  0.  0.] -1 188.752381897
898 [ 0.  1.  0.  0.] -1 185.391736603
899 [ 0.  1.  0.  0.] -1 229.165013123
900 [ 0.  1.  0.  0.] -1 229.732148743
901 [ 0.  1.  0.  0.] -1 239.71145401
902 [ 0.  1.  0.  0.] -1 238.018396759
903 [ 0.  1.  0.  0.] -1 229.610383606
904 [ 0.  1.  0.  0.] -1 231.520762634
905 [ 0.  1.  0.  0.] -1 228.97013092
906 [ 0.  1.  0.  0.] -1 239.486927795
907 [ 0.  1.  0.  0.] 0 240.486927795
908 [ 1.  0.  0.  0.] -2 392.992709351
909 [ 1.  0.  0.  0.] -1 141.865614319
910 [ 1.  0.  0.  0.] -1 200.442864227
911 [ 1.  0.  0.  0.] -1 210.752674866
912 [ 1.  0.  0.  0.] -1 228.303640747
913 [ 1.  0.  0.  0.] -1 250.171354675
914 [ 1.  0.  0.  0.] -1 378.88313446
915 [ 1.  0.  0.  0.] -1 403.152636719
916 [ 1.  0.  0.  0.] -1 398.615725708
917 [ 1.  0.  0.  0.] -1 388.41348877
918 [ 1.  0.  0.  0.] -1 378.845532227
919 [ 1.  0.  0.  0.] 0 379.845532227
920 [ 0.  1.  0.  0.] -2 116.300483704
921 [ 0.  1.  0.  0.] -1 118.494448853
922 [ 0.  1.  0.  0.] -1 117.024468231
923 [ 0.  1.  0.  0.] -1 123.38807373
924 [ 0.  1.  0.  0.] -1 123.662538147
925 [ 0.  1.  0.  0.] -1 125.569626617
926 [ 0.  1.  0.  0.] -1 126.671673584
927 [ 0.  1.  0.  0.] -1 132.492206573
928 [ 0.  1.  0.  0.] -1 134.339702606
929 [ 0.  1.  0.  0.] -1 135.66078186
930 [ 0.  1.  0.  0.] -1 137.637088013
931 [ 0.  1.  0.  0.] 0 138.637088013
932 [ 0.  0.  1.  0.] -2 114.993190002
933 [ 0.  0.  1.  0.] -1 114.582671356
934 [ 0.  0.  1.  0.] -1 118.513018036
935 [ 0.  0.  1.  0.] -1 102.331540298
936 [ 0.  0.  1.  0.] -1 100.711317444
937 [ 0.  0.  1.  0.] -1 99.9319843292
938 [ 0.  0.  1.  0.] -1 104.850643539
939 [ 0.  0.  1.  0.] -1 90.4924537659
940 [ 0.  0.  1.  0.] -1 90.1187652588
941 [ 0.  0.  1.  0.] -1 88.0833740234
942 [ 0.  0.  1.  0.] -1 90.5489368439
943 [ 0.  0.  1.  0.] -1 71.8542991638
944 [ 0.  0.  1.  0.] -1 70.0941261292
945 [ 0.  0.  1.  0.] -1 68.783172226
946 [ 0.  0.  1.  0.] -1 73.407087326
947 [ 0.  0.  1.  0.] -1 80.8284187317
948 [ 0.  0.  1.  0.] -1 78.4378139496
949 [ 0.  0.  1.  0.] -1 77.768170929
950 [ 0.  0.  1.  0.] -1 82.7873878479
951 [ 0.  0.  1.  0.] -1 64.8978424072
952 [ 0.  0.  1.  0.] -1 64.7743450165
953 [ 0.  0.  1.  0.] -1 62.3131092072
954 [ 0.  0.  1.  0.] -1 71.7793048859
955 [ 0.  0.  1.  0.] 0 72.7793048859
956 [ 0.  0.  0.  1.] -2 66.4188083649
957 [ 0.  0.  0.  1.] -1 66.8882385254
958 [ 0.  0.  0.  1.] -1 64.3815437317
959 [ 0.  0.  0.  1.] -1 63.9790809631
960 [ 0.  0.  0.  1.] -1 64.2601917267
961 [ 0.  0.  0.  1.] -1 64.5807891846
962 [ 0.  0.  0.  1.] -1 67.767817688
963 [ 0.  0.  0.  1.] -1 69.5252944946
964 [ 0.  0.  0.  1.] -1 73.199666214
965 [ 0.  0.  0.  1.] -1 73.1324344635
966 [ 0.  0.  0.  1.] -1 63.7382904053
967 [ 0.  0.  0.  1.] 0 64.7382904053
968 [ 0.  0.  1.  0.] -2 55.1428928375
969 [ 0.  0.  1.  0.] -1 56.9502536774
970 [ 0.  0.  1.  0.] 9 69.1821434021
971 [ 0.  0.  1.  0.] -1 49.1503885269
972 [ 0.  0.  1.  0.] -1 49.33978405
973 [ 0.  0.  1.  0.] -1 49.1263652802
974 [ 0.  0.  1.  0.] 9 64.1768714905
975 [ 0.  0.  1.  0.] -1 48.0467180252
976 [ 0.  0.  1.  0.] -1 48.6709093094
977 [ 0.  0.  1.  0.] -1 48.0302289963
978 [ 0.  0.  1.  0.] -1 49.0173130035
979 [ 0.  0.  1.  0.] 0 50.0173130035
980 [ 0.  0.  0.  1.] -2 56.750790596
981 [ 0.  0.  0.  1.] -1 59.0230043411
982 [ 0.  0.  0.  1.] -1 50.2615207672
983 [ 0.  0.  0.  1.] -1 50.4783823013
984 [ 0.  0.  0.  1.] -1 51.0885343552
985 [ 0.  0.  0.  1.] -1 52.375041008
986 [ 0.  0.  0.  1.] -1 53.1869789124
987 [ 0.  0.  0.  1.] -1 55.972240448
988 [ 0.  0.  0.  1.] -1 58.9699169159
989 [ 0.  0.  0.  1.] -1 57.2256132126
990 [ 0.  0.  0.  1.] -1 51.537720871
991 [ 0.  0.  0.  1.] 0 52.537720871
992 [ 0.  0.  1.  0.] -2 63.495640564
993 [ 0.  0.  1.  0.] -1 65.513111496
994 [ 0.  0.  1.  0.] -1 70.904857254
995 [ 0.  0.  1.  0.] -1 75.4009044647
996 [ 0.  0.  1.  0.] -1 72.3872318268
997 [ 0.  0.  1.  0.] -1 72.1161956787
998 [ 0.  0.  1.  0.] -1 76.9094367981
999 [ 0.  0.  1.  0.] -1 59.8587154388
1000 [ 0.  0.  1.  0.] -1 58.8270277023
1001 [ 0.  0.  1.  0.] -1 59.6834787369
1002 [ 0.  0.  1.  0.] -1 65.5760162354
1003 [ 0.  0.  1.  0.] 0 66.5760162354
1004 [ 0.  0.  0.  1.] -2 61.1732315063
1005 [ 0.  0.  0.  1.] -1 65.2040237427
1006 [ 0.  0.  0.  1.] -1 58.713992691
1007 [ 0.  0.  0.  1.] -1 58.4703754425
1008 [ 0.  0.  0.  1.] -1 58.3784318924
1009 [ 0.  0.  0.  1.] -1 60.2378616333
1010 [ 0.  0.  0.  1.] -1 53.2094511032
1011 [ 0.  0.  0.  1.] -1 52.6355640411
1012 [ 0.  0.  0.  1.] -1 52.4162454605
1013 [ 0.  0.  0.  1.] -1 52.080474472
1014 [ 0.  0.  0.  1.] -1 44.7222869873
1015 [ 0.  0.  0.  1.] -1 46.2380273819
1016 [ 0.  0.  0.  1.] -1 46.5012466431
1017 [ 0.  0.  0.  1.] -1 47.4000183105
1018 [ 0.  0.  0.  1.] -1 39.1229316711
1019 [ 0.  0.  0.  1.] -1 38.544329834
1020 [ 0.  0.  0.  1.] -1 37.1882141113
1021 [ 0.  0.  0.  1.] -1 35.8729005814
1022 [ 0.  0.  0.  1.] -1 39.0093349457
1023 [ 0.  0.  0.  1.] -1 42.0000244141
1024 [ 0.  0.  0.  1.] -1 43.6516235352
1025 [ 0.  0.  0.  1.] -1 44.0396411896
1026 [ 0.  0.  0.  1.] -1 39.8970281601
1027 [ 0.  0.  0.  1.] 0 40.8970281601
1028 [ 0.  0.  1.  0.] -2 41.4698856354
1029 [ 0.  0.  1.  0.] -1 41.5756113052
1030 [ 0.  0.  1.  0.] -1 47.9723833084
1031 [ 0.  0.  1.  0.] -1 61.2221950531
1032 [ 0.  0.  1.  0.] -1 57.4148963928
1033 [ 0.  0.  1.  0.] -1 56.1053268433
1034 [ 0.  0.  1.  0.] -1 69.3733634949
1035 [ 0.  0.  1.  0.] -1 75.2872714996
1036 [ 0.  0.  1.  0.] -1 73.6957141876
1037 [ 0.  0.  1.  0.] -1 71.3732833862
1038 [ 0.  0.  1.  0.] -1 77.433700943
1039 [ 0.  0.  1.  0.] -1 74.1249217987
1040 [ 0.  0.  1.  0.] -1 73.6734848022
1041 [ 0.  0.  1.  0.] -1 73.8310184479
1042 [ 0.  0.  1.  0.] -1 83.0384487152
1043 [ 0.  0.  1.  0.] -1 87.3921394348
1044 [ 0.  0.  1.  0.] -1 86.3574691772
1045 [ 0.  0.  1.  0.] -1 85.4812530518
1046 [ 0.  0.  1.  0.] -1 97.7135250092
1047 [ 0.  0.  1.  0.] -1 96.3322662354
1048 [ 0.  0.  1.  0.] -1 93.483164978
1049 [ 0.  0.  1.  0.] -1 92.1846412659
1050 [ 0.  0.  1.  0.] -1 108.034316254
1051 [ 0.  0.  1.  0.] 0 109.034316254
1052 [ 0.  0.  0.  1.] -2 89.8282718658
1053 [ 0.  0.  0.  1.] -1 90.0177509308
1054 [ 0.  0.  0.  1.] -1 82.3570858002
1055 [ 0.  0.  0.  1.] -1 80.0496292114
1056 [ 0.  0.  0.  1.] -1 79.257844162
1057 [ 0.  0.  0.  1.] -1 79.9658069611
1058 [ 0.  0.  0.  1.] -1 75.8940605164
1059 [ 0.  0.  0.  1.] -1 75.1590194702
1060 [ 0.  0.  0.  1.] -1 74.1187973022
1061 [ 0.  0.  0.  1.] -1 73.5389343262
1062 [ 0.  0.  0.  1.] -1 62.4206684113
1063 [ 0.  0.  0.  1.] -1 59.2930330276
1064 [ 0.  0.  0.  1.] -1 59.4291889191
1065 [ 0.  0.  0.  1.] -1 57.4566589355
1066 [ 0.  0.  0.  1.] -1 49.3093137741
1067 [ 0.  0.  0.  1.] -1 46.3150800705
1068 [ 0.  0.  0.  1.] -1 45.4821123123
1069 [ 0.  0.  0.  1.] -1 43.5485870361
1070 [ 0.  0.  0.  1.] -1 45.5326665878
1071 [ 0.  0.  0.  1.] -1 43.8723953247
1072 [ 0.  0.  0.  1.] -1 45.748368454
1073 [ 0.  0.  0.  1.] -1 44.9974653244
1074 [ 0.  0.  0.  1.] -1 41.7713306427
1075 [ 0.  0.  0.  1.] 0 42.7713306427
1076 [ 0.  0.  1.  0.] -2 57.7840293884
1077 [ 0.  0.  1.  0.] -1 61.8824157715
1078 [ 0.  0.  1.  0.] 9 73.5483295441
1079 [ 0.  0.  1.  0.] -1 62.4209438324
1080 [ 0.  0.  1.  0.] -1 62.7755992889
1081 [ 0.  0.  1.  0.] -1 65.2772350311
1082 [ 0.  0.  1.  0.] 9 78.6791137695
1083 [ 0.  0.  1.  0.] -1 83.1807762146
1084 [ 0.  0.  1.  0.] -1 83.9627620697
1085 [ 0.  0.  1.  0.] -1 83.8786643982
1086 [ 0.  0.  1.  0.] 9 95.5395698547
1087 [ 0.  0.  1.  0.] -1 91.9795394897
1088 [ 0.  0.  1.  0.] -1 91.2529132843
1089 [ 0.  0.  1.  0.] -1 90.8087749481
1090 [ 0.  0.  1.  0.] 9 102.556641006
1091 [ 0.  0.  1.  0.] -1 102.531119156
1092 [ 0.  0.  1.  0.] -1 101.187911987
1093 [ 0.  0.  1.  0.] -1 102.53728714
1094 [ 0.  0.  1.  0.] 9 115.654750061
1095 [ 0.  0.  1.  0.] -1 106.096308136
1096 [ 0.  0.  1.  0.] -1 104.894986343
1097 [ 0.  0.  1.  0.] -1 107.688865662
1098 [ 0.  0.  1.  0.] 9 120.831986237
1099 [ 0.  0.  1.  0.] -1 105.688032532
1100 [ 0.  0.  1.  0.] -1 107.542008209
1101 [ 0.  0.  1.  0.] -1 108.657413101
1102 [ 0.  0.  1.  0.] 9 120.385803986
1103 [ 0.  0.  1.  0.] 0 111.385803986
1104 [ 0.  0.  0.  1.] -2 109.783606339
1105 [ 0.  0.  0.  1.] -1 112.6849617
1106 [ 0.  0.  0.  1.] 9 124.09187088
1107 [ 0.  0.  0.  1.] -1 117.126156616
1108 [ 0.  0.  0.  1.] -1 122.929787445
1109 [ 0.  0.  0.  1.] -1 129.745272064
1110 [ 0.  0.  0.  1.] 9 156.121871185
1111 [ 0.  0.  0.  1.] 0 147.121871185
1112 [ 0.  0.  1.  0.] -2 204.346679688
1113 [ 0.  0.  1.  0.] -1 213.635029602
1114 [ 0.  0.  1.  0.] 9 230.937632751
1115 [ 0.  0.  1.  0.] -1 269.842280579
1116 [ 0.  0.  1.  0.] -1 268.001945496
1117 [ 0.  0.  1.  0.] -1 275.981185913
1118 [ 0.  0.  1.  0.] 49 532.766394043
1119 [ 0.  0.  1.  0.] -1 573.577615356
1120 [ 0.  0.  1.  0.] -1 589.307177734
1121 [ 0.  0.  1.  0.] -1 657.082928467
1122 [ 0.  0.  1.  0.] 9 759.702246094
1123 [ 0.  0.  1.  0.] 0 750.702246094
1124 [ 0.  1.  0.  0.] -2 1039.90762939
1125 [ 0.  1.  0.  0.] -1 1065.30008545
1126 [ 0.  1.  0.  0.] 9 1117.81803589
1127 [ 0.  1.  0.  0.] -1 1069.12397461
1128 [ 0.  1.  0.  0.] -1 1018.3793396
1129 [ 0.  1.  0.  0.] -1 1077.49584961
1130 [ 0.  1.  0.  0.] 9 1100.34276733
1131 [ 0.  1.  0.  0.] -1 1034.91411743
1132 [ 0.  1.  0.  0.] -1 1039.06920776
1133 [ 0.  1.  0.  0.] -1 1085.29971924
1134 [ 0.  1.  0.  0.] 9 1123.3520874
1135 [ 0.  1.  0.  0.] -1 1010.25064697
1136 [ 0.  1.  0.  0.] -1 1012.85932007
1137 [ 0.  1.  0.  0.] -1 1027.15767822
1138 [ 0.  1.  0.  0.] 9 961.907461548
1139 [ 0.  1.  0.  0.] -1 736.329187012
1140 [ 0.  1.  0.  0.] -1 734.014953613
1141 [ 0.  1.  0.  0.] -1 814.693286133
1142 [ 0.  1.  0.  0.] 9 778.955343628
1143 [ 0.  1.  0.  0.] 0 769.955343628
1144 [ 1.  0.  0.  0.] -2 730.750527954
1145 [ 1.  0.  0.  0.] -1 805.741519165
1146 [ 1.  0.  0.  0.] 9 848.71656189
1147 [ 1.  0.  0.  0.] -1 883.913693237
1148 [ 1.  0.  0.  0.] -1 941.743841553
1149 [ 1.  0.  0.  0.] -1 842.814364624
1150 [ 1.  0.  0.  0.] 9 572.660095215
1151 [ 1.  0.  0.  0.] -1 553.413482666
1152 [ 1.  0.  0.  0.] -1 569.939736938
1153 [ 1.  0.  0.  0.] -1 566.641467285
1154 [ 1.  0.  0.  0.] 9 786.546588135
1155 [ 1.  0.  0.  0.] -1 694.681973267
1156 [ 1.  0.  0.  0.] -1 747.129696655
1157 [ 1.  0.  0.  0.] -1 776.692126465
1158 [ 1.  0.  0.  0.] 9 824.70824585
1159 [ 1.  0.  0.  0.] -1 778.095440674
1160 [ 1.  0.  0.  0.] -1 853.600784302
1161 [ 1.  0.  0.  0.] -1 884.75352478
1162 [ 1.  0.  0.  0.] 9 791.692614746
1163 [ 1.  0.  0.  0.] -1 697.476831055
1164 [ 1.  0.  0.  0.] -1 751.09083252
1165 [ 1.  0.  0.  0.] -1 724.372836304
1166 [ 1.  0.  0.  0.] 9 318.60496521
1167 [ 1.  0.  0.  0.] -1 307.299411011
1168 [ 1.  0.  0.  0.] -1 321.14332428
1169 [ 1.  0.  0.  0.] -1 342.603849792
1170 [ 1.  0.  0.  0.] 9 328.708543396
1171 [ 1.  0.  0.  0.] 0 319.708543396
1172 [ 0.  1.  0.  0.] -2 302.930256653
1173 [ 0.  1.  0.  0.] -1 278.617922974
1174 [ 0.  1.  0.  0.] 9 321.3498703
1175 [ 0.  1.  0.  0.] -1 358.806730652
1176 [ 0.  1.  0.  0.] -1 397.847213745
1177 [ 0.  1.  0.  0.] -1 386.417729187
1178 [ 0.  1.  0.  0.] 9 429.916593933
1179 [ 0.  1.  0.  0.] -1 468.655177307
1180 [ 0.  1.  0.  0.] -1 517.01411438
1181 [ 0.  1.  0.  0.] -1 536.108163452
1182 [ 0.  1.  0.  0.] 9 483.704893494
1183 [ 0.  1.  0.  0.] -1 448.119602966
1184 [ 0.  1.  0.  0.] -1 483.329296875
1185 [ 0.  1.  0.  0.] -1 466.833078003
1186 [ 0.  1.  0.  0.] 9 482.592974854
1187 [ 0.  1.  0.  0.] -1 491.033840942
1188 [ 0.  1.  0.  0.] -1 534.669189453
1189 [ 0.  1.  0.  0.] -1 517.977160645
1190 [ 0.  1.  0.  0.] 9 531.994134521
1191 [ 0.  1.  0.  0.] -1 676.40612793
1192 [ 0.  1.  0.  0.] -1 778.440383911
1193 [ 0.  1.  0.  0.] -1 799.815615845
1194 [ 0.  1.  0.  0.] 9 800.552130127
1195 [ 0.  1.  0.  0.] 0 791.552130127
1196 [ 0.  0.  1.  0.] -2 360.471183777
1197 [ 0.  0.  1.  0.] -1 358.690937805
1198 [ 0.  0.  1.  0.] 9 388.770269775
1199 [ 0.  0.  1.  0.] -1 327.400631714
1200 [ 0.  0.  1.  0.] -1 331.201907349
1201 [ 0.  0.  1.  0.] -1 332.937640381
1202 [ 0.  0.  1.  0.] 9 355.995965576
1203 [ 0.  0.  1.  0.] -1 334.420362854
1204 [ 0.  0.  1.  0.] -1 337.422714233
1205 [ 0.  0.  1.  0.] -1 334.97975769
1206 [ 0.  0.  1.  0.] 9 362.803448486
1207 [ 0.  0.  1.  0.] -1 294.578143311
1208 [ 0.  0.  1.  0.] -1 298.910865784
1209 [ 0.  0.  1.  0.] -1 294.577302551
1210 [ 0.  0.  1.  0.] -1 303.618914795
1211 [ 0.  0.  1.  0.] 0 304.618914795
1212 [ 0.  1.  0.  0.] -2 502.566430664
1213 [ 0.  1.  0.  0.] -1 525.015997314
1214 [ 0.  1.  0.  0.] -1 546.273001099
1215 [ 0.  1.  0.  0.] -1 552.357546997
1216 [ 0.  1.  0.  0.] -1 557.943261719
1217 [ 0.  1.  0.  0.] -1 562.525457764
1218 [ 0.  1.  0.  0.] -1 565.766381836
1219 [ 0.  1.  0.  0.] -1 561.448590088
1220 [ 0.  1.  0.  0.] -1 547.495755005
1221 [ 0.  1.  0.  0.] -1 553.226486206
1222 [ 0.  1.  0.  0.] -1 544.720669556
1223 [ 0.  1.  0.  0.] -1 445.074256897
1224 [ 0.  1.  0.  0.] -1 445.54777832
1225 [ 0.  1.  0.  0.] -1 435.216499329
1226 [ 0.  1.  0.  0.] 9 470.456933594
1227 [ 0.  1.  0.  0.] -1 509.685766602
1228 [ 0.  1.  0.  0.] -1 516.47684021
1229 [ 0.  1.  0.  0.] -1 514.59493103
1230 [ 0.  1.  0.  0.] 9 586.060464478
1231 [ 0.  1.  0.  0.] -1 587.431704712
1232 [ 0.  1.  0.  0.] -1 569.955218506
1233 [ 0.  1.  0.  0.] -1 554.231222534
1234 [ 0.  1.  0.  0.] -1 549.639053345
1235 [ 0.  1.  0.  0.] 0 550.639053345
1236 [ 0.  0.  1.  0.] -2 342.248277283
1237 [ 0.  0.  1.  0.] -1 339.450016785
1238 [ 0.  0.  1.  0.] -1 352.924285889
1239 [ 0.  0.  1.  0.] -1 356.430397034
1240 [ 0.  0.  1.  0.] -1 351.737916565
1241 [ 0.  0.  1.  0.] -1 349.508338928
1242 [ 0.  0.  1.  0.] -1 356.693757629
1243 [ 0.  0.  1.  0.] -1 513.79302063
1244 [ 0.  0.  1.  0.] -1 498.8634552
1245 [ 0.  0.  1.  0.] -1 521.585119629
1246 [ 0.  0.  1.  0.] -1 575.218023682
1247 [ 0.  0.  1.  0.] 0 576.218023682
1248 [ 0.  0.  0.  1.] -2 505.029217529
1249 [ 0.  0.  0.  1.] -1 527.08739624
1250 [ 0.  0.  0.  1.] -1 488.209643555
1251 [ 0.  0.  0.  1.] -1 496.185375977
1252 [ 0.  0.  0.  1.] -1 486.740286255
1253 [ 0.  0.  0.  1.] -1 499.526147461
1254 [ 0.  0.  0.  1.] -1 471.275505066
1255 [ 0.  0.  0.  1.] -1 470.302427673
1256 [ 0.  0.  0.  1.] -1 486.973495483
1257 [ 0.  0.  0.  1.] -1 511.031213379
1258 [ 0.  0.  0.  1.] -1 496.737609863
1259 [ 0.  0.  0.  1.] -1 497.882260132
1260 [ 0.  0.  0.  1.] -1 499.06836853
1261 [ 0.  0.  0.  1.] -1 527.800592041
1262 [ 0.  0.  0.  1.] -1 495.917666626
1263 [ 0.  0.  0.  1.] -1 500.762121582
1264 [ 0.  0.  0.  1.] -1 511.215426636
1265 [ 0.  0.  0.  1.] -1 528.156262207
1266 [ 0.  0.  0.  1.] -1 500.944595337
1267 [ 0.  0.  0.  1.] -1 498.240829468
1268 [ 0.  0.  0.  1.] -1 493.756741333
1269 [ 0.  0.  0.  1.] -1 513.038482666
1270 [ 0.  0.  0.  1.] -1 408.043449402
1271 [ 0.  0.  0.  1.] -1 410.744577026
1272 [ 0.  0.  0.  1.] -1 421.031672668
1273 [ 0.  0.  0.  1.] -1 441.819648743
1274 [ 0.  0.  0.  1.] -1 330.806344604
1275 [ 0.  0.  0.  1.] -1 327.329689026
1276 [ 0.  0.  0.  1.] -1 328.100404358
1277 [ 0.  0.  0.  1.] -1 323.360580444
1278 [ 0.  0.  0.  1.] -1 356.738317871
1279 [ 0.  0.  0.  1.] -1 348.110678101
1280 [ 0.  0.  0.  1.] -1 373.084591675
1281 [ 0.  0.  0.  1.] -1 374.471960449
1282 [ 0.  0.  0.  1.] -1 321.831413269
1283 [ 0.  0.  0.  1.] 0 322.831413269
1284 [ 1.  0.  0.  0.] -2 407.699676514
1285 [ 1.  0.  0.  0.] -1 422.137445068
1286 [ 1.  0.  0.  0.] -1 564.157284546
1287 [ 1.  0.  0.  0.] -1 589.081564331
1288 [ 1.  0.  0.  0.] -1 657.342752075
1289 [ 1.  0.  0.  0.] -1 636.657870483
1290 [ 1.  0.  0.  0.] -1 446.368388367
1291 [ 1.  0.  0.  0.] -1 438.749717712
1292 [ 1.  0.  0.  0.] -1 433.709945679
1293 [ 1.  0.  0.  0.] -1 425.739808655
1294 [ 1.  0.  0.  0.] -1 466.372747803
1295 [ 1.  0.  0.  0.] 0 467.372747803
1296 [ 0.  1.  0.  0.] -2 349.541139221
1297 [ 0.  1.  0.  0.] -1 346.460383606
1298 [ 0.  1.  0.  0.] -1 347.474194336
1299 [ 0.  1.  0.  0.] -1 367.978834534
1300 [ 0.  1.  0.  0.] -1 370.64552002
1301 [ 0.  1.  0.  0.] -1 397.526652527
1302 [ 0.  1.  0.  0.] -1 399.470632935
1303 [ 0.  1.  0.  0.] -1 416.222645569
1304 [ 0.  1.  0.  0.] -1 411.391990662
1305 [ 0.  1.  0.  0.] -1 431.915968323
1306 [ 0.  1.  0.  0.] -1 432.81558075
1307 [ 0.  1.  0.  0.] 0 433.81558075
1308 [ 1.  0.  0.  0.] -2 663.028063965
1309 [ 1.  0.  0.  0.] -1 644.570574951
1310 [ 1.  0.  0.  0.] -1 534.970123291
1311 [ 1.  0.  0.  0.] -1 523.296963501
1312 [ 1.  0.  0.  0.] -1 516.271173096
1313 [ 1.  0.  0.  0.] -1 533.571621704
1314 [ 1.  0.  0.  0.] -1 613.668728638
1315 [ 1.  0.  0.  0.] -1 613.192047119
1316 [ 1.  0.  0.  0.] -1 625.012774658
1317 [ 1.  0.  0.  0.] -1 278.436550903
1318 [ 1.  0.  0.  0.] -1 247.543431091
1319 [ 1.  0.  0.  0.] -1 248.108131409
1320 [ 1.  0.  0.  0.] -1 249.168125916
1321 [ 1.  0.  0.  0.] -1 254.013450623
1322 [ 1.  0.  0.  0.] -1 238.78960495
1323 [ 1.  0.  0.  0.] 0 239.78960495
1324 [ 0.  0.  0.  1.] -2 191.987228394
1325 [ 0.  0.  0.  1.] -1 188.030517578
1326 [ 0.  0.  0.  1.] -1 150.021936035
1327 [ 0.  0.  0.  1.] -1 145.839274597
1328 [ 0.  0.  0.  1.] -1 142.483586884
1329 [ 0.  0.  0.  1.] -1 139.330870056
1330 [ 0.  0.  0.  1.] -1 143.949146271
1331 [ 0.  0.  0.  1.] -1 143.829671478
1332 [ 0.  0.  0.  1.] -1 140.729748535
1333 [ 0.  0.  0.  1.] -1 136.487494659
1334 [ 0.  0.  0.  1.] -1 111.321496582
1335 [ 0.  0.  0.  1.] -1 109.068950272
1336 [ 0.  0.  0.  1.] -1 107.216743088
1337 [ 0.  0.  0.  1.] -1 105.517119217
1338 [ 0.  0.  0.  1.] -1 95.1540218353
1339 [ 0.  0.  0.  1.] -1 92.4221920013
1340 [ 0.  0.  0.  1.] -1 92.6310337067
1341 [ 0.  0.  0.  1.] -1 92.952073288
1342 [ 0.  0.  0.  1.] -1 93.6766483307
1343 [ 0.  0.  0.  1.] -1 93.5661029816
1344 [ 0.  0.  0.  1.] -1 96.4046947479
1345 [ 0.  0.  0.  1.] -1 92.6551330566
1346 [ 0.  0.  0.  1.] -1 84.7633533478
1347 [ 0.  0.  0.  1.] 0 85.7633533478
1348 [ 0.  0.  1.  0.] -2 88.0717010498
1349 [ 0.  0.  1.  0.] -1 89.0182258606
1350 [ 0.  0.  1.  0.] -1 93.4130992889
1351 [ 0.  0.  1.  0.] -1 105.431774902
1352 [ 0.  0.  1.  0.] -1 104.306781006
1353 [ 0.  0.  1.  0.] -1 104.186893082
1354 [ 0.  0.  1.  0.] -1 112.03358345
1355 [ 0.  0.  1.  0.] -1 115.500650024
1356 [ 0.  0.  1.  0.] -1 115.036050797
1357 [ 0.  0.  1.  0.] -1 115.98973999
1358 [ 0.  0.  1.  0.] -1 124.73449173
1359 [ 0.  0.  1.  0.] -1 103.545147324
1360 [ 0.  0.  1.  0.] -1 105.864758682
1361 [ 0.  0.  1.  0.] -1 105.209872437
1362 [ 0.  0.  1.  0.] -1 109.946478271
1363 [ 0.  0.  1.  0.] 0 110.946478271
1364 [ 0.  1.  0.  0.] -2 133.291924286
1365 [ 0.  1.  0.  0.] -1 132.046430206
1366 [ 0.  1.  0.  0.] 9 148.914926147
1367 [ 0.  1.  0.  0.] -1 145.921973419
1368 [ 0.  1.  0.  0.] -1 147.344480133
1369 [ 0.  1.  0.  0.] -1 148.036048126
1370 [ 0.  1.  0.  0.] 9 163.403397369
1371 [ 0.  1.  0.  0.] -1 172.474369049
1372 [ 0.  1.  0.  0.] -1 171.199676514
1373 [ 0.  1.  0.  0.] -1 178.698625946
1374 [ 0.  1.  0.  0.] -1 182.524399567
1375 [ 0.  1.  0.  0.] -1 199.1681427
1376 [ 0.  1.  0.  0.] -1 200.90800705
1377 [ 0.  1.  0.  0.] -1 198.409067535
1378 [ 0.  1.  0.  0.] -1 198.568971252
1379 [ 0.  1.  0.  0.] -1 208.460794067
1380 [ 0.  1.  0.  0.] -1 208.015727997
1381 [ 0.  1.  0.  0.] -1 216.34892807
1382 [ 0.  1.  0.  0.] -1 214.945193481
1383 [ 0.  1.  0.  0.] -1 218.2792099
1384 [ 0.  1.  0.  0.] -1 217.086665344
1385 [ 0.  1.  0.  0.] -1 222.179463196
1386 [ 0.  1.  0.  0.] -1 220.657384491
1387 [ 0.  1.  0.  0.] 0 221.657384491
1388 [ 1.  0.  0.  0.] -2 269.55599823
1389 [ 1.  0.  0.  0.] -1 271.276876831
1390 [ 1.  0.  0.  0.] -1 262.515150452
1391 [ 1.  0.  0.  0.] -1 261.836831665
1392 [ 1.  0.  0.  0.] -1 259.564520264
1393 [ 1.  0.  0.  0.] -1 263.731352234
1394 [ 1.  0.  0.  0.] -1 274.997874451
1395 [ 1.  0.  0.  0.] -1 274.638609314
1396 [ 1.  0.  0.  0.] -1 274.984886169
1397 [ 1.  0.  0.  0.] -1 277.834277344
1398 [ 1.  0.  0.  0.] -1 246.618740845
1399 [ 1.  0.  0.  0.] -1 247.632319641
1400 [ 1.  0.  0.  0.] -1 248.035217285
1401 [ 1.  0.  0.  0.] -1 252.749180603
1402 [ 1.  0.  0.  0.] -1 237.277557373
1403 [ 1.  0.  0.  0.] 0 238.277557373
1404 [ 0.  0.  0.  1.] -2 191.905355835
1405 [ 0.  0.  0.  1.] -1 188.117014313
1406 [ 0.  0.  0.  1.] -1 152.492376709
1407 [ 0.  0.  0.  1.] -1 148.527863312
1408 [ 0.  0.  0.  1.] -1 144.957521057
1409 [ 0.  0.  0.  1.] -1 142.284341431
1410 [ 0.  0.  0.  1.] -1 145.267282867
1411 [ 0.  0.  0.  1.] -1 145.282228088
1412 [ 0.  0.  0.  1.] -1 142.671800995
1413 [ 0.  0.  0.  1.] -1 138.620500946
1414 [ 0.  0.  0.  1.] -1 113.161788177
1415 [ 0.  0.  0.  1.] 0 114.161788177
1416 [ 1.  0.  0.  0.] -2 197.384192657
1417 [ 1.  0.  0.  0.] -1 199.88525238
1418 [ 1.  0.  0.  0.] -1 190.502683258
1419 [ 1.  0.  0.  0.] -1 185.861155701
1420 [ 1.  0.  0.  0.] -1 188.345309448
1421 [ 1.  0.  0.  0.] -1 193.173731995
1422 [ 1.  0.  0.  0.] -1 189.359279633
1423 [ 1.  0.  0.  0.] -1 181.524171448
1424 [ 1.  0.  0.  0.] -1 184.656391144
1425 [ 1.  0.  0.  0.] -1 184.095097351
1426 [ 1.  0.  0.  0.] -1 188.668436432
1427 [ 1.  0.  0.  0.] 0 189.668436432
1428 [ 0.  1.  0.  0.] -2 193.943979645
1429 [ 0.  1.  0.  0.] -1 193.307311249
1430 [ 0.  1.  0.  0.] -1 191.538208771
1431 [ 0.  1.  0.  0.] -1 170.22828064
1432 [ 0.  1.  0.  0.] -1 172.455234528
1433 [ 0.  1.  0.  0.] -1 173.403900909
1434 [ 0.  1.  0.  0.] -1 173.98392334
1435 [ 0.  1.  0.  0.] -1 181.785096741
1436 [ 0.  1.  0.  0.] -1 184.787810516
1437 [ 0.  1.  0.  0.] -1 182.063909912
1438 [ 0.  1.  0.  0.] -1 176.117712402
1439 [ 0.  1.  0.  0.] -1 136.161888885
1440 [ 0.  1.  0.  0.] -1 133.649134827
1441 [ 0.  1.  0.  0.] -1 127.271439362
1442 [ 0.  1.  0.  0.] -101 -101
1443 [ 0.  1.  0.  0.] -2 31.9065460205
1444 [ 0.  1.  0.  0.] -1 36.0302928925
1445 [ 0.  1.  0.  0.] -1 36.9033344269
1446 [ 0.  1.  0.  0.] -1 40.3130300522
1447 [ 0.  1.  0.  0.] -1 41.5605392456
1448 [ 0.  1.  0.  0.] -1 41.4574193954
1449 [ 0.  1.  0.  0.] -1 45.0203542709
1450 [ 0.  1.  0.  0.] -1 45.3381105423
1451 [ 0.  1.  0.  0.] -1 46.2621955872
1452 [ 0.  1.  0.  0.] -1 48.2633331299
1453 [ 0.  1.  0.  0.] -1 48.3079332352
1454 [ 0.  1.  0.  0.] -1 51.573478508
1455 [ 0.  1.  0.  0.] -1 52.9711719513
1456 [ 0.  1.  0.  0.] -1 52.5826433182
1457 [ 0.  1.  0.  0.] -1 51.0002256393
1458 [ 0.  1.  0.  0.] -1 52.2737077713
1459 [ 0.  1.  0.  0.] -1 50.1693235397
1460 [ 0.  1.  0.  0.] -1 46.4583896637
1461 [ 0.  1.  0.  0.] -1 46.9505092621
1462 [ 0.  1.  0.  0.] -1 46.6512098312
1463 [ 0.  1.  0.  0.] -1 47.5129047394
1464 [ 0.  1.  0.  0.] -1 52.8057815552
1465 [ 0.  1.  0.  0.] -1 53.7605978012
1466 [ 0.  1.  0.  0.] -1 55.0553634644
1467 [ 0.  1.  0.  0.] -1 53.3294876099
1468 [ 0.  1.  0.  0.] -1 55.4173719406
1469 [ 0.  1.  0.  0.] -1 54.4478387833
1470 [ 0.  1.  0.  0.] -1 55.7938943863
1471 [ 0.  1.  0.  0.] -1 55.4028507233
1472 [ 0.  1.  0.  0.] 0 56.4028507233
1473 [ 1.  0.  0.  0.] -2 56.3881261826
1474 [ 1.  0.  0.  0.] -1 56.5855127335
1475 [ 1.  0.  0.  0.] -1 67.7193653107
1476 [ 1.  0.  0.  0.] -1 67.5829376221
1477 [ 1.  0.  0.  0.] -1 68.3682792664
1478 [ 1.  0.  0.  0.] -1 68.6204345703
1479 [ 1.  0.  0.  0.] -1 67.8606491089
1480 [ 1.  0.  0.  0.] -1 55.4960626602
1481 [ 1.  0.  0.  0.] -1 55.7365560532
1482 [ 1.  0.  0.  0.] -1 55.8650182724
1483 [ 1.  0.  0.  0.] -1 55.949489212
1484 [ 1.  0.  0.  0.] -1 56.056004715
1485 [ 1.  0.  0.  0.] -1 56.3949068069
1486 [ 1.  0.  0.  0.] -1 56.5656787872
1487 [ 1.  0.  0.  0.] -1 62.6257266998
1488 [ 1.  0.  0.  0.] -1 62.2994178772
1489 [ 1.  0.  0.  0.] -1 63.5280208588
1490 [ 1.  0.  0.  0.] -1 65.5130825043
1491 [ 1.  0.  0.  0.] -1 74.0565013885
1492 [ 1.  0.  0.  0.] -1 77.0316295624
1493 [ 1.  0.  0.  0.] -1 77.4787902832
1494 [ 1.  0.  0.  0.] -1 78.4654575348
1495 [ 1.  0.  0.  0.] -1 78.0728229523
1496 [ 1.  0.  0.  0.] 0 79.0728229523
1497 [ 0.  0.  0.  1.] -2 52.2737945557
1498 [ 0.  0.  0.  1.] -1 52.4597330093
1499 [ 0.  0.  0.  1.] -1 50.4022211075
1500 [ 0.  0.  0.  1.] -1 49.8057531357
1501 [ 0.  0.  0.  1.] -1 49.4008405685
1502 [ 0.  0.  0.  1.] -1 49.0282682419
1503 [ 0.  0.  0.  1.] -1 47.0861614227
1504 [ 0.  0.  0.  1.] -1 46.8152267456
1505 [ 0.  0.  0.  1.] -1 46.2838342667
1506 [ 0.  0.  0.  1.] -1 45.6632669449
1507 [ 0.  0.  0.  1.] -1 43.6799955368
1508 [ 0.  0.  0.  1.] -1 43.0089355469
1509 [ 0.  0.  0.  1.] -1 42.3678384781
1510 [ 0.  0.  0.  1.] -1 41.8325973511
1511 [ 0.  0.  0.  1.] 9 46.618588829
1512 [ 0.  0.  0.  1.] -1 36.0186563492
1513 [ 0.  0.  0.  1.] -1 35.7097026825
1514 [ 0.  0.  0.  1.] -1 35.2414142609
1515 [ 0.  0.  0.  1.] 9 44.4750694275
1516 [ 0.  0.  0.  1.] -1 34.4638713837
1517 [ 0.  0.  0.  1.] -1 34.4546955109
1518 [ 0.  0.  0.  1.] -1 34.3500463486
1519 [ 0.  0.  0.  1.] 9 42.2457672119
1520 [ 0.  0.  0.  1.] -1 32.1046247482
1521 [ 0.  0.  0.  1.] -1 31.9732778549
1522 [ 0.  0.  0.  1.] -1 31.9035455704
1523 [ 0.  0.  0.  1.] 9 41.1403753281
1524 [ 0.  0.  0.  1.] -1 31.0362733841
1525 [ 0.  0.  0.  1.] -1 31.2047006607
1526 [ 0.  0.  0.  1.] -1 31.4176156998
1527 [ 0.  0.  0.  1.] 9 41.1833627701
1528 [ 0.  0.  0.  1.] -1 31.9162982941
1529 [ 0.  0.  0.  1.] -1 32.3115385056
1530 [ 0.  0.  0.  1.] -1 32.7765871048
1531 [ 0.  0.  0.  1.] 9 43.0524539948
1532 [ 0.  0.  0.  1.] -1 33.5933267593
1533 [ 0.  0.  0.  1.] -1 33.8972358704
1534 [ 0.  0.  0.  1.] -1 33.908263588
1535 [ 0.  0.  0.  1.] 9 44.4575366974
1536 [ 0.  0.  0.  1.] -1 35.2473176956
1537 [ 0.  0.  0.  1.] -1 36.1144123077
1538 [ 0.  0.  0.  1.] -1 36.8203565598
1539 [ 0.  0.  0.  1.] 9 47.3289543152
1540 [ 0.  0.  0.  1.] -1 98.9627120972
1541 [ 0.  0.  0.  1.] -1 103.841094589
1542 [ 0.  0.  0.  1.] -1 107.252062225
1543 [ 0.  0.  0.  1.] 9 143.787149811
1544 [ 0.  0.  0.  1.] 0 134.787149811
1545 [ 0.  0.  1.  0.] -2 132.571248627
1546 [ 0.  0.  1.  0.] -1 134.821718597
1547 [ 0.  0.  1.  0.] 9 139.135185242
1548 [ 0.  0.  1.  0.] -1 114.751627731
1549 [ 0.  0.  1.  0.] -1 114.993860626
1550 [ 0.  0.  1.  0.] -1 116.84149437
1551 [ 0.  0.  1.  0.] 9 117.984544754
1552 [ 0.  0.  1.  0.] -1 84.0154979706
1553 [ 0.  0.  1.  0.] -1 83.1895462036
1554 [ 0.  0.  1.  0.] -1 80.7978397369
1555 [ 0.  0.  1.  0.] 9 88.5280433655
1556 [ 0.  0.  1.  0.] 0 79.5280433655
1557 [ 0.  1.  0.  0.] -2 56.142294693
1558 [ 0.  1.  0.  0.] -1 56.3174518585
1559 [ 0.  1.  0.  0.] 9 64.5973417282
1560 [ 0.  1.  0.  0.] -1 57.4487586975
1561 [ 0.  1.  0.  0.] -1 57.0583166122
1562 [ 0.  1.  0.  0.] -1 56.8009138107
1563 [ 0.  1.  0.  0.] 9 67.1206415176
1564 [ 0.  1.  0.  0.] -1 58.3514696121
1565 [ 0.  1.  0.  0.] -1 55.7036794662
1566 [ 0.  1.  0.  0.] -1 56.2858436584
1567 [ 0.  1.  0.  0.] 9 65.5976242065
1568 [ 0.  1.  0.  0.] 0 56.5976242065
1569 [ 0.  0.  1.  0.] -2 27.2226398468
1570 [ 0.  0.  1.  0.] -1 27.1310806274
1571 [ 0.  0.  1.  0.] 9 38.883074379
1572 [ 0.  0.  1.  0.] -1 24.9225274086
1573 [ 0.  0.  1.  0.] -1 25.3415154457
1574 [ 0.  0.  1.  0.] -1 24.5920474052
1575 [ 0.  0.  1.  0.] 9 35.9743371964
1576 [ 0.  0.  1.  0.] -1 19.0781088829
1577 [ 0.  0.  1.  0.] -1 19.0644628525
1578 [ 0.  0.  1.  0.] -1 19.1450561523
1579 [ 0.  0.  1.  0.] 9 29.5207468987
1580 [ 0.  0.  1.  0.] 0 20.5207468987
1581 [ 0.  1.  0.  0.] -2 34.9579296112
1582 [ 0.  1.  0.  0.] -1 38.8877510071
1583 [ 0.  1.  0.  0.] -1 40.0327346802
1584 [ 0.  1.  0.  0.] -1 44.6268173218
1585 [ 0.  1.  0.  0.] -1 45.6204317093
1586 [ 0.  1.  0.  0.] -1 47.8542058945
1587 [ 0.  1.  0.  0.] -1 48.1853345871
1588 [ 0.  1.  0.  0.] -1 53.4725072861
1589 [ 0.  1.  0.  0.] -1 53.8348745346
1590 [ 0.  1.  0.  0.] -1 56.6452972412
1591 [ 0.  1.  0.  0.] -1 57.9392076492
1592 [ 0.  1.  0.  0.] -1 58.6410930634
1593 [ 0.  1.  0.  0.] -1 62.3221038818
1594 [ 0.  1.  0.  0.] -1 63.1631385803
1595 [ 0.  1.  0.  0.] -1 63.4910129547
1596 [ 0.  1.  0.  0.] -1 64.3034473419
1597 [ 0.  1.  0.  0.] -1 64.4361785889
1598 [ 0.  1.  0.  0.] -1 69.5110233307
1599 [ 0.  1.  0.  0.] -1 71.936693573
1600 [ 0.  1.  0.  0.] -1 72.3334594727
1601 [ 0.  1.  0.  0.] -1 70.2213851929
1602 [ 0.  1.  0.  0.] -1 71.8673091888
1603 [ 0.  1.  0.  0.] -1 68.7293998718
1604 [ 0.  1.  0.  0.] 0 69.7293998718
1605 [ 0.  0.  1.  0.] -2 38.0827528
1606 [ 0.  0.  1.  0.] -1 39.2319513321
1607 [ 0.  0.  1.  0.] -1 40.5580352783
1608 [ 0.  0.  1.  0.] -1 38.7910419464
1609 [ 0.  0.  1.  0.] -1 39.124392128
1610 [ 0.  0.  1.  0.] -1 38.6942459106
1611 [ 0.  0.  1.  0.] -1 41.3433950424
1612 [ 0.  0.  1.  0.] -1 36.9237047195
1613 [ 0.  0.  1.  0.] -1 37.5135951996
1614 [ 0.  0.  1.  0.] -1 36.9033126831
1615 [ 0.  0.  1.  0.] -1 37.9017541885
1616 [ 0.  0.  1.  0.] 0 38.9017541885
1617 [ 0.  0.  0.  1.] -2 41.7097194672
1618 [ 0.  0.  0.  1.] -1 43.8905767441
1619 [ 0.  0.  0.  1.] -1 37.2486944199
1620 [ 0.  0.  0.  1.] -1 37.3785301208
1621 [ 0.  0.  0.  1.] -1 37.8242303848
1622 [ 0.  0.  0.  1.] -1 38.4679838181
1623 [ 0.  0.  0.  1.] -1 40.0678037643
1624 [ 0.  0.  0.  1.] -1 42.8303684235
1625 [ 0.  0.  0.  1.] -1 45.5532035828
1626 [ 0.  0.  0.  1.] -1 43.7087806702
1627 [ 0.  0.  0.  1.] -1 39.0709749222
1628 [ 0.  0.  0.  1.] 0 40.0709749222
1629 [ 0.  0.  1.  0.] -2 49.0559659958
1630 [ 0.  0.  1.  0.] -1 50.8643451691
1631 [ 0.  0.  1.  0.] -1 55.5092937469
1632 [ 0.  0.  1.  0.] -1 57.9313545227
1633 [ 0.  0.  1.  0.] -1 55.6010778427
1634 [ 0.  0.  1.  0.] -1 55.2860359192
1635 [ 0.  0.  1.  0.] -1 58.9974264145
1636 [ 0.  0.  1.  0.] -1 44.3312578201
1637 [ 0.  0.  1.  0.] -1 43.3718536377
1638 [ 0.  0.  1.  0.] -1 44.2480806351
1639 [ 0.  0.  1.  0.] -1 49.9061695099
1640 [ 0.  0.  1.  0.] 0 50.9061695099
1641 [ 0.  1.  0.  0.] -2 61.3611194611
1642 [ 0.  1.  0.  0.] -1 62.775881958
1643 [ 0.  1.  0.  0.] -1 60.8819992065
1644 [ 0.  1.  0.  0.] -1 64.6838039398
1645 [ 0.  1.  0.  0.] -1 61.6645431519
1646 [ 0.  1.  0.  0.] -1 65.2123371124
1647 [ 0.  1.  0.  0.] -1 64.3256259918
1648 [ 0.  1.  0.  0.] -1 70.6876514435
1649 [ 0.  1.  0.  0.] -1 69.8256557465
1650 [ 0.  1.  0.  0.] -1 70.193227005
1651 [ 0.  1.  0.  0.] -1 67.9690998077
1652 [ 0.  1.  0.  0.] 0 68.9690998077
1653 [ 0.  0.  1.  0.] -2 53.392638588
1654 [ 0.  0.  1.  0.] -1 54.3452190399
1655 [ 0.  0.  1.  0.] -1 57.3345785141
1656 [ 0.  0.  1.  0.] -1 79.4448986053
1657 [ 0.  0.  1.  0.] -1 77.9519275665
1658 [ 0.  0.  1.  0.] -1 77.7077522278
1659 [ 0.  0.  1.  0.] -1 82.5831413269
1660 [ 0.  0.  1.  0.] -1 90.0210777283
1661 [ 0.  0.  1.  0.] -1 88.0307250977
1662 [ 0.  0.  1.  0.] -1 90.6291496277
1663 [ 0.  0.  1.  0.] -1 92.7592060089
1664 [ 0.  0.  1.  0.] 0 93.7592060089
1665 [ 0.  1.  0.  0.] -2 85.4870040894
1666 [ 0.  1.  0.  0.] -1 83.9833389282
1667 [ 0.  1.  0.  0.] -1 89.2167102814
1668 [ 0.  1.  0.  0.] -1 100.301287842
1669 [ 0.  1.  0.  0.] -1 99.0406562805
1670 [ 0.  1.  0.  0.] -1 97.1693073273
1671 [ 0.  1.  0.  0.] -1 101.362840652
1672 [ 0.  1.  0.  0.] -1 97.0700325012
1673 [ 0.  1.  0.  0.] -1 93.447019577
1674 [ 0.  1.  0.  0.] -1 93.9196929932
1675 [ 0.  1.  0.  0.] -1 93.6892597198
1676 [ 0.  1.  0.  0.] 0 94.6892597198
1677 [ 1.  0.  0.  0.] -2 107.909887314
1678 [ 1.  0.  0.  0.] -1 113.009748459
1679 [ 1.  0.  0.  0.] -1 109.240675354
1680 [ 1.  0.  0.  0.] -1 103.443371964
1681 [ 1.  0.  0.  0.] -1 108.203569794
1682 [ 1.  0.  0.  0.] -1 109.549705124
1683 [ 1.  0.  0.  0.] -1 81.2307582855
1684 [ 1.  0.  0.  0.] -1 79.3571624756
1685 [ 1.  0.  0.  0.] -1 80.1576957703
1686 [ 1.  0.  0.  0.] -1 78.2657047272
1687 [ 1.  0.  0.  0.] -1 75.6176753998
1688 [ 1.  0.  0.  0.] 0 76.6176753998
1689 [ 0.  1.  0.  0.] -2 76.5960906982
1690 [ 0.  1.  0.  0.] -1 76.9726169586
1691 [ 0.  1.  0.  0.] -1 74.2991474152
1692 [ 0.  1.  0.  0.] -1 77.018264389
1693 [ 0.  1.  0.  0.] -1 75.8567771912
1694 [ 0.  1.  0.  0.] -1 79.7666992187
1695 [ 0.  1.  0.  0.] -1 78.5145259857
1696 [ 0.  1.  0.  0.] -1 83.8826507568
1697 [ 0.  1.  0.  0.] -1 82.8506984711
1698 [ 0.  1.  0.  0.] -1 84.467224884
1699 [ 0.  1.  0.  0.] -1 81.8542827606
1700 [ 0.  1.  0.  0.] -1 79.8894065857
1701 [ 0.  1.  0.  0.] -1 80.9170463562
1702 [ 0.  1.  0.  0.] -1 81.3533859253
1703 [ 0.  1.  0.  0.] -1 82.8911056519
1704 [ 0.  1.  0.  0.] -1 92.8410930634
1705 [ 0.  1.  0.  0.] -1 97.8531200409
1706 [ 0.  1.  0.  0.] -1 102.337222672
1707 [ 0.  1.  0.  0.] -1 102.737257385
1708 [ 0.  1.  0.  0.] -1 110.946829605
1709 [ 0.  1.  0.  0.] -1 113.247255707
1710 [ 0.  1.  0.  0.] -1 116.402241135
1711 [ 0.  1.  0.  0.] -1 119.179247284
1712 [ 0.  1.  0.  0.] -1 50.829841423
1713 [ 0.  1.  0.  0.] -1 42.3930648804
1714 [ 0.  1.  0.  0.] -1 39.7063135147
1715 [ 0.  1.  0.  0.] -1 40.3125408173
1716 [ 0.  1.  0.  0.] -1 37.9793722153
1717 [ 0.  1.  0.  0.] -1 34.7096086502
1718 [ 0.  1.  0.  0.] -1 32.330962944
1719 [ 0.  1.  0.  0.] -1 33.8140695572
1720 [ 0.  1.  0.  0.] -1 32.4414503098
1721 [ 0.  1.  0.  0.] -1 43.0011041641
1722 [ 0.  1.  0.  0.] -1 40.5606082916
1723 [ 0.  1.  0.  0.] -1 42.513391304
1724 [ 0.  1.  0.  0.] -1 42.7244979858
1725 [ 0.  1.  0.  0.] 0 43.7244979858
1726 [ 0.  0.  1.  0.] -2 27.3388150215
1727 [ 0.  0.  1.  0.] -1 28.4824181557
1728 [ 0.  0.  1.  0.] -1 27.9353973389
1729 [ 0.  0.  1.  0.] -1 25.7511065483
1730 [ 0.  0.  1.  0.] -1 26.0926287651
1731 [ 0.  0.  1.  0.] -1 26.088591671
1732 [ 0.  0.  1.  0.] -1 24.6710244179
1733 [ 0.  0.  1.  0.] -1 24.2899538994
1734 [ 0.  0.  1.  0.] -1 24.5338791847
1735 [ 0.  0.  1.  0.] -1 24.5393078804
1736 [ 0.  0.  1.  0.] -1 23.7726187706
1737 [ 0.  0.  1.  0.] -1 24.5976681709
1738 [ 0.  0.  1.  0.] -1 24.660694313
1739 [ 0.  0.  1.  0.] -1 24.6794501305
1740 [ 0.  0.  1.  0.] -1 23.1801480293
1741 [ 0.  0.  1.  0.] -1 24.2519566536
1742 [ 0.  0.  1.  0.] -1 24.6295862198
1743 [ 0.  0.  1.  0.] -1 25.133293438
1744 [ 0.  0.  1.  0.] -1 24.9987973213
1745 [ 0.  0.  1.  0.] -1 38.7346204758
1746 [ 0.  0.  1.  0.] -1 38.0809083939
1747 [ 0.  0.  1.  0.] -1 39.0025979996
1748 [ 0.  0.  1.  0.] -1 41.8073274612
1749 [ 0.  0.  1.  0.] 0 42.8073274612
1750 [ 0.  1.  0.  0.] -2 59.5285831451
1751 [ 0.  1.  0.  0.] -1 59.2654909134
1752 [ 0.  1.  0.  0.] -1 61.5390960693
1753 [ 0.  1.  0.  0.] -1 66.0803413391
1754 [ 0.  1.  0.  0.] -1 69.4558666229
1755 [ 0.  1.  0.  0.] -1 74.656375885
1756 [ 0.  1.  0.  0.] -1 77.5515159607
1757 [ 0.  1.  0.  0.] -1 91.5819835663
1758 [ 0.  1.  0.  0.] -1 95.8506271362
1759 [ 0.  1.  0.  0.] -1 105.484061432
1760 [ 0.  1.  0.  0.] -1 108.896891785
1761 [ 0.  1.  0.  0.] -1 104.152472687
1762 [ 0.  1.  0.  0.] -1 109.450256348
1763 [ 0.  1.  0.  0.] -1 115.618349075
1764 [ 0.  1.  0.  0.] -1 115.169753265
1765 [ 0.  1.  0.  0.] -1 131.887961578
1766 [ 0.  1.  0.  0.] -1 134.98614502
1767 [ 0.  1.  0.  0.] -1 149.312088776
1768 [ 0.  1.  0.  0.] -1 151.041965485
1769 [ 0.  1.  0.  0.] -1 166.792271423
1770 [ 0.  1.  0.  0.] -1 165.741235352
1771 [ 0.  1.  0.  0.] -1 173.831542969
1772 [ 0.  1.  0.  0.] -1 173.777357483
1773 [ 0.  1.  0.  0.] 0 174.777357483
1774 [ 1.  0.  0.  0.] -2 142.478871918
1775 [ 1.  0.  0.  0.] -1 140.563002777
1776 [ 1.  0.  0.  0.] -1 70.8832801819
1777 [ 1.  0.  0.  0.] -1 70.6174263
1778 [ 1.  0.  0.  0.] -1 71.0945934296
1779 [ 1.  0.  0.  0.] -1 70.2606182098
1780 [ 1.  0.  0.  0.] -1 64.0815376282
1781 [ 1.  0.  0.  0.] -1 61.0388298035
1782 [ 1.  0.  0.  0.] -1 61.6596652985
1783 [ 1.  0.  0.  0.] -1 63.3524036407
1784 [ 1.  0.  0.  0.] -1 74.9940422058
1785 [ 1.  0.  0.  0.] -1 74.5462364197
1786 [ 1.  0.  0.  0.] -1 75.6151531219
1787 [ 1.  0.  0.  0.] -1 79.811687088
1788 [ 1.  0.  0.  0.] -1 82.8087692261
1789 [ 1.  0.  0.  0.] -1 79.2941055298
1790 [ 1.  0.  0.  0.] -1 81.8898410797
1791 [ 1.  0.  0.  0.] -1 84.0876365662
1792 [ 1.  0.  0.  0.] -1 53.6237316132
1793 [ 1.  0.  0.  0.] -1 54.513312912
1794 [ 1.  0.  0.  0.] -1 55.0645320892
1795 [ 1.  0.  0.  0.] -1 53.8256225586
1796 [ 1.  0.  0.  0.] -1 61.2084674835
1797 [ 1.  0.  0.  0.] 0 62.2084674835
1798 [ 0.  1.  0.  0.] -2 44.9089679718
1799 [ 0.  1.  0.  0.] -1 45.841192627
1800 [ 0.  1.  0.  0.] -1 42.9209276199
1801 [ 0.  1.  0.  0.] -1 46.8353107452
1802 [ 0.  1.  0.  0.] -1 47.4912624359
1803 [ 0.  1.  0.  0.] -1 50.57277565
1804 [ 0.  1.  0.  0.] -1 48.9385316849
1805 [ 0.  1.  0.  0.] -1 49.1542480469
1806 [ 0.  1.  0.  0.] -1 49.1597129822
1807 [ 0.  1.  0.  0.] -1 50.7809179306
1808 [ 0.  1.  0.  0.] -1 48.9249635696
1809 [ 0.  1.  0.  0.] -1 53.8834718704
1810 [ 0.  1.  0.  0.] -1 54.2555803299
1811 [ 0.  1.  0.  0.] -1 55.97069664
1812 [ 0.  1.  0.  0.] -1 57.6522151947
1813 [ 0.  1.  0.  0.] -1 58.6246366501
1814 [ 0.  1.  0.  0.] -1 59.073906517
1815 [ 0.  1.  0.  0.] -1 61.3825553894
1816 [ 0.  1.  0.  0.] -1 61.4357624054
1817 [ 0.  1.  0.  0.] -1 64.9046337128
1818 [ 0.  1.  0.  0.] -1 62.5313079834
1819 [ 0.  1.  0.  0.] -1 65.3738426208
1820 [ 0.  1.  0.  0.] -1 65.1093151093
1821 [ 0.  1.  0.  0.] -1 63.9879814148
1822 [ 0.  1.  0.  0.] -1 62.3611194611
1823 [ 0.  1.  0.  0.] -1 62.775881958
1824 [ 0.  1.  0.  0.] -1 60.8819992065
1825 [ 0.  1.  0.  0.] -1 64.6838039398
1826 [ 0.  1.  0.  0.] -1 61.6645431519
1827 [ 0.  1.  0.  0.] -1 65.2123371124
1828 [ 0.  1.  0.  0.] -1 64.3256259918
1829 [ 0.  1.  0.  0.] -1 70.6876514435
1830 [ 0.  1.  0.  0.] -1 69.8256557465
1831 [ 0.  1.  0.  0.] -1 70.193227005
1832 [ 0.  1.  0.  0.] -1 67.9690998077
1833 [ 0.  1.  0.  0.] 0 68.9690998077
1834 [ 0.  0.  1.  0.] -2 53.392638588
1835 [ 0.  0.  1.  0.] -1 54.3452190399
1836 [ 0.  0.  1.  0.] -1 57.3345785141
1837 [ 0.  0.  1.  0.] -1 79.4448986053
1838 [ 0.  0.  1.  0.] -1 77.9519275665
1839 [ 0.  0.  1.  0.] -1 77.7077522278
1840 [ 0.  0.  1.  0.] -1 82.5831413269
1841 [ 0.  0.  1.  0.] -1 90.0210777283
1842 [ 0.  0.  1.  0.] -1 88.0307250977
1843 [ 0.  0.  1.  0.] -1 90.6291496277
1844 [ 0.  0.  1.  0.] -1 92.7592060089
1845 [ 0.  0.  1.  0.] -1 87.6423233032
1846 [ 0.  0.  1.  0.] -1 89.4745334625
1847 [ 0.  0.  1.  0.] -1 92.2832420349
1848 [ 0.  0.  1.  0.] -1 98.0960632324
1849 [ 0.  0.  1.  0.] -1 113.496577072
1850 [ 0.  0.  1.  0.] -1 119.918296432
1851 [ 0.  0.  1.  0.] -1 120.561122131
1852 [ 0.  0.  1.  0.] -1 132.678333282
1853 [ 0.  0.  1.  0.] -1 175.60241394
1854 [ 0.  0.  1.  0.] -1 175.173017883
1855 [ 0.  0.  1.  0.] -1 176.594596863
1856 [ 0.  0.  1.  0.] -1 181.638906097
1857 [ 0.  0.  1.  0.] 0 182.638906097
1858 [ 0.  0.  0.  1.] -2 209.692662048
1859 [ 0.  0.  0.  1.] -1 217.019158173
1860 [ 0.  0.  0.  1.] -1 188.996303558
1861 [ 0.  0.  0.  1.] -1 190.481838226
1862 [ 0.  0.  0.  1.] -1 195.751412964
1863 [ 0.  0.  0.  1.] -1 192.989286804
1864 [ 0.  0.  0.  1.] -1 184.832414246
1865 [ 0.  0.  0.  1.] -1 182.283551025
1866 [ 0.  0.  0.  1.] -1 184.416397858
1867 [ 0.  0.  0.  1.] -1 182.877402496
1868 [ 0.  0.  0.  1.] -1 121.240397644
1869 [ 0.  0.  0.  1.] -1 115.138239288
1870 [ 0.  0.  0.  1.] -1 114.431813049
1871 [ 0.  0.  0.  1.] -1 108.882642365
1872 [ 0.  0.  0.  1.] 0 109.882642365
1873 [ 0.  1.  0.  0.] -102 -70.6178445816
1874 [ 0.  1.  0.  0.] -1 31.0411766052
1875 [ 0.  1.  0.  0.] -1 34.0413427353
1876 [ 0.  1.  0.  0.] -1 34.5352851868
1877 [ 0.  1.  0.  0.] -1 36.9333553314
1878 [ 0.  1.  0.  0.] -1 38.0784948349
1879 [ 0.  1.  0.  0.] 0 39.0784948349
1880 [ 1.  0.  0.  0.] -2 43.6693626404
1881 [ 1.  0.  0.  0.] -1 43.7159162521
1882 [ 1.  0.  0.  0.] -1 46.5396244049
1883 [ 1.  0.  0.  0.] -1 46.4812206268
1884 [ 1.  0.  0.  0.] -1 47.3109449387
1885 [ 1.  0.  0.  0.] -1 48.0361106873
1886 [ 1.  0.  0.  0.] -1 45.3378858566
1887 [ 1.  0.  0.  0.] -1 44.2344509125
1888 [ 1.  0.  0.  0.] -1 44.6101543427
1889 [ 1.  0.  0.  0.] -1 45.3943653107
1890 [ 1.  0.  0.  0.] -1 45.8804039001
1891 [ 1.  0.  0.  0.] 0 46.8804039001
1892 [ 0.  1.  0.  0.] -2 36.9940818787
1893 [ 0.  1.  0.  0.] -1 37.6335229874
1894 [ 0.  1.  0.  0.] -1 37.9907043457
1895 [ 0.  1.  0.  0.] -1 40.2456642151
1896 [ 0.  1.  0.  0.] -1 41.0621501923
1897 [ 0.  1.  0.  0.] -1 41.96745224
1898 [ 0.  1.  0.  0.] -1 42.9088308334
1899 [ 0.  1.  0.  0.] -1 47.2683561325
1900 [ 0.  1.  0.  0.] -1 47.6928888321
1901 [ 0.  1.  0.  0.] -1 47.7317014694
1902 [ 0.  1.  0.  0.] -1 48.6211957932
1903 [ 0.  1.  0.  0.] 0 49.6211957932
1904 [ 1.  0.  0.  0.] -2 56.640332222
1905 [ 1.  0.  0.  0.] -1 57.9644014359
1906 [ 1.  0.  0.  0.] -1 67.3320072174
1907 [ 1.  0.  0.  0.] -1 68.0915897369
1908 [ 1.  0.  0.  0.] -1 69.5991363525
1909 [ 1.  0.  0.  0.] -1 72.2470714569
1910 [ 1.  0.  0.  0.] -1 81.6640464783
1911 [ 1.  0.  0.  0.] -1 68.759645462
1912 [ 1.  0.  0.  0.] -1 68.9203754425
1913 [ 1.  0.  0.  0.] -1 69.2581287384
1914 [ 1.  0.  0.  0.] -1 69.9847476959
1915 [ 1.  0.  0.  0.] 0 70.9847476959
1916 [ 0.  1.  0.  0.] -2 45.9086488724
1917 [ 0.  1.  0.  0.] -1 47.1883245468
1918 [ 0.  1.  0.  0.] -1 47.0094203949
1919 [ 0.  1.  0.  0.] -1 49.6604974747
1920 [ 0.  1.  0.  0.] -1 49.9278697968
1921 [ 0.  1.  0.  0.] -1 50.6724781036
1922 [ 0.  1.  0.  0.] -1 51.2809703827
1923 [ 0.  1.  0.  0.] -1 52.668639946
1924 [ 0.  1.  0.  0.] -1 53.3710653305
1925 [ 0.  1.  0.  0.] -1 53.9269884109
1926 [ 0.  1.  0.  0.] -1 54.5784210205
1927 [ 0.  1.  0.  0.] -1 57.6287029266
1928 [ 0.  1.  0.  0.] -1 58.7392843246
1929 [ 0.  1.  0.  0.] -1 59.0908412933
1930 [ 0.  1.  0.  0.] -1 59.2787111282
1931 [ 0.  1.  0.  0.] -1 59.3521688461
1932 [ 0.  1.  0.  0.] -1 59.7362798691
1933 [ 0.  1.  0.  0.] -1 60.2449718475
1934 [ 0.  1.  0.  0.] -1 60.4701648712
1935 [ 0.  1.  0.  0.] -1 62.3035057068
1936 [ 0.  1.  0.  0.] -1 62.7207035065
1937 [ 0.  1.  0.  0.] -1 63.1951236725
1938 [ 0.  1.  0.  0.] -1 63.7365146637
1939 [ 0.  1.  0.  0.] -1 65.5188663483
1940 [ 0.  1.  0.  0.] -1 66.3056430817
1941 [ 0.  1.  0.  0.] -1 67.3745235443
1942 [ 0.  1.  0.  0.] -1 68.4571460724
1943 [ 0.  1.  0.  0.] -1 69.8670341492
1944 [ 0.  1.  0.  0.] -1 70.6388874054
1945 [ 0.  1.  0.  0.] -1 71.2672897339
1946 [ 0.  1.  0.  0.] -1 71.2952522278
1947 [ 0.  1.  0.  0.] 0 72.2952522278
1948 [ 0.  0.  1.  0.] -2 65.9669944763
1949 [ 0.  0.  1.  0.] -1 66.9534263611
1950 [ 0.  0.  1.  0.] -1 67.4138580322
1951 [ 0.  0.  1.  0.] -1 59.5979568481
1952 [ 0.  0.  1.  0.] -1 59.5096263885
1953 [ 0.  0.  1.  0.] -1 59.4687879562
1954 [ 0.  0.  1.  0.] -1 59.4457649231
1955 [ 0.  0.  1.  0.] -1 56.3785989761
1956 [ 0.  0.  1.  0.] -1 56.453412056
1957 [ 0.  0.  1.  0.] -1 56.3270915985
1958 [ 0.  0.  1.  0.] -1 57.1808935165
1959 [ 0.  0.  1.  0.] -1 53.4672887802
1960 [ 0.  0.  1.  0.] -1 53.1350402832
1961 [ 0.  0.  1.  0.] -1 52.7868427277
1962 [ 0.  0.  1.  0.] -1 53.3993721008
1963 [ 0.  0.  1.  0.] -1 52.0371463776
1964 [ 0.  0.  1.  0.] -1 51.7271671295
1965 [ 0.  0.  1.  0.] -1 51.6909021378
1966 [ 0.  0.  1.  0.] -1 52.2320358276
1967 [ 0.  0.  1.  0.] -1 42.3135986328
1968 [ 0.  0.  1.  0.] -1 41.9059789658
1969 [ 0.  0.  1.  0.] -1 41.7910486221
1970 [ 0.  0.  1.  0.] -1 43.2583112717
1971 [ 0.  0.  1.  0.] 0 44.2583112717
1972 [ 0.  0.  0.  1.] -2 85.9564304352
1973 [ 0.  0.  0.  1.] -1 85.2104560852
1974 [ 0.  0.  0.  1.] -1 81.9528038025
1975 [ 0.  0.  0.  1.] -1 80.2824905396
1976 [ 0.  0.  0.  1.] -1 79.1905906677
1977 [ 0.  0.  0.  1.] -1 78.6994495392
1978 [ 0.  0.  0.  1.] -1 74.7818374634
1979 [ 0.  0.  0.  1.] -1 74.7094814301
1980 [ 0.  0.  0.  1.] -1 74.8166637421
1981 [ 0.  0.  0.  1.] -1 75.4159366608
1982 [ 0.  0.  0.  1.] -1 67.9968811035
1983 [ 0.  0.  0.  1.] -1 66.0535964966
1984 [ 0.  0.  0.  1.] -1 64.2675266266
1985 [ 0.  0.  0.  1.] -1 63.6184169769
1986 [ 0.  0.  0.  1.] -1 65.7867424011
1987 [ 0.  0.  0.  1.] -1 65.2232959747
1988 [ 0.  0.  0.  1.] -1 66.0851539612
1989 [ 0.  0.  0.  1.] -1 64.1527267456
1990 [ 0.  0.  0.  1.] -1 55.2516916275
1991 [ 0.  0.  0.  1.] -1 54.1864351273
1992 [ 0.  0.  0.  1.] -1 52.7073656082
1993 [ 0.  0.  0.  1.] -1 52.3716199875
1994 [ 0.  0.  0.  1.] -1 48.5477743149
1995 [ 0.  0.  0.  1.] -1 48.1254739761
1996 [ 0.  0.  0.  1.] -1 48.2845151901
1997 [ 0.  0.  0.  1.] -1 49.6903770447
1998 [ 0.  0.  0.  1.] -1 52.3451070786
1999 [ 0.  0.  0.  1.] -1 54.1365041733
2000 [ 0.  0.  0.  1.] -1 57.4108085632
2001 [ 0.  0.  0.  1.] -1 57.8659021378
2002 [ 0.  0.  0.  1.] -1 50.4562072754
2003 [ 0.  0.  0.  1.] 0 51.4562072754
2004 [ 0.  0.  1.  0.] -2 38.0827528
2005 [ 0.  0.  1.  0.] -1 39.2319513321
2006 [ 0.  0.  1.  0.] -1 40.5580352783
2007 [ 0.  0.  1.  0.] -1 38.7910419464
2008 [ 0.  0.  1.  0.] -1 39.124392128
2009 [ 0.  0.  1.  0.] -1 38.6942459106
2010 [ 0.  0.  1.  0.] -1 41.3433950424
2011 [ 0.  0.  1.  0.] -1 36.9237047195
2012 [ 0.  0.  1.  0.] -1 37.5135951996
2013 [ 0.  0.  1.  0.] -1 36.9033126831
2014 [ 0.  0.  1.  0.] -1 37.9017541885
2015 [ 0.  0.  1.  0.] 0 38.9017541885
2016 [ 0.  1.  0.  0.] -2 49.4394283295
2017 [ 0.  1.  0.  0.] -1 50.7163171768
2018 [ 0.  1.  0.  0.] -1 50.6475017548
2019 [ 0.  1.  0.  0.] -1 54.893952179
2020 [ 0.  1.  0.  0.] -1 57.8543743134
2021 [ 0.  1.  0.  0.] -1 59.4471021652
2022 [ 0.  1.  0.  0.] -1 61.6117202759
2023 [ 0.  1.  0.  0.] -1 66.0761592865
2024 [ 0.  1.  0.  0.] -1 67.2810398102
2025 [ 0.  1.  0.  0.] -1 68.8932319641
2026 [ 0.  1.  0.  0.] -1 70.8749233246
2027 [ 0.  1.  0.  0.] -1 75.7544799805
2028 [ 0.  1.  0.  0.] -1 79.1688613892
2029 [ 0.  1.  0.  0.] -1 80.6858013153
2030 [ 0.  1.  0.  0.] -1 79.8427734375
2031 [ 0.  1.  0.  0.] -1 78.7452201843
2032 [ 0.  1.  0.  0.] -1 79.4735424042
2033 [ 0.  1.  0.  0.] -1 81.5824928284
2034 [ 0.  1.  0.  0.] -1 81.9890434265
2035 [ 0.  1.  0.  0.] -1 85.8527454376
2036 [ 0.  1.  0.  0.] -1 86.6100593567
2037 [ 0.  1.  0.  0.] -1 87.1139350891
2038 [ 0.  1.  0.  0.] -1 87.7514190674
2039 [ 0.  1.  0.  0.] 0 88.7514190674
2040 [ 0.  0.  1.  0.] -2 58.5507656097
2041 [ 0.  0.  1.  0.] -1 59.6201137543
2042 [ 0.  0.  1.  0.] -1 66.3007579803
2043 [ 0.  0.  1.  0.] -1 66.5399829865
2044 [ 0.  0.  1.  0.] -1 64.8915439606
2045 [ 0.  0.  1.  0.] -1 65.1608478546
2046 [ 0.  0.  1.  0.] -1 68.3256614685
2047 [ 0.  0.  1.  0.] -1 58.6030052185
2048 [ 0.  0.  1.  0.] -1 58.6967208862
2049 [ 0.  0.  1.  0.] -1 58.9602807999
2050 [ 0.  0.  1.  0.] -1 63.5449085236
2051 [ 0.  0.  1.  0.] -1 55.3491146088
2052 [ 0.  0.  1.  0.] -1 55.469093132
2053 [ 0.  0.  1.  0.] -1 55.4919820786
2054 [ 0.  0.  1.  0.] -1 58.6444887161
2055 [ 0.  0.  1.  0.] -1 60.3083621979
2056 [ 0.  0.  1.  0.] -1 58.965281868
2057 [ 0.  0.  1.  0.] -1 58.9958463669
2058 [ 0.  0.  1.  0.] -1 64.4923934937
2059 [ 0.  0.  1.  0.] -1 63.2905281067
2060 [ 0.  0.  1.  0.] -1 61.6748134613
2061 [ 0.  0.  1.  0.] -1 61.778364563
2062 [ 0.  0.  1.  0.] -1 63.7603820801
2063 [ 0.  0.  1.  0.] -1 59.7327682495
2064 [ 0.  0.  1.  0.] -1 60.0606136322
2065 [ 0.  0.  1.  0.] -1 60.8972343445
2066 [ 0.  0.  1.  0.] -1 65.2591514587
2067 [ 0.  0.  1.  0.] -1 71.6913295746
2068 [ 0.  0.  1.  0.] -1 72.5300956726
2069 [ 0.  0.  1.  0.] -1 73.6098552704
2070 [ 0.  0.  1.  0.] -1 77.8331123352
2071 [ 0.  0.  1.  0.] -1 102.210572433
2072 [ 0.  0.  1.  0.] -1 100.214479446
2073 [ 0.  0.  1.  0.] -1 97.7293834686
2074 [ 0.  0.  1.  0.] -1 107.364629745
2075 [ 0.  0.  1.  0.] 0 108.364629745
2076 [ 0.  0.  0.  1.] -2 90.0845077515
2077 [ 0.  0.  0.  1.] -1 91.926984787
2078 [ 0.  0.  0.  1.] -1 98.5593143463
2079 [ 0.  0.  0.  1.] -1 98.2547130585
2080 [ 0.  0.  0.  1.] -1 100.846715927
2081 [ 0.  0.  0.  1.] -1 102.168817139
2082 [ 0.  0.  0.  1.] -1 111.701461792
2083 [ 0.  0.  0.  1.] -1 111.058570862
2084 [ 0.  0.  0.  1.] -1 116.054094315
2085 [ 0.  0.  0.  1.] -1 117.496206665
2086 [ 0.  0.  0.  1.] -1 137.302030945
2087 [ 0.  0.  0.  1.] -1 139.147294617
2088 [ 0.  0.  0.  1.] -1 139.31702652
2089 [ 0.  0.  0.  1.] -1 148.56485672
2090 [ 0.  0.  0.  1.] -1 141.053527832
2091 [ 0.  0.  0.  1.] -1 142.407570648
2092 [ 0.  0.  0.  1.] -1 145.336529541
2093 [ 0.  0.  0.  1.] -1 155.677970123
2094 [ 0.  0.  0.  1.] -1 186.031177521
2095 [ 0.  0.  0.  1.] -1 193.385385895
2096 [ 0.  0.  0.  1.] -1 204.380299377
2097 [ 0.  0.  0.  1.] -1 213.279257965
2098 [ 0.  0.  0.  1.] -1 196.381460571
2099 [ 0.  0.  0.  1.] 0 197.381460571
2100 [ 0.  0.  1.  0.] -2 175.664959717
2101 [ 0.  0.  1.  0.] -1 178.533663177
2102 [ 0.  0.  1.  0.] -1 176.237288666
2103 [ 0.  0.  1.  0.] -1 140.230047607
2104 [ 0.  0.  1.  0.] -1 141.242133331
2105 [ 0.  0.  1.  0.] -1 142.512564087
2106 [ 0.  0.  1.  0.] -1 143.695178986
2107 [ 0.  0.  1.  0.] -1 171.765275574
2108 [ 0.  0.  1.  0.] -1 174.695684052
2109 [ 0.  0.  1.  0.] -1 173.908283997
2110 [ 0.  0.  1.  0.] -1 173.550816345
2111 [ 0.  0.  1.  0.] 0 174.550816345
2112 [ 0.  1.  0.  0.] -2 200.981497192
2113 [ 0.  1.  0.  0.] -1 200.178199005
2114 [ 0.  1.  0.  0.] -1 196.269291687
2115 [ 0.  1.  0.  0.] -1 199.776721954
2116 [ 0.  1.  0.  0.] -1 203.38170929
2117 [ 0.  1.  0.  0.] -1 203.484470367
2118 [ 0.  1.  0.  0.] -1 203.593508148
2119 [ 0.  1.  0.  0.] -1 209.567697144
2120 [ 0.  1.  0.  0.] -1 207.024632263
2121 [ 0.  1.  0.  0.] -1 206.267253113
2122 [ 0.  1.  0.  0.] -1 200.922488403
2123 [ 0.  1.  0.  0.] 0 201.922488403
2124 [ 0.  0.  1.  0.] -2 151.834942627
2125 [ 0.  0.  1.  0.] -1 150.499907684
2126 [ 0.  0.  1.  0.] -1 163.357523346
2127 [ 0.  0.  1.  0.] -1 183.703245544
2128 [ 0.  0.  1.  0.] -1 179.989539337
2129 [ 0.  0.  1.  0.] -1 175.716655731
2130 [ 0.  0.  1.  0.] -1 189.597939301
2131 [ 0.  0.  1.  0.] -1 186.200300598
2132 [ 0.  0.  1.  0.] -1 184.905299377
2133 [ 0.  0.  1.  0.] -1 178.965480042
2134 [ 0.  0.  1.  0.] -1 193.228033447
2135 [ 0.  0.  1.  0.] -1 169.115071869
2136 [ 0.  0.  1.  0.] -1 169.053435516
2137 [ 0.  0.  1.  0.] -1 162.403899384
2138 [ 0.  0.  1.  0.] -1 177.641864014
2139 [ 0.  0.  1.  0.] 0 178.641864014
2140 [ 0.  1.  0.  0.] -2 210.508126068
2141 [ 0.  1.  0.  0.] -1 209.479982758
2142 [ 0.  1.  0.  0.] 9 221.194406891
2143 [ 0.  1.  0.  0.] -1 198.655511475
2144 [ 0.  1.  0.  0.] -1 195.023503876
2145 [ 0.  1.  0.  0.] -1 198.383351898
2146 [ 0.  1.  0.  0.] 9 212.258527374
2147 [ 0.  1.  0.  0.] -1 202.587525177
2148 [ 0.  1.  0.  0.] -1 204.841644287
2149 [ 0.  1.  0.  0.] -1 206.110596466
2150 [ 0.  1.  0.  0.] 9 210.108908844
2151 [ 0.  1.  0.  0.] -1 197.284276581
2152 [ 0.  1.  0.  0.] -1 193.68286972
2153 [ 0.  1.  0.  0.] -1 196.840486145
2154 [ 0.  1.  0.  0.] 9 205.600395203
2155 [ 0.  1.  0.  0.] -1 234.443647766
2156 [ 0.  1.  0.  0.] -1 239.340070343
2157 [ 0.  1.  0.  0.] -1 239.938169098
2158 [ 0.  1.  0.  0.] 9 246.824156189
2159 [ 0.  1.  0.  0.] 0 237.824156189
2160 [ 0.  0.  1.  0.] -2 234.372483826
2161 [ 0.  0.  1.  0.] -1 237.564778137
2162 [ 0.  0.  1.  0.] 9 252.538246155
2163 [ 0.  0.  1.  0.] -1 252.302331543
2164 [ 0.  0.  1.  0.] -1 251.349635315
2165 [ 0.  0.  1.  0.] -1 254.758305359
2166 [ 0.  0.  1.  0.] 49 553.586203003
2167 [ 0.  0.  1.  0.] -1 545.841488647
2168 [ 0.  0.  1.  0.] -1 536.653671265
2169 [ 0.  0.  1.  0.] -1 555.708001709
2170 [ 0.  0.  1.  0.] 9 601.939102173
2171 [ 0.  0.  1.  0.] 0 592.939102173
2172 [ 0.  0.  0.  1.] -2 476.430500793
2173 [ 0.  0.  0.  1.] -1 478.207507324
2174 [ 0.  0.  0.  1.] 9 433.341789246
2175 [ 0.  0.  0.  1.] -1 423.627676392
2176 [ 0.  0.  0.  1.] -1 422.843103027
2177 [ 0.  0.  0.  1.] -1 434.295462036
2178 [ 0.  0.  0.  1.] 9 397.842758179
2179 [ 0.  0.  0.  1.] -1 389.915548706
2180 [ 0.  0.  0.  1.] -1 392.454177856
2181 [ 0.  0.  0.  1.] -1 404.129801941
2182 [ 0.  0.  0.  1.] 9 398.753561401
2183 [ 0.  0.  0.  1.] -1 382.703515625
2184 [ 0.  0.  0.  1.] -1 385.367098999
2185 [ 0.  0.  0.  1.] -1 403.470820618
2186 [ 0.  0.  0.  1.] 9 415.296022034
2187 [ 0.  0.  0.  1.] -1 401.435951233
2188 [ 0.  0.  0.  1.] -1 417.241877747
2189 [ 0.  0.  0.  1.] -1 413.612088013
2190 [ 0.  0.  0.  1.] 9 421.922538757
2191 [ 0.  0.  0.  1.] 0 412.922538757
2192 [ 1.  0.  0.  0.] -2 461.185998535
2193 [ 1.  0.  0.  0.] -1 461.847665405
2194 [ 1.  0.  0.  0.] 9 523.927890015
2195 [ 1.  0.  0.  0.] -1 529.924060059
2196 [ 1.  0.  0.  0.] -1 552.329077148
2197 [ 1.  0.  0.  0.] -1 550.290090942
2198 [ 1.  0.  0.  0.] 9 558.93757019
2199 [ 1.  0.  0.  0.] -1 536.740356445
2200 [ 1.  0.  0.  0.] -1 543.885128784
2201 [ 1.  0.  0.  0.] -1 557.319940186
2202 [ 1.  0.  0.  0.] -1 676.870516968
2203 [ 1.  0.  0.  0.] 0 677.870516968
2204 [ 0.  0.  0.  1.] -2 314.062547302
2205 [ 0.  0.  0.  1.] -1 321.631370544
2206 [ 0.  0.  0.  1.] -1 302.746583557
2207 [ 0.  0.  0.  1.] -1 302.456347656
2208 [ 0.  0.  0.  1.] -1 308.337719727
2209 [ 0.  0.  0.  1.] -1 317.513969421
2210 [ 0.  0.  0.  1.] -1 325.39017334
2211 [ 0.  0.  0.  1.] -1 332.215428162
2212 [ 0.  0.  0.  1.] -1 337.78624115
2213 [ 0.  0.  0.  1.] -1 340.463160706
2214 [ 0.  0.  0.  1.] -1 334.074578857
2215 [ 0.  0.  0.  1.] -1 333.477407837
2216 [ 0.  0.  0.  1.] -1 338.207287598
2217 [ 0.  0.  0.  1.] -1 337.862141418
2218 [ 0.  0.  0.  1.] -1 314.348162842
2219 [ 0.  0.  0.  1.] -1 315.136708069
2220 [ 0.  0.  0.  1.] -1 317.432096863
2221 [ 0.  0.  0.  1.] -1 320.106117249
2222 [ 0.  0.  0.  1.] -1 324.346066284
2223 [ 0.  0.  0.  1.] -1 334.532241821
2224 [ 0.  0.  0.  1.] -1 341.644572449
2225 [ 0.  0.  0.  1.] -1 341.820928955
2226 [ 0.  0.  0.  1.] -1 340.561355591
2227 [ 0.  0.  0.  1.] -1 334.701582336
2228 [ 0.  0.  0.  1.] -1 336.485412598
2229 [ 0.  0.  0.  1.] -1 342.043817139
2230 [ 0.  0.  0.  1.] -1 320.706071472
2231 [ 0.  0.  0.  1.] -1 315.514411926
2232 [ 0.  0.  0.  1.] -1 317.516462708
2233 [ 0.  0.  0.  1.] -1 326.642788696
2234 [ 0.  0.  0.  1.] -1 308.189427185
2235 [ 0.  0.  0.  1.] -1 303.629148865
2236 [ 0.  0.  0.  1.] -1 305.230389404
2237 [ 0.  0.  0.  1.] -1 306.831977844
2238 [ 0.  0.  0.  1.] -1 278.064007568
2239 [ 0.  0.  0.  1.] -1 274.916842651
2240 [ 0.  0.  0.  1.] -1 274.074372864
2241 [ 0.  0.  0.  1.] -1 273.399996948
2242 [ 0.  0.  0.  1.] -1 244.698852539
2243 [ 0.  0.  0.  1.] -1 239.9957901
2244 [ 0.  0.  0.  1.] -1 236.886865234
2245 [ 0.  0.  0.  1.] -1 239.766175842
2246 [ 0.  0.  0.  1.] -1 252.564126587
2247 [ 0.  0.  0.  1.] -1 256.71736145
2248 [ 0.  0.  0.  1.] -1 263.56867981
2249 [ 0.  0.  0.  1.] -1 254.981541443
2250 [ 0.  0.  0.  1.] -1 191.216096497
2251 [ 0.  0.  0.  1.] 0 192.216096497
2252 [ 0.  0.  1.  0.] -2 173.378022003
2253 [ 0.  0.  1.  0.] -1 174.669736481
2254 [ 0.  0.  1.  0.] -1 198.377133179
2255 [ 0.  0.  1.  0.] -1 228.434726715
2256 [ 0.  0.  1.  0.] -1 220.061808014
2257 [ 0.  0.  1.  0.] -1 219.797229767
2258 [ 0.  0.  1.  0.] -1 236.430289459
2259 [ 0.  0.  1.  0.] -1 310.382359314
2260 [ 0.  0.  1.  0.] -1 304.317237854
2261 [ 0.  0.  1.  0.] -1 322.951594543
2262 [ 0.  0.  1.  0.] -1 395.797123718
2263 [ 0.  0.  1.  0.] 0 396.797123718
2264 [ 0.  1.  0.  0.] -2 511.084829712
2265 [ 0.  1.  0.  0.] -1 510.060049438
2266 [ 0.  1.  0.  0.] -1 518.428445435
2267 [ 0.  1.  0.  0.] -1 481.785749817
2268 [ 0.  1.  0.  0.] -1 482.090481567
2269 [ 0.  1.  0.  0.] -1 503.505026245
2270 [ 0.  1.  0.  0.] -1 522.252740479
2271 [ 0.  1.  0.  0.] -1 560.722869873
2272 [ 0.  1.  0.  0.] -1 570.213244629
2273 [ 0.  1.  0.  0.] -1 594.006326294
2274 [ 0.  1.  0.  0.] -1 581.496002197
2275 [ 0.  1.  0.  0.] -1 600.392037964
2276 [ 0.  1.  0.  0.] -1 586.179553223
2277 [ 0.  1.  0.  0.] -1 631.182672119
2278 [ 0.  1.  0.  0.] -1 602.758224487
2279 [ 0.  1.  0.  0.] -1 585.166351318
2280 [ 0.  1.  0.  0.] -1 617.35821228
2281 [ 0.  1.  0.  0.] -1 667.002206421
2282 [ 0.  1.  0.  0.] -1 633.755453491
2283 [ 0.  1.  0.  0.] -1 582.61496582
2284 [ 0.  1.  0.  0.] -1 560.932827759
2285 [ 0.  1.  0.  0.] -1 577.485696411
2286 [ 0.  1.  0.  0.] -1 559.977029419
2287 [ 0.  1.  0.  0.] -1 519.058609009
2288 [ 0.  1.  0.  0.] -1 529.74987793
2289 [ 0.  1.  0.  0.] -1 531.911209106
2290 [ 0.  1.  0.  0.] -1 533.946774292
2291 [ 0.  1.  0.  0.] -1 548.875991821
2292 [ 0.  1.  0.  0.] -1 553.325057983
2293 [ 0.  1.  0.  0.] -1 581.71494751
2294 [ 0.  1.  0.  0.] -1 564.565081787
2295 [ 0.  1.  0.  0.] -1 525.722177124
2296 [ 0.  1.  0.  0.] -1 523.378778076
2297 [ 0.  1.  0.  0.] -1 542.827801514
2298 [ 0.  1.  0.  0.] -1 530.350933838
2299 [ 0.  1.  0.  0.] 0 531.350933838
2300 [ 1.  0.  0.  0.] -2 437.374449158
2301 [ 1.  0.  0.  0.] -1 451.098007202
2302 [ 1.  0.  0.  0.] -1 543.185733032
2303 [ 1.  0.  0.  0.] -1 553.590911865
2304 [ 1.  0.  0.  0.] -1 576.854373169
2305 [ 1.  0.  0.  0.] -1 557.942276001
2306 [ 1.  0.  0.  0.] -1 540.122238159
2307 [ 1.  0.  0.  0.] -1 534.610684204
2308 [ 1.  0.  0.  0.] -1 540.029928589
2309 [ 1.  0.  0.  0.] -1 548.588046265
2310 [ 1.  0.  0.  0.] -1 702.158874512
2311 [ 1.  0.  0.  0.] 0 703.158874512
2312 [ 0.  1.  0.  0.] -2 389.660780334
2313 [ 0.  1.  0.  0.] -1 392.969389343
2314 [ 0.  1.  0.  0.] -1 390.984588623
2315 [ 0.  1.  0.  0.] -1 422.543473816
2316 [ 0.  1.  0.  0.] -1 415.411979675
2317 [ 0.  1.  0.  0.] -1 423.6052948
2318 [ 0.  1.  0.  0.] -1 415.538354492
2319 [ 0.  1.  0.  0.] -1 441.044410706
2320 [ 0.  1.  0.  0.] -1 430.084707642
2321 [ 0.  1.  0.  0.] -1 447.157281494
2322 [ 0.  1.  0.  0.] -1 441.959968567
2323 [ 0.  1.  0.  0.] 0 442.959968567
2324 [ 1.  0.  0.  0.] -2 640.264767456
2325 [ 1.  0.  0.  0.] -1 651.897183228
2326 [ 1.  0.  0.  0.] -1 485.600332642
2327 [ 1.  0.  0.  0.] -1 475.362986755
2328 [ 1.  0.  0.  0.] -1 470.124215698
2329 [ 1.  0.  0.  0.] -1 481.582141113
2330 [ 1.  0.  0.  0.] -1 520.187081909
2331 [ 1.  0.  0.  0.] -1 514.234622192
2332 [ 1.  0.  0.  0.] -1 525.573449707
2333 [ 1.  0.  0.  0.] -1 548.574304199
2334 [ 1.  0.  0.  0.] -1 466.270986938
2335 [ 1.  0.  0.  0.] -1 459.620378113
2336 [ 1.  0.  0.  0.] -1 468.792829895
2337 [ 1.  0.  0.  0.] -1 483.214982605
2338 [ 1.  0.  0.  0.] -1 484.574983215
2339 [ 1.  0.  0.  0.] 0 485.574983215
2340 [ 0.  0.  0.  1.] -2 296.599397278
2341 [ 0.  0.  0.  1.] -1 306.164530945
2342 [ 0.  0.  0.  1.] -1 276.406697083
2343 [ 0.  0.  0.  1.] -1 283.853591919
2344 [ 0.  0.  0.  1.] -1 287.078831482
2345 [ 0.  0.  0.  1.] -1 289.850727844
2346 [ 0.  0.  0.  1.] -1 315.682041931
2347 [ 0.  0.  0.  1.] -1 326.180226135
2348 [ 0.  0.  0.  1.] -1 333.618829346
2349 [ 0.  0.  0.  1.] -1 342.360203552
2350 [ 0.  0.  0.  1.] -1 364.872113037
2351 [ 0.  0.  0.  1.] 0 365.872113037
2352 [ 1.  0.  0.  0.] -2 744.262283325
2353 [ 1.  0.  0.  0.] -1 764.245758057
2354 [ 1.  0.  0.  0.] -1 598.684890747
2355 [ 1.  0.  0.  0.] -1 616.155926514
2356 [ 1.  0.  0.  0.] -1 663.262857056
2357 [ 1.  0.  0.  0.] -1 713.061434937
2358 [ 1.  0.  0.  0.] -1 808.668984985
2359 [ 1.  0.  0.  0.] -1 774.265811157
2360 [ 1.  0.  0.  0.] -1 818.099057007
2361 [ 1.  0.  0.  0.] -1 821.026870728
2362 [ 1.  0.  0.  0.] -1 853.472235107
2363 [ 1.  0.  0.  0.] 0 854.472235107
2364 [ 0.  1.  0.  0.] -2 383.065777588
2365 [ 0.  1.  0.  0.] -1 192.627368927
2366 [ 0.  1.  0.  0.] -1 192.470552826
2367 [ 0.  1.  0.  0.] -1 186.100975037
2368 [ 0.  1.  0.  0.] -1 183.225650787
2369 [ 0.  1.  0.  0.] -1 185.106588745
2370 [ 0.  1.  0.  0.] -1 174.3116745
2371 [ 0.  1.  0.  0.] -1 166.019410706
2372 [ 0.  1.  0.  0.] -1 160.745458221
2373 [ 0.  1.  0.  0.] -1 159.309383392
2374 [ 0.  1.  0.  0.] -1 157.685195923
2375 [ 0.  1.  0.  0.] -1 118.629985046
2376 [ 0.  1.  0.  0.] -1 119.349522781
2377 [ 0.  1.  0.  0.] -1 119.23172226
2378 [ 0.  1.  0.  0.] -1 118.030762863
2379 [ 0.  1.  0.  0.] -1 109.803165054
2380 [ 0.  1.  0.  0.] -1 110.786454773
2381 [ 0.  1.  0.  0.] -1 112.799935532
2382 [ 0.  1.  0.  0.] -1 114.631986237
2383 [ 0.  1.  0.  0.] -1 112.383679962
2384 [ 0.  1.  0.  0.] -1 110.921693802
2385 [ 0.  1.  0.  0.] -1 111.326207733
2386 [ 0.  1.  0.  0.] -1 111.359794617
2387 [ 0.  1.  0.  0.] 0 112.359794617
2388 [ 0.  0.  1.  0.] -2 108.768237305
2389 [ 0.  0.  1.  0.] -1 111.355786514
2390 [ 0.  0.  1.  0.] 9 125.125613403
2391 [ 0.  0.  1.  0.] -1 112.224638748
2392 [ 0.  0.  1.  0.] -1 112.432922363
2393 [ 0.  0.  1.  0.] -1 112.515700912
2394 [ 0.  0.  1.  0.] 9 127.783296967
2395 [ 0.  0.  1.  0.] -1 127.134830475
2396 [ 0.  0.  1.  0.] -1 127.595334625
2397 [ 0.  0.  1.  0.] -1 127.808945465
2398 [ 0.  0.  1.  0.] 9 145.930535126
2399 [ 0.  0.  1.  0.] 0 136.930535126
2400 [ 0.  1.  0.  0.] -2 142.254360199
2401 [ 0.  1.  0.  0.] -1 139.048606873
2402 [ 0.  1.  0.  0.] -1 141.412604523
2403 [ 0.  1.  0.  0.] -1 172.047741699
2404 [ 0.  1.  0.  0.] -1 178.837467194
2405 [ 0.  1.  0.  0.] -1 179.838362122
2406 [ 0.  1.  0.  0.] -1 182.792949677
2407 [ 0.  1.  0.  0.] -1 196.359136963
2408 [ 0.  1.  0.  0.] -1 198.246858978
2409 [ 0.  1.  0.  0.] -1 197.715629578
2410 [ 0.  1.  0.  0.] -1 198.454946899
2411 [ 0.  1.  0.  0.] -1 81.3828269958
2412 [ 0.  1.  0.  0.] -1 79.6348594666
2413 [ 0.  1.  0.  0.] -1 77.3493278503
2414 [ 0.  1.  0.  0.] -1 75.8054401398
2415 [ 0.  1.  0.  0.] -1 74.9639560699
2416 [ 0.  1.  0.  0.] -1 78.4896945953
2417 [ 0.  1.  0.  0.] -1 78.7619194031
2418 [ 0.  1.  0.  0.] -1 77.3867198944
2419 [ 0.  1.  0.  0.] -1 77.4317947388
2420 [ 0.  1.  0.  0.] -1 80.2415615082
2421 [ 0.  1.  0.  0.] -1 79.0284545898
2422 [ 0.  1.  0.  0.] -1 78.7662101746
2423 [ 0.  1.  0.  0.] -1 74.3352783203
2424 [ 0.  1.  0.  0.] 0 75.3352783203
2425 [ 1.  0.  0.  0.] -2 59.0220619202
2426 [ 1.  0.  0.  0.] -1 60.4099636078
2427 [ 1.  0.  0.  0.] -1 51.7290914536
2428 [ 1.  0.  0.  0.] -1 50.3582080841
2429 [ 1.  0.  0.  0.] -1 50.0668813705
2430 [ 1.  0.  0.  0.] -1 50.5214313507
2431 [ 1.  0.  0.  0.] -1 52.9679430008
2432 [ 1.  0.  0.  0.] -1 53.5052932739
2433 [ 1.  0.  0.  0.] -1 52.3574213028
2434 [ 1.  0.  0.  0.] -1 52.1728673935
2435 [ 1.  0.  0.  0.] -1 47.3689754486
2436 [ 1.  0.  0.  0.] -1 46.7155931473
2437 [ 1.  0.  0.  0.] -1 45.4181892395
2438 [ 1.  0.  0.  0.] -1 45.4565380096
2439 [ 1.  0.  0.  0.] -1 32.2883741379
2440 [ 1.  0.  0.  0.] -1 32.6703107834
2441 [ 1.  0.  0.  0.] -1 32.4199819565
2442 [ 1.  0.  0.  0.] -1 33.3403923035
2443 [ 1.  0.  0.  0.] -1 34.5868867874
2444 [ 1.  0.  0.  0.] -1 33.9632318497
2445 [ 1.  0.  0.  0.] -1 33.8730422974
2446 [ 1.  0.  0.  0.] -1 36.0326810837
2447 [ 1.  0.  0.  0.] -1 42.0111318588
2448 [ 1.  0.  0.  0.] -1 43.743204689
2449 [ 1.  0.  0.  0.] -1 44.7639371872
2450 [ 1.  0.  0.  0.] -1 48.7141431808
2451 [ 1.  0.  0.  0.] -1 89.0578212738
2452 [ 1.  0.  0.  0.] -1 86.9517772675
2453 [ 1.  0.  0.  0.] -1 88.3595199585
2454 [ 1.  0.  0.  0.] -1 98.8844852448
2455 [ 1.  0.  0.  0.] -1 182.433539581
2456 [ 1.  0.  0.  0.] -1 181.11702652
2457 [ 1.  0.  0.  0.] -1 190.027146912
2458 [ 1.  0.  0.  0.] -1 201.860935211
2459 [ 1.  0.  0.  0.] -1 210.814876556
2460 [ 1.  0.  0.  0.] 0 211.814876556
2461 [ 0.  1.  0.  0.] -2 30.4785308838
2462 [ 0.  1.  0.  0.] -1 31.5222974777
2463 [ 0.  1.  0.  0.] -1 29.1080735207
2464 [ 0.  1.  0.  0.] -1 35.002457428
2465 [ 0.  1.  0.  0.] -1 34.101134491
2466 [ 0.  1.  0.  0.] -1 37.7445140839
2467 [ 0.  1.  0.  0.] -1 36.4345386505
2468 [ 0.  1.  0.  0.] -1 38.8799921036
2469 [ 0.  1.  0.  0.] -1 39.3716659546
2470 [ 0.  1.  0.  0.] -1 42.0715795517
2471 [ 0.  1.  0.  0.] -1 40.6131267548
2472 [ 0.  1.  0.  0.] 0 41.6131267548
2473 [ 0.  0.  1.  0.] -2 20.0543081284
2474 [ 0.  0.  1.  0.] -1 20.9786669731
2475 [ 0.  0.  1.  0.] -1 21.6156454086
2476 [ 0.  0.  1.  0.] -1 24.0668011665
2477 [ 0.  0.  1.  0.] -1 23.1335982323
2478 [ 0.  0.  1.  0.] -1 22.6261637688
2479 [ 0.  0.  1.  0.] -1 27.7042537689
2480 [ 0.  0.  1.  0.] -1 27.34442873
2481 [ 0.  0.  1.  0.] -1 27.0197814941
2482 [ 0.  0.  1.  0.] -1 26.7134171486
2483 [ 0.  0.  1.  0.] -1 30.9761844635
2484 [ 0.  0.  1.  0.] 0 31.9761844635
2485 [ 0.  1.  0.  0.] -2 50.0194000244
2486 [ 0.  1.  0.  0.] -1 49.5024238586
2487 [ 0.  1.  0.  0.] -1 53.7080974579
2488 [ 0.  1.  0.  0.] -1 56.3642408371
2489 [ 0.  1.  0.  0.] -1 55.7703929901
2490 [ 0.  1.  0.  0.] -1 56.448780632
2491 [ 0.  1.  0.  0.] -1 62.631590271
2492 [ 0.  1.  0.  0.] -1 65.6358478546
2493 [ 0.  1.  0.  0.] -1 64.7817451477
2494 [ 0.  1.  0.  0.] -1 66.2247562408
2495 [ 0.  1.  0.  0.] -1 67.7680496216
2496 [ 0.  1.  0.  0.] 0 68.7680496216
2497 [ 0.  0.  1.  0.] -2 53.1642202377
2498 [ 0.  0.  1.  0.] -1 54.3245769501
2499 [ 0.  0.  1.  0.] -1 62.0979328156
2500 [ 0.  0.  1.  0.] -1 69.725837326
2501 [ 0.  0.  1.  0.] -1 69.2008483887
2502 [ 0.  0.  1.  0.] -1 68.2210014343
2503 [ 0.  0.  1.  0.] -1 76.9269260406
2504 [ 0.  0.  1.  0.] -1 88.3865764618
2505 [ 0.  0.  1.  0.] -1 86.9492115021
2506 [ 0.  0.  1.  0.] -1 84.6711017609
2507 [ 0.  0.  1.  0.] -1 102.698198318
2508 [ 0.  0.  1.  0.] 0 103.698198318
2509 [ 0.  1.  0.  0.] -2 159.380641174
2510 [ 0.  1.  0.  0.] -1 159.213667297
2511 [ 0.  1.  0.  0.] -1 158.193434906
2512 [ 0.  1.  0.  0.] -1 138.734220886
2513 [ 0.  1.  0.  0.] -1 140.676983643
2514 [ 0.  1.  0.  0.] -1 141.515249634
2515 [ 0.  1.  0.  0.] -1 141.867875671
2516 [ 0.  1.  0.  0.] -1 148.787788391
2517 [ 0.  1.  0.  0.] -1 151.854718781
2518 [ 0.  1.  0.  0.] -1 149.26942749
2519 [ 0.  1.  0.  0.] -1 143.818625641
2520 [ 0.  1.  0.  0.] -1 107.487395096
2521 [ 0.  1.  0.  0.] -1 105.590446472
2522 [ 0.  1.  0.  0.] -1 101.207329178
2523 [ 0.  1.  0.  0.] -101 -101
