0 [ 0.  1.  0.  0.] -1 34.3264144897
1 [ 0.  1.  0.  0.] -1 34.1733057022
2 [ 0.  1.  0.  0.] -1 36.1078891754
3 [ 0.  1.  0.  0.] -1 40.4857879639
4 [ 0.  1.  0.  0.] -1 40.9272373199
5 [ 0.  1.  0.  0.] 9 52.0761856079
6 [ 0.  1.  0.  0.] 0 43.0761856079
7 [ 1.  0.  0.  0.] -2 49.4309555054
8 [ 1.  0.  0.  0.] -1 49.5637413025
9 [ 1.  0.  0.  0.] 9 60.2758317947
10 [ 1.  0.  0.  0.] -1 51.986689949
11 [ 1.  0.  0.  0.] -1 51.4710653305
12 [ 1.  0.  0.  0.] -1 52.0663808823
13 [ 1.  0.  0.  0.] 9 53.9702531815
14 [ 1.  0.  0.  0.] -1 44.9122333527
15 [ 1.  0.  0.  0.] -1 44.1164909363
16 [ 1.  0.  0.  0.] -1 45.3157035828
17 [ 1.  0.  0.  0.] 9 55.5375734329
18 [ 1.  0.  0.  0.] 0 46.5375734329
19 [ 0.  1.  0.  0.] -2 31.8753799438
20 [ 0.  1.  0.  0.] -1 32.296941185
21 [ 0.  1.  0.  0.] 9 43.2387546539
22 [ 0.  1.  0.  0.] -1 37.034793663
23 [ 0.  1.  0.  0.] -1 37.3844661713
24 [ 0.  1.  0.  0.] -1 38.9709571838
25 [ 0.  1.  0.  0.] 9 49.926530838
26 [ 0.  1.  0.  0.] -1 43.2933694839
27 [ 0.  1.  0.  0.] -1 43.6195261002
28 [ 0.  1.  0.  0.] -1 43.262326622
29 [ 0.  1.  0.  0.] 9 54.0207277298
30 [ 0.  1.  0.  0.] 0 45.0207277298
31 [ 1.  0.  0.  0.] -2 70.2011161804
32 [ 1.  0.  0.  0.] -1 73.0613105774
33 [ 1.  0.  0.  0.] 9 96.4267230988
34 [ 1.  0.  0.  0.] -1 89.1037731171
35 [ 1.  0.  0.  0.] -1 89.6752429962
36 [ 1.  0.  0.  0.] -1 91.0579586029
37 [ 1.  0.  0.  0.] 9 108.195780182
38 [ 1.  0.  0.  0.] -1 103.451279449
39 [ 1.  0.  0.  0.] -1 70.2696781158
40 [ 1.  0.  0.  0.] -1 70.6298854828
41 [ 1.  0.  0.  0.] 9 78.9541072845
42 [ 1.  0.  0.  0.] 0 69.9541072845
43 [ 0.  0.  0.  1.] -2 31.3042144775
44 [ 0.  0.  0.  1.] -1 31.7556190491
45 [ 0.  0.  0.  1.] 9 38.9095564842
46 [ 0.  0.  0.  1.] -1 28.6091608047
47 [ 0.  0.  0.  1.] -1 28.5341864586
48 [ 0.  0.  0.  1.] -1 28.1077330589
49 [ 0.  0.  0.  1.] 9 37.8742049217
50 [ 0.  0.  0.  1.] -1 27.8687671661
51 [ 0.  0.  0.  1.] -1 27.889218998
52 [ 0.  0.  0.  1.] -1 27.8758556366
53 [ 0.  0.  0.  1.] 9 37.939140892
54 [ 0.  0.  0.  1.] -1 28.1006681442
55 [ 0.  0.  0.  1.] -1 28.1403867722
56 [ 0.  0.  0.  1.] -1 28.2757725716
57 [ 0.  0.  0.  1.] 9 38.7924028397
58 [ 0.  0.  0.  1.] -1 29.0720730782
59 [ 0.  0.  0.  1.] -1 29.163657856
60 [ 0.  0.  0.  1.] -1 29.2906143188
61 [ 0.  0.  0.  1.] 9 39.6540506363
62 [ 0.  0.  0.  1.] -1 30.2937416077
63 [ 0.  0.  0.  1.] -1 30.5996656418
64 [ 0.  0.  0.  1.] -1 30.891604805
65 [ 0.  0.  0.  1.] 9 40.9404195786
66 [ 0.  0.  0.  1.] -1 31.1463911057
67 [ 0.  0.  0.  1.] -1 31.298557663
68 [ 0.  0.  0.  1.] -1 31.2909183502
69 [ 0.  0.  0.  1.] 9 41.8452722549
70 [ 0.  0.  0.  1.] -1 32.1795574188
71 [ 0.  0.  0.  1.] -1 32.3021125793
72 [ 0.  0.  0.  1.] -1 32.5464292526
73 [ 0.  0.  0.  1.] 9 43.0776985168
74 [ 0.  0.  0.  1.] -1 33.5088630676
75 [ 0.  0.  0.  1.] -1 34.4396560669
76 [ 0.  0.  0.  1.] -1 35.5978164673
77 [ 0.  0.  0.  1.] 9 56.581829071
78 [ 0.  0.  0.  1.] -1 48.9425796509
79 [ 0.  0.  0.  1.] -1 51.1288291931
80 [ 0.  0.  0.  1.] -1 52.6408151627
81 [ 0.  0.  0.  1.] 9 64.641409111
82 [ 0.  0.  0.  1.] -1 56.1834957123
83 [ 0.  0.  0.  1.] -1 57.4897058487
84 [ 0.  0.  0.  1.] -1 58.2383584976
85 [ 0.  0.  0.  1.] 9 75.7349632263
86 [ 0.  0.  0.  1.] -1 68.5552032471
87 [ 0.  0.  0.  1.] -1 71.3426464081
88 [ 0.  0.  0.  1.] -1 73.1412624359
89 [ 0.  0.  0.  1.] 9 93.1470226288
90 [ 0.  0.  0.  1.] -1 87.4648288727
91 [ 0.  0.  0.  1.] -1 90.3439945221
92 [ 0.  0.  0.  1.] -1 92.5485378265
93 [ 0.  0.  0.  1.] 9 119.966033173
94 [ 0.  0.  0.  1.] -1 116.61782341
95 [ 0.  0.  0.  1.] -1 120.114961624
96 [ 0.  0.  0.  1.] -1 125.52906723
97 [ 0.  0.  0.  1.] 9 148.444289398
98 [ 0.  0.  0.  1.] -1 142.039781952
99 [ 0.  0.  0.  1.] -1 524.174890137
100 [ 0.  0.  0.  1.] -1 533.062585449
101 [ 0.  0.  0.  1.] 9 611.492272949
102 [ 0.  0.  0.  1.] -1 619.968798828
103 [ 0.  0.  0.  1.] -1 629.694992065
104 [ 0.  0.  0.  1.] -1 645.706991577
105 [ 0.  0.  0.  1.] 9 674.472796631
106 [ 0.  0.  0.  1.] -1 677.219866943
107 [ 0.  0.  0.  1.] -1 685.509579468
108 [ 0.  0.  0.  1.] -1 698.101370239
109 [ 0.  0.  0.  1.] 9 770.703320312
110 [ 0.  0.  0.  1.] 0 761.703320312
111 [ 0.  0.  1.  0.] -2 827.122763062
112 [ 0.  0.  1.  0.] -1 830.872683716
113 [ 0.  0.  1.  0.] 9 834.374078369
114 [ 0.  0.  1.  0.] -1 975.103198242
115 [ 0.  0.  1.  0.] -1 1001.82890625
116 [ 0.  0.  1.  0.] -1 1057.24213257
117 [ 0.  0.  1.  0.] 49 1637.92904053
118 [ 0.  0.  1.  0.] -1 1505.92926636
119 [ 0.  0.  1.  0.] -1 1501.54050293
120 [ 0.  0.  1.  0.] -1 1490.68902588
121 [ 0.  0.  1.  0.] 9 1461.13205566
122 [ 0.  0.  1.  0.] -1 1478.61456299
123 [ 0.  0.  1.  0.] -1 1474.36809082
124 [ 0.  0.  1.  0.] -1 1471.74677734
125 [ 0.  0.  1.  0.] 9 1425.02892456
126 [ 0.  0.  1.  0.] -1 1450.98895264
127 [ 0.  0.  1.  0.] -1 1450.93062134
128 [ 0.  0.  1.  0.] -1 1437.48438721
129 [ 0.  0.  1.  0.] 9 1386.63046265
130 [ 0.  0.  1.  0.] -1 1287.67268066
131 [ 0.  0.  1.  0.] -1 1291.68049316
132 [ 0.  0.  1.  0.] -1 1285.73858643
133 [ 0.  0.  1.  0.] 9 1236.64851685
134 [ 0.  0.  1.  0.] 0 1227.64851685
135 [ 0.  1.  0.  0.] -2 851.977810669
136 [ 0.  1.  0.  0.] -1 838.723635864
137 [ 0.  1.  0.  0.] 9 835.425085449
138 [ 0.  1.  0.  0.] -1 775.852758789
139 [ 0.  1.  0.  0.] -1 758.419644165
140 [ 0.  1.  0.  0.] -1 738.588162231
141 [ 0.  1.  0.  0.] 9 745.522058105
142 [ 0.  1.  0.  0.] -1 546.03092041
143 [ 0.  1.  0.  0.] -1 518.843200684
144 [ 0.  1.  0.  0.] -1 505.668676758
145 [ 0.  1.  0.  0.] 9 512.011315918
146 [ 0.  1.  0.  0.] -1 458.200712585
147 [ 0.  1.  0.  0.] -1 437.228813171
148 [ 0.  1.  0.  0.] -1 424.709646606
149 [ 0.  1.  0.  0.] 9 436.157086182
150 [ 0.  1.  0.  0.] -1 354.556344604
151 [ 0.  1.  0.  0.] -1 350.990655518
152 [ 0.  1.  0.  0.] -1 342.319528198
153 [ 0.  1.  0.  0.] 9 347.584690857
154 [ 0.  1.  0.  0.] -1 318.165122986
155 [ 0.  1.  0.  0.] -1 309.306477356
156 [ 0.  1.  0.  0.] -1 306.709632874
157 [ 0.  1.  0.  0.] 9 323.533930969
158 [ 0.  1.  0.  0.] -1 308.533558655
159 [ 0.  1.  0.  0.] -1 309.631880188
160 [ 0.  1.  0.  0.] -1 311.619927979
161 [ 0.  1.  0.  0.] 9 317.2006073
162 [ 0.  1.  0.  0.] -1 269.154307556
163 [ 0.  1.  0.  0.] -1 260.847779846
164 [ 0.  1.  0.  0.] -1 264.42842865
165 [ 0.  1.  0.  0.] 9 269.406370544
166 [ 0.  1.  0.  0.] 0 260.406370544
167 [ 0.  0.  1.  0.] -2 168.965036011
168 [ 0.  0.  1.  0.] -1 169.198321533
169 [ 0.  0.  1.  0.] 9 189.491447449
170 [ 0.  0.  1.  0.] -1 147.213350677
171 [ 0.  0.  1.  0.] -1 149.702288055
172 [ 0.  0.  1.  0.] -1 148.099829865
173 [ 0.  0.  1.  0.] 9 156.403554535
174 [ 0.  0.  1.  0.] -1 85.0578147888
175 [ 0.  0.  1.  0.] -1 85.2202335358
176 [ 0.  0.  1.  0.] -1 85.8871368408
177 [ 0.  0.  1.  0.] 9 101.065779114
178 [ 0.  0.  1.  0.] 0 92.0657791138
179 [ 0.  1.  0.  0.] -2 113.35633316
180 [ 0.  1.  0.  0.] -1 115.97339592
181 [ 0.  1.  0.  0.] -1 113.44821167
182 [ 0.  1.  0.  0.] -1 135.915198517
183 [ 0.  1.  0.  0.] -1 146.914823151
184 [ 0.  1.  0.  0.] -1 155.577615356
185 [ 0.  1.  0.  0.] -1 159.741113281
186 [ 0.  1.  0.  0.] -1 182.030888367
187 [ 0.  1.  0.  0.] -1 201.891275024
188 [ 0.  1.  0.  0.] -1 208.43225174
189 [ 0.  1.  0.  0.] -1 200.115040588
190 [ 0.  1.  0.  0.] 0 201.115040588
191 [ 0.  0.  1.  0.] -2 57.5025127411
192 [ 0.  0.  1.  0.] -1 57.0212615967
193 [ 0.  0.  1.  0.] -1 66.0517337799
194 [ 0.  0.  1.  0.] -1 61.4235061646
195 [ 0.  0.  1.  0.] -1 61.3458011627
196 [ 0.  0.  1.  0.] -1 61.5198455811
197 [ 0.  0.  1.  0.] -1 63.8259178162
198 [ 0.  0.  1.  0.] -1 31.6705574036
199 [ 0.  0.  1.  0.] -1 32.4603673935
200 [ 0.  0.  1.  0.] -1 34.5972911835
201 [ 0.  0.  1.  0.] -1 37.2693401337
202 [ 0.  0.  1.  0.] 0 38.2693401337
203 [ 0.  1.  0.  0.] -2 72.013727951
204 [ 0.  1.  0.  0.] -1 74.9254550934
205 [ 0.  1.  0.  0.] -1 75.6456306458
206 [ 0.  1.  0.  0.] -1 73.9313297272
207 [ 0.  1.  0.  0.] -1 75.190076828
208 [ 0.  1.  0.  0.] -1 77.9647491455
209 [ 0.  1.  0.  0.] -1 77.055381012
210 [ 0.  1.  0.  0.] -1 84.9101963043
211 [ 0.  1.  0.  0.] -1 83.3027515411
212 [ 0.  1.  0.  0.] -1 86.1509830475
213 [ 0.  1.  0.  0.] -1 85.0699550629
214 [ 0.  1.  0.  0.] 0 86.0699550629
215 [ 1.  0.  0.  0.] -2 186.469919586
216 [ 1.  0.  0.  0.] -1 187.624822235
217 [ 1.  0.  0.  0.] -1 237.823268127
218 [ 1.  0.  0.  0.] -1 248.850492859
219 [ 1.  0.  0.  0.] -1 262.850265503
220 [ 1.  0.  0.  0.] -1 257.780371094
221 [ 1.  0.  0.  0.] -1 252.100984192
222 [ 1.  0.  0.  0.] -1 249.821540833
223 [ 1.  0.  0.  0.] -1 247.938414001
224 [ 1.  0.  0.  0.] -1 249.355644226
225 [ 1.  0.  0.  0.] -1 244.539456177
226 [ 1.  0.  0.  0.] 0 245.539456177
227 [ 0.  1.  0.  0.] -2 215.144942474
228 [ 0.  1.  0.  0.] -1 204.48782959
229 [ 0.  1.  0.  0.] -1 190.822838593
230 [ 0.  1.  0.  0.] -1 189.522836304
231 [ 0.  1.  0.  0.] -1 191.501374817
232 [ 0.  1.  0.  0.] -1 213.667456818
233 [ 0.  1.  0.  0.] -1 200.396129608
234 [ 0.  1.  0.  0.] -1 110.092190552
235 [ 0.  1.  0.  0.] -1 111.732983017
236 [ 0.  1.  0.  0.] -1 105.343516922
237 [ 0.  1.  0.  0.] 9 119.642261124
238 [ 0.  1.  0.  0.] 0 110.642261124
239 [ 1.  0.  0.  0.] -2 391.69651947
240 [ 1.  0.  0.  0.] -1 413.086729431
241 [ 1.  0.  0.  0.] 9 327.195379639
242 [ 1.  0.  0.  0.] -1 331.778987122
243 [ 1.  0.  0.  0.] -1 350.710392761
244 [ 1.  0.  0.  0.] -1 354.477545166
245 [ 1.  0.  0.  0.] 9 232.66076889
246 [ 1.  0.  0.  0.] -1 239.377672577
247 [ 1.  0.  0.  0.] -1 227.047140503
248 [ 1.  0.  0.  0.] -1 234.863418579
249 [ 1.  0.  0.  0.] 9 231.466339874
250 [ 1.  0.  0.  0.] 0 222.466339874
251 [ 0.  0.  0.  1.] -2 72.0149963379
252 [ 0.  0.  0.  1.] -1 76.3457511902
253 [ 0.  0.  0.  1.] 9 72.9493030548
254 [ 0.  0.  0.  1.] -1 65.9513717651
255 [ 0.  0.  0.  1.] -1 66.6611320496
256 [ 0.  0.  0.  1.] -1 66.4062732697
257 [ 0.  0.  0.  1.] 9 93.6095779419
258 [ 0.  0.  0.  1.] -1 80.3711978912
259 [ 0.  0.  0.  1.] -1 85.4999961853
260 [ 0.  0.  0.  1.] -1 83.130809021
261 [ 0.  0.  0.  1.] -1 81.7070991516
262 [ 0.  0.  0.  1.] 0 82.7070991516
263 [ 1.  0.  0.  0.] -2 311.303059387
264 [ 1.  0.  0.  0.] -1 304.966333008
265 [ 1.  0.  0.  0.] -1 339.686096191
266 [ 1.  0.  0.  0.] -1 347.534613037
267 [ 1.  0.  0.  0.] -1 343.645985413
268 [ 1.  0.  0.  0.] -1 352.414205933
269 [ 1.  0.  0.  0.] -1 335.954690552
270 [ 1.  0.  0.  0.] -1 333.288787842
271 [ 1.  0.  0.  0.] -1 331.365681458
272 [ 1.  0.  0.  0.] -1 336.837458801
273 [ 1.  0.  0.  0.] -1 353.992630005
274 [ 1.  0.  0.  0.] 0 354.992630005
275 [ 0.  1.  0.  0.] -2 202.070744324
276 [ 0.  1.  0.  0.] -1 188.796333313
277 [ 0.  1.  0.  0.] -1 187.620908356
278 [ 0.  1.  0.  0.] -1 224.236380768
279 [ 0.  1.  0.  0.] -1 229.48453064
280 [ 0.  1.  0.  0.] -1 233.84185257
281 [ 0.  1.  0.  0.] -1 238.559526825
282 [ 0.  1.  0.  0.] -1 214.120988464
283 [ 0.  1.  0.  0.] -1 211.586171722
284 [ 0.  1.  0.  0.] -1 212.167498779
285 [ 0.  1.  0.  0.] -1 224.462530518
286 [ 0.  1.  0.  0.] 0 225.462530518
287 [ 1.  0.  0.  0.] -2 543.201834106
288 [ 1.  0.  0.  0.] -1 628.353256226
289 [ 1.  0.  0.  0.] -1 1189.46098022
290 [ 1.  0.  0.  0.] -1 1276.17584839
291 [ 1.  0.  0.  0.] -1 1352.95189819
292 [ 1.  0.  0.  0.] -1 1498.99978638
293 [ 1.  0.  0.  0.] -1 1973.80577393
294 [ 1.  0.  0.  0.] -1 2017.95386963
295 [ 1.  0.  0.  0.] -1 2018.48731689
296 [ 1.  0.  0.  0.] -1 2024.20332031
297 [ 1.  0.  0.  0.] -1 2031.50737305
298 [ 1.  0.  0.  0.] 0 2032.50737305
299 [ 0.  0.  0.  1.] -2 302.785037231
300 [ 0.  0.  0.  1.] -1 300.114195251
301 [ 0.  0.  0.  1.] -1 278.768824768
302 [ 0.  0.  0.  1.] -1 283.868696594
303 [ 0.  0.  0.  1.] -1 282.404122925
304 [ 0.  0.  0.  1.] -1 274.501855469
305 [ 0.  0.  0.  1.] -1 266.185354614
306 [ 0.  0.  0.  1.] -1 275.103839111
307 [ 0.  0.  0.  1.] -1 280.345103455
308 [ 0.  0.  0.  1.] -1 282.706419373
309 [ 0.  0.  0.  1.] -1 292.262083435
310 [ 0.  0.  0.  1.] -1 296.246470642
311 [ 0.  0.  0.  1.] -1 302.974603271
312 [ 0.  0.  0.  1.] -1 310.4292099
313 [ 0.  0.  0.  1.] -1 294.237055969
314 [ 0.  0.  0.  1.] -1 299.253083801
315 [ 0.  0.  0.  1.] -1 311.454240417
316 [ 0.  0.  0.  1.] -1 56.1096212387
317 [ 0.  0.  0.  1.] -1 51.9252311707
318 [ 0.  0.  0.  1.] -1 58.8813436508
319 [ 0.  0.  0.  1.] -1 61.8011665344
320 [ 0.  0.  0.  1.] -1 67.7588447571
321 [ 0.  0.  0.  1.] -1 67.2226722717
322 [ 0.  0.  0.  1.] -1 70.6837158203
323 [ 0.  0.  0.  1.] -1 72.1281764984
324 [ 0.  0.  0.  1.] -1 72.785867691
325 [ 0.  0.  0.  1.] -1 79.8672424316
326 [ 0.  0.  0.  1.] -1 82.8725219727
327 [ 0.  0.  0.  1.] -1 86.0642326355
328 [ 0.  0.  0.  1.] -1 88.1803874969
329 [ 0.  0.  0.  1.] -1 89.8606739044
330 [ 0.  0.  0.  1.] -1 94.3232719421
331 [ 0.  0.  0.  1.] -1 100.500004196
332 [ 0.  0.  0.  1.] -1 104.786861801
333 [ 0.  0.  0.  1.] -1 133.968275452
334 [ 0.  0.  0.  1.] -1 141.617677307
335 [ 0.  0.  0.  1.] -1 148.197502899
336 [ 0.  0.  0.  1.] -1 154.442880249
337 [ 0.  0.  0.  1.] -1 162.611045074
338 [ 0.  0.  0.  1.] -1 170.806607056
339 [ 0.  0.  0.  1.] -1 177.010975647
340 [ 0.  0.  0.  1.] -1 182.8138237
341 [ 0.  0.  0.  1.] -1 213.149331665
342 [ 0.  0.  0.  1.] -1 223.513182831
343 [ 0.  0.  0.  1.] -1 235.674591827
344 [ 0.  0.  0.  1.] -1 243.099003601
345 [ 0.  0.  0.  1.] -1 274.306335449
346 [ 0.  0.  0.  1.] -1 286.927755737
347 [ 0.  0.  0.  1.] -1 298.93588562
348 [ 0.  0.  0.  1.] -1 310.895367432
349 [ 0.  0.  0.  1.] -1 343.014836121
350 [ 0.  0.  0.  1.] -1 369.557548523
351 [ 0.  0.  0.  1.] -1 388.264964294
352 [ 0.  0.  0.  1.] -1 408.021821594
353 [ 0.  0.  0.  1.] -1 448.862080383
354 [ 0.  0.  0.  1.] -1 466.295281982
355 [ 0.  0.  0.  1.] -1 472.389453125
356 [ 0.  0.  0.  1.] -1 481.870550537
357 [ 0.  0.  0.  1.] -1 584.516821289
358 [ 0.  0.  0.  1.] -1 606.233169556
359 [ 0.  0.  0.  1.] -1 623.918569946
360 [ 0.  0.  0.  1.] -1 635.074227905
361 [ 0.  0.  0.  1.] -1 640.411019897
362 [ 0.  0.  0.  1.] -1 653.37802124
363 [ 0.  0.  0.  1.] -1 661.736502075
364 [ 0.  0.  0.  1.] -1 679.880957031
365 [ 0.  0.  0.  1.] -1 774.377081299
366 [ 0.  0.  0.  1.] 0 775.377081299
367 [ 0.  0.  1.  0.] -2 872.829394531
368 [ 0.  0.  1.  0.] -1 873.055432129
369 [ 0.  0.  1.  0.] -1 832.519412231
370 [ 0.  0.  1.  0.] -1 897.813589478
371 [ 0.  0.  1.  0.] -1 911.770077515
372 [ 0.  0.  1.  0.] -1 915.845788574
373 [ 0.  0.  1.  0.] -1 819.439691162
374 [ 0.  0.  1.  0.] -1 792.459494019
375 [ 0.  0.  1.  0.] -1 801.04005127
376 [ 0.  0.  1.  0.] -1 793.559671021
377 [ 0.  0.  1.  0.] -1 753.909289551
378 [ 0.  0.  1.  0.] -1 795.288735962
379 [ 0.  0.  1.  0.] -1 801.035122681
380 [ 0.  0.  1.  0.] -1 792.141049194
381 [ 0.  0.  1.  0.] -1 735.02444458
382 [ 0.  0.  1.  0.] -1 774.755828857
383 [ 0.  0.  1.  0.] -1 776.324395752
384 [ 0.  0.  1.  0.] -1 769.49180603
385 [ 0.  0.  1.  0.] -1 714.75385437
386 [ 0.  0.  1.  0.] -1 599.714559937
387 [ 0.  0.  1.  0.] -1 606.583099365
388 [ 0.  0.  1.  0.] -1 602.438967896
389 [ 0.  0.  1.  0.] -1 542.939651489
390 [ 0.  0.  1.  0.] 0 543.939651489
391 [ 0.  1.  0.  0.] -2 308.877700806
392 [ 0.  1.  0.  0.] -1 304.583787537
393 [ 0.  1.  0.  0.] -1 281.390921021
394 [ 0.  1.  0.  0.] -1 272.088789368
395 [ 0.  1.  0.  0.] -1 259.646711731
396 [ 0.  1.  0.  0.] -1 246.888595581
397 [ 0.  1.  0.  0.] -1 231.775686646
398 [ 0.  1.  0.  0.] -1 141.135139465
399 [ 0.  1.  0.  0.] -1 128.930880737
400 [ 0.  1.  0.  0.] -1 121.771960449
401 [ 0.  1.  0.  0.] -1 108.058038712
402 [ 0.  1.  0.  0.] -1 103.350750732
403 [ 0.  1.  0.  0.] -1 96.1683906555
404 [ 0.  1.  0.  0.] -1 91.5069168091
405 [ 0.  1.  0.  0.] -1 82.8894603729
406 [ 0.  1.  0.  0.] -1 69.23618927
407 [ 0.  1.  0.  0.] -1 65.570362854
408 [ 0.  1.  0.  0.] -1 63.4000297546
409 [ 0.  1.  0.  0.] -1 59.9282375336
410 [ 0.  1.  0.  0.] -1 59.3961854935
411 [ 0.  1.  0.  0.] -1 58.3346797943
412 [ 0.  1.  0.  0.] -1 57.4444969177
413 [ 0.  1.  0.  0.] -1 56.1614076614
414 [ 0.  1.  0.  0.] -1 57.2040687561
415 [ 0.  1.  0.  0.] -1 56.8673591614
416 [ 0.  1.  0.  0.] -1 57.6225240707
417 [ 0.  1.  0.  0.] -1 53.4244354248
418 [ 0.  1.  0.  0.] -1 57.2037607193
419 [ 0.  1.  0.  0.] -1 50.1762670517
420 [ 0.  1.  0.  0.] -1 50.6677669525
421 [ 0.  1.  0.  0.] -1 47.9555681229
422 [ 0.  1.  0.  0.] 0 48.9555681229
423 [ 0.  0.  1.  0.] -2 32.8910932541
424 [ 0.  0.  1.  0.] -1 34.3067834854
425 [ 0.  0.  1.  0.] -1 33.2264005661
426 [ 0.  0.  1.  0.] -1 33.515766716
427 [ 0.  0.  1.  0.] -1 33.6498786926
428 [ 0.  0.  1.  0.] -1 34.2894319534
429 [ 0.  0.  1.  0.] -1 32.7543069839
430 [ 0.  0.  1.  0.] -1 30.2165620804
431 [ 0.  0.  1.  0.] -1 30.322722435
432 [ 0.  0.  1.  0.] -1 30.6448057175
433 [ 0.  0.  1.  0.] -1 29.2452876091
434 [ 0.  0.  1.  0.] 0 30.2452876091
435 [ 0.  1.  0.  0.] -2 31.6786096573
436 [ 0.  1.  0.  0.] -1 33.297252655
437 [ 0.  1.  0.  0.] -1 33.1128726959
438 [ 0.  1.  0.  0.] -1 36.5264640808
439 [ 0.  1.  0.  0.] -1 38.3240690231
440 [ 0.  1.  0.  0.] -1 40.6161527634
441 [ 0.  1.  0.  0.] -1 41.0237398148
442 [ 0.  1.  0.  0.] -1 46.5768787384
443 [ 0.  1.  0.  0.] -1 49.0713535309
444 [ 0.  1.  0.  0.] -1 50.6087253571
445 [ 0.  1.  0.  0.] -1 47.2563861847
446 [ 0.  1.  0.  0.] 0 48.2563861847
447 [ 0.  0.  1.  0.] -2 23.6560828209
448 [ 0.  0.  1.  0.] -1 24.2207362175
449 [ 0.  0.  1.  0.] -1 28.2727175713
450 [ 0.  0.  1.  0.] -1 27.6792683601
451 [ 0.  0.  1.  0.] -1 27.5218941689
452 [ 0.  0.  1.  0.] -1 27.9088971138
453 [ 0.  0.  1.  0.] -1 29.2144042015
454 [ 0.  0.  1.  0.] -1 19.6969530106
455 [ 0.  0.  1.  0.] -1 19.7739513397
456 [ 0.  0.  1.  0.] -1 20.0265161514
457 [ 0.  0.  1.  0.] -1 20.3447634697
458 [ 0.  0.  1.  0.] 0 21.3447634697
459 [ 0.  1.  0.  0.] -2 36.2097730637
460 [ 0.  1.  0.  0.] -1 38.3303928375
461 [ 0.  1.  0.  0.] -1 39.1128643036
462 [ 0.  1.  0.  0.] -1 39.3010168076
463 [ 0.  1.  0.  0.] -1 39.6446228027
464 [ 0.  1.  0.  0.] -1 41.7477132797
465 [ 0.  1.  0.  0.] -1 40.9683729172
466 [ 0.  1.  0.  0.] -1 45.7265956879
467 [ 0.  1.  0.  0.] -1 43.9567901611
468 [ 0.  1.  0.  0.] -1 46.1559808731
469 [ 0.  1.  0.  0.] -1 45.5951763153
470 [ 0.  1.  0.  0.] 0 46.5951763153
471 [ 1.  0.  0.  0.] -2 55.4282182693
472 [ 1.  0.  0.  0.] -1 56.5364406586
473 [ 1.  0.  0.  0.] -1 59.9212215424
474 [ 1.  0.  0.  0.] -1 61.0191879272
475 [ 1.  0.  0.  0.] -1 61.9757762909
476 [ 1.  0.  0.  0.] -1 61.2165634155
477 [ 1.  0.  0.  0.] -1 56.8113761902
478 [ 1.  0.  0.  0.] -1 55.8735925674
479 [ 1.  0.  0.  0.] -1 55.2326911926
480 [ 1.  0.  0.  0.] -1 54.8958330154
481 [ 1.  0.  0.  0.] -1 41.8226531982
482 [ 1.  0.  0.  0.] 0 42.8226531982
483 [ 0.  1.  0.  0.] -2 45.9433374405
484 [ 0.  1.  0.  0.] -1 45.4378202438
485 [ 0.  1.  0.  0.] -1 44.1863935471
486 [ 0.  1.  0.  0.] -1 47.8278343201
487 [ 0.  1.  0.  0.] -1 49.9944129944
488 [ 0.  1.  0.  0.] -1 52.291566658
489 [ 0.  1.  0.  0.] -1 50.8569885254
490 [ 0.  1.  0.  0.] -1 44.5505401611
491 [ 0.  1.  0.  0.] -1 43.9872314453
492 [ 0.  1.  0.  0.] -1 42.7387800217
493 [ 0.  1.  0.  0.] -1 42.0314840317
494 [ 0.  1.  0.  0.] -1 37.4775802612
495 [ 0.  1.  0.  0.] -1 37.774089241
496 [ 0.  1.  0.  0.] -1 37.7876319885
497 [ 0.  1.  0.  0.] 9 48.8746250153
498 [ 0.  1.  0.  0.] -1 40.9690216064
499 [ 0.  1.  0.  0.] -1 42.2680671692
500 [ 0.  1.  0.  0.] -1 43.7993797302
501 [ 0.  1.  0.  0.] 9 54.919626236
502 [ 0.  1.  0.  0.] -1 50.1301956177
503 [ 0.  1.  0.  0.] -1 51.7711004257
504 [ 0.  1.  0.  0.] -1 53.3545110703
505 [ 0.  1.  0.  0.] 9 65.5178354263
506 [ 0.  1.  0.  0.] -1 57.3938013077
507 [ 0.  1.  0.  0.] -1 60.1054855347
508 [ 0.  1.  0.  0.] -1 60.5382228851
509 [ 0.  1.  0.  0.] 9 71.4450107574
510 [ 0.  1.  0.  0.] -1 53.2418130875
511 [ 0.  1.  0.  0.] -1 53.5212060928
512 [ 0.  1.  0.  0.] -1 54.8106590271
513 [ 0.  1.  0.  0.] 9 66.8696966171
514 [ 0.  1.  0.  0.] -1 59.0700796127
515 [ 0.  1.  0.  0.] -1 60.4291706085
516 [ 0.  1.  0.  0.] -1 60.5448619843
517 [ 0.  1.  0.  0.] 9 72.2248439789
518 [ 0.  1.  0.  0.] 0 63.2248439789
519 [ 0.  0.  1.  0.] -2 41.6674350739
520 [ 0.  0.  1.  0.] -1 43.4585351944
521 [ 0.  0.  1.  0.] 9 56.6436683655
522 [ 0.  0.  1.  0.] -1 49.89960289
523 [ 0.  0.  1.  0.] -1 49.2843736649
524 [ 0.  0.  1.  0.] -1 49.4989412308
525 [ 0.  0.  1.  0.] 9 62.3806835175
526 [ 0.  0.  1.  0.] -1 39.6641197205
527 [ 0.  0.  1.  0.] -1 39.309457016
528 [ 0.  0.  1.  0.] -1 39.6227521896
529 [ 0.  0.  1.  0.] 9 51.6262598038
530 [ 0.  0.  1.  0.] 0 42.6262598038
531 [ 0.  0.  0.  1.] -2 36.1652563095
532 [ 0.  0.  0.  1.] -1 37.2188329697
533 [ 0.  0.  0.  1.] -1 31.7851470947
534 [ 0.  0.  0.  1.] -1 31.8842842102
535 [ 0.  0.  0.  1.] -1 32.1033128738
536 [ 0.  0.  0.  1.] -1 32.0855880737
537 [ 0.  0.  0.  1.] -1 34.846692276
538 [ 0.  0.  0.  1.] -1 35.0225812912
539 [ 0.  0.  0.  1.] -1 37.4240180969
540 [ 0.  0.  0.  1.] -1 36.2915769577
541 [ 0.  0.  0.  1.] -1 31.5611644745
542 [ 0.  0.  0.  1.] 0 32.5611644745
543 [ 0.  0.  1.  0.] -2 35.207493782
544 [ 0.  0.  1.  0.] -1 36.2947950363
545 [ 0.  0.  1.  0.] -1 38.2959615707
546 [ 0.  0.  1.  0.] -1 47.8599498749
547 [ 0.  0.  1.  0.] -1 44.6765924454
548 [ 0.  0.  1.  0.] -1 44.6071029663
549 [ 0.  0.  1.  0.] -1 51.0324028015
550 [ 0.  0.  1.  0.] -1 62.3126960754
551 [ 0.  0.  1.  0.] -1 59.7686418533
552 [ 0.  0.  1.  0.] -1 59.2943304062
553 [ 0.  0.  1.  0.] -1 58.9253168106
554 [ 0.  0.  1.  0.] 0 59.9253168106
555 [ 0.  0.  0.  1.] -2 44.1168169022
556 [ 0.  0.  0.  1.] -1 47.0008424759
557 [ 0.  0.  0.  1.] -1 46.2340917587
558 [ 0.  0.  0.  1.] -1 43.5814092636
559 [ 0.  0.  0.  1.] -1 46.9579854965
560 [ 0.  0.  0.  1.] -1 50.7531040192
561 [ 0.  0.  0.  1.] -1 49.7823749542
562 [ 0.  0.  0.  1.] -1 48.6960197449
563 [ 0.  0.  0.  1.] -1 52.0345842361
564 [ 0.  0.  0.  1.] -1 53.6532487869
565 [ 0.  0.  0.  1.] -1 55.6631019592
566 [ 0.  0.  0.  1.] 0 56.6631019592
567 [ 0.  0.  1.  0.] -2 57.1283639908
568 [ 0.  0.  1.  0.] -1 62.5417667389
569 [ 0.  0.  1.  0.] -1 68.2267417908
570 [ 0.  0.  1.  0.] -1 78.1803024292
571 [ 0.  0.  1.  0.] -1 83.2542339325
572 [ 0.  0.  1.  0.] -1 86.7911487579
573 [ 0.  0.  1.  0.] -1 94.4698757172
574 [ 0.  0.  1.  0.] -1 116.745727539
575 [ 0.  0.  1.  0.] -1 114.483867645
576 [ 0.  0.  1.  0.] -1 119.259409332
577 [ 0.  0.  1.  0.] -1 120.110823059
578 [ 0.  0.  1.  0.] -1 143.904788971
579 [ 0.  0.  1.  0.] -1 140.772902679
580 [ 0.  0.  1.  0.] -1 145.483908844
581 [ 0.  0.  1.  0.] -1 143.286004639
582 [ 0.  0.  1.  0.] -1 109.875426865
583 [ 0.  0.  1.  0.] -1 111.396084976
584 [ 0.  0.  1.  0.] -1 113.846485138
585 [ 0.  0.  1.  0.] -1 112.51864357
586 [ 0.  0.  1.  0.] -1 116.016325378
587 [ 0.  0.  1.  0.] -1 119.935329056
588 [ 0.  0.  1.  0.] -1 121.451196289
589 [ 0.  0.  1.  0.] 9 137.29641571
590 [ 0.  0.  1.  0.] 0 128.29641571
591 [ 0.  1.  0.  0.] -2 152.306970978
592 [ 0.  1.  0.  0.] -1 148.369220734
593 [ 0.  1.  0.  0.] 9 160.780851746
594 [ 0.  1.  0.  0.] -1 153.731221008
595 [ 0.  1.  0.  0.] -1 160.196239471
596 [ 0.  1.  0.  0.] -1 157.197686005
597 [ 0.  1.  0.  0.] 9 165.252082062
598 [ 0.  1.  0.  0.] -1 166.906788635
599 [ 0.  1.  0.  0.] -1 165.012181091
600 [ 0.  1.  0.  0.] -1 165.013964081
601 [ 0.  1.  0.  0.] 9 160.921794891
602 [ 0.  1.  0.  0.] 0 151.921794891
603 [ 0.  0.  1.  0.] -2 106.58573494
604 [ 0.  0.  1.  0.] -1 106.233322906
605 [ 0.  0.  1.  0.] 9 121.776093674
606 [ 0.  0.  1.  0.] -1 139.26013031
607 [ 0.  0.  1.  0.] -1 134.503230286
608 [ 0.  0.  1.  0.] -1 134.43130188
609 [ 0.  0.  1.  0.] 9 161.721820831
610 [ 0.  0.  1.  0.] -1 140.043616486
611 [ 0.  0.  1.  0.] -1 138.06648407
612 [ 0.  0.  1.  0.] -1 136.861618042
613 [ 0.  0.  1.  0.] 9 152.465713501
614 [ 0.  0.  1.  0.] -1 121.500830078
615 [ 0.  0.  1.  0.] -1 122.380960083
616 [ 0.  0.  1.  0.] -1 122.057659149
617 [ 0.  0.  1.  0.] 9 133.793580627
618 [ 0.  0.  1.  0.] -1 129.152594757
619 [ 0.  0.  1.  0.] -1 128.82958374
620 [ 0.  0.  1.  0.] -1 128.621162415
621 [ 0.  0.  1.  0.] 9 140.333151245
622 [ 0.  0.  1.  0.] -1 135.229066467
623 [ 0.  0.  1.  0.] -1 134.599932098
624 [ 0.  0.  1.  0.] -1 134.882485199
625 [ 0.  0.  1.  0.] 9 146.475709534
626 [ 0.  0.  1.  0.] -1 147.06529007
627 [ 0.  0.  1.  0.] -1 146.207686615
628 [ 0.  0.  1.  0.] -1 152.309381104
629 [ 0.  0.  1.  0.] 9 175.603988647
630 [ 0.  0.  1.  0.] 0 166.603988647
631 [ 0.  1.  0.  0.] -2 217.93132019
632 [ 0.  1.  0.  0.] -1 221.02359314
633 [ 0.  1.  0.  0.] 9 235.77802887
634 [ 0.  1.  0.  0.] -1 224.24136734
635 [ 0.  1.  0.  0.] -1 224.349172974
636 [ 0.  1.  0.  0.] -1 228.42457962
637 [ 0.  1.  0.  0.] 9 241.013915253
638 [ 0.  1.  0.  0.] -1 246.787994385
639 [ 0.  1.  0.  0.] -1 251.084854126
640 [ 0.  1.  0.  0.] -1 254.144927979
641 [ 0.  1.  0.  0.] 9 266.055307007
642 [ 0.  1.  0.  0.] -1 257.518257141
643 [ 0.  1.  0.  0.] -1 260.900660706
644 [ 0.  1.  0.  0.] -1 262.800312805
645 [ 0.  1.  0.  0.] 9 271.499716187
646 [ 0.  1.  0.  0.] -1 286.063397217
647 [ 0.  1.  0.  0.] -1 290.734133911
648 [ 0.  1.  0.  0.] -1 294.578665161
649 [ 0.  1.  0.  0.] 9 305.497412109
650 [ 0.  1.  0.  0.] 0 296.497412109
651 [ 1.  0.  0.  0.] -2 269.257064819
652 [ 1.  0.  0.  0.] -1 272.764672852
653 [ 1.  0.  0.  0.] 49 881.27387085
654 [ 1.  0.  0.  0.] -1 844.873355103
655 [ 1.  0.  0.  0.] -1 828.043209839
656 [ 1.  0.  0.  0.] -1 794.516165161
657 [ 1.  0.  0.  0.] 9 606.690493774
658 [ 1.  0.  0.  0.] -1 600.39487915
659 [ 1.  0.  0.  0.] -1 563.83182373
660 [ 1.  0.  0.  0.] -1 568.786621094
661 [ 1.  0.  0.  0.] 9 518.245806885
662 [ 1.  0.  0.  0.] 0 509.245806885
663 [ 0.  0.  0.  1.] -2 324.25930481
664 [ 0.  0.  0.  1.] -1 314.058100891
665 [ 0.  0.  0.  1.] 9 316.141917419
666 [ 0.  0.  0.  1.] -1 309.986825562
667 [ 0.  0.  0.  1.] -1 311.067201233
668 [ 0.  0.  0.  1.] -1 316.798831177
669 [ 0.  0.  0.  1.] 9 313.338941956
670 [ 0.  0.  0.  1.] 0 304.338941956
671 [ 1.  0.  0.  0.] -2 530.761264038
672 [ 1.  0.  0.  0.] -1 523.375067139
673 [ 1.  0.  0.  0.] 9 515.243774414
674 [ 1.  0.  0.  0.] -1 504.810580444
675 [ 1.  0.  0.  0.] -1 511.512997437
676 [ 1.  0.  0.  0.] -1 514.077719116
677 [ 1.  0.  0.  0.] 9 570.527987671
678 [ 1.  0.  0.  0.] -1 561.266116333
679 [ 1.  0.  0.  0.] -1 564.168127441
680 [ 1.  0.  0.  0.] -1 558.98336792
681 [ 1.  0.  0.  0.] 9 496.994311523
682 [ 1.  0.  0.  0.] -1 480.594567871
683 [ 1.  0.  0.  0.] -1 494.924874878
684 [ 1.  0.  0.  0.] -1 491.359185791
685 [ 1.  0.  0.  0.] 9 465.414581299
686 [ 1.  0.  0.  0.] 0 456.414581299
687 [ 0.  1.  0.  0.] -2 341.35521698
688 [ 0.  1.  0.  0.] -1 337.272711182
689 [ 0.  1.  0.  0.] -1 334.067823792
690 [ 0.  1.  0.  0.] -1 434.406065369
691 [ 0.  1.  0.  0.] -1 484.95947113
692 [ 0.  1.  0.  0.] -1 467.388616943
693 [ 0.  1.  0.  0.] -1 485.208654785
694 [ 0.  1.  0.  0.] -1 551.677285767
695 [ 0.  1.  0.  0.] -1 585.030264282
696 [ 0.  1.  0.  0.] -1 603.264013672
697 [ 0.  1.  0.  0.] -1 621.608395386
698 [ 0.  1.  0.  0.] -1 224.716686249
699 [ 0.  1.  0.  0.] -1 211.424934387
700 [ 0.  1.  0.  0.] -1 208.991400146
701 [ 0.  1.  0.  0.] -1 205.993948364
702 [ 0.  1.  0.  0.] -1 200.730954742
703 [ 0.  1.  0.  0.] -1 176.138687897
704 [ 0.  1.  0.  0.] -1 166.520532227
705 [ 0.  1.  0.  0.] -1 157.939743042
706 [ 0.  1.  0.  0.] -1 152.73092041
707 [ 0.  1.  0.  0.] -1 166.908673096
708 [ 0.  1.  0.  0.] -1 170.616914368
709 [ 0.  1.  0.  0.] -1 169.027531433
710 [ 0.  1.  0.  0.] 9 173.449658966
711 [ 0.  1.  0.  0.] 0 164.449658966
712 [ 1.  0.  0.  0.] -2 338.626808167
713 [ 1.  0.  0.  0.] -1 338.840640259
714 [ 1.  0.  0.  0.] 9 278.062306213
715 [ 1.  0.  0.  0.] -1 308.362101746
716 [ 1.  0.  0.  0.] -1 297.811268616
717 [ 1.  0.  0.  0.] -1 299.424772644
718 [ 1.  0.  0.  0.] 9 337.449627686
719 [ 1.  0.  0.  0.] -1 368.094337463
720 [ 1.  0.  0.  0.] -1 351.709823608
721 [ 1.  0.  0.  0.] -1 349.168904114
722 [ 1.  0.  0.  0.] 9 353.980723572
723 [ 1.  0.  0.  0.] 0 344.980723572
724 [ 0.  1.  0.  0.] -2 110.874839401
725 [ 0.  1.  0.  0.] -1 103.565847397
726 [ 0.  1.  0.  0.] -1 101.553461075
727 [ 0.  1.  0.  0.] -1 112.142874908
728 [ 0.  1.  0.  0.] -1 116.446504211
729 [ 0.  1.  0.  0.] -1 125.228379822
730 [ 0.  1.  0.  0.] -1 132.452024078
731 [ 0.  1.  0.  0.] -1 115.816630554
732 [ 0.  1.  0.  0.] -1 123.014602661
733 [ 0.  1.  0.  0.] -1 131.501966095
734 [ 0.  1.  0.  0.] -1 140.635177612
735 [ 0.  1.  0.  0.] -1 119.279304886
736 [ 0.  1.  0.  0.] -1 126.643073273
737 [ 0.  1.  0.  0.] -1 133.754026794
738 [ 0.  1.  0.  0.] -1 142.894486237
739 [ 0.  1.  0.  0.] -1 179.821720886
740 [ 0.  1.  0.  0.] -1 191.264063263
741 [ 0.  1.  0.  0.] -1 214.858885193
742 [ 0.  1.  0.  0.] -1 225.762996674
743 [ 0.  1.  0.  0.] -1 253.877218628
744 [ 0.  1.  0.  0.] -1 252.106115723
745 [ 0.  1.  0.  0.] -1 284.357206726
746 [ 0.  1.  0.  0.] -1 290.252610779
747 [ 0.  1.  0.  0.] -1 619.746780396
748 [ 0.  1.  0.  0.] -1 769.115493774
749 [ 0.  1.  0.  0.] -1 815.164169312
750 [ 0.  1.  0.  0.] -1 832.150695801
751 [ 0.  1.  0.  0.] -1 985.608978271
752 [ 0.  1.  0.  0.] -1 1090.4046936
753 [ 0.  1.  0.  0.] -1 1157.15425415
754 [ 0.  1.  0.  0.] -1 1199.85102539
755 [ 0.  1.  0.  0.] -1 1588.25595093
756 [ 0.  1.  0.  0.] -1 1684.35369263
757 [ 0.  1.  0.  0.] -1 1746.02297974
758 [ 0.  1.  0.  0.] -1 1791.66124878
759 [ 0.  1.  0.  0.] -1 1951.35854492
760 [ 0.  1.  0.  0.] -1 1955.95778809
761 [ 0.  1.  0.  0.] -1 1970.83516846
762 [ 0.  1.  0.  0.] 2999 3039.18959084
763 [ 0.  1.  0.  0.] -1 40.3108919144
764 [ 0.  1.  0.  0.] -1 42.1295593262
765 [ 0.  1.  0.  0.] -1 42.3061260223
766 [ 0.  1.  0.  0.] -1 41.5469566345
767 [ 0.  1.  0.  0.] -1 47.284406662
768 [ 0.  1.  0.  0.] -1 47.9810337067
769 [ 0.  1.  0.  0.] -1 47.3415964127
770 [ 0.  1.  0.  0.] -1 47.4911211014
771 [ 0.  1.  0.  0.] -1 47.5390117645
772 [ 0.  1.  0.  0.] -1 47.8897062302
773 [ 0.  1.  0.  0.] -1 47.5180072784
774 [ 0.  1.  0.  0.] -1 46.3422525406
775 [ 0.  1.  0.  0.] -1 47.9519332886
776 [ 0.  1.  0.  0.] -1 48.1762928009
777 [ 0.  1.  0.  0.] -1 48.2497577667
778 [ 0.  1.  0.  0.] -1 47.3918317795
779 [ 0.  1.  0.  0.] -1 47.7183290482
780 [ 0.  1.  0.  0.] -1 47.4984306335
781 [ 0.  1.  0.  0.] -1 47.7823934555
782 [ 0.  1.  0.  0.] -1 46.9786384583
783 [ 0.  1.  0.  0.] -1 45.2175739288
784 [ 0.  1.  0.  0.] -1 45.559353447
785 [ 0.  1.  0.  0.] -1 45.3260391235
786 [ 0.  1.  0.  0.] -1 45.2415464401
787 [ 0.  1.  0.  0.] -1 45.7083345413
788 [ 0.  1.  0.  0.] -1 45.864607048
789 [ 0.  1.  0.  0.] -1 46.4205554962
790 [ 0.  1.  0.  0.] -1 45.766194725
791 [ 0.  1.  0.  0.] -1 44.1418151855
792 [ 0.  1.  0.  0.] -1 43.4428543091
793 [ 0.  1.  0.  0.] -1 43.3748941422
794 [ 0.  1.  0.  0.] -1 43.2326282501
795 [ 0.  1.  0.  0.] -1 39.1547065735
796 [ 0.  1.  0.  0.] -1 39.2634290695
797 [ 0.  1.  0.  0.] -1 39.1345464706
798 [ 0.  1.  0.  0.] -1 38.4172266006
799 [ 0.  1.  0.  0.] -1 34.6958086014
800 [ 0.  1.  0.  0.] -1 35.2315389633
801 [ 0.  1.  0.  0.] -1 93.7986091614
802 [ 0.  1.  0.  0.] -1 94.4845817566
803 [ 0.  1.  0.  0.] -1 90.360295105
804 [ 0.  1.  0.  0.] -1 90.5131828308
805 [ 0.  1.  0.  0.] -1 90.4902359009
806 [ 0.  1.  0.  0.] 9 101.00194664
807 [ 0.  1.  0.  0.] 0 92.00194664
808 [ 1.  0.  0.  0.] -2 98.3354003906
809 [ 1.  0.  0.  0.] -1 100.094163895
810 [ 1.  0.  0.  0.] 9 66.2337093353
811 [ 1.  0.  0.  0.] -1 56.6629640579
812 [ 1.  0.  0.  0.] -1 56.363961792
813 [ 1.  0.  0.  0.] -1 55.8138841629
814 [ 1.  0.  0.  0.] 9 64.8205596924
815 [ 1.  0.  0.  0.] -1 55.3251312256
816 [ 1.  0.  0.  0.] -1 55.2894207001
817 [ 1.  0.  0.  0.] -1 56.7627716064
818 [ 1.  0.  0.  0.] 9 71.270879364
819 [ 1.  0.  0.  0.] -1 62.904757309
820 [ 1.  0.  0.  0.] -1 63.5642894745
821 [ 1.  0.  0.  0.] -1 63.6965133667
822 [ 1.  0.  0.  0.] 9 86.506444931
823 [ 1.  0.  0.  0.] -1 75.7539726257
824 [ 1.  0.  0.  0.] -1 76.5311603546
825 [ 1.  0.  0.  0.] -1 79.4823123932
826 [ 1.  0.  0.  0.] 9 76.744657135
827 [ 1.  0.  0.  0.] -1 68.7948703766
828 [ 1.  0.  0.  0.] -1 68.8073802948
829 [ 1.  0.  0.  0.] -1 68.3003009796
830 [ 1.  0.  0.  0.] -1 72.2363517761
831 [ 1.  0.  0.  0.] -1 72.5898113251
832 [ 1.  0.  0.  0.] -1 71.0639202118
833 [ 1.  0.  0.  0.] -1 71.5399494171
834 [ 1.  0.  0.  0.] -1 71.2188228607
835 [ 1.  0.  0.  0.] -1 72.2074398041
836 [ 1.  0.  0.  0.] -1 71.8999320984
837 [ 1.  0.  0.  0.] -1 72.6978126526
838 [ 1.  0.  0.  0.] -1 67.7624614716
839 [ 1.  0.  0.  0.] -1 67.0079452515
840 [ 1.  0.  0.  0.] -1 65.8589897156
841 [ 1.  0.  0.  0.] -1 67.1579048157
842 [ 1.  0.  0.  0.] -1 83.5799411774
843 [ 1.  0.  0.  0.] 0 84.5799411774
844 [ 0.  0.  0.  1.] -2 41.6051319122
845 [ 0.  0.  0.  1.] -1 42.2969247818
846 [ 0.  0.  0.  1.] -1 35.4702783585
847 [ 0.  0.  0.  1.] -1 34.4512056351
848 [ 0.  0.  0.  1.] -1 33.9240205765
849 [ 0.  0.  0.  1.] -1 34.0829603195
850 [ 0.  0.  0.  1.] -1 35.3699562073
851 [ 0.  0.  0.  1.] -1 36.0896425247
852 [ 0.  0.  0.  1.] -1 35.9599155426
853 [ 0.  0.  0.  1.] -1 35.6775617599
854 [ 0.  0.  0.  1.] -1 27.2829409599
855 [ 0.  0.  0.  1.] -1 25.1838622093
856 [ 0.  0.  0.  1.] -1 24.1030444145
857 [ 0.  0.  0.  1.] -1 23.6344823837
858 [ 0.  0.  0.  1.] -1 21.5764522552
859 [ 0.  0.  0.  1.] -1 21.3819922447
860 [ 0.  0.  0.  1.] -1 21.404330349
861 [ 0.  0.  0.  1.] -1 21.4710783005
862 [ 0.  0.  0.  1.] -1 23.0460958481
863 [ 0.  0.  0.  1.] -1 24.2250614166
864 [ 0.  0.  0.  1.] -1 24.8051400185
865 [ 0.  0.  0.  1.] -1 26.159338665
866 [ 0.  0.  0.  1.] -1 23.9340028763
867 [ 0.  0.  0.  1.] -1 24.6737605095
868 [ 0.  0.  0.  1.] -1 26.1082045555
869 [ 0.  0.  0.  1.] -1 26.9456406593
870 [ 0.  0.  0.  1.] -1 21.393532753
871 [ 0.  0.  0.  1.] -1 22.0301379204
872 [ 0.  0.  0.  1.] -1 22.2169368744
873 [ 0.  0.  0.  1.] -1 22.2069021225
874 [ 0.  0.  0.  1.] -1 22.1960012436
875 [ 0.  0.  0.  1.] -1 24.0363218307
876 [ 0.  0.  0.  1.] -1 26.7136961937
877 [ 0.  0.  0.  1.] -1 24.3740878105
878 [ 0.  0.  0.  1.] -1 19.529576683
879 [ 0.  0.  0.  1.] 0 20.529576683
880 [ 0.  0.  1.  0.] -2 27.8994401932
881 [ 0.  0.  1.  0.] -1 29.9183570862
882 [ 0.  0.  1.  0.] -1 32.8066261292
883 [ 0.  0.  1.  0.] -1 34.2833400726
884 [ 0.  0.  1.  0.] -1 32.0905818939
885 [ 0.  0.  1.  0.] -1 32.2464521408
886 [ 0.  0.  1.  0.] -1 35.364581871
887 [ 0.  0.  1.  0.] -1 21.7553346634
888 [ 0.  0.  1.  0.] -1 21.145233345
889 [ 0.  0.  1.  0.] -1 21.9597750664
890 [ 0.  0.  1.  0.] -1 24.6296061516
891 [ 0.  0.  1.  0.] 0 25.6296061516
892 [ 0.  1.  0.  0.] -2 36.9905485153
893 [ 0.  1.  0.  0.] -1 38.0681484222
894 [ 0.  1.  0.  0.] -1 35.2201488495
895 [ 0.  1.  0.  0.] -1 40.5021900177
896 [ 0.  1.  0.  0.] -1 37.789128685
897 [ 0.  1.  0.  0.] -1 41.1581344604
898 [ 0.  1.  0.  0.] -1 39.6440538406
899 [ 0.  1.  0.  0.] -1 46.3055019379
900 [ 0.  1.  0.  0.] -1 45.2115182877
901 [ 0.  1.  0.  0.] -1 44.7601320267
902 [ 0.  1.  0.  0.] -1 41.9717937469
903 [ 0.  1.  0.  0.] 0 42.9717937469
904 [ 0.  0.  1.  0.] -2 28.2658535957
905 [ 0.  0.  1.  0.] -1 29.6613565445
906 [ 0.  0.  1.  0.] -1 31.2891027451
907 [ 0.  0.  1.  0.] -1 51.1565126419
908 [ 0.  0.  1.  0.] -1 49.2528053284
909 [ 0.  0.  1.  0.] -1 49.1825439453
910 [ 0.  0.  1.  0.] -1 53.7760793686
911 [ 0.  0.  1.  0.] -1 56.7902557373
912 [ 0.  0.  1.  0.] -1 54.4166002274
913 [ 0.  0.  1.  0.] -1 58.1210073471
914 [ 0.  0.  1.  0.] -1 59.077961731
915 [ 0.  0.  1.  0.] 0 60.077961731
916 [ 0.  1.  0.  0.] -2 55.2443311691
917 [ 0.  1.  0.  0.] -1 54.0731319427
918 [ 0.  1.  0.  0.] -1 57.5105363846
919 [ 0.  1.  0.  0.] -1 70.6289505005
920 [ 0.  1.  0.  0.] -1 69.9035564423
921 [ 0.  1.  0.  0.] -1 66.8928916931
922 [ 0.  1.  0.  0.] -1 71.8327438354
923 [ 0.  1.  0.  0.] -1 66.9800987244
924 [ 0.  1.  0.  0.] -1 62.9009159088
925 [ 0.  1.  0.  0.] -1 63.0354301453
926 [ 0.  1.  0.  0.] -1 62.8442878723
927 [ 0.  1.  0.  0.] 0 63.8442878723
928 [ 1.  0.  0.  0.] -2 81.1440402985
929 [ 1.  0.  0.  0.] -1 84.3997467041
930 [ 1.  0.  0.  0.] -1 81.5020336151
931 [ 1.  0.  0.  0.] -1 79.1446170807
932 [ 1.  0.  0.  0.] -1 80.6082920074
933 [ 1.  0.  0.  0.] -1 80.3227600098
934 [ 1.  0.  0.  0.] -1 58.6389947891
935 [ 1.  0.  0.  0.] -1 57.0937807083
936 [ 1.  0.  0.  0.] -1 56.974581337
937 [ 1.  0.  0.  0.] -1 54.2118209839
938 [ 1.  0.  0.  0.] -1 52.3383085251
939 [ 1.  0.  0.  0.] 0 53.3383085251
940 [ 0.  1.  0.  0.] -2 52.2745084763
941 [ 0.  1.  0.  0.] -1 52.0938940048
942 [ 0.  1.  0.  0.] -1 48.2751689911
943 [ 0.  1.  0.  0.] -1 51.3396314621
944 [ 0.  1.  0.  0.] -1 49.5108459473
945 [ 0.  1.  0.  0.] -1 53.4729240417
946 [ 0.  1.  0.  0.] -1 51.6269428253
947 [ 0.  1.  0.  0.] -1 56.7718278885
948 [ 0.  1.  0.  0.] -1 56.3814474106
949 [ 0.  1.  0.  0.] -1 57.0010290146
950 [ 0.  1.  0.  0.] -1 54.8034690857
951 [ 0.  1.  0.  0.] -1 52.1256906509
952 [ 0.  1.  0.  0.] -1 53.291983223
953 [ 0.  1.  0.  0.] -1 53.5753444672
954 [ 0.  1.  0.  0.] -1 54.7242202759
955 [ 0.  1.  0.  0.] -1 64.812563324
956 [ 0.  1.  0.  0.] -1 70.2976623535
957 [ 0.  1.  0.  0.] -1 75.1377613068
958 [ 0.  1.  0.  0.] -1 75.5428768158
959 [ 0.  1.  0.  0.] -1 86.515278244
960 [ 0.  1.  0.  0.] -1 89.6232753754
961 [ 0.  1.  0.  0.] -1 93.0825286865
962 [ 0.  1.  0.  0.] -1 96.7101730347
963 [ 0.  1.  0.  0.] -1 65.0762355804
964 [ 0.  1.  0.  0.] -1 56.0020475388
965 [ 0.  1.  0.  0.] -1 53.875317955
966 [ 0.  1.  0.  0.] -1 53.8443185806
967 [ 0.  1.  0.  0.] -1 52.2139921188
968 [ 0.  1.  0.  0.] -1 40.4323381424
969 [ 0.  1.  0.  0.] -1 38.5546472549
970 [ 0.  1.  0.  0.] -1 38.9193954468
971 [ 0.  1.  0.  0.] -1 38.1005502701
972 [ 0.  1.  0.  0.] -1 38.1698331833
973 [ 0.  1.  0.  0.] -1 38.5043321609
974 [ 0.  1.  0.  0.] -1 38.9535005569
975 [ 0.  1.  0.  0.] 9 49.0111686707
976 [ 0.  1.  0.  0.] 0 40.0111686707
977 [ 1.  0.  0.  0.] -2 157.329101562
978 [ 1.  0.  0.  0.] -1 159.01971283
979 [ 1.  0.  0.  0.] 9 151.068371582
980 [ 1.  0.  0.  0.] -1 149.149271393
981 [ 1.  0.  0.  0.] -1 153.047350311
982 [ 1.  0.  0.  0.] -1 157.295025635
983 [ 1.  0.  0.  0.] 9 173.078956604
984 [ 1.  0.  0.  0.] -1 169.7069664
985 [ 1.  0.  0.  0.] -1 175.818300629
986 [ 1.  0.  0.  0.] -1 181.828569794
987 [ 1.  0.  0.  0.] 9 250.228796387
988 [ 1.  0.  0.  0.] 0 241.228796387
989 [ 0.  1.  0.  0.] -2 63.8464836121
990 [ 0.  1.  0.  0.] -1 63.7912075043
991 [ 0.  1.  0.  0.] 9 75.70184021
992 [ 0.  1.  0.  0.] -1 58.8316446304
993 [ 0.  1.  0.  0.] -1 56.9686307907
994 [ 0.  1.  0.  0.] -1 56.3749242783
995 [ 0.  1.  0.  0.] 9 65.6399847031
996 [ 0.  1.  0.  0.] -1 43.7200294495
997 [ 0.  1.  0.  0.] -1 43.5647281647
998 [ 0.  1.  0.  0.] -1 42.9706882477
999 [ 0.  1.  0.  0.] 9 53.271872139
1000 [ 0.  1.  0.  0.] -1 40.7286840439
1001 [ 0.  1.  0.  0.] -1 40.6276117325
1002 [ 0.  1.  0.  0.] -1 39.9635967255
1003 [ 0.  1.  0.  0.] 9 50.5089595795
1004 [ 0.  1.  0.  0.] -1 37.0096035004
1005 [ 0.  1.  0.  0.] -1 35.8220201492
1006 [ 0.  1.  0.  0.] -1 35.7704946518
1007 [ 0.  1.  0.  0.] 9 46.2671152115
1008 [ 0.  1.  0.  0.] -1 37.5147294998
1009 [ 0.  1.  0.  0.] -1 35.6016904831
1010 [ 0.  1.  0.  0.] -1 35.3095918655
1011 [ 0.  1.  0.  0.] -1 34.2723449707
1012 [ 0.  1.  0.  0.] 0 35.2723449707
1013 [ 1.  0.  0.  0.] -2 88.4116867065
1014 [ 1.  0.  0.  0.] -1 92.1488075256
1015 [ 1.  0.  0.  0.] -1 100.342050171
1016 [ 1.  0.  0.  0.] -1 100.368671799
1017 [ 1.  0.  0.  0.] -1 98.9790996552
1018 [ 1.  0.  0.  0.] -1 101.574885941
1019 [ 1.  0.  0.  0.] -1 91.2145427704
1020 [ 1.  0.  0.  0.] -1 94.2797336578
1021 [ 1.  0.  0.  0.] -1 93.0457309723
1022 [ 1.  0.  0.  0.] -1 98.0222576141
1023 [ 1.  0.  0.  0.] -1 85.2776081085
1024 [ 1.  0.  0.  0.] 0 86.2776081085
1025 [ 0.  0.  0.  1.] -2 44.9908369064
1026 [ 0.  0.  0.  1.] -1 48.0382741928
1027 [ 0.  0.  0.  1.] -1 48.1768690109
1028 [ 0.  0.  0.  1.] -1 49.1394187927
1029 [ 0.  0.  0.  1.] -1 49.7146177292
1030 [ 0.  0.  0.  1.] -1 50.8571479797
1031 [ 0.  0.  0.  1.] -1 56.9289773941
1032 [ 0.  0.  0.  1.] -1 62.2998962402
1033 [ 0.  0.  0.  1.] -1 65.8811393738
1034 [ 0.  0.  0.  1.] -1 69.136428833
1035 [ 0.  0.  0.  1.] -1 79.6978656769
1036 [ 0.  0.  0.  1.] -1 89.0510009766
1037 [ 0.  0.  0.  1.] -1 97.1813461304
1038 [ 0.  0.  0.  1.] -1 106.685339737
1039 [ 0.  0.  0.  1.] -1 126.296738434
1040 [ 0.  0.  0.  1.] -1 144.294104004
1041 [ 0.  0.  0.  1.] -1 153.952906036
1042 [ 0.  0.  0.  1.] -1 168.468136597
1043 [ 0.  0.  0.  1.] -1 187.256482697
1044 [ 0.  0.  0.  1.] -1 198.296666718
1045 [ 0.  0.  0.  1.] -1 197.587892151
1046 [ 0.  0.  0.  1.] -1 205.4025177
1047 [ 0.  0.  0.  1.] -1 292.986528015
1048 [ 0.  0.  0.  1.] 0 293.986528015
1049 [ 0.  0.  1.  0.] -2 186.967721558
1050 [ 0.  0.  1.  0.] -1 178.868357849
1051 [ 0.  0.  1.  0.] 9 177.75279541
1052 [ 0.  0.  1.  0.] -1 155.98886261
1053 [ 0.  0.  1.  0.] -1 146.423384857
1054 [ 0.  0.  1.  0.] -1 141.341313934
1055 [ 0.  0.  1.  0.] 9 138.634875488
1056 [ 0.  0.  1.  0.] -1 124.570355225
1057 [ 0.  0.  1.  0.] -1 119.663792801
1058 [ 0.  0.  1.  0.] -1 118.649735641
1059 [ 0.  0.  1.  0.] -1 110.275171661
1060 [ 0.  0.  1.  0.] -1 67.9759056091
1061 [ 0.  0.  1.  0.] -1 66.4420417786
1062 [ 0.  0.  1.  0.] -1 67.1132865906
1063 [ 0.  0.  1.  0.] -1 60.8571025848
1064 [ 0.  0.  1.  0.] -1 46.7415370941
1065 [ 0.  0.  1.  0.] -1 45.9865606308
1066 [ 0.  0.  1.  0.] -1 44.9946748734
1067 [ 0.  0.  1.  0.] -1 43.3699075699
1068 [ 0.  0.  1.  0.] -1 38.9022867203
1069 [ 0.  0.  1.  0.] -1 39.0572799683
1070 [ 0.  0.  1.  0.] -1 39.0157747269
1071 [ 0.  0.  1.  0.] -1 37.4223039627
1072 [ 0.  0.  1.  0.] 0 38.4223039627
1073 [ 0.  1.  0.  0.] -2 31.9215709686
1074 [ 0.  1.  0.  0.] -1 32.6003538132
1075 [ 0.  1.  0.  0.] -1 31.7027563095
1076 [ 0.  1.  0.  0.] -1 33.1944517136
1077 [ 0.  1.  0.  0.] -1 32.59584198
1078 [ 0.  1.  0.  0.] -1 33.4606716156
1079 [ 0.  1.  0.  0.] -1 32.2582735062
1080 [ 0.  1.  0.  0.] -1 32.2101617813
1081 [ 0.  1.  0.  0.] -1 32.2794157028
1082 [ 0.  1.  0.  0.] -1 32.6538217545
1083 [ 0.  1.  0.  0.] -1 32.032834053
1084 [ 0.  1.  0.  0.] 0 33.032834053
1085 [ 0.  0.  1.  0.] -2 28.6482704163
1086 [ 0.  0.  1.  0.] -1 29.3914999962
1087 [ 0.  0.  1.  0.] -1 28.4533847809
1088 [ 0.  0.  1.  0.] -1 25.3969240189
1089 [ 0.  0.  1.  0.] -1 25.6731351852
1090 [ 0.  0.  1.  0.] -1 25.6003931999
1091 [ 0.  0.  1.  0.] -1 24.5894127846
1092 [ 0.  0.  1.  0.] -1 22.5289509773
1093 [ 0.  0.  1.  0.] -1 22.6426093102
1094 [ 0.  0.  1.  0.] -1 22.1656125069
1095 [ 0.  0.  1.  0.] -1 21.9991512299
1096 [ 0.  0.  1.  0.] 0 22.9991512299
1097 [ 0.  1.  0.  0.] -2 31.6788705826
1098 [ 0.  1.  0.  0.] -1 31.9032302856
1099 [ 0.  1.  0.  0.] -1 34.7157077789
1100 [ 0.  1.  0.  0.] -1 36.2544132233
1101 [ 0.  1.  0.  0.] -1 35.8983118057
1102 [ 0.  1.  0.  0.] -1 36.0606653214
1103 [ 0.  1.  0.  0.] -1 40.3328748703
1104 [ 0.  1.  0.  0.] -1 43.3230062485
1105 [ 0.  1.  0.  0.] -1 42.8886236191
1106 [ 0.  1.  0.  0.] -1 43.5988912582
1107 [ 0.  1.  0.  0.] -1 45.2027011871
1108 [ 0.  1.  0.  0.] 0 46.2027011871
1109 [ 0.  0.  1.  0.] -2 32.4706302643
1110 [ 0.  0.  1.  0.] -1 34.7721618652
1111 [ 0.  0.  1.  0.] -1 39.8233638763
1112 [ 0.  0.  1.  0.] -1 42.7161121368
1113 [ 0.  0.  1.  0.] -1 42.2953048706
1114 [ 0.  0.  1.  0.] -1 42.7706781387
1115 [ 0.  0.  1.  0.] -1 47.9735466003
1116 [ 0.  0.  1.  0.] -1 50.888256073
1117 [ 0.  0.  1.  0.] -1 49.5066602707
1118 [ 0.  0.  1.  0.] -1 49.6070838928
1119 [ 0.  0.  1.  0.] -1 55.3455051422
1120 [ 0.  0.  1.  0.] -1 59.961838913
1121 [ 0.  0.  1.  0.] -1 58.1509086609
1122 [ 0.  0.  1.  0.] -1 58.5069774628
1123 [ 0.  0.  1.  0.] -1 64.7496368408
1124 [ 0.  0.  1.  0.] -1 54.7826892853
1125 [ 0.  0.  1.  0.] -1 53.8100358963
1126 [ 0.  0.  1.  0.] -1 53.4225400925
1127 [ 0.  0.  1.  0.] -1 57.2421022415
1128 [ 0.  0.  1.  0.] -1 55.0023956299
1129 [ 0.  0.  1.  0.] -1 55.5531328201
1130 [ 0.  0.  1.  0.] -1 55.397961998
1131 [ 0.  0.  1.  0.] 9 68.1039892197
1132 [ 0.  0.  1.  0.] 0 59.1039892197
1133 [ 0.  0.  0.  1.] -2 51.1837429047
1134 [ 0.  0.  0.  1.] -1 52.2619045258
1135 [ 0.  0.  0.  1.] 9 59.7041625977
1136 [ 0.  0.  0.  1.] -1 49.4429002762
1137 [ 0.  0.  0.  1.] -1 50.6309474945
1138 [ 0.  0.  0.  1.] -1 51.1557842255
1139 [ 0.  0.  0.  1.] 9 56.954756546
1140 [ 0.  0.  0.  1.] -1 48.1036830902
1141 [ 0.  0.  0.  1.] -1 49.42364254
1142 [ 0.  0.  0.  1.] -1 47.5958065033
1143 [ 0.  0.  0.  1.] 9 49.3454574585
1144 [ 0.  0.  0.  1.] 0 40.3454574585
1145 [ 0.  0.  1.  0.] -2 49.1782421112
1146 [ 0.  0.  1.  0.] -1 50.3526597977
1147 [ 0.  0.  1.  0.] 9 62.8232526779
1148 [ 0.  0.  1.  0.] -1 60.5000335693
1149 [ 0.  0.  1.  0.] -1 60.2481971741
1150 [ 0.  0.  1.  0.] -1 61.6792999268
1151 [ 0.  0.  1.  0.] 9 72.9656761169
1152 [ 0.  0.  1.  0.] -1 61.4845191956
1153 [ 0.  0.  1.  0.] -1 62.1422901154
1154 [ 0.  0.  1.  0.] -1 62.7203701019
1155 [ 0.  0.  1.  0.] 9 74.4528778076
1156 [ 0.  0.  1.  0.] -1 58.9021705627
1157 [ 0.  0.  1.  0.] -1 59.8051532745
1158 [ 0.  0.  1.  0.] -1 59.954315567
1159 [ 0.  0.  1.  0.] 9 70.9794403076
1160 [ 0.  0.  1.  0.] 0 61.9794403076
1161 [ 0.  0.  0.  1.] -2 56.288032341
1162 [ 0.  0.  0.  1.] -1 58.0681663513
1163 [ 0.  0.  0.  1.] 9 69.9610198975
1164 [ 0.  0.  0.  1.] -1 61.1324367523
1165 [ 0.  0.  0.  1.] -1 62.2370857239
1166 [ 0.  0.  0.  1.] -1 62.6893779755
1167 [ 0.  0.  0.  1.] 9 69.8115894318
1168 [ 0.  0.  0.  1.] -1 61.9270484924
1169 [ 0.  0.  0.  1.] -1 63.1003498077
1170 [ 0.  0.  0.  1.] -1 62.620798111
1171 [ 0.  0.  0.  1.] 9 78.8027633667
1172 [ 0.  0.  0.  1.] 0 69.8027633667
1173 [ 1.  0.  0.  0.] -2 66.0263767242
1174 [ 1.  0.  0.  0.] -1 66.4831447601
1175 [ 1.  0.  0.  0.] 9 69.8432266235
1176 [ 1.  0.  0.  0.] -1 60.3689331055
1177 [ 1.  0.  0.  0.] -1 60.2413913727
1178 [ 1.  0.  0.  0.] -1 61.1038581848
1179 [ 1.  0.  0.  0.] 9 71.8937515259
1180 [ 1.  0.  0.  0.] -1 62.7972270966
1181 [ 1.  0.  0.  0.] -1 62.5836090088
1182 [ 1.  0.  0.  0.] -1 62.93241539
1183 [ 1.  0.  0.  0.] 9 70.1323101044
1184 [ 1.  0.  0.  0.] -1 60.212733078
1185 [ 1.  0.  0.  0.] -1 60.2649833679
1186 [ 1.  0.  0.  0.] -1 61.256615448
1187 [ 1.  0.  0.  0.] -1 43.5501815796
1188 [ 1.  0.  0.  0.] -1 43.0486722946
1189 [ 1.  0.  0.  0.] -1 42.3990951538
1190 [ 1.  0.  0.  0.] -1 42.9588523865
1191 [ 1.  0.  0.  0.] -1 40.2084823608
1192 [ 1.  0.  0.  0.] -1 40.1565546036
1193 [ 1.  0.  0.  0.] -1 38.7727952957
1194 [ 1.  0.  0.  0.] -1 39.741857338
1195 [ 1.  0.  0.  0.] -1 45.2523929596
1196 [ 1.  0.  0.  0.] -1 45.8862312317
1197 [ 1.  0.  0.  0.] -1 43.8547937393
1198 [ 1.  0.  0.  0.] -1 43.0892244339
1199 [ 1.  0.  0.  0.] -1 39.9570989609
1200 [ 1.  0.  0.  0.] 0 40.9570989609
1201 [ 0.  1.  0.  0.] -2 36.3321832657
1202 [ 0.  1.  0.  0.] -1 36.2809877396
1203 [ 0.  1.  0.  0.] -1 36.6741586685
1204 [ 0.  1.  0.  0.] -1 43.0458637238
1205 [ 0.  1.  0.  0.] -1 46.0658239365
1206 [ 0.  1.  0.  0.] -1 48.2075458527
1207 [ 0.  1.  0.  0.] -1 50.5128570557
1208 [ 0.  1.  0.  0.] -1 54.1025947571
1209 [ 0.  1.  0.  0.] -1 56.0640535355
1210 [ 0.  1.  0.  0.] -1 59.5904407501
1211 [ 0.  1.  0.  0.] -1 61.5305797577
1212 [ 0.  1.  0.  0.] -1 61.5741542816
1213 [ 0.  1.  0.  0.] -1 65.6913669586
1214 [ 0.  1.  0.  0.] -1 67.9237930298
1215 [ 0.  1.  0.  0.] -1 70.7746482849
1216 [ 0.  1.  0.  0.] -1 79.3043395996
1217 [ 0.  1.  0.  0.] -1 83.3733318329
1218 [ 0.  1.  0.  0.] -1 90.014257431
1219 [ 0.  1.  0.  0.] -1 92.3347312927
1220 [ 0.  1.  0.  0.] -1 105.305342102
1221 [ 0.  1.  0.  0.] -1 103.135828018
1222 [ 0.  1.  0.  0.] -1 109.76538887
1223 [ 0.  1.  0.  0.] -1 110.134938812
1224 [ 0.  1.  0.  0.] -1 102.902988434
1225 [ 0.  1.  0.  0.] -1 108.34507103
1226 [ 0.  1.  0.  0.] -1 105.938665771
1227 [ 0.  1.  0.  0.] -1 105.328970337
1228 [ 0.  1.  0.  0.] -1 81.4430644989
1229 [ 0.  1.  0.  0.] -1 82.0616313934
1230 [ 0.  1.  0.  0.] -1 83.8091495514
1231 [ 0.  1.  0.  0.] -1 83.8809257507
1232 [ 0.  1.  0.  0.] -1 86.8384777069
1233 [ 0.  1.  0.  0.] -1 88.950522995
1234 [ 0.  1.  0.  0.] -1 85.8721191406
1235 [ 0.  1.  0.  0.] -1 79.1960193634
1236 [ 0.  1.  0.  0.] -1 44.5339931488
1237 [ 0.  1.  0.  0.] -1 42.754457283
1238 [ 0.  1.  0.  0.] -1 39.428399086
1239 [ 0.  1.  0.  0.] -101 -101
1240 [ 0.  1.  0.  0.] -2 13.8126344681
1241 [ 0.  1.  0.  0.] -1 15.5368181229
1242 [ 0.  1.  0.  0.] -1 15.8563483238
1243 [ 0.  1.  0.  0.] -1 16.4026117325
1244 [ 0.  1.  0.  0.] -1 16.6246627808
1245 [ 0.  1.  0.  0.] 0 17.6246627808
1246 [ 1.  0.  0.  0.] -2 17.0725481033
1247 [ 1.  0.  0.  0.] -1 17.6359820366
1248 [ 1.  0.  0.  0.] -1 23.4645837784
1249 [ 1.  0.  0.  0.] -1 24.0508611679
1250 [ 1.  0.  0.  0.] -1 23.9598036766
1251 [ 1.  0.  0.  0.] -1 24.7561929703
1252 [ 1.  0.  0.  0.] -1 24.3296634674
1253 [ 1.  0.  0.  0.] -1 24.1719576836
1254 [ 1.  0.  0.  0.] -1 24.1273267746
1255 [ 1.  0.  0.  0.] -1 24.4496166229
1256 [ 1.  0.  0.  0.] -1 23.5338938713
1257 [ 1.  0.  0.  0.] 0 24.5338938713
1258 [ 0.  1.  0.  0.] -2 18.8844368935
1259 [ 0.  1.  0.  0.] -1 20.0530761719
1260 [ 0.  1.  0.  0.] -1 20.0595376968
1261 [ 0.  1.  0.  0.] -1 21.090772438
1262 [ 0.  1.  0.  0.] -1 21.8664598465
1263 [ 0.  1.  0.  0.] -1 22.5133516312
1264 [ 0.  1.  0.  0.] -1 23.0922687531
1265 [ 0.  1.  0.  0.] -1 25.367218399
1266 [ 0.  1.  0.  0.] -1 25.7147509575
1267 [ 0.  1.  0.  0.] -1 25.7238307953
1268 [ 0.  1.  0.  0.] -1 25.9745709419
1269 [ 0.  1.  0.  0.] 0 26.9745709419
1270 [ 1.  0.  0.  0.] -2 33.3755119324
1271 [ 1.  0.  0.  0.] -1 34.9385162354
1272 [ 1.  0.  0.  0.] -1 43.9621427536
1273 [ 1.  0.  0.  0.] -1 45.2837076187
1274 [ 1.  0.  0.  0.] -1 45.6150283813
1275 [ 1.  0.  0.  0.] -1 47.079000473
1276 [ 1.  0.  0.  0.] -1 56.869903183
1277 [ 1.  0.  0.  0.] -1 31.2032728195
1278 [ 1.  0.  0.  0.] -1 31.2524681091
1279 [ 1.  0.  0.  0.] -1 31.7791856766
1280 [ 1.  0.  0.  0.] -1 32.4609508514
1281 [ 1.  0.  0.  0.] 0 33.4609508514
1282 [ 0.  1.  0.  0.] -2 21.7331068993
1283 [ 0.  1.  0.  0.] -1 22.7407389641
1284 [ 0.  1.  0.  0.] 9 32.7356599808
1285 [ 0.  1.  0.  0.] -1 25.4775263786
1286 [ 0.  1.  0.  0.] -1 26.1157858849
1287 [ 0.  1.  0.  0.] -1 26.4251671791
1288 [ 0.  1.  0.  0.] 9 36.4587776184
1289 [ 0.  1.  0.  0.] -1 27.5787160873
1290 [ 0.  1.  0.  0.] -1 28.1076841354
1291 [ 0.  1.  0.  0.] -1 28.5615129471
1292 [ 0.  1.  0.  0.] 9 38.6115526199
1293 [ 0.  1.  0.  0.] 0 29.6115526199
1294 [ 0.  0.  1.  0.] -2 26.3500567436
1295 [ 0.  0.  1.  0.] -1 27.3321960449
1296 [ 0.  0.  1.  0.] 9 37.674557209
1297 [ 0.  0.  1.  0.] -1 22.7208669662
1298 [ 0.  0.  1.  0.] -1 22.7256940842
1299 [ 0.  0.  1.  0.] -1 22.6047733307
1300 [ 0.  0.  1.  0.] 9 32.7765274048
1301 [ 0.  0.  1.  0.] -1 20.7077576637
1302 [ 0.  0.  1.  0.] -1 20.7676327705
1303 [ 0.  0.  1.  0.] -1 20.6295815468
1304 [ 0.  0.  1.  0.] 9 30.7581289291
1305 [ 0.  0.  1.  0.] -1 18.5372089386
1306 [ 0.  0.  1.  0.] -1 18.4124721527
1307 [ 0.  0.  1.  0.] -1 18.1166680336
1308 [ 0.  0.  1.  0.] 9 27.9166887283
1309 [ 0.  0.  1.  0.] -1 17.7608293533
1310 [ 0.  0.  1.  0.] -1 17.6906150818
1311 [ 0.  0.  1.  0.] -1 17.4816066742
1312 [ 0.  0.  1.  0.] 9 27.5192850113
1313 [ 0.  0.  1.  0.] -1 14.0377053738
1314 [ 0.  0.  1.  0.] -1 14.0244144917
1315 [ 0.  0.  1.  0.] -1 13.9782823563
1316 [ 0.  0.  1.  0.] 9 24.2726078987
1317 [ 0.  0.  1.  0.] 0 15.2726078987
1318 [ 0.  1.  0.  0.] -2 15.719103241
1319 [ 0.  1.  0.  0.] -1 16.6750177383
1320 [ 0.  1.  0.  0.] 9 26.7342876434
1321 [ 0.  1.  0.  0.] -1 16.5971931458
1322 [ 0.  1.  0.  0.] -1 16.6542669296
1323 [ 0.  1.  0.  0.] -1 16.7756008148
1324 [ 0.  1.  0.  0.] 9 26.8670823097
1325 [ 0.  1.  0.  0.] -1 17.467074585
1326 [ 0.  1.  0.  0.] -1 17.5221334457
1327 [ 0.  1.  0.  0.] -1 17.5324037552
1328 [ 0.  1.  0.  0.] 9 27.5881167412
1329 [ 0.  1.  0.  0.] -1 18.2194345474
1330 [ 0.  1.  0.  0.] -1 18.3383693695
1331 [ 0.  1.  0.  0.] -1 18.368491745
1332 [ 0.  1.  0.  0.] 9 28.6135984421
1333 [ 0.  1.  0.  0.] -1 20.1230530739
1334 [ 0.  1.  0.  0.] -1 20.749755764
1335 [ 0.  1.  0.  0.] -1 20.7725160599
1336 [ 0.  1.  0.  0.] 9 30.9512643814
1337 [ 0.  1.  0.  0.] 0 21.9512643814
1338 [ 1.  0.  0.  0.] -2 112.295787811
1339 [ 1.  0.  0.  0.] -1 118.043258286
1340 [ 1.  0.  0.  0.] 9 147.580815125
1341 [ 1.  0.  0.  0.] -1 144.470677948
1342 [ 1.  0.  0.  0.] -1 143.280539703
1343 [ 1.  0.  0.  0.] -1 142.707228851
1344 [ 1.  0.  0.  0.] 9 129.075478745
1345 [ 1.  0.  0.  0.] -1 124.406378174
1346 [ 1.  0.  0.  0.] -1 118.620251083
1347 [ 1.  0.  0.  0.] -1 127.491225433
1348 [ 1.  0.  0.  0.] 9 175.849852753
1349 [ 1.  0.  0.  0.] -1 174.381414032
1350 [ 1.  0.  0.  0.] -1 170.770367432
1351 [ 1.  0.  0.  0.] -1 177.849647522
1352 [ 1.  0.  0.  0.] 49 1016.75445862
1353 [ 1.  0.  0.  0.] -1 1052.35911865
1354 [ 1.  0.  0.  0.] -1 1086.7772522
1355 [ 1.  0.  0.  0.] -1 1196.30510864
1356 [ 1.  0.  0.  0.] 9 1350.94330444
1357 [ 1.  0.  0.  0.] -1 1369.31620483
1358 [ 1.  0.  0.  0.] -1 1385.36508179
1359 [ 1.  0.  0.  0.] -1 1387.47741699
1360 [ 1.  0.  0.  0.] 9 1354.74400024
1361 [ 1.  0.  0.  0.] 0 1345.74400024
1362 [ 0.  0.  0.  1.] -2 323.703157043
1363 [ 0.  0.  0.  1.] -1 319.664022827
1364 [ 0.  0.  0.  1.] 9 303.501507568
1365 [ 0.  0.  0.  1.] -1 284.198216248
1366 [ 0.  0.  0.  1.] -1 277.986280823
1367 [ 0.  0.  0.  1.] -1 272.193043518
1368 [ 0.  0.  0.  1.] 9 265.670674133
1369 [ 0.  0.  0.  1.] -1 251.440292358
1370 [ 0.  0.  0.  1.] -1 250.715180969
1371 [ 0.  0.  0.  1.] -1 247.131169128
1372 [ 0.  0.  0.  1.] 9 223.834434509
1373 [ 0.  0.  0.  1.] -1 205.065924072
1374 [ 0.  0.  0.  1.] -1 199.978199768
1375 [ 0.  0.  0.  1.] -1 196.883553314
1376 [ 0.  0.  0.  1.] 9 224.342238617
1377 [ 0.  0.  0.  1.] -1 216.631437683
1378 [ 0.  0.  0.  1.] -1 217.908551025
1379 [ 0.  0.  0.  1.] -1 210.560923767
1380 [ 0.  0.  0.  1.] -1 195.614093781
1381 [ 0.  0.  0.  1.] 0 196.614093781
1382 [ 0.  0.  1.  0.] -2 150.019888306
1383 [ 0.  0.  1.  0.] -1 149.364447784
1384 [ 0.  0.  1.  0.] -1 155.705918121
1385 [ 0.  0.  1.  0.] -1 126.463382721
1386 [ 0.  0.  1.  0.] -1 125.164293671
1387 [ 0.  0.  1.  0.] -1 123.994478607
1388 [ 0.  0.  1.  0.] -1 128.549813843
1389 [ 0.  0.  1.  0.] -1 109.336463928
1390 [ 0.  0.  1.  0.] -1 108.79977684
1391 [ 0.  0.  1.  0.] -1 106.118066406
1392 [ 0.  0.  1.  0.] -1 108.260183334
1393 [ 0.  0.  1.  0.] -1 88.0202880859
1394 [ 0.  0.  1.  0.] -1 85.647498703
1395 [ 0.  0.  1.  0.] -1 85.1626487732
1396 [ 0.  0.  1.  0.] -1 88.3160324097
1397 [ 0.  0.  1.  0.] -1 95.575365448
1398 [ 0.  0.  1.  0.] -1 93.1485717773
1399 [ 0.  0.  1.  0.] -1 93.1600307465
1400 [ 0.  0.  1.  0.] -1 95.7380596161
1401 [ 0.  0.  1.  0.] -1 55.5941633224
1402 [ 0.  0.  1.  0.] -1 54.6595760345
1403 [ 0.  0.  1.  0.] -1 53.9750965118
1404 [ 0.  0.  1.  0.] -1 61.3481204987
1405 [ 0.  0.  1.  0.] 0 62.3481204987
1406 [ 0.  0.  0.  1.] -2 57.1447660446
1407 [ 0.  0.  0.  1.] -1 59.0075517654
1408 [ 0.  0.  0.  1.] 9 64.9604482651
1409 [ 0.  0.  0.  1.] -1 53.8000736237
1410 [ 0.  0.  0.  1.] -1 55.5449571609
1411 [ 0.  0.  0.  1.] -1 58.932894516
1412 [ 0.  0.  0.  1.] 9 79.6767688751
1413 [ 0.  0.  0.  1.] -1 73.5102760315
1414 [ 0.  0.  0.  1.] -1 78.8066101074
1415 [ 0.  0.  0.  1.] -1 79.3246047974
1416 [ 0.  0.  0.  1.] -1 65.9964248657
1417 [ 0.  0.  0.  1.] 0 66.9964248657
1418 [ 0.  0.  1.  0.] -2 34.6031581879
1419 [ 0.  0.  1.  0.] -1 36.4241668701
1420 [ 0.  0.  1.  0.] -1 38.0134410858
1421 [ 0.  0.  1.  0.] -1 32.8394990921
1422 [ 0.  0.  1.  0.] -1 33.5120014191
1423 [ 0.  0.  1.  0.] -1 33.2842245102
1424 [ 0.  0.  1.  0.] -1 37.2976106644
1425 [ 0.  0.  1.  0.] -1 29.5175468445
1426 [ 0.  0.  1.  0.] -1 30.485717392
1427 [ 0.  0.  1.  0.] -1 30.0000593185
1428 [ 0.  0.  1.  0.] -1 31.1735599518
1429 [ 0.  0.  1.  0.] 0 32.1735599518
1430 [ 0.  1.  0.  0.] -2 57.0876813889
1431 [ 0.  1.  0.  0.] -1 58.410471344
1432 [ 0.  1.  0.  0.] -1 57.9087301254
1433 [ 0.  1.  0.  0.] -1 67.203849411
1434 [ 0.  1.  0.  0.] -1 72.0282348633
1435 [ 0.  1.  0.  0.] -1 74.3376556396
1436 [ 0.  1.  0.  0.] -1 77.4195747375
1437 [ 0.  1.  0.  0.] -1 87.0841896057
1438 [ 0.  1.  0.  0.] -1 93.4273921967
1439 [ 0.  1.  0.  0.] -1 99.5979927063
1440 [ 0.  1.  0.  0.] -1 105.440146255
1441 [ 0.  1.  0.  0.] -1 125.283753967
1442 [ 0.  1.  0.  0.] -1 134.684080505
1443 [ 0.  1.  0.  0.] -1 138.432214355
1444 [ 0.  1.  0.  0.] -1 128.177328491
1445 [ 0.  1.  0.  0.] -1 120.917227173
1446 [ 0.  1.  0.  0.] -1 120.776052094
1447 [ 0.  1.  0.  0.] -1 126.482459259
1448 [ 0.  1.  0.  0.] -1 124.103922272
1449 [ 0.  1.  0.  0.] -1 134.397106171
1450 [ 0.  1.  0.  0.] -1 135.886105347
1451 [ 0.  1.  0.  0.] -1 137.607922363
1452 [ 0.  1.  0.  0.] -1 140.0858284
1453 [ 0.  1.  0.  0.] 0 141.0858284
1454 [ 1.  0.  0.  0.] -2 221.632009125
1455 [ 1.  0.  0.  0.] -1 220.108847046
1456 [ 1.  0.  0.  0.] 9 282.854257202
1457 [ 1.  0.  0.  0.] -1 274.051179504
1458 [ 1.  0.  0.  0.] -1 272.319940186
1459 [ 1.  0.  0.  0.] -1 283.722375488
1460 [ 1.  0.  0.  0.] 9 299.658918762
1461 [ 1.  0.  0.  0.] -1 306.905065918
1462 [ 1.  0.  0.  0.] -1 297.479980469
1463 [ 1.  0.  0.  0.] -1 294.137556458
1464 [ 1.  0.  0.  0.] -1 315.5875
1465 [ 1.  0.  0.  0.] 0 316.5875
1466 [ 0.  1.  0.  0.] -2 172.375605011
1467 [ 0.  1.  0.  0.] -1 175.4995224
1468 [ 0.  1.  0.  0.] -1 181.875478363
1469 [ 0.  1.  0.  0.] -1 232.661484528
1470 [ 0.  1.  0.  0.] -1 252.446478271
1471 [ 0.  1.  0.  0.] -1 257.840905762
1472 [ 0.  1.  0.  0.] -1 254.814665222
1473 [ 0.  1.  0.  0.] 0 255.814665222
1474 [ 1.  0.  0.  0.] -2 347.356237793
1475 [ 1.  0.  0.  0.] -1 373.419793701
1476 [ 1.  0.  0.  0.] -1 397.939958191
1477 [ 1.  0.  0.  0.] -1 412.246260071
1478 [ 1.  0.  0.  0.] -1 400.833532715
1479 [ 1.  0.  0.  0.] -1 406.458125305
1480 [ 1.  0.  0.  0.] -1 385.635968018
1481 [ 1.  0.  0.  0.] -1 394.174168396
1482 [ 1.  0.  0.  0.] -1 381.490126038
1483 [ 1.  0.  0.  0.] -1 402.924645996
1484 [ 1.  0.  0.  0.] -1 461.270005798
1485 [ 1.  0.  0.  0.] -1 489.976049805
1486 [ 1.  0.  0.  0.] -1 472.668788147
1487 [ 1.  0.  0.  0.] -1 509.563247681
1488 [ 1.  0.  0.  0.] -1 793.234732056
1489 [ 1.  0.  0.  0.] -1 827.260665894
1490 [ 1.  0.  0.  0.] -1 860.974533081
1491 [ 1.  0.  0.  0.] -1 985.495098877
1492 [ 1.  0.  0.  0.] -1 1324.04833374
1493 [ 1.  0.  0.  0.] -1 1388.02593994
1494 [ 1.  0.  0.  0.] -1 1394.64683228
1495 [ 1.  0.  0.  0.] -1 1431.66343384
1496 [ 1.  0.  0.  0.] -1 1470.59105225
1497 [ 1.  0.  0.  0.] 0 1471.59105225
1498 [ 0.  0.  0.  1.] -2 337.14283905
1499 [ 0.  0.  0.  1.] -1 330.167454529
1500 [ 0.  0.  0.  1.] -1 301.225968933
1501 [ 0.  0.  0.  1.] -1 291.369776917
1502 [ 0.  0.  0.  1.] -1 285.382266235
1503 [ 0.  0.  0.  1.] -1 279.832037354
1504 [ 0.  0.  0.  1.] -1 260.945974731
1505 [ 0.  0.  0.  1.] -1 255.859410095
1506 [ 0.  0.  0.  1.] -1 253.488294983
1507 [ 0.  0.  0.  1.] -1 250.46762085
1508 [ 0.  0.  0.  1.] -1 215.463391113
1509 [ 0.  0.  0.  1.] -1 206.667222595
1510 [ 0.  0.  0.  1.] -1 199.307897186
1511 [ 0.  0.  0.  1.] -1 196.815770721
1512 [ 0.  0.  0.  1.] -1 209.545272064
1513 [ 0.  0.  0.  1.] -1 211.699239349
1514 [ 0.  0.  0.  1.] -1 212.957087708
1515 [ 0.  0.  0.  1.] -1 205.428262329
1516 [ 0.  0.  0.  1.] -1 190.507930756
1517 [ 0.  0.  0.  1.] -1 182.097859192
1518 [ 0.  0.  0.  1.] -1 177.343466949
1519 [ 0.  0.  0.  1.] -1 174.996212006
1520 [ 0.  0.  0.  1.] -1 148.314658356
1521 [ 0.  0.  0.  1.] -1 145.756126404
1522 [ 0.  0.  0.  1.] -1 143.523678589
1523 [ 0.  0.  0.  1.] -1 147.056998444
1524 [ 0.  0.  0.  1.] -1 172.181741333
1525 [ 0.  0.  0.  1.] -1 191.824907684
1526 [ 0.  0.  0.  1.] -1 198.780741119
1527 [ 0.  0.  0.  1.] -1 197.745491028
1528 [ 0.  0.  0.  1.] -1 198.159999847
1529 [ 0.  0.  0.  1.] -1 194.439524078
1530 [ 0.  0.  0.  1.] -1 201.851150513
1531 [ 0.  0.  0.  1.] -1 199.2201828
1532 [ 0.  0.  0.  1.] -1 181.108430481
1533 [ 0.  0.  0.  1.] -1 183.695519257
1534 [ 0.  0.  0.  1.] -1 184.876800537
1535 [ 0.  0.  0.  1.] -1 186.914902496
1536 [ 0.  0.  0.  1.] -1 177.442183685
1537 [ 0.  0.  0.  1.] -1 186.486811066
1538 [ 0.  0.  0.  1.] -1 191.488154602
1539 [ 0.  0.  0.  1.] -1 194.961505127
1540 [ 0.  0.  0.  1.] -1 207.824252319
1541 [ 0.  0.  0.  1.] -1 212.548319244
1542 [ 0.  0.  0.  1.] -1 218.628081512
1543 [ 0.  0.  0.  1.] -1 225.96537323
1544 [ 0.  0.  0.  1.] -1 215.749046326
1545 [ 0.  0.  0.  1.] -1 220.575714874
1546 [ 0.  0.  0.  1.] -1 230.190927887
1547 [ 0.  0.  0.  1.] -1 240.91456604
1548 [ 0.  0.  0.  1.] -1 247.004968262
1549 [ 0.  0.  0.  1.] -1 258.156828308
1550 [ 0.  0.  0.  1.] -1 264.494442749
1551 [ 0.  0.  0.  1.] -1 34.4070476532
1552 [ 0.  0.  0.  1.] -1 37.5195819855
1553 [ 0.  0.  0.  1.] -1 39.2650960922
1554 [ 0.  0.  0.  1.] -1 40.0835680008
1555 [ 0.  0.  0.  1.] -1 40.2997917175
1556 [ 0.  0.  0.  1.] -1 43.8669521332
1557 [ 0.  0.  0.  1.] -1 44.987387085
1558 [ 0.  0.  0.  1.] -1 46.4271656036
1559 [ 0.  0.  0.  1.] -1 47.8358976364
1560 [ 0.  0.  0.  1.] -1 48.071216011
1561 [ 0.  0.  0.  1.] -1 51.4559570312
1562 [ 0.  0.  0.  1.] -1 56.9651227951
1563 [ 0.  0.  0.  1.] -1 60.7605239868
1564 [ 0.  0.  0.  1.] -1 87.0297866821
1565 [ 0.  0.  0.  1.] -1 92.9286624908
1566 [ 0.  0.  0.  1.] -1 98.3327297211
1567 [ 0.  0.  0.  1.] -1 102.356552887
1568 [ 0.  0.  0.  1.] -1 106.351079941
1569 [ 0.  0.  0.  1.] -1 110.052247238
1570 [ 0.  0.  0.  1.] -1 113.533671951
1571 [ 0.  0.  0.  1.] -1 116.005431747
1572 [ 0.  0.  0.  1.] -1 142.971227264
1573 [ 0.  0.  0.  1.] -1 152.699884796
1574 [ 0.  0.  0.  1.] -1 162.215931702
1575 [ 0.  0.  0.  1.] -1 167.995368958
1576 [ 0.  0.  0.  1.] -1 193.712673187
1577 [ 0.  0.  0.  1.] 0 194.712673187
1578 [ 0.  0.  1.  0.] -2 197.071444702
1579 [ 0.  0.  1.  0.] -1 194.461499786
1580 [ 0.  0.  1.  0.] 9 191.839992523
1581 [ 0.  0.  1.  0.] -1 172.014082336
1582 [ 0.  0.  1.  0.] -1 175.059906769
1583 [ 0.  0.  1.  0.] -1 176.238143921
1584 [ 0.  0.  1.  0.] 9 166.054702759
1585 [ 0.  0.  1.  0.] -1 134.20225296
1586 [ 0.  0.  1.  0.] -1 133.937834167
1587 [ 0.  0.  1.  0.] -1 126.263629913
1588 [ 0.  0.  1.  0.] 9 131.323531342
1589 [ 0.  0.  1.  0.] -1 108.529211807
1590 [ 0.  0.  1.  0.] -1 106.531799698
1591 [ 0.  0.  1.  0.] -1 103.541537857
1592 [ 0.  0.  1.  0.] 9 102.553133011
1593 [ 0.  0.  1.  0.] -1 93.8809673309
1594 [ 0.  0.  1.  0.] -1 92.8771297455
1595 [ 0.  0.  1.  0.] -1 88.3433933258
1596 [ 0.  0.  1.  0.] 9 91.2028030396
1597 [ 0.  0.  1.  0.] -1 49.0496061325
1598 [ 0.  0.  1.  0.] -1 49.3564216614
1599 [ 0.  0.  1.  0.] -1 49.7239385605
1600 [ 0.  0.  1.  0.] -1 44.4177545547
1601 [ 0.  0.  1.  0.] 0 45.4177545547
1602 [ 0.  1.  0.  0.] -2 42.9446861267
1603 [ 0.  1.  0.  0.] -1 43.5699430466
1604 [ 0.  1.  0.  0.] -1 42.8624368668
1605 [ 0.  1.  0.  0.] -1 46.4423971176
1606 [ 0.  1.  0.  0.] -1 47.9465480804
1607 [ 0.  1.  0.  0.] -1 49.7520496368
1608 [ 0.  1.  0.  0.] -1 44.9074062347
1609 [ 0.  1.  0.  0.] -1 41.5320947647
1610 [ 0.  1.  0.  0.] -1 34.7719806671
1611 [ 0.  1.  0.  0.] -1 33.7385679245
1612 [ 0.  1.  0.  0.] -1 31.5069028854
1613 [ 0.  1.  0.  0.] -1 20.9851937294
1614 [ 0.  1.  0.  0.] -1 20.9950962067
1615 [ 0.  1.  0.  0.] -1 20.5683619499
1616 [ 0.  1.  0.  0.] 9 30.4422317505
1617 [ 0.  1.  0.  0.] -1 18.6384008408
1618 [ 0.  1.  0.  0.] -1 18.792113018
1619 [ 0.  1.  0.  0.] -1 19.1719658852
1620 [ 0.  1.  0.  0.] 9 28.9902314186
1621 [ 0.  1.  0.  0.] -1 16.4229167938
1622 [ 0.  1.  0.  0.] -1 15.9186641693
1623 [ 0.  1.  0.  0.] -1 16.1413620949
1624 [ 0.  1.  0.  0.] 9 26.1341721535
1625 [ 0.  1.  0.  0.] 0 17.1341721535
1626 [ 1.  0.  0.  0.] -2 38.3170818329
1627 [ 1.  0.  0.  0.] -1 39.356876564
1628 [ 1.  0.  0.  0.] 9 57.9722999573
1629 [ 1.  0.  0.  0.] -1 51.3647926331
1630 [ 1.  0.  0.  0.] -1 50.8889736176
1631 [ 1.  0.  0.  0.] -1 51.3648361206
1632 [ 1.  0.  0.  0.] 9 49.0773603439
1633 [ 1.  0.  0.  0.] -1 38.5127433777
1634 [ 1.  0.  0.  0.] -1 38.1802339554
1635 [ 1.  0.  0.  0.] -1 38.9072153091
1636 [ 1.  0.  0.  0.] 9 50.9126907349
1637 [ 1.  0.  0.  0.] 0 41.9126907349
1638 [ 0.  0.  0.  1.] -2 21.6732281685
1639 [ 0.  0.  0.  1.] -1 22.4517297745
1640 [ 0.  0.  0.  1.] 9 34.2051368713
1641 [ 0.  0.  0.  1.] -1 26.9802168846
1642 [ 0.  0.  0.  1.] -1 27.436674881
1643 [ 0.  0.  0.  1.] -1 28.0346902847
1644 [ 0.  0.  0.  1.] 9 42.4808282852
1645 [ 0.  0.  0.  1.] -1 36.6207559586
1646 [ 0.  0.  0.  1.] -1 37.3215179443
1647 [ 0.  0.  0.  1.] -1 40.0800020218
1648 [ 0.  0.  0.  1.] 9 74.0335418701
1649 [ 0.  0.  0.  1.] 0 65.0335418701
1650 [ 1.  0.  0.  0.] -2 105.925789642
1651 [ 1.  0.  0.  0.] -1 112.327762222
1652 [ 1.  0.  0.  0.] 9 138.534143829
1653 [ 1.  0.  0.  0.] -1 143.539537048
1654 [ 1.  0.  0.  0.] -1 149.112393951
1655 [ 1.  0.  0.  0.] -1 162.04930191
1656 [ 1.  0.  0.  0.] 9 216.336833191
1657 [ 1.  0.  0.  0.] -1 215.235719299
1658 [ 1.  0.  0.  0.] -1 217.065110016
1659 [ 1.  0.  0.  0.] -1 221.417358398
1660 [ 1.  0.  0.  0.] -1 217.555562592
1661 [ 1.  0.  0.  0.] 0 218.555562592
1662 [ 0.  0.  0.  1.] -2 95.1577072144
1663 [ 0.  0.  0.  1.] -1 101.996533966
1664 [ 0.  0.  0.  1.] -1 103.582336426
1665 [ 0.  0.  0.  1.] -1 106.784708786
1666 [ 0.  0.  0.  1.] -1 108.799871063
1667 [ 0.  0.  0.  1.] -1 109.524924469
1668 [ 0.  0.  0.  1.] -1 130.971635437
1669 [ 0.  0.  0.  1.] -1 142.531162262
1670 [ 0.  0.  0.  1.] -1 153.474441528
1671 [ 0.  0.  0.  1.] -1 160.259832764
1672 [ 0.  0.  0.  1.] -1 176.52793045
1673 [ 0.  0.  0.  1.] -1 183.918363953
1674 [ 0.  0.  0.  1.] -1 195.721406555
1675 [ 0.  0.  0.  1.] -1 206.267253113
1676 [ 0.  0.  0.  1.] -1 241.804495239
1677 [ 0.  0.  0.  1.] -1 262.487840271
1678 [ 0.  0.  0.  1.] -1 277.783454895
1679 [ 0.  0.  0.  1.] -1 292.047080994
1680 [ 0.  0.  0.  1.] -1 325.54954071
1681 [ 0.  0.  0.  1.] -1 343.652914429
1682 [ 0.  0.  0.  1.] -1 354.634477234
1683 [ 0.  0.  0.  1.] -1 362.634562683
1684 [ 0.  0.  0.  1.] -1 456.993527222
1685 [ 0.  0.  0.  1.] -1 477.381939697
1686 [ 0.  0.  0.  1.] -1 494.632870483
1687 [ 0.  0.  0.  1.] -1 502.565231323
1688 [ 0.  0.  0.  1.] -1 507.730334473
1689 [ 0.  0.  0.  1.] -1 519.195101929
1690 [ 0.  0.  0.  1.] -1 528.059603882
1691 [ 0.  0.  0.  1.] -1 546.800881958
1692 [ 0.  0.  0.  1.] -1 640.600973511
1693 [ 0.  0.  0.  1.] 0 641.600973511
1694 [ 0.  0.  1.  0.] -2 739.652835083
1695 [ 0.  0.  1.  0.] -1 739.732754517
1696 [ 0.  0.  1.  0.] -1 700.051004028
1697 [ 0.  0.  1.  0.] -1 764.704000854
1698 [ 0.  0.  1.  0.] -1 776.207095337
1699 [ 0.  0.  1.  0.] -1 780.23868103
1700 [ 0.  0.  1.  0.] -1 687.213479614
1701 [ 0.  0.  1.  0.] -1 659.080224609
1702 [ 0.  0.  1.  0.] -1 667.469552612
1703 [ 0.  0.  1.  0.] -1 660.411697388
1704 [ 0.  0.  1.  0.] -1 624.633853149
1705 [ 0.  0.  1.  0.] -1 668.801547241
1706 [ 0.  0.  1.  0.] -1 673.046105957
1707 [ 0.  0.  1.  0.] -1 662.496258545
1708 [ 0.  0.  1.  0.] -1 611.617333984
1709 [ 0.  0.  1.  0.] -1 648.167575073
1710 [ 0.  0.  1.  0.] -1 648.442416382
1711 [ 0.  0.  1.  0.] -1 639.702926636
1712 [ 0.  0.  1.  0.] -1 591.42038269
1713 [ 0.  0.  1.  0.] -1 477.631036377
1714 [ 0.  0.  1.  0.] -1 484.683151245
1715 [ 0.  0.  1.  0.] -1 477.256608582
1716 [ 0.  0.  1.  0.] -1 419.138717651
1717 [ 0.  0.  1.  0.] 0 420.138717651
1718 [ 0.  1.  0.  0.] -2 217.51995697
1719 [ 0.  1.  0.  0.] -1 212.088365936
1720 [ 0.  1.  0.  0.] -1 188.371401978
1721 [ 0.  1.  0.  0.] -1 170.894669342
1722 [ 0.  1.  0.  0.] -1 160.149084473
1723 [ 0.  1.  0.  0.] -1 147.686915588
1724 [ 0.  1.  0.  0.] -1 136.281131744
1725 [ 0.  1.  0.  0.] 0 137.281131744
1726 [ 0.  0.  1.  0.] -2 120.312789917
1727 [ 0.  0.  1.  0.] -1 114.232263184
1728 [ 0.  0.  1.  0.] -1 106.524617004
1729 [ 0.  0.  1.  0.] -1 102.560052872
1730 [ 0.  0.  1.  0.] -1 97.2536369324
1731 [ 0.  0.  1.  0.] -1 93.5240795135
1732 [ 0.  0.  1.  0.] -1 83.6327640533
1733 [ 0.  0.  1.  0.] -1 84.3858089447
1734 [ 0.  0.  1.  0.] -1 81.2095581055
1735 [ 0.  0.  1.  0.] -1 79.7669239044
1736 [ 0.  0.  1.  0.] -1 73.5456748962
1737 [ 0.  0.  1.  0.] 0 74.5456748962
1738 [ 0.  1.  0.  0.] -2 41.9167165756
1739 [ 0.  1.  0.  0.] -1 42.5919370651
1740 [ 0.  1.  0.  0.] -1 41.0635744095
1741 [ 0.  1.  0.  0.] -1 40.0312017441
1742 [ 0.  1.  0.  0.] -1 38.8998695374
1743 [ 0.  1.  0.  0.] -1 38.2810453415
1744 [ 0.  1.  0.  0.] -1 36.5623376846
1745 [ 0.  1.  0.  0.] -1 31.0937929153
1746 [ 0.  1.  0.  0.] -1 30.6787006378
1747 [ 0.  1.  0.  0.] -1 30.5757982254
1748 [ 0.  1.  0.  0.] -1 30.2278434753
1749 [ 0.  1.  0.  0.] -1 29.1867298126
1750 [ 0.  1.  0.  0.] -1 28.9302185059
1751 [ 0.  1.  0.  0.] -1 28.7613799095
1752 [ 0.  1.  0.  0.] -1 28.3931708336
1753 [ 0.  1.  0.  0.] -1 26.0793107033
1754 [ 0.  1.  0.  0.] -1 24.8755155563
1755 [ 0.  1.  0.  0.] -1 24.7668727875
1756 [ 0.  1.  0.  0.] -1 23.1213999748
1757 [ 0.  1.  0.  0.] -1 23.4120997429
1758 [ 0.  1.  0.  0.] -1 21.6194596291
1759 [ 0.  1.  0.  0.] -1 21.1764990807
1760 [ 0.  1.  0.  0.] -1 19.8856092453
1761 [ 0.  1.  0.  0.] -1 17.1609276772
1762 [ 0.  1.  0.  0.] -1 17.4231612206
1763 [ 0.  1.  0.  0.] -1 17.5338823318
1764 [ 0.  1.  0.  0.] -1 17.4178050041
1765 [ 0.  1.  0.  0.] -1 18.2399824142
1766 [ 0.  1.  0.  0.] -1 18.4328587532
1767 [ 0.  1.  0.  0.] -1 18.8519500732
1768 [ 0.  1.  0.  0.] -1 18.6342967033
1769 [ 0.  1.  0.  0.] -1 22.6606185913
1770 [ 0.  1.  0.  0.] -1 23.0282623291
1771 [ 0.  1.  0.  0.] -1 22.4528586388
1772 [ 0.  1.  0.  0.] -1 20.4812292099
1773 [ 0.  1.  0.  0.] 0 21.4812292099
1774 [ 0.  0.  1.  0.] -2 15.3145748138
1775 [ 0.  0.  1.  0.] -1 16.2337785721
1776 [ 0.  0.  1.  0.] -1 16.2316060066
1777 [ 0.  0.  1.  0.] -1 14.057440567
1778 [ 0.  0.  1.  0.] -1 14.077686739
1779 [ 0.  0.  1.  0.] -1 14.075177145
1780 [ 0.  0.  1.  0.] -1 14.3623951912
1781 [ 0.  0.  1.  0.] -1 10.5700345039
1782 [ 0.  0.  1.  0.] -1 10.6625388622
1783 [ 0.  0.  1.  0.] -1 10.9573318958
1784 [ 0.  0.  1.  0.] -1 11.4304909229
1785 [ 0.  0.  1.  0.] 0 12.4304909229
1786 [ 0.  0.  0.  1.] -2 11.6312772751
1787 [ 0.  0.  0.  1.] -1 12.8969744205
1788 [ 0.  0.  0.  1.] -1 12.217784977
1789 [ 0.  0.  0.  1.] -1 12.3200640678
1790 [ 0.  0.  0.  1.] -1 12.0943256378
1791 [ 0.  0.  0.  1.] -1 11.900855875
1792 [ 0.  0.  0.  1.] -1 12.8081239223
1793 [ 0.  0.  0.  1.] -1 13.1868433952
1794 [ 0.  0.  0.  1.] -1 13.5547091007
1795 [ 0.  0.  0.  1.] -1 13.8416644096
1796 [ 0.  0.  0.  1.] -1 19.0538627625
1797 [ 0.  0.  0.  1.] 0 20.0538627625
1798 [ 0.  0.  1.  0.] -2 13.5569621086
1799 [ 0.  0.  1.  0.] -1 14.6744473457
1800 [ 0.  0.  1.  0.] -1 14.2806857109
1801 [ 0.  0.  1.  0.] -1 14.9757218361
1802 [ 0.  0.  1.  0.] -1 14.6761723518
1803 [ 0.  0.  1.  0.] -1 14.9567757607
1804 [ 0.  0.  1.  0.] -1 14.9910711288
1805 [ 0.  0.  1.  0.] -1 16.2289025307
1806 [ 0.  0.  1.  0.] -1 15.5657518387
1807 [ 0.  0.  1.  0.] -1 15.3141781807
1808 [ 0.  0.  1.  0.] -1 16.8464166641
1809 [ 0.  0.  1.  0.] -1 15.5058259964
1810 [ 0.  0.  1.  0.] -1 15.5099355698
1811 [ 0.  0.  1.  0.] -1 15.7960727692
1812 [ 0.  0.  1.  0.] -1 18.6803010941
1813 [ 0.  0.  1.  0.] -1 23.5836816788
1814 [ 0.  0.  1.  0.] -1 23.3383158684
1815 [ 0.  0.  1.  0.] -1 23.5289725304
1816 [ 0.  0.  1.  0.] -1 27.9896897316
1817 [ 0.  0.  1.  0.] -1 35.9299562454
1818 [ 0.  0.  1.  0.] -1 34.990603447
1819 [ 0.  0.  1.  0.] -1 34.53207798
1820 [ 0.  0.  1.  0.] -1 40.7184499741
1821 [ 0.  0.  1.  0.] 0 41.7184499741
1822 [ 0.  1.  0.  0.] -2 61.7436794281
1823 [ 0.  1.  0.  0.] -1 61.0847671509
1824 [ 0.  1.  0.  0.] -1 60.6734039307
1825 [ 0.  1.  0.  0.] -1 46.9210138321
1826 [ 0.  1.  0.  0.] -1 47.1125076294
1827 [ 0.  1.  0.  0.] -1 47.848759079
1828 [ 0.  1.  0.  0.] -1 47.6957662582
1829 [ 0.  1.  0.  0.] -1 45.5707798004
1830 [ 0.  1.  0.  0.] -1 46.2992868423
1831 [ 0.  1.  0.  0.] -1 44.3632102966
1832 [ 0.  1.  0.  0.] -1 41.4117176056
1833 [ 0.  1.  0.  0.] -1 18.6355596542
1834 [ 0.  1.  0.  0.] -1 17.418683815
1835 [ 0.  1.  0.  0.] -1 14.9642302513
1836 [ 0.  1.  0.  0.] -101 -101
1837 [ 0.  1.  0.  0.] -2 12.2156529903
1838 [ 0.  1.  0.  0.] -1 13.7282869339
1839 [ 0.  1.  0.  0.] -1 13.883556509
1840 [ 0.  1.  0.  0.] -1 14.2070739746
1841 [ 0.  1.  0.  0.] -1 14.3866141319
1842 [ 0.  1.  0.  0.] 0 15.3866141319
1843 [ 1.  0.  0.  0.] -2 14.6571517944
1844 [ 1.  0.  0.  0.] -1 15.5500800133
1845 [ 1.  0.  0.  0.] -1 20.1351190567
1846 [ 1.  0.  0.  0.] -1 20.3559778214
1847 [ 1.  0.  0.  0.] -1 20.5619602203
1848 [ 1.  0.  0.  0.] -1 21.0908594131
1849 [ 1.  0.  0.  0.] -1 20.4414308548
1850 [ 1.  0.  0.  0.] -1 20.3023033142
1851 [ 1.  0.  0.  0.] -1 20.4292434692
1852 [ 1.  0.  0.  0.] -1 20.6925243378
1853 [ 1.  0.  0.  0.] -1 19.9897492409
1854 [ 1.  0.  0.  0.] 0 20.9897492409
1855 [ 0.  1.  0.  0.] -2 17.3258050919
1856 [ 0.  1.  0.  0.] -1 18.4638363838
1857 [ 0.  1.  0.  0.] -1 18.4722186089
1858 [ 0.  1.  0.  0.] -1 18.4615442276
1859 [ 0.  1.  0.  0.] -1 18.7323013306
1860 [ 0.  1.  0.  0.] -1 18.9316228867
1861 [ 0.  1.  0.  0.] -1 19.2985309601
1862 [ 0.  1.  0.  0.] -1 22.0119093895
1863 [ 0.  1.  0.  0.] -1 22.2728926659
1864 [ 0.  1.  0.  0.] -1 22.249942112
1865 [ 0.  1.  0.  0.] -1 22.4872282982
1866 [ 0.  1.  0.  0.] 0 23.4872282982
1867 [ 1.  0.  0.  0.] -2 24.4753356934
1868 [ 1.  0.  0.  0.] -1 25.6840306282
1869 [ 1.  0.  0.  0.] -1 30.4428640366
1870 [ 1.  0.  0.  0.] -1 31.4113933563
1871 [ 1.  0.  0.  0.] -1 31.9962537766
1872 [ 1.  0.  0.  0.] -1 32.4902759552
1873 [ 1.  0.  0.  0.] -1 38.1033226013
1874 [ 1.  0.  0.  0.] -1 16.5467113495
1875 [ 1.  0.  0.  0.] -1 16.5639070511
1876 [ 1.  0.  0.  0.] -1 16.8765317917
1877 [ 1.  0.  0.  0.] -1 17.0761106491
1878 [ 1.  0.  0.  0.] 0 18.0761106491
1879 [ 0.  1.  0.  0.] -2 16.9614301682
1880 [ 0.  1.  0.  0.] -1 17.9662065506
1881 [ 0.  1.  0.  0.] -1 18.1915409088
1882 [ 0.  1.  0.  0.] -1 19.672134304
1883 [ 0.  1.  0.  0.] -1 20.1223391533
1884 [ 0.  1.  0.  0.] -1 20.4962450981
1885 [ 0.  1.  0.  0.] -1 21.20470438
1886 [ 0.  1.  0.  0.] -1 21.5857912064
1887 [ 0.  1.  0.  0.] -1 22.0282117844
1888 [ 0.  1.  0.  0.] -1 22.4295420647
1889 [ 0.  1.  0.  0.] -1 22.8564267159
1890 [ 0.  1.  0.  0.] -1 25.1203667641
1891 [ 0.  1.  0.  0.] -1 25.7793662071
1892 [ 0.  1.  0.  0.] -1 25.9221412659
1893 [ 0.  1.  0.  0.] -1 26.4098939896
1894 [ 0.  1.  0.  0.] -1 26.2251788139
1895 [ 0.  1.  0.  0.] -1 26.5847864151
1896 [ 0.  1.  0.  0.] -1 26.6155810356
1897 [ 0.  1.  0.  0.] -1 26.7216960907
1898 [ 0.  1.  0.  0.] -1 27.6122159958
1899 [ 0.  1.  0.  0.] -1 27.5437194824
1900 [ 0.  1.  0.  0.] -1 27.3256964684
1901 [ 0.  1.  0.  0.] -1 27.5851015091
1902 [ 0.  1.  0.  0.] -1 27.3910691261
1903 [ 0.  1.  0.  0.] -1 27.4460446358
1904 [ 0.  1.  0.  0.] -1 27.3175697327
1905 [ 0.  1.  0.  0.] -1 27.2937005043
1906 [ 0.  1.  0.  0.] -1 26.8516785622
1907 [ 0.  1.  0.  0.] -1 26.6360364914
1908 [ 0.  1.  0.  0.] -1 26.5734597206
1909 [ 0.  1.  0.  0.] -1 26.4793146133
1910 [ 0.  1.  0.  0.] 0 27.4793146133
1911 [ 0.  0.  1.  0.] -2 29.2336490631
1912 [ 0.  0.  1.  0.] -1 30.0448623657
1913 [ 0.  0.  1.  0.] -1 29.8038036346
1914 [ 0.  0.  1.  0.] -1 26.1487730026
1915 [ 0.  0.  1.  0.] -1 26.2472270012
1916 [ 0.  0.  1.  0.] -1 26.2480623245
1917 [ 0.  0.  1.  0.] -1 25.4602962494
1918 [ 0.  0.  1.  0.] -1 23.6006490707
1919 [ 0.  0.  1.  0.] -1 23.810753727
1920 [ 0.  0.  1.  0.] -1 23.4623296738
1921 [ 0.  0.  1.  0.] -1 23.7712434769
1922 [ 0.  0.  1.  0.] -1 21.3480991364
1923 [ 0.  0.  1.  0.] -1 21.0256117821
1924 [ 0.  0.  1.  0.] -1 20.597654438
1925 [ 0.  0.  1.  0.] -1 20.7572356224
1926 [ 0.  0.  1.  0.] -1 19.5991005898
1927 [ 0.  0.  1.  0.] -1 19.2971611023
1928 [ 0.  0.  1.  0.] -1 19.1145731926
1929 [ 0.  0.  1.  0.] -1 19.3187490463
1930 [ 0.  0.  1.  0.] -1 14.7778208733
1931 [ 0.  0.  1.  0.] -1 14.7158982277
1932 [ 0.  0.  1.  0.] -1 14.7068636894
1933 [ 0.  0.  1.  0.] -1 14.9072035789
1934 [ 0.  0.  1.  0.] 0 15.9072035789
1935 [ 0.  0.  0.  1.] -2 34.7570026398
1936 [ 0.  0.  0.  1.] -1 34.5229564667
1937 [ 0.  0.  0.  1.] -1 31.9004652023
1938 [ 0.  0.  0.  1.] -1 30.8139867783
1939 [ 0.  0.  0.  1.] -1 30.0547376633
1940 [ 0.  0.  0.  1.] -1 29.3238623619
1941 [ 0.  0.  0.  1.] -1 27.7466106415
1942 [ 0.  0.  0.  1.] -1 27.8033763885
1943 [ 0.  0.  0.  1.] -1 27.922278595
1944 [ 0.  0.  0.  1.] -1 28.0948426247
1945 [ 0.  0.  0.  1.] -1 25.0559037209
1946 [ 0.  0.  0.  1.] -1 24.1413660049
1947 [ 0.  0.  0.  1.] -1 23.285436821
1948 [ 0.  0.  0.  1.] -1 22.7182595253
1949 [ 0.  0.  0.  1.] -1 23.9323376656
1950 [ 0.  0.  0.  1.] -1 23.5016116142
1951 [ 0.  0.  0.  1.] -1 23.7697594643
1952 [ 0.  0.  0.  1.] -1 22.6915726662
1953 [ 0.  0.  0.  1.] -1 18.659392643
1954 [ 0.  0.  0.  1.] -1 18.2961556435
1955 [ 0.  0.  0.  1.] -1 17.8137518883
1956 [ 0.  0.  0.  1.] -1 17.4912409782
1957 [ 0.  0.  0.  1.] -1 16.1088352203
1958 [ 0.  0.  0.  1.] -1 15.9777528763
1959 [ 0.  0.  0.  1.] -1 16.0508318901
1960 [ 0.  0.  0.  1.] -1 16.4199523926
1961 [ 0.  0.  0.  1.] -1 17.4227535248
1962 [ 0.  0.  0.  1.] -1 18.107760334
1963 [ 0.  0.  0.  1.] -1 19.272124958
1964 [ 0.  0.  0.  1.] -1 19.3780008316
1965 [ 0.  0.  0.  1.] -1 16.0353829384
1966 [ 0.  0.  0.  1.] -1 15.9079607964
1967 [ 0.  0.  0.  1.] -1 15.8047358513
1968 [ 0.  0.  0.  1.] -1 16.2651874542
1969 [ 0.  0.  0.  1.] -1 13.4579737663
1970 [ 0.  0.  0.  1.] -1 13.1641592026
1971 [ 0.  0.  0.  1.] -1 12.758036232
1972 [ 0.  0.  0.  1.] -1 12.5384005547
1973 [ 0.  0.  0.  1.] -1 13.5053181171
1974 [ 0.  0.  0.  1.] -1 12.9805457115
1975 [ 0.  0.  0.  1.] -1 13.2896370888
1976 [ 0.  0.  0.  1.] -1 12.965079546
1977 [ 0.  0.  0.  1.] -1 12.4645070553
1978 [ 0.  0.  0.  1.] 0 13.4645070553
1979 [ 1.  0.  0.  0.] -2 31.3393125534
1980 [ 1.  0.  0.  0.] -1 31.7019699097
1981 [ 1.  0.  0.  0.] -1 39.7094591141
1982 [ 1.  0.  0.  0.] -1 40.3399343491
1983 [ 1.  0.  0.  0.] -1 40.8071102142
1984 [ 1.  0.  0.  0.] -1 42.1538507462
1985 [ 1.  0.  0.  0.] -1 38.3350097656
1986 [ 1.  0.  0.  0.] -1 37.653896904
1987 [ 1.  0.  0.  0.] -1 37.8730270386
1988 [ 1.  0.  0.  0.] -1 39.0191486359
1989 [ 1.  0.  0.  0.] -1 40.4802904129
1990 [ 1.  0.  0.  0.] 0 41.4802904129
1991 [ 0.  1.  0.  0.] -2 27.2217012405
1992 [ 0.  1.  0.  0.] -1 27.5162045479
1993 [ 0.  1.  0.  0.] -1 27.5111563683
1994 [ 0.  1.  0.  0.] -1 30.3955821991
1995 [ 0.  1.  0.  0.] -1 31.3798213959
1996 [ 0.  1.  0.  0.] -1 32.3589616776
1997 [ 0.  1.  0.  0.] -1 33.0938831329
1998 [ 0.  1.  0.  0.] -1 39.5116886139
1999 [ 0.  1.  0.  0.] -1 40.2295810699
2000 [ 0.  1.  0.  0.] -1 39.9598169327
2001 [ 0.  1.  0.  0.] -1 41.2961748123
2002 [ 0.  1.  0.  0.] 0 42.2961748123
2003 [ 1.  0.  0.  0.] -2 57.1338687897
2004 [ 1.  0.  0.  0.] -1 58.8253679276
2005 [ 1.  0.  0.  0.] -1 91.6686325073
2006 [ 1.  0.  0.  0.] -1 100.64483223
2007 [ 1.  0.  0.  0.] -1 112.898862457
2008 [ 1.  0.  0.  0.] -1 130.316596985
2009 [ 1.  0.  0.  0.] -1 208.787269592
2010 [ 1.  0.  0.  0.] -1 218.427879333
2011 [ 1.  0.  0.  0.] -1 218.410107422
2012 [ 1.  0.  0.  0.] -1 220.238280487
2013 [ 1.  0.  0.  0.] -1 221.729091644
2014 [ 1.  0.  0.  0.] 0 222.729091644
2015 [ 0.  1.  0.  0.] -2 55.4429170609
2016 [ 0.  1.  0.  0.] -1 57.1314554214
2017 [ 0.  1.  0.  0.] -1 56.0192178726
2018 [ 0.  1.  0.  0.] -1 60.6138404846
2019 [ 0.  1.  0.  0.] -1 60.7546024323
2020 [ 0.  1.  0.  0.] -1 62.1498569489
2021 [ 0.  1.  0.  0.] -1 62.8314300537
2022 [ 0.  1.  0.  0.] -1 65.7679050446
2023 [ 0.  1.  0.  0.] -1 67.2041610718
2024 [ 0.  1.  0.  0.] -1 68.1189506531
2025 [ 0.  1.  0.  0.] -1 69.563143158
2026 [ 0.  1.  0.  0.] -1 75.8065418243
2027 [ 0.  1.  0.  0.] -1 78.1340751648
2028 [ 0.  1.  0.  0.] -1 78.8981803894
2029 [ 0.  1.  0.  0.] -1 78.8190475464
2030 [ 0.  1.  0.  0.] -1 79.2636425018
2031 [ 0.  1.  0.  0.] -1 80.1101493835
2032 [ 0.  1.  0.  0.] -1 81.4533782959
2033 [ 0.  1.  0.  0.] -1 81.9916454315
2034 [ 0.  1.  0.  0.] -1 86.2640361786
2035 [ 0.  1.  0.  0.] -1 87.1211322784
2036 [ 0.  1.  0.  0.] -1 87.7677051544
2037 [ 0.  1.  0.  0.] -1 88.5679847717
2038 [ 0.  1.  0.  0.] -1 90.2244255066
2039 [ 0.  1.  0.  0.] -1 91.0916034698
2040 [ 0.  1.  0.  0.] -1 93.402205658
2041 [ 0.  1.  0.  0.] -1 99.2629863739
2042 [ 0.  1.  0.  0.] -1 112.284165955
2043 [ 0.  1.  0.  0.] -1 120.26840744
2044 [ 0.  1.  0.  0.] -1 125.431640625
2045 [ 0.  1.  0.  0.] -1 126.490779877
2046 [ 0.  1.  0.  0.] 0 127.490779877
2047 [ 0.  0.  1.  0.] -2 91.9732589722
2048 [ 0.  0.  1.  0.] -1 92.9813114166
2049 [ 0.  0.  1.  0.] -1 93.6917167664
2050 [ 0.  0.  1.  0.] -1 80.1594135284
2051 [ 0.  0.  1.  0.] -1 79.7322208405
2052 [ 0.  0.  1.  0.] -1 79.7292201996
2053 [ 0.  0.  1.  0.] -1 80.4535633087
2054 [ 0.  0.  1.  0.] -1 73.5436237335
2055 [ 0.  0.  1.  0.] -1 73.5319908142
2056 [ 0.  0.  1.  0.] -1 73.4354701996
2057 [ 0.  0.  1.  0.] -1 75.622951889
2058 [ 0.  0.  1.  0.] -1 65.6206996918
2059 [ 0.  0.  1.  0.] -1 64.80677948
2060 [ 0.  0.  1.  0.] -1 63.793157196
2061 [ 0.  0.  1.  0.] -1 65.9969249725
2062 [ 0.  0.  1.  0.] -1 61.8027175903
2063 [ 0.  0.  1.  0.] -1 60.901525116
2064 [ 0.  0.  1.  0.] -1 60.9575298309
2065 [ 0.  0.  1.  0.] -1 62.6025840759
2066 [ 0.  0.  1.  0.] -1 35.5038108826
2067 [ 0.  0.  1.  0.] -1 34.7386003494
2068 [ 0.  0.  1.  0.] -1 34.6333532333
2069 [ 0.  0.  1.  0.] -1 37.5436487198
2070 [ 0.  0.  1.  0.] 0 38.5436487198
2071 [ 0.  0.  0.  1.] -2 34.7570026398
2072 [ 0.  0.  0.  1.] -1 34.5229564667
2073 [ 0.  0.  0.  1.] -1 31.9004652023
2074 [ 0.  0.  0.  1.] -1 30.8139867783
2075 [ 0.  0.  0.  1.] -1 30.0547376633
2076 [ 0.  0.  0.  1.] -1 29.3238623619
2077 [ 0.  0.  0.  1.] -1 27.7466106415
2078 [ 0.  0.  0.  1.] 0 28.7466106415
2079 [ 0.  0.  1.  0.] -2 20.6505151749
2080 [ 0.  0.  1.  0.] -1 22.2016111374
2081 [ 0.  0.  1.  0.] -1 22.7660414696
2082 [ 0.  0.  1.  0.] -1 24.4920278549
2083 [ 0.  0.  1.  0.] -1 23.9114165306
2084 [ 0.  0.  1.  0.] -1 24.0058334351
2085 [ 0.  0.  1.  0.] -1 25.8860574722
2086 [ 0.  0.  1.  0.] -1 20.9837513924
2087 [ 0.  0.  1.  0.] -1 20.8872126579
2088 [ 0.  0.  1.  0.] -1 20.7975920677
2089 [ 0.  0.  1.  0.] -1 22.1787729263
2090 [ 0.  0.  1.  0.] 0 23.1787729263
2091 [ 0.  0.  0.  1.] -2 21.594425106
2092 [ 0.  0.  0.  1.] -1 22.373408699
2093 [ 0.  0.  0.  1.] -1 17.7884620667
2094 [ 0.  0.  0.  1.] -1 17.2984353065
2095 [ 0.  0.  0.  1.] -1 17.0877635002
2096 [ 0.  0.  0.  1.] -1 17.0141082764
2097 [ 0.  0.  0.  1.] -1 16.7826476097
2098 [ 0.  0.  0.  1.] -1 16.993038559
2099 [ 0.  0.  0.  1.] -1 17.2017824173
2100 [ 0.  0.  0.  1.] -1 16.7106376648
2101 [ 0.  0.  0.  1.] -1 13.7883559227
2102 [ 0.  0.  0.  1.] -1 13.6304182053
2103 [ 0.  0.  0.  1.] -1 13.6284694195
2104 [ 0.  0.  0.  1.] -1 13.6057272434
2105 [ 0.  0.  0.  1.] -1 13.0171350479
2106 [ 0.  0.  0.  1.] -1 13.0452560902
2107 [ 0.  0.  0.  1.] -1 13.1698959351
2108 [ 0.  0.  0.  1.] -1 13.1605316162
2109 [ 0.  0.  0.  1.] -1 13.433623457
2110 [ 0.  0.  0.  1.] -1 13.7840243816
2111 [ 0.  0.  0.  1.] -1 13.9342004776
2112 [ 0.  0.  0.  1.] -1 14.1171390057
2113 [ 0.  0.  0.  1.] -1 13.7260726929
2114 [ 0.  0.  0.  1.] -1 13.9451892376
2115 [ 0.  0.  0.  1.] -1 14.2723234177
2116 [ 0.  0.  0.  1.] -1 14.4823465347
2117 [ 0.  0.  0.  1.] -1 13.5997205257
2118 [ 0.  0.  0.  1.] -1 13.5783418655
2119 [ 0.  0.  0.  1.] -1 13.624947834
2120 [ 0.  0.  0.  1.] -1 13.5868554592
2121 [ 0.  0.  0.  1.] -1 13.6944074154
2122 [ 0.  0.  0.  1.] -1 14.2357830048
2123 [ 0.  0.  0.  1.] -1 14.8218483925
2124 [ 0.  0.  0.  1.] -1 14.3390369415
2125 [ 0.  0.  0.  1.] -1 13.2053237915
2126 [ 0.  0.  0.  1.] 0 14.2053237915
2127 [ 0.  0.  1.  0.] -2 15.1698863029
2128 [ 0.  0.  1.  0.] -1 16.150793457
2129 [ 0.  0.  1.  0.] -1 16.4425496101
2130 [ 0.  0.  1.  0.] -1 16.1825955391
2131 [ 0.  0.  1.  0.] -1 15.4193002701
2132 [ 0.  0.  1.  0.] -1 15.4093688011
2133 [ 0.  0.  1.  0.] -1 16.5669330597
2134 [ 0.  0.  1.  0.] -1 12.5964654922
2135 [ 0.  0.  1.  0.] -1 12.3232132912
2136 [ 0.  0.  1.  0.] -1 12.5760272503
2137 [ 0.  0.  1.  0.] -1 13.371159935
2138 [ 0.  0.  1.  0.] 0 14.371159935
2139 [ 0.  0.  0.  1.] -2 12.2304550648
2140 [ 0.  0.  0.  1.] -1 13.6527037621
2141 [ 0.  0.  0.  1.] -1 12.9276277065
2142 [ 0.  0.  0.  1.] -1 13.0799645901
2143 [ 0.  0.  0.  1.] -1 13.1319648266
2144 [ 0.  0.  0.  1.] -1 13.489526701
2145 [ 0.  0.  0.  1.] -1 12.7989208698
2146 [ 0.  0.  0.  1.] -1 12.8447531223
2147 [ 0.  0.  0.  1.] -1 12.9636553288
2148 [ 0.  0.  0.  1.] -1 12.9682487011
2149 [ 0.  0.  0.  1.] -1 12.0872507572
2150 [ 0.  0.  0.  1.] -1 12.4737499714
2151 [ 0.  0.  0.  1.] -1 12.6312772751
2152 [ 0.  0.  0.  1.] -1 12.8969744205
2153 [ 0.  0.  0.  1.] -1 12.217784977
2154 [ 0.  0.  0.  1.] -1 12.3200640678
2155 [ 0.  0.  0.  1.] -1 12.0943256378
2156 [ 0.  0.  0.  1.] -1 11.900855875
2157 [ 0.  0.  0.  1.] -1 12.8081239223
2158 [ 0.  0.  0.  1.] -1 13.1868433952
2159 [ 0.  0.  0.  1.] -1 13.5547091007
2160 [ 0.  0.  0.  1.] -1 13.8416644096
2161 [ 0.  0.  0.  1.] -1 19.0538627625
2162 [ 0.  0.  0.  1.] 0 20.0538627625
2163 [ 0.  0.  1.  0.] -2 13.5569621086
2164 [ 0.  0.  1.  0.] -1 14.6744473457
2165 [ 0.  0.  1.  0.] -1 14.2806857109
2166 [ 0.  0.  1.  0.] -1 14.9757218361
2167 [ 0.  0.  1.  0.] -1 14.6761723518
2168 [ 0.  0.  1.  0.] -1 14.9567757607
2169 [ 0.  0.  1.  0.] -1 14.9910711288
2170 [ 0.  0.  1.  0.] -1 16.2289025307
2171 [ 0.  0.  1.  0.] -1 15.5657518387
2172 [ 0.  0.  1.  0.] -1 15.3141781807
2173 [ 0.  0.  1.  0.] -1 16.8464166641
2174 [ 0.  0.  1.  0.] 0 17.8464166641
2175 [ 0.  0.  0.  1.] -2 14.3813374519
2176 [ 0.  0.  0.  1.] -1 15.8174813271
2177 [ 0.  0.  0.  1.] -1 15.9612149239
2178 [ 0.  0.  0.  1.] -1 16.0375917435
2179 [ 0.  0.  0.  1.] -1 16.3368368149
2180 [ 0.  0.  0.  1.] -1 16.82483778
2181 [ 0.  0.  0.  1.] -1 18.2761694908
2182 [ 0.  0.  0.  1.] -1 18.7646035194
2183 [ 0.  0.  0.  1.] -1 18.9215826988
2184 [ 0.  0.  0.  1.] -1 19.1171842575
2185 [ 0.  0.  0.  1.] -1 21.204325676
2186 [ 0.  0.  0.  1.] 0 22.204325676
2187 [ 1.  0.  0.  0.] -2 26.1579432487
2188 [ 1.  0.  0.  0.] -1 27.0821027756
2189 [ 1.  0.  0.  0.] -1 28.8359864235
2190 [ 1.  0.  0.  0.] -1 28.2228373528
2191 [ 1.  0.  0.  0.] -1 29.312673378
2192 [ 1.  0.  0.  0.] -1 30.1992033005
2193 [ 1.  0.  0.  0.] -1 31.4120130539
2194 [ 1.  0.  0.  0.] -1 31.5912107468
2195 [ 1.  0.  0.  0.] -1 32.5338432312
2196 [ 1.  0.  0.  0.] -1 33.4867097855
2197 [ 1.  0.  0.  0.] -1 34.0033672333
2198 [ 1.  0.  0.  0.] 0 35.0033672333
2199 [ 0.  0.  0.  1.] -2 27.8079967499
2200 [ 0.  0.  0.  1.] -1 29.3203507423
2201 [ 0.  0.  0.  1.] -1 31.8534442902
2202 [ 0.  0.  0.  1.] -1 32.1556755066
2203 [ 0.  0.  0.  1.] -1 32.9074773788
2204 [ 0.  0.  0.  1.] -1 33.5137735367
2205 [ 0.  0.  0.  1.] -1 34.7467687607
2206 [ 0.  0.  0.  1.] -1 35.0283542633
2207 [ 0.  0.  0.  1.] -1 34.6789897919
2208 [ 0.  0.  0.  1.] -1 34.6975481033
2209 [ 0.  0.  0.  1.] -1 37.8376644135
2210 [ 0.  0.  0.  1.] -1 37.3996034622
2211 [ 0.  0.  0.  1.] -1 37.1877901077
2212 [ 0.  0.  0.  1.] -1 36.6076589584
2213 [ 0.  0.  0.  1.] -1 39.8948465347
2214 [ 0.  0.  0.  1.] -1 39.8998802185
2215 [ 0.  0.  0.  1.] -1 39.7378166199
2216 [ 0.  0.  0.  1.] -1 39.6115142822
2217 [ 0.  0.  0.  1.] -1 58.4727926254
2218 [ 0.  0.  0.  1.] -1 61.666268158
2219 [ 0.  0.  0.  1.] -1 62.1002159119
2220 [ 0.  0.  0.  1.] -1 66.3191894531
2221 [ 0.  0.  0.  1.] -1 73.4176113129
2222 [ 0.  0.  0.  1.] -1 28.9857140541
2223 [ 0.  0.  0.  1.] -1 26.216787529
2224 [ 0.  0.  0.  1.] -1 24.6641914368
2225 [ 0.  0.  0.  1.] -1 23.5116318703
2226 [ 0.  0.  0.  1.] -1 18.9412698746
2227 [ 0.  0.  0.  1.] -1 17.5764602661
2228 [ 0.  0.  0.  1.] -1 17.0921702385
2229 [ 0.  0.  0.  1.] -1 16.2624549866
2230 [ 0.  0.  0.  1.] -1 17.4215829849
2231 [ 0.  0.  0.  1.] -1 17.5116456985
2232 [ 0.  0.  0.  1.] -1 17.7629167557
2233 [ 0.  0.  0.  1.] -1 17.6900497437
2234 [ 0.  0.  0.  1.] -1 15.3896943092
2235 [ 0.  0.  0.  1.] 0 16.3896943092
2236 [ 0.  0.  1.  0.] -2 9.35408802032
2237 [ 0.  0.  1.  0.] -1 10.4710559368
2238 [ 0.  0.  1.  0.] -1 10.9169147491
2239 [ 0.  0.  1.  0.] -1 10.0655128002
2240 [ 0.  0.  1.  0.] -1 9.48239822388
2241 [ 0.  0.  1.  0.] -1 9.66972718239
2242 [ 0.  0.  1.  0.] -1 11.9208384037
2243 [ 0.  0.  1.  0.] -1 10.115846014
2244 [ 0.  0.  1.  0.] -1 9.44397244453
2245 [ 0.  0.  1.  0.] -1 9.64387202263
2246 [ 0.  0.  1.  0.] -1 10.1397831917
2247 [ 0.  0.  1.  0.] -1 8.42887339592
2248 [ 0.  0.  1.  0.] -1 8.54809994698
2249 [ 0.  0.  1.  0.] -1 9.09995965958
2250 [ 0.  0.  1.  0.] -1 10.5236559391
2251 [ 0.  0.  1.  0.] -1 12.7367155552
2252 [ 0.  0.  1.  0.] -1 12.8665032387
2253 [ 0.  0.  1.  0.] -1 14.0456228256
2254 [ 0.  0.  1.  0.] -1 15.2059739113
2255 [ 0.  0.  1.  0.] -1 28.4853155136
2256 [ 0.  0.  1.  0.] -1 26.403486824
2257 [ 0.  0.  1.  0.] -1 24.9188146591
2258 [ 0.  0.  1.  0.] -1 32.2492136002
2259 [ 0.  0.  1.  0.] -1 34.7892887115
2260 [ 0.  0.  1.  0.] -1 32.4282953262
2261 [ 0.  0.  1.  0.] -1 35.6130226135
2262 [ 0.  0.  1.  0.] 9 47.5511322021
2263 [ 0.  0.  1.  0.] -1 30.6253269196
2264 [ 0.  0.  1.  0.] -1 30.5402362823
2265 [ 0.  0.  1.  0.] -1 31.8773696899
2266 [ 0.  0.  1.  0.] 9 46.7444417953
2267 [ 0.  0.  1.  0.] -1 42.8046527863
2268 [ 0.  0.  1.  0.] -1 43.2598152161
2269 [ 0.  0.  1.  0.] -1 44.740337944
2270 [ 0.  0.  1.  0.] -1 50.0327617645
2271 [ 0.  0.  1.  0.] -1 67.04933815
2272 [ 0.  0.  1.  0.] -1 66.1408107758
2273 [ 0.  0.  1.  0.] -1 66.337323761
2274 [ 0.  0.  1.  0.] -1 70.7905212402
2275 [ 0.  0.  1.  0.] -1 77.08409729
2276 [ 0.  0.  1.  0.] -1 76.5205348969
2277 [ 0.  0.  1.  0.] -1 77.0781684875
2278 [ 0.  0.  1.  0.] -1 78.8280784607
2279 [ 0.  0.  1.  0.] -1 83.4128547668
2280 [ 0.  0.  1.  0.] -1 83.4558784485
2281 [ 0.  0.  1.  0.] -1 84.7027172089
2282 [ 0.  0.  1.  0.] -1 88.4262008667
2283 [ 0.  0.  1.  0.] -1 90.0209980011
2284 [ 0.  0.  1.  0.] -1 91.3829120636
2285 [ 0.  0.  1.  0.] -1 91.7055389404
2286 [ 0.  0.  1.  0.] -1 93.7877807617
2287 [ 0.  0.  1.  0.] 0 94.7877807617
2288 [ 0.  0.  0.  1.] -2 87.3712760925
2289 [ 0.  0.  0.  1.] -1 88.8013244629
2290 [ 0.  0.  0.  1.] 9 91.7003803253
2291 [ 0.  0.  0.  1.] -1 81.8996547699
2292 [ 0.  0.  0.  1.] -1 80.9200977325
2293 [ 0.  0.  0.  1.] -1 79.8101215363
2294 [ 0.  0.  0.  1.] 9 87.1892936707
2295 [ 0.  0.  0.  1.] -1 77.5108913422
2296 [ 0.  0.  0.  1.] -1 77.3195823669
2297 [ 0.  0.  0.  1.] -1 75.1420883179
2298 [ 0.  0.  0.  1.] -1 65.4441692352
2299 [ 0.  0.  0.  1.] 0 66.4441692352
2300 [ 0.  0.  1.  0.] -2 75.8981372833
2301 [ 0.  0.  1.  0.] -1 77.257409668
2302 [ 0.  0.  1.  0.] -1 80.3547306061
2303 [ 0.  0.  1.  0.] -1 84.6696304321
2304 [ 0.  0.  1.  0.] -1 84.1244850159
2305 [ 0.  0.  1.  0.] -1 84.192231369
2306 [ 0.  0.  1.  0.] -1 85.5161735535
2307 [ 0.  0.  1.  0.] -1 85.6136219025
2308 [ 0.  0.  1.  0.] -1 85.6227470398
2309 [ 0.  0.  1.  0.] -1 86.7413337708
2310 [ 0.  0.  1.  0.] -1 88.9628299713
2311 [ 0.  0.  1.  0.] 0 89.9628299713
2312 [ 0.  1.  0.  0.] -2 112.868352127
2313 [ 0.  1.  0.  0.] -1 113.967134094
2314 [ 0.  1.  0.  0.] -1 114.23898201
2315 [ 0.  1.  0.  0.] -1 114.841052628
2316 [ 0.  1.  0.  0.] -1 116.577800369
2317 [ 0.  1.  0.  0.] -1 118.199755478
2318 [ 0.  1.  0.  0.] -1 121.6537323
2319 [ 0.  1.  0.  0.] -1 136.425379944
2320 [ 0.  1.  0.  0.] -1 138.132860565
2321 [ 0.  1.  0.  0.] -1 140.153031158
2322 [ 0.  1.  0.  0.] -1 139.676422119
2323 [ 0.  1.  0.  0.] -1 147.845123291
2324 [ 0.  1.  0.  0.] -1 147.853690338
2325 [ 0.  1.  0.  0.] -1 150.349658203
2326 [ 0.  1.  0.  0.] -1 150.141526794
2327 [ 0.  1.  0.  0.] -1 167.397632599
2328 [ 0.  1.  0.  0.] -1 171.325428009
2329 [ 0.  1.  0.  0.] -1 173.128421783
2330 [ 0.  1.  0.  0.] -1 174.874011993
2331 [ 0.  1.  0.  0.] 0 175.874011993
2332 [ 1.  0.  0.  0.] -2 141.993275452
2333 [ 1.  0.  0.  0.] -1 145.053614044
2334 [ 1.  0.  0.  0.] -1 153.906417847
2335 [ 1.  0.  0.  0.] -1 153.622473145
2336 [ 1.  0.  0.  0.] -1 151.228411102
2337 [ 1.  0.  0.  0.] -1 149.883805084
2338 [ 1.  0.  0.  0.] -1 144.880388641
2339 [ 1.  0.  0.  0.] -1 143.527157593
2340 [ 1.  0.  0.  0.] -1 139.515344238
2341 [ 1.  0.  0.  0.] -1 141.243336487
2342 [ 1.  0.  0.  0.] -1 118.539588928
2343 [ 1.  0.  0.  0.] 0 119.539588928
2344 [ 0.  0.  0.  1.] -2 96.1616462708
2345 [ 0.  0.  0.  1.] -1 95.6516571045
2346 [ 0.  0.  0.  1.] -1 92.9048458099
2347 [ 0.  0.  0.  1.] -1 93.9072048187
2348 [ 0.  0.  0.  1.] -1 93.8693271637
2349 [ 0.  0.  0.  1.] -1 94.1915119171
2350 [ 0.  0.  0.  1.] -1 88.4151332855
2351 [ 0.  0.  0.  1.] -1 90.1516563416
2352 [ 0.  0.  0.  1.] -1 91.2020763397
2353 [ 0.  0.  0.  1.] -1 92.1194171906
2354 [ 0.  0.  0.  1.] -1 83.8626754761
2355 [ 0.  0.  0.  1.] -1 83.4440135956
2356 [ 0.  0.  0.  1.] -1 81.9910076141
2357 [ 0.  0.  0.  1.] -1 80.4992034912
2358 [ 0.  0.  0.  1.] -1 77.1892936707
2359 [ 0.  0.  0.  1.] -1 77.5108913422
2360 [ 0.  0.  0.  1.] -1 77.3195823669
2361 [ 0.  0.  0.  1.] -1 75.1420883179
2362 [ 0.  0.  0.  1.] -1 65.4441692352
2363 [ 0.  0.  0.  1.] 0 66.4441692352
2364 [ 0.  0.  1.  0.] -2 75.8981372833
2365 [ 0.  0.  1.  0.] -1 77.257409668
2366 [ 0.  0.  1.  0.] -1 80.3547306061
2367 [ 0.  0.  1.  0.] -1 84.6696304321
2368 [ 0.  0.  1.  0.] -1 84.1244850159
2369 [ 0.  0.  1.  0.] -1 84.192231369
2370 [ 0.  0.  1.  0.] -1 85.5161735535
2371 [ 0.  0.  1.  0.] -1 85.6136219025
2372 [ 0.  0.  1.  0.] -1 85.6227470398
2373 [ 0.  0.  1.  0.] -1 86.7413337708
2374 [ 0.  0.  1.  0.] -1 88.9628299713
2375 [ 0.  0.  1.  0.] 0 89.9628299713
2376 [ 0.  1.  0.  0.] -2 112.868352127
2377 [ 0.  1.  0.  0.] -1 113.967134094
2378 [ 0.  1.  0.  0.] -1 114.23898201
2379 [ 0.  1.  0.  0.] -1 114.841052628
2380 [ 0.  1.  0.  0.] -1 116.577800369
2381 [ 0.  1.  0.  0.] -1 118.199755478
2382 [ 0.  1.  0.  0.] -1 121.6537323
2383 [ 0.  1.  0.  0.] -1 136.425379944
2384 [ 0.  1.  0.  0.] -1 138.132860565
2385 [ 0.  1.  0.  0.] -1 140.153031158
2386 [ 0.  1.  0.  0.] -1 139.676422119
2387 [ 0.  1.  0.  0.] -1 147.845123291
2388 [ 0.  1.  0.  0.] -1 147.853690338
2389 [ 0.  1.  0.  0.] -1 150.349658203
2390 [ 0.  1.  0.  0.] -1 150.141526794
2391 [ 0.  1.  0.  0.] -1 167.397632599
2392 [ 0.  1.  0.  0.] -1 171.325428009
2393 [ 0.  1.  0.  0.] -1 173.128421783
2394 [ 0.  1.  0.  0.] -1 174.874011993
2395 [ 0.  1.  0.  0.] 0 175.874011993
2396 [ 1.  0.  0.  0.] -2 141.993275452
2397 [ 1.  0.  0.  0.] -1 145.053614044
2398 [ 1.  0.  0.  0.] -1 153.906417847
2399 [ 1.  0.  0.  0.] -1 153.622473145
2400 [ 1.  0.  0.  0.] -1 151.228411102
2401 [ 1.  0.  0.  0.] -1 149.883805084
2402 [ 1.  0.  0.  0.] -1 144.880388641
2403 [ 1.  0.  0.  0.] -1 143.527157593
2404 [ 1.  0.  0.  0.] -1 139.515344238
2405 [ 1.  0.  0.  0.] -1 141.243336487
2406 [ 1.  0.  0.  0.] -1 118.539588928
2407 [ 1.  0.  0.  0.] 0 119.539588928
2408 [ 0.  0.  0.  1.] -2 96.1616462708
2409 [ 0.  0.  0.  1.] -1 95.6516571045
2410 [ 0.  0.  0.  1.] -1 92.9048458099
2411 [ 0.  0.  0.  1.] -1 93.9072048187
2412 [ 0.  0.  0.  1.] -1 93.8693271637
2413 [ 0.  0.  0.  1.] -1 94.1915119171
2414 [ 0.  0.  0.  1.] -1 88.4151332855
2415 [ 0.  0.  0.  1.] 0 89.4151332855
2416 [ 1.  0.  0.  0.] -2 98.5661380768
2417 [ 1.  0.  0.  0.] -1 97.6217590332
2418 [ 1.  0.  0.  0.] -1 81.138079071
2419 [ 1.  0.  0.  0.] -1 79.6706859589
2420 [ 1.  0.  0.  0.] -1 79.1765224457
2421 [ 1.  0.  0.  0.] -1 79.3929672241
2422 [ 1.  0.  0.  0.] -1 83.9960952759
2423 [ 1.  0.  0.  0.] -1 84.5249401093
2424 [ 1.  0.  0.  0.] -1 83.1744342804
2425 [ 1.  0.  0.  0.] -1 83.9291172028
2426 [ 1.  0.  0.  0.] -1 76.2177165985
2427 [ 1.  0.  0.  0.] -1 74.7612823486
2428 [ 1.  0.  0.  0.] -1 74.6720096588
2429 [ 1.  0.  0.  0.] -1 74.9842792511
2430 [ 1.  0.  0.  0.] -1 56.0591358185
2431 [ 1.  0.  0.  0.] -1 55.3493139267
2432 [ 1.  0.  0.  0.] -1 55.3459255219
2433 [ 1.  0.  0.  0.] -1 55.26301651
2434 [ 1.  0.  0.  0.] -1 52.1212259293
2435 [ 1.  0.  0.  0.] -1 51.9396255493
2436 [ 1.  0.  0.  0.] -1 51.7476787567
2437 [ 1.  0.  0.  0.] -1 53.2147457123
2438 [ 1.  0.  0.  0.] -1 50.41277771
2439 [ 1.  0.  0.  0.] -1 50.9800945282
2440 [ 1.  0.  0.  0.] -1 50.2071540833
2441 [ 1.  0.  0.  0.] -1 51.3966508865
2442 [ 1.  0.  0.  0.] -1 49.802158165
2443 [ 1.  0.  0.  0.] 0 50.802158165
2444 [ 0.  0.  0.  1.] -2 24.7094762802
2445 [ 0.  0.  0.  1.] -1 25.334642601
2446 [ 0.  0.  0.  1.] -1 27.2609380722
2447 [ 0.  0.  0.  1.] -1 29.2821070671
2448 [ 0.  0.  0.  1.] -1 30.6800451279
2449 [ 0.  0.  0.  1.] -1 32.5381521225
2450 [ 0.  0.  0.  1.] -1 43.028486824
2451 [ 0.  0.  0.  1.] -1 43.5184066772
2452 [ 0.  0.  0.  1.] -1 48.9855381012
2453 [ 0.  0.  0.  1.] -1 50.8238256454
2454 [ 0.  0.  0.  1.] -1 55.3974437714
2455 [ 0.  0.  0.  1.] -1 55.0038814545
2456 [ 0.  0.  0.  1.] -1 55.3042934418
2457 [ 0.  0.  0.  1.] -1 56.8342071533
2458 [ 0.  0.  0.  1.] -1 51.09616642
2459 [ 0.  0.  0.  1.] -1 51.2530658722
2460 [ 0.  0.  0.  1.] -1 51.8664831161
2461 [ 0.  0.  0.  1.] -1 54.5801424026
2462 [ 0.  0.  0.  1.] -1 62.8529853821
2463 [ 0.  0.  0.  1.] -1 66.1593799591
2464 [ 0.  0.  0.  1.] -1 76.2874633789
2465 [ 0.  0.  0.  1.] -1 82.7991874695
2466 [ 0.  0.  0.  1.] -1 62.6835578918
2467 [ 0.  0.  0.  1.] -1 67.6961212158
2468 [ 0.  0.  0.  1.] -1 72.9078430176
2469 [ 0.  0.  0.  1.] -1 76.6269126892
2470 [ 0.  0.  0.  1.] -1 51.179151535
2471 [ 0.  0.  0.  1.] -1 52.2385625839
2472 [ 0.  0.  0.  1.] -1 57.8828187943
2473 [ 0.  0.  0.  1.] -1 55.2729171753
2474 [ 0.  0.  0.  1.] -1 48.6901779175
2475 [ 0.  0.  0.  1.] -1 49.0626306534
2476 [ 0.  0.  0.  1.] -1 51.6713726044
2477 [ 0.  0.  0.  1.] -1 50.3974555969
2478 [ 0.  0.  0.  1.] -1 21.1714092255
2479 [ 0.  0.  0.  1.] -1 18.8325582504
2480 [ 0.  0.  0.  1.] -1 18.9821699142
2481 [ 0.  0.  0.  1.] -1 15.9890469551
2482 [ 0.  0.  0.  1.] -101 -101
