0 [ 0.  1.  0.  0.] -1 66.8995887756
1 [ 0.  1.  0.  0.] -1 67.8311500549
2 [ 0.  1.  0.  0.] -1 70.2424549103
3 [ 0.  1.  0.  0.] -1 73.4773269653
4 [ 0.  1.  0.  0.] -1 74.2379749298
5 [ 0.  1.  0.  0.] 9 84.8364505768
6 [ 0.  1.  0.  0.] 0 75.8364505768
7 [ 1.  0.  0.  0.] -2 79.8516773224
8 [ 1.  0.  0.  0.] -1 80.6168590546
9 [ 1.  0.  0.  0.] 9 84.4857162476
10 [ 1.  0.  0.  0.] -1 76.4021762848
11 [ 1.  0.  0.  0.] -1 76.6900348663
12 [ 1.  0.  0.  0.] -1 77.199955368
13 [ 1.  0.  0.  0.] 9 78.5913486481
14 [ 1.  0.  0.  0.] -1 68.950497818
15 [ 1.  0.  0.  0.] -1 67.831244278
16 [ 1.  0.  0.  0.] -1 69.4011955261
17 [ 1.  0.  0.  0.] 9 79.4123500824
18 [ 1.  0.  0.  0.] 0 70.4123500824
19 [ 0.  1.  0.  0.] -2 53.695971489
20 [ 0.  1.  0.  0.] -1 53.8034040451
21 [ 0.  1.  0.  0.] 9 64.515331459
22 [ 0.  1.  0.  0.] -1 57.9312458038
23 [ 0.  1.  0.  0.] -1 57.775948143
24 [ 0.  1.  0.  0.] -1 59.1074317932
25 [ 0.  1.  0.  0.] 9 70.3104785919
26 [ 0.  1.  0.  0.] -1 65.7028259277
27 [ 0.  1.  0.  0.] -1 66.2947422028
28 [ 0.  1.  0.  0.] -1 66.0993598938
29 [ 0.  1.  0.  0.] 9 76.7318500519
30 [ 0.  1.  0.  0.] 0 67.7318500519
31 [ 1.  0.  0.  0.] -2 89.7532993317
32 [ 1.  0.  0.  0.] -1 92.2296581268
33 [ 1.  0.  0.  0.] 9 113.373516464
34 [ 1.  0.  0.  0.] -1 106.612273407
35 [ 1.  0.  0.  0.] -1 108.401604843
36 [ 1.  0.  0.  0.] -1 110.869849396
37 [ 1.  0.  0.  0.] 9 134.124245453
38 [ 1.  0.  0.  0.] -1 128.308660889
39 [ 1.  0.  0.  0.] -1 139.878479767
40 [ 1.  0.  0.  0.] -1 141.297724915
41 [ 1.  0.  0.  0.] 9 148.17210083
42 [ 1.  0.  0.  0.] 0 139.17210083
43 [ 0.  1.  0.  0.] -2 88.055197525
44 [ 0.  1.  0.  0.] -1 89.0913719177
45 [ 0.  1.  0.  0.] 9 98.9549949646
46 [ 0.  1.  0.  0.] -1 93.2388881683
47 [ 0.  1.  0.  0.] -1 95.159646225
48 [ 0.  1.  0.  0.] -1 96.1724639893
49 [ 0.  1.  0.  0.] 9 105.85354805
50 [ 0.  1.  0.  0.] -1 101.972122955
51 [ 0.  1.  0.  0.] -1 104.032178879
52 [ 0.  1.  0.  0.] -1 105.299369812
53 [ 0.  1.  0.  0.] 9 115.390802383
54 [ 0.  1.  0.  0.] 0 106.390802383
55 [ 0.  0.  1.  0.] -2 83.759859848
56 [ 0.  0.  1.  0.] -1 84.1593185425
57 [ 0.  0.  1.  0.] 9 95.5916534424
58 [ 0.  0.  1.  0.] -1 75.464490509
59 [ 0.  0.  1.  0.] -1 74.9046535492
60 [ 0.  0.  1.  0.] -1 74.0148548126
61 [ 0.  0.  1.  0.] 9 86.2568191528
62 [ 0.  0.  1.  0.] -1 68.5335971832
63 [ 0.  0.  1.  0.] -1 68.2673736572
64 [ 0.  0.  1.  0.] -1 67.5110527039
65 [ 0.  0.  1.  0.] 9 78.2147754669
66 [ 0.  0.  1.  0.] -1 62.965668869
67 [ 0.  0.  1.  0.] -1 62.3278659821
68 [ 0.  0.  1.  0.] -1 61.8332386017
69 [ 0.  0.  1.  0.] 9 73.3786846161
70 [ 0.  0.  1.  0.] -1 64.3919155121
71 [ 0.  0.  1.  0.] -1 63.6863227844
72 [ 0.  0.  1.  0.] -1 63.0457366943
73 [ 0.  0.  1.  0.] 9 73.9526550293
74 [ 0.  0.  1.  0.] -1 51.2827461243
75 [ 0.  0.  1.  0.] -1 51.094426918
76 [ 0.  0.  1.  0.] -1 51.1234657288
77 [ 0.  0.  1.  0.] 9 62.0789016724
78 [ 0.  0.  1.  0.] 0 53.0789016724
79 [ 0.  0.  0.  1.] -2 49.8131639481
80 [ 0.  0.  0.  1.] -1 50.6453092575
81 [ 0.  0.  0.  1.] 9 60.3421792984
82 [ 0.  0.  0.  1.] -1 50.2428501129
83 [ 0.  0.  0.  1.] -1 50.2772813797
84 [ 0.  0.  0.  1.] -1 50.5975780487
85 [ 0.  0.  0.  1.] 9 60.3718486786
86 [ 0.  0.  0.  1.] -1 50.6072576523
87 [ 0.  0.  0.  1.] -1 51.7161502838
88 [ 0.  0.  0.  1.] -1 51.9146492004
89 [ 0.  0.  0.  1.] 9 59.4349782944
90 [ 0.  0.  0.  1.] -1 49.3746284485
91 [ 0.  0.  0.  1.] -1 49.7077865601
92 [ 0.  0.  0.  1.] -1 51.8289533615
93 [ 0.  0.  0.  1.] 9 56.1815986633
94 [ 0.  0.  0.  1.] -1 45.9322338104
95 [ 0.  0.  0.  1.] -1 46.9349552155
96 [ 0.  0.  0.  1.] -1 47.8553728104
97 [ 0.  0.  0.  1.] 9 59.1676748276
98 [ 0.  0.  0.  1.] -1 48.8329294205
99 [ 0.  0.  0.  1.] -1 59.9129734039
100 [ 0.  0.  0.  1.] -1 58.1096607208
101 [ 0.  0.  0.  1.] -1 51.4415300369
102 [ 0.  0.  0.  1.] -1 51.2737804413
103 [ 0.  0.  0.  1.] -1 50.8917205811
104 [ 0.  0.  0.  1.] -1 50.9174905777
105 [ 0.  0.  0.  1.] -1 43.1466533661
106 [ 0.  0.  0.  1.] -1 41.8776758194
107 [ 0.  0.  0.  1.] -1 44.0784030914
108 [ 0.  0.  0.  1.] -1 47.2716938019
109 [ 0.  0.  0.  1.] -1 38.5147909164
110 [ 0.  0.  0.  1.] -1 40.815039444
111 [ 0.  0.  0.  1.] -1 44.4136159897
112 [ 0.  0.  0.  1.] -1 48.9311859131
113 [ 0.  0.  0.  1.] 9 58.0933765411
114 [ 0.  0.  0.  1.] 0 49.0933765411
115 [ 1.  0.  0.  0.] -2 107.759000015
116 [ 1.  0.  0.  0.] -1 110.252920532
117 [ 1.  0.  0.  0.] 9 138.232282257
118 [ 1.  0.  0.  0.] -1 138.949121857
119 [ 1.  0.  0.  0.] -1 143.40188446
120 [ 1.  0.  0.  0.] -1 145.339370728
121 [ 1.  0.  0.  0.] 9 125.774781036
122 [ 1.  0.  0.  0.] -1 117.541926575
123 [ 1.  0.  0.  0.] -1 116.63155098
124 [ 1.  0.  0.  0.] -1 121.339186859
125 [ 1.  0.  0.  0.] 9 139.085565948
126 [ 1.  0.  0.  0.] 0 130.085565948
127 [ 0.  0.  0.  1.] -2 73.1438968658
128 [ 0.  0.  0.  1.] -1 74.9077411652
129 [ 0.  0.  0.  1.] 9 90.5485111237
130 [ 0.  0.  0.  1.] -1 85.2855083466
131 [ 0.  0.  0.  1.] -1 87.1916908264
132 [ 0.  0.  0.  1.] -1 87.5290164948
133 [ 0.  0.  0.  1.] 9 104.917985916
134 [ 0.  0.  0.  1.] -1 100.092011261
135 [ 0.  0.  0.  1.] -1 103.014707947
136 [ 0.  0.  0.  1.] -1 108.17330246
137 [ 0.  0.  0.  1.] 9 163.840795135
138 [ 0.  0.  0.  1.] 0 154.840795135
139 [ 1.  0.  0.  0.] -2 221.826369476
140 [ 1.  0.  0.  0.] -1 229.623995209
141 [ 1.  0.  0.  0.] 9 258.087489319
142 [ 1.  0.  0.  0.] -1 262.523210144
143 [ 1.  0.  0.  0.] -1 266.467501831
144 [ 1.  0.  0.  0.] -1 279.439228821
145 [ 1.  0.  0.  0.] 9 354.808668518
146 [ 1.  0.  0.  0.] -1 358.098231506
147 [ 1.  0.  0.  0.] -1 357.088653564
148 [ 1.  0.  0.  0.] -1 362.535324097
149 [ 1.  0.  0.  0.] 9 366.905049133
150 [ 1.  0.  0.  0.] 0 357.905049133
151 [ 0.  1.  0.  0.] -2 148.840187073
152 [ 0.  1.  0.  0.] -1 147.2887146
153 [ 0.  1.  0.  0.] 9 157.320503998
154 [ 0.  1.  0.  0.] -1 147.740115356
155 [ 0.  1.  0.  0.] -1 149.347516632
156 [ 0.  1.  0.  0.] -1 150.252362061
157 [ 0.  1.  0.  0.] 9 159.031637573
158 [ 0.  1.  0.  0.] -1 127.075020599
159 [ 0.  1.  0.  0.] -1 124.876971436
160 [ 0.  1.  0.  0.] -1 123.484906006
161 [ 0.  1.  0.  0.] 9 132.468239594
162 [ 0.  1.  0.  0.] -1 115.586610413
163 [ 0.  1.  0.  0.] -1 115.389952469
164 [ 0.  1.  0.  0.] -1 114.113085556
165 [ 0.  1.  0.  0.] 9 122.658666229
166 [ 0.  1.  0.  0.] -1 105.85767746
167 [ 0.  1.  0.  0.] -1 106.958311081
168 [ 0.  1.  0.  0.] -1 107.01524353
169 [ 0.  1.  0.  0.] 9 115.837622452
170 [ 0.  1.  0.  0.] -1 110.498581696
171 [ 0.  1.  0.  0.] -1 110.503191376
172 [ 0.  1.  0.  0.] -1 110.51683197
173 [ 0.  1.  0.  0.] 9 120.904704666
174 [ 0.  1.  0.  0.] -1 107.146191788
175 [ 0.  1.  0.  0.] -1 108.910097504
176 [ 0.  1.  0.  0.] -1 109.942810822
177 [ 0.  1.  0.  0.] 9 118.721905136
178 [ 0.  1.  0.  0.] -1 114.221420288
179 [ 0.  1.  0.  0.] -1 116.211425018
180 [ 0.  1.  0.  0.] -1 118.245040512
181 [ 0.  1.  0.  0.] 9 129.651108932
182 [ 0.  1.  0.  0.] -1 126.267529297
183 [ 0.  1.  0.  0.] -1 128.353858948
184 [ 0.  1.  0.  0.] -1 128.646834564
185 [ 0.  1.  0.  0.] -1 127.043999481
186 [ 0.  1.  0.  0.] 0 128.043999481
187 [ 0.  0.  1.  0.] -2 92.9593608856
188 [ 0.  0.  1.  0.] -1 94.1804805756
189 [ 0.  0.  1.  0.] -1 97.1479766846
190 [ 0.  0.  1.  0.] -1 82.4562664032
191 [ 0.  0.  1.  0.] -1 81.5146450043
192 [ 0.  0.  1.  0.] -1 81.0079425812
193 [ 0.  0.  1.  0.] -1 86.8487915039
194 [ 0.  0.  1.  0.] -1 69.7094715118
195 [ 0.  0.  1.  0.] -1 70.0082454681
196 [ 0.  0.  1.  0.] -1 68.7370319366
197 [ 0.  0.  1.  0.] -1 71.123273468
198 [ 0.  0.  1.  0.] 0 72.123273468
199 [ 0.  0.  0.  1.] -2 78.363968277
200 [ 0.  0.  0.  1.] -1 78.8703990936
201 [ 0.  0.  0.  1.] -1 65.7334339142
202 [ 0.  0.  0.  1.] -1 65.4040592194
203 [ 0.  0.  0.  1.] -1 64.6695980072
204 [ 0.  0.  0.  1.] -1 64.8731052399
205 [ 0.  0.  0.  1.] -1 66.5885368347
206 [ 0.  0.  0.  1.] -1 68.7640159607
207 [ 0.  0.  0.  1.] -1 71.9934883118
208 [ 0.  0.  0.  1.] -1 71.687437439
209 [ 0.  0.  0.  1.] -1 68.6877750397
210 [ 0.  0.  0.  1.] 0 69.6877750397
211 [ 0.  0.  1.  0.] -2 43.1533575058
212 [ 0.  0.  1.  0.] -1 44.8955087662
213 [ 0.  0.  1.  0.] -1 47.4295101166
214 [ 0.  0.  1.  0.] -1 51.2845399857
215 [ 0.  0.  1.  0.] -1 49.2185661316
216 [ 0.  0.  1.  0.] -1 49.5300457001
217 [ 0.  0.  1.  0.] -1 52.6408622742
218 [ 0.  0.  1.  0.] -1 45.6401315689
219 [ 0.  0.  1.  0.] -1 44.7082513809
220 [ 0.  0.  1.  0.] -1 44.7203119278
221 [ 0.  0.  1.  0.] -1 53.7077314377
222 [ 0.  0.  1.  0.] 0 54.7077314377
223 [ 0.  1.  0.  0.] -2 73.8509391785
224 [ 0.  1.  0.  0.] -1 73.6281345367
225 [ 0.  1.  0.  0.] -1 73.0513736725
226 [ 0.  1.  0.  0.] -1 71.5547496796
227 [ 0.  1.  0.  0.] -1 71.6596054077
228 [ 0.  1.  0.  0.] -1 74.3220291138
229 [ 0.  1.  0.  0.] -1 77.140297699
230 [ 0.  1.  0.  0.] -1 72.223443222
231 [ 0.  1.  0.  0.] -1 70.9923904419
232 [ 0.  1.  0.  0.] -1 70.836038208
233 [ 0.  1.  0.  0.] -1 69.3618320465
234 [ 0.  1.  0.  0.] 0 70.3618320465
235 [ 0.  0.  1.  0.] -2 59.7851306915
236 [ 0.  0.  1.  0.] -1 61.9454509735
237 [ 0.  0.  1.  0.] 9 75.67330513
238 [ 0.  0.  1.  0.] -1 62.5636627197
239 [ 0.  0.  1.  0.] -1 63.7604183197
240 [ 0.  0.  1.  0.] -1 62.6406356812
241 [ 0.  0.  1.  0.] 9 78.1299385071
242 [ 0.  0.  1.  0.] -1 58.0076316833
243 [ 0.  0.  1.  0.] -1 59.22495327
244 [ 0.  0.  1.  0.] -1 58.801899147
245 [ 0.  0.  1.  0.] 9 72.5149421692
246 [ 0.  0.  1.  0.] 0 63.5149421692
247 [ 0.  1.  0.  0.] -2 79.2647331238
248 [ 0.  1.  0.  0.] -1 78.8576282501
249 [ 0.  1.  0.  0.] 9 90.4873241425
250 [ 0.  1.  0.  0.] -1 84.8013179779
251 [ 0.  1.  0.  0.] -1 86.0356105804
252 [ 0.  1.  0.  0.] -1 86.0771701813
253 [ 0.  1.  0.  0.] 9 97.727740097
254 [ 0.  1.  0.  0.] -1 95.3979000092
255 [ 0.  1.  0.  0.] -1 96.5161678314
256 [ 0.  1.  0.  0.] -1 96.8662425995
257 [ 0.  1.  0.  0.] 9 108.326344299
258 [ 0.  1.  0.  0.] -1 104.26335144
259 [ 0.  1.  0.  0.] -1 107.777022171
260 [ 0.  1.  0.  0.] -1 107.720807266
261 [ 0.  1.  0.  0.] 9 119.377639389
262 [ 0.  1.  0.  0.] -1 104.20771637
263 [ 0.  1.  0.  0.] -1 104.373606873
264 [ 0.  1.  0.  0.] -1 105.173661804
265 [ 0.  1.  0.  0.] 9 117.040633011
266 [ 0.  1.  0.  0.] -1 109.182286072
267 [ 0.  1.  0.  0.] -1 109.945064926
268 [ 0.  1.  0.  0.] -1 109.932497025
269 [ 0.  1.  0.  0.] 9 120.348201752
270 [ 0.  1.  0.  0.] 0 111.348201752
271 [ 0.  0.  1.  0.] -2 89.4490894318
272 [ 0.  0.  1.  0.] -1 91.2001918793
273 [ 0.  0.  1.  0.] 9 106.365860367
274 [ 0.  0.  1.  0.] -1 101.68420639
275 [ 0.  0.  1.  0.] -1 100.706780243
276 [ 0.  0.  1.  0.] -1 101.070879745
277 [ 0.  0.  1.  0.] 9 115.101530457
278 [ 0.  0.  1.  0.] -1 95.4670742035
279 [ 0.  0.  1.  0.] -1 95.2541519165
280 [ 0.  0.  1.  0.] -1 95.2685462952
281 [ 0.  0.  1.  0.] 9 110.88341217
282 [ 0.  0.  1.  0.] 0 101.88341217
283 [ 0.  0.  0.  1.] -2 89.9877262115
284 [ 0.  0.  0.  1.] -1 91.9587306976
285 [ 0.  0.  0.  1.] -1 80.5864250183
286 [ 0.  0.  0.  1.] -1 82.028327179
287 [ 0.  0.  0.  1.] -1 83.2267498016
288 [ 0.  0.  0.  1.] -1 84.7671512604
289 [ 0.  0.  0.  1.] -1 86.6984115601
290 [ 0.  0.  0.  1.] -1 87.292357254
291 [ 0.  0.  0.  1.] -1 91.7669578552
292 [ 0.  0.  0.  1.] -1 91.2558704376
293 [ 0.  0.  0.  1.] -1 81.1039123535
294 [ 0.  0.  0.  1.] 0 82.1039123535
295 [ 0.  0.  1.  0.] -2 95.7948505402
296 [ 0.  0.  1.  0.] -1 96.2626644135
297 [ 0.  0.  1.  0.] -1 101.587055206
298 [ 0.  0.  1.  0.] -1 116.202096939
299 [ 0.  0.  1.  0.] -1 114.321202469
300 [ 0.  0.  1.  0.] -1 114.67252388
301 [ 0.  0.  1.  0.] -1 120.310988998
302 [ 0.  0.  1.  0.] -1 137.873587799
303 [ 0.  0.  1.  0.] -1 135.953960419
304 [ 0.  0.  1.  0.] -1 136.609143829
305 [ 0.  0.  1.  0.] -1 137.326398468
306 [ 0.  0.  1.  0.] 0 138.326398468
307 [ 0.  0.  0.  1.] -2 120.920484924
308 [ 0.  0.  0.  1.] -1 125.106716156
309 [ 0.  0.  0.  1.] -1 123.31197052
310 [ 0.  0.  0.  1.] -1 120.962483215
311 [ 0.  0.  0.  1.] -1 125.385761261
312 [ 0.  0.  0.  1.] -1 131.57106781
313 [ 0.  0.  0.  1.] -1 127.309288025
314 [ 0.  0.  0.  1.] -1 126.351750183
315 [ 0.  0.  0.  1.] -1 131.814888
316 [ 0.  0.  0.  1.] -1 134.693415833
317 [ 0.  0.  0.  1.] -1 136.98135376
318 [ 0.  0.  0.  1.] 0 137.98135376
319 [ 0.  0.  1.  0.] -2 165.735940552
320 [ 0.  0.  1.  0.] -1 169.808074951
321 [ 0.  0.  1.  0.] -1 173.864970398
322 [ 0.  0.  1.  0.] -1 184.304359436
323 [ 0.  0.  1.  0.] -1 188.126668549
324 [ 0.  0.  1.  0.] -1 188.460435486
325 [ 0.  0.  1.  0.] -1 192.808045197
326 [ 0.  0.  1.  0.] -1 235.798545837
327 [ 0.  0.  1.  0.] -1 235.424118042
328 [ 0.  0.  1.  0.] -1 236.486228943
329 [ 0.  0.  1.  0.] -1 236.416547394
330 [ 0.  0.  1.  0.] -1 253.626991272
331 [ 0.  0.  1.  0.] -1 252.203092957
332 [ 0.  0.  1.  0.] -1 253.20400238
333 [ 0.  0.  1.  0.] -1 252.433547974
334 [ 0.  0.  1.  0.] -1 231.695814514
335 [ 0.  0.  1.  0.] -1 232.396094513
336 [ 0.  0.  1.  0.] -1 231.697206116
337 [ 0.  0.  1.  0.] -1 230.37917099
338 [ 0.  0.  1.  0.] -1 232.976899719
339 [ 0.  0.  1.  0.] -1 235.408201599
340 [ 0.  0.  1.  0.] -1 234.440908051
341 [ 0.  0.  1.  0.] 9 248.924053955
342 [ 0.  0.  1.  0.] 0 239.924053955
343 [ 0.  0.  0.  1.] -2 262.124555969
344 [ 0.  0.  0.  1.] -1 270.825099182
345 [ 0.  0.  0.  1.] 9 289.139425659
346 [ 0.  0.  0.  1.] -1 287.780024719
347 [ 0.  0.  0.  1.] -1 292.971626282
348 [ 0.  0.  0.  1.] -1 298.953860474
349 [ 0.  0.  0.  1.] 9 320.115345764
350 [ 0.  0.  0.  1.] -1 317.528581238
351 [ 0.  0.  0.  1.] -1 324.095983887
352 [ 0.  0.  0.  1.] -1 325.971224976
353 [ 0.  0.  0.  1.] 9 306.647164917
354 [ 0.  0.  0.  1.] 0 297.647164917
355 [ 0.  0.  1.  0.] -2 253.04342804
356 [ 0.  0.  1.  0.] -1 253.35960083
357 [ 0.  0.  1.  0.] 9 264.437628174
358 [ 0.  0.  1.  0.] -1 254.174064636
359 [ 0.  0.  1.  0.] -1 251.332617187
360 [ 0.  0.  1.  0.] -1 251.17313385
361 [ 0.  0.  1.  0.] 9 268.180108643
362 [ 0.  0.  1.  0.] -1 239.801821136
363 [ 0.  0.  1.  0.] -1 236.786162567
364 [ 0.  0.  1.  0.] -1 233.995697021
365 [ 0.  0.  1.  0.] 9 246.576900482
366 [ 0.  0.  1.  0.] -1 200.239951324
367 [ 0.  0.  1.  0.] -1 199.37117157
368 [ 0.  0.  1.  0.] -1 199.062540436
369 [ 0.  0.  1.  0.] 9 211.476418304
370 [ 0.  0.  1.  0.] 0 202.476418304
371 [ 0.  0.  0.  1.] -2 196.632307434
372 [ 0.  0.  0.  1.] -1 198.418489838
373 [ 0.  0.  0.  1.] 9 203.857008362
374 [ 0.  0.  0.  1.] -1 193.031614685
375 [ 0.  0.  0.  1.] -1 193.859327698
376 [ 0.  0.  0.  1.] -1 195.905228424
377 [ 0.  0.  0.  1.] 9 199.601650238
378 [ 0.  0.  0.  1.] -1 189.396504974
379 [ 0.  0.  0.  1.] -1 189.919863129
380 [ 0.  0.  0.  1.] -1 191.079009247
381 [ 0.  0.  0.  1.] 9 200.8629776
382 [ 0.  0.  0.  1.] 0 191.8629776
383 [ 1.  0.  0.  0.] -2 242.634828186
384 [ 1.  0.  0.  0.] -1 246.070101929
385 [ 1.  0.  0.  0.] 9 285.142282104
386 [ 1.  0.  0.  0.] -1 278.257121277
387 [ 1.  0.  0.  0.] -1 279.888745117
388 [ 1.  0.  0.  0.] -1 284.459924316
389 [ 1.  0.  0.  0.] 9 300.475614929
390 [ 1.  0.  0.  0.] -1 291.041503906
391 [ 1.  0.  0.  0.] -1 290.429663086
392 [ 1.  0.  0.  0.] -1 292.79637146
393 [ 1.  0.  0.  0.] 9 269.825648499
394 [ 1.  0.  0.  0.] -1 260.476715088
395 [ 1.  0.  0.  0.] -1 261.138827515
396 [ 1.  0.  0.  0.] -1 261.315068054
397 [ 1.  0.  0.  0.] 9 264.418551636
398 [ 1.  0.  0.  0.] 0 255.418551636
399 [ 0.  0.  0.  1.] -2 220.626330566
400 [ 0.  0.  0.  1.] -1 219.155875397
401 [ 0.  0.  0.  1.] 9 199.035674286
402 [ 0.  0.  0.  1.] -1 184.997130585
403 [ 0.  0.  0.  1.] -1 181.507211304
404 [ 0.  0.  0.  1.] -1 179.72709198
405 [ 0.  0.  0.  1.] 9 178.579580688
406 [ 0.  0.  0.  1.] -1 166.378327942
407 [ 0.  0.  0.  1.] -1 165.588565063
408 [ 0.  0.  0.  1.] -1 161.396756744
409 [ 0.  0.  0.  1.] 9 134.423729706
410 [ 0.  0.  0.  1.] 0 125.423729706
411 [ 1.  0.  0.  0.] -2 154.650326538
412 [ 1.  0.  0.  0.] -1 158.632876587
413 [ 1.  0.  0.  0.] -1 158.611727142
414 [ 1.  0.  0.  0.] -1 155.006015015
415 [ 1.  0.  0.  0.] -1 158.833209229
416 [ 1.  0.  0.  0.] -1 161.615093231
417 [ 1.  0.  0.  0.] -1 162.573152924
418 [ 1.  0.  0.  0.] -1 156.418519592
419 [ 1.  0.  0.  0.] -1 158.095298004
420 [ 1.  0.  0.  0.] -1 158.512517548
421 [ 1.  0.  0.  0.] -1 162.646067047
422 [ 1.  0.  0.  0.] 0 163.646067047
423 [ 0.  1.  0.  0.] -2 211.799532318
424 [ 0.  1.  0.  0.] -1 213.388730621
425 [ 0.  1.  0.  0.] -1 214.995334625
426 [ 0.  1.  0.  0.] -1 212.279276276
427 [ 0.  1.  0.  0.] -1 215.585953522
428 [ 0.  1.  0.  0.] -1 217.308437347
429 [ 0.  1.  0.  0.] -1 219.333898926
430 [ 0.  1.  0.  0.] -1 251.230856323
431 [ 0.  1.  0.  0.] -1 256.134309387
432 [ 0.  1.  0.  0.] -1 256.063482666
433 [ 0.  1.  0.  0.] -1 255.969520569
434 [ 0.  1.  0.  0.] -1 253.846748352
435 [ 0.  1.  0.  0.] -1 255.425259399
436 [ 0.  1.  0.  0.] -1 254.929849243
437 [ 0.  1.  0.  0.] -101 -101
438 [ 0.  1.  0.  0.] -2 46.9352703094
439 [ 0.  1.  0.  0.] -1 53.2391168594
440 [ 0.  1.  0.  0.] -1 53.7102682114
441 [ 0.  1.  0.  0.] -1 55.5557601929
442 [ 0.  1.  0.  0.] -1 56.2646253586
443 [ 0.  1.  0.  0.] -1 54.8541103363
444 [ 0.  1.  0.  0.] -1 57.0419942856
445 [ 0.  1.  0.  0.] -1 56.6067165375
446 [ 0.  1.  0.  0.] -1 56.317404747
447 [ 0.  1.  0.  0.] -1 56.7610900879
448 [ 0.  1.  0.  0.] -1 56.4195062637
449 [ 0.  1.  0.  0.] -1 58.8171850204
450 [ 0.  1.  0.  0.] -1 59.8803722382
451 [ 0.  1.  0.  0.] -1 61.929599762
452 [ 0.  1.  0.  0.] -1 60.5718387604
453 [ 0.  1.  0.  0.] -1 61.2256233215
454 [ 0.  1.  0.  0.] -1 59.285190773
455 [ 0.  1.  0.  0.] 0 60.285190773
456 [ 0.  0.  1.  0.] -2 42.5573389053
457 [ 0.  0.  1.  0.] -1 43.8153142929
458 [ 0.  0.  1.  0.] -1 44.8345573425
459 [ 0.  0.  1.  0.] -1 43.5818223953
460 [ 0.  0.  1.  0.] -1 44.1157226562
461 [ 0.  0.  1.  0.] -1 44.3202011108
462 [ 0.  0.  1.  0.] -1 47.1598981857
463 [ 0.  0.  1.  0.] -1 44.3302286148
464 [ 0.  0.  1.  0.] -1 45.1000959396
465 [ 0.  0.  1.  0.] -1 44.6519313812
466 [ 0.  0.  1.  0.] -1 45.5465536118
467 [ 0.  0.  1.  0.] 0 46.5465536118
468 [ 0.  0.  0.  1.] -2 49.7783521652
469 [ 0.  0.  0.  1.] -1 51.5547861099
470 [ 0.  0.  0.  1.] -1 45.553377533
471 [ 0.  0.  0.  1.] -1 46.0945837021
472 [ 0.  0.  0.  1.] -1 46.7776208878
473 [ 0.  0.  0.  1.] -1 47.1295656204
474 [ 0.  0.  0.  1.] -1 46.5664381027
475 [ 0.  0.  0.  1.] -1 52.2750558853
476 [ 0.  0.  0.  1.] -1 55.4680892944
477 [ 0.  0.  0.  1.] -1 54.7387306213
478 [ 0.  0.  0.  1.] -1 48.3875951767
479 [ 0.  0.  0.  1.] 0 49.3875951767
480 [ 0.  0.  1.  0.] -2 71.1076068878
481 [ 0.  0.  1.  0.] -1 72.996767807
482 [ 0.  0.  1.  0.] -1 78.155166626
483 [ 0.  0.  1.  0.] -1 80.9281791687
484 [ 0.  0.  1.  0.] -1 78.3558761597
485 [ 0.  0.  1.  0.] -1 79.328685379
486 [ 0.  0.  1.  0.] -1 81.9985599518
487 [ 0.  0.  1.  0.] -1 78.1459255219
488 [ 0.  0.  1.  0.] -1 78.0998867035
489 [ 0.  0.  1.  0.] -1 79.338129425
490 [ 0.  0.  1.  0.] -1 85.03957901
491 [ 0.  0.  1.  0.] 0 86.03957901
492 [ 0.  0.  0.  1.] -2 80.3391365051
493 [ 0.  0.  0.  1.] -1 84.0359081268
494 [ 0.  0.  0.  1.] -1 80.5652900696
495 [ 0.  0.  0.  1.] -1 81.4840515137
496 [ 0.  0.  0.  1.] -1 81.294909668
497 [ 0.  0.  0.  1.] -1 83.4529067993
498 [ 0.  0.  0.  1.] -1 74.016746521
499 [ 0.  0.  0.  1.] -1 73.6939746857
500 [ 0.  0.  0.  1.] -1 73.4426891327
501 [ 0.  0.  0.  1.] -1 72.7834251404
502 [ 0.  0.  0.  1.] -1 64.8083087921
503 [ 0.  0.  0.  1.] -1 65.2948547363
504 [ 0.  0.  0.  1.] -1 64.9988204956
505 [ 0.  0.  0.  1.] -1 65.3842796326
506 [ 0.  0.  0.  1.] -1 57.8386064529
507 [ 0.  0.  0.  1.] -1 57.2421203613
508 [ 0.  0.  0.  1.] -1 56.7025341034
509 [ 0.  0.  0.  1.] -1 56.4201005936
510 [ 0.  0.  0.  1.] -1 56.228824234
511 [ 0.  0.  0.  1.] -1 56.1551418304
512 [ 0.  0.  0.  1.] -1 56.3773015976
513 [ 0.  0.  0.  1.] -1 55.9606945038
514 [ 0.  0.  0.  1.] -1 54.9550231934
515 [ 0.  0.  0.  1.] 0 55.9550231934
516 [ 0.  0.  1.  0.] -2 51.9046215057
517 [ 0.  0.  1.  0.] -1 52.7666427612
518 [ 0.  0.  1.  0.] -1 53.5608957291
519 [ 0.  0.  1.  0.] -1 57.6847873688
520 [ 0.  0.  1.  0.] -1 56.2340463638
521 [ 0.  0.  1.  0.] -1 55.3328647614
522 [ 0.  0.  1.  0.] -1 63.9008033752
523 [ 0.  0.  1.  0.] -1 67.9485954285
524 [ 0.  0.  1.  0.] -1 67.1268692017
525 [ 0.  0.  1.  0.] -1 65.6974842072
526 [ 0.  0.  1.  0.] -1 70.742931366
527 [ 0.  0.  1.  0.] 0 71.742931366
528 [ 0.  0.  0.  1.] -2 56.3461063385
529 [ 0.  0.  0.  1.] -1 58.1413667679
530 [ 0.  0.  0.  1.] -1 51.2276836395
531 [ 0.  0.  0.  1.] -1 50.1878456116
532 [ 0.  0.  0.  1.] -1 50.1627170563
533 [ 0.  0.  0.  1.] -1 50.5928415298
534 [ 0.  0.  0.  1.] -1 48.0399194717
535 [ 0.  0.  0.  1.] -1 47.4458288193
536 [ 0.  0.  0.  1.] -1 49.0351573944
537 [ 0.  0.  0.  1.] -1 47.6807086945
538 [ 0.  0.  0.  1.] -1 38.5897743225
539 [ 0.  0.  0.  1.] 0 39.5897743225
540 [ 1.  0.  0.  0.] -2 72.4442764282
541 [ 1.  0.  0.  0.] -1 74.8932888031
542 [ 1.  0.  0.  0.] -1 80.7814811707
543 [ 1.  0.  0.  0.] -1 77.5512042999
544 [ 1.  0.  0.  0.] -1 78.8560699463
545 [ 1.  0.  0.  0.] -1 80.9910259247
546 [ 1.  0.  0.  0.] -1 70.4221744537
547 [ 1.  0.  0.  0.] -1 70.8317256927
548 [ 1.  0.  0.  0.] -1 71.5962802887
549 [ 1.  0.  0.  0.] -1 74.8439376831
550 [ 1.  0.  0.  0.] -1 84.7355937958
551 [ 1.  0.  0.  0.] 0 85.7355937958
552 [ 0.  0.  0.  1.] -2 43.6684820175
553 [ 0.  0.  0.  1.] -1 44.2515523911
554 [ 0.  0.  0.  1.] -1 44.6930814743
555 [ 0.  0.  0.  1.] -1 44.2823451996
556 [ 0.  0.  0.  1.] -1 44.4391939163
557 [ 0.  0.  0.  1.] -1 44.2499723434
558 [ 0.  0.  0.  1.] -1 44.6067623138
559 [ 0.  0.  0.  1.] -1 44.3144136429
560 [ 0.  0.  0.  1.] -1 44.6832895279
561 [ 0.  0.  0.  1.] -1 45.3520011902
562 [ 0.  0.  0.  1.] 9 53.1192815781
563 [ 0.  0.  0.  1.] -1 42.3416191101
564 [ 0.  0.  0.  1.] -1 42.1049526215
565 [ 0.  0.  0.  1.] -1 42.5478370667
566 [ 0.  0.  0.  1.] -1 42.9098999023
567 [ 0.  0.  0.  1.] -1 42.6976226807
568 [ 0.  0.  0.  1.] -1 42.3330230713
569 [ 0.  0.  0.  1.] -1 44.5229110718
570 [ 0.  0.  0.  1.] -1 62.8086715698
571 [ 0.  0.  0.  1.] -1 66.8318279266
572 [ 0.  0.  0.  1.] -1 67.919335556
573 [ 0.  0.  0.  1.] -1 71.7542198181
574 [ 0.  0.  0.  1.] -1 80.7878013611
575 [ 0.  0.  0.  1.] -1 111.46103363
576 [ 0.  0.  0.  1.] -1 108.073295593
577 [ 0.  0.  0.  1.] -1 106.229264069
578 [ 0.  0.  0.  1.] -1 104.587413406
579 [ 0.  0.  0.  1.] -1 95.5851284027
580 [ 0.  0.  0.  1.] -1 93.9908241272
581 [ 0.  0.  0.  1.] -1 93.3347419739
582 [ 0.  0.  0.  1.] -1 92.6103336334
583 [ 0.  0.  0.  1.] -1 89.538293457
584 [ 0.  0.  0.  1.] -1 90.4493865967
585 [ 0.  0.  0.  1.] -1 90.8872409821
586 [ 0.  0.  0.  1.] -1 91.6430400848
587 [ 0.  0.  0.  1.] -1 86.2319423676
588 [ 0.  0.  0.  1.] -1 86.5671878815
589 [ 0.  0.  0.  1.] -1 87.2355190277
590 [ 0.  0.  0.  1.] -1 88.038980484
591 [ 0.  0.  0.  1.] -1 77.1471469879
592 [ 0.  0.  0.  1.] -1 78.5898971558
593 [ 0.  0.  0.  1.] -1 79.6305831909
594 [ 0.  0.  0.  1.] -1 81.0026805878
595 [ 0.  0.  0.  1.] -1 82.7984989166
596 [ 0.  0.  0.  1.] -1 83.3301704407
597 [ 0.  0.  0.  1.] -1 87.3749256134
598 [ 0.  0.  0.  1.] -1 86.8754421234
599 [ 0.  0.  0.  1.] -1 77.7304527283
600 [ 0.  0.  0.  1.] 0 78.7304527283
601 [ 0.  0.  1.  0.] -2 91.1522575378
602 [ 0.  0.  1.  0.] -1 91.6593406677
603 [ 0.  0.  1.  0.] -1 96.6785938263
604 [ 0.  0.  1.  0.] -1 111.756430054
605 [ 0.  0.  1.  0.] -1 109.863859177
606 [ 0.  0.  1.  0.] -1 110.201250076
607 [ 0.  0.  1.  0.] -1 114.807871628
608 [ 0.  0.  1.  0.] -1 132.079321289
609 [ 0.  0.  1.  0.] -1 130.134934998
610 [ 0.  0.  1.  0.] -1 130.711724854
611 [ 0.  0.  1.  0.] -1 131.74416275
612 [ 0.  0.  1.  0.] 0 132.74416275
613 [ 0.  0.  0.  1.] -2 115.490230942
614 [ 0.  0.  0.  1.] -1 119.667409515
615 [ 0.  0.  0.  1.] -1 117.891820145
616 [ 0.  0.  0.  1.] -1 116.680017853
617 [ 0.  0.  0.  1.] -1 119.848390198
618 [ 0.  0.  0.  1.] -1 125.573047638
619 [ 0.  0.  0.  1.] -1 121.76472702
620 [ 0.  0.  0.  1.] -1 121.733488464
621 [ 0.  0.  0.  1.] -1 125.134577179
622 [ 0.  0.  0.  1.] -1 127.993332672
623 [ 0.  0.  0.  1.] -1 130.155548096
624 [ 0.  0.  0.  1.] 0 131.155548096
625 [ 0.  0.  1.  0.] -2 159.753314972
626 [ 0.  0.  1.  0.] -1 163.83446579
627 [ 0.  0.  1.  0.] -1 167.877575684
628 [ 0.  0.  1.  0.] -1 178.809229279
629 [ 0.  0.  1.  0.] -1 182.931138611
630 [ 0.  0.  1.  0.] -1 183.37456665
631 [ 0.  0.  1.  0.] -1 190.037033081
632 [ 0.  0.  1.  0.] -1 242.398999023
633 [ 0.  0.  1.  0.] -1 242.418742371
634 [ 0.  0.  1.  0.] -1 242.851066589
635 [ 0.  0.  1.  0.] -1 243.400169373
636 [ 0.  0.  1.  0.] 0 244.400169373
637 [ 0.  1.  0.  0.] -2 238.697001648
638 [ 0.  1.  0.  0.] -1 233.058467865
639 [ 0.  1.  0.  0.] -1 232.363333893
640 [ 0.  1.  0.  0.] -1 212.301498413
641 [ 0.  1.  0.  0.] -1 210.463787079
642 [ 0.  1.  0.  0.] -1 212.73941803
643 [ 0.  1.  0.  0.] -1 206.804382324
644 [ 0.  1.  0.  0.] -1 198.285041046
645 [ 0.  1.  0.  0.] -1 191.926407623
646 [ 0.  1.  0.  0.] -1 191.387930298
647 [ 0.  1.  0.  0.] -1 190.974421692
648 [ 0.  1.  0.  0.] -1 173.136437988
649 [ 0.  1.  0.  0.] -1 173.226616669
650 [ 0.  1.  0.  0.] -1 172.30078125
651 [ 0.  1.  0.  0.] -1 170.513298035
652 [ 0.  1.  0.  0.] -1 161.56602478
653 [ 0.  1.  0.  0.] -1 161.571866608
654 [ 0.  1.  0.  0.] -1 162.026543427
655 [ 0.  1.  0.  0.] -1 164.120526886
656 [ 0.  1.  0.  0.] -1 160.711784363
657 [ 0.  1.  0.  0.] -1 160.943036652
658 [ 0.  1.  0.  0.] -1 161.423588562
659 [ 0.  1.  0.  0.] 9 170.634767914
660 [ 0.  1.  0.  0.] 0 161.634767914
661 [ 1.  0.  0.  0.] -2 170.08052063
662 [ 1.  0.  0.  0.] -1 172.526974487
663 [ 1.  0.  0.  0.] 9 137.975299835
664 [ 1.  0.  0.  0.] -1 127.257233429
665 [ 1.  0.  0.  0.] -1 128.068783569
666 [ 1.  0.  0.  0.] -1 127.913475037
667 [ 1.  0.  0.  0.] 9 130.473929596
668 [ 1.  0.  0.  0.] -1 118.879792023
669 [ 1.  0.  0.  0.] -1 118.925917816
670 [ 1.  0.  0.  0.] -1 121.68820343
671 [ 1.  0.  0.  0.] 9 135.099453735
672 [ 1.  0.  0.  0.] -1 126.023085785
673 [ 1.  0.  0.  0.] -1 127.391769409
674 [ 1.  0.  0.  0.] -1 128.911499786
675 [ 1.  0.  0.  0.] 9 147.808718872
676 [ 1.  0.  0.  0.] -1 136.845310211
677 [ 1.  0.  0.  0.] -1 136.600649261
678 [ 1.  0.  0.  0.] -1 140.273839569
679 [ 1.  0.  0.  0.] 9 123.867699814
680 [ 1.  0.  0.  0.] -1 115.450045013
681 [ 1.  0.  0.  0.] -1 115.351342773
682 [ 1.  0.  0.  0.] -1 114.658426666
683 [ 1.  0.  0.  0.] -1 117.31317482
684 [ 1.  0.  0.  0.] 0 118.31317482
685 [ 0.  0.  0.  1.] -2 89.268529129
686 [ 0.  0.  0.  1.] -1 90.8057525635
687 [ 0.  0.  0.  1.] -1 79.2597286224
688 [ 0.  0.  0.  1.] -1 81.7981765747
689 [ 0.  0.  0.  1.] -1 82.0360172272
690 [ 0.  0.  0.  1.] -1 82.8185321808
691 [ 0.  0.  0.  1.] -1 83.9383655548
692 [ 0.  0.  0.  1.] -1 85.2098182678
693 [ 0.  0.  0.  1.] -1 89.0036212921
694 [ 0.  0.  0.  1.] -1 89.5809474945
695 [ 0.  0.  0.  1.] -1 79.4888645172
696 [ 0.  0.  0.  1.] 0 80.4888645172
697 [ 0.  0.  1.  0.] -2 90.7786922455
698 [ 0.  0.  1.  0.] -1 90.7881980896
699 [ 0.  0.  1.  0.] -1 96.2445228577
700 [ 0.  0.  1.  0.] -1 111.208421707
701 [ 0.  0.  1.  0.] -1 109.64084053
702 [ 0.  0.  1.  0.] -1 109.497005463
703 [ 0.  0.  1.  0.] -1 115.332106781
704 [ 0.  0.  1.  0.] -1 130.649552155
705 [ 0.  0.  1.  0.] -1 129.191704559
706 [ 0.  0.  1.  0.] -1 129.25219574
707 [ 0.  0.  1.  0.] -1 131.086964417
708 [ 0.  0.  1.  0.] 0 132.086964417
709 [ 0.  0.  0.  1.] -2 117.144091415
710 [ 0.  0.  0.  1.] -1 121.965422058
711 [ 0.  0.  0.  1.] -1 117.995277023
712 [ 0.  0.  0.  1.] -1 116.778509903
713 [ 0.  0.  0.  1.] -1 120.18360672
714 [ 0.  0.  0.  1.] -1 124.971339417
715 [ 0.  0.  0.  1.] -1 121.045095062
716 [ 0.  0.  0.  1.] -1 121.053328705
717 [ 0.  0.  0.  1.] -1 124.09851532
718 [ 0.  0.  0.  1.] -1 126.800570679
719 [ 0.  0.  0.  1.] -1 128.985370636
720 [ 0.  0.  0.  1.] 0 129.985370636
721 [ 1.  0.  0.  0.] -2 136.730948639
722 [ 1.  0.  0.  0.] -1 137.984553528
723 [ 1.  0.  0.  0.] -1 133.601139069
724 [ 1.  0.  0.  0.] -1 130.166898346
725 [ 1.  0.  0.  0.] -1 129.975843048
726 [ 1.  0.  0.  0.] -1 131.942263031
727 [ 1.  0.  0.  0.] -1 93.721534729
728 [ 1.  0.  0.  0.] -1 91.9318698883
729 [ 1.  0.  0.  0.] -1 92.198608017
730 [ 1.  0.  0.  0.] -1 92.6377090454
731 [ 1.  0.  0.  0.] -1 90.6248516083
732 [ 1.  0.  0.  0.] 0 91.6248516083
733 [ 0.  0.  0.  1.] -2 83.0244056702
734 [ 0.  0.  0.  1.] -1 86.3036823273
735 [ 0.  0.  0.  1.] -1 81.4483844757
736 [ 0.  0.  0.  1.] -1 84.7934467316
737 [ 0.  0.  0.  1.] -1 85.1443042755
738 [ 0.  0.  0.  1.] -1 88.0952316284
739 [ 0.  0.  0.  1.] -1 89.1428104401
740 [ 0.  0.  0.  1.] -1 91.3077800751
741 [ 0.  0.  0.  1.] -1 94.4492843628
742 [ 0.  0.  0.  1.] -1 97.3212528229
743 [ 0.  0.  0.  1.] -1 85.2481307983
744 [ 0.  0.  0.  1.] 0 86.2481307983
745 [ 1.  0.  0.  0.] -2 96.3814685822
746 [ 1.  0.  0.  0.] -1 97.7337104797
747 [ 1.  0.  0.  0.] -1 99.4190559387
748 [ 1.  0.  0.  0.] -1 99.8116397858
749 [ 1.  0.  0.  0.] -1 100.791711426
750 [ 1.  0.  0.  0.] -1 100.071557617
751 [ 1.  0.  0.  0.] -1 96.2083847046
752 [ 1.  0.  0.  0.] -1 94.4761379242
753 [ 1.  0.  0.  0.] -1 94.168963623
754 [ 1.  0.  0.  0.] -1 94.4352813721
755 [ 1.  0.  0.  0.] -1 77.39504776
756 [ 1.  0.  0.  0.] 0 78.39504776
757 [ 0.  1.  0.  0.] -2 72.5165237427
758 [ 0.  1.  0.  0.] -1 72.1598861694
759 [ 0.  1.  0.  0.] -1 69.7736083984
760 [ 0.  1.  0.  0.] -1 74.2721343994
761 [ 0.  1.  0.  0.] -1 74.1738090515
762 [ 0.  1.  0.  0.] -1 74.9993984222
763 [ 0.  1.  0.  0.] -1 74.882308197
764 [ 0.  1.  0.  0.] -1 73.6162261963
765 [ 0.  1.  0.  0.] -1 73.2615272522
766 [ 0.  1.  0.  0.] -1 72.2800060272
767 [ 0.  1.  0.  0.] -1 71.1332176208
768 [ 0.  1.  0.  0.] -1 72.0793037415
769 [ 0.  1.  0.  0.] -1 71.9013961792
770 [ 0.  1.  0.  0.] -1 71.6836975098
771 [ 0.  1.  0.  0.] -1 71.3305496216
772 [ 0.  1.  0.  0.] -1 76.8936290741
773 [ 0.  1.  0.  0.] -1 79.3341430664
774 [ 0.  1.  0.  0.] -1 79.8793464661
775 [ 0.  1.  0.  0.] -1 80.9795742035
776 [ 0.  1.  0.  0.] -1 86.4144378662
777 [ 0.  1.  0.  0.] -1 86.841456604
778 [ 0.  1.  0.  0.] -1 88.8744850159
779 [ 0.  1.  0.  0.] -1 90.7420433044
780 [ 0.  1.  0.  0.] -1 97.2612689972
781 [ 0.  1.  0.  0.] -1 100.451740265
782 [ 0.  1.  0.  0.] -1 101.97151413
783 [ 0.  1.  0.  0.] -1 101.480771637
784 [ 0.  1.  0.  0.] -1 100.781542587
785 [ 0.  1.  0.  0.] -1 101.491542053
786 [ 0.  1.  0.  0.] -1 103.805637741
787 [ 0.  1.  0.  0.] -1 103.603645325
788 [ 0.  1.  0.  0.] -1 108.479947662
789 [ 0.  1.  0.  0.] -1 110.168656158
790 [ 0.  1.  0.  0.] -1 111.557213593
791 [ 0.  1.  0.  0.] -1 111.451154709
792 [ 0.  1.  0.  0.] 0 112.451154709
793 [ 0.  0.  1.  0.] -2 81.2248111725
794 [ 0.  0.  1.  0.] -1 83.2446159363
795 [ 0.  0.  1.  0.] -1 89.0498268127
796 [ 0.  0.  1.  0.] -1 92.1476406097
797 [ 0.  0.  1.  0.] -1 90.8992870331
798 [ 0.  0.  1.  0.] -1 90.950863266
799 [ 0.  0.  1.  0.] -1 93.6925140381
800 [ 0.  0.  1.  0.] -1 85.665328598
801 [ 0.  0.  1.  0.] -1 85.7323139191
802 [ 0.  0.  1.  0.] -1 85.9975589752
803 [ 0.  0.  1.  0.] -1 90.9775283813
804 [ 0.  0.  1.  0.] 0 91.9775283813
805 [ 0.  0.  0.  1.] -2 89.268529129
806 [ 0.  0.  0.  1.] -1 90.8057525635
807 [ 0.  0.  0.  1.] -1 79.2597286224
808 [ 0.  0.  0.  1.] -1 81.7981765747
809 [ 0.  0.  0.  1.] -1 82.0360172272
810 [ 0.  0.  0.  1.] -1 82.8185321808
811 [ 0.  0.  0.  1.] -1 83.9383655548
812 [ 0.  0.  0.  1.] -1 85.2098182678
813 [ 0.  0.  0.  1.] -1 89.0036212921
814 [ 0.  0.  0.  1.] -1 89.5809474945
815 [ 0.  0.  0.  1.] -1 79.4888645172
816 [ 0.  0.  0.  1.] 0 80.4888645172
817 [ 0.  0.  1.  0.] -2 90.7786922455
818 [ 0.  0.  1.  0.] -1 90.7881980896
819 [ 0.  0.  1.  0.] -1 96.2445228577
820 [ 0.  0.  1.  0.] -1 111.208421707
821 [ 0.  0.  1.  0.] -1 109.64084053
822 [ 0.  0.  1.  0.] -1 109.497005463
823 [ 0.  0.  1.  0.] -1 115.332106781
824 [ 0.  0.  1.  0.] -1 130.649552155
825 [ 0.  0.  1.  0.] -1 129.191704559
826 [ 0.  0.  1.  0.] -1 129.25219574
827 [ 0.  0.  1.  0.] -1 131.086964417
828 [ 0.  0.  1.  0.] 0 132.086964417
829 [ 0.  0.  0.  1.] -2 117.144091415
830 [ 0.  0.  0.  1.] -1 121.965422058
831 [ 0.  0.  0.  1.] -1 117.995277023
832 [ 0.  0.  0.  1.] -1 116.778509903
833 [ 0.  0.  0.  1.] -1 120.18360672
834 [ 0.  0.  0.  1.] -1 124.971339417
835 [ 0.  0.  0.  1.] -1 121.045095062
836 [ 0.  0.  0.  1.] -1 121.053328705
837 [ 0.  0.  0.  1.] -1 124.09851532
838 [ 0.  0.  0.  1.] -1 126.800570679
839 [ 0.  0.  0.  1.] -1 128.985370636
840 [ 0.  0.  0.  1.] 0 129.985370636
841 [ 0.  0.  1.  0.] -2 158.527763367
842 [ 0.  0.  1.  0.] -1 162.605174255
843 [ 0.  0.  1.  0.] -1 166.590271759
844 [ 0.  0.  1.  0.] -1 177.557715607
845 [ 0.  0.  1.  0.] -1 181.40555191
846 [ 0.  0.  1.  0.] -1 181.827308655
847 [ 0.  0.  1.  0.] -1 187.121961212
848 [ 0.  0.  1.  0.] -1 239.642381287
849 [ 0.  0.  1.  0.] -1 239.655369568
850 [ 0.  0.  1.  0.] -1 240.088809967
851 [ 0.  0.  1.  0.] -1 240.674123383
852 [ 0.  0.  1.  0.] 0 241.674123383
853 [ 0.  0.  0.  1.] -2 276.668589783
854 [ 0.  0.  0.  1.] -1 287.773849487
855 [ 0.  0.  0.  1.] -1 293.707580566
856 [ 0.  0.  0.  1.] -1 299.926502991
857 [ 0.  0.  0.  1.] -1 306.741668701
858 [ 0.  0.  0.  1.] -1 312.024275208
859 [ 0.  0.  0.  1.] -1 315.001345825
860 [ 0.  0.  0.  1.] -1 317.47726593
861 [ 0.  0.  0.  1.] -1 319.941038513
862 [ 0.  0.  0.  1.] -1 322.061433411
863 [ 0.  0.  0.  1.] -1 273.557247925
864 [ 0.  0.  0.  1.] -1 269.284886169
865 [ 0.  0.  0.  1.] -1 268.798202515
866 [ 0.  0.  0.  1.] -1 265.822407532
867 [ 0.  0.  0.  1.] 0 266.822407532
868 [ 0.  1.  0.  0.] -102 -55.8182380676
869 [ 0.  1.  0.  0.] -1 46.864150238
870 [ 0.  1.  0.  0.] -1 52.1732877731
871 [ 0.  1.  0.  0.] -1 52.6453378677
872 [ 0.  1.  0.  0.] -1 54.4932397842
873 [ 0.  1.  0.  0.] -1 55.2022861481
874 [ 0.  1.  0.  0.] 0 56.2022861481
875 [ 1.  0.  0.  0.] -2 62.3659210205
876 [ 1.  0.  0.  0.] -1 62.7109767914
877 [ 1.  0.  0.  0.] -1 65.3584842682
878 [ 1.  0.  0.  0.] -1 65.5091178894
879 [ 1.  0.  0.  0.] -1 66.490965271
880 [ 1.  0.  0.  0.] -1 67.1303844452
881 [ 1.  0.  0.  0.] -1 64.077406311
882 [ 1.  0.  0.  0.] -1 62.9849121094
883 [ 1.  0.  0.  0.] -1 63.0661396027
884 [ 1.  0.  0.  0.] -1 63.919916153
885 [ 1.  0.  0.  0.] -1 63.4067340851
886 [ 1.  0.  0.  0.] 0 64.4067340851
887 [ 0.  1.  0.  0.] -2 50.1478368759
888 [ 0.  1.  0.  0.] -1 50.3211349487
889 [ 0.  1.  0.  0.] -1 50.4479156494
890 [ 0.  1.  0.  0.] -1 53.7148923874
891 [ 0.  1.  0.  0.] -1 54.0929006577
892 [ 0.  1.  0.  0.] -1 54.6813016891
893 [ 0.  1.  0.  0.] -1 55.1651079178
894 [ 0.  1.  0.  0.] -1 61.6859607697
895 [ 0.  1.  0.  0.] -1 62.3419776917
896 [ 0.  1.  0.  0.] -1 62.0095806122
897 [ 0.  1.  0.  0.] -1 62.9574642181
898 [ 0.  1.  0.  0.] 0 63.9574642181
899 [ 1.  0.  0.  0.] -2 72.5753551483
900 [ 1.  0.  0.  0.] -1 73.8144351959
901 [ 1.  0.  0.  0.] -1 83.2549659729
902 [ 1.  0.  0.  0.] -1 84.2209621429
903 [ 1.  0.  0.  0.] -1 85.1245391846
904 [ 1.  0.  0.  0.] -1 88.2316955566
905 [ 1.  0.  0.  0.] -1 103.538225555
906 [ 1.  0.  0.  0.] -1 116.192776108
907 [ 1.  0.  0.  0.] -1 116.204271317
908 [ 1.  0.  0.  0.] -1 116.268067551
909 [ 1.  0.  0.  0.] -1 119.384820175
910 [ 1.  0.  0.  0.] 0 120.384820175
911 [ 0.  0.  0.  1.] -2 64.910515213
912 [ 0.  0.  0.  1.] -1 65.301341629
913 [ 0.  0.  0.  1.] -1 58.8902984619
914 [ 0.  0.  0.  1.] -1 58.4425506592
915 [ 0.  0.  0.  1.] -1 57.9697322845
916 [ 0.  0.  0.  1.] -1 57.6487108231
917 [ 0.  0.  0.  1.] -1 56.6489465714
918 [ 0.  0.  0.  1.] -1 57.6042266846
919 [ 0.  0.  0.  1.] -1 58.246030426
920 [ 0.  0.  0.  1.] -1 58.328250885
921 [ 0.  0.  0.  1.] -1 56.4519878387
922 [ 0.  0.  0.  1.] -1 56.5339654922
923 [ 0.  0.  0.  1.] -1 56.645029068
924 [ 0.  0.  0.  1.] -1 57.4827260971
925 [ 0.  0.  0.  1.] -1 54.6978740692
926 [ 0.  0.  0.  1.] -1 54.9810359955
927 [ 0.  0.  0.  1.] -1 56.3283164978
928 [ 0.  0.  0.  1.] -1 58.3702526093
929 [ 0.  0.  0.  1.] -1 60.7629230499
930 [ 0.  0.  0.  1.] -1 63.7847568512
931 [ 0.  0.  0.  1.] -1 65.0590942383
932 [ 0.  0.  0.  1.] -1 67.9594745636
933 [ 0.  0.  0.  1.] -1 66.8176074982
934 [ 0.  0.  0.  1.] -1 68.9953334808
935 [ 0.  0.  0.  1.] -1 70.077564621
936 [ 0.  0.  0.  1.] -1 70.5949504852
937 [ 0.  0.  0.  1.] -1 75.8529792786
938 [ 0.  0.  0.  1.] -1 78.3718505859
939 [ 0.  0.  0.  1.] -1 80.825592041
940 [ 0.  0.  0.  1.] -1 82.1078586578
941 [ 0.  0.  0.  1.] -1 82.9360935211
942 [ 0.  0.  0.  1.] -1 84.5681232452
943 [ 0.  0.  0.  1.] -1 86.4957233429
944 [ 0.  0.  0.  1.] -1 89.0180374146
945 [ 0.  0.  0.  1.] -1 104.577715683
946 [ 0.  0.  0.  1.] -1 108.879822922
947 [ 0.  0.  0.  1.] -1 113.147451782
948 [ 0.  0.  0.  1.] -1 117.36364212
949 [ 0.  0.  0.  1.] 9 134.210640717
950 [ 0.  0.  0.  1.] -1 127.964051056
951 [ 0.  0.  0.  1.] -1 129.742952728
952 [ 0.  0.  0.  1.] -1 130.224881744
953 [ 0.  0.  0.  1.] 9 160.386463165
954 [ 0.  0.  0.  1.] -1 153.79694519
955 [ 0.  0.  0.  1.] -1 157.644100189
956 [ 0.  0.  0.  1.] -1 159.722544098
957 [ 0.  0.  0.  1.] 9 188.759928894
958 [ 0.  0.  0.  1.] -1 184.101432037
959 [ 0.  0.  0.  1.] -1 188.18555069
960 [ 0.  0.  0.  1.] -1 190.964651489
961 [ 0.  0.  0.  1.] 9 232.368373108
962 [ 0.  0.  0.  1.] -1 229.378261566
963 [ 0.  0.  0.  1.] -1 233.444825745
964 [ 0.  0.  0.  1.] -1 239.94682312
965 [ 0.  0.  0.  1.] 9 272.070040894
966 [ 0.  0.  0.  1.] -1 614.969934082
967 [ 0.  0.  0.  1.] -1 627.150448608
968 [ 0.  0.  0.  1.] -1 642.235177612
969 [ 0.  0.  0.  1.] 9 762.424276733
970 [ 0.  0.  0.  1.] -1 769.527175903
971 [ 0.  0.  0.  1.] -1 778.916485596
972 [ 0.  0.  0.  1.] -1 793.422018433
973 [ 0.  0.  0.  1.] 9 834.492016602
974 [ 0.  0.  0.  1.] -1 832.638973999
975 [ 0.  0.  0.  1.] -1 838.751293945
976 [ 0.  0.  0.  1.] -1 848.891720581
977 [ 0.  0.  0.  1.] 9 951.781994629
978 [ 0.  0.  0.  1.] 0 942.781994629
979 [ 0.  0.  1.  0.] -2 1027.91225586
980 [ 0.  0.  1.  0.] -1 1039.42731323
981 [ 0.  0.  1.  0.] 9 1029.28608398
982 [ 0.  0.  1.  0.] -1 1194.78814697
983 [ 0.  0.  1.  0.] -1 1225.3947998
984 [ 0.  0.  1.  0.] -1 1292.30253906
985 [ 0.  0.  1.  0.] 49 1490.99748535
986 [ 0.  0.  1.  0.] -1 1377.38946533
987 [ 0.  0.  1.  0.] -1 1388.85463867
988 [ 0.  0.  1.  0.] -1 1385.70254517
989 [ 0.  0.  1.  0.] 9 1340.53806763
990 [ 0.  0.  1.  0.] -1 1379.70880127
991 [ 0.  0.  1.  0.] -1 1387.34347534
992 [ 0.  0.  1.  0.] -1 1388.21786499
993 [ 0.  0.  1.  0.] 9 1316.43448486
994 [ 0.  0.  1.  0.] -1 1333.01987305
995 [ 0.  0.  1.  0.] -1 1337.30878906
996 [ 0.  0.  1.  0.] -1 1330.51522217
997 [ 0.  0.  1.  0.] 9 1271.09819336
998 [ 0.  0.  1.  0.] -1 1089.73556519
999 [ 0.  0.  1.  0.] -1 1095.84910278
1000 [ 0.  0.  1.  0.] -1 1091.68682251
1001 [ 0.  0.  1.  0.] 9 1033.02346191
1002 [ 0.  0.  1.  0.] 0 1024.02346191
1003 [ 0.  1.  0.  0.] -2 637.490493774
1004 [ 0.  1.  0.  0.] -1 632.405715942
1005 [ 0.  1.  0.  0.] 9 625.509295654
1006 [ 0.  1.  0.  0.] -1 576.590490723
1007 [ 0.  1.  0.  0.] -1 560.27494812
1008 [ 0.  1.  0.  0.] -1 540.971694946
1009 [ 0.  1.  0.  0.] 9 544.436444092
1010 [ 0.  1.  0.  0.] -1 349.520689392
1011 [ 0.  1.  0.  0.] -1 324.712869263
1012 [ 0.  1.  0.  0.] -1 317.063844299
1013 [ 0.  1.  0.  0.] 9 322.8342453
1014 [ 0.  1.  0.  0.] -1 282.605209351
1015 [ 0.  1.  0.  0.] -1 268.726882935
1016 [ 0.  1.  0.  0.] -1 258.00415802
1017 [ 0.  1.  0.  0.] 9 268.373396301
1018 [ 0.  1.  0.  0.] -1 215.584605408
1019 [ 0.  1.  0.  0.] -1 207.726912689
1020 [ 0.  1.  0.  0.] -1 203.824745941
1021 [ 0.  1.  0.  0.] 9 209.924898529
1022 [ 0.  1.  0.  0.] 0 200.924898529
1023 [ 1.  0.  0.  0.] -2 363.181965637
1024 [ 1.  0.  0.  0.] -1 365.23813324
1025 [ 1.  0.  0.  0.] 9 575.485916138
1026 [ 1.  0.  0.  0.] -1 582.136776733
1027 [ 1.  0.  0.  0.] -1 598.033505249
1028 [ 1.  0.  0.  0.] -1 608.557318115
1029 [ 1.  0.  0.  0.] 9 636.561453247
1030 [ 1.  0.  0.  0.] -1 638.144970703
1031 [ 1.  0.  0.  0.] -1 648.607147217
1032 [ 1.  0.  0.  0.] -1 653.230337524
1033 [ 1.  0.  0.  0.] 9 615.281140137
1034 [ 1.  0.  0.  0.] -1 613.442129517
1035 [ 1.  0.  0.  0.] -1 627.820562744
1036 [ 1.  0.  0.  0.] -1 636.032809448
1037 [ 1.  0.  0.  0.] 9 810.924780273
1038 [ 1.  0.  0.  0.] -1 850.341711426
1039 [ 1.  0.  0.  0.] -1 898.129714966
1040 [ 1.  0.  0.  0.] -1 1018.8567749
1041 [ 1.  0.  0.  0.] 9 1359.14262085
1042 [ 1.  0.  0.  0.] -1 1469.67514648
1043 [ 1.  0.  0.  0.] -1 1483.20406494
1044 [ 1.  0.  0.  0.] -1 1493.7355896
1045 [ 1.  0.  0.  0.] -1 1496.74933472
1046 [ 1.  0.  0.  0.] 0 1497.74933472
1047 [ 0.  0.  0.  1.] -2 713.348434448
1048 [ 0.  0.  0.  1.] -1 729.210159302
1049 [ 0.  0.  0.  1.] -1 793.914065552
1050 [ 0.  0.  0.  1.] -1 825.07260437
1051 [ 0.  0.  0.  1.] -1 846.288613892
1052 [ 0.  0.  0.  1.] -1 865.38208313
1053 [ 0.  0.  0.  1.] -1 917.642578125
1054 [ 0.  0.  0.  1.] -1 938.834350586
1055 [ 0.  0.  0.  1.] -1 955.315957642
1056 [ 0.  0.  0.  1.] -1 967.162255859
1057 [ 0.  0.  0.  1.] -1 1110.35307007
1058 [ 0.  0.  0.  1.] -1 1131.9651062
1059 [ 0.  0.  0.  1.] -1 1152.30962524
1060 [ 0.  0.  0.  1.] -1 1163.29863892
1061 [ 0.  0.  0.  1.] -1 1179.14596558
1062 [ 0.  0.  0.  1.] -1 1199.3882019
1063 [ 0.  0.  0.  1.] -1 1229.28757324
1064 [ 0.  0.  0.  1.] -1 1270.27267456
1065 [ 0.  0.  0.  1.] -1 1478.37265625
1066 [ 0.  0.  0.  1.] 0 1479.37265625
1067 [ 0.  0.  1.  0.] -2 1511.81630249
1068 [ 0.  0.  1.  0.] -1 1519.30696411
1069 [ 0.  0.  1.  0.] -1 1446.34993286
1070 [ 0.  0.  1.  0.] -1 1504.95665283
1071 [ 0.  0.  1.  0.] -1 1519.13823242
1072 [ 0.  0.  1.  0.] -1 1533.03720093
1073 [ 0.  0.  1.  0.] -1 1398.16700439
1074 [ 0.  0.  1.  0.] -1 1364.60389404
1075 [ 0.  0.  1.  0.] -1 1377.02335815
1076 [ 0.  0.  1.  0.] -1 1378.88149414
1077 [ 0.  0.  1.  0.] -1 1309.80877075
1078 [ 0.  0.  1.  0.] -1 1390.39989624
1079 [ 0.  0.  1.  0.] -1 1405.06099854
1080 [ 0.  0.  1.  0.] -1 1406.25186157
1081 [ 0.  0.  1.  0.] -1 1313.23756104
1082 [ 0.  0.  1.  0.] -1 1353.80982056
1083 [ 0.  0.  1.  0.] -1 1358.71985474
1084 [ 0.  0.  1.  0.] -1 1363.15755615
1085 [ 0.  0.  1.  0.] -1 1276.7772522
1086 [ 0.  0.  1.  0.] -1 1077.30357666
1087 [ 0.  0.  1.  0.] -1 1083.38128052
1088 [ 0.  0.  1.  0.] -1 1086.24693604
1089 [ 0.  0.  1.  0.] -1 989.442376709
1090 [ 0.  0.  1.  0.] 0 990.442376709
1091 [ 0.  1.  0.  0.] -2 637.069070435
1092 [ 0.  1.  0.  0.] -1 627.537081909
1093 [ 0.  1.  0.  0.] -1 590.278109741
1094 [ 0.  1.  0.  0.] -1 569.625408936
1095 [ 0.  1.  0.  0.] -1 553.983575439
1096 [ 0.  1.  0.  0.] -1 536.78888855
1097 [ 0.  1.  0.  0.] -1 518.281225586
1098 [ 0.  1.  0.  0.] 0 519.281225586
1099 [ 0.  0.  1.  0.] -2 507.877072144
1100 [ 0.  0.  1.  0.] -1 496.714996338
1101 [ 0.  0.  1.  0.] 9 485.265922546
1102 [ 0.  0.  1.  0.] -1 453.645507812
1103 [ 0.  0.  1.  0.] -1 444.725921631
1104 [ 0.  0.  1.  0.] -1 427.233692932
1105 [ 0.  0.  1.  0.] 9 411.281077576
1106 [ 0.  0.  1.  0.] -1 384.293275452
1107 [ 0.  0.  1.  0.] -1 379.070768738
1108 [ 0.  0.  1.  0.] -1 373.548226929
1109 [ 0.  0.  1.  0.] 9 375.883430481
1110 [ 0.  0.  1.  0.] -1 216.978917694
1111 [ 0.  0.  1.  0.] -1 204.867084503
1112 [ 0.  0.  1.  0.] -1 207.582751465
1113 [ 0.  0.  1.  0.] 9 204.76031723
1114 [ 0.  0.  1.  0.] -1 139.068161774
1115 [ 0.  0.  1.  0.] -1 138.987637329
1116 [ 0.  0.  1.  0.] -1 136.876418304
1117 [ 0.  0.  1.  0.] 9 147.221796417
1118 [ 0.  0.  1.  0.] -1 107.095586777
1119 [ 0.  0.  1.  0.] -1 105.996409988
1120 [ 0.  0.  1.  0.] -1 102.206303406
1121 [ 0.  0.  1.  0.] -1 99.0770626068
1122 [ 0.  0.  1.  0.] -1 92.8092384338
1123 [ 0.  0.  1.  0.] -1 91.514635849
1124 [ 0.  0.  1.  0.] -1 90.0856929779
1125 [ 0.  0.  1.  0.] 9 98.6704051971
1126 [ 0.  0.  1.  0.] -1 50.497784996
1127 [ 0.  0.  1.  0.] -1 47.025702858
1128 [ 0.  0.  1.  0.] -1 46.8584243774
1129 [ 0.  0.  1.  0.] 9 55.8087799072
1130 [ 0.  0.  1.  0.] -1 40.8125389099
1131 [ 0.  0.  1.  0.] -1 39.2375141144
1132 [ 0.  0.  1.  0.] -1 38.8283760071
1133 [ 0.  0.  1.  0.] 9 48.1799621582
1134 [ 0.  0.  1.  0.] -1 32.0850082397
1135 [ 0.  0.  1.  0.] -1 31.4492383957
1136 [ 0.  0.  1.  0.] -1 32.2472167969
1137 [ 0.  0.  1.  0.] 9 43.7688135147
1138 [ 0.  0.  1.  0.] -1 39.5286596298
1139 [ 0.  0.  1.  0.] -1 39.9438606262
1140 [ 0.  0.  1.  0.] -1 40.7504241943
1141 [ 0.  0.  1.  0.] 9 51.3836790085
1142 [ 0.  0.  1.  0.] -1 58.3318712234
1143 [ 0.  0.  1.  0.] -1 57.8811010361
1144 [ 0.  0.  1.  0.] -1 58.2134038925
1145 [ 0.  0.  1.  0.] 9 71.7951145172
1146 [ 0.  0.  1.  0.] 0 62.7951145172
1147 [ 0.  1.  0.  0.] -2 61.5236614227
1148 [ 0.  1.  0.  0.] -1 60.1331653595
1149 [ 0.  1.  0.  0.] -1 61.8281505585
1150 [ 0.  1.  0.  0.] -1 65.3416545868
1151 [ 0.  1.  0.  0.] -1 67.401732254
1152 [ 0.  1.  0.  0.] -1 69.2407119751
1153 [ 0.  1.  0.  0.] -1 71.4784217834
1154 [ 0.  1.  0.  0.] -1 78.4350379944
1155 [ 0.  1.  0.  0.] -1 80.1062934875
1156 [ 0.  1.  0.  0.] -1 82.6771976471
1157 [ 0.  1.  0.  0.] -1 84.662505722
1158 [ 0.  1.  0.  0.] -1 89.0308879852
1159 [ 0.  1.  0.  0.] -1 90.7465515137
1160 [ 0.  1.  0.  0.] -1 92.9594589233
1161 [ 0.  1.  0.  0.] -1 94.335136795
1162 [ 0.  1.  0.  0.] -1 108.321268845
1163 [ 0.  1.  0.  0.] -1 112.664464569
1164 [ 0.  1.  0.  0.] -1 122.915132141
1165 [ 0.  1.  0.  0.] -1 129.775423431
1166 [ 0.  1.  0.  0.] -1 158.186549377
1167 [ 0.  1.  0.  0.] -1 159.412695313
1168 [ 0.  1.  0.  0.] -1 179.202124786
1169 [ 0.  1.  0.  0.] -1 174.555596161
1170 [ 0.  1.  0.  0.] -1 333.441950989
1171 [ 0.  1.  0.  0.] -1 416.524768066
1172 [ 0.  1.  0.  0.] -1 430.669325256
1173 [ 0.  1.  0.  0.] -1 419.85
1174 [ 0.  1.  0.  0.] -1 554.213711548
1175 [ 0.  1.  0.  0.] -1 687.594024658
1176 [ 0.  1.  0.  0.] -1 688.558056641
1177 [ 0.  1.  0.  0.] -1 713.274176025
1178 [ 0.  1.  0.  0.] -1 1400.18273926
1179 [ 0.  1.  0.  0.] -1 1529.02474976
1180 [ 0.  1.  0.  0.] -1 1567.73400269
1181 [ 0.  1.  0.  0.] -1 1624.91885376
1182 [ 0.  1.  0.  0.] -1 1688.42261963
1183 [ 0.  1.  0.  0.] -1 1689.84530029
1184 [ 0.  1.  0.  0.] -1 223.77677536
1185 [ 0.  1.  0.  0.] -101 -101
