0 [ 0.  1.  0.  0.] -1 73.3542209625
1 [ 0.  1.  0.  0.] -1 73.6927715302
2 [ 0.  1.  0.  0.] -1 74.8475254059
3 [ 0.  1.  0.  0.] -1 77.8480285645
4 [ 0.  1.  0.  0.] -1 78.699181366
5 [ 0.  1.  0.  0.] 9 89.4964748383
6 [ 0.  1.  0.  0.] -1 71.8430141449
7 [ 0.  1.  0.  0.] -1 73.8870956421
8 [ 0.  1.  0.  0.] -1 74.9432342529
9 [ 0.  1.  0.  0.] 9 87.0004199982
10 [ 0.  1.  0.  0.] -1 77.0417114258
11 [ 0.  1.  0.  0.] -1 77.5189220428
12 [ 0.  1.  0.  0.] -1 79.813904953
13 [ 0.  1.  0.  0.] 9 90.0778961182
14 [ 0.  1.  0.  0.] -1 69.2426979065
15 [ 0.  1.  0.  0.] -1 70.3271034241
16 [ 0.  1.  0.  0.] -1 70.3787303925
17 [ 0.  1.  0.  0.] 9 79.3068130493
18 [ 0.  1.  0.  0.] -1 65.5546203613
19 [ 0.  1.  0.  0.] -1 66.1301200867
20 [ 0.  1.  0.  0.] -1 65.5666301727
21 [ 0.  1.  0.  0.] 9 77.5195110321
22 [ 0.  1.  0.  0.] -1 69.2749946594
23 [ 0.  1.  0.  0.] -1 70.3025474548
24 [ 0.  1.  0.  0.] -1 70.6932613373
25 [ 0.  1.  0.  0.] 9 80.2000110626
26 [ 0.  1.  0.  0.] -1 71.6504512787
27 [ 0.  1.  0.  0.] -1 72.4077796936
28 [ 0.  1.  0.  0.] -1 73.244103241
29 [ 0.  1.  0.  0.] 9 82.930934906
30 [ 0.  1.  0.  0.] -1 75.2346515656
31 [ 0.  1.  0.  0.] -1 77.620501709
32 [ 0.  1.  0.  0.] -1 76.9262737274
33 [ 0.  1.  0.  0.] 9 86.5692409515
34 [ 0.  1.  0.  0.] -1 75.3565906525
35 [ 0.  1.  0.  0.] -1 76.1228557587
36 [ 0.  1.  0.  0.] -1 76.7913608551
37 [ 0.  1.  0.  0.] 9 87.2876625061
38 [ 0.  1.  0.  0.] -1 83.4184791565
39 [ 0.  1.  0.  0.] -1 77.9012645721
40 [ 0.  1.  0.  0.] -1 78.5555492401
41 [ 0.  1.  0.  0.] 9 87.5865596771
42 [ 0.  1.  0.  0.] -1 80.2886512756
43 [ 0.  1.  0.  0.] -1 80.7911499023
44 [ 0.  1.  0.  0.] -1 81.7312202454
45 [ 0.  1.  0.  0.] 9 92.9849300385
46 [ 0.  1.  0.  0.] -1 93.9041824341
47 [ 0.  1.  0.  0.] -1 96.6428833008
48 [ 0.  1.  0.  0.] -1 98.1165023804
49 [ 0.  1.  0.  0.] 9 107.749090576
50 [ 0.  1.  0.  0.] 0 98.7490905762
51 [ 1.  0.  0.  0.] -2 108.212821579
52 [ 1.  0.  0.  0.] -1 110.546584702
53 [ 1.  0.  0.  0.] 9 130.47890892
54 [ 1.  0.  0.  0.] -1 121.584065247
55 [ 1.  0.  0.  0.] -1 121.994631195
56 [ 1.  0.  0.  0.] -1 122.451743317
57 [ 1.  0.  0.  0.] 9 131.452457428
58 [ 1.  0.  0.  0.] -1 122.98191452
59 [ 1.  0.  0.  0.] -1 121.645817566
60 [ 1.  0.  0.  0.] -1 123.603844452
61 [ 1.  0.  0.  0.] 9 136.819270325
62 [ 1.  0.  0.  0.] -1 127.764472198
63 [ 1.  0.  0.  0.] -1 127.197814941
64 [ 1.  0.  0.  0.] -1 127.74675827
65 [ 1.  0.  0.  0.] 49 189.653359222
66 [ 1.  0.  0.  0.] -1 140.480202484
67 [ 1.  0.  0.  0.] -1 139.955771637
68 [ 1.  0.  0.  0.] -1 140.873518372
69 [ 1.  0.  0.  0.] 9 152.107376099
70 [ 1.  0.  0.  0.] -1 141.775015259
71 [ 1.  0.  0.  0.] -1 141.835767365
72 [ 1.  0.  0.  0.] -1 141.684039307
73 [ 1.  0.  0.  0.] 9 152.239027405
74 [ 1.  0.  0.  0.] 0 143.239027405
75 [ 0.  0.  0.  1.] -2 132.061342621
76 [ 0.  0.  0.  1.] -1 132.542188263
77 [ 0.  0.  0.  1.] 9 135.383195496
78 [ 0.  0.  0.  1.] -1 124.410596466
79 [ 0.  0.  0.  1.] -1 112.508206558
80 [ 0.  0.  0.  1.] -1 111.745855331
81 [ 0.  0.  0.  1.] 9 120.146245575
82 [ 0.  0.  0.  1.] -1 109.905831909
83 [ 0.  0.  0.  1.] -1 109.821292114
84 [ 0.  0.  0.  1.] -1 109.238058853
85 [ 0.  0.  0.  1.] 9 111.565586853
86 [ 0.  0.  0.  1.] -1 100.169005966
87 [ 0.  0.  0.  1.] -1 98.5427238464
88 [ 0.  0.  0.  1.] -1 97.4889045715
89 [ 0.  0.  0.  1.] 9 107.316730118
90 [ 0.  0.  0.  1.] -1 96.6243938446
91 [ 0.  0.  0.  1.] -1 95.7199832916
92 [ 0.  0.  0.  1.] -1 94.5279460907
93 [ 0.  0.  0.  1.] 9 93.497858429
94 [ 0.  0.  0.  1.] -1 82.4665149689
95 [ 0.  0.  0.  1.] -1 81.7466583252
96 [ 0.  0.  0.  1.] -1 81.0825962067
97 [ 0.  0.  0.  1.] 9 89.1357021332
98 [ 0.  0.  0.  1.] -1 78.7449810028
99 [ 0.  0.  0.  1.] -1 126.731222534
100 [ 0.  0.  0.  1.] -1 126.252540588
101 [ 0.  0.  0.  1.] 9 130.175039673
102 [ 0.  0.  0.  1.] -1 120.29847908
103 [ 0.  0.  0.  1.] -1 119.577332306
104 [ 0.  0.  0.  1.] -1 119.264714813
105 [ 0.  0.  0.  1.] 9 121.786958313
106 [ 0.  0.  0.  1.] -1 110.763138199
107 [ 0.  0.  0.  1.] -1 109.43152771
108 [ 0.  0.  0.  1.] -1 109.420046997
109 [ 0.  0.  0.  1.] 9 107.367893219
110 [ 0.  0.  0.  1.] -1 95.3091854095
111 [ 0.  0.  0.  1.] -1 94.0867069244
112 [ 0.  0.  0.  1.] -1 92.7207920074
113 [ 0.  0.  0.  1.] 9 98.6988388062
114 [ 0.  0.  0.  1.] -1 89.192263031
115 [ 0.  0.  0.  1.] -1 89.1767379761
116 [ 0.  0.  0.  1.] -1 89.3937988281
117 [ 0.  0.  0.  1.] 9 92.9520534515
118 [ 0.  0.  0.  1.] -1 83.029026413
119 [ 0.  0.  0.  1.] -1 83.222959137
120 [ 0.  0.  0.  1.] -1 83.56407547
121 [ 0.  0.  0.  1.] 9 91.6387367249
122 [ 0.  0.  0.  1.] -1 82.2681247711
123 [ 0.  0.  0.  1.] -1 85.1095794678
124 [ 0.  0.  0.  1.] -1 87.6575366974
125 [ 0.  0.  0.  1.] 9 102.890284729
126 [ 0.  0.  0.  1.] -1 95.9091903687
127 [ 0.  0.  0.  1.] -1 98.3969535828
128 [ 0.  0.  0.  1.] -1 100.376354599
129 [ 0.  0.  0.  1.] 9 116.23470726
130 [ 0.  0.  0.  1.] -1 109.936780548
131 [ 0.  0.  0.  1.] -1 113.988544464
132 [ 0.  0.  0.  1.] -1 116.236698532
133 [ 0.  0.  0.  1.] 9 134.684408569
134 [ 0.  0.  0.  1.] -1 128.304587555
135 [ 0.  0.  0.  1.] -1 131.325580597
136 [ 0.  0.  0.  1.] -1 133.961172485
137 [ 0.  0.  0.  1.] 9 148.340267181
138 [ 0.  0.  0.  1.] -1 142.263713837
139 [ 0.  0.  0.  1.] -1 147.594301605
140 [ 0.  0.  0.  1.] -1 151.403839874
141 [ 0.  0.  0.  1.] 9 196.363799286
142 [ 0.  0.  0.  1.] -1 194.162638855
143 [ 0.  0.  0.  1.] -1 200.744073486
144 [ 0.  0.  0.  1.] -1 207.57728653
145 [ 0.  0.  0.  1.] 9 228.868219757
146 [ 0.  0.  0.  1.] -1 228.225537109
147 [ 0.  0.  0.  1.] -1 235.803633881
148 [ 0.  0.  0.  1.] -1 243.016319275
149 [ 0.  0.  0.  1.] 9 291.646395874
150 [ 0.  0.  0.  1.] -1 293.86648407
151 [ 0.  0.  0.  1.] -1 308.820953369
152 [ 0.  0.  0.  1.] -1 317.646229553
153 [ 0.  0.  0.  1.] 9 369.488296509
154 [ 0.  0.  0.  1.] 0 360.488296509
155 [ 0.  0.  1.  0.] -2 351.036183167
156 [ 0.  0.  1.  0.] -1 348.452548218
157 [ 0.  0.  1.  0.] 9 345.381640625
158 [ 0.  0.  1.  0.] -1 310.72762146
159 [ 0.  0.  1.  0.] -1 314.405218506
160 [ 0.  0.  1.  0.] -1 313.571214294
161 [ 0.  0.  1.  0.] 9 300.484080505
162 [ 0.  0.  1.  0.] -1 240.771810913
163 [ 0.  0.  1.  0.] -1 238.19201355
164 [ 0.  0.  1.  0.] -1 229.671338654
165 [ 0.  0.  1.  0.] 9 228.781012726
166 [ 0.  0.  1.  0.] -1 190.277127838
167 [ 0.  0.  1.  0.] -1 187.458830261
168 [ 0.  0.  1.  0.] -1 183.323932648
169 [ 0.  0.  1.  0.] 9 183.55764389
170 [ 0.  0.  1.  0.] -1 160.462238312
171 [ 0.  0.  1.  0.] -1 159.062823486
172 [ 0.  0.  1.  0.] -1 155.043805695
173 [ 0.  0.  1.  0.] 9 157.211611176
174 [ 0.  0.  1.  0.] -1 84.1412712097
175 [ 0.  0.  1.  0.] -1 84.7092693329
176 [ 0.  0.  1.  0.] -1 84.1336971283
177 [ 0.  0.  1.  0.] 9 91.1813926697
178 [ 0.  0.  1.  0.] 0 82.1813926697
179 [ 0.  0.  0.  1.] -2 101.681933975
180 [ 0.  0.  0.  1.] -1 107.70786972
181 [ 0.  0.  0.  1.] 9 147.856468201
182 [ 0.  0.  0.  1.] -1 148.941719818
183 [ 0.  0.  0.  1.] -1 155.546478271
184 [ 0.  0.  0.  1.] -1 162.937245178
185 [ 0.  0.  0.  1.] 9 210.47592926
186 [ 0.  0.  0.  1.] -1 217.536732483
187 [ 0.  0.  0.  1.] -1 222.448013306
188 [ 0.  0.  0.  1.] -1 232.313410187
189 [ 0.  0.  0.  1.] 9 324.500456238
190 [ 0.  0.  0.  1.] 0 315.500456238
191 [ 0.  0.  1.  0.] -2 240.777996826
192 [ 0.  0.  1.  0.] -1 236.543777466
193 [ 0.  0.  1.  0.] 9 236.782939148
194 [ 0.  0.  1.  0.] -1 207.254333496
195 [ 0.  0.  1.  0.] -1 202.187729645
196 [ 0.  0.  1.  0.] -1 191.867047119
197 [ 0.  0.  1.  0.] 9 188.912889099
198 [ 0.  0.  1.  0.] -1 171.705799103
199 [ 0.  0.  1.  0.] -1 169.359747314
200 [ 0.  0.  1.  0.] -1 167.281230927
201 [ 0.  0.  1.  0.] 9 175.079398346
202 [ 0.  0.  1.  0.] -1 96.0545185089
203 [ 0.  0.  1.  0.] -1 93.6379734039
204 [ 0.  0.  1.  0.] -1 91.6442214966
205 [ 0.  0.  1.  0.] 9 99.0221614838
206 [ 0.  0.  1.  0.] -1 66.9528102875
207 [ 0.  0.  1.  0.] -1 65.8049419403
208 [ 0.  0.  1.  0.] -1 62.4039546967
209 [ 0.  0.  1.  0.] 9 75.2883605957
210 [ 0.  0.  1.  0.] -1 40.8605564117
211 [ 0.  0.  1.  0.] -1 39.9236461639
212 [ 0.  0.  1.  0.] -1 38.9479667664
213 [ 0.  0.  1.  0.] 9 50.4832910538
214 [ 0.  0.  1.  0.] 0 41.4832910538
215 [ 0.  1.  0.  0.] -2 46.589283371
216 [ 0.  1.  0.  0.] -1 48.1040418625
217 [ 0.  1.  0.  0.] -1 46.4221717834
218 [ 0.  1.  0.  0.] -1 54.4064785004
219 [ 0.  1.  0.  0.] -1 53.3025579453
220 [ 0.  1.  0.  0.] -1 58.1213588715
221 [ 0.  1.  0.  0.] -1 56.9974412918
222 [ 0.  1.  0.  0.] -1 60.2951202393
223 [ 0.  1.  0.  0.] -1 61.2168823242
224 [ 0.  1.  0.  0.] -1 65.0365314484
225 [ 0.  1.  0.  0.] -1 63.9263233185
226 [ 0.  1.  0.  0.] 0 64.9263233185
227 [ 0.  0.  1.  0.] -2 35.3670822144
228 [ 0.  0.  1.  0.] -1 36.2693077087
229 [ 0.  0.  1.  0.] -1 37.7162000656
230 [ 0.  0.  1.  0.] -1 37.0257953644
231 [ 0.  0.  1.  0.] -1 35.6112722397
232 [ 0.  0.  1.  0.] -1 35.5444318771
233 [ 0.  0.  1.  0.] -1 42.4023820877
234 [ 0.  0.  1.  0.] -1 42.7170398712
235 [ 0.  0.  1.  0.] -1 41.6974126816
236 [ 0.  0.  1.  0.] -1 42.0879236221
237 [ 0.  0.  1.  0.] -1 45.5023738861
238 [ 0.  0.  1.  0.] 0 46.5023738861
239 [ 0.  1.  0.  0.] -2 73.8690299988
240 [ 0.  1.  0.  0.] -1 74.9177577972
241 [ 0.  1.  0.  0.] -1 79.4447971344
242 [ 0.  1.  0.  0.] -1 87.5378082275
243 [ 0.  1.  0.  0.] -1 86.7311431885
244 [ 0.  1.  0.  0.] -1 87.2956115723
245 [ 0.  1.  0.  0.] -1 93.1344673157
246 [ 0.  1.  0.  0.] -1 97.9711597443
247 [ 0.  1.  0.  0.] -1 97.3301170349
248 [ 0.  1.  0.  0.] -1 98.7468544006
249 [ 0.  1.  0.  0.] -1 100.300200653
250 [ 0.  1.  0.  0.] 0 101.300200653
251 [ 0.  0.  1.  0.] -2 82.2902488708
252 [ 0.  0.  1.  0.] -1 83.2402526855
253 [ 0.  0.  1.  0.] -1 93.1081356049
254 [ 0.  0.  1.  0.] -1 96.5999828339
255 [ 0.  0.  1.  0.] -1 95.4623123169
256 [ 0.  0.  1.  0.] -1 94.7154064178
257 [ 0.  0.  1.  0.] -1 103.491172028
258 [ 0.  0.  1.  0.] -1 102.513108063
259 [ 0.  0.  1.  0.] -1 100.151045609
260 [ 0.  0.  1.  0.] -1 99.5988697052
261 [ 0.  0.  1.  0.] -1 115.005421066
262 [ 0.  0.  1.  0.] 0 116.005421066
263 [ 0.  1.  0.  0.] -2 190.848753357
264 [ 0.  1.  0.  0.] -1 192.968760681
265 [ 0.  1.  0.  0.] -1 193.485334778
266 [ 0.  1.  0.  0.] -1 179.417938995
267 [ 0.  1.  0.  0.] -1 182.125154877
268 [ 0.  1.  0.  0.] -1 186.971450806
269 [ 0.  1.  0.  0.] -1 189.397679138
270 [ 0.  1.  0.  0.] -1 213.864136505
271 [ 0.  1.  0.  0.] -1 216.755609131
272 [ 0.  1.  0.  0.] -1 216.46289444
273 [ 0.  1.  0.  0.] -1 212.993776703
274 [ 0.  1.  0.  0.] -1 189.014524841
275 [ 0.  1.  0.  0.] -1 187.598033905
276 [ 0.  1.  0.  0.] -1 186.425348663
277 [ 0.  1.  0.  0.] -101 -101
278 [ 0.  1.  0.  0.] -2 48.7676834106
279 [ 0.  1.  0.  0.] -1 52.5671689987
280 [ 0.  1.  0.  0.] -1 53.0831306458
281 [ 0.  1.  0.  0.] -1 55.5625841141
282 [ 0.  1.  0.  0.] -1 57.0137418747
283 [ 0.  1.  0.  0.] 0 58.0137418747
284 [ 1.  0.  0.  0.] -2 68.7002811432
285 [ 1.  0.  0.  0.] -1 68.9193099976
286 [ 1.  0.  0.  0.] 9 75.60795784
287 [ 1.  0.  0.  0.] -1 66.2833919525
288 [ 1.  0.  0.  0.] -1 66.3591690063
289 [ 1.  0.  0.  0.] -1 66.3968727112
290 [ 1.  0.  0.  0.] 9 69.6756437302
291 [ 1.  0.  0.  0.] -1 59.5727413177
292 [ 1.  0.  0.  0.] -1 58.984264183
293 [ 1.  0.  0.  0.] -1 59.8237442017
294 [ 1.  0.  0.  0.] 9 68.2002235413
295 [ 1.  0.  0.  0.] 0 59.2002235413
296 [ 0.  1.  0.  0.] -2 51.4874744415
297 [ 0.  1.  0.  0.] -1 51.6163354874
298 [ 0.  1.  0.  0.] 9 63.0861494064
299 [ 0.  1.  0.  0.] -1 58.393503952
300 [ 0.  1.  0.  0.] -1 58.7316196442
301 [ 0.  1.  0.  0.] -1 59.8214393616
302 [ 0.  1.  0.  0.] 9 72.0462406158
303 [ 0.  1.  0.  0.] -1 67.1169902802
304 [ 0.  1.  0.  0.] -1 67.7854808807
305 [ 0.  1.  0.  0.] -1 67.2376754761
306 [ 0.  1.  0.  0.] 9 78.9183532715
307 [ 0.  1.  0.  0.] 0 69.9183532715
308 [ 1.  0.  0.  0.] -2 81.0315452576
309 [ 1.  0.  0.  0.] -1 83.2994754791
310 [ 1.  0.  0.  0.] 9 98.0863239288
311 [ 1.  0.  0.  0.] -1 90.4151618958
312 [ 1.  0.  0.  0.] -1 90.965127182
313 [ 1.  0.  0.  0.] -1 94.8189575195
314 [ 1.  0.  0.  0.] 9 114.628675842
315 [ 1.  0.  0.  0.] -1 100.859276581
316 [ 1.  0.  0.  0.] -1 101.352889252
317 [ 1.  0.  0.  0.] -1 102.134077835
318 [ 1.  0.  0.  0.] -1 103.016846085
319 [ 1.  0.  0.  0.] 0 104.016846085
320 [ 0.  0.  0.  1.] -2 60.0614650726
321 [ 0.  0.  0.  1.] -1 60.585943222
322 [ 0.  0.  0.  1.] -1 55.4357526779
323 [ 0.  0.  0.  1.] -1 54.6631420135
324 [ 0.  0.  0.  1.] -1 53.9386213303
325 [ 0.  0.  0.  1.] -1 53.4147848129
326 [ 0.  0.  0.  1.] -1 51.8711000443
327 [ 0.  0.  0.  1.] -1 52.4929756165
328 [ 0.  0.  0.  1.] -1 52.7044773102
329 [ 0.  0.  0.  1.] -1 52.8302360535
330 [ 0.  0.  0.  1.] -1 50.4249397278
331 [ 0.  0.  0.  1.] -1 50.5054460526
332 [ 0.  0.  0.  1.] -1 50.7453306198
333 [ 0.  0.  0.  1.] -1 51.209516716
334 [ 0.  0.  0.  1.] -1 49.5077365875
335 [ 0.  0.  0.  1.] -1 49.668462944
336 [ 0.  0.  0.  1.] -1 50.5400367737
337 [ 0.  0.  0.  1.] -1 51.5635234833
338 [ 0.  0.  0.  1.] -1 51.2830106735
339 [ 0.  0.  0.  1.] -1 52.6790334702
340 [ 0.  0.  0.  1.] -1 53.3652090073
341 [ 0.  0.  0.  1.] -1 54.745029068
342 [ 0.  0.  0.  1.] -1 54.7344362259
343 [ 0.  0.  0.  1.] -1 56.0448682785
344 [ 0.  0.  0.  1.] -1 56.6674577713
345 [ 0.  0.  0.  1.] -1 56.8458400726
346 [ 0.  0.  0.  1.] -1 58.3617218018
347 [ 0.  0.  0.  1.] -1 59.5498016357
348 [ 0.  0.  0.  1.] -1 60.8294517517
349 [ 0.  0.  0.  1.] -1 61.5762489319
350 [ 0.  0.  0.  1.] -1 61.4282028198
351 [ 0.  0.  0.  1.] -1 62.4457027435
352 [ 0.  0.  0.  1.] -1 63.9736305237
353 [ 0.  0.  0.  1.] -1 65.1052635193
354 [ 0.  0.  0.  1.] -1 76.6912960052
355 [ 0.  0.  0.  1.] 0 77.6912960052
356 [ 0.  0.  1.  0.] -2 76.2595623016
357 [ 0.  0.  1.  0.] -1 78.1628131866
358 [ 0.  0.  1.  0.] 9 85.2747325897
359 [ 0.  0.  1.  0.] -1 72.0618797302
360 [ 0.  0.  1.  0.] -1 72.197517395
361 [ 0.  0.  1.  0.] -1 73.4655056
362 [ 0.  0.  1.  0.] 9 78.5099979401
363 [ 0.  0.  1.  0.] -1 60.2950405121
364 [ 0.  0.  1.  0.] -1 59.8842571259
365 [ 0.  0.  1.  0.] -1 59.4622503281
366 [ 0.  0.  1.  0.] 9 68.6023456573
367 [ 0.  0.  1.  0.] 0 59.6023456573
368 [ 0.  1.  0.  0.] -2 49.6792802811
369 [ 0.  1.  0.  0.] -1 50.1708600998
370 [ 0.  1.  0.  0.] 9 59.629914856
371 [ 0.  1.  0.  0.] -1 50.0683998108
372 [ 0.  1.  0.  0.] -1 50.0046470642
373 [ 0.  1.  0.  0.] -1 49.9683059692
374 [ 0.  1.  0.  0.] 9 59.9177082062
375 [ 0.  1.  0.  0.] -1 77.5900531769
376 [ 0.  1.  0.  0.] -1 74.7363857269
377 [ 0.  1.  0.  0.] -1 74.5993274689
378 [ 0.  1.  0.  0.] 9 83.5153060913
379 [ 0.  1.  0.  0.] 0 74.5153060913
380 [ 0.  0.  1.  0.] -2 43.2375494003
381 [ 0.  0.  1.  0.] -1 43.275532341
382 [ 0.  0.  1.  0.] 9 54.7998216629
383 [ 0.  0.  1.  0.] -1 41.2455299377
384 [ 0.  0.  1.  0.] -1 41.8094003677
385 [ 0.  0.  1.  0.] -1 41.0633678436
386 [ 0.  0.  1.  0.] 9 52.4083797455
387 [ 0.  0.  1.  0.] -1 29.1669393539
388 [ 0.  0.  1.  0.] -1 28.9235214233
389 [ 0.  0.  1.  0.] -1 29.1990657806
390 [ 0.  0.  1.  0.] 9 40.518198967
391 [ 0.  0.  1.  0.] 0 31.518198967
392 [ 0.  0.  0.  1.] -2 33.5147808075
393 [ 0.  0.  0.  1.] -1 35.2669704437
394 [ 0.  0.  0.  1.] 9 43.6886478424
395 [ 0.  0.  0.  1.] -1 34.3480676651
396 [ 0.  0.  0.  1.] -1 35.651530838
397 [ 0.  0.  0.  1.] -1 36.6259998322
398 [ 0.  0.  0.  1.] 9 50.6152069092
399 [ 0.  0.  0.  1.] -1 42.5208421707
400 [ 0.  0.  0.  1.] -1 44.4076183319
401 [ 0.  0.  0.  1.] -1 47.0103662491
402 [ 0.  0.  0.  1.] 9 63.5729417801
403 [ 0.  0.  0.  1.] -1 55.5831283569
404 [ 0.  0.  0.  1.] -1 57.0638938904
405 [ 0.  0.  0.  1.] -1 60.1572429657
406 [ 0.  0.  0.  1.] 9 72.8467739105
407 [ 0.  0.  0.  1.] -1 64.9961315155
408 [ 0.  0.  0.  1.] -1 65.0729450226
409 [ 0.  0.  0.  1.] -1 66.5068889618
410 [ 0.  0.  0.  1.] 9 81.8956123352
411 [ 0.  0.  0.  1.] -1 74.5938335419
412 [ 0.  0.  0.  1.] -1 76.7499389648
413 [ 0.  0.  0.  1.] -1 77.6991996765
414 [ 0.  0.  0.  1.] -1 83.6802742004
415 [ 0.  0.  0.  1.] 0 84.6802742004
416 [ 1.  0.  0.  0.] -2 140.543791962
417 [ 1.  0.  0.  0.] -1 142.130641937
418 [ 1.  0.  0.  0.] -1 257.97481842
419 [ 1.  0.  0.  0.] -1 261.657518005
420 [ 1.  0.  0.  0.] -1 270.681967163
421 [ 1.  0.  0.  0.] -1 276.340016174
422 [ 1.  0.  0.  0.] -1 288.711701965
423 [ 1.  0.  0.  0.] -1 293.573348999
424 [ 1.  0.  0.  0.] -1 302.992056274
425 [ 1.  0.  0.  0.] -1 303.623466492
426 [ 1.  0.  0.  0.] -1 276.125332642
427 [ 1.  0.  0.  0.] -1 276.480249023
428 [ 1.  0.  0.  0.] -1 286.289967346
429 [ 1.  0.  0.  0.] -1 287.935246277
430 [ 1.  0.  0.  0.] -1 289.185455322
431 [ 1.  0.  0.  0.] -1 293.349156189
432 [ 1.  0.  0.  0.] -1 301.719552612
433 [ 1.  0.  0.  0.] -1 307.85834198
434 [ 1.  0.  0.  0.] -1 325.332363892
435 [ 1.  0.  0.  0.] -1 339.826908875
436 [ 1.  0.  0.  0.] -1 340.214759827
437 [ 1.  0.  0.  0.] -1 340.402770996
438 [ 1.  0.  0.  0.] -1 324.25880127
439 [ 1.  0.  0.  0.] 0 325.25880127
440 [ 0.  1.  0.  0.] -2 230.768206787
441 [ 0.  1.  0.  0.] -1 228.338822174
442 [ 0.  1.  0.  0.] -1 223.743608856
443 [ 0.  1.  0.  0.] -1 194.006344604
444 [ 0.  1.  0.  0.] -1 185.959698486
445 [ 0.  1.  0.  0.] -1 183.680023193
446 [ 0.  1.  0.  0.] -1 171.615533447
447 [ 0.  1.  0.  0.] -1 172.449668121
448 [ 0.  1.  0.  0.] -1 165.668234253
449 [ 0.  1.  0.  0.] -1 161.914070129
450 [ 0.  1.  0.  0.] -1 156.402371216
451 [ 0.  1.  0.  0.] 0 157.402371216
452 [ 0.  0.  1.  0.] -2 160.857971191
453 [ 0.  0.  1.  0.] -1 164.230187988
454 [ 0.  0.  1.  0.] -1 155.316762543
455 [ 0.  0.  1.  0.] -1 139.447503662
456 [ 0.  0.  1.  0.] -1 140.179718018
457 [ 0.  0.  1.  0.] -1 143.64979248
458 [ 0.  0.  1.  0.] -1 130.288866425
459 [ 0.  0.  1.  0.] -1 110.562602615
460 [ 0.  0.  1.  0.] -1 110.248919678
461 [ 0.  0.  1.  0.] -1 107.05925293
462 [ 0.  0.  1.  0.] -1 105.104139709
463 [ 0.  0.  1.  0.] 0 106.104139709
464 [ 0.  1.  0.  0.] -2 87.9450580597
465 [ 0.  1.  0.  0.] -1 85.9567966461
466 [ 0.  1.  0.  0.] -1 80.299994278
467 [ 0.  1.  0.  0.] -1 89.9125980377
468 [ 0.  1.  0.  0.] -1 89.3083602905
469 [ 0.  1.  0.  0.] -1 87.925246048
470 [ 0.  1.  0.  0.] -1 88.6347019196
471 [ 0.  1.  0.  0.] -1 94.2053627014
472 [ 0.  1.  0.  0.] -1 91.1842536926
473 [ 0.  1.  0.  0.] -1 89.6982769012
474 [ 0.  1.  0.  0.] -1 86.9800514221
475 [ 0.  1.  0.  0.] 0 87.9800514221
476 [ 0.  0.  1.  0.] -2 39.5805473328
477 [ 0.  0.  1.  0.] -1 39.3911628723
478 [ 0.  0.  1.  0.] -1 40.8498548508
479 [ 0.  0.  1.  0.] -1 38.7805976868
480 [ 0.  0.  1.  0.] -1 39.0918706894
481 [ 0.  0.  1.  0.] -1 38.5132507324
482 [ 0.  0.  1.  0.] -1 39.7426618576
483 [ 0.  0.  1.  0.] -1 32.6923154831
484 [ 0.  0.  1.  0.] -1 33.0723314285
485 [ 0.  0.  1.  0.] -1 32.784664917
486 [ 0.  0.  1.  0.] -1 36.1239831924
487 [ 0.  0.  1.  0.] 0 37.1239831924
488 [ 0.  1.  0.  0.] -2 54.9654817581
489 [ 0.  1.  0.  0.] -1 58.2136140823
490 [ 0.  1.  0.  0.] -1 58.4312656403
491 [ 0.  1.  0.  0.] -1 58.4425252914
492 [ 0.  1.  0.  0.] -1 58.7378890991
493 [ 0.  1.  0.  0.] -1 59.9417549133
494 [ 0.  1.  0.  0.] -1 59.6158918381
495 [ 0.  1.  0.  0.] -1 63.3414520264
496 [ 0.  1.  0.  0.] -1 63.4853378296
497 [ 0.  1.  0.  0.] -1 65.4207294464
498 [ 0.  1.  0.  0.] -1 65.2987106323
499 [ 0.  1.  0.  0.] 0 66.2987106323
500 [ 1.  0.  0.  0.] -2 83.4524173737
501 [ 1.  0.  0.  0.] -1 83.86653862
502 [ 1.  0.  0.  0.] -1 98.1948379517
503 [ 1.  0.  0.  0.] -1 98.8598350525
504 [ 1.  0.  0.  0.] -1 100.207246017
505 [ 1.  0.  0.  0.] -1 101.719605255
506 [ 1.  0.  0.  0.] -1 95.9574180603
507 [ 1.  0.  0.  0.] -1 95.1737796783
508 [ 1.  0.  0.  0.] -1 95.1816436768
509 [ 1.  0.  0.  0.] -1 96.6656925201
510 [ 1.  0.  0.  0.] -1 97.3685745239
511 [ 1.  0.  0.  0.] 0 98.3685745239
512 [ 0.  1.  0.  0.] -2 76.3664836884
513 [ 0.  1.  0.  0.] -1 75.2295780182
514 [ 0.  1.  0.  0.] -1 75.3561412811
515 [ 0.  1.  0.  0.] -1 82.5931941986
516 [ 0.  1.  0.  0.] -1 83.2900314331
517 [ 0.  1.  0.  0.] -1 85.2540306091
518 [ 0.  1.  0.  0.] -1 86.5511772156
519 [ 0.  1.  0.  0.] -1 95.833978653
520 [ 0.  1.  0.  0.] -1 97.1795051575
521 [ 0.  1.  0.  0.] -1 97.0795780182
522 [ 0.  1.  0.  0.] -1 99.134683609
523 [ 0.  1.  0.  0.] 0 100.134683609
524 [ 1.  0.  0.  0.] -2 109.935928726
525 [ 1.  0.  0.  0.] -1 113.309283447
526 [ 1.  0.  0.  0.] -1 142.498778534
527 [ 1.  0.  0.  0.] -1 147.962786102
528 [ 1.  0.  0.  0.] -1 158.239386749
529 [ 1.  0.  0.  0.] -1 182.492479706
530 [ 1.  0.  0.  0.] -1 284.363034058
531 [ 1.  0.  0.  0.] -1 313.360966492
532 [ 1.  0.  0.  0.] -1 319.608706665
533 [ 1.  0.  0.  0.] -1 325.324681091
534 [ 1.  0.  0.  0.] -1 327.566493225
535 [ 1.  0.  0.  0.] 0 328.566493225
536 [ 0.  1.  0.  0.] -2 109.360247803
537 [ 0.  1.  0.  0.] -1 111.317807388
538 [ 0.  1.  0.  0.] -1 110.414186859
539 [ 0.  1.  0.  0.] -1 114.99828186
540 [ 0.  1.  0.  0.] -1 115.686639023
541 [ 0.  1.  0.  0.] -1 117.132549286
542 [ 0.  1.  0.  0.] -1 117.493242264
543 [ 0.  1.  0.  0.] -1 120.292427063
544 [ 0.  1.  0.  0.] -1 121.165961456
545 [ 0.  1.  0.  0.] -1 122.897737122
546 [ 0.  1.  0.  0.] -1 124.500325775
547 [ 0.  1.  0.  0.] -1 131.001163483
548 [ 0.  1.  0.  0.] -1 132.7201828
549 [ 0.  1.  0.  0.] -1 133.192544556
550 [ 0.  1.  0.  0.] -1 133.306612396
551 [ 0.  1.  0.  0.] -1 134.306434631
552 [ 0.  1.  0.  0.] -1 134.8538414
553 [ 0.  1.  0.  0.] -1 136.221046448
554 [ 0.  1.  0.  0.] -1 137.153694916
555 [ 0.  1.  0.  0.] -1 142.027895355
556 [ 0.  1.  0.  0.] -1 142.893659973
557 [ 0.  1.  0.  0.] -1 143.740391541
558 [ 0.  1.  0.  0.] -1 144.215898895
559 [ 0.  1.  0.  0.] -1 147.253808594
560 [ 0.  1.  0.  0.] -1 148.155305481
561 [ 0.  1.  0.  0.] -1 149.788697815
562 [ 0.  1.  0.  0.] -1 157.978244019
563 [ 0.  1.  0.  0.] -1 188.690991974
564 [ 0.  1.  0.  0.] -1 198.768941498
565 [ 0.  1.  0.  0.] -1 208.124098969
566 [ 0.  1.  0.  0.] -1 211.262319946
567 [ 0.  1.  0.  0.] 0 212.262319946
568 [ 0.  0.  1.  0.] -2 149.708908844
569 [ 0.  0.  1.  0.] -1 150.855056
570 [ 0.  0.  1.  0.] -1 152.056414032
571 [ 0.  0.  1.  0.] -1 138.252784729
572 [ 0.  0.  1.  0.] -1 137.803195953
573 [ 0.  0.  1.  0.] -1 137.610807037
574 [ 0.  0.  1.  0.] -1 138.940424347
575 [ 0.  0.  1.  0.] -1 131.955164337
576 [ 0.  0.  1.  0.] -1 132.140029907
577 [ 0.  0.  1.  0.] -1 132.207145691
578 [ 0.  0.  1.  0.] -1 134.521176147
579 [ 0.  0.  1.  0.] -1 123.616658783
580 [ 0.  0.  1.  0.] -1 122.839724731
581 [ 0.  0.  1.  0.] -1 122.370639038
582 [ 0.  0.  1.  0.] -1 125.329966736
583 [ 0.  0.  1.  0.] -1 120.668159485
584 [ 0.  0.  1.  0.] -1 119.745897293
585 [ 0.  0.  1.  0.] -1 120.367160416
586 [ 0.  0.  1.  0.] -1 122.997729492
587 [ 0.  0.  1.  0.] -1 94.1824157715
588 [ 0.  0.  1.  0.] -1 92.5956493378
589 [ 0.  0.  1.  0.] -1 92.7062164307
590 [ 0.  0.  1.  0.] -1 97.3658782959
591 [ 0.  0.  1.  0.] 0 98.3658782959
592 [ 0.  0.  0.  1.] -2 90.8700378418
593 [ 0.  0.  0.  1.] -1 90.3519020081
594 [ 0.  0.  0.  1.] -1 77.7873706818
595 [ 0.  0.  0.  1.] -1 76.6537952423
596 [ 0.  0.  0.  1.] -1 75.2737831116
597 [ 0.  0.  0.  1.] -1 74.2097805023
598 [ 0.  0.  0.  1.] -1 68.818447876
599 [ 0.  0.  0.  1.] -1 68.3985176086
600 [ 0.  0.  0.  1.] -1 68.3868412018
601 [ 0.  0.  0.  1.] -1 68.0707084656
602 [ 0.  0.  0.  1.] -1 60.1533218384
603 [ 0.  0.  0.  1.] -1 58.978099823
604 [ 0.  0.  0.  1.] -1 58.7176166534
605 [ 0.  0.  0.  1.] -1 58.3978672028
606 [ 0.  0.  0.  1.] -1 57.5881000519
607 [ 0.  0.  0.  1.] -1 57.3896373749
608 [ 0.  0.  0.  1.] -1 57.6928434372
609 [ 0.  0.  0.  1.] -1 57.2827377319
610 [ 0.  0.  0.  1.] -1 51.9126016617
611 [ 0.  0.  0.  1.] -1 51.6796895981
612 [ 0.  0.  0.  1.] -1 50.3118648529
613 [ 0.  0.  0.  1.] -1 50.1474637985
614 [ 0.  0.  0.  1.] -1 49.1925460815
615 [ 0.  0.  0.  1.] -1 49.4036382675
616 [ 0.  0.  0.  1.] -1 49.5793279648
617 [ 0.  0.  0.  1.] -1 50.3862503052
618 [ 0.  0.  0.  1.] -1 51.4432405472
619 [ 0.  0.  0.  1.] -1 51.6137117386
620 [ 0.  0.  0.  1.] -1 52.6681869507
621 [ 0.  0.  0.  1.] -1 52.8918506622
622 [ 0.  0.  0.  1.] -1 47.8320381165
623 [ 0.  0.  0.  1.] -1 47.8065834045
624 [ 0.  0.  0.  1.] -1 47.384837532
625 [ 0.  0.  0.  1.] -1 48.6325677872
626 [ 0.  0.  0.  1.] -1 44.2098840714
627 [ 0.  0.  0.  1.] -1 43.0144439697
628 [ 0.  0.  0.  1.] -1 42.9129730225
629 [ 0.  0.  0.  1.] -1 43.0839733124
630 [ 0.  0.  0.  1.] -1 48.3051246643
631 [ 0.  0.  0.  1.] -1 47.5568307877
632 [ 0.  0.  0.  1.] -1 49.541229248
633 [ 0.  0.  0.  1.] -1 48.5103967667
634 [ 0.  0.  0.  1.] -1 48.4601867676
635 [ 0.  0.  0.  1.] 0 49.4601867676
636 [ 1.  0.  0.  0.] -2 83.4524173737
637 [ 1.  0.  0.  0.] -1 83.86653862
638 [ 1.  0.  0.  0.] -1 98.1948379517
639 [ 1.  0.  0.  0.] -1 98.8598350525
640 [ 1.  0.  0.  0.] -1 100.207246017
641 [ 1.  0.  0.  0.] -1 101.719605255
642 [ 1.  0.  0.  0.] -1 95.9574180603
643 [ 1.  0.  0.  0.] -1 95.1737796783
644 [ 1.  0.  0.  0.] -1 95.1816436768
645 [ 1.  0.  0.  0.] -1 96.6656925201
646 [ 1.  0.  0.  0.] -1 97.3685745239
647 [ 1.  0.  0.  0.] 0 98.3685745239
648 [ 0.  1.  0.  0.] -2 76.3664836884
649 [ 0.  1.  0.  0.] -1 75.2295780182
650 [ 0.  1.  0.  0.] -1 75.3561412811
651 [ 0.  1.  0.  0.] -1 82.5931941986
652 [ 0.  1.  0.  0.] -1 83.2900314331
653 [ 0.  1.  0.  0.] -1 85.2540306091
654 [ 0.  1.  0.  0.] -1 86.5511772156
655 [ 0.  1.  0.  0.] -1 95.833978653
656 [ 0.  1.  0.  0.] -1 97.1795051575
657 [ 0.  1.  0.  0.] -1 97.0795780182
658 [ 0.  1.  0.  0.] -1 99.134683609
659 [ 0.  1.  0.  0.] 0 100.134683609
660 [ 1.  0.  0.  0.] -2 109.935928726
661 [ 1.  0.  0.  0.] -1 113.309283447
662 [ 1.  0.  0.  0.] -1 142.498778534
663 [ 1.  0.  0.  0.] -1 147.962786102
664 [ 1.  0.  0.  0.] -1 158.239386749
665 [ 1.  0.  0.  0.] -1 182.492479706
666 [ 1.  0.  0.  0.] -1 284.363034058
667 [ 1.  0.  0.  0.] -1 313.360966492
668 [ 1.  0.  0.  0.] -1 319.608706665
669 [ 1.  0.  0.  0.] -1 325.324681091
670 [ 1.  0.  0.  0.] -1 327.566493225
671 [ 1.  0.  0.  0.] 0 328.566493225
672 [ 0.  0.  0.  1.] -2 94.654693985
673 [ 0.  0.  0.  1.] -1 95.1255374908
674 [ 0.  0.  0.  1.] -1 85.5616397858
675 [ 0.  0.  0.  1.] -1 84.391462326
676 [ 0.  0.  0.  1.] -1 83.0505020142
677 [ 0.  0.  0.  1.] -1 82.2373935699
678 [ 0.  0.  0.  1.] -1 81.2332733154
679 [ 0.  0.  0.  1.] -1 82.66939888
680 [ 0.  0.  0.  1.] -1 83.5997135162
681 [ 0.  0.  0.  1.] -1 83.5528121948
682 [ 0.  0.  0.  1.] -1 80.9089359283
683 [ 0.  0.  0.  1.] -1 81.1501033783
684 [ 0.  0.  0.  1.] -1 81.7947555542
685 [ 0.  0.  0.  1.] -1 83.6740119934
686 [ 0.  0.  0.  1.] -1 77.3648963928
687 [ 0.  0.  0.  1.] -1 78.0189346313
688 [ 0.  0.  0.  1.] -1 80.4484100342
689 [ 0.  0.  0.  1.] -1 83.2654754639
690 [ 0.  0.  0.  1.] -1 85.5864711761
691 [ 0.  0.  0.  1.] -1 90.4080371857
692 [ 0.  0.  0.  1.] -1 94.3168212891
693 [ 0.  0.  0.  1.] -1 102.394510269
694 [ 0.  0.  0.  1.] -1 100.444470596
695 [ 0.  0.  0.  1.] -1 103.706681824
696 [ 0.  0.  0.  1.] -1 105.062725067
697 [ 0.  0.  0.  1.] -1 105.541204071
698 [ 0.  0.  0.  1.] -1 111.631968689
699 [ 0.  0.  0.  1.] -1 116.106772232
700 [ 0.  0.  0.  1.] -1 120.030885696
701 [ 0.  0.  0.  1.] -1 123.049900055
702 [ 0.  0.  0.  1.] -1 125.009927368
703 [ 0.  0.  0.  1.] -1 129.577960968
704 [ 0.  0.  0.  1.] -1 138.749427032
705 [ 0.  0.  0.  1.] -1 147.945318604
706 [ 0.  0.  0.  1.] -1 170.919254303
707 [ 0.  0.  0.  1.] 0 171.919254303
708 [ 0.  0.  1.  0.] -2 160.857971191
709 [ 0.  0.  1.  0.] -1 164.230187988
710 [ 0.  0.  1.  0.] -1 155.316762543
711 [ 0.  0.  1.  0.] -1 139.447503662
712 [ 0.  0.  1.  0.] -1 140.179718018
713 [ 0.  0.  1.  0.] -1 143.64979248
714 [ 0.  0.  1.  0.] -1 130.288866425
715 [ 0.  0.  1.  0.] -1 110.562602615
716 [ 0.  0.  1.  0.] -1 110.248919678
717 [ 0.  0.  1.  0.] -1 107.05925293
718 [ 0.  0.  1.  0.] -1 105.104139709
719 [ 0.  0.  1.  0.] 0 106.104139709
720 [ 0.  1.  0.  0.] -2 87.9450580597
721 [ 0.  1.  0.  0.] -1 85.9567966461
722 [ 0.  1.  0.  0.] -1 80.299994278
723 [ 0.  1.  0.  0.] -1 89.9125980377
724 [ 0.  1.  0.  0.] -1 89.3083602905
725 [ 0.  1.  0.  0.] -1 87.925246048
726 [ 0.  1.  0.  0.] -1 88.6347019196
727 [ 0.  1.  0.  0.] -1 94.2053627014
728 [ 0.  1.  0.  0.] -1 91.1842536926
729 [ 0.  1.  0.  0.] -1 89.6982769012
730 [ 0.  1.  0.  0.] -1 86.9800514221
731 [ 0.  1.  0.  0.] 0 87.9800514221
732 [ 0.  0.  1.  0.] -2 39.5805473328
733 [ 0.  0.  1.  0.] -1 39.3911628723
734 [ 0.  0.  1.  0.] -1 40.8498548508
735 [ 0.  0.  1.  0.] -1 38.7805976868
736 [ 0.  0.  1.  0.] -1 39.0918706894
737 [ 0.  0.  1.  0.] -1 38.5132507324
738 [ 0.  0.  1.  0.] -1 39.7426618576
739 [ 0.  0.  1.  0.] -1 32.6923154831
740 [ 0.  0.  1.  0.] -1 33.0723314285
741 [ 0.  0.  1.  0.] -1 32.784664917
742 [ 0.  0.  1.  0.] -1 36.1239831924
743 [ 0.  0.  1.  0.] 0 37.1239831924
744 [ 0.  0.  0.  1.] -2 39.7184173584
745 [ 0.  0.  0.  1.] -1 40.5758832932
746 [ 0.  0.  0.  1.] -1 39.7296880722
747 [ 0.  0.  0.  1.] -1 41.2249204636
748 [ 0.  0.  0.  1.] -1 42.0190755844
749 [ 0.  0.  0.  1.] -1 42.8294986725
750 [ 0.  0.  0.  1.] -1 44.3628044128
751 [ 0.  0.  0.  1.] -1 46.6638320923
752 [ 0.  0.  0.  1.] -1 48.8822225571
753 [ 0.  0.  0.  1.] -1 51.6978565216
754 [ 0.  0.  0.  1.] -1 56.364635849
755 [ 0.  0.  0.  1.] -1 58.182125473
756 [ 0.  0.  0.  1.] -1 59.3670560837
757 [ 0.  0.  0.  1.] -1 62.2694404602
758 [ 0.  0.  0.  1.] -1 63.9356079102
759 [ 0.  0.  0.  1.] -1 66.3615970612
760 [ 0.  0.  0.  1.] -1 66.3011276245
761 [ 0.  0.  0.  1.] -1 67.4832061768
762 [ 0.  0.  0.  1.] -1 71.8956123352
763 [ 0.  0.  0.  1.] -1 74.5938335419
764 [ 0.  0.  0.  1.] -1 76.7499389648
765 [ 0.  0.  0.  1.] -1 77.6991996765
766 [ 0.  0.  0.  1.] -1 83.6802742004
767 [ 0.  0.  0.  1.] -1 86.0891147614
768 [ 0.  0.  0.  1.] -1 88.7558944702
769 [ 0.  0.  0.  1.] -1 91.7778877258
770 [ 0.  0.  0.  1.] -1 117.813738251
771 [ 0.  0.  0.  1.] -1 126.662889099
772 [ 0.  0.  0.  1.] -1 132.083496094
773 [ 0.  0.  0.  1.] -1 139.144380951
774 [ 0.  0.  0.  1.] -1 159.682752991
775 [ 0.  0.  0.  1.] -1 172.894154358
776 [ 0.  0.  0.  1.] -1 182.646860504
777 [ 0.  0.  0.  1.] -1 192.542162323
778 [ 0.  0.  0.  1.] -1 253.481510925
779 [ 0.  0.  0.  1.] 0 254.481510925
780 [ 0.  0.  1.  0.] -2 183.824021149
781 [ 0.  0.  1.  0.] -1 180.612817383
782 [ 0.  0.  1.  0.] -1 170.842803192
783 [ 0.  0.  1.  0.] -1 151.722792053
784 [ 0.  0.  1.  0.] -1 147.490090942
785 [ 0.  0.  1.  0.] -1 143.689670563
786 [ 0.  0.  1.  0.] -1 134.184843445
787 [ 0.  0.  1.  0.] -1 127.661102295
788 [ 0.  0.  1.  0.] -1 124.827323151
789 [ 0.  0.  1.  0.] -1 125.080043793
790 [ 0.  0.  1.  0.] -1 119.139159012
791 [ 0.  0.  1.  0.] 0 120.139159012
792 [ 0.  1.  0.  0.] -2 78.9849124908
793 [ 0.  1.  0.  0.] -1 79.0398410797
794 [ 0.  1.  0.  0.] 9 91.5375556946
795 [ 0.  1.  0.  0.] -1 78.7010295868
796 [ 0.  1.  0.  0.] -1 78.8625350952
797 [ 0.  1.  0.  0.] -1 78.2629650116
798 [ 0.  1.  0.  0.] 9 89.4341499329
799 [ 0.  1.  0.  0.] -1 67.8076160431
800 [ 0.  1.  0.  0.] -1 68.2534866333
801 [ 0.  1.  0.  0.] -1 67.3991012573
802 [ 0.  1.  0.  0.] 9 77.9360565186
803 [ 0.  1.  0.  0.] -1 66.3879577637
804 [ 0.  1.  0.  0.] -1 65.674754715
805 [ 0.  1.  0.  0.] -1 64.5787525177
806 [ 0.  1.  0.  0.] 9 74.9325527191
807 [ 0.  1.  0.  0.] -1 61.3306167603
808 [ 0.  1.  0.  0.] -1 60.2301280975
809 [ 0.  1.  0.  0.] -1 60.1397319794
810 [ 0.  1.  0.  0.] 9 71.3958553314
811 [ 0.  1.  0.  0.] -1 62.7788246155
812 [ 0.  1.  0.  0.] -1 61.0387355804
813 [ 0.  1.  0.  0.] -1 60.7468109131
814 [ 0.  1.  0.  0.] 9 72.9102077484
815 [ 0.  1.  0.  0.] 0 63.9102077484
816 [ 1.  0.  0.  0.] -2 112.56140976
817 [ 1.  0.  0.  0.] -1 115.836141968
818 [ 1.  0.  0.  0.] 9 131.542940521
819 [ 1.  0.  0.  0.] -1 129.663327026
820 [ 1.  0.  0.  0.] -1 127.21186142
821 [ 1.  0.  0.  0.] -1 132.00426178
822 [ 1.  0.  0.  0.] 9 144.651885223
823 [ 1.  0.  0.  0.] -1 134.004457092
824 [ 1.  0.  0.  0.] -1 136.693292236
825 [ 1.  0.  0.  0.] -1 139.256259918
826 [ 1.  0.  0.  0.] -1 124.936810303
827 [ 1.  0.  0.  0.] 0 125.936810303
828 [ 0.  1.  0.  0.] -2 57.3728219986
829 [ 0.  1.  0.  0.] -1 57.7884943008
830 [ 0.  1.  0.  0.] -1 55.8025846481
831 [ 0.  1.  0.  0.] -1 56.9629629135
832 [ 0.  1.  0.  0.] -1 58.2137517929
833 [ 0.  1.  0.  0.] -1 60.5778400421
834 [ 0.  1.  0.  0.] -1 59.502643013
835 [ 0.  1.  0.  0.] -1 61.7977527618
836 [ 0.  1.  0.  0.] -1 61.7342029572
837 [ 0.  1.  0.  0.] -1 63.1735610962
838 [ 0.  1.  0.  0.] -1 60.7569725037
839 [ 0.  1.  0.  0.] -1 54.4046230316
840 [ 0.  1.  0.  0.] -1 55.591311264
841 [ 0.  1.  0.  0.] -1 56.790766716
842 [ 0.  1.  0.  0.] -1 56.3654621124
843 [ 0.  1.  0.  0.] -1 54.0784156799
844 [ 0.  1.  0.  0.] -1 54.6309902191
845 [ 0.  1.  0.  0.] -1 56.2781934738
846 [ 0.  1.  0.  0.] -1 56.063422966
847 [ 0.  1.  0.  0.] -1 59.6587053299
848 [ 0.  1.  0.  0.] -1 59.720573616
849 [ 0.  1.  0.  0.] -1 61.0895797729
850 [ 0.  1.  0.  0.] -1 60.9972991943
851 [ 0.  1.  0.  0.] 0 61.9972991943
852 [ 1.  0.  0.  0.] -2 77.7492282867
853 [ 1.  0.  0.  0.] -1 78.1922470093
854 [ 1.  0.  0.  0.] -1 91.7938404083
855 [ 1.  0.  0.  0.] -1 92.4712314606
856 [ 1.  0.  0.  0.] -1 93.6809680939
857 [ 1.  0.  0.  0.] -1 94.7069843292
858 [ 1.  0.  0.  0.] -1 89.5277187347
859 [ 1.  0.  0.  0.] -1 88.8090579987
860 [ 1.  0.  0.  0.] -1 88.8097320557
861 [ 1.  0.  0.  0.] -1 90.3078853607
862 [ 1.  0.  0.  0.] -1 91.0354175568
863 [ 1.  0.  0.  0.] 0 92.0354175568
864 [ 0.  1.  0.  0.] -2 70.3402835846
865 [ 0.  1.  0.  0.] -1 69.1738136292
866 [ 0.  1.  0.  0.] -1 69.2780460358
867 [ 0.  1.  0.  0.] -1 76.5054229736
868 [ 0.  1.  0.  0.] -1 77.0915481567
869 [ 0.  1.  0.  0.] -1 78.9676517487
870 [ 0.  1.  0.  0.] -1 80.2691108704
871 [ 0.  1.  0.  0.] -1 89.5631538391
872 [ 0.  1.  0.  0.] -1 90.9166095734
873 [ 0.  1.  0.  0.] -1 90.8057670593
874 [ 0.  1.  0.  0.] -1 92.8628875732
875 [ 0.  1.  0.  0.] 0 93.8628875732
876 [ 1.  0.  0.  0.] -2 103.152972794
877 [ 1.  0.  0.  0.] -1 105.785017014
878 [ 1.  0.  0.  0.] -1 130.352503204
879 [ 1.  0.  0.  0.] -1 135.111331177
880 [ 1.  0.  0.  0.] -1 142.784941101
881 [ 1.  0.  0.  0.] -1 167.243556213
882 [ 1.  0.  0.  0.] -1 265.965655518
883 [ 1.  0.  0.  0.] -1 294.265699768
884 [ 1.  0.  0.  0.] -1 299.620582581
885 [ 1.  0.  0.  0.] -1 305.330758667
886 [ 1.  0.  0.  0.] -1 307.534359741
887 [ 1.  0.  0.  0.] 0 308.534359741
888 [ 0.  1.  0.  0.] -2 102.497006607
889 [ 0.  1.  0.  0.] -1 104.446999359
890 [ 0.  1.  0.  0.] -1 103.575066757
891 [ 0.  1.  0.  0.] -1 108.135410309
892 [ 0.  1.  0.  0.] -1 108.823767471
893 [ 0.  1.  0.  0.] -1 110.258073807
894 [ 0.  1.  0.  0.] -1 110.618766785
895 [ 0.  1.  0.  0.] -1 113.418618393
896 [ 0.  1.  0.  0.] -1 114.289826202
897 [ 0.  1.  0.  0.] -1 116.01024437
898 [ 0.  1.  0.  0.] -1 117.612557602
899 [ 0.  1.  0.  0.] 0 118.612557602
900 [ 0.  0.  1.  0.] -2 100.523469162
901 [ 0.  0.  1.  0.] -1 100.062773132
902 [ 0.  0.  1.  0.] 9 112.192336655
903 [ 0.  0.  1.  0.] -1 88.7071159363
904 [ 0.  0.  1.  0.] -1 87.1086223602
905 [ 0.  0.  1.  0.] -1 85.31755867
906 [ 0.  0.  1.  0.] 9 99.6611530304
907 [ 0.  0.  1.  0.] -1 78.5316383362
908 [ 0.  0.  1.  0.] -1 78.2403369904
909 [ 0.  0.  1.  0.] -1 76.4410251617
910 [ 0.  0.  1.  0.] 9 88.8976875305
911 [ 0.  0.  1.  0.] -1 60.9303573608
912 [ 0.  0.  1.  0.] -1 60.0626140594
913 [ 0.  0.  1.  0.] -1 59.1809148788
914 [ 0.  0.  1.  0.] 9 69.9989048004
915 [ 0.  0.  1.  0.] -1 58.9927949905
916 [ 0.  0.  1.  0.] -1 57.8477750778
917 [ 0.  0.  1.  0.] -1 57.7011966705
918 [ 0.  0.  1.  0.] 9 69.4854690552
919 [ 0.  0.  1.  0.] -1 44.1709518433
920 [ 0.  0.  1.  0.] -1 43.7206998825
921 [ 0.  0.  1.  0.] -1 43.4619127274
922 [ 0.  0.  1.  0.] -1 45.4562988281
923 [ 0.  0.  1.  0.] 0 46.4562988281
924 [ 0.  0.  0.  1.] -2 42.9118276596
925 [ 0.  0.  0.  1.] -1 43.7539714813
926 [ 0.  0.  0.  1.] -1 43.9031229019
927 [ 0.  0.  0.  1.] -1 43.9194234848
928 [ 0.  0.  0.  1.] -1 44.0892641068
929 [ 0.  0.  0.  1.] -1 44.3957027435
930 [ 0.  0.  0.  1.] -1 45.4079515457
931 [ 0.  0.  0.  1.] -1 45.6373085022
932 [ 0.  0.  0.  1.] -1 46.6572401047
933 [ 0.  0.  0.  1.] -1 46.834469986
934 [ 0.  0.  0.  1.] -1 42.5974020004
935 [ 0.  0.  0.  1.] 0 43.5974020004
936 [ 0.  0.  1.  0.] -2 44.4324857712
937 [ 0.  0.  1.  0.] -1 46.3907556534
938 [ 0.  0.  1.  0.] 9 58.6606498718
939 [ 0.  0.  1.  0.] -1 46.1955001831
940 [ 0.  0.  1.  0.] -1 46.7719711304
941 [ 0.  0.  1.  0.] -1 45.7534057617
942 [ 0.  0.  1.  0.] 9 59.5368478775
943 [ 0.  0.  1.  0.] -1 43.0276388168
944 [ 0.  0.  1.  0.] -1 43.8392940521
945 [ 0.  0.  1.  0.] -1 43.5952962875
946 [ 0.  0.  1.  0.] 9 55.6055480957
947 [ 0.  0.  1.  0.] 0 46.6055480957
948 [ 0.  1.  0.  0.] -2 56.6803697586
949 [ 0.  1.  0.  0.] -1 56.9377981186
950 [ 0.  1.  0.  0.] 9 68.5163562775
951 [ 0.  1.  0.  0.] -1 61.0861442566
952 [ 0.  1.  0.  0.] -1 61.7699207306
953 [ 0.  1.  0.  0.] -1 62.3826023102
954 [ 0.  1.  0.  0.] 9 74.2194004059
955 [ 0.  1.  0.  0.] -1 69.7599750519
956 [ 0.  1.  0.  0.] -1 70.1429481506
957 [ 0.  1.  0.  0.] -1 70.0202770233
958 [ 0.  1.  0.  0.] 9 81.3237800598
959 [ 0.  1.  0.  0.] -1 75.8495582581
960 [ 0.  1.  0.  0.] -1 78.8137203217
961 [ 0.  1.  0.  0.] -1 77.8273792267
962 [ 0.  1.  0.  0.] 9 89.1072975159
963 [ 0.  1.  0.  0.] -1 74.895035553
964 [ 0.  1.  0.  0.] -1 74.7535270691
965 [ 0.  1.  0.  0.] -1 74.3662559509
966 [ 0.  1.  0.  0.] 9 86.9941287994
967 [ 0.  1.  0.  0.] -1 79.3523715973
968 [ 0.  1.  0.  0.] -1 79.7075199127
969 [ 0.  1.  0.  0.] -1 79.1137046814
970 [ 0.  1.  0.  0.] 9 90.4073505402
971 [ 0.  1.  0.  0.] 0 81.4073505402
972 [ 1.  0.  0.  0.] -2 93.9090202332
973 [ 1.  0.  0.  0.] -1 96.2250984192
974 [ 1.  0.  0.  0.] 9 109.960700607
975 [ 1.  0.  0.  0.] -1 101.340444565
976 [ 1.  0.  0.  0.] -1 101.578879547
977 [ 1.  0.  0.  0.] -1 103.491577911
978 [ 1.  0.  0.  0.] 9 109.134770584
979 [ 1.  0.  0.  0.] -1 101.949806595
980 [ 1.  0.  0.  0.] -1 101.127841187
981 [ 1.  0.  0.  0.] -1 101.531673813
982 [ 1.  0.  0.  0.] -1 106.254218674
983 [ 1.  0.  0.  0.] 0 107.254218674
984 [ 0.  0.  0.  1.] -2 69.4152164459
985 [ 0.  0.  0.  1.] -1 71.1106258392
986 [ 0.  0.  0.  1.] -1 61.7319923401
987 [ 0.  0.  0.  1.] -1 60.0827270508
988 [ 0.  0.  0.  1.] -1 59.0197898865
989 [ 0.  0.  0.  1.] -1 58.6852256775
990 [ 0.  0.  0.  1.] -1 60.5408973694
991 [ 0.  0.  0.  1.] -1 60.3371944427
992 [ 0.  0.  0.  1.] -1 61.6125972748
993 [ 0.  0.  0.  1.] -1 59.9624042511
994 [ 0.  0.  0.  1.] -1 53.4418485641
995 [ 0.  0.  0.  1.] -1 53.1954843521
996 [ 0.  0.  0.  1.] -1 52.5852561951
997 [ 0.  0.  0.  1.] -1 52.5538726807
998 [ 0.  0.  0.  1.] -1 49.8650121689
999 [ 0.  0.  0.  1.] -1 49.9187953949
1000 [ 0.  0.  0.  1.] -1 50.1330766678
1001 [ 0.  0.  0.  1.] -1 51.1087451935
1002 [ 0.  0.  0.  1.] -1 52.2666446686
1003 [ 0.  0.  0.  1.] -1 53.7385351181
1004 [ 0.  0.  0.  1.] -1 55.8054729462
1005 [ 0.  0.  0.  1.] -1 56.3538799286
1006 [ 0.  0.  0.  1.] -1 49.6092002869
1007 [ 0.  0.  0.  1.] 0 50.6092002869
1008 [ 0.  0.  1.  0.] -2 40.5980472565
1009 [ 0.  0.  1.  0.] -1 41.8851085663
1010 [ 0.  0.  1.  0.] -1 43.0308423996
1011 [ 0.  0.  1.  0.] -1 41.638965416
1012 [ 0.  0.  1.  0.] -1 41.9865179062
1013 [ 0.  0.  1.  0.] -1 41.8542106628
1014 [ 0.  0.  1.  0.] -1 44.5436944962
1015 [ 0.  0.  1.  0.] -1 41.4479753494
1016 [ 0.  0.  1.  0.] -1 42.0254030228
1017 [ 0.  0.  1.  0.] -1 41.6167432785
1018 [ 0.  0.  1.  0.] -1 42.4961448669
1019 [ 0.  0.  1.  0.] 0 43.4961448669
1020 [ 0.  0.  0.  1.] -2 45.7150857925
1021 [ 0.  0.  0.  1.] -1 47.7520935059
1022 [ 0.  0.  0.  1.] -1 42.8994447708
1023 [ 0.  0.  0.  1.] -1 43.2595470428
1024 [ 0.  0.  0.  1.] -1 43.6617851257
1025 [ 0.  0.  0.  1.] -1 44.1755868912
1026 [ 0.  0.  0.  1.] -1 44.7761281967
1027 [ 0.  0.  0.  1.] -1 47.7469039917
1028 [ 0.  0.  0.  1.] -1 50.9468482971
1029 [ 0.  0.  0.  1.] -1 49.9936410904
1030 [ 0.  0.  0.  1.] -1 45.4921615601
1031 [ 0.  0.  0.  1.] 0 46.4921615601
1032 [ 0.  0.  1.  0.] -2 56.1359237671
1033 [ 0.  0.  1.  0.] -1 57.555314064
1034 [ 0.  0.  1.  0.] -1 62.9656398773
1035 [ 0.  0.  1.  0.] -1 65.0378723145
1036 [ 0.  0.  1.  0.] -1 62.6525512695
1037 [ 0.  0.  1.  0.] -1 62.61472435
1038 [ 0.  0.  1.  0.] -1 66.3837539673
1039 [ 0.  0.  1.  0.] -1 57.4767139435
1040 [ 0.  0.  1.  0.] -1 56.8720485687
1041 [ 0.  0.  1.  0.] -1 57.6093147278
1042 [ 0.  0.  1.  0.] -1 62.9438163757
1043 [ 0.  0.  1.  0.] 0 63.9438163757
1044 [ 0.  1.  0.  0.] -2 70.0984855652
1045 [ 0.  1.  0.  0.] -1 71.1157646179
1046 [ 0.  1.  0.  0.] -1 69.6944393158
1047 [ 0.  1.  0.  0.] -1 72.4997776031
1048 [ 0.  1.  0.  0.] -1 69.2503734589
1049 [ 0.  1.  0.  0.] -1 71.9389984131
1050 [ 0.  1.  0.  0.] -1 70.5531661987
1051 [ 0.  1.  0.  0.] -1 74.1694385529
1052 [ 0.  1.  0.  0.] -1 72.5307697296
1053 [ 0.  1.  0.  0.] -1 72.6817802429
1054 [ 0.  1.  0.  0.] -1 70.5317558289
1055 [ 0.  1.  0.  0.] 0 71.5317558289
1056 [ 0.  0.  1.  0.] -2 61.6989162445
1057 [ 0.  0.  1.  0.] -1 62.640940094
1058 [ 0.  0.  1.  0.] -1 65.1144973755
1059 [ 0.  0.  1.  0.] -1 87.2939228058
1060 [ 0.  0.  1.  0.] -1 86.179177475
1061 [ 0.  0.  1.  0.] -1 86.3681018829
1062 [ 0.  0.  1.  0.] -1 90.0469818115
1063 [ 0.  0.  1.  0.] -1 96.6673233032
1064 [ 0.  0.  1.  0.] -1 95.0151805878
1065 [ 0.  0.  1.  0.] -1 97.4640151978
1066 [ 0.  0.  1.  0.] -1 98.984992218
1067 [ 0.  0.  1.  0.] -1 99.1328281403
1068 [ 0.  0.  1.  0.] -1 100.425256348
1069 [ 0.  0.  1.  0.] -1 102.804467392
1070 [ 0.  0.  1.  0.] -1 107.333789825
1071 [ 0.  0.  1.  0.] -1 116.639385986
1072 [ 0.  0.  1.  0.] -1 120.040344238
1073 [ 0.  0.  1.  0.] -1 120.409212875
1074 [ 0.  0.  1.  0.] -1 124.57770462
1075 [ 0.  0.  1.  0.] -1 145.246437836
1076 [ 0.  0.  1.  0.] -1 144.398764038
1077 [ 0.  0.  1.  0.] -1 146.421717834
1078 [ 0.  0.  1.  0.] -1 147.841383362
1079 [ 0.  0.  1.  0.] 0 148.841383362
1080 [ 0.  0.  0.  1.] -2 171.117916107
1081 [ 0.  0.  0.  1.] -1 179.845160675
1082 [ 0.  0.  0.  1.] -1 180.82458725
1083 [ 0.  0.  0.  1.] -1 185.732881927
1084 [ 0.  0.  0.  1.] -1 191.12828064
1085 [ 0.  0.  0.  1.] -1 194.851670074
1086 [ 0.  0.  0.  1.] -1 195.091967773
1087 [ 0.  0.  0.  1.] -1 196.932752228
1088 [ 0.  0.  0.  1.] -1 200.347525024
1089 [ 0.  0.  0.  1.] -1 202.507537079
1090 [ 0.  0.  0.  1.] -1 152.779162598
1091 [ 0.  0.  0.  1.] -1 150.207932281
1092 [ 0.  0.  0.  1.] -1 150.136627197
1093 [ 0.  0.  0.  1.] -1 147.895641327
1094 [ 0.  0.  0.  1.] 0 148.895641327
1095 [ 0.  1.  0.  0.] -102 -61.5317228317
1096 [ 0.  1.  0.  0.] -1 40.3500162125
1097 [ 0.  1.  0.  0.] -1 43.2263660431
1098 [ 0.  1.  0.  0.] -1 43.4941623688
1099 [ 0.  1.  0.  0.] -1 45.264786911
1100 [ 0.  1.  0.  0.] -1 45.8588449478
1101 [ 0.  1.  0.  0.] 0 46.8588449478
1102 [ 1.  0.  0.  0.] -2 51.1116586685
1103 [ 1.  0.  0.  0.] -1 51.5926275253
1104 [ 1.  0.  0.  0.] -1 53.543457222
1105 [ 1.  0.  0.  0.] -1 53.5837375641
1106 [ 1.  0.  0.  0.] -1 54.0581359863
1107 [ 1.  0.  0.  0.] -1 54.6470153809
1108 [ 1.  0.  0.  0.] -1 52.1940530777
1109 [ 1.  0.  0.  0.] -1 51.2953248978
1110 [ 1.  0.  0.  0.] -1 51.4043554306
1111 [ 1.  0.  0.  0.] -1 52.1138475418
1112 [ 1.  0.  0.  0.] -1 51.9873386383
1113 [ 1.  0.  0.  0.] 0 52.9873386383
1114 [ 0.  1.  0.  0.] -2 42.3366577148
1115 [ 0.  1.  0.  0.] -1 42.8481258392
1116 [ 0.  1.  0.  0.] -1 43.0360282898
1117 [ 0.  1.  0.  0.] -1 45.7253019333
1118 [ 0.  1.  0.  0.] -1 46.1077604294
1119 [ 0.  1.  0.  0.] -1 46.6921678543
1120 [ 0.  1.  0.  0.] -1 47.3126337051
1121 [ 0.  1.  0.  0.] -1 52.5168720245
1122 [ 0.  1.  0.  0.] -1 52.8992689133
1123 [ 0.  1.  0.  0.] -1 52.8666822433
1124 [ 0.  1.  0.  0.] -1 53.4814657211
1125 [ 0.  1.  0.  0.] 0 54.4814657211
1126 [ 1.  0.  0.  0.] -2 59.5098690033
1127 [ 1.  0.  0.  0.] -1 60.7526599884
1128 [ 1.  0.  0.  0.] -1 68.0632068634
1129 [ 1.  0.  0.  0.] -1 68.8253116608
1130 [ 1.  0.  0.  0.] -1 69.7298961639
1131 [ 1.  0.  0.  0.] -1 72.8605358124
1132 [ 1.  0.  0.  0.] -1 83.5484706879
1133 [ 1.  0.  0.  0.] -1 79.6244224548
1134 [ 1.  0.  0.  0.] -1 79.5131813049
1135 [ 1.  0.  0.  0.] -1 79.8255741119
1136 [ 1.  0.  0.  0.] -1 81.2594600677
1137 [ 1.  0.  0.  0.] 0 82.2594600677
1138 [ 0.  1.  0.  0.] -2 57.4574958801
1139 [ 0.  1.  0.  0.] -1 58.7498373032
1140 [ 0.  1.  0.  0.] -1 58.4559774399
1141 [ 0.  1.  0.  0.] -1 61.281678772
1142 [ 0.  1.  0.  0.] -1 61.5244335175
1143 [ 0.  1.  0.  0.] -1 62.1505527496
1144 [ 0.  1.  0.  0.] -1 62.6836158752
1145 [ 0.  1.  0.  0.] -1 64.132635498
1146 [ 0.  1.  0.  0.] -1 64.8048080444
1147 [ 0.  1.  0.  0.] -1 65.3871425629
1148 [ 0.  1.  0.  0.] -1 66.0504508972
1149 [ 0.  1.  0.  0.] 0 67.0504508972
1150 [ 0.  0.  1.  0.] -2 59.5095645905
1151 [ 0.  0.  1.  0.] -1 60.1993461609
1152 [ 0.  0.  1.  0.] -1 61.3652908325
1153 [ 0.  0.  1.  0.] -1 53.9085351944
1154 [ 0.  0.  1.  0.] -1 53.6544555664
1155 [ 0.  0.  1.  0.] -1 53.234822464
1156 [ 0.  0.  1.  0.] -1 54.1094367981
1157 [ 0.  0.  1.  0.] -1 50.8047164917
1158 [ 0.  0.  1.  0.] -1 50.8401660919
1159 [ 0.  0.  1.  0.] -1 50.2877075195
1160 [ 0.  0.  1.  0.] -1 51.0372915268
1161 [ 0.  0.  1.  0.] -1 46.2843633652
1162 [ 0.  0.  1.  0.] -1 46.0773118973
1163 [ 0.  0.  1.  0.] -1 45.6099330902
1164 [ 0.  0.  1.  0.] -1 45.8086204529
1165 [ 0.  0.  1.  0.] -1 46.5885007858
1166 [ 0.  0.  1.  0.] -1 46.0597755432
1167 [ 0.  0.  1.  0.] -1 45.727831459
1168 [ 0.  0.  1.  0.] -1 47.0443336487
1169 [ 0.  0.  1.  0.] -1 39.9563886642
1170 [ 0.  0.  1.  0.] -1 39.9329996109
1171 [ 0.  0.  1.  0.] -1 39.5196468353
1172 [ 0.  0.  1.  0.] -1 42.0362422943
1173 [ 0.  0.  1.  0.] 0 43.0362422943
1174 [ 0.  0.  0.  1.] -2 40.5671348572
1175 [ 0.  0.  0.  1.] -1 41.5242887497
1176 [ 0.  0.  0.  1.] -1 39.7814998627
1177 [ 0.  0.  0.  1.] -1 39.7667467117
1178 [ 0.  0.  0.  1.] -1 39.8891496658
1179 [ 0.  0.  0.  1.] -1 40.5099960327
1180 [ 0.  0.  0.  1.] -1 41.1973674774
1181 [ 0.  0.  0.  1.] -1 41.750963974
1182 [ 0.  0.  0.  1.] -1 42.6650432587
1183 [ 0.  0.  0.  1.] -1 42.9004486084
1184 [ 0.  0.  0.  1.] -1 39.4088768005
1185 [ 0.  0.  0.  1.] -1 39.5014907837
1186 [ 0.  0.  0.  1.] -1 39.660118866
1187 [ 0.  0.  0.  1.] -1 40.5280723572
1188 [ 0.  0.  0.  1.] -1 35.8507545471
1189 [ 0.  0.  0.  1.] -1 35.9646121979
1190 [ 0.  0.  0.  1.] -1 35.9171926498
1191 [ 0.  0.  0.  1.] -1 36.3236707687
1192 [ 0.  0.  0.  1.] -1 37.3390651703
1193 [ 0.  0.  0.  1.] -1 45.2311420441
1194 [ 0.  0.  0.  1.] -1 46.7034166336
1195 [ 0.  0.  0.  1.] -1 46.2499828339
1196 [ 0.  0.  0.  1.] -1 43.8751567841
1197 [ 0.  0.  0.  1.] 0 44.8751567841
1198 [ 1.  0.  0.  0.] -2 72.3468280792
1199 [ 1.  0.  0.  0.] -1 72.4372787476
1200 [ 1.  0.  0.  0.] -1 85.5726421356
1201 [ 1.  0.  0.  0.] -1 85.7531661987
1202 [ 1.  0.  0.  0.] -1 86.7407611847
1203 [ 1.  0.  0.  0.] -1 87.9406116486
1204 [ 1.  0.  0.  0.] -1 83.4627784729
1205 [ 1.  0.  0.  0.] -1 81.989768219
1206 [ 1.  0.  0.  0.] -1 82.2408653259
1207 [ 1.  0.  0.  0.] -1 83.7806724548
1208 [ 1.  0.  0.  0.] -1 83.7132015228
1209 [ 1.  0.  0.  0.] 0 84.7132015228
1210 [ 0.  1.  0.  0.] -2 63.1945617676
1211 [ 0.  1.  0.  0.] -1 62.4553062439
1212 [ 0.  1.  0.  0.] -1 62.3907489777
1213 [ 0.  1.  0.  0.] -1 69.5352169037
1214 [ 0.  1.  0.  0.] -1 69.897794342
1215 [ 0.  1.  0.  0.] -1 71.0760242462
1216 [ 0.  1.  0.  0.] -1 71.5489658356
1217 [ 0.  1.  0.  0.] -1 81.5931472778
1218 [ 0.  1.  0.  0.] -1 82.1006397247
1219 [ 0.  1.  0.  0.] -1 81.7427734375
1220 [ 0.  1.  0.  0.] -1 82.9745365143
1221 [ 0.  1.  0.  0.] 0 83.9745365143
1222 [ 1.  0.  0.  0.] -2 96.7932449341
1223 [ 1.  0.  0.  0.] -1 98.314421463
1224 [ 1.  0.  0.  0.] -1 117.574208832
1225 [ 1.  0.  0.  0.] -1 120.290441132
1226 [ 1.  0.  0.  0.] -1 126.78795929
1227 [ 1.  0.  0.  0.] -1 146.197640991
1228 [ 1.  0.  0.  0.] -1 251.422143555
1229 [ 1.  0.  0.  0.] -1 277.242179871
1230 [ 1.  0.  0.  0.] -1 276.810870361
1231 [ 1.  0.  0.  0.] -1 278.432376099
1232 [ 1.  0.  0.  0.] -1 288.240036011
1233 [ 1.  0.  0.  0.] 0 289.240036011
1234 [ 0.  1.  0.  0.] -2 96.6225200653
1235 [ 0.  1.  0.  0.] -1 98.3177555084
1236 [ 0.  1.  0.  0.] -1 97.1836509705
1237 [ 0.  1.  0.  0.] -1 101.480162811
1238 [ 0.  1.  0.  0.] -1 101.429608536
1239 [ 0.  1.  0.  0.] -1 103.034922409
1240 [ 0.  1.  0.  0.] -1 103.457099533
1241 [ 0.  1.  0.  0.] -1 107.566984558
1242 [ 0.  1.  0.  0.] -1 109.0627388
1243 [ 0.  1.  0.  0.] -1 110.17895546
1244 [ 0.  1.  0.  0.] -1 111.569390106
1245 [ 0.  1.  0.  0.] -1 117.598576355
1246 [ 0.  1.  0.  0.] -1 120.242351151
1247 [ 0.  1.  0.  0.] -1 121.163830566
1248 [ 0.  1.  0.  0.] -1 121.070172882
1249 [ 0.  1.  0.  0.] -1 121.355045319
1250 [ 0.  1.  0.  0.] -1 121.994109344
1251 [ 0.  1.  0.  0.] -1 123.926290131
1252 [ 0.  1.  0.  0.] -1 124.666955566
1253 [ 0.  1.  0.  0.] -1 130.168826294
1254 [ 0.  1.  0.  0.] -1 131.130872345
1255 [ 0.  1.  0.  0.] -1 132.113415527
1256 [ 0.  1.  0.  0.] -1 133.001489258
1257 [ 0.  1.  0.  0.] -1 135.524738312
1258 [ 0.  1.  0.  0.] -1 136.607592773
1259 [ 0.  1.  0.  0.] -1 139.030443573
1260 [ 0.  1.  0.  0.] -1 145.86133728
1261 [ 0.  1.  0.  0.] -1 164.776043701
1262 [ 0.  1.  0.  0.] -1 174.736968231
1263 [ 0.  1.  0.  0.] -1 181.807913208
1264 [ 0.  1.  0.  0.] -1 183.480647278
1265 [ 0.  1.  0.  0.] 0 184.480647278
1266 [ 0.  0.  1.  0.] -2 136.332660675
1267 [ 0.  0.  1.  0.] -1 137.465022278
1268 [ 0.  0.  1.  0.] -1 138.681963348
1269 [ 0.  0.  1.  0.] -1 125.88378067
1270 [ 0.  0.  1.  0.] -1 125.542388916
1271 [ 0.  0.  1.  0.] -1 125.369366455
1272 [ 0.  0.  1.  0.] -1 126.442755127
1273 [ 0.  0.  1.  0.] -1 120.372625351
1274 [ 0.  0.  1.  0.] -1 120.381699753
1275 [ 0.  0.  1.  0.] -1 120.395615768
1276 [ 0.  0.  1.  0.] -1 122.519351959
1277 [ 0.  0.  1.  0.] -1 112.620824814
1278 [ 0.  0.  1.  0.] -1 111.835475922
1279 [ 0.  0.  1.  0.] -1 110.970675278
1280 [ 0.  0.  1.  0.] -1 114.015637207
1281 [ 0.  0.  1.  0.] -1 110.256529999
1282 [ 0.  0.  1.  0.] -1 109.47089119
1283 [ 0.  0.  1.  0.] -1 109.709913254
1284 [ 0.  0.  1.  0.] -1 112.258385086
1285 [ 0.  0.  1.  0.] -1 84.1273551941
1286 [ 0.  0.  1.  0.] -1 83.0268375397
1287 [ 0.  0.  1.  0.] -1 82.5283325195
1288 [ 0.  0.  1.  0.] -1 87.8156719208
1289 [ 0.  0.  1.  0.] 0 88.8156719208
1290 [ 0.  0.  0.  1.] -2 83.0373722076
1291 [ 0.  0.  0.  1.] -1 82.4153808594
1292 [ 0.  0.  0.  1.] -1 77.0882358551
1293 [ 0.  0.  0.  1.] -1 75.7827831268
1294 [ 0.  0.  0.  1.] -1 74.4501289368
1295 [ 0.  0.  0.  1.] -1 73.826865387
1296 [ 0.  0.  0.  1.] -1 70.2493331909
1297 [ 0.  0.  0.  1.] -1 70.2884212494
1298 [ 0.  0.  0.  1.] -1 70.4152164459
1299 [ 0.  0.  0.  1.] -1 71.1106258392
1300 [ 0.  0.  0.  1.] -1 61.7319923401
1301 [ 0.  0.  0.  1.] -1 60.0827270508
1302 [ 0.  0.  0.  1.] -1 59.0197898865
1303 [ 0.  0.  0.  1.] -1 58.6852256775
1304 [ 0.  0.  0.  1.] -1 60.5408973694
1305 [ 0.  0.  0.  1.] -1 60.3371944427
1306 [ 0.  0.  0.  1.] -1 61.6125972748
1307 [ 0.  0.  0.  1.] -1 59.9624042511
1308 [ 0.  0.  0.  1.] -1 53.4418485641
1309 [ 0.  0.  0.  1.] 0 54.4418485641
1310 [ 1.  0.  0.  0.] -2 79.2929275513
1311 [ 1.  0.  0.  0.] -1 79.1775371552
1312 [ 1.  0.  0.  0.] -1 99.9180610657
1313 [ 1.  0.  0.  0.] -1 100.248573685
1314 [ 1.  0.  0.  0.] -1 101.265653229
1315 [ 1.  0.  0.  0.] -1 102.046617126
1316 [ 1.  0.  0.  0.] -1 101.161029434
1317 [ 1.  0.  0.  0.] -1 100.25348053
1318 [ 1.  0.  0.  0.] -1 100.565953064
1319 [ 1.  0.  0.  0.] -1 101.503805542
1320 [ 1.  0.  0.  0.] -1 102.021082687
1321 [ 1.  0.  0.  0.] -1 102.663082123
1322 [ 1.  0.  0.  0.] -1 103.453192902
1323 [ 1.  0.  0.  0.] -1 104.60308342
1324 [ 1.  0.  0.  0.] -1 113.173696518
1325 [ 1.  0.  0.  0.] -1 112.433886337
1326 [ 1.  0.  0.  0.] -1 114.845778275
1327 [ 1.  0.  0.  0.] -1 122.186599731
1328 [ 1.  0.  0.  0.] -1 188.276135254
1329 [ 1.  0.  0.  0.] -1 222.034562683
1330 [ 1.  0.  0.  0.] -1 224.744677734
1331 [ 1.  0.  0.  0.] -1 232.563101196
1332 [ 1.  0.  0.  0.] -1 229.870656586
1333 [ 1.  0.  0.  0.] 0 230.870656586
1334 [ 0.  0.  0.  1.] -2 95.9867248535
1335 [ 0.  0.  0.  1.] -1 96.1961502075
1336 [ 0.  0.  0.  1.] -1 91.5440696716
1337 [ 0.  0.  0.  1.] -1 90.8453697205
1338 [ 0.  0.  0.  1.] -1 90.2863082886
1339 [ 0.  0.  0.  1.] -1 90.328868103
1340 [ 0.  0.  0.  1.] -1 89.4489192963
1341 [ 0.  0.  0.  1.] -1 90.1388565063
1342 [ 0.  0.  0.  1.] -1 89.4564861298
1343 [ 0.  0.  0.  1.] -1 88.5852203369
1344 [ 0.  0.  0.  1.] -1 85.5488037109
1345 [ 0.  0.  0.  1.] -1 84.7924030304
1346 [ 0.  0.  0.  1.] -1 84.4794086456
1347 [ 0.  0.  0.  1.] -1 83.4022655487
1348 [ 0.  0.  0.  1.] -1 74.3824768066
1349 [ 0.  0.  0.  1.] -1 73.1363483429
1350 [ 0.  0.  0.  1.] -1 71.9439994812
1351 [ 0.  0.  0.  1.] -1 71.2010799408
1352 [ 0.  0.  0.  1.] -1 69.5063846588
1353 [ 0.  0.  0.  1.] -1 70.9706756592
1354 [ 0.  0.  0.  1.] -1 72.0173919678
1355 [ 0.  0.  0.  1.] -1 71.9431079865
1356 [ 0.  0.  0.  1.] -1 69.3700077057
1357 [ 0.  0.  0.  1.] -1 69.1104812622
1358 [ 0.  0.  0.  1.] -1 69.0431842804
1359 [ 0.  0.  0.  1.] -1 70.1776657104
1360 [ 0.  0.  0.  1.] -1 64.4972496033
1361 [ 0.  0.  0.  1.] -1 64.5447452545
1362 [ 0.  0.  0.  1.] -1 66.6658649445
1363 [ 0.  0.  0.  1.] -1 69.4287376404
1364 [ 0.  0.  0.  1.] -1 71.7619895935
1365 [ 0.  0.  0.  1.] -1 75.7193275452
1366 [ 0.  0.  0.  1.] -1 77.0409141541
1367 [ 0.  0.  0.  1.] -1 80.7846702576
1368 [ 0.  0.  0.  1.] -1 79.2076667786
1369 [ 0.  0.  0.  1.] -1 83.5852176666
1370 [ 0.  0.  0.  1.] -1 85.198330307
1371 [ 0.  0.  0.  1.] -1 85.7291030884
1372 [ 0.  0.  0.  1.] -1 92.4610336304
1373 [ 0.  0.  0.  1.] -1 96.9619007111
1374 [ 0.  0.  0.  1.] -1 100.987825775
1375 [ 0.  0.  0.  1.] -1 104.016784286
1376 [ 0.  0.  0.  1.] -1 105.842956924
1377 [ 0.  0.  0.  1.] -1 110.007078171
1378 [ 0.  0.  0.  1.] -1 116.099343109
1379 [ 0.  0.  0.  1.] -1 123.128887939
1380 [ 0.  0.  0.  1.] -1 146.167402649
1381 [ 0.  0.  0.  1.] 0 147.167402649
1382 [ 0.  0.  1.  0.] -2 141.867292023
1383 [ 0.  0.  1.  0.] -1 145.235623932
1384 [ 0.  0.  1.  0.] -1 136.255662537
1385 [ 0.  0.  1.  0.] -1 119.676991272
1386 [ 0.  0.  1.  0.] -1 120.474147034
1387 [ 0.  0.  1.  0.] -1 123.939698792
1388 [ 0.  0.  1.  0.] -1 109.882073212
1389 [ 0.  0.  1.  0.] -1 91.350586319
1390 [ 0.  0.  1.  0.] -1 91.54672966
1391 [ 0.  0.  1.  0.] -1 89.3291763306
1392 [ 0.  0.  1.  0.] -1 87.0836894989
1393 [ 0.  0.  1.  0.] 0 88.0836894989
1394 [ 0.  1.  0.  0.] -2 72.2819229126
1395 [ 0.  1.  0.  0.] -1 71.5073989868
1396 [ 0.  1.  0.  0.] -1 68.4009021759
1397 [ 0.  1.  0.  0.] -1 73.1311443329
1398 [ 0.  1.  0.  0.] -1 72.8557159424
1399 [ 0.  1.  0.  0.] -1 72.6365604401
1400 [ 0.  1.  0.  0.] -1 73.2918525696
1401 [ 0.  1.  0.  0.] -1 76.0788970947
1402 [ 0.  1.  0.  0.] -1 74.242874527
1403 [ 0.  1.  0.  0.] -1 73.2793281555
1404 [ 0.  1.  0.  0.] -1 71.9727954865
1405 [ 0.  1.  0.  0.] 0 72.9727954865
1406 [ 0.  0.  1.  0.] -2 33.7893321991
1407 [ 0.  0.  1.  0.] -1 33.3890439987
1408 [ 0.  0.  1.  0.] -1 34.4159481049
1409 [ 0.  0.  1.  0.] -1 32.998167038
1410 [ 0.  0.  1.  0.] -1 33.7453012466
1411 [ 0.  0.  1.  0.] -1 32.8103370667
1412 [ 0.  0.  1.  0.] -1 33.8488016129
1413 [ 0.  0.  1.  0.] -1 28.9954969406
1414 [ 0.  0.  1.  0.] -1 29.3830869675
1415 [ 0.  0.  1.  0.] -1 29.1268474579
1416 [ 0.  0.  1.  0.] -1 32.3740011215
1417 [ 0.  0.  1.  0.] 0 33.3740011215
1418 [ 0.  0.  0.  1.] -2 37.6667545319
1419 [ 0.  0.  0.  1.] -1 38.540564537
1420 [ 0.  0.  0.  1.] -1 37.4325452805
1421 [ 0.  0.  0.  1.] -1 38.6595211029
1422 [ 0.  0.  0.  1.] -1 39.4568181992
1423 [ 0.  0.  0.  1.] -1 40.6346204758
1424 [ 0.  0.  0.  1.] -1 44.5133329391
1425 [ 0.  0.  0.  1.] -1 46.7025686264
1426 [ 0.  0.  0.  1.] -1 50.4455636978
1427 [ 0.  0.  0.  1.] -1 52.412538147
1428 [ 0.  0.  0.  1.] -1 58.6086296082
1429 [ 0.  0.  0.  1.] -1 61.3889915466
1430 [ 0.  0.  0.  1.] -1 63.3676315308
1431 [ 0.  0.  0.  1.] -1 65.6719787598
1432 [ 0.  0.  0.  1.] -1 63.8146400452
1433 [ 0.  0.  0.  1.] -1 65.1733287811
1434 [ 0.  0.  0.  1.] -1 65.6458209991
1435 [ 0.  0.  0.  1.] -1 67.1131561279
1436 [ 0.  0.  0.  1.] -1 71.2618392944
1437 [ 0.  0.  0.  1.] -1 74.8484966278
1438 [ 0.  0.  0.  1.] -1 77.579442215
1439 [ 0.  0.  0.  1.] -1 79.3516468048
1440 [ 0.  0.  0.  1.] -1 81.7486515045
1441 [ 0.  0.  0.  1.] -1 84.8630268097
1442 [ 0.  0.  0.  1.] -1 89.3284877777
1443 [ 0.  0.  0.  1.] -1 94.4737533569
1444 [ 0.  0.  0.  1.] -1 115.789972687
1445 [ 0.  0.  0.  1.] -1 125.526907349
1446 [ 0.  0.  0.  1.] -1 132.436078644
1447 [ 0.  0.  0.  1.] -1 143.261100769
1448 [ 0.  0.  0.  1.] -1 161.280818939
1449 [ 0.  0.  0.  1.] -1 176.765140533
1450 [ 0.  0.  0.  1.] -1 182.039498901
1451 [ 0.  0.  0.  1.] -1 183.973578644
1452 [ 0.  0.  0.  1.] -1 233.306796265
1453 [ 0.  0.  0.  1.] 0 234.306796265
1454 [ 0.  0.  1.  0.] -2 150.918819427
1455 [ 0.  0.  1.  0.] -1 147.34665451
1456 [ 0.  0.  1.  0.] -1 139.521635437
1457 [ 0.  0.  1.  0.] -1 122.183773041
1458 [ 0.  0.  1.  0.] -1 119.021989059
1459 [ 0.  0.  1.  0.] -1 117.4754776
1460 [ 0.  0.  1.  0.] -1 108.139034271
1461 [ 0.  0.  1.  0.] -1 104.689007568
1462 [ 0.  0.  1.  0.] -1 103.094427872
1463 [ 0.  0.  1.  0.] -1 103.296384048
1464 [ 0.  0.  1.  0.] -1 98.1316867828
1465 [ 0.  0.  1.  0.] -1 52.6300991058
1466 [ 0.  0.  1.  0.] -1 51.4843326569
1467 [ 0.  0.  1.  0.] -1 51.4077039719
1468 [ 0.  0.  1.  0.] -1 49.868951416
1469 [ 0.  0.  1.  0.] -1 40.1826108932
1470 [ 0.  0.  1.  0.] -1 39.5186611176
1471 [ 0.  0.  1.  0.] -1 38.6777206421
1472 [ 0.  0.  1.  0.] -1 39.5991384506
1473 [ 0.  0.  1.  0.] -1 31.870230484
1474 [ 0.  0.  1.  0.] -1 31.6272619247
1475 [ 0.  0.  1.  0.] -1 31.5720544815
1476 [ 0.  0.  1.  0.] -1 30.8497299194
1477 [ 0.  0.  1.  0.] 0 31.8497299194
1478 [ 0.  0.  0.  1.] -2 31.4068777084
1479 [ 0.  0.  0.  1.] -1 31.8990736008
1480 [ 0.  0.  0.  1.] -1 33.123856926
1481 [ 0.  0.  0.  1.] -1 32.9482795715
1482 [ 0.  0.  0.  1.] -1 32.7950548172
1483 [ 0.  0.  0.  1.] -1 33.2944911957
1484 [ 0.  0.  0.  1.] -1 48.4135572433
1485 [ 0.  0.  0.  1.] -1 52.073925972
1486 [ 0.  0.  0.  1.] -1 52.7351287842
1487 [ 0.  0.  0.  1.] -1 55.7743902206
1488 [ 0.  0.  0.  1.] -1 63.1309505463
1489 [ 0.  0.  0.  1.] -1 79.6799560547
1490 [ 0.  0.  0.  1.] -1 77.1874889374
1491 [ 0.  0.  0.  1.] -1 75.4751159668
1492 [ 0.  0.  0.  1.] -1 73.5312732697
1493 [ 0.  0.  0.  1.] -1 67.6831111908
1494 [ 0.  0.  0.  1.] -1 65.3055961609
1495 [ 0.  0.  0.  1.] -1 64.0790081024
1496 [ 0.  0.  0.  1.] -1 63.6118213654
1497 [ 0.  0.  0.  1.] -1 59.5892122269
1498 [ 0.  0.  0.  1.] -1 60.8651405334
1499 [ 0.  0.  0.  1.] -1 61.6403785706
1500 [ 0.  0.  0.  1.] -1 62.2581264496
1501 [ 0.  0.  0.  1.] 9 73.0770332336
1502 [ 0.  0.  0.  1.] 0 64.0770332336
1503 [ 1.  0.  0.  0.] -2 85.2527076721
1504 [ 1.  0.  0.  0.] -1 87.2955463409
1505 [ 1.  0.  0.  0.] 9 91.8933563232
1506 [ 1.  0.  0.  0.] -1 83.6862102509
1507 [ 1.  0.  0.  0.] -1 83.7498760223
1508 [ 1.  0.  0.  0.] -1 84.3331092834
1509 [ 1.  0.  0.  0.] 9 91.4543495178
1510 [ 1.  0.  0.  0.] -1 80.5696243286
1511 [ 1.  0.  0.  0.] -1 80.2866001129
1512 [ 1.  0.  0.  0.] -1 82.1183609009
1513 [ 1.  0.  0.  0.] -1 92.188286972
1514 [ 1.  0.  0.  0.] -1 91.8098583221
1515 [ 1.  0.  0.  0.] -1 92.4314838409
1516 [ 1.  0.  0.  0.] -1 93.9814525604
1517 [ 1.  0.  0.  0.] -1 102.232801819
1518 [ 1.  0.  0.  0.] -1 102.820195389
1519 [ 1.  0.  0.  0.] -1 103.100363922
1520 [ 1.  0.  0.  0.] -1 105.091013718
1521 [ 1.  0.  0.  0.] -1 102.927131271
1522 [ 1.  0.  0.  0.] -1 104.811120605
1523 [ 1.  0.  0.  0.] -1 104.073078918
1524 [ 1.  0.  0.  0.] -1 104.287037659
1525 [ 1.  0.  0.  0.] -1 106.789463425
1526 [ 1.  0.  0.  0.] 0 107.789463425
1527 [ 0.  0.  0.  1.] -2 70.2063926697
1528 [ 0.  0.  0.  1.] -1 71.8461452484
1529 [ 0.  0.  0.  1.] -1 61.9812702179
1530 [ 0.  0.  0.  1.] -1 60.5961772919
1531 [ 0.  0.  0.  1.] -1 59.3658058167
1532 [ 0.  0.  0.  1.] -1 58.8404073715
1533 [ 0.  0.  0.  1.] -1 59.9231929779
1534 [ 0.  0.  0.  1.] -1 60.0494953156
1535 [ 0.  0.  0.  1.] -1 61.3143379211
1536 [ 0.  0.  0.  1.] -1 60.0097694397
1537 [ 0.  0.  0.  1.] -1 53.2865037918
1538 [ 0.  0.  0.  1.] -1 53.1171234131
1539 [ 0.  0.  0.  1.] -1 52.5176040649
1540 [ 0.  0.  0.  1.] -1 52.3919214249
1541 [ 0.  0.  0.  1.] -1 49.7336435318
1542 [ 0.  0.  0.  1.] -1 49.6883403778
1543 [ 0.  0.  0.  1.] -1 49.8829942703
1544 [ 0.  0.  0.  1.] -1 50.7760908127
1545 [ 0.  0.  0.  1.] -1 51.780613327
1546 [ 0.  0.  0.  1.] -1 53.239548111
1547 [ 0.  0.  0.  1.] -1 55.3169265747
1548 [ 0.  0.  0.  1.] -1 55.9075382233
1549 [ 0.  0.  0.  1.] -1 49.1622062683
1550 [ 0.  0.  0.  1.] -1 49.4225734711
1551 [ 0.  0.  0.  1.] -1 49.5638463974
1552 [ 0.  0.  0.  1.] -1 51.1283254623
1553 [ 0.  0.  0.  1.] -1 40.9713409424
1554 [ 0.  0.  0.  1.] -1 41.0978208542
1555 [ 0.  0.  0.  1.] -1 40.6731105804
1556 [ 0.  0.  0.  1.] -1 41.3708501816
1557 [ 0.  0.  0.  1.] -1 44.8620523453
1558 [ 0.  0.  0.  1.] -1 44.7155427933
1559 [ 0.  0.  0.  1.] -1 46.1904737473
1560 [ 0.  0.  0.  1.] -1 45.7370979309
1561 [ 0.  0.  0.  1.] -1 43.3739953995
1562 [ 0.  0.  0.  1.] 0 44.3739953995
1563 [ 1.  0.  0.  0.] -2 71.6112941742
1564 [ 1.  0.  0.  0.] -1 71.701607132
1565 [ 1.  0.  0.  0.] -1 84.764491272
1566 [ 1.  0.  0.  0.] -1 84.9410289764
1567 [ 1.  0.  0.  0.] -1 85.9267902374
1568 [ 1.  0.  0.  0.] -1 87.1293586731
1569 [ 1.  0.  0.  0.] -1 82.65050354
1570 [ 1.  0.  0.  0.] -1 81.1647079468
1571 [ 1.  0.  0.  0.] -1 81.414333725
1572 [ 1.  0.  0.  0.] -1 82.9715286255
1573 [ 1.  0.  0.  0.] -1 82.9127552032
1574 [ 1.  0.  0.  0.] 0 83.9127552032
1575 [ 0.  1.  0.  0.] -2 62.4209182739
1576 [ 0.  1.  0.  0.] -1 61.6953250885
1577 [ 0.  1.  0.  0.] -1 61.649394989
1578 [ 0.  1.  0.  0.] -1 68.778156662
1579 [ 0.  1.  0.  0.] -1 69.1310146332
1580 [ 0.  1.  0.  0.] -1 70.3043449402
1581 [ 0.  1.  0.  0.] -1 70.7860710144
1582 [ 0.  1.  0.  0.] -1 80.8252006531
1583 [ 0.  1.  0.  0.] -1 81.317269516
1584 [ 0.  1.  0.  0.] -1 80.9529090881
1585 [ 0.  1.  0.  0.] -1 82.1834690094
1586 [ 0.  1.  0.  0.] 0 83.1834690094
1587 [ 1.  0.  0.  0.] -2 95.9992420197
1588 [ 1.  0.  0.  0.] -1 97.5167800903
1589 [ 1.  0.  0.  0.] -1 116.413526154
1590 [ 1.  0.  0.  0.] -1 118.943754959
1591 [ 1.  0.  0.  0.] -1 125.310440826
1592 [ 1.  0.  0.  0.] -1 144.268185425
1593 [ 1.  0.  0.  0.] -1 249.212454224
1594 [ 1.  0.  0.  0.] -1 275.083370972
1595 [ 1.  0.  0.  0.] -1 274.652061462
1596 [ 1.  0.  0.  0.] -1 276.2735672
1597 [ 1.  0.  0.  0.] -1 286.081401062
1598 [ 1.  0.  0.  0.] 0 287.081401062
1599 [ 0.  1.  0.  0.] -2 95.8703521729
1600 [ 0.  1.  0.  0.] -1 97.5657180786
1601 [ 0.  1.  0.  0.] -1 96.4371437073
1602 [ 0.  1.  0.  0.] -1 100.675519943
1603 [ 0.  1.  0.  0.] -1 100.623668289
1604 [ 0.  1.  0.  0.] -1 102.229011154
1605 [ 0.  1.  0.  0.] -1 102.65118103
1606 [ 0.  1.  0.  0.] -1 106.760899353
1607 [ 0.  1.  0.  0.] -1 108.255595398
1608 [ 0.  1.  0.  0.] -1 109.371819305
1609 [ 0.  1.  0.  0.] -1 110.768603134
1610 [ 0.  1.  0.  0.] 0 111.768603134
1611 [ 0.  0.  1.  0.] -2 91.5131824493
1612 [ 0.  0.  1.  0.] -1 91.7268695831
1613 [ 0.  0.  1.  0.] -1 94.3069133759
1614 [ 0.  0.  1.  0.] -1 77.3582210541
1615 [ 0.  0.  1.  0.] -1 75.9674964905
1616 [ 0.  0.  1.  0.] -1 75.2905982971
1617 [ 0.  0.  1.  0.] -1 78.5665588379
1618 [ 0.  0.  1.  0.] -1 69.2842502594
1619 [ 0.  0.  1.  0.] -1 69.0749736786
1620 [ 0.  0.  1.  0.] -1 67.6130310059
1621 [ 0.  0.  1.  0.] -1 69.5598526001
1622 [ 0.  0.  1.  0.] -1 58.0254398346
1623 [ 0.  0.  1.  0.] -1 57.3267435074
1624 [ 0.  0.  1.  0.] -1 56.5028320312
1625 [ 0.  0.  1.  0.] -1 58.1463605881
1626 [ 0.  0.  1.  0.] -1 60.4237636566
1627 [ 0.  0.  1.  0.] -1 59.2824184418
1628 [ 0.  0.  1.  0.] -1 58.7830799103
1629 [ 0.  0.  1.  0.] -1 61.6645648956
1630 [ 0.  0.  1.  0.] -1 49.5645023346
1631 [ 0.  0.  1.  0.] -1 49.3397188187
1632 [ 0.  0.  1.  0.] -1 48.2122606277
1633 [ 0.  0.  1.  0.] -1 52.7935905457
1634 [ 0.  0.  1.  0.] 0 53.7935905457
1635 [ 0.  1.  0.  0.] -2 83.7001804352
1636 [ 0.  1.  0.  0.] -1 84.4247810364
1637 [ 0.  1.  0.  0.] -1 82.4364143372
1638 [ 0.  1.  0.  0.] -1 82.3393138885
1639 [ 0.  1.  0.  0.] -1 82.3308773041
1640 [ 0.  1.  0.  0.] -1 83.6003513336
1641 [ 0.  1.  0.  0.] -1 85.2523925781
1642 [ 0.  1.  0.  0.] -1 91.0371570587
1643 [ 0.  1.  0.  0.] -1 91.8748794556
1644 [ 0.  1.  0.  0.] -1 92.2907146454
1645 [ 0.  1.  0.  0.] -1 91.6036621094
1646 [ 0.  1.  0.  0.] 0 92.6036621094
1647 [ 0.  0.  1.  0.] -2 61.3325336456
1648 [ 0.  0.  1.  0.] -1 63.1653419495
1649 [ 0.  0.  1.  0.] -1 64.86248703
1650 [ 0.  0.  1.  0.] -1 65.2134605408
1651 [ 0.  0.  1.  0.] -1 64.5233276367
1652 [ 0.  0.  1.  0.] -1 64.4797821045
1653 [ 0.  0.  1.  0.] -1 69.2537654877
1654 [ 0.  0.  1.  0.] -1 60.3110729218
1655 [ 0.  0.  1.  0.] -1 60.3367595673
1656 [ 0.  0.  1.  0.] -1 60.0766387939
1657 [ 0.  0.  1.  0.] -1 62.9338794708
1658 [ 0.  0.  1.  0.] -1 58.0925991058
1659 [ 0.  0.  1.  0.] -1 57.425674057
1660 [ 0.  0.  1.  0.] -1 57.4406663895
1661 [ 0.  0.  1.  0.] -1 62.6793685913
1662 [ 0.  0.  1.  0.] -1 67.1352840424
1663 [ 0.  0.  1.  0.] -1 65.5554828644
1664 [ 0.  0.  1.  0.] -1 65.6540184021
1665 [ 0.  0.  1.  0.] -1 68.6954940796
1666 [ 0.  0.  1.  0.] -1 65.3820472717
1667 [ 0.  0.  1.  0.] -1 65.8083267212
1668 [ 0.  0.  1.  0.] -1 65.4654346466
1669 [ 0.  0.  1.  0.] -1 69.7229888916
1670 [ 0.  0.  1.  0.] -1 63.8540977478
1671 [ 0.  0.  1.  0.] -1 64.3333812714
1672 [ 0.  0.  1.  0.] -1 64.2413036346
1673 [ 0.  0.  1.  0.] 9 76.9989360809
1674 [ 0.  0.  1.  0.] -1 66.6631687164
1675 [ 0.  0.  1.  0.] -1 65.3039073944
1676 [ 0.  0.  1.  0.] -1 65.4150470734
1677 [ 0.  0.  1.  0.] 9 80.5587978363
1678 [ 0.  0.  1.  0.] -1 70.5941242218
1679 [ 0.  0.  1.  0.] -1 69.6159877777
1680 [ 0.  0.  1.  0.] -1 70.0688236237
1681 [ 0.  0.  1.  0.] 9 81.6475521088
1682 [ 0.  0.  1.  0.] -1 68.1472682953
1683 [ 0.  0.  1.  0.] -1 68.7291316986
1684 [ 0.  0.  1.  0.] -1 69.8172481537
1685 [ 0.  0.  1.  0.] 9 83.3679195404
1686 [ 0.  0.  1.  0.] -1 77.5798118591
1687 [ 0.  0.  1.  0.] -1 78.5430683136
1688 [ 0.  0.  1.  0.] -1 79.8678150177
1689 [ 0.  0.  1.  0.] 9 92.9884017944
1690 [ 0.  0.  1.  0.] -1 96.3656719208
1691 [ 0.  0.  1.  0.] -1 95.5086120605
1692 [ 0.  0.  1.  0.] -1 94.8697944641
1693 [ 0.  0.  1.  0.] 9 110.769453049
1694 [ 0.  0.  1.  0.] 0 101.769453049
1695 [ 0.  0.  0.  1.] -2 88.5270881653
1696 [ 0.  0.  0.  1.] -1 90.5148281097
1697 [ 0.  0.  0.  1.] -1 94.6842403412
1698 [ 0.  0.  0.  1.] -1 95.0573345184
1699 [ 0.  0.  0.  1.] -1 97.6907157898
1700 [ 0.  0.  0.  1.] -1 98.7598064423
1701 [ 0.  0.  0.  1.] -1 104.271092224
1702 [ 0.  0.  0.  1.] -1 104.845794678
1703 [ 0.  0.  0.  1.] -1 107.56006279
1704 [ 0.  0.  0.  1.] -1 109.312748718
1705 [ 0.  0.  0.  1.] -1 115.018112183
1706 [ 0.  0.  0.  1.] -1 115.501280594
1707 [ 0.  0.  0.  1.] -1 115.950775146
1708 [ 0.  0.  0.  1.] -1 117.638135529
1709 [ 0.  0.  0.  1.] -1 116.841675568
1710 [ 0.  0.  0.  1.] -1 118.096718979
1711 [ 0.  0.  0.  1.] -1 118.955670547
1712 [ 0.  0.  0.  1.] -1 121.392198181
1713 [ 0.  0.  0.  1.] -1 134.954312134
1714 [ 0.  0.  0.  1.] -1 141.211532593
1715 [ 0.  0.  0.  1.] -1 149.670643616
1716 [ 0.  0.  0.  1.] -1 155.199549103
1717 [ 0.  0.  0.  1.] -1 154.195117187
1718 [ 0.  0.  0.  1.] -1 161.129134369
1719 [ 0.  0.  0.  1.] -1 166.890770721
1720 [ 0.  0.  0.  1.] -1 174.703946686
1721 [ 0.  0.  0.  1.] -1 175.601950073
1722 [ 0.  0.  0.  1.] -1 180.131613159
1723 [ 0.  0.  0.  1.] -1 185.28120575
1724 [ 0.  0.  0.  1.] -1 190.007548523
1725 [ 0.  0.  0.  1.] -1 190.688360596
1726 [ 0.  0.  0.  1.] -1 192.692063904
1727 [ 0.  0.  0.  1.] -1 196.16893692
1728 [ 0.  0.  0.  1.] -1 198.842073059
1729 [ 0.  0.  0.  1.] -1 150.32794342
1730 [ 0.  0.  0.  1.] -1 147.756713104
1731 [ 0.  0.  0.  1.] -1 147.68498764
1732 [ 0.  0.  0.  1.] -1 145.444030762
1733 [ 0.  0.  0.  1.] -101 -101
