0 [ 0.  1.  0.  0.] -1 31.7534990311
1 [ 0.  1.  0.  0.] -1 31.5934757233
2 [ 0.  1.  0.  0.] -1 33.4613964081
3 [ 0.  1.  0.  0.] -1 37.4488857269
4 [ 0.  1.  0.  0.] -1 37.7290035248
5 [ 0.  1.  0.  0.] 9 48.9409254074
6 [ 0.  1.  0.  0.] -1 32.624275589
7 [ 0.  1.  0.  0.] -1 34.9524829865
8 [ 0.  1.  0.  0.] -1 35.8091659546
9 [ 0.  1.  0.  0.] 9 46.9315977097
10 [ 0.  1.  0.  0.] -1 37.1302089691
11 [ 0.  1.  0.  0.] -1 37.8362257004
12 [ 0.  1.  0.  0.] -1 39.1082401276
13 [ 0.  1.  0.  0.] 9 49.2264247894
14 [ 0.  1.  0.  0.] -1 32.419065094
15 [ 0.  1.  0.  0.] -1 33.4624183655
16 [ 0.  1.  0.  0.] -1 33.3845321655
17 [ 0.  1.  0.  0.] 9 42.192556572
18 [ 0.  1.  0.  0.] 0 33.192556572
19 [ 0.  0.  1.  0.] -2 23.5745563507
20 [ 0.  0.  1.  0.] -1 25.6008516312
21 [ 0.  0.  1.  0.] 9 36.0654381752
22 [ 0.  0.  1.  0.] -1 24.3355995178
23 [ 0.  0.  1.  0.] -1 25.4836762428
24 [ 0.  0.  1.  0.] -1 25.4225581169
25 [ 0.  0.  1.  0.] 9 37.5484179497
26 [ 0.  0.  1.  0.] -1 21.6554745674
27 [ 0.  0.  1.  0.] -1 22.5090499878
28 [ 0.  0.  1.  0.] -1 22.3445384026
29 [ 0.  0.  1.  0.] 9 33.355121994
30 [ 0.  0.  1.  0.] 0 24.355121994
31 [ 0.  0.  0.  1.] -2 29.7105951309
32 [ 0.  0.  0.  1.] -1 31.7907932281
33 [ 0.  0.  0.  1.] -1 24.969722271
34 [ 0.  0.  0.  1.] -1 25.9206934929
35 [ 0.  0.  0.  1.] -1 25.907379055
36 [ 0.  0.  0.  1.] -1 26.6921517372
37 [ 0.  0.  0.  1.] -1 27.7545815468
38 [ 0.  0.  0.  1.] -1 28.5631473541
39 [ 0.  0.  0.  1.] -1 22.9490878105
40 [ 0.  0.  0.  1.] -1 22.6887495995
41 [ 0.  0.  0.  1.] -1 21.8368303299
42 [ 0.  0.  0.  1.] 0 22.8368303299
43 [ 0.  0.  1.  0.] -2 22.4150460243
44 [ 0.  0.  1.  0.] -1 23.5396831512
45 [ 0.  0.  1.  0.] -1 25.5274899483
46 [ 0.  0.  1.  0.] -1 20.8675091743
47 [ 0.  0.  1.  0.] -1 20.3479072571
48 [ 0.  0.  1.  0.] -1 20.5128718376
49 [ 0.  0.  1.  0.] -1 20.8619953156
50 [ 0.  0.  1.  0.] -1 17.5723561287
51 [ 0.  0.  1.  0.] -1 17.292510128
52 [ 0.  0.  1.  0.] -1 17.804235363
53 [ 0.  0.  1.  0.] -1 18.7052248955
54 [ 0.  0.  1.  0.] 0 19.7052248955
55 [ 0.  0.  0.  1.] -2 18.0968067169
56 [ 0.  0.  0.  1.] -1 19.4247698784
57 [ 0.  0.  0.  1.] -1 18.8842287064
58 [ 0.  0.  0.  1.] -1 19.0212887764
59 [ 0.  0.  0.  1.] -1 19.1159068108
60 [ 0.  0.  0.  1.] -1 19.4880533218
61 [ 0.  0.  0.  1.] -1 18.8959431648
62 [ 0.  0.  0.  1.] -1 19.0833382607
63 [ 0.  0.  0.  1.] -1 19.1069900513
64 [ 0.  0.  0.  1.] -1 18.9571826935
65 [ 0.  0.  0.  1.] -1 17.9598845482
66 [ 0.  0.  0.  1.] 0 18.9598845482
67 [ 1.  0.  0.  0.] -2 21.5888260841
68 [ 1.  0.  0.  0.] -1 22.7248207092
69 [ 1.  0.  0.  0.] -1 23.7641803741
70 [ 1.  0.  0.  0.] -1 24.6102795601
71 [ 1.  0.  0.  0.] -1 24.0805812836
72 [ 1.  0.  0.  0.] -1 24.507348156
73 [ 1.  0.  0.  0.] -1 24.8748849869
74 [ 1.  0.  0.  0.] -1 25.0127368927
75 [ 1.  0.  0.  0.] -1 24.9282786369
76 [ 1.  0.  0.  0.] -1 25.0421000481
77 [ 1.  0.  0.  0.] -1 24.6779679298
78 [ 1.  0.  0.  0.] 0 25.6779679298
79 [ 0.  0.  0.  1.] -2 20.2664150238
80 [ 0.  0.  0.  1.] -1 21.1778435707
81 [ 0.  0.  0.  1.] -1 20.8800535202
82 [ 0.  0.  0.  1.] -1 21.4229919434
83 [ 0.  0.  0.  1.] -1 21.6451643944
84 [ 0.  0.  0.  1.] -1 21.9451704979
85 [ 0.  0.  0.  1.] -1 22.2692650795
86 [ 0.  0.  0.  1.] -1 22.6194829941
87 [ 0.  0.  0.  1.] -1 22.665559864
88 [ 0.  0.  0.  1.] -1 22.9102190018
89 [ 0.  0.  0.  1.] 9 34.5142644882
90 [ 0.  0.  0.  1.] -1 26.2106014252
91 [ 0.  0.  0.  1.] -1 27.3521622658
92 [ 0.  0.  0.  1.] -1 28.2718677521
93 [ 0.  0.  0.  1.] 9 41.4733848572
94 [ 0.  0.  0.  1.] -1 32.4554533005
95 [ 0.  0.  0.  1.] -1 32.4371088028
96 [ 0.  0.  0.  1.] -1 32.2038524628
97 [ 0.  0.  0.  1.] 9 44.180941391
98 [ 0.  0.  0.  1.] -1 34.3934614182
99 [ 0.  0.  0.  1.] -1 56.201064682
100 [ 0.  0.  0.  1.] -1 57.6542663574
101 [ 0.  0.  0.  1.] 9 73.1924346924
102 [ 0.  0.  0.  1.] -1 64.8541736603
103 [ 0.  0.  0.  1.] -1 67.1799892426
104 [ 0.  0.  0.  1.] -1 70.058575058
105 [ 0.  0.  0.  1.] 9 97.4029605865
106 [ 0.  0.  0.  1.] -1 95.0314304352
107 [ 0.  0.  0.  1.] -1 100.718608856
108 [ 0.  0.  0.  1.] -1 110.143839264
109 [ 0.  0.  0.  1.] 9 135.85025177
110 [ 0.  0.  0.  1.] -1 133.568914795
111 [ 0.  0.  0.  1.] -1 141.148040771
112 [ 0.  0.  0.  1.] -1 147.197956085
113 [ 0.  0.  0.  1.] 9 206.940232086
114 [ 0.  0.  0.  1.] 0 197.940232086
115 [ 1.  0.  0.  0.] -2 311.223013306
116 [ 1.  0.  0.  0.] -1 325.031169128
117 [ 1.  0.  0.  0.] 9 351.982557678
118 [ 1.  0.  0.  0.] -1 351.019589233
119 [ 1.  0.  0.  0.] -1 359.409786987
120 [ 1.  0.  0.  0.] -1 368.204940796
121 [ 1.  0.  0.  0.] 9 355.026686096
122 [ 1.  0.  0.  0.] -1 356.62449646
123 [ 1.  0.  0.  0.] -1 362.352067566
124 [ 1.  0.  0.  0.] -1 372.061938477
125 [ 1.  0.  0.  0.] 9 360.805108643
126 [ 1.  0.  0.  0.] 0 351.805108643
127 [ 0.  0.  0.  1.] -2 348.526400757
128 [ 0.  0.  0.  1.] -1 361.241888428
129 [ 0.  0.  0.  1.] 9 431.16410675
130 [ 0.  0.  0.  1.] -1 446.971212769
131 [ 0.  0.  0.  1.] -1 455.931735229
132 [ 0.  0.  0.  1.] -1 475.470285034
133 [ 0.  0.  0.  1.] 9 587.905380249
134 [ 0.  0.  0.  1.] 0 578.905380249
135 [ 1.  0.  0.  0.] -2 552.22416687
136 [ 1.  0.  0.  0.] -1 564.155081177
137 [ 1.  0.  0.  0.] 9 660.663760376
138 [ 1.  0.  0.  0.] -1 655.740148926
139 [ 1.  0.  0.  0.] -1 661.362103271
140 [ 1.  0.  0.  0.] -1 679.75774231
141 [ 1.  0.  0.  0.] 9 683.985263062
142 [ 1.  0.  0.  0.] -1 687.525894165
143 [ 1.  0.  0.  0.] -1 695.78678894
144 [ 1.  0.  0.  0.] -1 687.657342529
145 [ 1.  0.  0.  0.] 9 624.980081177
146 [ 1.  0.  0.  0.] -1 606.547613525
147 [ 1.  0.  0.  0.] -1 611.898727417
148 [ 1.  0.  0.  0.] -1 618.000146484
149 [ 1.  0.  0.  0.] 49 2133.18240967
150 [ 1.  0.  0.  0.] -1 2117.49141846
151 [ 1.  0.  0.  0.] -1 2124.14165039
152 [ 1.  0.  0.  0.] -1 2135.90068359
153 [ 1.  0.  0.  0.] 9 2133.09447021
154 [ 1.  0.  0.  0.] -1 2147.43288574
155 [ 1.  0.  0.  0.] -1 2147.16337891
156 [ 1.  0.  0.  0.] -1 2154.33105469
157 [ 1.  0.  0.  0.] 9 2159.20439453
158 [ 1.  0.  0.  0.] 0 2150.20439453
159 [ 0.  1.  0.  0.] -2 1476.23710937
160 [ 0.  1.  0.  0.] -1 1458.27526245
161 [ 0.  1.  0.  0.] 9 1452.70045776
162 [ 0.  1.  0.  0.] -1 1497.9239624
163 [ 0.  1.  0.  0.] -1 1484.21831055
164 [ 0.  1.  0.  0.] -1 1465.47645264
165 [ 0.  1.  0.  0.] 9 1456.05630493
166 [ 0.  1.  0.  0.] -1 1289.21364746
167 [ 0.  1.  0.  0.] -1 1300.15789795
168 [ 0.  1.  0.  0.] -1 1264.96000366
169 [ 0.  1.  0.  0.] 9 1274.30119629
170 [ 0.  1.  0.  0.] -1 1215.95684204
171 [ 0.  1.  0.  0.] -1 1211.38461914
172 [ 0.  1.  0.  0.] -1 1203.73324585
173 [ 0.  1.  0.  0.] 9 1201.89732666
174 [ 0.  1.  0.  0.] -1 1133.51987305
175 [ 0.  1.  0.  0.] -1 1133.8664978
176 [ 0.  1.  0.  0.] -1 1093.42597656
177 [ 0.  1.  0.  0.] 9 1069.75455322
178 [ 0.  1.  0.  0.] 0 1060.75455322
179 [ 0.  0.  1.  0.] -2 858.39750061
180 [ 0.  0.  1.  0.] -1 848.001269531
181 [ 0.  0.  1.  0.] 9 839.5521698
182 [ 0.  0.  1.  0.] -1 740.581573486
183 [ 0.  0.  1.  0.] -1 746.048364258
184 [ 0.  0.  1.  0.] -1 745.88067627
185 [ 0.  0.  1.  0.] 9 725.630795288
186 [ 0.  0.  1.  0.] -1 627.347998047
187 [ 0.  0.  1.  0.] -1 621.453811646
188 [ 0.  0.  1.  0.] -1 603.69309082
189 [ 0.  0.  1.  0.] 9 594.773919678
190 [ 0.  0.  1.  0.] -1 536.218563843
191 [ 0.  0.  1.  0.] -1 528.58661499
192 [ 0.  0.  1.  0.] -1 522.904067993
193 [ 0.  0.  1.  0.] 9 513.564285278
194 [ 0.  0.  1.  0.] -1 510.480950928
195 [ 0.  0.  1.  0.] -1 506.307595825
196 [ 0.  0.  1.  0.] -1 490.67567749
197 [ 0.  0.  1.  0.] 9 480.395230103
198 [ 0.  0.  1.  0.] -1 317.863754272
199 [ 0.  0.  1.  0.] -1 320.174624634
200 [ 0.  0.  1.  0.] -1 318.764120483
201 [ 0.  0.  1.  0.] 9 329.57414856
202 [ 0.  0.  1.  0.] 0 320.57414856
203 [ 0.  0.  0.  1.] -2 443.248138428
204 [ 0.  0.  0.  1.] -1 470.138276672
205 [ 0.  0.  0.  1.] 9 554.688024902
206 [ 0.  0.  0.  1.] -1 582.586322021
207 [ 0.  0.  0.  1.] -1 603.52331543
208 [ 0.  0.  0.  1.] -1 626.719921875
209 [ 0.  0.  0.  1.] 9 697.642556763
210 [ 0.  0.  0.  1.] -1 692.494839478
211 [ 0.  0.  0.  1.] -1 697.542352295
212 [ 0.  0.  0.  1.] -1 704.97489624
213 [ 0.  0.  0.  1.] -1 839.837786865
214 [ 0.  0.  0.  1.] -1 874.7512146
215 [ 0.  0.  0.  1.] -1 900.161917114
216 [ 0.  0.  0.  1.] -1 926.95703125
217 [ 0.  0.  0.  1.] -1 985.188830566
218 [ 0.  0.  0.  1.] -1 1029.46135864
219 [ 0.  0.  0.  1.] -1 1060.04447021
220 [ 0.  0.  0.  1.] -1 1101.87230225
221 [ 0.  0.  0.  1.] -1 1278.43488159
222 [ 0.  0.  0.  1.] 0 1279.43488159
223 [ 1.  0.  0.  0.] -2 1458.40860596
224 [ 1.  0.  0.  0.] -1 1472.13004761
225 [ 1.  0.  0.  0.] -1 1712.71430054
226 [ 1.  0.  0.  0.] -1 1759.86663208
227 [ 1.  0.  0.  0.] -1 1750.40919189
228 [ 1.  0.  0.  0.] -1 1790.27208252
229 [ 1.  0.  0.  0.] -1 1843.53029785
230 [ 1.  0.  0.  0.] -1 1873.41911621
231 [ 1.  0.  0.  0.] -1 1886.38861084
232 [ 1.  0.  0.  0.] -1 1921.71998291
233 [ 1.  0.  0.  0.] -1 1861.6534729
234 [ 1.  0.  0.  0.] -1 1900.12047119
235 [ 1.  0.  0.  0.] -1 1901.9107666
236 [ 1.  0.  0.  0.] -1 1948.2260498
237 [ 1.  0.  0.  0.] -1 1981.5305542
238 [ 1.  0.  0.  0.] -1 2042.22780762
239 [ 1.  0.  0.  0.] -1 2042.61513672
240 [ 1.  0.  0.  0.] -1 2062.94272461
241 [ 1.  0.  0.  0.] -1 2032.22868652
242 [ 1.  0.  0.  0.] -1 2066.56877441
243 [ 1.  0.  0.  0.] -1 2064.38674316
244 [ 1.  0.  0.  0.] -1 2070.28156738
245 [ 1.  0.  0.  0.] -1 2054.68936768
246 [ 1.  0.  0.  0.] 0 2055.68936768
247 [ 0.  1.  0.  0.] -2 1439.99493408
248 [ 0.  1.  0.  0.] -1 1421.72739868
249 [ 0.  1.  0.  0.] -1 1382.91087646
250 [ 0.  1.  0.  0.] -1 1429.59470215
251 [ 0.  1.  0.  0.] -1 1397.83186035
252 [ 0.  1.  0.  0.] -1 1395.35063477
253 [ 0.  1.  0.  0.] -1 1356.86287842
254 [ 0.  1.  0.  0.] -1 1235.57042236
255 [ 0.  1.  0.  0.] -1 1227.78533936
256 [ 0.  1.  0.  0.] -1 1221.36217041
257 [ 0.  1.  0.  0.] -1 1146.57680664
258 [ 0.  1.  0.  0.] -1 1261.97003174
259 [ 0.  1.  0.  0.] -1 1265.25386353
260 [ 0.  1.  0.  0.] -1 1276.53430176
261 [ 0.  1.  0.  0.] -1 1213.71114502
262 [ 0.  1.  0.  0.] -1 1224.72543945
263 [ 0.  1.  0.  0.] -1 1236.81810913
264 [ 0.  1.  0.  0.] -1 1208.82662354
265 [ 0.  1.  0.  0.] -1 1176.67042236
266 [ 0.  1.  0.  0.] 0 1177.67042236
267 [ 0.  0.  1.  0.] -2 819.954275513
268 [ 0.  0.  1.  0.] -1 818.500302124
269 [ 0.  0.  1.  0.] -1 796.736407471
270 [ 0.  0.  1.  0.] -1 733.630465698
271 [ 0.  0.  1.  0.] -1 739.078179932
272 [ 0.  0.  1.  0.] -1 741.33303833
273 [ 0.  0.  1.  0.] -1 712.789724731
274 [ 0.  0.  1.  0.] -1 626.326446533
275 [ 0.  0.  1.  0.] -1 621.562704468
276 [ 0.  0.  1.  0.] -1 605.562359619
277 [ 0.  0.  1.  0.] -1 583.301025391
278 [ 0.  0.  1.  0.] -1 536.206445313
279 [ 0.  0.  1.  0.] -1 527.95703125
280 [ 0.  0.  1.  0.] -1 519.646270752
281 [ 0.  0.  1.  0.] -1 492.149615479
282 [ 0.  0.  1.  0.] -1 524.950823975
283 [ 0.  0.  1.  0.] -1 520.397677612
284 [ 0.  0.  1.  0.] -1 509.319485474
285 [ 0.  0.  1.  0.] -1 487.881573486
286 [ 0.  0.  1.  0.] -1 371.728475952
287 [ 0.  0.  1.  0.] -1 374.782084656
288 [ 0.  0.  1.  0.] -1 375.158773804
289 [ 0.  0.  1.  0.] -1 362.1748703
290 [ 0.  0.  1.  0.] 0 363.1748703
291 [ 0.  1.  0.  0.] -2 466.962913513
292 [ 0.  1.  0.  0.] -1 464.338139343
293 [ 0.  1.  0.  0.] 9 532.140194702
294 [ 0.  1.  0.  0.] -1 586.033493042
295 [ 0.  1.  0.  0.] -1 658.680487061
296 [ 0.  1.  0.  0.] -1 650.701391602
297 [ 0.  1.  0.  0.] 9 720.811157227
298 [ 0.  1.  0.  0.] -1 453.435404968
299 [ 0.  1.  0.  0.] -1 424.169908142
300 [ 0.  1.  0.  0.] -1 430.035131836
301 [ 0.  1.  0.  0.] 9 430.955975342
302 [ 0.  1.  0.  0.] -1 237.690703583
303 [ 0.  1.  0.  0.] -1 229.522089386
304 [ 0.  1.  0.  0.] -1 222.460740662
305 [ 0.  1.  0.  0.] 9 238.028422546
306 [ 0.  1.  0.  0.] -1 216.004419708
307 [ 0.  1.  0.  0.] -1 217.744994354
308 [ 0.  1.  0.  0.] -1 219.833947754
309 [ 0.  1.  0.  0.] 9 234.159886169
310 [ 0.  1.  0.  0.] -1 225.400846863
311 [ 0.  1.  0.  0.] -1 227.725343323
312 [ 0.  1.  0.  0.] -1 227.907019806
313 [ 0.  1.  0.  0.] 9 236.972167969
314 [ 0.  1.  0.  0.] -1 210.274833679
315 [ 0.  1.  0.  0.] -1 213.410227966
316 [ 0.  1.  0.  0.] -1 210.512130737
317 [ 0.  1.  0.  0.] -1 203.558906555
318 [ 0.  1.  0.  0.] -1 209.065662384
319 [ 0.  1.  0.  0.] -1 207.303401947
320 [ 0.  1.  0.  0.] -1 211.061972809
321 [ 0.  1.  0.  0.] -1 197.077246857
322 [ 0.  1.  0.  0.] -1 198.845334625
323 [ 0.  1.  0.  0.] -1 205.320485687
324 [ 0.  1.  0.  0.] -1 211.404060364
325 [ 0.  1.  0.  0.] -1 230.551236725
326 [ 0.  1.  0.  0.] -1 200.352642059
327 [ 0.  1.  0.  0.] -1 213.75749054
328 [ 0.  1.  0.  0.] -1 214.577201843
329 [ 0.  1.  0.  0.] -1 209.423361969
330 [ 0.  1.  0.  0.] -1 231.199578094
331 [ 0.  1.  0.  0.] -1 249.687280273
332 [ 0.  1.  0.  0.] -1 277.434133911
333 [ 0.  1.  0.  0.] -1 261.812217712
334 [ 0.  1.  0.  0.] -1 182.1048172
335 [ 0.  1.  0.  0.] -1 182.177397919
336 [ 0.  1.  0.  0.] -1 176.915201569
337 [ 0.  1.  0.  0.] -1 142.181159973
338 [ 0.  1.  0.  0.] -1 113.695590591
339 [ 0.  1.  0.  0.] -1 113.024925613
340 [ 0.  1.  0.  0.] -1 105.81831398
341 [ 0.  1.  0.  0.] 9 129.310152054
342 [ 0.  1.  0.  0.] -1 120.510408401
343 [ 0.  1.  0.  0.] -1 124.799317169
344 [ 0.  1.  0.  0.] -1 121.023235321
345 [ 0.  1.  0.  0.] 9 126.19137001
346 [ 0.  1.  0.  0.] -1 126.221012115
347 [ 0.  1.  0.  0.] -1 130.351792908
348 [ 0.  1.  0.  0.] -1 40.99817276
349 [ 0.  1.  0.  0.] 9 51.1797260284
350 [ 0.  1.  0.  0.] -1 46.2210889816
351 [ 0.  1.  0.  0.] -1 49.2796190262
352 [ 0.  1.  0.  0.] -1 48.6244646072
353 [ 0.  1.  0.  0.] 9 58.5216201782
354 [ 0.  1.  0.  0.] -1 44.8742506027
355 [ 0.  1.  0.  0.] -1 46.2299097061
356 [ 0.  1.  0.  0.] -1 47.3097743988
357 [ 0.  1.  0.  0.] 9 57.916998291
358 [ 0.  1.  0.  0.] -1 56.8816158295
359 [ 0.  1.  0.  0.] -1 58.0924650192
360 [ 0.  1.  0.  0.] -1 59.7348302841
361 [ 0.  1.  0.  0.] 9 67.9215408325
362 [ 0.  1.  0.  0.] 0 58.9215408325
363 [ 0.  0.  1.  0.] -2 40.4598003387
364 [ 0.  0.  1.  0.] -1 43.5332939148
365 [ 0.  0.  1.  0.] 9 54.7126363754
366 [ 0.  0.  1.  0.] -1 46.7399787903
367 [ 0.  0.  1.  0.] -1 46.3774412155
368 [ 0.  0.  1.  0.] -1 47.9649396896
369 [ 0.  0.  1.  0.] 9 59.0608114243
370 [ 0.  0.  1.  0.] -1 39.5638446808
371 [ 0.  0.  1.  0.] -1 39.5479898453
372 [ 0.  0.  1.  0.] -1 39.4894954681
373 [ 0.  0.  1.  0.] 9 49.8786691666
374 [ 0.  0.  1.  0.] 0 40.8786691666
375 [ 0.  0.  0.  1.] -2 31.9353492737
376 [ 0.  0.  0.  1.] -1 33.4298751831
377 [ 0.  0.  0.  1.] 9 36.2453969002
378 [ 0.  0.  0.  1.] -1 25.2214155197
379 [ 0.  0.  0.  1.] -1 24.8379640579
380 [ 0.  0.  0.  1.] -1 25.1574525833
381 [ 0.  0.  0.  1.] 9 34.8034313202
382 [ 0.  0.  0.  1.] -1 25.1917243958
383 [ 0.  0.  0.  1.] -1 26.4160112381
384 [ 0.  0.  0.  1.] -1 25.2757604599
385 [ 0.  0.  0.  1.] 9 30.542137146
386 [ 0.  0.  0.  1.] -1 19.7932561874
387 [ 0.  0.  0.  1.] -1 19.8784428596
388 [ 0.  0.  0.  1.] -1 20.0055950165
389 [ 0.  0.  0.  1.] 9 28.052244854
390 [ 0.  0.  0.  1.] -1 18.1530109406
391 [ 0.  0.  0.  1.] -1 18.9566064835
392 [ 0.  0.  0.  1.] -1 19.5628935814
393 [ 0.  0.  0.  1.] 9 32.1057899475
394 [ 0.  0.  0.  1.] -1 23.4793840408
395 [ 0.  0.  0.  1.] -1 24.460888958
396 [ 0.  0.  0.  1.] -1 25.9368817329
397 [ 0.  0.  0.  1.] -1 22.5800053596
398 [ 0.  0.  0.  1.] -1 23.566023922
399 [ 0.  0.  0.  1.] -1 25.2224121094
400 [ 0.  0.  0.  1.] -1 25.855424118
401 [ 0.  0.  0.  1.] -1 20.5330826759
402 [ 0.  0.  0.  1.] -1 20.8358683586
403 [ 0.  0.  0.  1.] -1 21.2609790802
404 [ 0.  0.  0.  1.] -1 22.014274025
405 [ 0.  0.  0.  1.] -1 23.0885777473
406 [ 0.  0.  0.  1.] -1 25.1866635323
407 [ 0.  0.  0.  1.] -1 27.7830224037
408 [ 0.  0.  0.  1.] -1 26.0239093781
409 [ 0.  0.  0.  1.] -1 20.841226387
410 [ 0.  0.  0.  1.] 0 21.841226387
411 [ 0.  0.  1.  0.] -2 28.6174413681
412 [ 0.  0.  1.  0.] -1 30.3567913055
413 [ 0.  0.  1.  0.] -1 33.3441068649
414 [ 0.  0.  1.  0.] -1 34.4930587769
415 [ 0.  0.  1.  0.] -1 31.9607461929
416 [ 0.  0.  1.  0.] -1 32.1905778885
417 [ 0.  0.  1.  0.] -1 35.1777448654
418 [ 0.  0.  1.  0.] -1 20.8741663933
419 [ 0.  0.  1.  0.] -1 20.1386487961
420 [ 0.  0.  1.  0.] -1 21.0371287346
421 [ 0.  0.  1.  0.] -1 23.7318002701
422 [ 0.  0.  1.  0.] 0 24.7318002701
423 [ 0.  0.  0.  1.] -2 22.0055455208
424 [ 0.  0.  0.  1.] -1 25.4263342857
425 [ 0.  0.  0.  1.] -1 21.3326302528
426 [ 0.  0.  0.  1.] -1 21.7673571587
427 [ 0.  0.  0.  1.] -1 21.9767859459
428 [ 0.  0.  0.  1.] -1 23.7255579948
429 [ 0.  0.  0.  1.] -1 20.8104969978
430 [ 0.  0.  0.  1.] -1 20.9278553963
431 [ 0.  0.  0.  1.] -1 21.1396977425
432 [ 0.  0.  0.  1.] -1 20.9904249191
433 [ 0.  0.  0.  1.] -1 19.450933075
434 [ 0.  0.  0.  1.] -1 19.873782444
435 [ 0.  0.  0.  1.] -1 20.0535164833
436 [ 0.  0.  0.  1.] -1 20.2935405731
437 [ 0.  0.  0.  1.] -1 19.8797456741
438 [ 0.  0.  0.  1.] -1 19.9299592972
439 [ 0.  0.  0.  1.] -1 19.7407866478
440 [ 0.  0.  0.  1.] -1 19.5565770149
441 [ 0.  0.  0.  1.] -1 20.2893005371
442 [ 0.  0.  0.  1.] -1 20.5499359131
443 [ 0.  0.  0.  1.] -1 21.2819310188
444 [ 0.  0.  0.  1.] -1 22.199627018
445 [ 0.  0.  0.  1.] -1 28.3330909729
446 [ 0.  0.  0.  1.] 0 29.3330909729
447 [ 0.  0.  1.  0.] -2 23.6731462479
448 [ 0.  0.  1.  0.] -1 24.4599666595
449 [ 0.  0.  1.  0.] -1 26.9298184395
450 [ 0.  0.  1.  0.] -1 32.9067453384
451 [ 0.  0.  1.  0.] -1 30.6694450378
452 [ 0.  0.  1.  0.] -1 30.6782657623
453 [ 0.  0.  1.  0.] -1 37.0692901611
454 [ 0.  0.  1.  0.] -1 41.6290248871
455 [ 0.  0.  1.  0.] -1 40.1056415558
456 [ 0.  0.  1.  0.] -1 39.0193841934
457 [ 0.  0.  1.  0.] -1 42.344329834
458 [ 0.  0.  1.  0.] 0 43.344329834
459 [ 0.  0.  0.  1.] -2 30.2532871246
460 [ 0.  0.  0.  1.] -1 32.415212822
461 [ 0.  0.  0.  1.] -1 28.3967313766
462 [ 0.  0.  0.  1.] -1 26.3758686066
463 [ 0.  0.  0.  1.] -1 27.9147751808
464 [ 0.  0.  0.  1.] -1 29.9268661499
465 [ 0.  0.  0.  1.] -1 29.0307744026
466 [ 0.  0.  0.  1.] -1 28.8887313843
467 [ 0.  0.  0.  1.] -1 29.4284698486
468 [ 0.  0.  0.  1.] -1 29.3762249947
469 [ 0.  0.  0.  1.] -1 30.3854785919
470 [ 0.  0.  0.  1.] 0 31.3854785919
471 [ 1.  0.  0.  0.] -2 50.6133892059
472 [ 1.  0.  0.  0.] -1 51.6943340302
473 [ 1.  0.  0.  0.] -1 55.7638843536
474 [ 1.  0.  0.  0.] -1 54.5734743118
475 [ 1.  0.  0.  0.] -1 56.1258928299
476 [ 1.  0.  0.  0.] -1 61.5603687286
477 [ 1.  0.  0.  0.] -1 56.0903671265
478 [ 1.  0.  0.  0.] -1 56.2061962128
479 [ 1.  0.  0.  0.] -1 57.5479139328
480 [ 1.  0.  0.  0.] -1 59.8383560181
481 [ 1.  0.  0.  0.] -1 61.4086914062
482 [ 1.  0.  0.  0.] 0 62.4086914062
483 [ 0.  0.  0.  1.] -2 38.3176761627
484 [ 0.  0.  0.  1.] -1 39.8817531586
485 [ 0.  0.  0.  1.] -1 42.4956665039
486 [ 0.  0.  0.  1.] -1 43.2288665771
487 [ 0.  0.  0.  1.] -1 43.697136879
488 [ 0.  0.  0.  1.] -1 44.1144397736
489 [ 0.  0.  0.  1.] -1 45.7348836899
490 [ 0.  0.  0.  1.] -1 45.6761320114
491 [ 0.  0.  0.  1.] -1 45.6104839325
492 [ 0.  0.  0.  1.] -1 46.2829971313
493 [ 0.  0.  0.  1.] 9 56.1681102753
494 [ 0.  0.  0.  1.] 0 47.1681102753
495 [ 1.  0.  0.  0.] -2 168.32204361
496 [ 1.  0.  0.  0.] -1 173.073554993
497 [ 1.  0.  0.  0.] 9 173.766407776
498 [ 1.  0.  0.  0.] -1 172.064281464
499 [ 1.  0.  0.  0.] -1 177.163544464
500 [ 1.  0.  0.  0.] -1 183.918856812
501 [ 1.  0.  0.  0.] 9 199.860807037
502 [ 1.  0.  0.  0.] -1 195.155082703
503 [ 1.  0.  0.  0.] -1 198.778914642
504 [ 1.  0.  0.  0.] -1 207.938175201
505 [ 1.  0.  0.  0.] -1 269.656182861
506 [ 1.  0.  0.  0.] -1 273.031425476
507 [ 1.  0.  0.  0.] -1 278.907752991
508 [ 1.  0.  0.  0.] -1 291.823091125
509 [ 1.  0.  0.  0.] -1 309.952354431
510 [ 1.  0.  0.  0.] -1 315.96285553
511 [ 1.  0.  0.  0.] -1 323.907566833
512 [ 1.  0.  0.  0.] -1 335.150750732
513 [ 1.  0.  0.  0.] -1 311.306788635
514 [ 1.  0.  0.  0.] -1 316.536195374
515 [ 1.  0.  0.  0.] -1 324.010864258
516 [ 1.  0.  0.  0.] -1 335.495780945
517 [ 1.  0.  0.  0.] -1 323.055210876
518 [ 1.  0.  0.  0.] 0 324.055210876
519 [ 0.  1.  0.  0.] -2 165.331752777
520 [ 0.  1.  0.  0.] -1 160.647480774
521 [ 0.  1.  0.  0.] -1 145.487880707
522 [ 0.  1.  0.  0.] -1 142.462770844
523 [ 0.  1.  0.  0.] -1 135.80674057
524 [ 0.  1.  0.  0.] -1 135.428340912
525 [ 0.  1.  0.  0.] -1 124.858576202
526 [ 0.  1.  0.  0.] -1 110.361907578
527 [ 0.  1.  0.  0.] -1 104.780469131
528 [ 0.  1.  0.  0.] -1 106.017617416
529 [ 0.  1.  0.  0.] -1 96.9410991669
530 [ 0.  1.  0.  0.] -1 91.8479534149
531 [ 0.  1.  0.  0.] -1 90.1223457336
532 [ 0.  1.  0.  0.] -1 88.8436813354
533 [ 0.  1.  0.  0.] -1 89.8178821564
534 [ 0.  1.  0.  0.] -1 97.0467521667
535 [ 0.  1.  0.  0.] -1 102.092380524
536 [ 0.  1.  0.  0.] -1 104.108013916
537 [ 0.  1.  0.  0.] -1 97.9314483643
538 [ 0.  1.  0.  0.] -1 68.4271903992
539 [ 0.  1.  0.  0.] -1 57.1998504639
540 [ 0.  1.  0.  0.] -1 61.623367691
541 [ 0.  1.  0.  0.] -1 56.8996595383
542 [ 0.  1.  0.  0.] 0 57.8996595383
543 [ 0.  0.  1.  0.] -2 38.8625135422
544 [ 0.  0.  1.  0.] -1 39.7461444855
545 [ 0.  0.  1.  0.] 9 50.6477573395
546 [ 0.  0.  1.  0.] -1 36.2272842407
547 [ 0.  0.  1.  0.] -1 36.0354751587
548 [ 0.  0.  1.  0.] -1 35.9927196503
549 [ 0.  0.  1.  0.] 9 46.8333375931
550 [ 0.  0.  1.  0.] -1 33.9483192444
551 [ 0.  0.  1.  0.] -1 34.097756958
552 [ 0.  0.  1.  0.] -1 34.2149051666
553 [ 0.  0.  1.  0.] -1 32.881145668
554 [ 0.  0.  1.  0.] 0 33.881145668
555 [ 0.  1.  0.  0.] -2 34.3881448746
556 [ 0.  1.  0.  0.] -1 35.8167327881
557 [ 0.  1.  0.  0.] -1 34.8425319672
558 [ 0.  1.  0.  0.] -1 39.2791498184
559 [ 0.  1.  0.  0.] -1 40.0610015869
560 [ 0.  1.  0.  0.] -1 40.9750881195
561 [ 0.  1.  0.  0.] -1 40.8684783936
562 [ 0.  1.  0.  0.] -1 45.7327056885
563 [ 0.  1.  0.  0.] -1 47.8177452087
564 [ 0.  1.  0.  0.] -1 46.5965713501
565 [ 0.  1.  0.  0.] -1 43.4515989304
566 [ 0.  1.  0.  0.] 0 44.4515989304
567 [ 0.  0.  1.  0.] -2 22.1509660721
568 [ 0.  0.  1.  0.] -1 22.5941804886
569 [ 0.  0.  1.  0.] -1 26.4035774231
570 [ 0.  0.  1.  0.] -1 23.5735273361
571 [ 0.  0.  1.  0.] -1 23.476379776
572 [ 0.  0.  1.  0.] -1 23.5298295975
573 [ 0.  0.  1.  0.] -1 24.8119367599
574 [ 0.  0.  1.  0.] -1 17.4058386803
575 [ 0.  0.  1.  0.] -1 17.4437906265
576 [ 0.  0.  1.  0.] -1 17.6689455986
577 [ 0.  0.  1.  0.] -1 17.9387713432
578 [ 0.  0.  1.  0.] 0 18.9387713432
579 [ 0.  1.  0.  0.] -2 30.0076368332
580 [ 0.  1.  0.  0.] -1 31.5602186203
581 [ 0.  1.  0.  0.] -1 31.9765249252
582 [ 0.  1.  0.  0.] -1 32.2095457077
583 [ 0.  1.  0.  0.] -1 32.1887767792
584 [ 0.  1.  0.  0.] -1 34.1443611145
585 [ 0.  1.  0.  0.] -1 32.9151384354
586 [ 0.  1.  0.  0.] -1 38.0050153732
587 [ 0.  1.  0.  0.] -1 35.3929321289
588 [ 0.  1.  0.  0.] -1 37.9177177429
589 [ 0.  1.  0.  0.] -1 36.7701393127
590 [ 0.  1.  0.  0.] -1 38.0648361206
591 [ 0.  1.  0.  0.] -1 36.4549488068
592 [ 0.  1.  0.  0.] -1 36.1893014908
593 [ 0.  1.  0.  0.] -1 33.5429428101
594 [ 0.  1.  0.  0.] -1 38.7120939255
595 [ 0.  1.  0.  0.] -1 35.5173717499
596 [ 0.  1.  0.  0.] -1 38.9629156113
597 [ 0.  1.  0.  0.] -1 37.252050209
598 [ 0.  1.  0.  0.] -1 43.7882106781
599 [ 0.  1.  0.  0.] -1 42.6195081711
600 [ 0.  1.  0.  0.] -1 42.0995710373
601 [ 0.  1.  0.  0.] -1 39.4266088486
602 [ 0.  1.  0.  0.] 0 40.4266088486
603 [ 0.  0.  1.  0.] -2 25.9308965683
604 [ 0.  0.  1.  0.] -1 27.3603451729
605 [ 0.  0.  1.  0.] -1 28.9475990295
606 [ 0.  0.  1.  0.] -1 50.7919927597
607 [ 0.  0.  1.  0.] -1 48.6136760712
608 [ 0.  0.  1.  0.] -1 48.3462348938
609 [ 0.  0.  1.  0.] -1 53.0867835999
610 [ 0.  0.  1.  0.] -1 57.5669506073
611 [ 0.  0.  1.  0.] -1 53.896913147
612 [ 0.  0.  1.  0.] -1 58.3777723312
613 [ 0.  0.  1.  0.] -1 59.0278278351
614 [ 0.  0.  1.  0.] -1 47.63910923
615 [ 0.  0.  1.  0.] -1 49.7058006287
616 [ 0.  0.  1.  0.] -1 54.1022323608
617 [ 0.  0.  1.  0.] -1 59.9183731079
618 [ 0.  0.  1.  0.] -1 69.8251483917
619 [ 0.  0.  1.  0.] -1 73.0714939117
620 [ 0.  0.  1.  0.] -1 76.4631095886
621 [ 0.  0.  1.  0.] -1 84.712436676
622 [ 0.  0.  1.  0.] -1 108.902820587
623 [ 0.  0.  1.  0.] -1 105.894235992
624 [ 0.  0.  1.  0.] -1 110.732711411
625 [ 0.  0.  1.  0.] -1 111.220134354
626 [ 0.  0.  1.  0.] 0 112.220134354
627 [ 0.  0.  0.  1.] -2 136.045744324
628 [ 0.  0.  0.  1.] -1 144.165598297
629 [ 0.  0.  0.  1.] -1 120.702253723
630 [ 0.  0.  0.  1.] -1 121.878925323
631 [ 0.  0.  0.  1.] -1 126.694258118
632 [ 0.  0.  0.  1.] -1 124.08290329
633 [ 0.  0.  0.  1.] -1 119.953093719
634 [ 0.  0.  0.  1.] -1 120.473791885
635 [ 0.  0.  0.  1.] -1 124.493570709
636 [ 0.  0.  0.  1.] -1 122.852553558
637 [ 0.  0.  0.  1.] -1 57.8734291077
638 [ 0.  0.  0.  1.] -1 53.1797346115
639 [ 0.  0.  0.  1.] -1 53.4283275604
640 [ 0.  0.  0.  1.] -1 47.7759319305
641 [ 0.  0.  0.  1.] 0 48.7759319305
642 [ 0.  1.  0.  0.] -102 -82.8055997849
643 [ 0.  1.  0.  0.] -1 18.071901226
644 [ 0.  1.  0.  0.] -1 18.347675705
645 [ 0.  1.  0.  0.] -1 19.0255433083
646 [ 0.  1.  0.  0.] -1 19.7398226738
647 [ 0.  1.  0.  0.] -1 20.7701622963
648 [ 0.  1.  0.  0.] 0 21.7701622963
649 [ 1.  0.  0.  0.] -2 30.8908145905
650 [ 1.  0.  0.  0.] -1 30.8450187683
651 [ 1.  0.  0.  0.] 9 40.3280569077
652 [ 1.  0.  0.  0.] -1 31.3343841553
653 [ 1.  0.  0.  0.] -1 31.0743467331
654 [ 1.  0.  0.  0.] -1 31.7617870331
655 [ 1.  0.  0.  0.] 9 36.2511571884
656 [ 1.  0.  0.  0.] -1 26.7594215393
657 [ 1.  0.  0.  0.] -1 26.4528524399
658 [ 1.  0.  0.  0.] -1 27.1415049553
659 [ 1.  0.  0.  0.] 9 37.6045567513
660 [ 1.  0.  0.  0.] 0 28.6045567513
661 [ 0.  1.  0.  0.] -2 21.342373085
662 [ 0.  1.  0.  0.] -1 22.2445242882
663 [ 0.  1.  0.  0.] 9 32.9332239151
664 [ 0.  1.  0.  0.] -1 25.3126252174
665 [ 0.  1.  0.  0.] -1 25.9518468857
666 [ 0.  1.  0.  0.] -1 26.6818470001
667 [ 0.  1.  0.  0.] 9 37.6762024879
668 [ 0.  1.  0.  0.] -1 30.4559719086
669 [ 0.  1.  0.  0.] -1 31.0506242752
670 [ 0.  1.  0.  0.] -1 31.0440322876
671 [ 0.  1.  0.  0.] 9 42.0399406433
672 [ 0.  1.  0.  0.] 0 33.0399406433
673 [ 1.  0.  0.  0.] -2 44.3583938599
674 [ 1.  0.  0.  0.] -1 46.7694887161
675 [ 1.  0.  0.  0.] 9 62.2803106308
676 [ 1.  0.  0.  0.] -1 53.4122081757
677 [ 1.  0.  0.  0.] -1 53.5693540573
678 [ 1.  0.  0.  0.] -1 54.9734256744
679 [ 1.  0.  0.  0.] 9 71.9750804901
680 [ 1.  0.  0.  0.] -1 34.2741134644
681 [ 1.  0.  0.  0.] -1 34.3743124008
682 [ 1.  0.  0.  0.] -1 34.9283002853
683 [ 1.  0.  0.  0.] 9 43.5674625397
684 [ 1.  0.  0.  0.] 0 34.5674625397
685 [ 0.  0.  0.  1.] -2 19.3262903214
686 [ 0.  0.  0.  1.] -1 20.2279359818
687 [ 0.  0.  0.  1.] 9 30.403821373
688 [ 0.  0.  0.  1.] -1 20.5959330559
689 [ 0.  0.  0.  1.] -1 20.7511165619
690 [ 0.  0.  0.  1.] -1 20.9042307854
691 [ 0.  0.  0.  1.] 9 30.9580828667
692 [ 0.  0.  0.  1.] -1 20.9420341492
693 [ 0.  0.  0.  1.] -1 20.9445147514
694 [ 0.  0.  0.  1.] -1 20.928748703
695 [ 0.  0.  0.  1.] 9 31.03545084
696 [ 0.  0.  0.  1.] -1 21.2180876732
697 [ 0.  0.  0.  1.] -1 21.1784650803
698 [ 0.  0.  0.  1.] -1 21.170972538
699 [ 0.  0.  0.  1.] 9 31.1413991928
700 [ 0.  0.  0.  1.] -1 21.138485527
701 [ 0.  0.  0.  1.] -1 21.2227861404
702 [ 0.  0.  0.  1.] -1 21.1636938095
703 [ 0.  0.  0.  1.] 9 31.3884175301
704 [ 0.  0.  0.  1.] -1 22.0557031631
705 [ 0.  0.  0.  1.] -1 22.3633648872
706 [ 0.  0.  0.  1.] -1 22.637994194
707 [ 0.  0.  0.  1.] 9 32.6398079872
708 [ 0.  0.  0.  1.] -1 22.8509635925
709 [ 0.  0.  0.  1.] -1 23.033959198
710 [ 0.  0.  0.  1.] -1 23.034442997
711 [ 0.  0.  0.  1.] 9 34.2295333862
712 [ 0.  0.  0.  1.] -1 24.8578614235
713 [ 0.  0.  0.  1.] -1 25.3861264229
714 [ 0.  0.  0.  1.] -1 25.7234665871
715 [ 0.  0.  0.  1.] 9 35.3706611633
716 [ 0.  0.  0.  1.] -1 25.1378306389
717 [ 0.  0.  0.  1.] -1 24.8256081581
718 [ 0.  0.  0.  1.] -1 24.8720474243
719 [ 0.  0.  0.  1.] 9 38.8375247955
720 [ 0.  0.  0.  1.] -1 30.6624326706
721 [ 0.  0.  0.  1.] -1 32.2046787262
722 [ 0.  0.  0.  1.] -1 33.7348243713
723 [ 0.  0.  0.  1.] 9 46.8391902924
724 [ 0.  0.  0.  1.] -1 38.4819759369
725 [ 0.  0.  0.  1.] -1 39.6904840469
726 [ 0.  0.  0.  1.] -1 40.2488931656
727 [ 0.  0.  0.  1.] 9 54.5267089844
728 [ 0.  0.  0.  1.] -1 46.5958501816
729 [ 0.  0.  0.  1.] -1 48.8009443283
730 [ 0.  0.  0.  1.] -1 49.7637332916
731 [ 0.  0.  0.  1.] -1 53.1732404709
732 [ 0.  0.  0.  1.] 0 54.1732404709
733 [ 0.  0.  1.  0.] -2 68.0117500305
734 [ 0.  0.  1.  0.] -1 67.8136245728
735 [ 0.  0.  1.  0.] -1 63.3463298798
736 [ 0.  0.  1.  0.] -1 53.1496665955
737 [ 0.  0.  1.  0.] -1 54.2579141617
738 [ 0.  0.  1.  0.] -1 54.5404708862
739 [ 0.  0.  1.  0.] -1 48.284819603
740 [ 0.  0.  1.  0.] -1 165.5430336
741 [ 0.  0.  1.  0.] -1 166.256098938
742 [ 0.  0.  1.  0.] -1 156.691795349
743 [ 0.  0.  1.  0.] -1 147.805448151
744 [ 0.  0.  1.  0.] -1 135.603320312
745 [ 0.  0.  1.  0.] -1 133.952315521
746 [ 0.  0.  1.  0.] -1 130.844999695
747 [ 0.  0.  1.  0.] -1 118.583794022
748 [ 0.  0.  1.  0.] -1 118.45712204
749 [ 0.  0.  1.  0.] -1 117.761589432
750 [ 0.  0.  1.  0.] -1 113.423829651
751 [ 0.  0.  1.  0.] -1 104.774583817
752 [ 0.  0.  1.  0.] -1 62.7946105957
753 [ 0.  0.  1.  0.] -1 63.0719017029
754 [ 0.  0.  1.  0.] -1 63.475371933
755 [ 0.  0.  1.  0.] -1 57.5466745377
756 [ 0.  0.  1.  0.] 0 58.5466745377
757 [ 0.  0.  0.  1.] -2 93.8841526031
758 [ 0.  0.  0.  1.] -1 101.915871811
759 [ 0.  0.  0.  1.] -1 123.313710022
760 [ 0.  0.  0.  1.] -1 141.681893921
761 [ 0.  0.  0.  1.] -1 147.831729126
762 [ 0.  0.  0.  1.] -1 163.276578522
763 [ 0.  0.  0.  1.] -1 181.760584259
764 [ 0.  0.  0.  1.] -1 195.203977203
765 [ 0.  0.  0.  1.] -1 196.527941132
766 [ 0.  0.  0.  1.] -1 201.627450562
767 [ 0.  0.  0.  1.] -1 269.63449707
768 [ 0.  0.  0.  1.] 0 270.63449707
769 [ 0.  0.  1.  0.] -2 182.072748566
770 [ 0.  0.  1.  0.] -1 175.222057343
771 [ 0.  0.  1.  0.] -1 163.713468933
772 [ 0.  0.  1.  0.] -1 159.474983978
773 [ 0.  0.  1.  0.] -1 150.613613129
774 [ 0.  0.  1.  0.] -1 147.070827484
775 [ 0.  0.  1.  0.] -1 132.646007538
776 [ 0.  0.  1.  0.] -1 129.260429382
777 [ 0.  0.  1.  0.] -1 124.134334564
778 [ 0.  0.  1.  0.] -1 122.453772736
779 [ 0.  0.  1.  0.] -1 113.643876648
780 [ 0.  0.  1.  0.] 0 114.643876648
781 [ 0.  1.  0.  0.] -2 65.4959300995
782 [ 0.  1.  0.  0.] -1 64.8112876892
783 [ 0.  1.  0.  0.] -1 59.6758575439
784 [ 0.  1.  0.  0.] -1 60.3432247162
785 [ 0.  1.  0.  0.] -1 57.6544113159
786 [ 0.  1.  0.  0.] -1 56.4692234039
787 [ 0.  1.  0.  0.] -1 54.0492790222
788 [ 0.  1.  0.  0.] -1 45.0847267151
789 [ 0.  1.  0.  0.] -1 44.3722991943
790 [ 0.  1.  0.  0.] -1 44.2544769287
791 [ 0.  1.  0.  0.] -1 43.5247848511
792 [ 0.  1.  0.  0.] -1 42.2047746658
793 [ 0.  1.  0.  0.] -1 41.8467525482
794 [ 0.  1.  0.  0.] -1 41.7308509827
795 [ 0.  1.  0.  0.] -1 41.1525970459
796 [ 0.  1.  0.  0.] -1 39.4257862091
797 [ 0.  1.  0.  0.] -1 38.2610664368
798 [ 0.  1.  0.  0.] -1 38.5975658417
799 [ 0.  1.  0.  0.] -1 36.8974128723
800 [ 0.  1.  0.  0.] -1 38.1396709442
801 [ 0.  1.  0.  0.] -1 36.3372062683
802 [ 0.  1.  0.  0.] -1 35.8130508423
803 [ 0.  1.  0.  0.] -1 34.5716154099
804 [ 0.  1.  0.  0.] -1 27.5294120789
805 [ 0.  1.  0.  0.] -1 28.4229924202
806 [ 0.  1.  0.  0.] -1 28.6943293571
807 [ 0.  1.  0.  0.] -1 27.7493104935
808 [ 0.  1.  0.  0.] -1 30.7466064453
809 [ 0.  1.  0.  0.] -1 30.9411878586
810 [ 0.  1.  0.  0.] -1 31.5285270691
811 [ 0.  1.  0.  0.] -1 31.2148622513
812 [ 0.  1.  0.  0.] -1 35.6047780991
813 [ 0.  1.  0.  0.] -1 36.8376537323
814 [ 0.  1.  0.  0.] -1 35.7460546494
815 [ 0.  1.  0.  0.] -1 33.5129871368
816 [ 0.  1.  0.  0.] 0 34.5129871368
817 [ 0.  0.  1.  0.] -2 19.051909256
818 [ 0.  0.  1.  0.] -1 19.9584563255
819 [ 0.  0.  1.  0.] -1 19.7889835358
820 [ 0.  0.  1.  0.] -1 17.9550012589
821 [ 0.  0.  1.  0.] -1 18.0043777466
822 [ 0.  0.  1.  0.] -1 17.9465701103
823 [ 0.  0.  1.  0.] -1 18.1487147331
824 [ 0.  0.  1.  0.] -1 14.1487626076
825 [ 0.  0.  1.  0.] -1 14.2092048645
826 [ 0.  0.  1.  0.] -1 14.5559419632
827 [ 0.  0.  1.  0.] -1 14.8430884361
828 [ 0.  0.  1.  0.] 0 15.8430884361
829 [ 0.  1.  0.  0.] -2 22.6609137535
830 [ 0.  1.  0.  0.] -1 24.2040822983
831 [ 0.  1.  0.  0.] -1 24.6287490845
832 [ 0.  1.  0.  0.] -1 25.0175930023
833 [ 0.  1.  0.  0.] -1 24.9797642708
834 [ 0.  1.  0.  0.] -1 26.4547224045
835 [ 0.  1.  0.  0.] -1 25.6562457085
836 [ 0.  1.  0.  0.] -1 29.0139211655
837 [ 0.  1.  0.  0.] -1 27.1852715492
838 [ 0.  1.  0.  0.] -1 28.9752987862
839 [ 0.  1.  0.  0.] -1 28.1794277191
840 [ 0.  1.  0.  0.] -1 29.3834874153
841 [ 0.  1.  0.  0.] -1 28.3049490929
842 [ 0.  1.  0.  0.] -1 28.1567815781
843 [ 0.  1.  0.  0.] -1 26.0268918991
844 [ 0.  1.  0.  0.] -1 29.8793088913
845 [ 0.  1.  0.  0.] -1 27.8780155182
846 [ 0.  1.  0.  0.] -1 30.1208749771
847 [ 0.  1.  0.  0.] -1 29.0533172607
848 [ 0.  1.  0.  0.] -1 33.6047712326
849 [ 0.  1.  0.  0.] -1 32.8944021225
850 [ 0.  1.  0.  0.] -1 32.6019918442
851 [ 0.  1.  0.  0.] -1 30.9067529678
852 [ 0.  1.  0.  0.] 0 31.9067529678
853 [ 0.  0.  1.  0.] -2 18.199163723
854 [ 0.  0.  1.  0.] -1 19.6009361267
855 [ 0.  0.  1.  0.] -1 21.0517459869
856 [ 0.  0.  1.  0.] -1 38.3209632874
857 [ 0.  0.  1.  0.] -1 36.5882888794
858 [ 0.  0.  1.  0.] -1 36.3660421371
859 [ 0.  0.  1.  0.] -1 40.3462436676
860 [ 0.  0.  1.  0.] -1 42.7362251282
861 [ 0.  0.  1.  0.] -1 40.8542543411
862 [ 0.  0.  1.  0.] -1 42.862509346
863 [ 0.  0.  1.  0.] -1 43.3135259628
864 [ 0.  0.  1.  0.] -1 33.9247489929
865 [ 0.  0.  1.  0.] -1 34.5452764511
866 [ 0.  0.  1.  0.] -1 36.6740825653
867 [ 0.  0.  1.  0.] -1 42.7726169586
868 [ 0.  0.  1.  0.] -1 52.4843324661
869 [ 0.  0.  1.  0.] -1 55.5313709259
870 [ 0.  0.  1.  0.] -1 58.258656311
871 [ 0.  0.  1.  0.] -1 64.1467689514
872 [ 0.  0.  1.  0.] -1 81.2545024872
873 [ 0.  0.  1.  0.] -1 78.2459033966
874 [ 0.  0.  1.  0.] -1 83.0844150543
875 [ 0.  0.  1.  0.] -1 83.5135066986
876 [ 0.  0.  1.  0.] -1 102.447970963
877 [ 0.  0.  1.  0.] -1 99.2429965973
878 [ 0.  0.  1.  0.] -1 102.638221741
879 [ 0.  0.  1.  0.] -1 100.985934067
880 [ 0.  0.  1.  0.] -1 70.8340885162
881 [ 0.  0.  1.  0.] -1 71.5888801575
882 [ 0.  0.  1.  0.] -1 73.7723175049
883 [ 0.  0.  1.  0.] -1 72.1407516479
884 [ 0.  0.  1.  0.] -1 75.6890529633
885 [ 0.  0.  1.  0.] -1 79.2875823975
886 [ 0.  0.  1.  0.] -1 80.7958248138
887 [ 0.  0.  1.  0.] 9 95.4467311859
888 [ 0.  0.  1.  0.] 0 86.4467311859
889 [ 0.  0.  0.  1.] -2 106.816044998
890 [ 0.  0.  0.  1.] -1 114.982017517
891 [ 0.  0.  0.  1.] 9 119.527461243
892 [ 0.  0.  0.  1.] -1 119.05258255
893 [ 0.  0.  0.  1.] -1 126.66110611
894 [ 0.  0.  0.  1.] -1 132.80138855
895 [ 0.  0.  0.  1.] 9 147.021391296
896 [ 0.  0.  0.  1.] -1 143.659461212
897 [ 0.  0.  0.  1.] -1 153.334875488
898 [ 0.  0.  0.  1.] -1 153.166433716
899 [ 0.  0.  0.  1.] 9 136.793583679
900 [ 0.  0.  0.  1.] 0 127.793583679
901 [ 0.  0.  1.  0.] -2 97.548935318
902 [ 0.  0.  1.  0.] -1 101.842029953
903 [ 0.  0.  1.  0.] 9 112.66085701
904 [ 0.  0.  1.  0.] -1 120.434566116
905 [ 0.  0.  1.  0.] -1 117.360482025
906 [ 0.  0.  1.  0.] -1 119.835191727
907 [ 0.  0.  1.  0.] 9 137.833892822
908 [ 0.  0.  1.  0.] -1 122.38125
909 [ 0.  0.  1.  0.] -1 116.802855682
910 [ 0.  0.  1.  0.] -1 113.984029007
911 [ 0.  0.  1.  0.] 9 124.700551605
912 [ 0.  0.  1.  0.] -1 80.7270927429
913 [ 0.  0.  1.  0.] -1 80.1965736389
914 [ 0.  0.  1.  0.] -1 80.325246048
915 [ 0.  0.  1.  0.] 9 91.6513771057
916 [ 0.  0.  1.  0.] 0 82.6513771057
917 [ 0.  0.  0.  1.] -2 79.1655597687
918 [ 0.  0.  0.  1.] -1 80.8589179993
919 [ 0.  0.  0.  1.] 9 89.7798179626
920 [ 0.  0.  0.  1.] -1 78.8838222504
921 [ 0.  0.  0.  1.] -1 79.5849647522
922 [ 0.  0.  0.  1.] -1 81.0724056244
923 [ 0.  0.  0.  1.] 9 84.4982406616
924 [ 0.  0.  0.  1.] -1 74.1121509552
925 [ 0.  0.  0.  1.] -1 75.129447937
926 [ 0.  0.  0.  1.] -1 76.4133018494
927 [ 0.  0.  0.  1.] 9 85.1683185577
928 [ 0.  0.  0.  1.] 0 76.1683185577
929 [ 1.  0.  0.  0.] -2 144.818531036
930 [ 1.  0.  0.  0.] -1 148.72405014
931 [ 1.  0.  0.  0.] 9 186.089126587
932 [ 1.  0.  0.  0.] -1 178.658675385
933 [ 1.  0.  0.  0.] -1 180.616035461
934 [ 1.  0.  0.  0.] -1 183.644493866
935 [ 1.  0.  0.  0.] 9 195.434397888
936 [ 1.  0.  0.  0.] -1 185.96258316
937 [ 1.  0.  0.  0.] -1 185.964641571
938 [ 1.  0.  0.  0.] -1 187.791466522
939 [ 1.  0.  0.  0.] 9 148.466641998
940 [ 1.  0.  0.  0.] -1 138.56495285
941 [ 1.  0.  0.  0.] -1 140.527096558
942 [ 1.  0.  0.  0.] -1 143.036342621
943 [ 1.  0.  0.  0.] 9 135.155509186
944 [ 1.  0.  0.  0.] 0 126.155509186
945 [ 0.  0.  0.  1.] -2 90.309519577
946 [ 0.  0.  0.  1.] -1 88.1985363007
947 [ 0.  0.  0.  1.] 9 82.9019142151
948 [ 0.  0.  0.  1.] -1 71.30429039
949 [ 0.  0.  0.  1.] -1 69.5696662903
950 [ 0.  0.  0.  1.] -1 68.2649021149
951 [ 0.  0.  0.  1.] 9 76.1730495453
952 [ 0.  0.  0.  1.] -1 65.6540691376
953 [ 0.  0.  0.  1.] -1 66.3451370239
954 [ 0.  0.  0.  1.] -1 62.4809059143
955 [ 0.  0.  0.  1.] 9 56.293441391
956 [ 0.  0.  0.  1.] -1 46.187610817
957 [ 0.  0.  0.  1.] -1 46.0026618958
958 [ 0.  0.  0.  1.] -1 45.7151947021
959 [ 0.  0.  0.  1.] 9 52.821065712
960 [ 0.  0.  0.  1.] -1 42.3612319946
961 [ 0.  0.  0.  1.] -1 43.8353076935
962 [ 0.  0.  0.  1.] -1 43.5864067078
963 [ 0.  0.  0.  1.] 9 45.8662034988
964 [ 0.  0.  0.  1.] -1 36.444805336
965 [ 0.  0.  0.  1.] -1 37.0005907059
966 [ 0.  0.  0.  1.] -1 35.3201303482
967 [ 0.  0.  0.  1.] 9 40.4562400818
968 [ 0.  0.  0.  1.] 0 31.4562400818
969 [ 0.  0.  1.  0.] -2 40.9326658249
970 [ 0.  0.  1.  0.] -1 42.2051950455
971 [ 0.  0.  1.  0.] 9 54.32664814
972 [ 0.  0.  1.  0.] -1 53.0730306625
973 [ 0.  0.  1.  0.] -1 52.2507209778
974 [ 0.  0.  1.  0.] -1 53.9633947372
975 [ 0.  0.  1.  0.] 9 65.1892290115
976 [ 0.  0.  1.  0.] -1 53.7593584061
977 [ 0.  0.  1.  0.] -1 54.3097549438
978 [ 0.  0.  1.  0.] -1 55.1745845795
979 [ 0.  0.  1.  0.] 9 66.8942779541
980 [ 0.  0.  1.  0.] -1 52.1393529892
981 [ 0.  0.  1.  0.] -1 53.2168222427
982 [ 0.  0.  1.  0.] -1 53.5476610184
983 [ 0.  0.  1.  0.] 9 64.491721344
984 [ 0.  0.  1.  0.] -1 56.4248443604
985 [ 0.  0.  1.  0.] -1 56.3057826996
986 [ 0.  0.  1.  0.] -1 56.4529735565
987 [ 0.  0.  1.  0.] 9 66.0191743851
988 [ 0.  0.  1.  0.] -1 59.5259342194
989 [ 0.  0.  1.  0.] -1 58.8396680832
990 [ 0.  0.  1.  0.] -1 61.4811271667
991 [ 0.  0.  1.  0.] 9 72.4117897034
992 [ 0.  0.  1.  0.] -1 74.2296543121
993 [ 0.  0.  1.  0.] -1 73.1178661346
994 [ 0.  0.  1.  0.] -1 76.1241024017
995 [ 0.  0.  1.  0.] 9 87.564786911
996 [ 0.  0.  1.  0.] 0 78.564786911
997 [ 0.  0.  0.  1.] -2 67.7705101013
998 [ 0.  0.  0.  1.] -1 72.3639297485
999 [ 0.  0.  0.  1.] 9 82.0309310913
1000 [ 0.  0.  0.  1.] -1 74.8129020691
1001 [ 0.  0.  0.  1.] -1 74.3400909424
1002 [ 0.  0.  0.  1.] -1 77.576738739
1003 [ 0.  0.  0.  1.] 9 86.9021598816
1004 [ 0.  0.  0.  1.] -1 79.9866374969
1005 [ 0.  0.  0.  1.] -1 83.6042144775
1006 [ 0.  0.  0.  1.] -1 90.3214244843
1007 [ 0.  0.  0.  1.] 9 119.338391876
1008 [ 0.  0.  0.  1.] -1 113.393337631
1009 [ 0.  0.  0.  1.] -1 117.089047241
1010 [ 0.  0.  0.  1.] -1 126.463948059
1011 [ 0.  0.  0.  1.] 9 158.439815521
1012 [ 0.  0.  0.  1.] -1 162.402812195
1013 [ 0.  0.  0.  1.] -1 171.800384521
1014 [ 0.  0.  0.  1.] -1 186.209766388
1015 [ 0.  0.  0.  1.] 9 210.126985168
1016 [ 0.  0.  0.  1.] 0 201.126985168
1017 [ 1.  0.  0.  0.] -2 193.527760315
1018 [ 1.  0.  0.  0.] -1 192.589389801
1019 [ 1.  0.  0.  0.] 49 492.741352844
1020 [ 1.  0.  0.  0.] -1 471.294552612
1021 [ 1.  0.  0.  0.] -1 437.051586914
1022 [ 1.  0.  0.  0.] -1 397.129350281
1023 [ 1.  0.  0.  0.] 9 353.340325928
1024 [ 1.  0.  0.  0.] -1 356.641427612
1025 [ 1.  0.  0.  0.] -1 336.382347107
1026 [ 1.  0.  0.  0.] -1 330.062765503
1027 [ 1.  0.  0.  0.] 9 240.544467163
1028 [ 1.  0.  0.  0.] 0 231.544467163
1029 [ 0.  1.  0.  0.] -2 261.016667175
1030 [ 0.  1.  0.  0.] -1 261.629946899
1031 [ 0.  1.  0.  0.] 9 272.961709595
1032 [ 0.  1.  0.  0.] -1 294.196989441
1033 [ 0.  1.  0.  0.] -1 286.62290802
1034 [ 0.  1.  0.  0.] -1 281.151275635
1035 [ 0.  1.  0.  0.] 9 305.513096619
1036 [ 0.  1.  0.  0.] 0 296.513096619
1037 [ 1.  0.  0.  0.] -2 207.93190918
1038 [ 1.  0.  0.  0.] -1 197.977453613
1039 [ 1.  0.  0.  0.] 9 202.042461395
1040 [ 1.  0.  0.  0.] -1 194.626216125
1041 [ 1.  0.  0.  0.] -1 187.22053299
1042 [ 1.  0.  0.  0.] -1 200.554177856
1043 [ 1.  0.  0.  0.] 9 306.588804626
1044 [ 1.  0.  0.  0.] -1 319.307975769
1045 [ 1.  0.  0.  0.] -1 307.636845398
1046 [ 1.  0.  0.  0.] -1 312.109075928
1047 [ 1.  0.  0.  0.] 9 268.457095337
1048 [ 1.  0.  0.  0.] -1 260.593899536
1049 [ 1.  0.  0.  0.] -1 272.547640991
1050 [ 1.  0.  0.  0.] -1 283.667349243
1051 [ 1.  0.  0.  0.] 9 271.407058716
1052 [ 1.  0.  0.  0.] -1 259.377784729
1053 [ 1.  0.  0.  0.] -1 260.014587402
1054 [ 1.  0.  0.  0.] -1 262.144868469
1055 [ 1.  0.  0.  0.] 9 245.77862854
1056 [ 1.  0.  0.  0.] -1 247.511859131
1057 [ 1.  0.  0.  0.] -1 236.657526398
1058 [ 1.  0.  0.  0.] -1 243.465284729
1059 [ 1.  0.  0.  0.] 9 301.83425293
1060 [ 1.  0.  0.  0.] -1 307.427786255
1061 [ 1.  0.  0.  0.] -1 290.815658569
1062 [ 1.  0.  0.  0.] -1 285.855903625
1063 [ 1.  0.  0.  0.] 9 255.653201294
1064 [ 1.  0.  0.  0.] 0 246.653201294
1065 [ 0.  1.  0.  0.] -2 96.3508098602
1066 [ 0.  1.  0.  0.] -1 92.7161968231
1067 [ 0.  1.  0.  0.] -1 89.7127944946
1068 [ 0.  1.  0.  0.] -1 114.838298416
1069 [ 0.  1.  0.  0.] -1 121.33219986
1070 [ 0.  1.  0.  0.] -1 133.532254791
1071 [ 0.  1.  0.  0.] -1 133.848945618
1072 [ 0.  1.  0.  0.] -1 145.831403351
1073 [ 0.  1.  0.  0.] -1 159.025670624
1074 [ 0.  1.  0.  0.] -1 192.407611847
1075 [ 0.  1.  0.  0.] -1 205.075056458
1076 [ 0.  1.  0.  0.] -1 182.485739136
1077 [ 0.  1.  0.  0.] -1 203.708663177
1078 [ 0.  1.  0.  0.] -1 217.917176056
1079 [ 0.  1.  0.  0.] -1 226.984358978
1080 [ 0.  1.  0.  0.] -1 322.615986633
1081 [ 0.  1.  0.  0.] -1 363.186593628
1082 [ 0.  1.  0.  0.] -1 465.025387573
1083 [ 0.  1.  0.  0.] -1 475.29294281
1084 [ 0.  1.  0.  0.] -1 567.86010437
1085 [ 0.  1.  0.  0.] -1 517.303335571
1086 [ 0.  1.  0.  0.] -1 563.063833618
1087 [ 0.  1.  0.  0.] -1 524.399923706
1088 [ 0.  1.  0.  0.] 0 525.399923706
1089 [ 0.  0.  1.  0.] -2 145.894891357
1090 [ 0.  0.  1.  0.] -1 143.116417694
1091 [ 0.  0.  1.  0.] -1 174.124953461
1092 [ 0.  0.  1.  0.] -1 90.9290325165
1093 [ 0.  0.  1.  0.] -1 88.8132328033
1094 [ 0.  0.  1.  0.] -1 87.4691123962
1095 [ 0.  0.  1.  0.] -1 100.143587494
1096 [ 0.  0.  1.  0.] -1 107.720111465
1097 [ 0.  0.  1.  0.] -1 104.254784393
1098 [ 0.  0.  1.  0.] -1 101.4962677
1099 [ 0.  0.  1.  0.] -1 122.928482819
1100 [ 0.  0.  1.  0.] 0 123.928482819
1101 [ 0.  0.  0.  1.] -2 106.09431839
1102 [ 0.  0.  0.  1.] -1 102.057445526
1103 [ 0.  0.  0.  1.] -1 88.5107551575
1104 [ 0.  0.  0.  1.] -1 87.2833263397
1105 [ 0.  0.  0.  1.] -1 87.7575363159
1106 [ 0.  0.  0.  1.] -1 87.3846305847
1107 [ 0.  0.  0.  1.] -1 86.3025081635
1108 [ 0.  0.  0.  1.] -1 87.6858760834
1109 [ 0.  0.  0.  1.] -1 94.0003406525
1110 [ 0.  0.  0.  1.] -1 87.1173126221
1111 [ 0.  0.  0.  1.] -1 79.8992637634
1112 [ 0.  0.  0.  1.] 0 80.8992637634
1113 [ 0.  0.  1.  0.] -2 91.269449234
1114 [ 0.  0.  1.  0.] -1 92.4790374756
1115 [ 0.  0.  1.  0.] -1 96.1841259003
1116 [ 0.  0.  1.  0.] -1 111.509877396
1117 [ 0.  0.  1.  0.] -1 107.751480484
1118 [ 0.  0.  1.  0.] -1 109.541877365
1119 [ 0.  0.  1.  0.] -1 119.386697388
1120 [ 0.  0.  1.  0.] -1 128.997503662
1121 [ 0.  0.  1.  0.] -1 127.423413849
1122 [ 0.  0.  1.  0.] -1 130.88808136
1123 [ 0.  0.  1.  0.] -1 144.158654785
1124 [ 0.  0.  1.  0.] -1 111.189033508
1125 [ 0.  0.  1.  0.] -1 113.264049149
1126 [ 0.  0.  1.  0.] -1 113.557097244
1127 [ 0.  0.  1.  0.] -1 119.339136505
1128 [ 0.  0.  1.  0.] -1 124.735216522
1129 [ 0.  0.  1.  0.] -1 122.00383606
1130 [ 0.  0.  1.  0.] -1 123.390146637
1131 [ 0.  0.  1.  0.] -1 129.049993134
1132 [ 0.  0.  1.  0.] -1 156.867137146
1133 [ 0.  0.  1.  0.] -1 152.191442871
1134 [ 0.  0.  1.  0.] -1 152.472546387
1135 [ 0.  0.  1.  0.] -1 152.721498108
1136 [ 0.  0.  1.  0.] -1 234.96470108
1137 [ 0.  0.  1.  0.] -1 224.834320068
1138 [ 0.  0.  1.  0.] -1 244.59427948
1139 [ 0.  0.  1.  0.] -1 265.915963745
1140 [ 0.  0.  1.  0.] 0 266.915963745
1141 [ 0.  0.  0.  1.] -2 222.338681793
1142 [ 0.  0.  0.  1.] -1 245.299705505
1143 [ 0.  0.  0.  1.] -1 258.391835022
1144 [ 0.  0.  0.  1.] -1 278.11590271
1145 [ 0.  0.  0.  1.] -1 271.693806458
1146 [ 0.  0.  0.  1.] -1 282.783537292
1147 [ 0.  0.  0.  1.] -1 269.589994812
1148 [ 0.  0.  0.  1.] -1 270.432493591
1149 [ 0.  0.  0.  1.] -1 284.157019043
1150 [ 0.  0.  0.  1.] -1 295.171226501
1151 [ 0.  0.  0.  1.] -1 315.989933777
1152 [ 0.  0.  0.  1.] -1 323.171728516
1153 [ 0.  0.  0.  1.] -1 327.606414795
1154 [ 0.  0.  0.  1.] -1 335.494186401
1155 [ 0.  0.  0.  1.] -1 354.737252808
1156 [ 0.  0.  0.  1.] -1 364.712716675
1157 [ 0.  0.  0.  1.] -1 398.835018921
1158 [ 0.  0.  0.  1.] -1 407.650379944
1159 [ 0.  0.  0.  1.] -1 365.477024841
1160 [ 0.  0.  0.  1.] 0 366.477024841
1161 [ 1.  0.  0.  0.] -2 352.828855896
1162 [ 1.  0.  0.  0.] -1 353.62571106
1163 [ 1.  0.  0.  0.] -1 361.459934998
1164 [ 1.  0.  0.  0.] -1 379.088627625
1165 [ 1.  0.  0.  0.] -1 367.629745483
1166 [ 1.  0.  0.  0.] -1 361.310105896
1167 [ 1.  0.  0.  0.] -1 332.018806458
1168 [ 1.  0.  0.  0.] -1 338.882272339
1169 [ 1.  0.  0.  0.] -1 325.3029953
1170 [ 1.  0.  0.  0.] -1 323.802993774
1171 [ 1.  0.  0.  0.] -1 234.189347076
1172 [ 1.  0.  0.  0.] 0 235.189347076
1173 [ 0.  1.  0.  0.] -2 280.941531372
1174 [ 0.  1.  0.  0.] -1 279.623355103
1175 [ 0.  1.  0.  0.] -1 266.495536804
1176 [ 0.  1.  0.  0.] -1 327.620852661
1177 [ 0.  1.  0.  0.] -1 288.699351501
1178 [ 0.  1.  0.  0.] -1 293.085041809
1179 [ 0.  1.  0.  0.] -1 251.429710388
1180 [ 0.  1.  0.  0.] 0 252.429710388
1181 [ 1.  0.  0.  0.] -2 168.525492859
1182 [ 1.  0.  0.  0.] -1 170.521647644
1183 [ 1.  0.  0.  0.] -1 158.958511353
1184 [ 1.  0.  0.  0.] -1 160.153636169
1185 [ 1.  0.  0.  0.] -1 154.86381073
1186 [ 1.  0.  0.  0.] -1 164.098986053
1187 [ 1.  0.  0.  0.] -1 193.256459808
1188 [ 1.  0.  0.  0.] -1 200.706079865
1189 [ 1.  0.  0.  0.] -1 194.679212952
1190 [ 1.  0.  0.  0.] -1 209.644728088
1191 [ 1.  0.  0.  0.] -1 177.285860443
1192 [ 1.  0.  0.  0.] -1 178.184023285
1193 [ 1.  0.  0.  0.] -1 181.00442276
1194 [ 1.  0.  0.  0.] -1 197.258517456
1195 [ 1.  0.  0.  0.] -1 191.625821686
1196 [ 1.  0.  0.  0.] 0 192.625821686
1197 [ 0.  0.  0.  1.] -2 114.094976425
1198 [ 0.  0.  0.  1.] -1 121.602532959
1199 [ 0.  0.  0.  1.] -1 135.041113281
1200 [ 0.  0.  0.  1.] -1 143.329535675
1201 [ 0.  0.  0.  1.] -1 151.155395508
1202 [ 0.  0.  0.  1.] -1 158.367602539
1203 [ 0.  0.  0.  1.] -1 186.284420013
1204 [ 0.  0.  0.  1.] -1 195.293996429
1205 [ 0.  0.  0.  1.] -1 199.306099701
1206 [ 0.  0.  0.  1.] -1 206.931235504
1207 [ 0.  0.  0.  1.] -1 218.146224976
1208 [ 0.  0.  0.  1.] -1 204.790459442
1209 [ 0.  0.  0.  1.] -1 194.330573273
1210 [ 0.  0.  0.  1.] -1 189.235688019
1211 [ 0.  0.  0.  1.] -1 179.753967285
1212 [ 0.  0.  0.  1.] -1 155.903003693
1213 [ 0.  0.  0.  1.] -1 146.045738983
1214 [ 0.  0.  0.  1.] -1 148.028539276
1215 [ 0.  0.  0.  1.] -1 142.326234436
1216 [ 0.  0.  0.  1.] -1 130.498737335
1217 [ 0.  0.  0.  1.] -1 133.562783051
1218 [ 0.  0.  0.  1.] -1 54.4741451263
1219 [ 0.  0.  0.  1.] -1 54.4423339844
1220 [ 0.  0.  0.  1.] 9 62.3919902802
1221 [ 0.  0.  0.  1.] 0 53.3919902802
1222 [ 0.  0.  1.  0.] -2 80.8026412964
1223 [ 0.  0.  1.  0.] -1 81.8715328217
1224 [ 0.  0.  1.  0.] 9 95.2144496918
1225 [ 0.  0.  1.  0.] -1 93.8590713501
1226 [ 0.  0.  1.  0.] -1 92.9215812683
1227 [ 0.  0.  1.  0.] -1 94.6547050476
1228 [ 0.  0.  1.  0.] 9 105.192696762
1229 [ 0.  0.  1.  0.] -1 98.0442333221
1230 [ 0.  0.  1.  0.] -1 98.1248882294
1231 [ 0.  0.  1.  0.] -1 99.7012466431
1232 [ 0.  0.  1.  0.] 9 112.103585815
1233 [ 0.  0.  1.  0.] -1 100.624037933
1234 [ 0.  0.  1.  0.] -1 101.906710434
1235 [ 0.  0.  1.  0.] -1 102.824594879
1236 [ 0.  0.  1.  0.] 9 114.342679977
1237 [ 0.  0.  1.  0.] 0 105.342679977
1238 [ 0.  0.  0.  1.] -2 97.1638748169
1239 [ 0.  0.  0.  1.] -1 98.5713821411
1240 [ 0.  0.  0.  1.] 9 104.179190445
1241 [ 0.  0.  0.  1.] -1 94.1494232178
1242 [ 0.  0.  0.  1.] -1 93.8327831268
1243 [ 0.  0.  0.  1.] -1 93.8515117645
1244 [ 0.  0.  0.  1.] 9 101.942973709
1245 [ 0.  0.  0.  1.] -1 93.4717205048
1246 [ 0.  0.  0.  1.] -1 93.8873889923
1247 [ 0.  0.  0.  1.] -1 92.7751804352
1248 [ 0.  0.  0.  1.] 9 94.563136673
1249 [ 0.  0.  0.  1.] 0 85.563136673
1250 [ 0.  0.  1.  0.] -2 96.7596000671
1251 [ 0.  0.  1.  0.] -1 97.7641155243
1252 [ 0.  0.  1.  0.] 9 109.506400681
1253 [ 0.  0.  1.  0.] -1 104.619717407
1254 [ 0.  0.  1.  0.] -1 103.770130157
1255 [ 0.  0.  1.  0.] -1 104.213848114
1256 [ 0.  0.  1.  0.] 9 115.067791367
1257 [ 0.  0.  1.  0.] -1 102.668836975
1258 [ 0.  0.  1.  0.] -1 102.762936783
1259 [ 0.  0.  1.  0.] -1 104.197946167
1260 [ 0.  0.  1.  0.] 9 117.925263977
1261 [ 0.  0.  1.  0.] 0 108.925263977
1262 [ 0.  1.  0.  0.] -2 147.699914551
1263 [ 0.  1.  0.  0.] -1 146.711243439
1264 [ 0.  1.  0.  0.] 9 159.663250732
1265 [ 0.  1.  0.  0.] -1 155.280261993
1266 [ 0.  1.  0.  0.] -1 157.654000854
1267 [ 0.  1.  0.  0.] -1 158.791504669
1268 [ 0.  1.  0.  0.] 9 174.732382202
1269 [ 0.  1.  0.  0.] -1 187.803092194
1270 [ 0.  1.  0.  0.] -1 191.469904327
1271 [ 0.  1.  0.  0.] -1 192.99101181
1272 [ 0.  1.  0.  0.] 9 204.244351959
1273 [ 0.  1.  0.  0.] -1 201.464096832
1274 [ 0.  1.  0.  0.] -1 204.481538391
1275 [ 0.  1.  0.  0.] -1 206.031289673
1276 [ 0.  1.  0.  0.] 9 215.688970184
1277 [ 0.  1.  0.  0.] -1 225.545863342
1278 [ 0.  1.  0.  0.] -1 229.17588501
1279 [ 0.  1.  0.  0.] -1 233.534859467
1280 [ 0.  1.  0.  0.] 9 243.648825836
1281 [ 0.  1.  0.  0.] 0 234.648825836
1282 [ 1.  0.  0.  0.] -2 208.972943115
1283 [ 1.  0.  0.  0.] -1 210.936438751
1284 [ 1.  0.  0.  0.] 49 642.153814697
1285 [ 1.  0.  0.  0.] -1 599.732244873
1286 [ 1.  0.  0.  0.] -1 578.80267334
1287 [ 1.  0.  0.  0.] -1 551.006881714
1288 [ 1.  0.  0.  0.] 9 473.227090454
1289 [ 1.  0.  0.  0.] -1 459.4904953
1290 [ 1.  0.  0.  0.] -1 443.75867157
1291 [ 1.  0.  0.  0.] -1 443.667869568
1292 [ 1.  0.  0.  0.] 9 435.368424988
1293 [ 1.  0.  0.  0.] 0 426.368424988
1294 [ 0.  0.  0.  1.] -2 271.418540955
1295 [ 0.  0.  0.  1.] -1 263.153460693
1296 [ 0.  0.  0.  1.] 9 269.173712158
1297 [ 0.  0.  0.  1.] -1 260.358110046
1298 [ 0.  0.  0.  1.] -1 261.041444397
1299 [ 0.  0.  0.  1.] -1 262.642308044
1300 [ 0.  0.  0.  1.] -1 223.555873108
1301 [ 0.  0.  0.  1.] -1 227.488988495
1302 [ 0.  0.  0.  1.] -1 230.104155731
1303 [ 0.  0.  0.  1.] -1 232.071083069
1304 [ 0.  0.  0.  1.] -1 222.161067963
1305 [ 0.  0.  0.  1.] -1 219.717401123
1306 [ 0.  0.  0.  1.] -1 218.835488129
1307 [ 0.  0.  0.  1.] -1 220.371555328
1308 [ 0.  0.  0.  1.] -1 212.537838745
1309 [ 0.  0.  0.  1.] -1 216.866212463
1310 [ 0.  0.  0.  1.] -1 221.018548584
1311 [ 0.  0.  0.  1.] -1 217.587250519
1312 [ 0.  0.  0.  1.] -1 190.226421356
1313 [ 0.  0.  0.  1.] 0 191.226421356
1314 [ 1.  0.  0.  0.] -2 374.088179016
1315 [ 1.  0.  0.  0.] -1 372.155204773
1316 [ 1.  0.  0.  0.] 9 415.162892151
1317 [ 1.  0.  0.  0.] -1 425.368135071
1318 [ 1.  0.  0.  0.] -1 419.091055298
1319 [ 1.  0.  0.  0.] -1 430.067457581
1320 [ 1.  0.  0.  0.] 9 452.410064697
1321 [ 1.  0.  0.  0.] -1 463.843685913
1322 [ 1.  0.  0.  0.] -1 462.386592102
1323 [ 1.  0.  0.  0.] -1 460.356738281
1324 [ 1.  0.  0.  0.] 9 313.332331848
1325 [ 1.  0.  0.  0.] -1 306.113592529
1326 [ 1.  0.  0.  0.] -1 311.771670532
1327 [ 1.  0.  0.  0.] -1 314.50135498
1328 [ 1.  0.  0.  0.] 9 266.96474762
1329 [ 1.  0.  0.  0.] 0 257.96474762
1330 [ 0.  0.  0.  1.] -2 182.981493378
1331 [ 0.  0.  0.  1.] -1 190.84174118
1332 [ 0.  0.  0.  1.] 9 179.458623505
1333 [ 0.  0.  0.  1.] -1 176.888297272
1334 [ 0.  0.  0.  1.] -1 186.724571991
1335 [ 0.  0.  0.  1.] -1 189.040124512
1336 [ 0.  0.  0.  1.] 9 238.128574371
1337 [ 0.  0.  0.  1.] -1 240.015359497
1338 [ 0.  0.  0.  1.] -1 248.432548523
1339 [ 0.  0.  0.  1.] -1 254.478100586
1340 [ 0.  0.  0.  1.] -1 274.57882843
1341 [ 0.  0.  0.  1.] -1 281.255297852
1342 [ 0.  0.  0.  1.] -1 290.245043945
1343 [ 0.  0.  0.  1.] -1 294.946308899
1344 [ 0.  0.  0.  1.] -1 297.165710449
1345 [ 0.  0.  0.  1.] -1 308.415968323
1346 [ 0.  0.  0.  1.] -1 313.293560791
1347 [ 0.  0.  0.  1.] -1 325.032966614
1348 [ 0.  0.  0.  1.] -1 359.405757141
1349 [ 0.  0.  0.  1.] -1 367.839906311
1350 [ 0.  0.  0.  1.] -1 388.675950623
1351 [ 0.  0.  0.  1.] -1 386.150570679
1352 [ 0.  0.  0.  1.] -1 414.173802185
1353 [ 0.  0.  0.  1.] 0 415.173802185
1354 [ 0.  0.  1.  0.] -2 274.146688843
1355 [ 0.  0.  1.  0.] -1 276.738449097
1356 [ 0.  0.  1.  0.] -1 277.969291687
1357 [ 0.  0.  1.  0.] -1 271.773301697
1358 [ 0.  0.  1.  0.] -1 266.403140259
1359 [ 0.  0.  1.  0.] -1 264.065945435
1360 [ 0.  0.  1.  0.] -1 273.272839355
1361 [ 0.  0.  1.  0.] -1 263.293461609
1362 [ 0.  0.  1.  0.] -1 255.457672119
1363 [ 0.  0.  1.  0.] -1 252.858450317
1364 [ 0.  0.  1.  0.] -1 260.562472534
1365 [ 0.  0.  1.  0.] -1 191.854696655
1366 [ 0.  0.  1.  0.] -1 188.790810394
1367 [ 0.  0.  1.  0.] -1 189.02857132
1368 [ 0.  0.  1.  0.] -1 197.360075378
1369 [ 0.  0.  1.  0.] 0 198.360075378
1370 [ 0.  1.  0.  0.] -2 239.363158417
1371 [ 0.  1.  0.  0.] -1 237.257089233
1372 [ 0.  1.  0.  0.] 9 253.1203125
1373 [ 0.  1.  0.  0.] -1 259.305914307
1374 [ 0.  1.  0.  0.] -1 261.373573303
1375 [ 0.  1.  0.  0.] -1 266.376351929
1376 [ 0.  1.  0.  0.] 9 278.544786072
1377 [ 0.  1.  0.  0.] -1 272.98184967
1378 [ 0.  1.  0.  0.] -1 272.906790161
1379 [ 0.  1.  0.  0.] -1 270.572871399
1380 [ 0.  1.  0.  0.] 9 272.202330017
1381 [ 0.  1.  0.  0.] 0 263.202330017
1382 [ 0.  0.  1.  0.] -2 202.662508392
1383 [ 0.  0.  1.  0.] -1 202.78771286
1384 [ 0.  0.  1.  0.] 9 211.903364563
1385 [ 0.  0.  1.  0.] -1 204.170515442
1386 [ 0.  0.  1.  0.] -1 203.260929871
1387 [ 0.  0.  1.  0.] -1 207.268379974
1388 [ 0.  0.  1.  0.] 9 219.757752228
1389 [ 0.  0.  1.  0.] -1 253.511517334
1390 [ 0.  0.  1.  0.] -1 248.818196106
1391 [ 0.  0.  1.  0.] -1 257.726678467
1392 [ 0.  0.  1.  0.] 9 278.742712402
1393 [ 0.  0.  1.  0.] 0 269.742712402
1394 [ 0.  0.  0.  1.] -2 246.949256897
1395 [ 0.  0.  0.  1.] -1 258.716889954
1396 [ 0.  0.  0.  1.] 9 249.192125702
1397 [ 0.  0.  0.  1.] -1 241.739220428
1398 [ 0.  0.  0.  1.] -1 243.466038513
1399 [ 0.  0.  0.  1.] -1 248.997451782
1400 [ 0.  0.  0.  1.] 9 249.404257965
1401 [ 0.  0.  0.  1.] -1 238.634194946
1402 [ 0.  0.  0.  1.] -1 246.369412231
1403 [ 0.  0.  0.  1.] -1 252.147052002
1404 [ 0.  0.  0.  1.] 9 251.568372345
1405 [ 0.  0.  0.  1.] -1 240.502202606
1406 [ 0.  0.  0.  1.] -1 243.583338928
1407 [ 0.  0.  0.  1.] -1 247.637364197
1408 [ 0.  0.  0.  1.] 9 244.426006317
1409 [ 0.  0.  0.  1.] -1 233.823616791
1410 [ 0.  0.  0.  1.] -1 238.965700531
1411 [ 0.  0.  0.  1.] -1 243.574612427
1412 [ 0.  0.  0.  1.] 9 225.920024872
1413 [ 0.  0.  0.  1.] -1 212.725965881
1414 [ 0.  0.  0.  1.] -1 218.055002594
1415 [ 0.  0.  0.  1.] -1 218.179391479
1416 [ 0.  0.  0.  1.] 9 201.805497742
1417 [ 0.  0.  0.  1.] -1 193.905888367
1418 [ 0.  0.  0.  1.] -1 197.908061981
1419 [ 0.  0.  0.  1.] -1 205.762203217
1420 [ 0.  0.  0.  1.] 9 196.486115265
1421 [ 0.  0.  0.  1.] -1 184.196075439
1422 [ 0.  0.  0.  1.] -1 185.261824799
1423 [ 0.  0.  0.  1.] -1 188.764674377
1424 [ 0.  0.  0.  1.] 9 209.776040649
1425 [ 0.  0.  0.  1.] -1 196.52057724
1426 [ 0.  0.  0.  1.] -1 208.981963348
1427 [ 0.  0.  0.  1.] -1 208.652501678
1428 [ 0.  0.  0.  1.] 9 215.673488617
1429 [ 0.  0.  0.  1.] 0 206.673488617
1430 [ 1.  0.  0.  0.] -2 295.49127655
1431 [ 1.  0.  0.  0.] -1 305.915144348
1432 [ 1.  0.  0.  0.] 9 329.326153564
1433 [ 1.  0.  0.  0.] -1 338.929093933
1434 [ 1.  0.  0.  0.] -1 342.051760864
1435 [ 1.  0.  0.  0.] -1 304.639770508
1436 [ 1.  0.  0.  0.] 9 219.248339081
1437 [ 1.  0.  0.  0.] -1 219.641558838
1438 [ 1.  0.  0.  0.] -1 211.032720184
1439 [ 1.  0.  0.  0.] -1 208.727822113
1440 [ 1.  0.  0.  0.] 9 206.090746307
1441 [ 1.  0.  0.  0.] 0 197.090746307
1442 [ 0.  0.  0.  1.] -2 118.427053833
1443 [ 0.  0.  0.  1.] -1 119.722421265
1444 [ 0.  0.  0.  1.] 9 119.78236351
1445 [ 0.  0.  0.  1.] -1 111.833721924
1446 [ 0.  0.  0.  1.] -1 114.378519058
1447 [ 0.  0.  0.  1.] -1 115.027295303
1448 [ 0.  0.  0.  1.] 9 131.58890686
1449 [ 0.  0.  0.  1.] -1 127.90832901
1450 [ 0.  0.  0.  1.] -1 132.349770355
1451 [ 0.  0.  0.  1.] -1 131.200524902
1452 [ 0.  0.  0.  1.] -1 108.981250381
1453 [ 0.  0.  0.  1.] 0 109.981250381
1454 [ 0.  0.  1.  0.] -2 112.915507126
1455 [ 0.  0.  1.  0.] -1 114.021645737
1456 [ 0.  0.  1.  0.] -1 117.603244019
1457 [ 0.  0.  1.  0.] -1 134.252886963
1458 [ 0.  0.  1.  0.] -1 128.474667358
1459 [ 0.  0.  1.  0.] -1 130.655031586
1460 [ 0.  0.  1.  0.] -1 131.097415924
1461 [ 0.  0.  1.  0.] -1 180.943699646
1462 [ 0.  0.  1.  0.] -1 176.597133636
1463 [ 0.  0.  1.  0.] -1 193.239006805
1464 [ 0.  0.  1.  0.] -1 214.148052216
1465 [ 0.  0.  1.  0.] 0 215.148052216
1466 [ 0.  0.  0.  1.] -2 187.229197693
1467 [ 0.  0.  0.  1.] -1 198.470558929
1468 [ 0.  0.  0.  1.] -1 218.245565033
1469 [ 0.  0.  0.  1.] -1 239.072158051
1470 [ 0.  0.  0.  1.] -1 237.780287933
1471 [ 0.  0.  0.  1.] -1 246.411943054
1472 [ 0.  0.  0.  1.] -1 232.659223175
1473 [ 0.  0.  0.  1.] -1 229.692502594
1474 [ 0.  0.  0.  1.] -1 243.650715637
1475 [ 0.  0.  0.  1.] -1 256.119030762
1476 [ 0.  0.  0.  1.] -1 280.481335449
1477 [ 0.  0.  0.  1.] -1 286.096650696
1478 [ 0.  0.  0.  1.] -1 291.785083008
1479 [ 0.  0.  0.  1.] -1 301.336949158
1480 [ 0.  0.  0.  1.] -1 318.318054199
1481 [ 0.  0.  0.  1.] -1 327.672892761
1482 [ 0.  0.  0.  1.] -1 344.284034729
1483 [ 0.  0.  0.  1.] -1 126.45364151
1484 [ 0.  0.  0.  1.] -1 135.788417816
1485 [ 0.  0.  0.  1.] 0 136.788417816
1486 [ 1.  0.  0.  0.] -2 123.866737366
1487 [ 1.  0.  0.  0.] -1 126.910347748
1488 [ 1.  0.  0.  0.] -1 124.300761414
1489 [ 1.  0.  0.  0.] -1 130.480979919
1490 [ 1.  0.  0.  0.] -1 127.34119339
1491 [ 1.  0.  0.  0.] -1 126.860105133
1492 [ 1.  0.  0.  0.] -1 116.355332565
1493 [ 1.  0.  0.  0.] -1 120.121665955
1494 [ 1.  0.  0.  0.] -1 117.276232147
1495 [ 1.  0.  0.  0.] -1 118.028342056
1496 [ 1.  0.  0.  0.] -1 84.8745510101
1497 [ 1.  0.  0.  0.] 0 85.8745510101
1498 [ 0.  1.  0.  0.] -2 77.8378704071
1499 [ 0.  1.  0.  0.] -1 76.8569545746
1500 [ 0.  1.  0.  0.] -1 71.0387771606
1501 [ 0.  1.  0.  0.] -1 78.6062049866
1502 [ 0.  1.  0.  0.] -1 72.7755828857
1503 [ 0.  1.  0.  0.] -1 71.3242946625
1504 [ 0.  1.  0.  0.] -1 65.6895259857
1505 [ 0.  1.  0.  0.] -1 64.4611476898
1506 [ 0.  1.  0.  0.] -1 64.5720119476
1507 [ 0.  1.  0.  0.] -1 63.6662387848
1508 [ 0.  1.  0.  0.] 9 76.7188545227
1509 [ 0.  1.  0.  0.] -1 73.8028385162
1510 [ 0.  1.  0.  0.] -1 73.6701725006
1511 [ 0.  1.  0.  0.] -1 74.1772663116
1512 [ 0.  1.  0.  0.] 9 89.430185318
1513 [ 0.  1.  0.  0.] -1 81.2543792725
1514 [ 0.  1.  0.  0.] -1 81.1940113068
1515 [ 0.  1.  0.  0.] -1 81.4509429932
1516 [ 0.  1.  0.  0.] -1 78.8647094727
1517 [ 0.  1.  0.  0.] -1 76.98347435
1518 [ 0.  1.  0.  0.] -1 77.2676582336
1519 [ 0.  1.  0.  0.] -1 77.6080280304
1520 [ 0.  1.  0.  0.] -1 77.3113704681
1521 [ 0.  1.  0.  0.] -1 83.8459690094
1522 [ 0.  1.  0.  0.] -1 84.2770320892
1523 [ 0.  1.  0.  0.] -1 85.4651844025
1524 [ 0.  1.  0.  0.] -1 84.2367336273
1525 [ 0.  1.  0.  0.] -1 90.263709259
1526 [ 0.  1.  0.  0.] -1 89.7422210693
1527 [ 0.  1.  0.  0.] -1 91.7556510925
1528 [ 0.  1.  0.  0.] -1 89.5745258331
1529 [ 0.  1.  0.  0.] -1 92.7330047607
1530 [ 0.  1.  0.  0.] -1 93.8790538788
1531 [ 0.  1.  0.  0.] -1 92.5068912506
1532 [ 0.  1.  0.  0.] 9 106.112509155
1533 [ 0.  1.  0.  0.] -1 99.1180423737
1534 [ 0.  1.  0.  0.] -1 99.5041900635
1535 [ 0.  1.  0.  0.] -1 102.522291183
1536 [ 0.  1.  0.  0.] 9 115.870709229
1537 [ 0.  1.  0.  0.] -1 107.309610748
1538 [ 0.  1.  0.  0.] -1 105.656591034
1539 [ 0.  1.  0.  0.] -1 109.031775665
1540 [ 0.  1.  0.  0.] -1 106.79244957
1541 [ 0.  1.  0.  0.] -1 111.7237854
1542 [ 0.  1.  0.  0.] -1 114.410199738
1543 [ 0.  1.  0.  0.] -1 117.57452774
1544 [ 0.  1.  0.  0.] -1 121.656790924
1545 [ 0.  1.  0.  0.] -1 126.158592987
1546 [ 0.  1.  0.  0.] -1 129.33734436
1547 [ 0.  1.  0.  0.] -1 131.904167938
1548 [ 0.  1.  0.  0.] -1 132.565193176
1549 [ 0.  1.  0.  0.] -1 134.874860382
1550 [ 0.  1.  0.  0.] -1 134.141645813
1551 [ 0.  1.  0.  0.] -1 135.882582855
1552 [ 0.  1.  0.  0.] -1 136.499903107
1553 [ 0.  1.  0.  0.] 0 137.499903107
1554 [ 1.  0.  0.  0.] -2 182.593990326
1555 [ 1.  0.  0.  0.] -1 188.470336151
1556 [ 1.  0.  0.  0.] -1 192.410844421
1557 [ 1.  0.  0.  0.] -1 193.353900909
1558 [ 1.  0.  0.  0.] -1 196.275119019
1559 [ 1.  0.  0.  0.] -1 201.475215149
1560 [ 1.  0.  0.  0.] -1 198.985205078
1561 [ 1.  0.  0.  0.] -1 201.83275528
1562 [ 1.  0.  0.  0.] -1 201.987208557
1563 [ 1.  0.  0.  0.] -1 206.193904114
1564 [ 1.  0.  0.  0.] -1 160.562216187
1565 [ 1.  0.  0.  0.] -1 165.833428955
1566 [ 1.  0.  0.  0.] -1 163.198590851
1567 [ 1.  0.  0.  0.] -1 163.204505157
1568 [ 1.  0.  0.  0.] -1 143.629846191
1569 [ 1.  0.  0.  0.] 0 144.629846191
1570 [ 0.  1.  0.  0.] -2 134.903804779
1571 [ 0.  1.  0.  0.] -1 127.384724426
1572 [ 0.  1.  0.  0.] -1 119.8932621
1573 [ 0.  1.  0.  0.] -1 135.180925751
1574 [ 0.  1.  0.  0.] -1 135.160515594
1575 [ 0.  1.  0.  0.] -1 134.846796417
1576 [ 0.  1.  0.  0.] -1 131.24911499
1577 [ 0.  1.  0.  0.] -1 119.389596558
1578 [ 0.  1.  0.  0.] -1 120.937521362
1579 [ 0.  1.  0.  0.] -1 118.802007294
1580 [ 0.  1.  0.  0.] -1 115.980339432
1581 [ 0.  1.  0.  0.] 0 116.980339432
1582 [ 1.  0.  0.  0.] -2 142.301747131
1583 [ 1.  0.  0.  0.] -1 142.900270081
1584 [ 1.  0.  0.  0.] -1 119.393278503
1585 [ 1.  0.  0.  0.] -1 122.346401978
1586 [ 1.  0.  0.  0.] -1 123.504576874
1587 [ 1.  0.  0.  0.] -1 125.057096863
1588 [ 1.  0.  0.  0.] -1 139.179721832
1589 [ 1.  0.  0.  0.] -1 137.357883453
1590 [ 1.  0.  0.  0.] -1 136.481406403
1591 [ 1.  0.  0.  0.] -1 135.325695801
1592 [ 1.  0.  0.  0.] -1 141.307074738
1593 [ 1.  0.  0.  0.] -1 135.511590576
1594 [ 1.  0.  0.  0.] -1 135.189797211
1595 [ 1.  0.  0.  0.] -1 131.933594513
1596 [ 1.  0.  0.  0.] -1 38.3200572968
1597 [ 1.  0.  0.  0.] -1 37.0196527481
1598 [ 1.  0.  0.  0.] -1 36.4383836746
1599 [ 1.  0.  0.  0.] -1 36.7425971985
1600 [ 1.  0.  0.  0.] -1 33.0493772507
1601 [ 1.  0.  0.  0.] -1 30.9283010483
1602 [ 1.  0.  0.  0.] -1 30.8808742523
1603 [ 1.  0.  0.  0.] -1 32.0370378494
1604 [ 1.  0.  0.  0.] -1 47.1522081375
1605 [ 1.  0.  0.  0.] 0 48.1522081375
1606 [ 0.  1.  0.  0.] -2 31.1438215256
1607 [ 0.  1.  0.  0.] -1 30.2633184433
1608 [ 0.  1.  0.  0.] -1 33.1641626358
1609 [ 0.  1.  0.  0.] -1 38.9307094574
1610 [ 0.  1.  0.  0.] -1 37.8877077103
1611 [ 0.  1.  0.  0.] -1 35.7573360443
1612 [ 0.  1.  0.  0.] -1 38.6364219666
1613 [ 0.  1.  0.  0.] -1 36.646159935
1614 [ 0.  1.  0.  0.] -1 33.9987104416
1615 [ 0.  1.  0.  0.] -1 33.2609441757
1616 [ 0.  1.  0.  0.] -1 33.8819971085
1617 [ 0.  1.  0.  0.] 0 34.8819971085
1618 [ 1.  0.  0.  0.] -2 46.1905460358
1619 [ 1.  0.  0.  0.] -1 49.2298620224
1620 [ 1.  0.  0.  0.] -1 47.0917495728
1621 [ 1.  0.  0.  0.] -1 46.0259422302
1622 [ 1.  0.  0.  0.] -1 46.900879097
1623 [ 1.  0.  0.  0.] -1 47.8780406952
1624 [ 1.  0.  0.  0.] -1 30.4455747604
1625 [ 1.  0.  0.  0.] -1 29.8811788559
1626 [ 1.  0.  0.  0.] -1 29.6485385895
1627 [ 1.  0.  0.  0.] -1 28.7889075279
1628 [ 1.  0.  0.  0.] -1 27.2871085167
1629 [ 1.  0.  0.  0.] 0 28.2871085167
1630 [ 0.  1.  0.  0.] -2 26.8701986313
1631 [ 0.  1.  0.  0.] -1 26.517328167
1632 [ 0.  1.  0.  0.] -1 24.1547021866
1633 [ 0.  1.  0.  0.] -1 23.1378582001
1634 [ 0.  1.  0.  0.] -1 22.6529557228
1635 [ 0.  1.  0.  0.] -1 24.0387571335
1636 [ 0.  1.  0.  0.] -1 23.5303260803
1637 [ 0.  1.  0.  0.] -1 26.5288433075
1638 [ 0.  1.  0.  0.] -1 25.9834152222
1639 [ 0.  1.  0.  0.] -1 26.3649514198
1640 [ 0.  1.  0.  0.] 9 36.398290062
1641 [ 0.  1.  0.  0.] -1 23.9795089722
1642 [ 0.  1.  0.  0.] -1 23.8310769081
1643 [ 0.  1.  0.  0.] -1 24.0863143921
1644 [ 0.  1.  0.  0.] -1 24.6674711227
1645 [ 0.  1.  0.  0.] -1 31.5725799561
1646 [ 0.  1.  0.  0.] -1 34.1100603104
1647 [ 0.  1.  0.  0.] -1 36.9161994934
1648 [ 0.  1.  0.  0.] -1 37.3583084106
1649 [ 0.  1.  0.  0.] -1 42.9373369217
1650 [ 0.  1.  0.  0.] -1 44.5422195435
1651 [ 0.  1.  0.  0.] -1 47.0160015106
1652 [ 0.  1.  0.  0.] -1 49.3217004776
1653 [ 0.  1.  0.  0.] -1 58.165165329
1654 [ 0.  1.  0.  0.] -1 49.7317626953
1655 [ 0.  1.  0.  0.] -1 46.9321683884
1656 [ 0.  1.  0.  0.] -1 46.3928104401
1657 [ 0.  1.  0.  0.] -1 44.303027153
1658 [ 0.  1.  0.  0.] -1 35.7550312042
1659 [ 0.  1.  0.  0.] -1 35.0781366348
1660 [ 0.  1.  0.  0.] -1 34.699892807
1661 [ 0.  1.  0.  0.] -1 34.8351028442
1662 [ 0.  1.  0.  0.] -1 32.9496204376
1663 [ 0.  1.  0.  0.] -1 34.022284317
1664 [ 0.  1.  0.  0.] -1 33.8735822678
1665 [ 0.  1.  0.  0.] -1 34.9360881805
1666 [ 0.  1.  0.  0.] 0 35.9360881805
1667 [ 1.  0.  0.  0.] -2 95.9268932343
1668 [ 1.  0.  0.  0.] -1 101.024007416
1669 [ 1.  0.  0.  0.] -1 98.5378170013
1670 [ 1.  0.  0.  0.] -1 103.802644348
1671 [ 1.  0.  0.  0.] -1 107.934048462
1672 [ 1.  0.  0.  0.] -1 113.963546371
1673 [ 1.  0.  0.  0.] -1 121.393676758
1674 [ 1.  0.  0.  0.] -1 126.50721817
1675 [ 1.  0.  0.  0.] -1 130.453930664
1676 [ 1.  0.  0.  0.] -1 138.948020172
1677 [ 1.  0.  0.  0.] -1 200.676972198
1678 [ 1.  0.  0.  0.] 0 201.676972198
1679 [ 0.  1.  0.  0.] -2 51.2103935242
1680 [ 0.  1.  0.  0.] -1 51.5994007111
1681 [ 0.  1.  0.  0.] -1 48.9267356873
1682 [ 0.  1.  0.  0.] -1 48.2344610214
1683 [ 0.  1.  0.  0.] -1 46.6690868378
1684 [ 0.  1.  0.  0.] -1 45.8118530273
1685 [ 0.  1.  0.  0.] -1 43.39245224
1686 [ 0.  1.  0.  0.] -1 36.4371660233
1687 [ 0.  1.  0.  0.] -1 35.7146240234
1688 [ 0.  1.  0.  0.] -1 35.6020637512
1689 [ 0.  1.  0.  0.] -1 34.8713932037
1690 [ 0.  1.  0.  0.] -1 33.6624320984
1691 [ 0.  1.  0.  0.] -1 33.3832239151
1692 [ 0.  1.  0.  0.] -1 33.1964195251
1693 [ 0.  1.  0.  0.] -1 32.8793409348
1694 [ 0.  1.  0.  0.] -1 30.8687919617
1695 [ 0.  1.  0.  0.] -1 29.7003358841
1696 [ 0.  1.  0.  0.] -1 30.0374839783
1697 [ 0.  1.  0.  0.] -1 28.3398116112
1698 [ 0.  1.  0.  0.] -1 29.5840393066
1699 [ 0.  1.  0.  0.] -1 27.785214901
1700 [ 0.  1.  0.  0.] -1 27.2602893829
1701 [ 0.  1.  0.  0.] -1 26.0193957329
1702 [ 0.  1.  0.  0.] -1 19.2457461357
1703 [ 0.  1.  0.  0.] -1 19.7584643364
1704 [ 0.  1.  0.  0.] -1 19.9969319344
1705 [ 0.  1.  0.  0.] -1 19.1070299149
1706 [ 0.  1.  0.  0.] -1 22.1698181152
1707 [ 0.  1.  0.  0.] -1 22.3489578247
1708 [ 0.  1.  0.  0.] -1 22.938440609
1709 [ 0.  1.  0.  0.] -1 22.4469769478
1710 [ 0.  1.  0.  0.] -1 25.8870776176
1711 [ 0.  1.  0.  0.] -1 26.7196721077
1712 [ 0.  1.  0.  0.] -1 25.7653704643
1713 [ 0.  1.  0.  0.] -1 23.6780804634
1714 [ 0.  1.  0.  0.] 0 24.6780804634
1715 [ 0.  0.  1.  0.] -2 15.5985684395
1716 [ 0.  0.  1.  0.] -1 16.4279269218
1717 [ 0.  0.  1.  0.] -1 16.6195149422
1718 [ 0.  0.  1.  0.] -1 14.6633707047
1719 [ 0.  0.  1.  0.] -1 14.6904725075
1720 [ 0.  0.  1.  0.] -1 14.6706276894
1721 [ 0.  0.  1.  0.] -1 14.9425607681
1722 [ 0.  0.  1.  0.] -1 10.7739168167
1723 [ 0.  0.  1.  0.] -1 10.8327119827
1724 [ 0.  0.  1.  0.] -1 11.1800180435
1725 [ 0.  0.  1.  0.] -1 11.6381829262
1726 [ 0.  0.  1.  0.] 0 12.6381829262
1727 [ 0.  1.  0.  0.] -2 15.7699474335
1728 [ 0.  1.  0.  0.] -1 17.1260814667
1729 [ 0.  1.  0.  0.] -1 17.4093575478
1730 [ 0.  1.  0.  0.] -1 17.6404286385
1731 [ 0.  1.  0.  0.] -1 17.6146876335
1732 [ 0.  1.  0.  0.] -1 18.7721413612
1733 [ 0.  1.  0.  0.] -1 18.0983452797
1734 [ 0.  1.  0.  0.] -1 21.2991230965
1735 [ 0.  1.  0.  0.] -1 19.5198916435
1736 [ 0.  1.  0.  0.] -1 21.2092723846
1737 [ 0.  1.  0.  0.] -1 20.3752174377
1738 [ 0.  1.  0.  0.] 0 21.3752174377
1739 [ 1.  0.  0.  0.] -2 27.3540066719
1740 [ 1.  0.  0.  0.] -1 28.705618
1741 [ 1.  0.  0.  0.] -1 31.3545333862
1742 [ 1.  0.  0.  0.] -1 32.1787347794
1743 [ 1.  0.  0.  0.] -1 32.7811098099
1744 [ 1.  0.  0.  0.] -1 32.3804300308
1745 [ 1.  0.  0.  0.] -1 30.7463853836
1746 [ 1.  0.  0.  0.] -1 30.1228826523
1747 [ 1.  0.  0.  0.] -1 29.9314395905
1748 [ 1.  0.  0.  0.] -1 30.0914157867
1749 [ 1.  0.  0.  0.] -1 18.8004209518
1750 [ 1.  0.  0.  0.] 0 19.8004209518
1751 [ 0.  1.  0.  0.] -2 18.8112872124
1752 [ 0.  1.  0.  0.] -1 19.016798687
1753 [ 0.  1.  0.  0.] -1 17.4213727951
1754 [ 0.  1.  0.  0.] -1 19.8766580582
1755 [ 0.  1.  0.  0.] -1 19.944920826
1756 [ 0.  1.  0.  0.] -1 21.0142089844
1757 [ 0.  1.  0.  0.] -1 20.9797016144
1758 [ 0.  1.  0.  0.] -1 17.6895097733
1759 [ 0.  1.  0.  0.] -1 17.4418699265
1760 [ 0.  1.  0.  0.] -1 17.3329082489
1761 [ 0.  1.  0.  0.] -1 16.9263250351
1762 [ 0.  1.  0.  0.] 0 17.9263250351
1763 [ 1.  0.  0.  0.] -2 30.8305517197
1764 [ 1.  0.  0.  0.] -1 32.7590652466
1765 [ 1.  0.  0.  0.] -1 38.851707077
1766 [ 1.  0.  0.  0.] -1 40.5800762177
1767 [ 1.  0.  0.  0.] -1 40.4853059769
1768 [ 1.  0.  0.  0.] -1 44.1701944351
1769 [ 1.  0.  0.  0.] -1 39.3639831543
1770 [ 1.  0.  0.  0.] -1 41.9229717255
1771 [ 1.  0.  0.  0.] -1 42.157916832
1772 [ 1.  0.  0.  0.] -1 42.7491699219
1773 [ 1.  0.  0.  0.] -1 39.7297134399
1774 [ 1.  0.  0.  0.] 0 40.7297134399
1775 [ 0.  0.  0.  1.] -2 15.6344058037
1776 [ 0.  0.  0.  1.] -1 17.7391526222
1777 [ 0.  0.  0.  1.] -1 12.4391003609
1778 [ 0.  0.  0.  1.] -1 11.8426323891
1779 [ 0.  0.  0.  1.] -1 11.3425690651
1780 [ 0.  0.  0.  1.] -1 10.9666282654
1781 [ 0.  0.  0.  1.] -1 11.6230456352
1782 [ 0.  0.  0.  1.] -1 10.9702105522
1783 [ 0.  0.  0.  1.] -1 11.3889530659
1784 [ 0.  0.  0.  1.] -1 10.848682785
1785 [ 0.  0.  0.  1.] -1 9.89820985794
1786 [ 0.  0.  0.  1.] 0 10.8982098579
1787 [ 1.  0.  0.  0.] -2 31.5340316772
1788 [ 1.  0.  0.  0.] -1 32.2100784302
1789 [ 1.  0.  0.  0.] -1 40.8068855286
1790 [ 1.  0.  0.  0.] -1 42.350983429
1791 [ 1.  0.  0.  0.] -1 41.6998516083
1792 [ 1.  0.  0.  0.] -1 44.4253612518
1793 [ 1.  0.  0.  0.] -1 40.6498918533
1794 [ 1.  0.  0.  0.] -1 40.1996290207
1795 [ 1.  0.  0.  0.] -1 39.7375230789
1796 [ 1.  0.  0.  0.] -1 40.984390831
1797 [ 1.  0.  0.  0.] -1 43.0578735352
1798 [ 1.  0.  0.  0.] 0 44.0578735352
1799 [ 0.  1.  0.  0.] -2 27.6082548141
1800 [ 0.  1.  0.  0.] -1 27.8705066681
1801 [ 0.  1.  0.  0.] -1 28.3248229027
1802 [ 0.  1.  0.  0.] -1 32.946398735
1803 [ 0.  1.  0.  0.] -1 34.8023857117
1804 [ 0.  1.  0.  0.] -1 36.8757307053
1805 [ 0.  1.  0.  0.] -1 38.4541728973
1806 [ 0.  1.  0.  0.] -1 45.3344902039
1807 [ 0.  1.  0.  0.] -1 46.2466524124
1808 [ 0.  1.  0.  0.] -1 47.0303922653
1809 [ 0.  1.  0.  0.] -1 49.1194253922
1810 [ 0.  1.  0.  0.] 0 50.1194253922
1811 [ 1.  0.  0.  0.] -2 70.35248909
1812 [ 1.  0.  0.  0.] -1 76.3117656708
1813 [ 1.  0.  0.  0.] -1 119.863900757
1814 [ 1.  0.  0.  0.] -1 129.723948669
1815 [ 1.  0.  0.  0.] -1 138.779143524
1816 [ 1.  0.  0.  0.] -1 159.597386932
1817 [ 1.  0.  0.  0.] -1 241.422544098
1818 [ 1.  0.  0.  0.] -1 250.754696655
1819 [ 1.  0.  0.  0.] -1 251.031915283
1820 [ 1.  0.  0.  0.] -1 253.582749939
1821 [ 1.  0.  0.  0.] -1 255.255628967
1822 [ 1.  0.  0.  0.] 0 256.255628967
1823 [ 0.  1.  0.  0.] -2 64.1872737885
1824 [ 0.  1.  0.  0.] -1 64.947693634
1825 [ 0.  1.  0.  0.] 9 75.3294200897
1826 [ 0.  1.  0.  0.] -1 71.0026245117
1827 [ 0.  1.  0.  0.] -1 72.8780395508
1828 [ 0.  1.  0.  0.] -1 73.5787761688
1829 [ 0.  1.  0.  0.] 9 83.4131031036
1830 [ 0.  1.  0.  0.] -1 75.907592392
1831 [ 0.  1.  0.  0.] -1 77.424445343
1832 [ 0.  1.  0.  0.] -1 78.327116394
1833 [ 0.  1.  0.  0.] 9 88.596811676
1834 [ 0.  1.  0.  0.] 0 79.596811676
1835 [ 0.  0.  1.  0.] -2 61.837858963
1836 [ 0.  0.  1.  0.] -1 61.5574043274
1837 [ 0.  0.  1.  0.] 9 73.5921070099
1838 [ 0.  0.  1.  0.] -1 48.6248559952
1839 [ 0.  0.  1.  0.] -1 47.3563966751
1840 [ 0.  0.  1.  0.] -1 45.9392824173
1841 [ 0.  0.  1.  0.] 9 59.2880447388
1842 [ 0.  0.  1.  0.] -1 39.2983966827
1843 [ 0.  0.  1.  0.] -1 39.2023363113
1844 [ 0.  0.  1.  0.] -1 37.0358808517
1845 [ 0.  0.  1.  0.] 9 49.5553718567
1846 [ 0.  0.  1.  0.] -1 28.5296891212
1847 [ 0.  0.  1.  0.] -1 27.8187945366
1848 [ 0.  0.  1.  0.] -1 26.6138161659
1849 [ 0.  0.  1.  0.] 9 37.3880992889
1850 [ 0.  0.  1.  0.] -1 26.7854832649
1851 [ 0.  0.  1.  0.] -1 25.7617501259
1852 [ 0.  0.  1.  0.] -1 25.1000290871
1853 [ 0.  0.  1.  0.] 9 37.3093379021
1854 [ 0.  0.  1.  0.] -1 16.2207323074
1855 [ 0.  0.  1.  0.] -1 15.9605209351
1856 [ 0.  0.  1.  0.] -1 15.2907999992
1857 [ 0.  0.  1.  0.] -1 18.0915829659
1858 [ 0.  0.  1.  0.] 0 19.0915829659
1859 [ 0.  1.  0.  0.] -2 42.0096349716
1860 [ 0.  1.  0.  0.] -1 42.0041013718
1861 [ 0.  1.  0.  0.] -1 40.8426214218
1862 [ 0.  1.  0.  0.] -1 37.5332443237
1863 [ 0.  1.  0.  0.] -1 38.2656290054
1864 [ 0.  1.  0.  0.] -1 39.4030712128
1865 [ 0.  1.  0.  0.] -1 39.4568943024
1866 [ 0.  1.  0.  0.] -1 46.9200389862
1867 [ 0.  1.  0.  0.] -1 47.4654380798
1868 [ 0.  1.  0.  0.] -1 46.8044309616
1869 [ 0.  1.  0.  0.] -1 44.7036344528
1870 [ 0.  1.  0.  0.] -1 45.9522417068
1871 [ 0.  1.  0.  0.] -1 47.4632745743
1872 [ 0.  1.  0.  0.] -1 48.129627037
1873 [ 0.  1.  0.  0.] 9 59.8254747391
1874 [ 0.  1.  0.  0.] -1 58.943396759
1875 [ 0.  1.  0.  0.] -1 61.8478939056
1876 [ 0.  1.  0.  0.] -1 62.1129867554
1877 [ 0.  1.  0.  0.] 9 72.7795928955
1878 [ 0.  1.  0.  0.] 0 63.7795928955
1879 [ 1.  0.  0.  0.] -2 92.2465709686
1880 [ 1.  0.  0.  0.] -1 100.09477272
1881 [ 1.  0.  0.  0.] 9 132.799368286
1882 [ 1.  0.  0.  0.] -1 128.242298889
1883 [ 1.  0.  0.  0.] -1 127.46703186
1884 [ 1.  0.  0.  0.] -1 127.245114899
1885 [ 1.  0.  0.  0.] 9 117.373950577
1886 [ 1.  0.  0.  0.] -1 111.347726822
1887 [ 1.  0.  0.  0.] -1 106.931254578
1888 [ 1.  0.  0.  0.] -1 113.226758575
1889 [ 1.  0.  0.  0.] 9 156.03715744
1890 [ 1.  0.  0.  0.] -1 153.634533691
1891 [ 1.  0.  0.  0.] -1 150.468683624
1892 [ 1.  0.  0.  0.] -1 157.537323761
1893 [ 1.  0.  0.  0.] 49 896.081787109
1894 [ 1.  0.  0.  0.] -1 926.789227295
1895 [ 1.  0.  0.  0.] -1 966.842767334
1896 [ 1.  0.  0.  0.] -1 1073.44524536
1897 [ 1.  0.  0.  0.] 9 1213.02120972
1898 [ 1.  0.  0.  0.] -1 1230.7630188
1899 [ 1.  0.  0.  0.] -1 1247.77755127
1900 [ 1.  0.  0.  0.] -1 1253.93515625
1901 [ 1.  0.  0.  0.] 9 1215.02012939
1902 [ 1.  0.  0.  0.] 0 1206.02012939
1903 [ 0.  0.  0.  1.] -2 292.828678894
1904 [ 0.  0.  0.  1.] -1 289.930802917
1905 [ 0.  0.  0.  1.] 9 276.083651733
1906 [ 0.  0.  0.  1.] -1 257.010264587
1907 [ 0.  0.  0.  1.] -1 251.15214386
1908 [ 0.  0.  0.  1.] -1 245.634646606
1909 [ 0.  0.  0.  1.] 9 240.86995697
1910 [ 0.  0.  0.  1.] -1 226.873770142
1911 [ 0.  0.  0.  1.] -1 226.098256683
1912 [ 0.  0.  0.  1.] -1 222.805002594
1913 [ 0.  0.  0.  1.] 9 204.485751343
1914 [ 0.  0.  0.  1.] -1 186.600806427
1915 [ 0.  0.  0.  1.] -1 181.512995148
1916 [ 0.  0.  0.  1.] -1 178.089597321
1917 [ 0.  0.  0.  1.] 9 201.606962585
1918 [ 0.  0.  0.  1.] -1 192.664594269
1919 [ 0.  0.  0.  1.] -1 193.465171051
1920 [ 0.  0.  0.  1.] -1 185.85892334
1921 [ 0.  0.  0.  1.] -1 171.983162689
1922 [ 0.  0.  0.  1.] -1 165.023342896
1923 [ 0.  0.  0.  1.] -1 160.770956421
1924 [ 0.  0.  0.  1.] -1 157.401120758
1925 [ 0.  0.  0.  1.] -1 132.796343994
1926 [ 0.  0.  0.  1.] -1 130.594033051
1927 [ 0.  0.  0.  1.] -1 128.626641846
1928 [ 0.  0.  0.  1.] -1 129.647193146
1929 [ 0.  0.  0.  1.] -1 149.969011688
1930 [ 0.  0.  0.  1.] -1 168.215155029
1931 [ 0.  0.  0.  1.] -1 174.899481201
1932 [ 0.  0.  0.  1.] -1 173.476945496
1933 [ 0.  0.  0.  1.] -1 171.939283752
1934 [ 0.  0.  0.  1.] -1 168.003095245
1935 [ 0.  0.  0.  1.] -1 174.884593964
1936 [ 0.  0.  0.  1.] -1 171.882054138
1937 [ 0.  0.  0.  1.] -1 159.82605896
1938 [ 0.  0.  0.  1.] -1 162.43276062
1939 [ 0.  0.  0.  1.] -1 163.270026398
1940 [ 0.  0.  0.  1.] -1 165.082065582
1941 [ 0.  0.  0.  1.] -1 155.887551117
1942 [ 0.  0.  0.  1.] -1 164.235174561
1943 [ 0.  0.  0.  1.] -1 168.750892639
1944 [ 0.  0.  0.  1.] -1 171.969565582
1945 [ 0.  0.  0.  1.] -1 185.576036835
1946 [ 0.  0.  0.  1.] -1 190.361711121
1947 [ 0.  0.  0.  1.] -1 196.308242035
1948 [ 0.  0.  0.  1.] -1 202.590830231
1949 [ 0.  0.  0.  1.] -1 193.473636627
1950 [ 0.  0.  0.  1.] -1 198.288607025
1951 [ 0.  0.  0.  1.] -1 207.660159302
1952 [ 0.  0.  0.  1.] -1 217.736485291
1953 [ 0.  0.  0.  1.] -1 223.605666351
1954 [ 0.  0.  0.  1.] -1 234.693005371
1955 [ 0.  0.  0.  1.] -1 241.13184433
1956 [ 0.  0.  0.  1.] -1 250.195591736
1957 [ 0.  0.  0.  1.] -1 254.424813843
1958 [ 0.  0.  0.  1.] -1 260.866827393
1959 [ 0.  0.  0.  1.] -1 263.388525391
1960 [ 0.  0.  0.  1.] -1 264.169967651
1961 [ 0.  0.  0.  1.] -1 275.672888184
1962 [ 0.  0.  0.  1.] -1 280.092788696
1963 [ 0.  0.  0.  1.] -1 285.352694702
1964 [ 0.  0.  0.  1.] -1 288.337940979
1965 [ 0.  0.  0.  1.] -1 288.910005188
1966 [ 0.  0.  0.  1.] -1 297.304870605
1967 [ 0.  0.  0.  1.] -1 308.604269409
1968 [ 0.  0.  0.  1.] -1 315.638061523
1969 [ 0.  0.  0.  1.] -1 363.335379028
1970 [ 0.  0.  0.  1.] 0 364.335379028
1971 [ 0.  0.  1.  0.] -2 358.803030396
1972 [ 0.  0.  1.  0.] -1 363.200190735
1973 [ 0.  0.  1.  0.] 9 363.000099182
1974 [ 0.  0.  1.  0.] -1 323.589179993
1975 [ 0.  0.  1.  0.] -1 323.265516663
1976 [ 0.  0.  1.  0.] -1 326.398649597
1977 [ 0.  0.  1.  0.] 9 321.166700745
1978 [ 0.  0.  1.  0.] -1 270.81619873
1979 [ 0.  0.  1.  0.] -1 271.823109436
1980 [ 0.  0.  1.  0.] -1 268.387911987
1981 [ 0.  0.  1.  0.] 9 279.576803589
1982 [ 0.  0.  1.  0.] 0 270.576803589
1983 [ 0.  1.  0.  0.] -2 248.039228821
1984 [ 0.  1.  0.  0.] -1 246.784399414
1985 [ 0.  1.  0.  0.] 9 260.1045578
1986 [ 0.  1.  0.  0.] -1 249.195870972
1987 [ 0.  1.  0.  0.] -1 248.038609314
1988 [ 0.  1.  0.  0.] -1 246.262374878
1989 [ 0.  1.  0.  0.] 9 259.700993347
1990 [ 0.  1.  0.  0.] -1 235.474056244
1991 [ 0.  1.  0.  0.] -1 225.762605286
1992 [ 0.  1.  0.  0.] -1 222.943133545
1993 [ 0.  1.  0.  0.] 9 235.036725616
1994 [ 0.  1.  0.  0.] 0 226.036725616
1995 [ 0.  0.  1.  0.] -2 121.771391296
1996 [ 0.  0.  1.  0.] -1 117.214704514
1997 [ 0.  0.  1.  0.] 9 127.359510803
1998 [ 0.  0.  1.  0.] -1 91.6548686981
1999 [ 0.  0.  1.  0.] -1 92.5730285645
2000 [ 0.  0.  1.  0.] -1 88.4454441071
2001 [ 0.  0.  1.  0.] 9 102.757154846
2002 [ 0.  0.  1.  0.] -1 35.3411928177
2003 [ 0.  0.  1.  0.] -1 36.3295742035
2004 [ 0.  0.  1.  0.] -1 36.0914363861
2005 [ 0.  0.  1.  0.] -1 35.5458198547
2006 [ 0.  0.  1.  0.] 0 36.5458198547
2007 [ 0.  0.  0.  1.] -2 69.500901413
2008 [ 0.  0.  0.  1.] -1 69.987436676
2009 [ 0.  0.  0.  1.] -1 73.9802822113
2010 [ 0.  0.  0.  1.] -1 83.1793266296
2011 [ 0.  0.  0.  1.] -1 86.8203723907
2012 [ 0.  0.  0.  1.] -1 92.7449710846
2013 [ 0.  0.  0.  1.] -1 110.646845245
2014 [ 0.  0.  0.  1.] -1 119.162519073
2015 [ 0.  0.  0.  1.] -1 131.708024597
2016 [ 0.  0.  0.  1.] -1 143.218294525
2017 [ 0.  0.  0.  1.] -1 166.598143005
2018 [ 0.  0.  0.  1.] -1 175.483562469
2019 [ 0.  0.  0.  1.] -1 180.118204498
2020 [ 0.  0.  0.  1.] -1 185.65306778
2021 [ 0.  0.  0.  1.] -1 177.172097015
2022 [ 0.  0.  0.  1.] -1 180.500228119
2023 [ 0.  0.  0.  1.] -1 181.65115509
2024 [ 0.  0.  0.  1.] -1 186.245266724
2025 [ 0.  0.  0.  1.] -1 208.398621368
2026 [ 0.  0.  0.  1.] -1 228.142316437
2027 [ 0.  0.  0.  1.] -1 243.783294678
2028 [ 0.  0.  0.  1.] -1 252.122872925
2029 [ 0.  0.  0.  1.] -1 257.763063049
2030 [ 0.  0.  0.  1.] 0 258.763063049
2031 [ 1.  0.  0.  0.] -2 406.556388855
2032 [ 1.  0.  0.  0.] -1 402.172021484
2033 [ 1.  0.  0.  0.] -1 540.553170776
2034 [ 1.  0.  0.  0.] -1 541.80010376
2035 [ 1.  0.  0.  0.] -1 555.260195923
2036 [ 1.  0.  0.  0.] -1 565.228991699
2037 [ 1.  0.  0.  0.] -1 573.947027588
2038 [ 1.  0.  0.  0.] -1 576.699093628
2039 [ 1.  0.  0.  0.] -1 586.598599243
2040 [ 1.  0.  0.  0.] -1 592.224206543
2041 [ 1.  0.  0.  0.] -1 604.647845459
2042 [ 1.  0.  0.  0.] -1 633.237197876
2043 [ 1.  0.  0.  0.] -1 671.786706543
2044 [ 1.  0.  0.  0.] -1 726.540081787
2045 [ 1.  0.  0.  0.] -1 1049.3182373
2046 [ 1.  0.  0.  0.] -1 1076.28051758
2047 [ 1.  0.  0.  0.] -1 1140.29279785
2048 [ 1.  0.  0.  0.] -1 1229.64869385
2049 [ 1.  0.  0.  0.] -1 1425.85871582
2050 [ 1.  0.  0.  0.] -1 1449.07654419
2051 [ 1.  0.  0.  0.] -1 1460.02578125
2052 [ 1.  0.  0.  0.] -1 1472.43515625
2053 [ 1.  0.  0.  0.] -1 1489.31644287
2054 [ 1.  0.  0.  0.] 0 1490.31644287
2055 [ 0.  0.  0.  1.] -2 602.048141479
2056 [ 0.  0.  0.  1.] -1 615.199432373
2057 [ 0.  0.  0.  1.] -1 654.134008789
2058 [ 0.  0.  0.  1.] -1 680.172961426
2059 [ 0.  0.  0.  1.] -1 699.253210449
2060 [ 0.  0.  0.  1.] -1 720.337075806
2061 [ 0.  0.  0.  1.] -1 749.674182129
2062 [ 0.  0.  0.  1.] -1 769.950570679
2063 [ 0.  0.  0.  1.] -1 780.811383057
2064 [ 0.  0.  0.  1.] -1 788.988839722
2065 [ 0.  0.  0.  1.] -1 894.25317688
2066 [ 0.  0.  0.  1.] -1 923.344549561
2067 [ 0.  0.  0.  1.] -1 946.299249268
2068 [ 0.  0.  0.  1.] -1 964.389083862
2069 [ 0.  0.  0.  1.] -1 973.956286621
2070 [ 0.  0.  0.  1.] -1 1002.83804932
2071 [ 0.  0.  0.  1.] -1 1038.23876953
2072 [ 0.  0.  0.  1.] -1 1085.50787964
2073 [ 0.  0.  0.  1.] -1 1229.85534668
2074 [ 0.  0.  0.  1.] 0 1230.85534668
2075 [ 0.  0.  1.  0.] -2 1212.70186768
2076 [ 0.  0.  1.  0.] -1 1218.2960083
2077 [ 0.  0.  1.  0.] -1 1167.40096436
2078 [ 0.  0.  1.  0.] -1 1212.8956665
2079 [ 0.  0.  1.  0.] -1 1225.51760864
2080 [ 0.  0.  1.  0.] -1 1235.23574219
2081 [ 0.  0.  1.  0.] -1 1136.77019043
2082 [ 0.  0.  1.  0.] -1 1129.0277832
2083 [ 0.  0.  1.  0.] -1 1136.41602783
2084 [ 0.  0.  1.  0.] -1 1133.44159546
2085 [ 0.  0.  1.  0.] -1 1085.64414062
2086 [ 0.  0.  1.  0.] -1 1164.25710449
2087 [ 0.  0.  1.  0.] -1 1173.18933105
2088 [ 0.  0.  1.  0.] -1 1167.56772461
2089 [ 0.  0.  1.  0.] -1 1102.11583252
2090 [ 0.  0.  1.  0.] -1 1159.95276489
2091 [ 0.  0.  1.  0.] -1 1161.76045532
2092 [ 0.  0.  1.  0.] -1 629.735522461
2093 [ 0.  0.  1.  0.] -1 582.028521729
2094 [ 0.  0.  1.  0.] -1 477.889352417
2095 [ 0.  0.  1.  0.] -1 485.201870728
2096 [ 0.  0.  1.  0.] -1 477.82116394
2097 [ 0.  0.  1.  0.] -1 420.718678284
2098 [ 0.  0.  1.  0.] 0 421.718678284
2099 [ 0.  1.  0.  0.] -2 216.434348297
2100 [ 0.  1.  0.  0.] -1 211.079382324
2101 [ 0.  1.  0.  0.] -1 186.966536713
2102 [ 0.  1.  0.  0.] -1 168.491358948
2103 [ 0.  1.  0.  0.] -1 158.02808075
2104 [ 0.  1.  0.  0.] -1 146.043738556
2105 [ 0.  1.  0.  0.] -1 135.024080658
2106 [ 0.  1.  0.  0.] 0 136.024080658
2107 [ 0.  0.  1.  0.] -2 120.460386658
2108 [ 0.  0.  1.  0.] -1 114.601784134
2109 [ 0.  0.  1.  0.] -1 107.075053406
2110 [ 0.  0.  1.  0.] -1 103.433790207
2111 [ 0.  0.  1.  0.] -1 98.1315490723
2112 [ 0.  0.  1.  0.] -1 94.0508876801
2113 [ 0.  0.  1.  0.] -1 84.2012695312
2114 [ 0.  0.  1.  0.] -1 85.5458538055
2115 [ 0.  0.  1.  0.] -1 82.4205776215
2116 [ 0.  0.  1.  0.] -1 80.771522522
2117 [ 0.  0.  1.  0.] -1 74.5651172638
2118 [ 0.  0.  1.  0.] -1 43.3575643539
2119 [ 0.  0.  1.  0.] -1 43.6192941666
2120 [ 0.  0.  1.  0.] -1 43.0514156342
2121 [ 0.  0.  1.  0.] -1 40.6107603073
2122 [ 0.  0.  1.  0.] -1 35.9806518555
2123 [ 0.  0.  1.  0.] -1 36.1866632462
2124 [ 0.  0.  1.  0.] -1 35.6426774979
2125 [ 0.  0.  1.  0.] -1 34.816040802
2126 [ 0.  0.  1.  0.] -1 36.6941810608
2127 [ 0.  0.  1.  0.] -1 36.9424333572
2128 [ 0.  0.  1.  0.] -1 36.8528743744
2129 [ 0.  0.  1.  0.] -1 35.2529275894
2130 [ 0.  0.  1.  0.] -1 36.9304706573
2131 [ 0.  0.  1.  0.] -1 36.8318880081
2132 [ 0.  0.  1.  0.] -1 37.1450925827
2133 [ 0.  0.  1.  0.] 9 46.1476331711
2134 [ 0.  0.  1.  0.] -1 35.3258054733
2135 [ 0.  0.  1.  0.] -1 36.1207651138
2136 [ 0.  0.  1.  0.] -1 36.7086877823
2137 [ 0.  0.  1.  0.] 9 44.3908811569
2138 [ 0.  0.  1.  0.] -1 32.9972211838
2139 [ 0.  0.  1.  0.] -1 33.578037262
2140 [ 0.  0.  1.  0.] -1 33.5726520538
2141 [ 0.  0.  1.  0.] 9 42.3791833878
2142 [ 0.  0.  1.  0.] -1 34.5773666382
2143 [ 0.  0.  1.  0.] -1 34.9048568726
2144 [ 0.  0.  1.  0.] -1 34.3634658813
2145 [ 0.  0.  1.  0.] 9 42.1383094788
2146 [ 0.  0.  1.  0.] -1 32.4466180801
2147 [ 0.  0.  1.  0.] -1 32.4154664993
2148 [ 0.  0.  1.  0.] -1 31.8583692551
2149 [ 0.  0.  1.  0.] 9 39.9388143539
2150 [ 0.  0.  1.  0.] -1 29.7542133331
2151 [ 0.  0.  1.  0.] -1 29.6531047821
2152 [ 0.  0.  1.  0.] -1 30.4074144363
2153 [ 0.  0.  1.  0.] -1 28.4075090408
2154 [ 0.  0.  1.  0.] 0 29.4075090408
2155 [ 0.  1.  0.  0.] -2 21.5681676865
2156 [ 0.  1.  0.  0.] -1 22.0499936104
2157 [ 0.  1.  0.  0.] -1 22.173596096
2158 [ 0.  1.  0.  0.] -1 24.7606377602
2159 [ 0.  1.  0.  0.] -1 26.0180911064
2160 [ 0.  1.  0.  0.] -1 28.9978978157
2161 [ 0.  1.  0.  0.] -1 30.9150772095
2162 [ 0.  1.  0.  0.] -1 35.9807062149
2163 [ 0.  1.  0.  0.] -1 37.3986431122
2164 [ 0.  1.  0.  0.] -1 39.2347127914
2165 [ 0.  1.  0.  0.] -1 40.2744710922
2166 [ 0.  1.  0.  0.] -1 38.6740314484
2167 [ 0.  1.  0.  0.] -1 40.2517234802
2168 [ 0.  1.  0.  0.] -1 41.3399341583
2169 [ 0.  1.  0.  0.] -1 41.2015748978
2170 [ 0.  1.  0.  0.] -1 44.9806827545
2171 [ 0.  1.  0.  0.] -1 47.7826253891
2172 [ 0.  1.  0.  0.] -1 53.5348394394
2173 [ 0.  1.  0.  0.] -1 55.4389997482
2174 [ 0.  1.  0.  0.] -1 64.6094184875
2175 [ 0.  1.  0.  0.] -1 64.5933280945
2176 [ 0.  1.  0.  0.] -1 68.5021266937
2177 [ 0.  1.  0.  0.] -1 67.7038692474
2178 [ 0.  1.  0.  0.] -1 56.840407753
2179 [ 0.  1.  0.  0.] -1 59.0833251953
2180 [ 0.  1.  0.  0.] -1 57.8057479858
2181 [ 0.  1.  0.  0.] -1 56.5008497238
2182 [ 0.  1.  0.  0.] -1 43.3193786621
2183 [ 0.  1.  0.  0.] -1 43.7881526947
2184 [ 0.  1.  0.  0.] -1 43.6261434555
2185 [ 0.  1.  0.  0.] -1 43.0418664932
2186 [ 0.  1.  0.  0.] -1 40.2038799286
2187 [ 0.  1.  0.  0.] -1 41.2482116699
2188 [ 0.  1.  0.  0.] -1 38.9341377258
2189 [ 0.  1.  0.  0.] -1 35.6436306
2190 [ 0.  1.  0.  0.] -1 13.8664486885
2191 [ 0.  1.  0.  0.] -1 12.7176698208
2192 [ 0.  1.  0.  0.] -1 9.36804227829
2193 [ 0.  1.  0.  0.] -101 -101
2194 [ 0.  1.  0.  0.] -2 8.41273570061
2195 [ 0.  1.  0.  0.] -1 9.98125114441
2196 [ 0.  1.  0.  0.] -1 10.1357868671
2197 [ 0.  1.  0.  0.] -1 10.4741942883
2198 [ 0.  1.  0.  0.] -1 10.6868375301
2199 [ 0.  1.  0.  0.] 0 11.6868375301
2200 [ 1.  0.  0.  0.] -2 11.3122816086
2201 [ 1.  0.  0.  0.] -1 12.2310314655
2202 [ 1.  0.  0.  0.] -1 16.3047883034
2203 [ 1.  0.  0.  0.] -1 16.4283400536
2204 [ 1.  0.  0.  0.] -1 16.5451512337
2205 [ 1.  0.  0.  0.] -1 16.8741472244
2206 [ 1.  0.  0.  0.] -1 16.9731122017
2207 [ 1.  0.  0.  0.] -1 17.0231989861
2208 [ 1.  0.  0.  0.] -1 17.1188806534
2209 [ 1.  0.  0.  0.] -1 17.2356483459
2210 [ 1.  0.  0.  0.] -1 16.1446617126
2211 [ 1.  0.  0.  0.] 0 17.1446617126
2212 [ 0.  1.  0.  0.] -2 14.0705518723
2213 [ 0.  1.  0.  0.] -1 15.2067802429
2214 [ 0.  1.  0.  0.] -1 15.2197775841
2215 [ 0.  1.  0.  0.] -1 15.2536471367
2216 [ 0.  1.  0.  0.] -1 15.5392262459
2217 [ 0.  1.  0.  0.] -1 15.7529313087
2218 [ 0.  1.  0.  0.] -1 16.032144928
2219 [ 0.  1.  0.  0.] -1 17.2065859795
2220 [ 0.  1.  0.  0.] -1 17.2698422432
2221 [ 0.  1.  0.  0.] -1 17.2534492493
2222 [ 0.  1.  0.  0.] -1 17.4645559311
2223 [ 0.  1.  0.  0.] 0 18.4645559311
2224 [ 1.  0.  0.  0.] -2 19.0059610367
2225 [ 1.  0.  0.  0.] -1 20.0391239166
2226 [ 1.  0.  0.  0.] -1 23.5878419876
2227 [ 1.  0.  0.  0.] -1 24.1140884399
2228 [ 1.  0.  0.  0.] -1 23.550596714
2229 [ 1.  0.  0.  0.] -1 23.378253746
2230 [ 1.  0.  0.  0.] -1 29.0079017639
2231 [ 1.  0.  0.  0.] -1 10.8550364971
2232 [ 1.  0.  0.  0.] -1 10.9074589252
2233 [ 1.  0.  0.  0.] -1 11.218043375
2234 [ 1.  0.  0.  0.] -1 11.2621551514
2235 [ 1.  0.  0.  0.] 0 12.2621551514
2236 [ 0.  1.  0.  0.] -2 14.4492305756
2237 [ 0.  1.  0.  0.] -1 15.4188545227
2238 [ 0.  1.  0.  0.] -1 15.6213524818
2239 [ 0.  1.  0.  0.] -1 16.3641759872
2240 [ 0.  1.  0.  0.] -1 16.6936467171
2241 [ 0.  1.  0.  0.] -1 16.8165697098
2242 [ 0.  1.  0.  0.] -1 17.265044117
2243 [ 0.  1.  0.  0.] -1 17.2788785934
2244 [ 0.  1.  0.  0.] -1 17.681631279
2245 [ 0.  1.  0.  0.] -1 18.0765598297
2246 [ 0.  1.  0.  0.] -1 18.5144432068
2247 [ 0.  1.  0.  0.] 0 19.5144432068
2248 [ 0.  0.  1.  0.] -2 18.7182238579
2249 [ 0.  0.  1.  0.] -1 19.7542551041
2250 [ 0.  0.  1.  0.] -1 19.8875444412
2251 [ 0.  0.  1.  0.] -1 16.622327137
2252 [ 0.  0.  1.  0.] -1 16.7910932541
2253 [ 0.  0.  1.  0.] -1 16.6595669746
2254 [ 0.  0.  1.  0.] -1 16.2634044647
2255 [ 0.  0.  1.  0.] -1 14.9506005287
2256 [ 0.  0.  1.  0.] -1 15.1184896469
2257 [ 0.  0.  1.  0.] -1 15.0645886421
2258 [ 0.  0.  1.  0.] -1 15.0883636475
2259 [ 0.  0.  1.  0.] -1 13.4796794891
2260 [ 0.  0.  1.  0.] -1 13.3587116241
2261 [ 0.  0.  1.  0.] -1 13.0750006676
2262 [ 0.  0.  1.  0.] -1 12.8969961643
2263 [ 0.  0.  1.  0.] -1 12.6927061558
2264 [ 0.  0.  1.  0.] -1 12.5895419121
2265 [ 0.  0.  1.  0.] -1 12.4487971783
2266 [ 0.  0.  1.  0.] -1 12.4355878353
2267 [ 0.  0.  1.  0.] -1 8.84847025871
2268 [ 0.  0.  1.  0.] -1 8.82810177803
2269 [ 0.  0.  1.  0.] -1 8.72349972725
2270 [ 0.  0.  1.  0.] -1 9.16359190941
2271 [ 0.  0.  1.  0.] 0 10.1635919094
2272 [ 0.  0.  0.  1.] -2 8.46152691841
2273 [ 0.  0.  0.  1.] -1 9.44968290329
2274 [ 0.  0.  0.  1.] -1 9.18648538589
2275 [ 0.  0.  0.  1.] -1 9.24101243019
2276 [ 0.  0.  0.  1.] -1 9.26493782997
2277 [ 0.  0.  0.  1.] -1 9.38307538033
2278 [ 0.  0.  0.  1.] -1 9.7218524456
2279 [ 0.  0.  0.  1.] -1 9.90604486465
2280 [ 0.  0.  0.  1.] -1 10.0577783585
2281 [ 0.  0.  0.  1.] -1 10.1122637272
2282 [ 0.  0.  0.  1.] -1 9.76047120094
2283 [ 0.  0.  0.  1.] 0 10.7604712009
2284 [ 0.  0.  1.  0.] -2 6.83057804108
2285 [ 0.  0.  1.  0.] -1 8.049482584
2286 [ 0.  0.  1.  0.] -1 8.30063586235
2287 [ 0.  0.  1.  0.] -1 7.47599868774
2288 [ 0.  0.  1.  0.] -1 7.24422183037
2289 [ 0.  0.  1.  0.] -1 6.9506881237
2290 [ 0.  0.  1.  0.] -1 6.17534544468
2291 [ 0.  0.  1.  0.] -1 10.4221251965
2292 [ 0.  0.  1.  0.] -1 10.5408063412
2293 [ 0.  0.  1.  0.] -1 10.4890434742
2294 [ 0.  0.  1.  0.] -1 10.4975860596
2295 [ 0.  0.  1.  0.] 0 11.4975860596
2296 [ 0.  0.  0.  1.] -2 10.85970397
2297 [ 0.  0.  0.  1.] -1 12.1136948109
2298 [ 0.  0.  0.  1.] -1 10.0771330357
2299 [ 0.  0.  0.  1.] -1 10.1185540199
2300 [ 0.  0.  0.  1.] -1 10.2191851139
2301 [ 0.  0.  0.  1.] -1 10.226119566
2302 [ 0.  0.  0.  1.] -1 10.3588136673
2303 [ 0.  0.  0.  1.] -1 10.8953721046
2304 [ 0.  0.  0.  1.] -1 11.4724899292
2305 [ 0.  0.  0.  1.] -1 10.9373801708
2306 [ 0.  0.  0.  1.] -1 9.9146381855
2307 [ 0.  0.  0.  1.] 0 10.9146381855
2308 [ 0.  0.  1.  0.] -2 11.7353964329
2309 [ 0.  0.  1.  0.] -1 12.8687491894
2310 [ 0.  0.  1.  0.] -1 13.4250002384
2311 [ 0.  0.  1.  0.] -1 12.7587592125
2312 [ 0.  0.  1.  0.] -1 12.3438445091
2313 [ 0.  0.  1.  0.] -1 12.329105854
2314 [ 0.  0.  1.  0.] -1 12.7910532475
2315 [ 0.  0.  1.  0.] -1 9.12036890984
2316 [ 0.  0.  1.  0.] -1 8.79668111801
2317 [ 0.  0.  1.  0.] -1 9.09011969566
2318 [ 0.  0.  1.  0.] -1 9.89804134369
2319 [ 0.  0.  1.  0.] 0 10.8980413437
2320 [ 0.  1.  0.  0.] -2 11.1829786301
2321 [ 0.  1.  0.  0.] -1 12.0834582806
2322 [ 0.  1.  0.  0.] -1 10.7017256737
2323 [ 0.  1.  0.  0.] -1 13.2571618557
2324 [ 0.  1.  0.  0.] -1 12.1609005451
2325 [ 0.  1.  0.  0.] -1 13.4206895351
2326 [ 0.  1.  0.  0.] -1 12.9046255112
2327 [ 0.  1.  0.  0.] -1 16.3492851257
2328 [ 0.  1.  0.  0.] -1 16.0121768951
2329 [ 0.  1.  0.  0.] -1 15.7726891518
2330 [ 0.  1.  0.  0.] -1 14.4072199821
2331 [ 0.  1.  0.  0.] 0 15.4072199821
2332 [ 0.  0.  1.  0.] -2 7.24954342842
2333 [ 0.  0.  1.  0.] -1 8.23380184174
2334 [ 0.  0.  1.  0.] -1 8.33672327995
2335 [ 0.  0.  1.  0.] -1 18.4670472145
2336 [ 0.  0.  1.  0.] -1 17.4261854172
2337 [ 0.  0.  1.  0.] -1 17.2744011879
2338 [ 0.  0.  1.  0.] -1 19.4617179871
2339 [ 0.  0.  1.  0.] -1 19.6491583824
2340 [ 0.  0.  1.  0.] -1 18.729654026
2341 [ 0.  0.  1.  0.] -1 19.7001819611
2342 [ 0.  0.  1.  0.] -1 20.231476593
2343 [ 0.  0.  1.  0.] 0 21.231476593
2344 [ 0.  1.  0.  0.] -2 19.5184835434
2345 [ 0.  1.  0.  0.] -1 19.3060162544
2346 [ 0.  1.  0.  0.] -1 21.0770358086
2347 [ 0.  1.  0.  0.] -1 24.1194047928
2348 [ 0.  1.  0.  0.] -1 23.04572258
2349 [ 0.  1.  0.  0.] -1 21.8406916618
2350 [ 0.  1.  0.  0.] -1 23.3600650787
2351 [ 0.  1.  0.  0.] -1 22.2026204109
2352 [ 0.  1.  0.  0.] -1 20.948604393
2353 [ 0.  1.  0.  0.] -1 20.4344837189
2354 [ 0.  1.  0.  0.] -1 20.8409092903
2355 [ 0.  1.  0.  0.] 0 21.8409092903
2356 [ 1.  0.  0.  0.] -2 31.3984375
2357 [ 1.  0.  0.  0.] -1 34.2689601898
2358 [ 1.  0.  0.  0.] -1 32.5389783859
2359 [ 1.  0.  0.  0.] -1 31.3981876373
2360 [ 1.  0.  0.  0.] -1 32.5502561569
2361 [ 1.  0.  0.  0.] -1 33.6674549103
2362 [ 1.  0.  0.  0.] -1 22.1709524155
2363 [ 1.  0.  0.  0.] -1 21.6288293839
2364 [ 1.  0.  0.  0.] -1 21.4666534424
2365 [ 1.  0.  0.  0.] -1 20.6921474457
2366 [ 1.  0.  0.  0.] -1 19.359359169
2367 [ 1.  0.  0.  0.] 0 20.359359169
2368 [ 0.  1.  0.  0.] -2 16.8327523232
2369 [ 0.  1.  0.  0.] -1 16.8174938202
2370 [ 0.  1.  0.  0.] -1 14.8142362595
2371 [ 0.  1.  0.  0.] -1 14.0719572544
2372 [ 0.  1.  0.  0.] -1 13.4531991959
2373 [ 0.  1.  0.  0.] -1 14.9382500648
2374 [ 0.  1.  0.  0.] -1 14.6294812202
2375 [ 0.  1.  0.  0.] -1 18.2591930389
2376 [ 0.  1.  0.  0.] -1 17.443359375
2377 [ 0.  1.  0.  0.] -1 17.9026060104
2378 [ 0.  1.  0.  0.] -1 16.9374505997
2379 [ 0.  1.  0.  0.] 0 17.9374505997
2380 [ 1.  0.  0.  0.] -2 25.5056735039
2381 [ 1.  0.  0.  0.] -1 27.0656826019
2382 [ 1.  0.  0.  0.] 9 35.4585531235
2383 [ 1.  0.  0.  0.] -1 26.5720101357
2384 [ 1.  0.  0.  0.] -1 26.2682659149
2385 [ 1.  0.  0.  0.] -1 26.5826029778
2386 [ 1.  0.  0.  0.] 9 36.0309742928
2387 [ 1.  0.  0.  0.] -1 25.6199426651
2388 [ 1.  0.  0.  0.] -1 25.4587143898
2389 [ 1.  0.  0.  0.] -1 26.3206231117
2390 [ 1.  0.  0.  0.] -1 35.9559545517
2391 [ 1.  0.  0.  0.] 0 36.9559545517
2392 [ 0.  0.  0.  1.] -2 15.6221024513
2393 [ 0.  0.  0.  1.] -1 16.5339169502
2394 [ 0.  0.  0.  1.] -1 13.5149379253
2395 [ 0.  0.  0.  1.] -1 13.0804293633
2396 [ 0.  0.  0.  1.] -1 12.7889105797
2397 [ 0.  0.  0.  1.] -1 12.8537142754
2398 [ 0.  0.  0.  1.] -1 12.6179193497
2399 [ 0.  0.  0.  1.] -1 12.8479095936
2400 [ 0.  0.  0.  1.] -1 13.0587073326
2401 [ 0.  0.  0.  1.] -1 12.4838780403
2402 [ 0.  0.  0.  1.] -1 11.1373830318
2403 [ 0.  0.  0.  1.] -1 10.9355545998
2404 [ 0.  0.  0.  1.] -1 10.9323419571
2405 [ 0.  0.  0.  1.] -1 10.9014676094
2406 [ 0.  0.  0.  1.] -1 10.2125768185
2407 [ 0.  0.  0.  1.] -1 10.2375758171
2408 [ 0.  0.  0.  1.] -1 10.3729380608
2409 [ 0.  0.  0.  1.] -1 10.3710554123
2410 [ 0.  0.  0.  1.] -1 10.7474936008
2411 [ 0.  0.  0.  1.] -1 11.1490231991
2412 [ 0.  0.  0.  1.] -1 11.3291477203
2413 [ 0.  0.  0.  1.] -1 11.5529464245
2414 [ 0.  0.  0.  1.] -1 11.1631439686
2415 [ 0.  0.  0.  1.] -1 11.4068590641
2416 [ 0.  0.  0.  1.] -1 11.811024189
2417 [ 0.  0.  0.  1.] -1 12.0511669636
2418 [ 0.  0.  0.  1.] -1 10.0034451962
2419 [ 0.  0.  0.  1.] -1 10.0272138596
2420 [ 0.  0.  0.  1.] -1 10.0946893215
2421 [ 0.  0.  0.  1.] -1 10.1109002113
2422 [ 0.  0.  0.  1.] -1 10.2479276657
2423 [ 0.  0.  0.  1.] -1 10.8014217854
2424 [ 0.  0.  0.  1.] -1 11.3915152073
2425 [ 0.  0.  0.  1.] -1 10.866906786
2426 [ 0.  0.  0.  1.] -1 9.85086097717
2427 [ 0.  0.  0.  1.] 0 10.8508609772
2428 [ 0.  0.  1.  0.] -2 11.6631328106
2429 [ 0.  0.  1.  0.] -1 12.7957444668
2430 [ 0.  0.  1.  0.] -1 13.3576452732
2431 [ 0.  0.  1.  0.] -1 12.6816467285
2432 [ 0.  0.  1.  0.] -1 12.2666323662
2433 [ 0.  0.  1.  0.] -1 12.251996088
2434 [ 0.  0.  1.  0.] -1 12.7139516354
2435 [ 0.  0.  1.  0.] -1 9.04322199821
2436 [ 0.  0.  1.  0.] -1 8.71954236031
2437 [ 0.  0.  1.  0.] -1 9.01316576004
2438 [ 0.  0.  1.  0.] -1 9.82110462189
2439 [ 0.  0.  1.  0.] 0 10.8211046219
2440 [ 0.  0.  0.  1.] -2 8.86869540215
2441 [ 0.  0.  0.  1.] -1 10.3422476292
2442 [ 0.  0.  0.  1.] -1 9.45393381119
2443 [ 0.  0.  0.  1.] -1 9.63479671478
2444 [ 0.  0.  0.  1.] -1 9.707741642
2445 [ 0.  0.  0.  1.] -1 10.1859488487
2446 [ 0.  0.  0.  1.] -1 9.45947122574
2447 [ 0.  0.  0.  1.] -1 9.54744110107
2448 [ 0.  0.  0.  1.] -1 9.69867267609
2449 [ 0.  0.  0.  1.] -1 9.72614593506
2450 [ 0.  0.  0.  1.] -1 8.88323402405
2451 [ 0.  0.  0.  1.] -1 9.30538759232
2452 [ 0.  0.  0.  1.] -1 9.48551754951
2453 [ 0.  0.  0.  1.] -1 9.79208302498
2454 [ 0.  0.  0.  1.] -1 9.4603908062
2455 [ 0.  0.  0.  1.] -1 9.55297398567
2456 [ 0.  0.  0.  1.] -1 9.36529531479
2457 [ 0.  0.  0.  1.] -1 9.24071345329
2458 [ 0.  0.  0.  1.] -1 10.5579966068
2459 [ 0.  0.  0.  1.] -1 12.0017134666
2460 [ 0.  0.  0.  1.] -1 12.7106819153
2461 [ 0.  0.  0.  1.] -1 14.3683366776
2462 [ 0.  0.  0.  1.] -1 20.1431479454
2463 [ 0.  0.  0.  1.] 0 21.1431479454
2464 [ 0.  0.  1.  0.] -2 14.113950634
2465 [ 0.  0.  1.  0.] -1 15.2369316101
2466 [ 0.  0.  1.  0.] -1 13.7319906235
2467 [ 0.  0.  1.  0.] -1 14.0615120888
2468 [ 0.  0.  1.  0.] -1 13.7871799469
2469 [ 0.  0.  1.  0.] -1 14.1213246822
2470 [ 0.  0.  1.  0.] -1 13.8879297256
2471 [ 0.  0.  1.  0.] -1 14.1349553108
2472 [ 0.  0.  1.  0.] -1 13.8766909122
2473 [ 0.  0.  1.  0.] -1 13.8217507362
2474 [ 0.  0.  1.  0.] -1 13.8811375141
2475 [ 0.  0.  1.  0.] -1 13.7260219574
2476 [ 0.  0.  1.  0.] -1 13.6177705765
2477 [ 0.  0.  1.  0.] -1 13.9698113441
2478 [ 0.  0.  1.  0.] -1 14.8966379166
2479 [ 0.  0.  1.  0.] -1 19.7435517311
2480 [ 0.  0.  1.  0.] -1 19.4990846634
2481 [ 0.  0.  1.  0.] -1 19.840528965
2482 [ 0.  0.  1.  0.] -1 24.1636026382
2483 [ 0.  0.  1.  0.] -1 32.7198358536
2484 [ 0.  0.  1.  0.] -1 31.8474683762
2485 [ 0.  0.  1.  0.] -1 31.5682964325
2486 [ 0.  0.  1.  0.] -1 37.4509078979
2487 [ 0.  0.  1.  0.] 0 38.4509078979
2488 [ 0.  1.  0.  0.] -2 57.4252353668
2489 [ 0.  1.  0.  0.] -1 57.1476581573
2490 [ 0.  1.  0.  0.] -1 55.8427743912
2491 [ 0.  1.  0.  0.] -1 42.8136293411
2492 [ 0.  1.  0.  0.] -1 43.2824069977
2493 [ 0.  1.  0.  0.] -1 43.1203941345
2494 [ 0.  1.  0.  0.] -1 42.5361316681
2495 [ 0.  1.  0.  0.] -1 39.7723674774
2496 [ 0.  1.  0.  0.] -1 40.6623184204
2497 [ 0.  1.  0.  0.] -1 38.5091266632
2498 [ 0.  1.  0.  0.] -1 35.2257225037
2499 [ 0.  1.  0.  0.] -1 13.5126838207
2500 [ 0.  1.  0.  0.] -1 12.3639131069
2501 [ 0.  1.  0.  0.] -1 9.01427378654
2502 [ 0.  1.  0.  0.] -101 -101
