0 [ 0.  1.  0.  0.] -1 34.3104291916
1 [ 0.  1.  0.  0.] -1 34.1571826935
2 [ 0.  1.  0.  0.] -1 36.2084794998
3 [ 0.  1.  0.  0.] -1 40.59122715
4 [ 0.  1.  0.  0.] -1 40.9384027481
5 [ 0.  1.  0.  0.] 9 52.1054237366
6 [ 0.  1.  0.  0.] 0 43.1054237366
7 [ 1.  0.  0.  0.] -2 49.604775238
8 [ 1.  0.  0.  0.] -1 49.793862915
9 [ 1.  0.  0.  0.] 9 60.5160352707
10 [ 1.  0.  0.  0.] -1 52.3011882782
11 [ 1.  0.  0.  0.] -1 51.764233017
12 [ 1.  0.  0.  0.] -1 52.4360975266
13 [ 1.  0.  0.  0.] 9 54.0811174393
14 [ 1.  0.  0.  0.] -1 45.0428844452
15 [ 1.  0.  0.  0.] -1 44.2529947281
16 [ 1.  0.  0.  0.] -1 45.4950281143
17 [ 1.  0.  0.  0.] 9 55.8802770615
18 [ 1.  0.  0.  0.] 0 46.8802770615
19 [ 0.  1.  0.  0.] -2 31.9309207916
20 [ 0.  1.  0.  0.] -1 32.353427887
21 [ 0.  1.  0.  0.] 9 43.3457050323
22 [ 0.  1.  0.  0.] -1 37.138120079
23 [ 0.  1.  0.  0.] -1 37.4859117508
24 [ 0.  1.  0.  0.] -1 39.1512348175
25 [ 0.  1.  0.  0.] 9 50.1277332306
26 [ 0.  1.  0.  0.] -1 43.4358057022
27 [ 0.  1.  0.  0.] -1 43.7574903488
28 [ 0.  1.  0.  0.] -1 43.4030704498
29 [ 0.  1.  0.  0.] 9 54.1809720993
30 [ 0.  1.  0.  0.] 0 45.1809720993
31 [ 1.  0.  0.  0.] -2 71.094575119
32 [ 1.  0.  0.  0.] -1 74.0333007812
33 [ 1.  0.  0.  0.] 9 97.3111221313
34 [ 1.  0.  0.  0.] -1 89.6670383453
35 [ 1.  0.  0.  0.] -1 90.1658260345
36 [ 1.  0.  0.  0.] -1 91.645627594
37 [ 1.  0.  0.  0.] 9 109.36047821
38 [ 1.  0.  0.  0.] -1 104.323603439
39 [ 1.  0.  0.  0.] -1 70.4029022217
40 [ 1.  0.  0.  0.] -1 70.7873756409
41 [ 1.  0.  0.  0.] 9 79.1066616058
42 [ 1.  0.  0.  0.] 0 70.1066616058
43 [ 0.  1.  0.  0.] -2 39.8642709732
44 [ 0.  1.  0.  0.] -1 40.9094545364
45 [ 0.  1.  0.  0.] 9 50.8944259644
46 [ 0.  1.  0.  0.] -1 44.2664215088
47 [ 0.  1.  0.  0.] -1 45.2371940613
48 [ 0.  1.  0.  0.] -1 45.802245903
49 [ 0.  1.  0.  0.] 9 55.8970632553
50 [ 0.  1.  0.  0.] -1 48.128960228
51 [ 0.  1.  0.  0.] -1 49.0527263641
52 [ 0.  1.  0.  0.] -1 49.8080797195
53 [ 0.  1.  0.  0.] 9 59.9816095352
54 [ 0.  1.  0.  0.] -1 53.9781188965
55 [ 0.  1.  0.  0.] -1 54.6139249802
56 [ 0.  1.  0.  0.] -1 54.8505226135
57 [ 0.  1.  0.  0.] 9 64.683048439
58 [ 0.  1.  0.  0.] -1 55.2290672302
59 [ 0.  1.  0.  0.] -1 55.6833526611
60 [ 0.  1.  0.  0.] -1 56.0055229187
61 [ 0.  1.  0.  0.] 9 66.4881259918
62 [ 0.  1.  0.  0.] -1 59.5971632004
63 [ 0.  1.  0.  0.] -1 60.1715141296
64 [ 0.  1.  0.  0.] -1 60.4049697876
65 [ 0.  1.  0.  0.] 9 70.2763408661
66 [ 0.  1.  0.  0.] -1 62.3293735504
67 [ 0.  1.  0.  0.] -1 63.2360816956
68 [ 0.  1.  0.  0.] -1 64.2034549713
69 [ 0.  1.  0.  0.] 9 74.6870800018
70 [ 0.  1.  0.  0.] -1 68.0541252136
71 [ 0.  1.  0.  0.] -1 68.9698280334
72 [ 0.  1.  0.  0.] -1 69.4482200623
73 [ 0.  1.  0.  0.] 9 79.1866424561
74 [ 0.  1.  0.  0.] 0 70.1866424561
75 [ 0.  0.  1.  0.] -2 63.6651985168
76 [ 0.  0.  1.  0.] -1 64.7859344482
77 [ 0.  0.  1.  0.] 9 75.4400379181
78 [ 0.  0.  1.  0.] -1 56.2789291382
79 [ 0.  0.  1.  0.] -1 56.2846260071
80 [ 0.  0.  1.  0.] -1 56.1538045883
81 [ 0.  0.  1.  0.] 49 144.483777237
82 [ 0.  0.  1.  0.] -1 85.1617717743
83 [ 0.  0.  1.  0.] -1 84.8994838715
84 [ 0.  0.  1.  0.] -1 85.003049469
85 [ 0.  0.  1.  0.] 9 96.403377533
86 [ 0.  0.  1.  0.] -1 77.7338157654
87 [ 0.  0.  1.  0.] -1 76.8796405792
88 [ 0.  0.  1.  0.] -1 76.9574180603
89 [ 0.  0.  1.  0.] 9 88.6729946136
90 [ 0.  0.  1.  0.] -1 73.5566120148
91 [ 0.  0.  1.  0.] -1 72.6949932098
92 [ 0.  0.  1.  0.] -1 74.4878471375
93 [ 0.  0.  1.  0.] 9 85.5496463776
94 [ 0.  0.  1.  0.] -1 48.5874567032
95 [ 0.  0.  1.  0.] -1 47.8428592682
96 [ 0.  0.  1.  0.] -1 48.4085199356
97 [ 0.  0.  1.  0.] 9 59.1114490509
98 [ 0.  0.  1.  0.] 0 50.1114490509
99 [ 0.  0.  0.  1.] -2 79.3700962067
100 [ 0.  0.  0.  1.] -1 78.4464099884
101 [ 0.  0.  0.  1.] 9 72.7660030365
102 [ 0.  0.  0.  1.] -1 60.6774047852
103 [ 0.  0.  0.  1.] -1 59.6301158905
104 [ 0.  0.  0.  1.] -1 58.1076313019
105 [ 0.  0.  0.  1.] 9 62.0825799942
106 [ 0.  0.  0.  1.] 0 53.0825799942
107 [ 0.  0.  1.  0.] -2 56.6547483444
108 [ 0.  0.  1.  0.] -1 59.9717758179
109 [ 0.  0.  1.  0.] 9 71.4674793243
110 [ 0.  0.  1.  0.] -1 66.1470367432
111 [ 0.  0.  1.  0.] -1 65.6122558594
112 [ 0.  0.  1.  0.] -1 67.0928981781
113 [ 0.  0.  1.  0.] 9 79.3951580048
114 [ 0.  0.  1.  0.] -1 57.6659391403
115 [ 0.  0.  1.  0.] -1 57.6334756851
116 [ 0.  0.  1.  0.] -1 57.8749656677
117 [ 0.  0.  1.  0.] 9 68.7877838135
118 [ 0.  0.  1.  0.] -1 52.6161432266
119 [ 0.  0.  1.  0.] -1 52.7406190872
120 [ 0.  0.  1.  0.] -1 53.8949707031
121 [ 0.  0.  1.  0.] 9 66.8168664932
122 [ 0.  0.  1.  0.] -1 64.082327652
123 [ 0.  0.  1.  0.] -1 63.83306427
124 [ 0.  0.  1.  0.] -1 65.4251796722
125 [ 0.  0.  1.  0.] 9 78.7422214508
126 [ 0.  0.  1.  0.] -1 56.205500412
127 [ 0.  0.  1.  0.] -1 55.3147050858
128 [ 0.  0.  1.  0.] -1 56.9291513443
129 [ 0.  0.  1.  0.] 9 70.4715709686
130 [ 0.  0.  1.  0.] -1 51.396991539
131 [ 0.  0.  1.  0.] -1 51.7036149979
132 [ 0.  0.  1.  0.] -1 53.0758573532
133 [ 0.  0.  1.  0.] 9 65.037272644
134 [ 0.  0.  1.  0.] -1 56.5502080917
135 [ 0.  0.  1.  0.] -1 54.3525938034
136 [ 0.  0.  1.  0.] -1 54.7184328079
137 [ 0.  0.  1.  0.] 9 71.461724472
138 [ 0.  0.  1.  0.] -1 61.8041236877
139 [ 0.  0.  1.  0.] -1 60.1026298523
140 [ 0.  0.  1.  0.] -1 61.2945148468
141 [ 0.  0.  1.  0.] 9 72.6987350464
142 [ 0.  0.  1.  0.] -1 58.8029283524
143 [ 0.  0.  1.  0.] -1 59.9220333099
144 [ 0.  0.  1.  0.] -1 62.4467319489
145 [ 0.  0.  1.  0.] 9 78.9447864532
146 [ 0.  0.  1.  0.] -1 74.5589057922
147 [ 0.  0.  1.  0.] -1 76.2371772766
148 [ 0.  0.  1.  0.] -1 79.6163192749
149 [ 0.  0.  1.  0.] 9 93.3912269592
150 [ 0.  0.  1.  0.] -1 101.727889633
151 [ 0.  0.  1.  0.] -1 99.9190467834
152 [ 0.  0.  1.  0.] -1 99.2681541443
153 [ 0.  0.  1.  0.] 9 118.994746017
154 [ 0.  0.  1.  0.] 0 109.994746017
155 [ 0.  0.  0.  1.] -2 87.9050060272
156 [ 0.  0.  0.  1.] -1 89.8557453156
157 [ 0.  0.  0.  1.] -1 96.3058113098
158 [ 0.  0.  0.  1.] -1 95.4340164185
159 [ 0.  0.  0.  1.] -1 99.4372627258
160 [ 0.  0.  0.  1.] -1 99.834753418
161 [ 0.  0.  0.  1.] -1 109.484524536
162 [ 0.  0.  0.  1.] -1 108.866240311
163 [ 0.  0.  0.  1.] -1 113.378225708
164 [ 0.  0.  0.  1.] -1 114.955606079
165 [ 0.  0.  0.  1.] -1 127.605684662
166 [ 0.  0.  0.  1.] -1 125.98052597
167 [ 0.  0.  0.  1.] -1 126.580480194
168 [ 0.  0.  0.  1.] -1 131.841429901
169 [ 0.  0.  0.  1.] -1 128.866359711
170 [ 0.  0.  0.  1.] -1 131.917721558
171 [ 0.  0.  0.  1.] -1 135.55841217
172 [ 0.  0.  0.  1.] -1 146.670568085
173 [ 0.  0.  0.  1.] -1 185.607130432
174 [ 0.  0.  0.  1.] -1 191.308652496
175 [ 0.  0.  0.  1.] -1 202.530846405
176 [ 0.  0.  0.  1.] -1 208.219612122
177 [ 0.  0.  0.  1.] -1 189.403013611
178 [ 0.  0.  0.  1.] 0 190.403013611
179 [ 1.  0.  0.  0.] -2 256.88387146
180 [ 1.  0.  0.  0.] -1 256.262394714
181 [ 1.  0.  0.  0.] -1 93.9689933777
182 [ 1.  0.  0.  0.] -1 91.045803833
183 [ 1.  0.  0.  0.] -1 89.7459609985
184 [ 1.  0.  0.  0.] -1 88.6053623199
185 [ 1.  0.  0.  0.] -1 82.2047054291
186 [ 1.  0.  0.  0.] -1 79.5418178558
187 [ 1.  0.  0.  0.] -1 79.223235321
188 [ 1.  0.  0.  0.] -1 80.3603477478
189 [ 1.  0.  0.  0.] -1 123.861435699
190 [ 1.  0.  0.  0.] 0 124.861435699
191 [ 0.  1.  0.  0.] -2 87.2242736816
192 [ 0.  1.  0.  0.] -1 84.3716899872
193 [ 0.  1.  0.  0.] -1 90.86873703
194 [ 0.  1.  0.  0.] -1 105.872383499
195 [ 0.  1.  0.  0.] -1 105.122288513
196 [ 0.  1.  0.  0.] -1 101.882901001
197 [ 0.  1.  0.  0.] -1 107.058020782
198 [ 0.  1.  0.  0.] -1 101.846538162
199 [ 0.  1.  0.  0.] -1 97.5926296234
200 [ 0.  1.  0.  0.] -1 97.7253536224
201 [ 0.  1.  0.  0.] -1 97.4946811676
202 [ 0.  1.  0.  0.] 0 98.4946811676
203 [ 1.  0.  0.  0.] -2 135.440861511
204 [ 1.  0.  0.  0.] -1 143.682074738
205 [ 1.  0.  0.  0.] -1 137.808718872
206 [ 1.  0.  0.  0.] -1 133.102539825
207 [ 1.  0.  0.  0.] -1 137.419766235
208 [ 1.  0.  0.  0.] -1 137.803369904
209 [ 1.  0.  0.  0.] -1 82.7677677155
210 [ 1.  0.  0.  0.] -1 81.9515861511
211 [ 1.  0.  0.  0.] -1 81.5262634277
212 [ 1.  0.  0.  0.] -1 79.849760437
213 [ 1.  0.  0.  0.] -1 90.0488880157
214 [ 1.  0.  0.  0.] 0 91.0488880157
215 [ 0.  1.  0.  0.] -2 72.070798111
216 [ 0.  1.  0.  0.] -1 73.080046463
217 [ 0.  1.  0.  0.] -1 68.1501457214
218 [ 0.  1.  0.  0.] -1 70.7994506836
219 [ 0.  1.  0.  0.] -1 70.8453010559
220 [ 0.  1.  0.  0.] -1 75.6590320587
221 [ 0.  1.  0.  0.] -1 73.2657672882
222 [ 0.  1.  0.  0.] -1 80.4250282288
223 [ 0.  1.  0.  0.] -1 80.7963394165
224 [ 0.  1.  0.  0.] -1 82.6545116425
225 [ 0.  1.  0.  0.] -1 78.7283905029
226 [ 0.  1.  0.  0.] 0 79.7283905029
227 [ 1.  0.  0.  0.] -2 101.459676361
228 [ 1.  0.  0.  0.] -1 103.869318008
229 [ 1.  0.  0.  0.] -1 93.1639663696
230 [ 1.  0.  0.  0.] -1 94.866047287
231 [ 1.  0.  0.  0.] -1 94.1881416321
232 [ 1.  0.  0.  0.] -1 94.8649673462
233 [ 1.  0.  0.  0.] -1 76.3058151245
234 [ 1.  0.  0.  0.] -1 75.551240921
235 [ 1.  0.  0.  0.] -1 74.0102668762
236 [ 1.  0.  0.  0.] -1 75.1452484131
237 [ 1.  0.  0.  0.] -1 88.4996440887
238 [ 1.  0.  0.  0.] -1 90.3802051544
239 [ 1.  0.  0.  0.] -1 90.3622810364
240 [ 1.  0.  0.  0.] -1 93.546591568
241 [ 1.  0.  0.  0.] -1 107.57525444
242 [ 1.  0.  0.  0.] -1 109.825633621
243 [ 1.  0.  0.  0.] -1 110.002497482
244 [ 1.  0.  0.  0.] -1 117.305405045
245 [ 1.  0.  0.  0.] -1 107.14516983
246 [ 1.  0.  0.  0.] -1 109.350162506
247 [ 1.  0.  0.  0.] -1 106.856079102
248 [ 1.  0.  0.  0.] -1 107.964381027
249 [ 1.  0.  0.  0.] -1 106.048631287
250 [ 1.  0.  0.  0.] 0 107.048631287
251 [ 0.  0.  0.  1.] -2 51.3361305237
252 [ 0.  0.  0.  1.] -1 53.4281318665
253 [ 0.  0.  0.  1.] 9 54.5647895813
254 [ 0.  0.  0.  1.] -1 43.4267530441
255 [ 0.  0.  0.  1.] -1 42.9332490921
256 [ 0.  0.  0.  1.] -1 41.6892841339
257 [ 0.  0.  0.  1.] 9 52.3433404922
258 [ 0.  0.  0.  1.] -1 41.5673522949
259 [ 0.  0.  0.  1.] -1 41.90229702
260 [ 0.  0.  0.  1.] -1 42.0122480392
261 [ 0.  0.  0.  1.] 9 43.7755250931
262 [ 0.  0.  0.  1.] -1 32.3022684097
263 [ 0.  0.  0.  1.] -1 31.7753044128
264 [ 0.  0.  0.  1.] -1 31.0793985367
265 [ 0.  0.  0.  1.] 9 39.6908338547
266 [ 0.  0.  0.  1.] -1 29.2558188438
267 [ 0.  0.  0.  1.] -1 29.0796743393
268 [ 0.  0.  0.  1.] -1 29.7815670013
269 [ 0.  0.  0.  1.] 9 41.4656078339
270 [ 0.  0.  0.  1.] -1 32.0551214218
271 [ 0.  0.  0.  1.] -1 33.8281848907
272 [ 0.  0.  0.  1.] -1 34.2320972443
273 [ 0.  0.  0.  1.] 9 41.5848905563
274 [ 0.  0.  0.  1.] 0 32.5848905563
275 [ 0.  0.  1.  0.] -2 33.2554754257
276 [ 0.  0.  1.  0.] -1 36.2285743713
277 [ 0.  0.  1.  0.] 9 47.2060258865
278 [ 0.  0.  1.  0.] -1 35.4453092575
279 [ 0.  0.  1.  0.] -1 36.2675935745
280 [ 0.  0.  1.  0.] -1 34.8816019058
281 [ 0.  0.  1.  0.] 9 48.2057828903
282 [ 0.  0.  1.  0.] -1 29.1679431915
283 [ 0.  0.  1.  0.] -1 30.1846639633
284 [ 0.  0.  1.  0.] -1 30.4005144119
285 [ 0.  0.  1.  0.] 9 42.7775764465
286 [ 0.  0.  1.  0.] 0 33.7775764465
287 [ 0.  1.  0.  0.] -2 45.753307724
288 [ 0.  1.  0.  0.] -1 46.0831573486
289 [ 0.  1.  0.  0.] 9 58.6075370789
290 [ 0.  1.  0.  0.] -1 54.7625581741
291 [ 0.  1.  0.  0.] -1 57.3819328308
292 [ 0.  1.  0.  0.] -1 58.0474155426
293 [ 0.  1.  0.  0.] 9 69.9192863464
294 [ 0.  1.  0.  0.] -1 65.4099662781
295 [ 0.  1.  0.  0.] -1 66.8180786133
296 [ 0.  1.  0.  0.] -1 65.7497272491
297 [ 0.  1.  0.  0.] 9 78.9446052551
298 [ 0.  1.  0.  0.] -1 73.4174663544
299 [ 0.  1.  0.  0.] -1 76.4769748688
300 [ 0.  1.  0.  0.] -1 75.9700912476
301 [ 0.  1.  0.  0.] 9 88.6159461975
302 [ 0.  1.  0.  0.] -1 76.0383232117
303 [ 0.  1.  0.  0.] -1 76.6851207733
304 [ 0.  1.  0.  0.] -1 77.4126457214
305 [ 0.  1.  0.  0.] 9 90.2820484161
306 [ 0.  1.  0.  0.] -1 85.7779251099
307 [ 0.  1.  0.  0.] -1 86.8281856537
308 [ 0.  1.  0.  0.] -1 87.1518779755
309 [ 0.  1.  0.  0.] -1 87.9731910706
310 [ 0.  1.  0.  0.] 0 88.9731910706
311 [ 0.  0.  1.  0.] -2 52.2269838333
312 [ 0.  0.  1.  0.] -1 53.647073555
313 [ 0.  0.  1.  0.] -1 59.8279987335
314 [ 0.  0.  1.  0.] -1 58.3139144897
315 [ 0.  0.  1.  0.] -1 56.5540639877
316 [ 0.  0.  1.  0.] -1 57.6958042145
317 [ 0.  0.  1.  0.] -1 60.4456523895
318 [ 0.  0.  1.  0.] -1 47.8985052109
319 [ 0.  0.  1.  0.] -1 47.7491689682
320 [ 0.  0.  1.  0.] -1 48.8239709854
321 [ 0.  0.  1.  0.] -1 53.1611074448
322 [ 0.  0.  1.  0.] -1 44.221777916
323 [ 0.  0.  1.  0.] -1 44.1606887817
324 [ 0.  0.  1.  0.] -1 44.6485937119
325 [ 0.  0.  1.  0.] -1 46.7267187119
326 [ 0.  0.  1.  0.] -1 48.7502378464
327 [ 0.  0.  1.  0.] -1 46.7779144287
328 [ 0.  0.  1.  0.] -1 47.3414188385
329 [ 0.  0.  1.  0.] -1 53.1132602692
330 [ 0.  0.  1.  0.] -1 50.8608154297
331 [ 0.  0.  1.  0.] -1 48.6454582214
332 [ 0.  0.  1.  0.] -1 49.3139814377
333 [ 0.  0.  1.  0.] -1 50.7776853561
334 [ 0.  0.  1.  0.] -1 46.698466301
335 [ 0.  0.  1.  0.] -1 47.1646636963
336 [ 0.  0.  1.  0.] -1 48.9316099167
337 [ 0.  0.  1.  0.] -1 53.2268135071
338 [ 0.  0.  1.  0.] -1 57.8453180313
339 [ 0.  0.  1.  0.] -1 59.1098199844
340 [ 0.  0.  1.  0.] -1 62.2452976227
341 [ 0.  0.  1.  0.] -1 66.9954860687
342 [ 0.  0.  1.  0.] -1 93.0803833008
343 [ 0.  0.  1.  0.] -1 90.476537323
344 [ 0.  0.  1.  0.] -1 88.6929244995
345 [ 0.  0.  1.  0.] -1 98.5946624756
346 [ 0.  0.  1.  0.] -1 104.696610641
347 [ 0.  0.  1.  0.] -1 101.698383331
348 [ 0.  0.  1.  0.] -1 105.423976135
349 [ 0.  0.  1.  0.] 9 117.676116562
350 [ 0.  0.  1.  0.] -1 104.391654205
351 [ 0.  0.  1.  0.] -1 104.552935028
352 [ 0.  0.  1.  0.] -1 105.957032013
353 [ 0.  0.  1.  0.] 9 121.413320541
354 [ 0.  0.  1.  0.] -1 116.507698441
355 [ 0.  0.  1.  0.] -1 117.867430878
356 [ 0.  0.  1.  0.] -1 120.342734909
357 [ 0.  0.  1.  0.] 9 134.016497803
358 [ 0.  0.  1.  0.] -1 134.764590454
359 [ 0.  0.  1.  0.] -1 134.025737
360 [ 0.  0.  1.  0.] -1 133.545344543
361 [ 0.  0.  1.  0.] 9 147.577611542
362 [ 0.  0.  1.  0.] -1 154.788620758
363 [ 0.  0.  1.  0.] -1 151.185894775
364 [ 0.  0.  1.  0.] -1 156.301987457
365 [ 0.  0.  1.  0.] 9 171.762733459
366 [ 0.  0.  1.  0.] -1 167.143491364
367 [ 0.  0.  1.  0.] -1 165.743221283
368 [ 0.  0.  1.  0.] -1 167.553825378
369 [ 0.  0.  1.  0.] 9 184.957899475
370 [ 0.  0.  1.  0.] -1 156.007982635
371 [ 0.  0.  1.  0.] -1 157.121220398
372 [ 0.  0.  1.  0.] -1 157.951716614
373 [ 0.  0.  1.  0.] 9 169.330460358
374 [ 0.  0.  1.  0.] 0 160.330460358
375 [ 0.  1.  0.  0.] -2 204.046977997
376 [ 0.  1.  0.  0.] -1 204.106298828
377 [ 0.  1.  0.  0.] 9 221.844197845
378 [ 0.  1.  0.  0.] -1 263.071240234
379 [ 0.  1.  0.  0.] -1 269.297381592
380 [ 0.  1.  0.  0.] -1 270.957562256
381 [ 0.  1.  0.  0.] 9 276.39803772
382 [ 0.  1.  0.  0.] 0 267.39803772
383 [ 0.  0.  1.  0.] -2 256.407595825
384 [ 0.  0.  1.  0.] -1 261.446168518
385 [ 0.  0.  1.  0.] 9 275.850587463
386 [ 0.  0.  1.  0.] -1 281.297886658
387 [ 0.  0.  1.  0.] -1 279.416035461
388 [ 0.  0.  1.  0.] -1 284.380284119
389 [ 0.  0.  1.  0.] 49 656.044723511
390 [ 0.  0.  1.  0.] -1 663.018457031
391 [ 0.  0.  1.  0.] -1 650.951358032
392 [ 0.  0.  1.  0.] -1 683.037167358
393 [ 0.  0.  1.  0.] 9 744.684719849
394 [ 0.  0.  1.  0.] 0 735.684719849
395 [ 0.  0.  0.  1.] -2 568.363034058
396 [ 0.  0.  0.  1.] -1 563.823126221
397 [ 0.  0.  0.  1.] 9 495.331144714
398 [ 0.  0.  0.  1.] -1 478.595880127
399 [ 0.  0.  0.  1.] -1 484.167881775
400 [ 0.  0.  0.  1.] -1 487.954632568
401 [ 0.  0.  0.  1.] 9 437.474208069
402 [ 0.  0.  0.  1.] -1 433.658427429
403 [ 0.  0.  0.  1.] -1 436.055895996
404 [ 0.  0.  0.  1.] -1 445.196311951
405 [ 0.  0.  0.  1.] 9 447.177120972
406 [ 0.  0.  0.  1.] -1 429.051733398
407 [ 0.  0.  0.  1.] -1 429.425726318
408 [ 0.  0.  0.  1.] -1 438.886239624
409 [ 0.  0.  0.  1.] 9 450.756842041
410 [ 0.  0.  0.  1.] -1 432.559902954
411 [ 0.  0.  0.  1.] -1 448.45816803
412 [ 0.  0.  0.  1.] -1 452.095321655
413 [ 0.  0.  0.  1.] 9 438.249880981
414 [ 0.  0.  0.  1.] 0 429.249880981
415 [ 1.  0.  0.  0.] -2 545.500585937
416 [ 1.  0.  0.  0.] -1 556.470193481
417 [ 1.  0.  0.  0.] 9 585.204919434
418 [ 1.  0.  0.  0.] -1 620.377059937
419 [ 1.  0.  0.  0.] -1 616.370465088
420 [ 1.  0.  0.  0.] -1 583.09848938
421 [ 1.  0.  0.  0.] 9 527.719018555
422 [ 1.  0.  0.  0.] -1 542.468130493
423 [ 1.  0.  0.  0.] -1 527.344958496
424 [ 1.  0.  0.  0.] -1 521.633187866
425 [ 1.  0.  0.  0.] 9 523.919946289
426 [ 1.  0.  0.  0.] -1 517.123355103
427 [ 1.  0.  0.  0.] -1 505.867965698
428 [ 1.  0.  0.  0.] -1 500.502993774
429 [ 1.  0.  0.  0.] 9 611.91456604
430 [ 1.  0.  0.  0.] -1 637.219671631
431 [ 1.  0.  0.  0.] -1 640.360864258
432 [ 1.  0.  0.  0.] -1 662.050772095
433 [ 1.  0.  0.  0.] 9 672.451669312
434 [ 1.  0.  0.  0.] -1 685.860842896
435 [ 1.  0.  0.  0.] -1 682.577532959
436 [ 1.  0.  0.  0.] -1 696.407617188
437 [ 1.  0.  0.  0.] 9 460.034562683
438 [ 1.  0.  0.  0.] -1 470.802650452
439 [ 1.  0.  0.  0.] -1 479.363087463
440 [ 1.  0.  0.  0.] -1 483.006358337
441 [ 1.  0.  0.  0.] 9 444.115075684
442 [ 1.  0.  0.  0.] 0 435.115075684
443 [ 0.  0.  0.  1.] -2 286.417657471
444 [ 0.  0.  0.  1.] -1 293.365420532
445 [ 0.  0.  0.  1.] 9 259.597290039
446 [ 0.  0.  0.  1.] -1 256.75539856
447 [ 0.  0.  0.  1.] -1 269.781195068
448 [ 0.  0.  0.  1.] -1 272.541146851
449 [ 0.  0.  0.  1.] 9 308.466365051
450 [ 0.  0.  0.  1.] -1 322.478507996
451 [ 0.  0.  0.  1.] -1 337.67021637
452 [ 0.  0.  0.  1.] -1 341.36103363
453 [ 0.  0.  0.  1.] 9 370.65329895
454 [ 0.  0.  0.  1.] -1 377.282937622
455 [ 0.  0.  0.  1.] -1 394.276277161
456 [ 0.  0.  0.  1.] -1 405.755511475
457 [ 0.  0.  0.  1.] 9 418.555152893
458 [ 0.  0.  0.  1.] -1 421.350639343
459 [ 0.  0.  0.  1.] -1 427.76325531
460 [ 0.  0.  0.  1.] -1 444.278086853
461 [ 0.  0.  0.  1.] 9 478.900041199
462 [ 0.  0.  0.  1.] -1 486.614172363
463 [ 0.  0.  0.  1.] -1 506.114743042
464 [ 0.  0.  0.  1.] -1 511.752990723
465 [ 0.  0.  0.  1.] 9 516.701013184
466 [ 0.  0.  0.  1.] 0 507.701013184
467 [ 0.  0.  1.  0.] -2 388.567474365
468 [ 0.  0.  1.  0.] -1 388.685691833
469 [ 0.  0.  1.  0.] 9 400.952581787
470 [ 0.  0.  1.  0.] -1 398.163571167
471 [ 0.  0.  1.  0.] -1 391.917715454
472 [ 0.  0.  1.  0.] -1 394.813348389
473 [ 0.  0.  1.  0.] 9 414.354574585
474 [ 0.  0.  1.  0.] -1 386.176402283
475 [ 0.  0.  1.  0.] -1 378.804393005
476 [ 0.  0.  1.  0.] -1 376.717570496
477 [ 0.  0.  1.  0.] 9 385.829496765
478 [ 0.  0.  1.  0.] -1 290.448130798
479 [ 0.  0.  1.  0.] -1 289.705508423
480 [ 0.  0.  1.  0.] -1 291.159819031
481 [ 0.  0.  1.  0.] 9 308.857781982
482 [ 0.  0.  1.  0.] 0 299.857781982
483 [ 0.  0.  0.  1.] -2 285.084561157
484 [ 0.  0.  0.  1.] -1 290.211906433
485 [ 0.  0.  0.  1.] 9 293.090182495
486 [ 0.  0.  0.  1.] -1 279.653274536
487 [ 0.  0.  0.  1.] -1 283.748323059
488 [ 0.  0.  0.  1.] -1 292.053256226
489 [ 0.  0.  0.  1.] 9 252.215539551
490 [ 0.  0.  0.  1.] -1 236.691127777
491 [ 0.  0.  0.  1.] -1 238.735694885
492 [ 0.  0.  0.  1.] -1 240.589612579
493 [ 0.  0.  0.  1.] 9 239.244508362
494 [ 0.  0.  0.  1.] 0 230.244508362
495 [ 1.  0.  0.  0.] -2 490.078314209
496 [ 1.  0.  0.  0.] -1 491.00461731
497 [ 1.  0.  0.  0.] 9 673.138134766
498 [ 1.  0.  0.  0.] -1 683.037283325
499 [ 1.  0.  0.  0.] -1 700.748718262
500 [ 1.  0.  0.  0.] -1 723.667758179
501 [ 1.  0.  0.  0.] 9 806.271148682
502 [ 1.  0.  0.  0.] -1 832.649700928
503 [ 1.  0.  0.  0.] -1 825.4699646
504 [ 1.  0.  0.  0.] -1 837.154315186
505 [ 1.  0.  0.  0.] 9 773.244442749
506 [ 1.  0.  0.  0.] -1 718.69649353
507 [ 1.  0.  0.  0.] -1 755.767077637
508 [ 1.  0.  0.  0.] -1 723.277587891
509 [ 1.  0.  0.  0.] 9 1095.58117065
510 [ 1.  0.  0.  0.] 0 1086.58117065
511 [ 0.  0.  0.  1.] -2 377.342149353
512 [ 0.  0.  0.  1.] -1 371.838006592
513 [ 0.  0.  0.  1.] 9 291.045832825
514 [ 0.  0.  0.  1.] -1 270.889547729
515 [ 0.  0.  0.  1.] -1 261.578022766
516 [ 0.  0.  0.  1.] -1 259.593395996
517 [ 0.  0.  0.  1.] 9 240.725201416
518 [ 0.  0.  0.  1.] -1 227.138884735
519 [ 0.  0.  0.  1.] -1 232.58065567
520 [ 0.  0.  0.  1.] -1 217.061210632
521 [ 0.  0.  0.  1.] 9 151.259209442
522 [ 0.  0.  0.  1.] -1 138.438027191
523 [ 0.  0.  0.  1.] -1 137.279315948
524 [ 0.  0.  0.  1.] -1 135.810668945
525 [ 0.  0.  0.  1.] 9 125.632946396
526 [ 0.  0.  0.  1.] -1 113.189250565
527 [ 0.  0.  0.  1.] -1 117.319197845
528 [ 0.  0.  0.  1.] -1 115.9572258
529 [ 0.  0.  0.  1.] 9 109.784489059
530 [ 0.  0.  0.  1.] -1 101.464318848
531 [ 0.  0.  0.  1.] -1 102.993761444
532 [ 0.  0.  0.  1.] -1 99.7358337402
533 [ 0.  0.  0.  1.] 9 101.417528152
534 [ 0.  0.  0.  1.] 0 92.4175281525
535 [ 0.  0.  1.  0.] -2 114.867945862
536 [ 0.  0.  1.  0.] -1 116.517004776
537 [ 0.  0.  1.  0.] 9 130.158072281
538 [ 0.  0.  1.  0.] -1 160.630245209
539 [ 0.  0.  1.  0.] -1 156.04806366
540 [ 0.  0.  1.  0.] -1 165.481658173
541 [ 0.  0.  1.  0.] 9 184.029483795
542 [ 0.  0.  1.  0.] -1 166.689292908
543 [ 0.  0.  1.  0.] -1 169.321927643
544 [ 0.  0.  1.  0.] -1 172.98146286
545 [ 0.  0.  1.  0.] 9 195.335188293
546 [ 0.  0.  1.  0.] -1 146.510157013
547 [ 0.  0.  1.  0.] -1 151.99861908
548 [ 0.  0.  1.  0.] -1 152.28892746
549 [ 0.  0.  1.  0.] 9 168.086325073
550 [ 0.  0.  1.  0.] 0 159.086325073
551 [ 0.  0.  0.  1.] -2 135.07588501
552 [ 0.  0.  0.  1.] -1 139.324477386
553 [ 0.  0.  0.  1.] 9 152.544382477
554 [ 0.  0.  0.  1.] -1 145.90415802
555 [ 0.  0.  0.  1.] -1 150.340859222
556 [ 0.  0.  0.  1.] -1 152.989207458
557 [ 0.  0.  0.  1.] 9 152.044275665
558 [ 0.  0.  0.  1.] -1 148.349013519
559 [ 0.  0.  0.  1.] -1 153.256336975
560 [ 0.  0.  0.  1.] -1 154.44640274
561 [ 0.  0.  0.  1.] 9 180.557017517
562 [ 0.  0.  0.  1.] 0 171.557017517
563 [ 1.  0.  0.  0.] -2 363.798358154
564 [ 1.  0.  0.  0.] -1 353.417550659
565 [ 1.  0.  0.  0.] 9 313.226512146
566 [ 1.  0.  0.  0.] -1 326.322807312
567 [ 1.  0.  0.  0.] -1 307.124359131
568 [ 1.  0.  0.  0.] -1 325.956990051
569 [ 1.  0.  0.  0.] 9 464.361602783
570 [ 1.  0.  0.  0.] -1 489.115692139
571 [ 1.  0.  0.  0.] -1 492.441156006
572 [ 1.  0.  0.  0.] -1 506.277560425
573 [ 1.  0.  0.  0.] 9 420.31622467
574 [ 1.  0.  0.  0.] -1 414.043716431
575 [ 1.  0.  0.  0.] -1 432.602085876
576 [ 1.  0.  0.  0.] -1 447.878971863
577 [ 1.  0.  0.  0.] 9 456.390335083
578 [ 1.  0.  0.  0.] 0 447.390335083
579 [ 0.  0.  0.  1.] -2 154.507542419
580 [ 0.  0.  0.  1.] -1 161.277600861
581 [ 0.  0.  0.  1.] -1 167.705843353
582 [ 0.  0.  0.  1.] -1 177.771080017
583 [ 0.  0.  0.  1.] -1 186.164785767
584 [ 0.  0.  0.  1.] -1 193.761727142
585 [ 0.  0.  0.  1.] -1 218.166867065
586 [ 0.  0.  0.  1.] -1 227.409159851
587 [ 0.  0.  0.  1.] -1 231.908816528
588 [ 0.  0.  0.  1.] -1 117.886101532
589 [ 0.  0.  0.  1.] -1 123.149950409
590 [ 0.  0.  0.  1.] -1 159.609592438
591 [ 0.  0.  0.  1.] -1 149.210878754
592 [ 0.  0.  0.  1.] -1 147.715414429
593 [ 0.  0.  0.  1.] -1 141.625389099
594 [ 0.  0.  0.  1.] -1 123.892906189
595 [ 0.  0.  0.  1.] -1 121.401200104
596 [ 0.  0.  0.  1.] -1 122.268950653
597 [ 0.  0.  0.  1.] -1 119.19372139
598 [ 0.  0.  0.  1.] -1 120.219317245
599 [ 0.  0.  0.  1.] -1 119.211942673
600 [ 0.  0.  0.  1.] -1 121.812186432
601 [ 0.  0.  0.  1.] -1 119.839946365
602 [ 0.  0.  0.  1.] -1 112.629761505
603 [ 0.  0.  0.  1.] 0 113.629761505
604 [ 0.  0.  1.  0.] -2 133.357445526
605 [ 0.  0.  1.  0.] -1 134.555023956
606 [ 0.  0.  1.  0.] -1 139.720808411
607 [ 0.  0.  1.  0.] -1 149.159317017
608 [ 0.  0.  1.  0.] -1 147.444095612
609 [ 0.  0.  1.  0.] -1 148.08286972
610 [ 0.  0.  1.  0.] -1 156.059747314
611 [ 0.  0.  1.  0.] -1 167.436742401
612 [ 0.  0.  1.  0.] -1 166.125114441
613 [ 0.  0.  1.  0.] -1 168.704969788
614 [ 0.  0.  1.  0.] -1 182.056719971
615 [ 0.  0.  1.  0.] -1 158.058435059
616 [ 0.  0.  1.  0.] -1 161.55006485
617 [ 0.  0.  1.  0.] -1 161.507258606
618 [ 0.  0.  1.  0.] -1 168.052105713
619 [ 0.  0.  1.  0.] 0 169.052105713
620 [ 0.  0.  0.  1.] -2 158.726631927
621 [ 0.  0.  0.  1.] -1 162.693932343
622 [ 0.  0.  0.  1.] 9 163.082647705
623 [ 0.  0.  0.  1.] -1 153.239913177
624 [ 0.  0.  0.  1.] -1 152.779133606
625 [ 0.  0.  0.  1.] -1 152.797151947
626 [ 0.  0.  0.  1.] 9 162.017086792
627 [ 0.  0.  0.  1.] -1 152.729253387
628 [ 0.  0.  0.  1.] -1 155.080726624
629 [ 0.  0.  0.  1.] -1 151.048865509
630 [ 0.  0.  0.  1.] -1 134.011342621
631 [ 0.  0.  0.  1.] -1 133.885127258
632 [ 0.  0.  0.  1.] -1 134.313986969
633 [ 0.  0.  0.  1.] -1 133.681025696
634 [ 0.  0.  0.  1.] 9 139.542808533
635 [ 0.  0.  0.  1.] -1 129.687158203
636 [ 0.  0.  0.  1.] -1 130.431331635
637 [ 0.  0.  0.  1.] -1 131.160429382
638 [ 0.  0.  0.  1.] 9 137.985910797
639 [ 0.  0.  0.  1.] -1 131.176287842
640 [ 0.  0.  0.  1.] -1 137.644190979
641 [ 0.  0.  0.  1.] -1 138.190206146
642 [ 0.  0.  0.  1.] 9 145.928360748
643 [ 0.  0.  0.  1.] 0 136.928360748
644 [ 0.  0.  1.  0.] -2 131.154047394
645 [ 0.  0.  1.  0.] -1 132.128868103
646 [ 0.  0.  1.  0.] 9 142.21113205
647 [ 0.  0.  1.  0.] -1 133.828419495
648 [ 0.  0.  1.  0.] -1 132.813072205
649 [ 0.  0.  1.  0.] -1 134.522364807
650 [ 0.  0.  1.  0.] 9 145.477235413
651 [ 0.  0.  1.  0.] -1 161.37134552
652 [ 0.  0.  1.  0.] -1 157.9915802
653 [ 0.  0.  1.  0.] -1 165.57485199
654 [ 0.  0.  1.  0.] 9 181.182310486
655 [ 0.  0.  1.  0.] 0 172.182310486
656 [ 0.  0.  0.  1.] -2 161.365557861
657 [ 0.  0.  0.  1.] -1 169.589883423
658 [ 0.  0.  0.  1.] 9 172.445792389
659 [ 0.  0.  0.  1.] -1 165.98041687
660 [ 0.  0.  0.  1.] -1 165.386405945
661 [ 0.  0.  0.  1.] -1 167.768334961
662 [ 0.  0.  0.  1.] 9 176.398738098
663 [ 0.  0.  0.  1.] -1 164.483039093
664 [ 0.  0.  0.  1.] -1 169.320318604
665 [ 0.  0.  0.  1.] -1 174.017959595
666 [ 0.  0.  0.  1.] 9 174.653611755
667 [ 0.  0.  0.  1.] -1 163.154972839
668 [ 0.  0.  0.  1.] -1 164.251554871
669 [ 0.  0.  0.  1.] -1 167.41233139
670 [ 0.  0.  0.  1.] 9 165.887159729
671 [ 0.  0.  0.  1.] -1 153.946977234
672 [ 0.  0.  0.  1.] -1 156.909247589
673 [ 0.  0.  0.  1.] -1 160.227970886
674 [ 0.  0.  0.  1.] 9 148.28599472
675 [ 0.  0.  0.  1.] -1 136.109297943
676 [ 0.  0.  0.  1.] -1 139.442488098
677 [ 0.  0.  0.  1.] -1 139.754192352
678 [ 0.  0.  0.  1.] 9 135.949983215
679 [ 0.  0.  0.  1.] -1 126.840216827
680 [ 0.  0.  0.  1.] -1 129.374830627
681 [ 0.  0.  0.  1.] -1 134.055467987
682 [ 0.  0.  0.  1.] 9 139.332227325
683 [ 0.  0.  0.  1.] -1 128.724996185
684 [ 0.  0.  0.  1.] -1 129.32924118
685 [ 0.  0.  0.  1.] -1 130.735686493
686 [ 0.  0.  0.  1.] 9 141.62447052
687 [ 0.  0.  0.  1.] -1 129.174613953
688 [ 0.  0.  0.  1.] -1 132.862416077
689 [ 0.  0.  0.  1.] -1 133.164016724
690 [ 0.  0.  0.  1.] 9 136.117410278
691 [ 0.  0.  0.  1.] 0 127.117410278
692 [ 1.  0.  0.  0.] -2 158.37512207
693 [ 1.  0.  0.  0.] -1 161.34567337
694 [ 1.  0.  0.  0.] 9 161.979557037
695 [ 1.  0.  0.  0.] -1 160.165856171
696 [ 1.  0.  0.  0.] -1 157.403657532
697 [ 1.  0.  0.  0.] -1 148.372293854
698 [ 1.  0.  0.  0.] 9 141.304344177
699 [ 1.  0.  0.  0.] -1 134.178914642
700 [ 1.  0.  0.  0.] -1 133.491101074
701 [ 1.  0.  0.  0.] -1 131.252941895
702 [ 1.  0.  0.  0.] 9 141.307808685
703 [ 1.  0.  0.  0.] 0 132.307808685
704 [ 0.  0.  0.  1.] -2 96.5427349091
705 [ 0.  0.  0.  1.] -1 97.5494609833
706 [ 0.  0.  0.  1.] 9 101.695891953
707 [ 0.  0.  0.  1.] -1 93.3971103668
708 [ 0.  0.  0.  1.] -1 94.2256206512
709 [ 0.  0.  0.  1.] -1 95.9301223755
710 [ 0.  0.  0.  1.] 9 105.160631943
711 [ 0.  0.  0.  1.] -1 95.8404945374
712 [ 0.  0.  0.  1.] -1 96.8235088348
713 [ 0.  0.  0.  1.] -1 95.961013031
714 [ 0.  0.  0.  1.] -1 82.1719810486
715 [ 0.  0.  0.  1.] 0 83.1719810486
716 [ 0.  0.  1.  0.] -2 87.5132194519
717 [ 0.  0.  1.  0.] -1 88.4827346802
718 [ 0.  0.  1.  0.] 9 101.205540848
719 [ 0.  0.  1.  0.] -1 97.6077850342
720 [ 0.  0.  1.  0.] -1 97.4134536743
721 [ 0.  0.  1.  0.] -1 99.5522220612
722 [ 0.  0.  1.  0.] 9 110.485638809
723 [ 0.  0.  1.  0.] -1 108.965841293
724 [ 0.  0.  1.  0.] -1 107.928619766
725 [ 0.  0.  1.  0.] -1 111.919066238
726 [ 0.  0.  1.  0.] 9 126.084209442
727 [ 0.  0.  1.  0.] 0 117.084209442
728 [ 0.  0.  0.  1.] -2 104.524831009
729 [ 0.  0.  0.  1.] -1 108.107795715
730 [ 0.  0.  0.  1.] 9 117.762903214
731 [ 0.  0.  0.  1.] -1 111.328701019
732 [ 0.  0.  0.  1.] -1 113.617146301
733 [ 0.  0.  0.  1.] -1 117.111037445
734 [ 0.  0.  0.  1.] 9 124.963419342
735 [ 0.  0.  0.  1.] -1 116.816112137
736 [ 0.  0.  0.  1.] -1 121.403838348
737 [ 0.  0.  0.  1.] -1 126.44766922
738 [ 0.  0.  0.  1.] 9 157.820842743
739 [ 0.  0.  0.  1.] -1 154.549279785
740 [ 0.  0.  0.  1.] -1 159.182631683
741 [ 0.  0.  0.  1.] -1 172.261265564
742 [ 0.  0.  0.  1.] 9 200.371930695
743 [ 0.  0.  0.  1.] -1 202.89972229
744 [ 0.  0.  0.  1.] -1 211.810973358
745 [ 0.  0.  0.  1.] -1 224.228219604
746 [ 0.  0.  0.  1.] 9 258.081632996
747 [ 0.  0.  0.  1.] 0 249.081632996
748 [ 1.  0.  0.  0.] -2 234.655660248
749 [ 1.  0.  0.  0.] -1 235.110717773
750 [ 1.  0.  0.  0.] 49 525.103684998
751 [ 1.  0.  0.  0.] -1 511.161791992
752 [ 1.  0.  0.  0.] -1 485.75010376
753 [ 1.  0.  0.  0.] -1 455.123475647
754 [ 1.  0.  0.  0.] 9 415.62559967
755 [ 1.  0.  0.  0.] -1 419.161911011
756 [ 1.  0.  0.  0.] -1 399.846510315
757 [ 1.  0.  0.  0.] -1 395.802487183
758 [ 1.  0.  0.  0.] 9 304.210702515
759 [ 1.  0.  0.  0.] 0 295.210702515
760 [ 0.  1.  0.  0.] -2 324.226370239
761 [ 0.  1.  0.  0.] -1 324.990667725
762 [ 0.  1.  0.  0.] 9 364.424229431
763 [ 0.  1.  0.  0.] -1 418.864427185
764 [ 0.  1.  0.  0.] -1 379.223091125
765 [ 0.  1.  0.  0.] -1 400.316639709
766 [ 0.  1.  0.  0.] -1 367.199827576
767 [ 0.  1.  0.  0.] -1 328.726625061
768 [ 0.  1.  0.  0.] -1 327.148548889
769 [ 0.  1.  0.  0.] -1 327.713191223
770 [ 0.  1.  0.  0.] -1 316.613777161
771 [ 0.  1.  0.  0.] -1 420.113447571
772 [ 0.  1.  0.  0.] -1 409.078627014
773 [ 0.  1.  0.  0.] -1 430.413473511
774 [ 0.  1.  0.  0.] -1 429.909655762
775 [ 0.  1.  0.  0.] -1 421.644180298
776 [ 0.  1.  0.  0.] -1 414.775292969
777 [ 0.  1.  0.  0.] -1 413.13482666
778 [ 0.  1.  0.  0.] -1 377.4118927
779 [ 0.  1.  0.  0.] -1 321.544250488
780 [ 0.  1.  0.  0.] -1 322.017105103
781 [ 0.  1.  0.  0.] -1 324.386074829
782 [ 0.  1.  0.  0.] -1 320.688096619
783 [ 0.  1.  0.  0.] -1 376.29536438
784 [ 0.  1.  0.  0.] -1 376.147883606
785 [ 0.  1.  0.  0.] -1 386.50171814
786 [ 0.  1.  0.  0.] -1 365.278692627
787 [ 0.  1.  0.  0.] -1 424.342321777
788 [ 0.  1.  0.  0.] -1 412.138526917
789 [ 0.  1.  0.  0.] -1 422.997019958
790 [ 0.  1.  0.  0.] -1 398.313980103
791 [ 0.  1.  0.  0.] -1 361.17265625
792 [ 0.  1.  0.  0.] -1 366.792349243
793 [ 0.  1.  0.  0.] -1 360.279595947
794 [ 0.  1.  0.  0.] 9 394.376568604
795 [ 0.  1.  0.  0.] -1 395.425189209
796 [ 0.  1.  0.  0.] -1 398.246835327
797 [ 0.  1.  0.  0.] -1 412.994825745
798 [ 0.  1.  0.  0.] 9 449.737203979
799 [ 0.  1.  0.  0.] -1 442.004354858
800 [ 0.  1.  0.  0.] -1 439.249998474
801 [ 0.  1.  0.  0.] -1 459.050198364
802 [ 0.  1.  0.  0.] -1 447.559251404
803 [ 0.  1.  0.  0.] 0 448.559251404
804 [ 1.  0.  0.  0.] -2 622.379962158
805 [ 1.  0.  0.  0.] -1 617.651202393
806 [ 1.  0.  0.  0.] -1 506.223287964
807 [ 1.  0.  0.  0.] -1 503.976895142
808 [ 1.  0.  0.  0.] -1 489.390823364
809 [ 1.  0.  0.  0.] -1 508.923052979
810 [ 1.  0.  0.  0.] -1 605.198455811
811 [ 1.  0.  0.  0.] -1 617.760791016
812 [ 1.  0.  0.  0.] -1 615.832437134
813 [ 1.  0.  0.  0.] -1 633.191680908
814 [ 1.  0.  0.  0.] -1 1015.48330078
815 [ 1.  0.  0.  0.] -1 974.87300415
816 [ 1.  0.  0.  0.] -1 969.213534546
817 [ 1.  0.  0.  0.] -1 989.273297119
818 [ 1.  0.  0.  0.] -1 1333.3015564
819 [ 1.  0.  0.  0.] 0 1334.3015564
820 [ 0.  0.  0.  1.] -2 389.598970032
821 [ 0.  0.  0.  1.] -1 383.378645325
822 [ 0.  0.  0.  1.] -1 307.132911682
823 [ 0.  0.  0.  1.] -1 290.161373901
824 [ 0.  0.  0.  1.] -1 281.763986206
825 [ 0.  0.  0.  1.] -1 275.44573822
826 [ 0.  0.  0.  1.] -1 280.814537048
827 [ 0.  0.  0.  1.] -1 276.504573059
828 [ 0.  0.  0.  1.] -1 269.212464905
829 [ 0.  0.  0.  1.] -1 257.158151245
830 [ 0.  0.  0.  1.] -1 182.71400528
831 [ 0.  0.  0.  1.] 0 183.71400528
832 [ 1.  0.  0.  0.] -2 732.99425354
833 [ 1.  0.  0.  0.] -1 735.121392822
834 [ 1.  0.  0.  0.] -1 662.889501953
835 [ 1.  0.  0.  0.] -1 675.958206177
836 [ 1.  0.  0.  0.] -1 673.109075928
837 [ 1.  0.  0.  0.] -1 707.216534424
838 [ 1.  0.  0.  0.] -1 624.062774658
839 [ 1.  0.  0.  0.] -1 610.208917236
840 [ 1.  0.  0.  0.] -1 609.182263184
841 [ 1.  0.  0.  0.] -1 588.642398071
842 [ 1.  0.  0.  0.] -1 574.04994812
843 [ 1.  0.  0.  0.] 0 575.04994812
844 [ 0.  1.  0.  0.] -2 1398.07351685
845 [ 0.  1.  0.  0.] -1 1411.14612427
846 [ 0.  1.  0.  0.] -1 1399.97597046
847 [ 0.  1.  0.  0.] -1 1596.66412354
848 [ 0.  1.  0.  0.] -1 1686.13181152
849 [ 0.  1.  0.  0.] -1 1692.12254028
850 [ 0.  1.  0.  0.] -1 1737.76591187
851 [ 0.  1.  0.  0.] -1 1955.9703125
852 [ 0.  1.  0.  0.] -1 1966.48594971
853 [ 0.  1.  0.  0.] -1 1969.09937744
854 [ 0.  1.  0.  0.] -1 1967.70823975
855 [ 0.  1.  0.  0.] -1 1982.97225342
856 [ 0.  1.  0.  0.] -1 1984.5621582
857 [ 0.  1.  0.  0.] -1 1995.19747314
858 [ 0.  1.  0.  0.] 2999 3047.60179329
859 [ 0.  1.  0.  0.] -1 48.120280838
860 [ 0.  1.  0.  0.] -1 49.7212749481
861 [ 0.  1.  0.  0.] -1 49.8241374969
862 [ 0.  1.  0.  0.] -1 49.1049440384
863 [ 0.  1.  0.  0.] -1 54.8976667404
864 [ 0.  1.  0.  0.] -1 55.5168968201
865 [ 0.  1.  0.  0.] -1 54.5765329361
866 [ 0.  1.  0.  0.] -1 54.3440738678
867 [ 0.  1.  0.  0.] -1 54.4784032822
868 [ 0.  1.  0.  0.] -1 55.0890590668
869 [ 0.  1.  0.  0.] -1 54.5928987503
870 [ 0.  1.  0.  0.] -1 52.9742450714
871 [ 0.  1.  0.  0.] -1 54.7343637466
872 [ 0.  1.  0.  0.] -1 54.5385429382
873 [ 0.  1.  0.  0.] -1 54.5446456909
874 [ 0.  1.  0.  0.] -1 53.5395252228
875 [ 0.  1.  0.  0.] -1 53.2888593674
876 [ 0.  1.  0.  0.] -1 52.9058753967
877 [ 0.  1.  0.  0.] -1 53.0023488998
878 [ 0.  1.  0.  0.] -1 51.7464176178
879 [ 0.  1.  0.  0.] 0 52.7464176178
880 [ 0.  0.  1.  0.] -2 42.6053201675
881 [ 0.  0.  1.  0.] -1 44.4346820831
882 [ 0.  0.  1.  0.] -1 44.0300739288
883 [ 0.  0.  1.  0.] -1 37.3983785629
884 [ 0.  0.  1.  0.] -1 37.123950386
885 [ 0.  0.  1.  0.] -1 37.0076393127
886 [ 0.  0.  1.  0.] -1 37.24231987
887 [ 0.  0.  1.  0.] -1 42.9310710907
888 [ 0.  0.  1.  0.] -1 43.709371376
889 [ 0.  0.  1.  0.] -1 43.5580383301
890 [ 0.  0.  1.  0.] -1 43.4522258759
891 [ 0.  0.  1.  0.] 0 44.4522258759
892 [ 0.  0.  0.  1.] -2 50.7771814346
893 [ 0.  0.  0.  1.] -1 52.4817123413
894 [ 0.  0.  0.  1.] -1 50.5410007477
895 [ 0.  0.  0.  1.] -1 50.7217567444
896 [ 0.  0.  0.  1.] -1 51.6270515442
897 [ 0.  0.  0.  1.] -1 199.054306793
898 [ 0.  0.  0.  1.] -1 200.052534485
899 [ 0.  0.  0.  1.] -1 209.420593262
900 [ 0.  0.  0.  1.] -1 221.740862274
901 [ 0.  0.  0.  1.] -1 220.960768127
902 [ 0.  0.  0.  1.] -1 197.855615997
903 [ 0.  0.  0.  1.] 0 198.855615997
904 [ 0.  0.  1.  0.] -2 165.144973755
905 [ 0.  0.  1.  0.] -1 169.135279083
906 [ 0.  0.  1.  0.] -1 172.457205963
907 [ 0.  0.  1.  0.] -1 182.206520081
908 [ 0.  0.  1.  0.] -1 179.256585693
909 [ 0.  0.  1.  0.] -1 177.072336578
910 [ 0.  0.  1.  0.] -1 186.55846405
911 [ 0.  0.  1.  0.] -1 193.252676392
912 [ 0.  0.  1.  0.] -1 188.197205353
913 [ 0.  0.  1.  0.] -1 184.507069397
914 [ 0.  0.  1.  0.] -1 194.545822144
915 [ 0.  0.  1.  0.] -1 158.745973206
916 [ 0.  0.  1.  0.] -1 158.485613251
917 [ 0.  0.  1.  0.] -1 154.537045288
918 [ 0.  0.  1.  0.] -1 167.464255524
919 [ 0.  0.  1.  0.] 0 168.464255524
920 [ 0.  1.  0.  0.] -2 186.80149765
921 [ 0.  1.  0.  0.] -1 184.893166351
922 [ 0.  1.  0.  0.] 9 201.328076935
923 [ 0.  1.  0.  0.] -1 204.856415558
924 [ 0.  1.  0.  0.] -1 207.802914429
925 [ 0.  1.  0.  0.] -1 205.825868988
926 [ 0.  1.  0.  0.] 9 226.851832581
927 [ 0.  1.  0.  0.] -1 218.877526093
928 [ 0.  1.  0.  0.] -1 215.181417847
929 [ 0.  1.  0.  0.] -1 213.624302673
930 [ 0.  1.  0.  0.] -1 209.215071106
931 [ 0.  1.  0.  0.] 0 210.215071106
932 [ 0.  0.  1.  0.] -2 133.528916931
933 [ 0.  0.  1.  0.] -1 133.566146088
934 [ 0.  0.  1.  0.] -1 136.251255798
935 [ 0.  0.  1.  0.] -1 134.970605469
936 [ 0.  0.  1.  0.] -1 133.692201996
937 [ 0.  0.  1.  0.] -1 133.620853424
938 [ 0.  0.  1.  0.] -1 134.808483887
939 [ 0.  0.  1.  0.] -1 175.870935059
940 [ 0.  0.  1.  0.] -1 172.955080414
941 [ 0.  0.  1.  0.] -1 178.796327972
942 [ 0.  0.  1.  0.] -1 188.867189026
943 [ 0.  0.  1.  0.] 0 189.867189026
944 [ 0.  0.  0.  1.] -2 179.467597961
945 [ 0.  0.  0.  1.] -1 183.801353455
946 [ 0.  0.  0.  1.] -1 179.525512695
947 [ 0.  0.  0.  1.] -1 179.785408783
948 [ 0.  0.  0.  1.] -1 179.835216522
949 [ 0.  0.  0.  1.] -1 181.038357544
950 [ 0.  0.  0.  1.] -1 177.502689362
951 [ 0.  0.  0.  1.] -1 176.039057922
952 [ 0.  0.  0.  1.] -1 180.655130768
953 [ 0.  0.  0.  1.] -1 184.076673126
954 [ 0.  0.  0.  1.] -1 179.67386322
955 [ 0.  0.  0.  1.] -1 177.71627121
956 [ 0.  0.  0.  1.] -1 178.195344543
957 [ 0.  0.  0.  1.] -1 181.86340332
958 [ 0.  0.  0.  1.] -1 172.753820038
959 [ 0.  0.  0.  1.] -1 171.965158844
960 [ 0.  0.  0.  1.] -1 176.124974823
961 [ 0.  0.  0.  1.] -1 178.330532837
962 [ 0.  0.  0.  1.] -1 168.325236511
963 [ 0.  0.  0.  1.] -1 166.424555206
964 [ 0.  0.  0.  1.] -1 166.501876068
965 [ 0.  0.  0.  1.] -1 168.508797455
966 [ 0.  0.  0.  1.] -1 150.498936462
967 [ 0.  0.  0.  1.] -1 149.711159515
968 [ 0.  0.  0.  1.] -1 153.418125153
969 [ 0.  0.  0.  1.] -1 156.536776733
970 [ 0.  0.  0.  1.] -1 132.944709015
971 [ 0.  0.  0.  1.] -1 132.412580872
972 [ 0.  0.  0.  1.] -1 132.849949646
973 [ 0.  0.  0.  1.] -1 132.011161804
974 [ 0.  0.  0.  1.] -1 134.15506897
975 [ 0.  0.  0.  1.] -1 131.455738831
976 [ 0.  0.  0.  1.] -1 135.064466095
977 [ 0.  0.  0.  1.] -1 134.425387573
978 [ 0.  0.  0.  1.] -1 125.155944061
979 [ 0.  0.  0.  1.] 0 126.155944061
980 [ 1.  0.  0.  0.] -2 136.616880798
981 [ 1.  0.  0.  0.] -1 137.435769653
982 [ 1.  0.  0.  0.] -1 163.46389389
983 [ 1.  0.  0.  0.] -1 166.674072266
984 [ 1.  0.  0.  0.] -1 173.328464508
985 [ 1.  0.  0.  0.] -1 169.995636749
986 [ 1.  0.  0.  0.] -1 164.890865326
987 [ 1.  0.  0.  0.] -1 162.69917984
988 [ 1.  0.  0.  0.] -1 164.197427368
989 [ 1.  0.  0.  0.] -1 163.257415009
990 [ 1.  0.  0.  0.] -1 185.367528534
991 [ 1.  0.  0.  0.] 0 186.367528534
992 [ 0.  1.  0.  0.] -2 167.938715363
993 [ 0.  1.  0.  0.] -1 166.011191559
994 [ 0.  1.  0.  0.] -1 165.081021881
995 [ 0.  1.  0.  0.] -1 176.836431122
996 [ 0.  1.  0.  0.] -1 176.7387146
997 [ 0.  1.  0.  0.] -1 184.810699463
998 [ 0.  1.  0.  0.] -1 182.676185608
999 [ 0.  1.  0.  0.] -1 185.448096466
1000 [ 0.  1.  0.  0.] -1 183.978681183
1001 [ 0.  1.  0.  0.] -1 188.756745148
1002 [ 0.  1.  0.  0.] -1 186.325718689
1003 [ 0.  1.  0.  0.] -1 194.694056702
1004 [ 0.  1.  0.  0.] -1 198.080316162
1005 [ 0.  1.  0.  0.] -1 201.242034912
1006 [ 0.  1.  0.  0.] -1 205.359682465
1007 [ 0.  1.  0.  0.] -1 209.305771637
1008 [ 0.  1.  0.  0.] -1 212.772888947
1009 [ 0.  1.  0.  0.] -1 215.530898285
1010 [ 0.  1.  0.  0.] -1 216.248660278
1011 [ 0.  1.  0.  0.] -1 218.432242584
1012 [ 0.  1.  0.  0.] -1 217.19365921
1013 [ 0.  1.  0.  0.] -1 218.560835266
1014 [ 0.  1.  0.  0.] -1 218.673105621
1015 [ 0.  1.  0.  0.] -1 197.714411926
1016 [ 0.  1.  0.  0.] -1 198.054368591
1017 [ 0.  1.  0.  0.] -1 196.563383484
1018 [ 0.  1.  0.  0.] -1 191.52574234
1019 [ 0.  1.  0.  0.] -1 211.20087204
1020 [ 0.  1.  0.  0.] -1 212.245805359
1021 [ 0.  1.  0.  0.] -1 213.894737244
1022 [ 0.  1.  0.  0.] -1 216.851832581
1023 [ 0.  1.  0.  0.] -1 218.877526093
1024 [ 0.  1.  0.  0.] -1 215.181417847
1025 [ 0.  1.  0.  0.] -1 213.624302673
1026 [ 0.  1.  0.  0.] -1 209.215071106
1027 [ 0.  1.  0.  0.] -1 194.736891937
1028 [ 0.  1.  0.  0.] -1 194.950720215
1029 [ 0.  1.  0.  0.] -1 195.307419586
1030 [ 0.  1.  0.  0.] -1 192.671392822
1031 [ 0.  1.  0.  0.] -1 204.049243164
1032 [ 0.  1.  0.  0.] -1 200.337798309
1033 [ 0.  1.  0.  0.] -1 202.249568939
1034 [ 0.  1.  0.  0.] -1 198.052629089
1035 [ 0.  1.  0.  0.] -1 207.589738464
1036 [ 0.  1.  0.  0.] -1 204.028804016
1037 [ 0.  1.  0.  0.] -1 205.876242065
1038 [ 0.  1.  0.  0.] -1 202.920770264
1039 [ 0.  1.  0.  0.] -1 221.957053375
1040 [ 0.  1.  0.  0.] -1 224.600603485
1041 [ 0.  1.  0.  0.] -1 225.558996582
1042 [ 0.  1.  0.  0.] -1 226.021472168
1043 [ 0.  1.  0.  0.] -1 221.953748322
1044 [ 0.  1.  0.  0.] -1 220.165873718
1045 [ 0.  1.  0.  0.] -1 224.344983673
1046 [ 0.  1.  0.  0.] -1 224.351970673
1047 [ 0.  1.  0.  0.] -1 226.189029694
1048 [ 0.  1.  0.  0.] -1 225.601831818
1049 [ 0.  1.  0.  0.] -1 227.053910065
1050 [ 0.  1.  0.  0.] -1 220.181326294
1051 [ 0.  1.  0.  0.] 0 221.181326294
1052 [ 1.  0.  0.  0.] -2 211.556060028
1053 [ 1.  0.  0.  0.] -1 211.261377716
1054 [ 1.  0.  0.  0.] -1 186.229814148
1055 [ 1.  0.  0.  0.] -1 184.462712097
1056 [ 1.  0.  0.  0.] -1 183.397745514
1057 [ 1.  0.  0.  0.] -1 184.36183548
1058 [ 1.  0.  0.  0.] -1 191.232578278
1059 [ 1.  0.  0.  0.] -1 192.17809906
1060 [ 1.  0.  0.  0.] -1 190.347171783
1061 [ 1.  0.  0.  0.] -1 191.491735077
1062 [ 1.  0.  0.  0.] -1 178.003970337
1063 [ 1.  0.  0.  0.] -1 175.576828766
1064 [ 1.  0.  0.  0.] -1 175.946559906
1065 [ 1.  0.  0.  0.] -1 177.226804352
1066 [ 1.  0.  0.  0.] -1 116.85993309
1067 [ 1.  0.  0.  0.] -1 115.633613205
1068 [ 1.  0.  0.  0.] -1 115.473622513
1069 [ 1.  0.  0.  0.] -1 115.275268555
1070 [ 1.  0.  0.  0.] -1 111.240348816
1071 [ 1.  0.  0.  0.] -1 110.707205963
1072 [ 1.  0.  0.  0.] -1 110.420927429
1073 [ 1.  0.  0.  0.] -1 112.14209938
1074 [ 1.  0.  0.  0.] -1 108.81308403
1075 [ 1.  0.  0.  0.] -1 109.314683914
1076 [ 1.  0.  0.  0.] -1 108.361958694
1077 [ 1.  0.  0.  0.] -1 109.742238998
1078 [ 1.  0.  0.  0.] -1 108.047927856
1079 [ 1.  0.  0.  0.] 0 109.047927856
1080 [ 0.  0.  0.  1.] -2 83.9145305634
1081 [ 0.  0.  0.  1.] -1 84.3971591949
1082 [ 0.  0.  0.  1.] -1 86.5534748077
1083 [ 0.  0.  0.  1.] -1 88.5313392639
1084 [ 0.  0.  0.  1.] -1 89.8888683319
1085 [ 0.  0.  0.  1.] -1 91.5334007263
1086 [ 0.  0.  0.  1.] -1 101.310590363
1087 [ 0.  0.  0.  1.] -1 101.657519531
1088 [ 0.  0.  0.  1.] -1 107.347771072
1089 [ 0.  0.  0.  1.] -1 110.675452805
1090 [ 0.  0.  0.  1.] -1 131.996057129
1091 [ 0.  0.  0.  1.] -1 130.715174866
1092 [ 0.  0.  0.  1.] -1 133.233495331
1093 [ 0.  0.  0.  1.] -1 139.211873627
1094 [ 0.  0.  0.  1.] -1 127.912068939
1095 [ 0.  0.  0.  1.] -1 127.203845215
1096 [ 0.  0.  0.  1.] -1 130.692198944
1097 [ 0.  0.  0.  1.] -1 139.226818848
1098 [ 0.  0.  0.  1.] -1 172.293141937
1099 [ 0.  0.  0.  1.] -1 180.697864532
1100 [ 0.  0.  0.  1.] -1 194.014128876
1101 [ 0.  0.  0.  1.] -1 202.884733582
1102 [ 0.  0.  0.  1.] -1 179.710668182
1103 [ 0.  0.  0.  1.] -1 185.29000473
1104 [ 0.  0.  0.  1.] -1 193.46975174
1105 [ 0.  0.  0.  1.] -1 198.331239319
1106 [ 0.  0.  0.  1.] -1 161.374940491
1107 [ 0.  0.  0.  1.] -1 161.86579895
1108 [ 0.  0.  0.  1.] -1 168.505550385
1109 [ 0.  0.  0.  1.] -1 164.539543915
1110 [ 0.  0.  0.  1.] -1 154.862796021
1111 [ 0.  0.  0.  1.] -1 150.71933136
1112 [ 0.  0.  0.  1.] -1 153.940468597
1113 [ 0.  0.  0.  1.] -1 150.66055069
1114 [ 0.  0.  0.  1.] -1 83.0090293884
1115 [ 0.  0.  0.  1.] -1 76.1541233063
1116 [ 0.  0.  0.  1.] -1 76.0580013275
1117 [ 0.  0.  0.  1.] -1 69.5697025299
1118 [ 0.  0.  0.  1.] 0 70.5697025299
1119 [ 0.  1.  0.  0.] -102 -83.6480623245
1120 [ 0.  1.  0.  0.] -1 17.5371837616
1121 [ 0.  1.  0.  0.] -1 18.4200009346
1122 [ 0.  1.  0.  0.] -1 18.6961939812
1123 [ 0.  1.  0.  0.] -1 19.457581234
1124 [ 0.  1.  0.  0.] -1 19.5297578812
1125 [ 0.  1.  0.  0.] -1 20.0495156288
1126 [ 0.  1.  0.  0.] -1 21.5203931808
1127 [ 0.  1.  0.  0.] -1 21.2271983147
1128 [ 0.  1.  0.  0.] 9 33.2893724442
1129 [ 0.  1.  0.  0.] -1 24.9050997734
1130 [ 0.  1.  0.  0.] -1 25.7523495674
1131 [ 0.  1.  0.  0.] -1 27.2500154495
1132 [ 0.  1.  0.  0.] 9 40.2215486526
1133 [ 0.  1.  0.  0.] -1 30.7219127655
1134 [ 0.  1.  0.  0.] -1 30.0452791214
1135 [ 0.  1.  0.  0.] -1 30.2961442947
1136 [ 0.  1.  0.  0.] -1 29.0849725723
1137 [ 0.  1.  0.  0.] -1 29.5002279282
1138 [ 0.  1.  0.  0.] -1 29.078927803
1139 [ 0.  1.  0.  0.] -1 28.790056324
1140 [ 0.  1.  0.  0.] -1 29.3518610954
1141 [ 0.  1.  0.  0.] -1 33.0049728394
1142 [ 0.  1.  0.  0.] -1 33.1181491852
1143 [ 0.  1.  0.  0.] -1 33.6805192947
1144 [ 0.  1.  0.  0.] -1 32.3014457703
1145 [ 0.  1.  0.  0.] -1 33.4026519775
1146 [ 0.  1.  0.  0.] -1 33.4171695709
1147 [ 0.  1.  0.  0.] -1 33.9588541031
1148 [ 0.  1.  0.  0.] -1 34.1836666107
1149 [ 0.  1.  0.  0.] 0 35.1836666107
1150 [ 1.  0.  0.  0.] -2 38.2547460556
1151 [ 1.  0.  0.  0.] -1 38.1943782806
1152 [ 1.  0.  0.  0.] 9 56.7702352524
1153 [ 1.  0.  0.  0.] -1 46.8403697968
1154 [ 1.  0.  0.  0.] -1 47.0154542923
1155 [ 1.  0.  0.  0.] -1 46.8161037445
1156 [ 1.  0.  0.  0.] 9 57.2775066376
1157 [ 1.  0.  0.  0.] -1 34.3632230759
1158 [ 1.  0.  0.  0.] -1 34.4661073685
1159 [ 1.  0.  0.  0.] -1 34.3913341522
1160 [ 1.  0.  0.  0.] 9 44.1183555603
1161 [ 1.  0.  0.  0.] -1 34.1125862122
1162 [ 1.  0.  0.  0.] -1 34.3898410797
1163 [ 1.  0.  0.  0.] -1 34.086388588
1164 [ 1.  0.  0.  0.] 9 46.8851602554
1165 [ 1.  0.  0.  0.] -1 37.2873476028
1166 [ 1.  0.  0.  0.] -1 37.8493299484
1167 [ 1.  0.  0.  0.] -1 38.7137718201
1168 [ 1.  0.  0.  0.] 9 53.3211688995
1169 [ 1.  0.  0.  0.] -1 44.671134758
1170 [ 1.  0.  0.  0.] -1 44.9594245911
1171 [ 1.  0.  0.  0.] -1 45.7321113586
1172 [ 1.  0.  0.  0.] -1 45.4813512802
1173 [ 1.  0.  0.  0.] 0 46.4813512802
1174 [ 0.  1.  0.  0.] -2 41.2409852982
1175 [ 0.  1.  0.  0.] -1 42.4644714355
1176 [ 0.  1.  0.  0.] -1 42.760632515
1177 [ 0.  1.  0.  0.] -1 42.7710115433
1178 [ 0.  1.  0.  0.] -1 43.170854187
1179 [ 0.  1.  0.  0.] -1 43.4981958389
1180 [ 0.  1.  0.  0.] -1 43.7136222839
1181 [ 0.  1.  0.  0.] -1 45.3101118088
1182 [ 0.  1.  0.  0.] -1 45.5106256485
1183 [ 0.  1.  0.  0.] -1 45.6121473312
1184 [ 0.  1.  0.  0.] -1 46.0187124252
1185 [ 0.  1.  0.  0.] -1 46.4699972153
1186 [ 0.  1.  0.  0.] -1 46.9438411713
1187 [ 0.  1.  0.  0.] -1 47.4508117676
1188 [ 0.  1.  0.  0.] -1 47.8895431519
1189 [ 0.  1.  0.  0.] -1 48.2056432724
1190 [ 0.  1.  0.  0.] -1 48.3148948669
1191 [ 0.  1.  0.  0.] -1 48.4743347168
1192 [ 0.  1.  0.  0.] -1 48.4593460083
1193 [ 0.  1.  0.  0.] 0 49.4593460083
1194 [ 0.  0.  1.  0.] -2 47.8061374664
1195 [ 0.  0.  1.  0.] -1 48.7114795685
1196 [ 0.  0.  1.  0.] -1 48.9251338959
1197 [ 0.  0.  1.  0.] -1 42.9625850677
1198 [ 0.  0.  1.  0.] -1 42.8967123032
1199 [ 0.  0.  1.  0.] -1 42.8986474991
1200 [ 0.  0.  1.  0.] -1 42.7177103043
1201 [ 0.  0.  1.  0.] -1 39.8401391983
1202 [ 0.  0.  1.  0.] -1 39.9461038589
1203 [ 0.  0.  1.  0.] -1 39.7418174744
1204 [ 0.  0.  1.  0.] -1 40.47921772
1205 [ 0.  0.  1.  0.] -1 36.4343393326
1206 [ 0.  0.  1.  0.] -1 35.9968835831
1207 [ 0.  0.  1.  0.] -1 35.5206912994
1208 [ 0.  0.  1.  0.] -1 36.2697860718
1209 [ 0.  0.  1.  0.] -1 34.4289690018
1210 [ 0.  0.  1.  0.] -1 34.0718999863
1211 [ 0.  0.  1.  0.] -1 33.9523237228
1212 [ 0.  0.  1.  0.] -1 34.5657844543
1213 [ 0.  0.  1.  0.] -1 24.5909747124
1214 [ 0.  0.  1.  0.] -1 24.258952713
1215 [ 0.  0.  1.  0.] -1 24.2531072617
1216 [ 0.  0.  1.  0.] -1 25.1334112167
1217 [ 0.  0.  1.  0.] 0 26.1334112167
1218 [ 0.  0.  0.  1.] -2 72.158599472
1219 [ 0.  0.  0.  1.] -1 70.826594162
1220 [ 0.  0.  0.  1.] -1 67.7564167023
1221 [ 0.  0.  0.  1.] -1 65.6117919922
1222 [ 0.  0.  0.  1.] -1 64.3210525513
1223 [ 0.  0.  0.  1.] -1 63.2601593018
1224 [ 0.  0.  0.  1.] -1 59.5010593414
1225 [ 0.  0.  0.  1.] -1 59.1968820572
1226 [ 0.  0.  0.  1.] -1 59.504766655
1227 [ 0.  0.  0.  1.] -1 59.7845220566
1228 [ 0.  0.  0.  1.] -1 52.2088026047
1229 [ 0.  0.  0.  1.] -1 49.9507659912
1230 [ 0.  0.  0.  1.] -1 48.5399864197
1231 [ 0.  0.  0.  1.] -1 47.4870223999
1232 [ 0.  0.  0.  1.] -1 51.0186969757
1233 [ 0.  0.  0.  1.] -1 50.0137685776
1234 [ 0.  0.  0.  1.] -1 51.2372653961
1235 [ 0.  0.  0.  1.] -1 48.7647663116
1236 [ 0.  0.  0.  1.] -1 40.5317941666
1237 [ 0.  0.  0.  1.] -1 39.7022764206
1238 [ 0.  0.  0.  1.] -1 38.7248865128
1239 [ 0.  0.  0.  1.] -1 37.9775203705
1240 [ 0.  0.  0.  1.] -1 35.0218093872
1241 [ 0.  0.  0.  1.] -1 34.4802915573
1242 [ 0.  0.  0.  1.] -1 34.7242132187
1243 [ 0.  0.  0.  1.] -1 35.5186981201
1244 [ 0.  0.  0.  1.] -1 37.724256134
1245 [ 0.  0.  0.  1.] -1 39.1236057281
1246 [ 0.  0.  0.  1.] -1 42.0434902191
1247 [ 0.  0.  0.  1.] -1 42.1535463333
1248 [ 0.  0.  0.  1.] -1 35.671295929
1249 [ 0.  0.  0.  1.] 0 36.671295929
1250 [ 0.  0.  1.  0.] -2 23.6693084717
1251 [ 0.  0.  1.  0.] -1 25.1840071678
1252 [ 0.  0.  1.  0.] -1 26.1812654495
1253 [ 0.  0.  1.  0.] -1 23.2696218491
1254 [ 0.  0.  1.  0.] -1 23.6429733276
1255 [ 0.  0.  1.  0.] -1 23.4644043922
1256 [ 0.  0.  1.  0.] -1 25.8975436211
1257 [ 0.  0.  1.  0.] -1 21.7289196014
1258 [ 0.  0.  1.  0.] -1 22.1658118248
1259 [ 0.  0.  1.  0.] -1 21.9250013351
1260 [ 0.  0.  1.  0.] -1 22.4419269562
1261 [ 0.  0.  1.  0.] 0 23.4419269562
1262 [ 0.  0.  0.  1.] -2 27.7791373253
1263 [ 0.  0.  0.  1.] -1 29.43045578
1264 [ 0.  0.  0.  1.] -1 22.2489364624
1265 [ 0.  0.  0.  1.] -1 22.1667105675
1266 [ 0.  0.  0.  1.] -1 22.2867198944
1267 [ 0.  0.  0.  1.] -1 22.5864850044
1268 [ 0.  0.  0.  1.] -1 22.952700901
1269 [ 0.  0.  0.  1.] -1 24.9390091896
1270 [ 0.  0.  0.  1.] -1 27.5971819878
1271 [ 0.  0.  0.  1.] -1 25.6435509682
1272 [ 0.  0.  0.  1.] -1 19.9647837639
1273 [ 0.  0.  0.  1.] 0 20.9647837639
1274 [ 0.  0.  1.  0.] -2 29.431836319
1275 [ 0.  0.  1.  0.] -1 31.4854997635
1276 [ 0.  0.  1.  0.] -1 35.5090076447
1277 [ 0.  0.  1.  0.] -1 37.3650453568
1278 [ 0.  0.  1.  0.] -1 34.5901374817
1279 [ 0.  0.  1.  0.] -1 34.6983127594
1280 [ 0.  0.  1.  0.] -1 38.0964769363
1281 [ 0.  0.  1.  0.] -1 22.6527310371
1282 [ 0.  0.  1.  0.] -1 21.9784511566
1283 [ 0.  0.  1.  0.] -1 22.7995268822
1284 [ 0.  0.  1.  0.] -1 26.0822443008
1285 [ 0.  0.  1.  0.] 0 27.0822443008
1286 [ 0.  0.  0.  1.] -2 23.6660070419
1287 [ 0.  0.  0.  1.] -1 27.0204102516
1288 [ 0.  0.  0.  1.] -1 22.5655747414
1289 [ 0.  0.  0.  1.] -1 22.6914983749
1290 [ 0.  0.  0.  1.] -1 22.7509005547
1291 [ 0.  0.  0.  1.] -1 24.2004673958
1292 [ 0.  0.  0.  1.] -1 20.4910048485
1293 [ 0.  0.  0.  1.] -1 20.4301657677
1294 [ 0.  0.  0.  1.] -1 20.5398794174
1295 [ 0.  0.  0.  1.] -1 20.2928936958
1296 [ 0.  0.  0.  1.] -1 19.1337439537
1297 [ 0.  0.  0.  1.] 0 20.1337439537
1298 [ 1.  0.  0.  0.] -2 39.77976017
1299 [ 1.  0.  0.  0.] -1 41.1426347733
1300 [ 1.  0.  0.  0.] -1 44.8609361649
1301 [ 1.  0.  0.  0.] -1 47.7661109924
1302 [ 1.  0.  0.  0.] -1 46.1426193237
1303 [ 1.  0.  0.  0.] -1 46.303371048
1304 [ 1.  0.  0.  0.] -1 35.1063455582
1305 [ 1.  0.  0.  0.] -1 33.5117477417
1306 [ 1.  0.  0.  0.] -1 32.3742837906
1307 [ 1.  0.  0.  0.] -1 33.6087141037
1308 [ 1.  0.  0.  0.] -1 38.2218080521
1309 [ 1.  0.  0.  0.] 0 39.2218080521
1310 [ 0.  0.  0.  1.] -2 17.6132396698
1311 [ 0.  0.  0.  1.] -1 18.4412880898
1312 [ 0.  0.  0.  1.] -1 18.3232212067
1313 [ 0.  0.  0.  1.] -1 18.665558815
1314 [ 0.  0.  0.  1.] -1 18.8248464584
1315 [ 0.  0.  0.  1.] -1 19.0734267235
1316 [ 0.  0.  0.  1.] -1 19.3946022034
1317 [ 0.  0.  0.  1.] -1 19.8488713264
1318 [ 0.  0.  0.  1.] -1 19.8587864876
1319 [ 0.  0.  0.  1.] -1 20.6200469017
1320 [ 0.  0.  0.  1.] 9 37.7397812843
1321 [ 0.  0.  0.  1.] 0 28.7397812843
1322 [ 1.  0.  0.  0.] -2 78.6222480774
1323 [ 1.  0.  0.  0.] -1 80.9999698639
1324 [ 1.  0.  0.  0.] 9 96.4718849182
1325 [ 1.  0.  0.  0.] -1 89.6742645264
1326 [ 1.  0.  0.  0.] -1 89.4477741241
1327 [ 1.  0.  0.  0.] -1 91.7910861969
1328 [ 1.  0.  0.  0.] 9 72.347145462
1329 [ 1.  0.  0.  0.] -1 68.8787578583
1330 [ 1.  0.  0.  0.] -1 65.8504299164
1331 [ 1.  0.  0.  0.] -1 69.7127983093
1332 [ 1.  0.  0.  0.] 9 65.4669260025
1333 [ 1.  0.  0.  0.] 0 56.4669260025
1334 [ 0.  1.  0.  0.] -2 23.0132553101
1335 [ 0.  1.  0.  0.] -1 24.4328141212
1336 [ 0.  1.  0.  0.] 9 35.0231304169
1337 [ 0.  1.  0.  0.] -1 24.4584137917
1338 [ 0.  1.  0.  0.] -1 25.8401454926
1339 [ 0.  1.  0.  0.] -1 27.0566879272
1340 [ 0.  1.  0.  0.] 9 37.2054606438
1341 [ 0.  1.  0.  0.] -1 26.8869650841
1342 [ 0.  1.  0.  0.] -1 26.7303881645
1343 [ 0.  1.  0.  0.] -1 28.1688874245
1344 [ 0.  1.  0.  0.] 9 38.2509158134
1345 [ 0.  1.  0.  0.] -1 23.1968889236
1346 [ 0.  1.  0.  0.] -1 25.0247376442
1347 [ 0.  1.  0.  0.] -1 25.0876115799
1348 [ 0.  1.  0.  0.] -1 25.3158215523
1349 [ 0.  1.  0.  0.] -1 27.8934264183
1350 [ 0.  1.  0.  0.] -1 29.9461709976
1351 [ 0.  1.  0.  0.] -1 31.5436172485
1352 [ 0.  1.  0.  0.] -1 30.7386301041
1353 [ 0.  1.  0.  0.] -1 34.8537916183
1354 [ 0.  1.  0.  0.] -1 35.583193779
1355 [ 0.  1.  0.  0.] -1 38.0489849091
1356 [ 0.  1.  0.  0.] -1 39.4315664291
1357 [ 0.  1.  0.  0.] -1 39.0723339081
1358 [ 0.  1.  0.  0.] -1 42.7497098923
1359 [ 0.  1.  0.  0.] -1 42.8221673965
1360 [ 0.  1.  0.  0.] -1 43.8883371353
1361 [ 0.  1.  0.  0.] -1 46.0437902451
1362 [ 0.  1.  0.  0.] -1 46.5578855515
1363 [ 0.  1.  0.  0.] -1 51.7566625595
1364 [ 0.  1.  0.  0.] -1 53.9543928146
1365 [ 0.  1.  0.  0.] -1 54.7873750687
1366 [ 0.  1.  0.  0.] -1 52.7964208603
1367 [ 0.  1.  0.  0.] -1 54.0976915359
1368 [ 0.  1.  0.  0.] -1 49.9423656464
1369 [ 0.  1.  0.  0.] -1 45.8824260712
1370 [ 0.  1.  0.  0.] -1 46.404291153
1371 [ 0.  1.  0.  0.] -1 45.6362575531
1372 [ 0.  1.  0.  0.] -1 46.5618320465
1373 [ 0.  1.  0.  0.] -1 57.0193590164
1374 [ 0.  1.  0.  0.] -1 59.0230007172
1375 [ 0.  1.  0.  0.] -1 60.9470275879
1376 [ 0.  1.  0.  0.] -1 58.0917800903
1377 [ 0.  1.  0.  0.] -1 62.5988513947
1378 [ 0.  1.  0.  0.] -1 61.6958324432
1379 [ 0.  1.  0.  0.] -1 64.2327293396
1380 [ 0.  1.  0.  0.] -1 63.7152202606
1381 [ 0.  1.  0.  0.] -1 71.0991451263
1382 [ 0.  1.  0.  0.] -1 74.2914138794
1383 [ 0.  1.  0.  0.] -1 73.774238205
1384 [ 0.  1.  0.  0.] -1 71.7448699951
1385 [ 0.  1.  0.  0.] -1 70.2353229523
1386 [ 0.  1.  0.  0.] -1 70.5388153076
1387 [ 0.  1.  0.  0.] -1 71.966765213
1388 [ 0.  1.  0.  0.] -1 73.308972168
1389 [ 0.  1.  0.  0.] -1 79.6465358734
1390 [ 0.  1.  0.  0.] -1 79.9120925903
1391 [ 0.  1.  0.  0.] -1 80.4596733093
1392 [ 0.  1.  0.  0.] -1 79.4067455292
1393 [ 0.  1.  0.  0.] -1 81.4196971893
1394 [ 0.  1.  0.  0.] -1 83.3023456573
1395 [ 0.  1.  0.  0.] -1 84.4414585114
1396 [ 0.  1.  0.  0.] -1 86.4950927734
1397 [ 0.  1.  0.  0.] -1 94.4209667206
1398 [ 0.  1.  0.  0.] -1 97.6800685883
1399 [ 0.  1.  0.  0.] -1 98.8338802338
1400 [ 0.  1.  0.  0.] -1 98.3580467224
1401 [ 0.  1.  0.  0.] 0 99.3580467224
1402 [ 1.  0.  0.  0.] -2 130.180332184
1403 [ 1.  0.  0.  0.] -1 138.442665863
1404 [ 1.  0.  0.  0.] -1 161.956687927
1405 [ 1.  0.  0.  0.] -1 168.159085083
1406 [ 1.  0.  0.  0.] -1 164.007662201
1407 [ 1.  0.  0.  0.] -1 166.896960449
1408 [ 1.  0.  0.  0.] -1 159.821782684
1409 [ 1.  0.  0.  0.] -1 164.350445557
1410 [ 1.  0.  0.  0.] -1 159.615202332
1411 [ 1.  0.  0.  0.] -1 167.456355286
1412 [ 1.  0.  0.  0.] -1 182.541388702
1413 [ 1.  0.  0.  0.] -1 188.969747162
1414 [ 1.  0.  0.  0.] -1 183.770651245
1415 [ 1.  0.  0.  0.] -1 190.480678558
1416 [ 1.  0.  0.  0.] -1 222.911170197
1417 [ 1.  0.  0.  0.] -1 226.419078827
1418 [ 1.  0.  0.  0.] -1 228.079998779
1419 [ 1.  0.  0.  0.] -1 239.834146881
1420 [ 1.  0.  0.  0.] -1 279.475149536
1421 [ 1.  0.  0.  0.] -1 287.145744324
1422 [ 1.  0.  0.  0.] -1 287.911212158
1423 [ 1.  0.  0.  0.] -1 292.532344055
1424 [ 1.  0.  0.  0.] -1 297.643899536
1425 [ 1.  0.  0.  0.] 0 298.643899536
1426 [ 0.  0.  0.  1.] -2 146.841992187
1427 [ 0.  0.  0.  1.] -1 143.841065216
1428 [ 0.  0.  0.  1.] -1 128.014945984
1429 [ 0.  0.  0.  1.] -1 125.064547729
1430 [ 0.  0.  0.  1.] -1 124.511965942
1431 [ 0.  0.  0.  1.] -1 123.597176361
1432 [ 0.  0.  0.  1.] -1 122.434638214
1433 [ 0.  0.  0.  1.] -1 121.895957947
1434 [ 0.  0.  0.  1.] -1 121.583325958
1435 [ 0.  0.  0.  1.] -1 120.663897705
1436 [ 0.  0.  0.  1.] -1 110.444519424
1437 [ 0.  0.  0.  1.] -1 107.483575439
1438 [ 0.  0.  0.  1.] -1 104.95762291
1439 [ 0.  0.  0.  1.] -1 103.509726715
1440 [ 0.  0.  0.  1.] -1 105.424005127
1441 [ 0.  0.  0.  1.] -1 104.299518585
1442 [ 0.  0.  0.  1.] -1 102.959855652
1443 [ 0.  0.  0.  1.] -1 100.07420311
1444 [ 0.  0.  0.  1.] -1 92.8659751892
1445 [ 0.  0.  0.  1.] -1 90.376385498
1446 [ 0.  0.  0.  1.] -1 88.4557434082
1447 [ 0.  0.  0.  1.] -1 86.7856330872
1448 [ 0.  0.  0.  1.] -1 81.0297950745
1449 [ 0.  0.  0.  1.] -1 79.7469486237
1450 [ 0.  0.  0.  1.] -1 79.0366882324
1451 [ 0.  0.  0.  1.] -1 78.6093578339
1452 [ 0.  0.  0.  1.] -1 76.0586029053
1453 [ 0.  0.  0.  1.] -1 76.3365825653
1454 [ 0.  0.  0.  1.] -1 75.8147537231
1455 [ 0.  0.  0.  1.] -1 74.2510139465
1456 [ 0.  0.  0.  1.] -1 69.8921916962
1457 [ 0.  0.  0.  1.] 0 70.8921916962
1458 [ 0.  0.  1.  0.] -2 59.2793052673
1459 [ 0.  0.  1.  0.] -1 61.103836441
1460 [ 0.  0.  1.  0.] -1 63.9918373108
1461 [ 0.  0.  1.  0.] -1 52.9904296875
1462 [ 0.  0.  1.  0.] -1 51.8226331711
1463 [ 0.  0.  1.  0.] -1 51.2120679855
1464 [ 0.  0.  1.  0.] -1 55.7940357208
1465 [ 0.  0.  1.  0.] -1 41.4704257965
1466 [ 0.  0.  1.  0.] -1 41.4943185806
1467 [ 0.  0.  1.  0.] -1 40.5552122116
1468 [ 0.  0.  1.  0.] -1 41.6362329483
1469 [ 0.  0.  1.  0.] 0 42.6362329483
1470 [ 0.  0.  0.  1.] -2 44.5252954483
1471 [ 0.  0.  0.  1.] -1 43.4925388336
1472 [ 0.  0.  0.  1.] -1 33.3933855057
1473 [ 0.  0.  0.  1.] -1 31.8634572983
1474 [ 0.  0.  0.  1.] -1 30.4527900696
1475 [ 0.  0.  0.  1.] -1 29.9863027573
1476 [ 0.  0.  0.  1.] -1 31.3566280365
1477 [ 0.  0.  0.  1.] -1 31.451035881
1478 [ 0.  0.  0.  1.] -1 32.6945587158
1479 [ 0.  0.  0.  1.] -1 32.1961515427
1480 [ 0.  0.  0.  1.] -1 28.4789029121
1481 [ 0.  0.  0.  1.] 0 29.4789029121
1482 [ 0.  0.  1.  0.] -2 12.7424738407
1483 [ 0.  0.  1.  0.] -1 13.9344740868
1484 [ 0.  0.  1.  0.] -1 14.2534353256
1485 [ 0.  0.  1.  0.] -1 14.7594238281
1486 [ 0.  0.  1.  0.] -1 14.237112999
1487 [ 0.  0.  1.  0.] -1 14.2895209312
1488 [ 0.  0.  1.  0.] -1 14.9701191902
1489 [ 0.  0.  1.  0.] -1 14.2962687492
1490 [ 0.  0.  1.  0.] -1 14.0855525494
1491 [ 0.  0.  1.  0.] -1 14.1358567715
1492 [ 0.  0.  1.  0.] -1 16.4430696487
1493 [ 0.  0.  1.  0.] 0 17.4430696487
1494 [ 0.  1.  0.  0.] -2 41.7497098923
1495 [ 0.  1.  0.  0.] -1 42.8221673965
1496 [ 0.  1.  0.  0.] -1 43.8883371353
1497 [ 0.  1.  0.  0.] -1 46.0437902451
1498 [ 0.  1.  0.  0.] -1 46.5578855515
1499 [ 0.  1.  0.  0.] -1 51.7566625595
1500 [ 0.  1.  0.  0.] -1 53.9543928146
1501 [ 0.  1.  0.  0.] -1 54.7873750687
1502 [ 0.  1.  0.  0.] -1 52.7964208603
1503 [ 0.  1.  0.  0.] -1 54.0976915359
1504 [ 0.  1.  0.  0.] -1 49.9423656464
1505 [ 0.  1.  0.  0.] 0 50.9423656464
1506 [ 0.  0.  1.  0.] -2 21.1733170509
1507 [ 0.  0.  1.  0.] -1 22.5559205055
1508 [ 0.  0.  1.  0.] -1 23.4497998238
1509 [ 0.  0.  1.  0.] -1 21.5685012817
1510 [ 0.  0.  1.  0.] -1 21.8029462814
1511 [ 0.  0.  1.  0.] -1 21.7434480667
1512 [ 0.  0.  1.  0.] -1 23.218735981
1513 [ 0.  0.  1.  0.] -1 20.1224768639
1514 [ 0.  0.  1.  0.] -1 20.554764843
1515 [ 0.  0.  1.  0.] -1 20.32352705
1516 [ 0.  0.  1.  0.] -1 20.7309256554
1517 [ 0.  0.  1.  0.] 0 21.7309256554
1518 [ 0.  0.  0.  1.] -2 25.2743922234
1519 [ 0.  0.  0.  1.] -1 26.9661232948
1520 [ 0.  0.  0.  1.] -1 20.7807025909
1521 [ 0.  0.  0.  1.] -1 20.8391571045
1522 [ 0.  0.  0.  1.] -1 21.052226162
1523 [ 0.  0.  0.  1.] -1 21.1401579857
1524 [ 0.  0.  0.  1.] -1 21.8536781311
1525 [ 0.  0.  0.  1.] -1 24.0058986664
1526 [ 0.  0.  0.  1.] -1 26.7006444931
1527 [ 0.  0.  0.  1.] -1 24.6691218376
1528 [ 0.  0.  0.  1.] -1 19.4512936592
1529 [ 0.  0.  0.  1.] 0 20.4512936592
1530 [ 0.  0.  1.  0.] -2 28.0936302185
1531 [ 0.  0.  1.  0.] -1 29.8192634583
1532 [ 0.  0.  1.  0.] -1 33.3002243042
1533 [ 0.  0.  1.  0.] -1 33.9788076401
1534 [ 0.  0.  1.  0.] -1 31.4429182053
1535 [ 0.  0.  1.  0.] -1 31.5070478439
1536 [ 0.  0.  1.  0.] -1 34.9477537155
1537 [ 0.  0.  1.  0.] -1 21.1007637024
1538 [ 0.  0.  1.  0.] -1 20.4380569458
1539 [ 0.  0.  1.  0.] -1 21.2488098145
1540 [ 0.  0.  1.  0.] -1 23.8948622704
1541 [ 0.  0.  1.  0.] 0 24.8948622704
1542 [ 0.  0.  0.  1.] -2 21.5729150772
1543 [ 0.  0.  0.  1.] -1 24.7816168785
1544 [ 0.  0.  0.  1.] -1 21.0686952591
1545 [ 0.  0.  0.  1.] -1 21.2087976456
1546 [ 0.  0.  0.  1.] -1 21.2518847466
1547 [ 0.  0.  0.  1.] -1 22.1996088982
1548 [ 0.  0.  0.  1.] -1 19.7743608475
1549 [ 0.  0.  0.  1.] -1 19.7655183792
1550 [ 0.  0.  0.  1.] -1 19.8930111885
1551 [ 0.  0.  0.  1.] -1 19.8552005768
1552 [ 0.  0.  0.  1.] -1 18.6963208199
1553 [ 0.  0.  0.  1.] 0 19.6963208199
1554 [ 1.  0.  0.  0.] -2 38.5720674515
1555 [ 1.  0.  0.  0.] -1 40.1816795349
1556 [ 1.  0.  0.  0.] -1 45.3746437073
1557 [ 1.  0.  0.  0.] -1 47.3309745789
1558 [ 1.  0.  0.  0.] -1 46.4674459457
1559 [ 1.  0.  0.  0.] -1 45.4251472473
1560 [ 1.  0.  0.  0.] -1 41.2164476395
1561 [ 1.  0.  0.  0.] -1 39.6819641113
1562 [ 1.  0.  0.  0.] -1 39.0281360626
1563 [ 1.  0.  0.  0.] -1 40.1600589752
1564 [ 1.  0.  0.  0.] -1 36.6321025848
1565 [ 1.  0.  0.  0.] 0 37.6321025848
1566 [ 0.  0.  0.  1.] -2 18.0515162468
1567 [ 0.  0.  0.  1.] -1 18.7296866417
1568 [ 0.  0.  0.  1.] -1 18.0401226997
1569 [ 0.  0.  0.  1.] -1 18.4804866791
1570 [ 0.  0.  0.  1.] -1 18.8649709702
1571 [ 0.  0.  0.  1.] -1 19.1218446732
1572 [ 0.  0.  0.  1.] -1 19.460661602
1573 [ 0.  0.  0.  1.] -1 19.6488648415
1574 [ 0.  0.  0.  1.] -1 20.5577709198
1575 [ 0.  0.  0.  1.] -1 22.0102967262
1576 [ 0.  0.  0.  1.] -1 28.8878108978
1577 [ 0.  0.  0.  1.] -1 30.6986433029
1578 [ 0.  0.  0.  1.] -1 31.9063867569
1579 [ 0.  0.  0.  1.] -1 32.9855737686
1580 [ 0.  0.  0.  1.] 9 45.7175195694
1581 [ 0.  0.  0.  1.] -1 36.5152189255
1582 [ 0.  0.  0.  1.] -1 36.4039125443
1583 [ 0.  0.  0.  1.] -1 36.3363582611
1584 [ 0.  0.  0.  1.] 9 48.6100177765
1585 [ 0.  0.  0.  1.] -1 38.7479856491
1586 [ 0.  0.  0.  1.] -1 38.9357902527
1587 [ 0.  0.  0.  1.] -1 38.898068428
1588 [ 0.  0.  0.  1.] 9 53.5304925919
1589 [ 0.  0.  0.  1.] -1 44.3241258621
1590 [ 0.  0.  0.  1.] -1 45.5141191483
1591 [ 0.  0.  0.  1.] -1 46.4129161835
1592 [ 0.  0.  0.  1.] 9 61.6016946793
1593 [ 0.  0.  0.  1.] -1 55.3338033676
1594 [ 0.  0.  0.  1.] -1 58.1993574142
1595 [ 0.  0.  0.  1.] -1 61.994171524
1596 [ 0.  0.  0.  1.] 9 83.0559906006
1597 [ 0.  0.  0.  1.] -1 78.5692333221
1598 [ 0.  0.  0.  1.] -1 82.0466426849
1599 [ 0.  0.  0.  1.] -1 85.5915737152
1600 [ 0.  0.  0.  1.] 9 119.513617706
1601 [ 0.  0.  0.  1.] 0 110.513617706
1602 [ 0.  0.  1.  0.] -2 63.6307418823
1603 [ 0.  0.  1.  0.] -1 63.6148292542
1604 [ 0.  0.  1.  0.] 9 69.5703023911
1605 [ 0.  0.  1.  0.] -1 41.8001012802
1606 [ 0.  0.  1.  0.] -1 41.0249610901
1607 [ 0.  0.  1.  0.] -1 39.4261051178
1608 [ 0.  0.  1.  0.] 9 49.0074323654
1609 [ 0.  0.  1.  0.] -1 37.3676038742
1610 [ 0.  0.  1.  0.] -1 37.6318342209
1611 [ 0.  0.  1.  0.] -1 37.4734453201
1612 [ 0.  0.  1.  0.] 9 46.0721242905
1613 [ 0.  0.  1.  0.] -1 37.6777643204
1614 [ 0.  0.  1.  0.] -1 37.928020668
1615 [ 0.  0.  1.  0.] -1 38.3331941605
1616 [ 0.  0.  1.  0.] 9 47.3954467773
1617 [ 0.  0.  1.  0.] -1 37.0566171646
1618 [ 0.  0.  1.  0.] -1 37.8049798965
1619 [ 0.  0.  1.  0.] -1 38.4099351883
1620 [ 0.  0.  1.  0.] 9 46.1461618423
1621 [ 0.  0.  1.  0.] -1 35.0599370956
1622 [ 0.  0.  1.  0.] -1 35.6965839386
1623 [ 0.  0.  1.  0.] -1 35.7019075394
1624 [ 0.  0.  1.  0.] 9 44.6527088165
1625 [ 0.  0.  1.  0.] -1 36.9565921783
1626 [ 0.  0.  1.  0.] -1 37.2866662979
1627 [ 0.  0.  1.  0.] -1 37.0325250626
1628 [ 0.  0.  1.  0.] 9 44.7265760422
1629 [ 0.  0.  1.  0.] -1 33.4565330505
1630 [ 0.  0.  1.  0.] -1 33.4778528214
1631 [ 0.  0.  1.  0.] -1 33.1072193146
1632 [ 0.  0.  1.  0.] 9 41.2056610107
1633 [ 0.  0.  1.  0.] -1 37.45051651
1634 [ 0.  0.  1.  0.] -1 37.4876512527
1635 [ 0.  0.  1.  0.] -1 38.2063047409
1636 [ 0.  0.  1.  0.] 9 46.4906665802
1637 [ 0.  0.  1.  0.] 0 37.4906665802
1638 [ 0.  1.  0.  0.] -2 37.2735582352
1639 [ 0.  1.  0.  0.] -1 36.3472446442
1640 [ 0.  1.  0.  0.] -1 37.6235679626
1641 [ 0.  1.  0.  0.] -1 42.8120166779
1642 [ 0.  1.  0.  0.] -1 46.600528717
1643 [ 0.  1.  0.  0.] -1 49.7644001007
1644 [ 0.  1.  0.  0.] -1 52.0079734802
1645 [ 0.  1.  0.  0.] -1 58.8053455353
1646 [ 0.  1.  0.  0.] -1 60.907403183
1647 [ 0.  1.  0.  0.] -1 63.7629695892
1648 [ 0.  1.  0.  0.] -1 66.2552192688
1649 [ 0.  1.  0.  0.] -1 66.594393158
1650 [ 0.  1.  0.  0.] -1 70.5322994232
1651 [ 0.  1.  0.  0.] -1 76.158776474
1652 [ 0.  1.  0.  0.] -1 77.8710044861
1653 [ 0.  1.  0.  0.] -1 92.7146820068
1654 [ 0.  1.  0.  0.] -1 97.5884910583
1655 [ 0.  1.  0.  0.] -1 109.242856979
1656 [ 0.  1.  0.  0.] -1 112.188942719
1657 [ 0.  1.  0.  0.] -1 127.547947693
1658 [ 0.  1.  0.  0.] -1 127.038592529
1659 [ 0.  1.  0.  0.] -1 133.795687866
1660 [ 0.  1.  0.  0.] -1 132.712311554
1661 [ 0.  1.  0.  0.] 0 133.712311554
1662 [ 0.  0.  1.  0.] -2 68.8488418579
1663 [ 0.  0.  1.  0.] -1 68.8012775421
1664 [ 0.  0.  1.  0.] -1 76.3488605499
1665 [ 0.  0.  1.  0.] -1 55.7096662521
1666 [ 0.  0.  1.  0.] -1 55.0149635315
1667 [ 0.  0.  1.  0.] -1 54.7371143341
1668 [ 0.  0.  1.  0.] -1 58.7121046066
1669 [ 0.  0.  1.  0.] -1 64.235193634
1670 [ 0.  0.  1.  0.] -1 64.2147979736
1671 [ 0.  0.  1.  0.] -1 63.4419155121
1672 [ 0.  0.  1.  0.] -1 73.7228359222
1673 [ 0.  0.  1.  0.] 0 74.7228359222
1674 [ 0.  0.  0.  1.] -2 63.6958282471
1675 [ 0.  0.  0.  1.] -1 63.8051597595
1676 [ 0.  0.  0.  1.] -1 59.4530889511
1677 [ 0.  0.  0.  1.] -1 59.0699890137
1678 [ 0.  0.  0.  1.] -1 59.5907125473
1679 [ 0.  0.  0.  1.] -1 59.9550258636
1680 [ 0.  0.  0.  1.] -1 56.8529684067
1681 [ 0.  0.  0.  1.] -1 57.0960855484
1682 [ 0.  0.  0.  1.] -1 58.5653921127
1683 [ 0.  0.  0.  1.] -1 56.2645420074
1684 [ 0.  0.  0.  1.] -1 48.0464389801
1685 [ 0.  0.  0.  1.] 0 49.0464389801
1686 [ 0.  0.  1.  0.] -2 61.0041156769
1687 [ 0.  0.  1.  0.] -1 62.026656723
1688 [ 0.  0.  1.  0.] -1 65.4728565216
1689 [ 0.  0.  1.  0.] -1 67.2201210022
1690 [ 0.  0.  1.  0.] -1 66.7464473724
1691 [ 0.  0.  1.  0.] -1 67.7056232452
1692 [ 0.  0.  1.  0.] -1 70.2577552795
1693 [ 0.  0.  1.  0.] -1 70.5002708435
1694 [ 0.  0.  1.  0.] -1 70.7816932678
1695 [ 0.  0.  1.  0.] -1 71.4523147583
1696 [ 0.  0.  1.  0.] -1 76.8619846344
1697 [ 0.  0.  1.  0.] -1 70.2645900726
1698 [ 0.  0.  1.  0.] -1 70.9704582214
1699 [ 0.  0.  1.  0.] -1 71.0506855011
1700 [ 0.  0.  1.  0.] -1 72.3773166656
1701 [ 0.  0.  1.  0.] 0 73.3773166656
1702 [ 0.  1.  0.  0.] -2 97.352009201
1703 [ 0.  1.  0.  0.] -1 98.4491821289
1704 [ 0.  1.  0.  0.] -1 98.1015426636
1705 [ 0.  1.  0.  0.] -1 106.787144089
1706 [ 0.  1.  0.  0.] -1 106.867523575
1707 [ 0.  1.  0.  0.] -1 108.11909523
1708 [ 0.  1.  0.  0.] -1 107.753524399
1709 [ 0.  1.  0.  0.] -1 116.415548325
1710 [ 0.  1.  0.  0.] -1 116.019942093
1711 [ 0.  1.  0.  0.] -1 118.860353088
1712 [ 0.  1.  0.  0.] -1 118.596043015
1713 [ 0.  1.  0.  0.] 0 119.596043015
1714 [ 0.  0.  1.  0.] -2 81.7509017944
1715 [ 0.  0.  1.  0.] -1 82.4544761658
1716 [ 0.  0.  1.  0.] -1 89.6921886444
1717 [ 0.  0.  1.  0.] -1 93.4427650452
1718 [ 0.  0.  1.  0.] -1 92.0743785858
1719 [ 0.  0.  1.  0.] -1 92.1325214386
1720 [ 0.  0.  1.  0.] -1 94.4176326752
1721 [ 0.  0.  1.  0.] -1 103.870129776
1722 [ 0.  0.  1.  0.] -1 103.353715134
1723 [ 0.  0.  1.  0.] -1 105.476885986
1724 [ 0.  0.  1.  0.] -1 113.893886566
1725 [ 0.  0.  1.  0.] 0 114.893886566
1726 [ 0.  1.  0.  0.] -2 135.117053223
1727 [ 0.  1.  0.  0.] -1 134.435404205
1728 [ 0.  1.  0.  0.] -1 137.158942413
1729 [ 0.  1.  0.  0.] -1 133.019971466
1730 [ 0.  1.  0.  0.] -1 135.945103455
1731 [ 0.  1.  0.  0.] -1 139.210511017
1732 [ 0.  1.  0.  0.] -1 143.639761353
1733 [ 0.  1.  0.  0.] -1 152.997006226
1734 [ 0.  1.  0.  0.] -1 157.122974396
1735 [ 0.  1.  0.  0.] -1 158.563383484
1736 [ 0.  1.  0.  0.] -1 157.778070831
1737 [ 0.  1.  0.  0.] -1 163.560581207
1738 [ 0.  1.  0.  0.] -1 165.01061554
1739 [ 0.  1.  0.  0.] -1 168.523003387
1740 [ 0.  1.  0.  0.] -1 167.277404022
1741 [ 0.  1.  0.  0.] -1 167.474736023
1742 [ 0.  1.  0.  0.] -1 174.482942963
1743 [ 0.  1.  0.  0.] -1 177.507719421
1744 [ 0.  1.  0.  0.] -1 176.709693909
1745 [ 0.  1.  0.  0.] -1 172.730510712
1746 [ 0.  1.  0.  0.] -1 171.684968567
1747 [ 0.  1.  0.  0.] -1 173.651272583
1748 [ 0.  1.  0.  0.] -1 171.889707947
1749 [ 0.  1.  0.  0.] -1 161.352921295
1750 [ 0.  1.  0.  0.] -1 164.669151306
1751 [ 0.  1.  0.  0.] -1 163.581208801
1752 [ 0.  1.  0.  0.] -1 163.836988068
1753 [ 0.  1.  0.  0.] -1 167.757042694
1754 [ 0.  1.  0.  0.] -1 170.267448425
1755 [ 0.  1.  0.  0.] -1 174.239470673
1756 [ 0.  1.  0.  0.] -1 170.954029846
1757 [ 0.  1.  0.  0.] -1 166.064884186
1758 [ 0.  1.  0.  0.] -1 167.582889557
1759 [ 0.  1.  0.  0.] -1 169.867855835
1760 [ 0.  1.  0.  0.] -1 168.904345703
1761 [ 0.  1.  0.  0.] 0 169.904345703
1762 [ 1.  0.  0.  0.] -2 156.054075623
1763 [ 1.  0.  0.  0.] -1 160.85146637
1764 [ 1.  0.  0.  0.] -1 175.215838623
1765 [ 1.  0.  0.  0.] -1 178.642671967
1766 [ 1.  0.  0.  0.] -1 181.072509766
1767 [ 1.  0.  0.  0.] -1 176.802539825
1768 [ 1.  0.  0.  0.] -1 176.912490845
1769 [ 1.  0.  0.  0.] -1 177.450997162
1770 [ 1.  0.  0.  0.] -1 177.773326874
1771 [ 1.  0.  0.  0.] -1 178.883491516
1772 [ 1.  0.  0.  0.] -1 209.911698151
1773 [ 1.  0.  0.  0.] 0 210.911698151
1774 [ 0.  1.  0.  0.] -2 150.270550537
1775 [ 0.  1.  0.  0.] -1 151.627249908
1776 [ 0.  1.  0.  0.] -1 148.99123764
1777 [ 0.  1.  0.  0.] -1 160.369073486
1778 [ 0.  1.  0.  0.] -1 156.657643127
1779 [ 0.  1.  0.  0.] -1 158.569428253
1780 [ 0.  1.  0.  0.] -1 154.372488403
1781 [ 0.  1.  0.  0.] -1 163.909597778
1782 [ 0.  1.  0.  0.] -1 160.348634338
1783 [ 0.  1.  0.  0.] -1 162.196130371
1784 [ 0.  1.  0.  0.] -1 159.240629578
1785 [ 0.  1.  0.  0.] -1 178.45667572
1786 [ 0.  1.  0.  0.] -1 181.136219025
1787 [ 0.  1.  0.  0.] -1 182.110166168
1788 [ 0.  1.  0.  0.] -1 182.576381683
1789 [ 0.  1.  0.  0.] -1 178.484565735
1790 [ 0.  1.  0.  0.] -1 176.675947571
1791 [ 0.  1.  0.  0.] -1 180.899066925
1792 [ 0.  1.  0.  0.] -1 180.915766144
1793 [ 0.  1.  0.  0.] -1 182.898204041
1794 [ 0.  1.  0.  0.] -1 182.280361938
1795 [ 0.  1.  0.  0.] -1 183.731642914
1796 [ 0.  1.  0.  0.] -1 176.561502838
1797 [ 0.  1.  0.  0.] 0 177.561502838
1798 [ 1.  0.  0.  0.] -2 168.021820068
1799 [ 1.  0.  0.  0.] -1 167.72712326
1800 [ 1.  0.  0.  0.] -1 142.582970428
1801 [ 1.  0.  0.  0.] -1 140.807562256
1802 [ 1.  0.  0.  0.] -1 139.743552399
1803 [ 1.  0.  0.  0.] -1 140.791544342
1804 [ 1.  0.  0.  0.] -1 147.697671509
1805 [ 1.  0.  0.  0.] -1 148.643815613
1806 [ 1.  0.  0.  0.] -1 146.812902832
1807 [ 1.  0.  0.  0.] -1 147.957480621
1808 [ 1.  0.  0.  0.] -1 134.343297577
1809 [ 1.  0.  0.  0.] -1 132.234223938
1810 [ 1.  0.  0.  0.] -1 132.462403107
1811 [ 1.  0.  0.  0.] -1 133.553302765
1812 [ 1.  0.  0.  0.] -1 93.3171657562
1813 [ 1.  0.  0.  0.] 0 94.3171657562
1814 [ 0.  1.  0.  0.] -2 109.490579987
1815 [ 0.  1.  0.  0.] -1 109.150322723
1816 [ 0.  1.  0.  0.] -1 109.930605316
1817 [ 0.  1.  0.  0.] -1 140.919064331
1818 [ 0.  1.  0.  0.] -1 150.902225494
1819 [ 0.  1.  0.  0.] -1 147.732548523
1820 [ 0.  1.  0.  0.] -1 150.776676941
1821 [ 0.  1.  0.  0.] -1 166.620756531
1822 [ 0.  1.  0.  0.] -1 170.023773193
1823 [ 0.  1.  0.  0.] -1 168.198441315
1824 [ 0.  1.  0.  0.] -1 167.815229034
1825 [ 0.  1.  0.  0.] -1 84.0274932861
1826 [ 0.  1.  0.  0.] -1 77.8384178162
1827 [ 0.  1.  0.  0.] -1 73.6022014618
1828 [ 0.  1.  0.  0.] -1 71.5581996918
1829 [ 0.  1.  0.  0.] -1 66.776366806
1830 [ 0.  1.  0.  0.] -1 64.5362361908
1831 [ 0.  1.  0.  0.] -1 62.7092372894
1832 [ 0.  1.  0.  0.] -1 60.4521320343
1833 [ 0.  1.  0.  0.] -1 58.0652273178
1834 [ 0.  1.  0.  0.] -1 61.3326244354
1835 [ 0.  1.  0.  0.] -1 59.5475656509
1836 [ 0.  1.  0.  0.] -1 59.4729990005
1837 [ 0.  1.  0.  0.] -1 55.3761602402
1838 [ 0.  1.  0.  0.] 0 56.3761602402
1839 [ 1.  0.  0.  0.] -2 45.7516153336
1840 [ 1.  0.  0.  0.] -1 46.0692558289
1841 [ 1.  0.  0.  0.] 9 47.3231233597
1842 [ 1.  0.  0.  0.] -1 38.1582038879
1843 [ 1.  0.  0.  0.] -1 37.2249864578
1844 [ 1.  0.  0.  0.] -1 37.6125619888
1845 [ 1.  0.  0.  0.] 9 51.0663249969
1846 [ 1.  0.  0.  0.] -1 42.0697748184
1847 [ 1.  0.  0.  0.] -1 40.6649168015
1848 [ 1.  0.  0.  0.] -1 40.4156244278
1849 [ 1.  0.  0.  0.] -1 35.9609846115
1850 [ 1.  0.  0.  0.] 0 36.9609846115
1851 [ 0.  1.  0.  0.] -2 42.0933158875
1852 [ 0.  1.  0.  0.] -1 41.6682071686
1853 [ 0.  1.  0.  0.] -1 43.2340089798
1854 [ 0.  1.  0.  0.] -1 48.4796546936
1855 [ 0.  1.  0.  0.] -1 51.3124771118
1856 [ 0.  1.  0.  0.] -1 54.9387334824
1857 [ 0.  1.  0.  0.] -1 57.1221817017
1858 [ 0.  1.  0.  0.] -1 64.8306613922
1859 [ 0.  1.  0.  0.] -1 67.0195999146
1860 [ 0.  1.  0.  0.] -1 72.0351348877
1861 [ 0.  1.  0.  0.] -1 75.9548706055
1862 [ 0.  1.  0.  0.] -1 71.6052749634
1863 [ 0.  1.  0.  0.] -1 77.7244369507
1864 [ 0.  1.  0.  0.] -1 81.9584716797
1865 [ 0.  1.  0.  0.] -1 81.4359760284
1866 [ 0.  1.  0.  0.] -1 92.639484787
1867 [ 0.  1.  0.  0.] -1 97.4773151398
1868 [ 0.  1.  0.  0.] -1 108.87860527
1869 [ 0.  1.  0.  0.] -1 111.369543076
1870 [ 0.  1.  0.  0.] -1 126.534731293
1871 [ 0.  1.  0.  0.] -1 125.751433563
1872 [ 0.  1.  0.  0.] -1 132.40905838
1873 [ 0.  1.  0.  0.] -1 131.200945282
1874 [ 0.  1.  0.  0.] -1 119.454972839
1875 [ 0.  1.  0.  0.] -1 123.197583771
1876 [ 0.  1.  0.  0.] -1 121.476824951
1877 [ 0.  1.  0.  0.] -1 119.445064926
1878 [ 0.  1.  0.  0.] -1 96.7410709381
1879 [ 0.  1.  0.  0.] -1 98.700163269
1880 [ 0.  1.  0.  0.] -1 99.0237686157
1881 [ 0.  1.  0.  0.] -1 98.536505127
1882 [ 0.  1.  0.  0.] -1 101.157949066
1883 [ 0.  1.  0.  0.] -1 103.820713425
1884 [ 0.  1.  0.  0.] -1 99.9613456726
1885 [ 0.  1.  0.  0.] -1 92.7109203339
1886 [ 0.  1.  0.  0.] -1 52.6509876251
1887 [ 0.  1.  0.  0.] -1 51.0878313065
1888 [ 0.  1.  0.  0.] -1 46.9168970108
1889 [ 0.  1.  0.  0.] -101 -101
1890 [ 0.  1.  0.  0.] -2 14.4902810097
1891 [ 0.  1.  0.  0.] -1 15.8932221413
1892 [ 0.  1.  0.  0.] -1 16.1318564415
1893 [ 0.  1.  0.  0.] -1 16.652878952
1894 [ 0.  1.  0.  0.] -1 16.9377749443
1895 [ 0.  1.  0.  0.] -1 17.1403345108
1896 [ 0.  1.  0.  0.] -1 18.1133702278
1897 [ 0.  1.  0.  0.] -1 18.1469408035
1898 [ 0.  1.  0.  0.] -1 18.5134520531
1899 [ 0.  1.  0.  0.] -1 19.2749752045
1900 [ 0.  1.  0.  0.] -1 19.4659761429
1901 [ 0.  1.  0.  0.] -1 20.5230950356
1902 [ 0.  1.  0.  0.] -1 21.2731302261
1903 [ 0.  1.  0.  0.] -1 22.5005101204
1904 [ 0.  1.  0.  0.] -1 22.3941576958
1905 [ 0.  1.  0.  0.] -1 22.3011722565
1906 [ 0.  1.  0.  0.] -1 21.9519382477
1907 [ 0.  1.  0.  0.] 0 22.9519382477
1908 [ 0.  0.  1.  0.] -2 14.5999964714
1909 [ 0.  0.  1.  0.] -1 15.721576786
1910 [ 0.  0.  1.  0.] -1 15.8865468025
1911 [ 0.  0.  1.  0.] -1 14.605213356
1912 [ 0.  0.  1.  0.] -1 14.3978357315
1913 [ 0.  0.  1.  0.] -1 14.1368388653
1914 [ 0.  0.  1.  0.] -1 14.0638305187
1915 [ 0.  0.  1.  0.] -1 13.2393301487
1916 [ 0.  0.  1.  0.] -1 13.3395164013
1917 [ 0.  0.  1.  0.] -1 13.2541304111
1918 [ 0.  0.  1.  0.] -1 13.3992556095
1919 [ 0.  0.  1.  0.] 0 14.3992556095
1920 [ 0.  0.  0.  1.] -2 13.1851181984
1921 [ 0.  0.  0.  1.] -1 14.3936609268
1922 [ 0.  0.  0.  1.] -1 13.4521573067
1923 [ 0.  0.  0.  1.] -1 13.5096478462
1924 [ 0.  0.  0.  1.] -1 13.6693549633
1925 [ 0.  0.  0.  1.] -1 14.2234597206
1926 [ 0.  0.  0.  1.] -1 14.9643299103
1927 [ 0.  0.  0.  1.] -1 16.2123464584
1928 [ 0.  0.  0.  1.] -1 16.5015604019
1929 [ 0.  0.  0.  1.] -1 16.3149933815
1930 [ 0.  0.  0.  1.] -1 14.2785185814
1931 [ 0.  0.  0.  1.] 0 15.2785185814
1932 [ 0.  0.  1.  0.] -2 14.4392882347
1933 [ 0.  0.  1.  0.] -1 15.4548132896
1934 [ 0.  0.  1.  0.] -1 16.0554814339
1935 [ 0.  0.  1.  0.] -1 13.5436170578
1936 [ 0.  0.  1.  0.] -1 13.1261338711
1937 [ 0.  0.  1.  0.] -1 13.2477658272
1938 [ 0.  0.  1.  0.] -1 13.583699894
1939 [ 0.  0.  1.  0.] -1 10.7742393494
1940 [ 0.  0.  1.  0.] -1 10.552674818
1941 [ 0.  0.  1.  0.] -1 10.9726259232
1942 [ 0.  0.  1.  0.] -1 11.2383611202
1943 [ 0.  0.  1.  0.] 0 12.2383611202
1944 [ 0.  1.  0.  0.] -2 10.9497168541
1945 [ 0.  1.  0.  0.] -1 11.8664246082
1946 [ 0.  1.  0.  0.] -1 11.3879483223
1947 [ 0.  1.  0.  0.] -1 12.9894814968
1948 [ 0.  1.  0.  0.] -1 12.9074114323
1949 [ 0.  1.  0.  0.] -1 13.0703574657
1950 [ 0.  1.  0.  0.] -1 12.5948048115
1951 [ 0.  1.  0.  0.] -1 13.0283675194
1952 [ 0.  1.  0.  0.] -1 13.138770628
1953 [ 0.  1.  0.  0.] -1 13.2167528629
1954 [ 0.  1.  0.  0.] -1 13.3601159096
1955 [ 0.  1.  0.  0.] 0 14.3601159096
1956 [ 0.  0.  1.  0.] -2 7.49230904579
1957 [ 0.  0.  1.  0.] -1 8.60838456154
1958 [ 0.  0.  1.  0.] -1 8.52710361481
1959 [ 0.  0.  1.  0.] -1 10.6938779831
1960 [ 0.  0.  1.  0.] -1 10.5032593727
1961 [ 0.  0.  1.  0.] -1 10.6146038055
1962 [ 0.  0.  1.  0.] -1 10.8767440319
1963 [ 0.  0.  1.  0.] -1 9.72274665833
1964 [ 0.  0.  1.  0.] -1 9.5500793457
1965 [ 0.  0.  1.  0.] -1 9.6878469944
1966 [ 0.  0.  1.  0.] -1 9.97380390167
1967 [ 0.  0.  1.  0.] 0 10.9738039017
1968 [ 0.  1.  0.  0.] -2 10.6006540775
1969 [ 0.  1.  0.  0.] -1 11.4926708698
1970 [ 0.  1.  0.  0.] -1 12.0538043022
1971 [ 0.  1.  0.  0.] -1 14.1962310791
1972 [ 0.  1.  0.  0.] -1 13.985725975
1973 [ 0.  1.  0.  0.] -1 13.6693893909
1974 [ 0.  1.  0.  0.] -1 13.9281502724
1975 [ 0.  1.  0.  0.] -1 13.4735586166
1976 [ 0.  1.  0.  0.] -1 13.0964300632
1977 [ 0.  1.  0.  0.] -1 13.0612604141
1978 [ 0.  1.  0.  0.] -1 12.9615615845
1979 [ 0.  1.  0.  0.] 0 13.9615615845
1980 [ 1.  0.  0.  0.] -2 17.4827280998
1981 [ 1.  0.  0.  0.] -1 18.8645850182
1982 [ 1.  0.  0.  0.] -1 19.5881997108
1983 [ 1.  0.  0.  0.] -1 19.5309719086
1984 [ 1.  0.  0.  0.] -1 19.886410141
1985 [ 1.  0.  0.  0.] -1 20.2253665924
1986 [ 1.  0.  0.  0.] -1 16.4256999969
1987 [ 1.  0.  0.  0.] -1 49.3963142395
1988 [ 1.  0.  0.  0.] -1 49.1499608994
1989 [ 1.  0.  0.  0.] -1 46.5415233612
1990 [ 1.  0.  0.  0.] -1 44.6198303223
1991 [ 1.  0.  0.  0.] 0 45.6198303223
1992 [ 0.  1.  0.  0.] -2 43.7227254868
1993 [ 0.  1.  0.  0.] -1 43.603635025
1994 [ 0.  1.  0.  0.] -1 39.8163225174
1995 [ 0.  1.  0.  0.] -1 43.5160655975
1996 [ 0.  1.  0.  0.] -1 42.3064123154
1997 [ 0.  1.  0.  0.] -1 46.4887620926
1998 [ 0.  1.  0.  0.] -1 44.5268466949
1999 [ 0.  1.  0.  0.] -1 51.9443946838
2000 [ 0.  1.  0.  0.] -1 50.7740976334
2001 [ 0.  1.  0.  0.] -1 51.9170301437
2002 [ 0.  1.  0.  0.] -1 48.9637001038
2003 [ 0.  1.  0.  0.] 0 49.9637001038
2004 [ 1.  0.  0.  0.] -2 62.1834037781
2005 [ 1.  0.  0.  0.] -1 63.6446979523
2006 [ 1.  0.  0.  0.] -1 59.2080184937
2007 [ 1.  0.  0.  0.] -1 60.5728462219
2008 [ 1.  0.  0.  0.] -1 60.1468784332
2009 [ 1.  0.  0.  0.] -1 60.6731719971
2010 [ 1.  0.  0.  0.] -1 57.4050355911
2011 [ 1.  0.  0.  0.] -1 55.9815141678
2012 [ 1.  0.  0.  0.] -1 55.6280654907
2013 [ 1.  0.  0.  0.] -1 57.1620054245
2014 [ 1.  0.  0.  0.] -1 71.0964923859
2015 [ 1.  0.  0.  0.] 0 72.0964923859
2016 [ 0.  0.  0.  1.] -2 37.3285011292
2017 [ 0.  0.  0.  1.] -1 38.0669670105
2018 [ 0.  0.  0.  1.] -1 32.2707036972
2019 [ 0.  0.  0.  1.] -1 31.7266454697
2020 [ 0.  0.  0.  1.] -1 31.3930995941
2021 [ 0.  0.  0.  1.] -1 31.2533269882
2022 [ 0.  0.  0.  1.] -1 30.7226774216
2023 [ 0.  0.  0.  1.] -1 31.257585144
2024 [ 0.  0.  0.  1.] -1 31.6771059036
2025 [ 0.  0.  0.  1.] -1 30.6853433609
2026 [ 0.  0.  0.  1.] -1 22.9804550171
2027 [ 0.  0.  0.  1.] -1 21.4480552673
2028 [ 0.  0.  0.  1.] -1 21.2474653244
2029 [ 0.  0.  0.  1.] -1 20.931348896
2030 [ 0.  0.  0.  1.] -1 18.3481739998
2031 [ 0.  0.  0.  1.] -1 18.1968916893
2032 [ 0.  0.  0.  1.] -1 18.5752514839
2033 [ 0.  0.  0.  1.] -1 18.4258645058
2034 [ 0.  0.  0.  1.] -1 19.4122943878
2035 [ 0.  0.  0.  1.] -1 20.4835231781
2036 [ 0.  0.  0.  1.] -1 21.0115544319
2037 [ 0.  0.  0.  1.] -1 21.717875576
2038 [ 0.  0.  0.  1.] -1 19.6923433304
2039 [ 0.  0.  0.  1.] -1 20.1647866249
2040 [ 0.  0.  0.  1.] -1 21.0651981354
2041 [ 0.  0.  0.  1.] -1 21.5386742592
2042 [ 0.  0.  0.  1.] -1 17.9012687683
2043 [ 0.  0.  0.  1.] -1 17.941688633
2044 [ 0.  0.  0.  1.] -1 17.9806643486
2045 [ 0.  0.  0.  1.] -1 17.9075001717
2046 [ 0.  0.  0.  1.] -1 17.9403568268
2047 [ 0.  0.  0.  1.] -1 19.110095787
2048 [ 0.  0.  0.  1.] -1 21.2493787766
2049 [ 0.  0.  0.  1.] -1 19.3893528938
2050 [ 0.  0.  0.  1.] -1 16.7130475998
2051 [ 0.  0.  0.  1.] 0 17.7130475998
2052 [ 0.  0.  1.  0.] -2 22.8691031456
2053 [ 0.  0.  1.  0.] -1 24.4726179123
2054 [ 0.  0.  1.  0.] -1 27.5461348534
2055 [ 0.  0.  1.  0.] -1 28.0865528107
2056 [ 0.  0.  1.  0.] -1 26.3360793114
2057 [ 0.  0.  1.  0.] -1 26.4320835114
2058 [ 0.  0.  1.  0.] -1 28.7851639748
2059 [ 0.  0.  1.  0.] -1 17.8329915047
2060 [ 0.  0.  1.  0.] -1 17.5501358032
2061 [ 0.  0.  1.  0.] -1 17.8113292694
2062 [ 0.  0.  1.  0.] -1 20.2276388168
2063 [ 0.  0.  1.  0.] 0 21.2276388168
2064 [ 0.  0.  0.  1.] -2 18.2160550117
2065 [ 0.  0.  0.  1.] -1 20.6459980965
2066 [ 0.  0.  0.  1.] -1 18.0708575249
2067 [ 0.  0.  0.  1.] -1 18.1989283562
2068 [ 0.  0.  0.  1.] -1 18.2477032661
2069 [ 0.  0.  0.  1.] -1 19.1654536247
2070 [ 0.  0.  0.  1.] -1 18.0384248734
2071 [ 0.  0.  0.  1.] -1 18.099468708
2072 [ 0.  0.  0.  1.] -1 18.213692379
2073 [ 0.  0.  0.  1.] -1 18.2197552681
2074 [ 0.  0.  0.  1.] -1 17.1509436607
2075 [ 0.  0.  0.  1.] -1 17.5804375648
2076 [ 0.  0.  0.  1.] -1 17.743030262
2077 [ 0.  0.  0.  1.] -1 18.0087862968
2078 [ 0.  0.  0.  1.] -1 17.0487207413
2079 [ 0.  0.  0.  1.] -1 17.202001667
2080 [ 0.  0.  0.  1.] -1 16.9870463371
2081 [ 0.  0.  0.  1.] -1 16.7534801483
2082 [ 0.  0.  0.  1.] -1 17.5954389572
2083 [ 0.  0.  0.  1.] -1 17.8135416985
2084 [ 0.  0.  0.  1.] -1 18.1151151657
2085 [ 0.  0.  0.  1.] -1 18.0158747673
2086 [ 0.  0.  0.  1.] -1 20.9294517517
2087 [ 0.  0.  0.  1.] 0 21.9294517517
2088 [ 0.  0.  1.  0.] -2 17.5250831604
2089 [ 0.  0.  1.  0.] -1 18.5899049759
2090 [ 0.  0.  1.  0.] -1 18.6809968948
2091 [ 0.  0.  1.  0.] -1 24.5931635857
2092 [ 0.  0.  1.  0.] -1 22.5377898216
2093 [ 0.  0.  1.  0.] -1 22.3726186752
2094 [ 0.  0.  1.  0.] -1 28.7803640366
2095 [ 0.  0.  1.  0.] -1 34.2410593033
2096 [ 0.  0.  1.  0.] -1 32.9681642532
2097 [ 0.  0.  1.  0.] -1 31.9759487152
2098 [ 0.  0.  1.  0.] -1 34.973925972
2099 [ 0.  0.  1.  0.] 0 35.973925972
2100 [ 0.  0.  0.  1.] -2 22.3786505699
2101 [ 0.  0.  0.  1.] -1 24.5581669807
2102 [ 0.  0.  0.  1.] -1 21.1940608025
2103 [ 0.  0.  0.  1.] -1 20.8568855286
2104 [ 0.  0.  0.  1.] -1 21.2275588989
2105 [ 0.  0.  0.  1.] -1 22.5130617142
2106 [ 0.  0.  0.  1.] -1 24.0832503319
2107 [ 0.  0.  0.  1.] -1 24.1640012741
2108 [ 0.  0.  0.  1.] -1 24.8978210449
2109 [ 0.  0.  0.  1.] -1 24.7192502975
2110 [ 0.  0.  0.  1.] -1 23.2474087715
2111 [ 0.  0.  0.  1.] 0 24.2474087715
2112 [ 1.  0.  0.  0.] -2 48.1249519348
2113 [ 1.  0.  0.  0.] -1 47.8937868118
2114 [ 1.  0.  0.  0.] -1 52.6739490509
2115 [ 1.  0.  0.  0.] -1 50.4894716263
2116 [ 1.  0.  0.  0.] -1 51.7823238373
2117 [ 1.  0.  0.  0.] -1 54.4419969559
2118 [ 1.  0.  0.  0.] -1 42.6971914291
2119 [ 1.  0.  0.  0.] -1 42.314450264
2120 [ 1.  0.  0.  0.] -1 43.4859178543
2121 [ 1.  0.  0.  0.] -1 44.5235815048
2122 [ 1.  0.  0.  0.] -1 44.504287529
2123 [ 1.  0.  0.  0.] 0 45.504287529
2124 [ 0.  0.  0.  1.] -2 28.7537204742
2125 [ 0.  0.  0.  1.] -1 30.4598894119
2126 [ 0.  0.  0.  1.] -1 33.6627365112
2127 [ 0.  0.  0.  1.] -1 34.3027826309
2128 [ 0.  0.  0.  1.] -1 34.9992465973
2129 [ 0.  0.  0.  1.] -1 35.2767370224
2130 [ 0.  0.  0.  1.] -1 35.4879125595
2131 [ 0.  0.  0.  1.] -1 35.8233066559
2132 [ 0.  0.  0.  1.] -1 35.2996477127
2133 [ 0.  0.  0.  1.] -1 35.5378036499
2134 [ 0.  0.  0.  1.] -1 37.850431633
2135 [ 0.  0.  0.  1.] 0 38.850431633
2136 [ 0.  0.  1.  0.] -2 38.1803750992
2137 [ 0.  0.  1.  0.] -1 39.1786754608
2138 [ 0.  0.  1.  0.] -1 38.1705797195
2139 [ 0.  0.  1.  0.] -1 36.9799957275
2140 [ 0.  0.  1.  0.] -1 37.9452199936
2141 [ 0.  0.  1.  0.] -1 37.7296123505
2142 [ 0.  0.  1.  0.] -1 35.3740367889
2143 [ 0.  0.  1.  0.] -1 35.0628652573
2144 [ 0.  0.  1.  0.] -1 35.7873025894
2145 [ 0.  0.  1.  0.] -1 35.6615728378
2146 [ 0.  0.  1.  0.] -1 34.5718183517
2147 [ 0.  0.  1.  0.] -1 37.4096998215
2148 [ 0.  0.  1.  0.] -1 37.7459636688
2149 [ 0.  0.  1.  0.] -1 37.2893117905
2150 [ 0.  0.  1.  0.] -1 35.0953830719
2151 [ 0.  0.  1.  0.] -1 33.9357694626
2152 [ 0.  0.  1.  0.] -1 33.8897125244
2153 [ 0.  0.  1.  0.] -1 33.4817739487
2154 [ 0.  0.  1.  0.] -1 31.660783577
2155 [ 0.  0.  1.  0.] -1 38.5403036118
2156 [ 0.  0.  1.  0.] -1 38.4179079056
2157 [ 0.  0.  1.  0.] -1 39.1927690506
2158 [ 0.  0.  1.  0.] -1 37.6098005295
2159 [ 0.  0.  1.  0.] 0 38.6098005295
2160 [ 0.  1.  0.  0.] -2 42.0933158875
2161 [ 0.  1.  0.  0.] -1 41.6682071686
2162 [ 0.  1.  0.  0.] -1 43.2340089798
2163 [ 0.  1.  0.  0.] -1 48.4796546936
2164 [ 0.  1.  0.  0.] -1 51.3124771118
2165 [ 0.  1.  0.  0.] -1 54.9387334824
2166 [ 0.  1.  0.  0.] -1 57.1221817017
2167 [ 0.  1.  0.  0.] -1 64.8306613922
2168 [ 0.  1.  0.  0.] -1 67.0195999146
2169 [ 0.  1.  0.  0.] -1 72.0351348877
2170 [ 0.  1.  0.  0.] -1 75.9548706055
2171 [ 0.  1.  0.  0.] -1 71.6052749634
2172 [ 0.  1.  0.  0.] -1 77.7244369507
2173 [ 0.  1.  0.  0.] -1 81.9584716797
2174 [ 0.  1.  0.  0.] -1 81.4359760284
2175 [ 0.  1.  0.  0.] -1 92.639484787
2176 [ 0.  1.  0.  0.] -1 97.4773151398
2177 [ 0.  1.  0.  0.] -1 108.87860527
2178 [ 0.  1.  0.  0.] -1 111.369543076
2179 [ 0.  1.  0.  0.] -1 126.534731293
2180 [ 0.  1.  0.  0.] -1 125.751433563
2181 [ 0.  1.  0.  0.] -1 132.40905838
2182 [ 0.  1.  0.  0.] -1 131.200945282
2183 [ 0.  1.  0.  0.] 0 132.200945282
2184 [ 0.  0.  1.  0.] -2 68.5704055786
2185 [ 0.  0.  1.  0.] -1 68.5571239471
2186 [ 0.  0.  1.  0.] -1 76.0761573792
2187 [ 0.  0.  1.  0.] -1 55.5349912643
2188 [ 0.  0.  1.  0.] -1 54.8363166809
2189 [ 0.  0.  1.  0.] -1 54.5568910599
2190 [ 0.  0.  1.  0.] -1 58.5053068161
2191 [ 0.  0.  1.  0.] -1 64.0873142242
2192 [ 0.  0.  1.  0.] -1 63.9785881042
2193 [ 0.  0.  1.  0.] -1 63.194304657
2194 [ 0.  0.  1.  0.] -1 73.4849372864
2195 [ 0.  0.  1.  0.] 0 74.4849372864
2196 [ 0.  1.  0.  0.] -2 137.279515076
2197 [ 0.  1.  0.  0.] -1 137.631347656
2198 [ 0.  1.  0.  0.] -1 135.58024292
2199 [ 0.  1.  0.  0.] -1 135.093776703
2200 [ 0.  1.  0.  0.] -1 139.489846039
2201 [ 0.  1.  0.  0.] -1 140.395546722
2202 [ 0.  1.  0.  0.] -1 144.621536255
2203 [ 0.  1.  0.  0.] -1 166.546146393
2204 [ 0.  1.  0.  0.] -1 174.485798645
2205 [ 0.  1.  0.  0.] -1 176.958326721
2206 [ 0.  1.  0.  0.] -1 174.498120117
2207 [ 0.  1.  0.  0.] 0 175.498120117
2208 [ 0.  0.  1.  0.] -2 104.106016922
2209 [ 0.  0.  1.  0.] -1 103.900128937
2210 [ 0.  0.  1.  0.] -1 108.193647385
2211 [ 0.  0.  1.  0.] -1 100.913331604
2212 [ 0.  0.  1.  0.] -1 101.005228043
2213 [ 0.  0.  1.  0.] -1 100.669272232
2214 [ 0.  0.  1.  0.] -1 103.125311279
2215 [ 0.  0.  1.  0.] -1 109.841970444
2216 [ 0.  0.  1.  0.] -1 110.853577805
2217 [ 0.  0.  1.  0.] -1 110.320681381
2218 [ 0.  0.  1.  0.] -1 113.259497452
2219 [ 0.  0.  1.  0.] -1 97.5999717712
2220 [ 0.  0.  1.  0.] -1 98.3346866608
2221 [ 0.  0.  1.  0.] -1 97.9483940125
2222 [ 0.  0.  1.  0.] -1 99.1736919403
2223 [ 0.  0.  1.  0.] 0 100.17369194
2224 [ 0.  0.  0.  1.] -2 103.679824448
2225 [ 0.  0.  0.  1.] -1 104.959579849
2226 [ 0.  0.  0.  1.] -1 102.217950821
2227 [ 0.  0.  0.  1.] -1 101.292767715
2228 [ 0.  0.  0.  1.] -1 100.553334427
2229 [ 0.  0.  0.  1.] -1 100.599554443
2230 [ 0.  0.  0.  1.] -1 101.832564163
2231 [ 0.  0.  0.  1.] -1 102.73874321
2232 [ 0.  0.  0.  1.] -1 103.350272369
2233 [ 0.  0.  0.  1.] -1 100.986071777
2234 [ 0.  0.  0.  1.] -1 88.7819000244
2235 [ 0.  0.  0.  1.] 0 89.7819000244
2236 [ 0.  0.  1.  0.] -2 80.9520137787
2237 [ 0.  0.  1.  0.] -1 81.65558815
2238 [ 0.  0.  1.  0.] -1 88.8081230164
2239 [ 0.  0.  1.  0.] -1 92.54416008
2240 [ 0.  0.  1.  0.] -1 91.1526817322
2241 [ 0.  0.  1.  0.] -1 91.2271903992
2242 [ 0.  0.  1.  0.] -1 93.5310085297
2243 [ 0.  0.  1.  0.] -1 102.952042389
2244 [ 0.  0.  1.  0.] -1 102.442708969
2245 [ 0.  0.  1.  0.] -1 104.337403488
2246 [ 0.  0.  1.  0.] -1 112.726905441
2247 [ 0.  0.  1.  0.] 0 113.726905441
2248 [ 0.  1.  0.  0.] -2 133.298780823
2249 [ 0.  1.  0.  0.] -1 132.632642365
2250 [ 0.  1.  0.  0.] -1 135.340858459
2251 [ 0.  1.  0.  0.] -1 131.518621826
2252 [ 0.  1.  0.  0.] -1 134.134905243
2253 [ 0.  1.  0.  0.] -1 137.40200882
2254 [ 0.  1.  0.  0.] -1 141.796599579
2255 [ 0.  1.  0.  0.] -1 151.059911346
2256 [ 0.  1.  0.  0.] -1 155.185865021
2257 [ 0.  1.  0.  0.] -1 156.626288605
2258 [ 0.  1.  0.  0.] -1 155.815071869
2259 [ 0.  1.  0.  0.] -1 161.587217712
2260 [ 0.  1.  0.  0.] -1 163.036846161
2261 [ 0.  1.  0.  0.] -1 166.547856903
2262 [ 0.  1.  0.  0.] -1 165.301387787
2263 [ 0.  1.  0.  0.] -1 165.492298126
2264 [ 0.  1.  0.  0.] -1 172.504476929
2265 [ 0.  1.  0.  0.] -1 175.532312012
2266 [ 0.  1.  0.  0.] -1 174.727806854
2267 [ 0.  1.  0.  0.] -1 170.748217773
2268 [ 0.  1.  0.  0.] -1 169.699834442
2269 [ 0.  1.  0.  0.] -1 171.646786499
2270 [ 0.  1.  0.  0.] -1 169.885178375
2271 [ 0.  1.  0.  0.] -1 159.348435211
2272 [ 0.  1.  0.  0.] -1 162.664621735
2273 [ 0.  1.  0.  0.] -1 161.576693726
2274 [ 0.  1.  0.  0.] -1 161.832487488
2275 [ 0.  1.  0.  0.] -1 165.74683075
2276 [ 0.  1.  0.  0.] -1 168.257207489
2277 [ 0.  1.  0.  0.] -1 172.229258728
2278 [ 0.  1.  0.  0.] -1 168.943745422
2279 [ 0.  1.  0.  0.] -1 164.048540497
2280 [ 0.  1.  0.  0.] -1 165.56657486
2281 [ 0.  1.  0.  0.] -1 167.851512146
2282 [ 0.  1.  0.  0.] -1 166.887987518
2283 [ 0.  1.  0.  0.] 0 167.887987518
2284 [ 1.  0.  0.  0.] -2 154.07469635
2285 [ 1.  0.  0.  0.] -1 158.835151672
2286 [ 1.  0.  0.  0.] -1 173.199494934
2287 [ 1.  0.  0.  0.] -1 176.626342773
2288 [ 1.  0.  0.  0.] -1 179.056166077
2289 [ 1.  0.  0.  0.] -1 174.786239624
2290 [ 1.  0.  0.  0.] -1 174.896147156
2291 [ 1.  0.  0.  0.] -1 175.434667969
2292 [ 1.  0.  0.  0.] -1 175.754794312
2293 [ 1.  0.  0.  0.] -1 176.865770721
2294 [ 1.  0.  0.  0.] -1 207.622397614
2295 [ 1.  0.  0.  0.] 0 208.622397614
2296 [ 0.  0.  0.  1.] -2 132.605226898
2297 [ 0.  0.  0.  1.] -1 133.111295319
2298 [ 0.  0.  0.  1.] -1 121.049704742
2299 [ 0.  0.  0.  1.] -1 120.357723618
2300 [ 0.  0.  0.  1.] -1 121.868328857
2301 [ 0.  0.  0.  1.] -1 123.825587463
2302 [ 0.  0.  0.  1.] -1 127.933450317
2303 [ 0.  0.  0.  1.] -1 133.241917419
2304 [ 0.  0.  0.  1.] -1 138.032694244
2305 [ 0.  0.  0.  1.] -1 138.306549835
2306 [ 0.  0.  0.  1.] -1 133.642307281
2307 [ 0.  0.  0.  1.] 0 134.642307281
2308 [ 1.  0.  0.  0.] -2 229.026834869
2309 [ 1.  0.  0.  0.] -1 233.640635681
2310 [ 1.  0.  0.  0.] -1 237.321885681
2311 [ 1.  0.  0.  0.] -1 238.502094269
2312 [ 1.  0.  0.  0.] -1 241.555731964
2313 [ 1.  0.  0.  0.] -1 245.923374939
2314 [ 1.  0.  0.  0.] -1 244.089968872
2315 [ 1.  0.  0.  0.] -1 246.855052185
2316 [ 1.  0.  0.  0.] -1 247.250527954
2317 [ 1.  0.  0.  0.] -1 251.393470764
2318 [ 1.  0.  0.  0.] -1 202.055730438
2319 [ 1.  0.  0.  0.] -1 206.783174896
2320 [ 1.  0.  0.  0.] -1 204.281423187
2321 [ 1.  0.  0.  0.] -1 204.026267242
2322 [ 1.  0.  0.  0.] -1 185.062593842
2323 [ 1.  0.  0.  0.] 0 186.062593842
2324 [ 0.  1.  0.  0.] -2 175.860900116
2325 [ 0.  1.  0.  0.] -1 168.433158112
2326 [ 0.  1.  0.  0.] -1 161.187799072
2327 [ 0.  1.  0.  0.] -1 175.387194061
2328 [ 0.  1.  0.  0.] -1 175.354317474
2329 [ 0.  1.  0.  0.] -1 175.339357758
2330 [ 0.  1.  0.  0.] -1 170.739099884
2331 [ 0.  1.  0.  0.] -1 163.00799942
2332 [ 0.  1.  0.  0.] -1 163.813113403
2333 [ 0.  1.  0.  0.] -1 162.891162872
2334 [ 0.  1.  0.  0.] -1 158.697368622
2335 [ 0.  1.  0.  0.] -1 148.264952087
2336 [ 0.  1.  0.  0.] -1 148.410968781
2337 [ 0.  1.  0.  0.] -1 145.509885406
2338 [ 0.  1.  0.  0.] -1 140.116240692
2339 [ 0.  1.  0.  0.] -1 148.970552063
2340 [ 0.  1.  0.  0.] -1 154.016194916
2341 [ 0.  1.  0.  0.] -1 154.682496643
2342 [ 0.  1.  0.  0.] -1 151.53266449
2343 [ 0.  1.  0.  0.] -1 161.677845764
2344 [ 0.  1.  0.  0.] -1 162.362832642
2345 [ 0.  1.  0.  0.] -1 157.824950409
2346 [ 0.  1.  0.  0.] -1 149.359040833
2347 [ 0.  1.  0.  0.] 0 150.359040833
2348 [ 0.  0.  1.  0.] -2 109.888215637
2349 [ 0.  0.  1.  0.] -1 109.975955582
2350 [ 0.  0.  1.  0.] -1 120.408401108
2351 [ 0.  0.  1.  0.] -1 126.192310333
2352 [ 0.  0.  1.  0.] -1 125.382688141
2353 [ 0.  0.  1.  0.] -1 124.043503571
2354 [ 0.  0.  1.  0.] -1 132.758640289
2355 [ 0.  0.  1.  0.] -1 125.481825256
2356 [ 0.  0.  1.  0.] -1 124.987067413
2357 [ 0.  0.  1.  0.] -1 125.710700226
2358 [ 0.  0.  1.  0.] -1 131.654621887
2359 [ 0.  0.  1.  0.] -1 117.515500641
2360 [ 0.  0.  1.  0.] -1 117.724646759
2361 [ 0.  0.  1.  0.] -1 117.404295731
2362 [ 0.  0.  1.  0.] -1 121.189343262
2363 [ 0.  0.  1.  0.] 0 122.189343262
2364 [ 0.  0.  0.  1.] -2 115.677850723
2365 [ 0.  0.  0.  1.] -1 118.736283112
2366 [ 0.  0.  0.  1.] -1 111.29467926
2367 [ 0.  0.  0.  1.] -1 111.565787888
2368 [ 0.  0.  0.  1.] -1 113.80075798
2369 [ 0.  0.  0.  1.] -1 116.766594315
2370 [ 0.  0.  0.  1.] -1 119.815049744
2371 [ 0.  0.  0.  1.] -1 123.537917328
2372 [ 0.  0.  0.  1.] -1 127.403003693
2373 [ 0.  0.  0.  1.] -1 127.830674744
2374 [ 0.  0.  0.  1.] -1 130.123338318
2375 [ 0.  0.  0.  1.] -1 130.213821411
2376 [ 0.  0.  0.  1.] -1 133.605226898
2377 [ 0.  0.  0.  1.] -1 133.111295319
2378 [ 0.  0.  0.  1.] -1 121.049704742
2379 [ 0.  0.  0.  1.] -1 120.357723618
2380 [ 0.  0.  0.  1.] -1 121.868328857
2381 [ 0.  0.  0.  1.] -1 123.825587463
2382 [ 0.  0.  0.  1.] -1 127.933450317
2383 [ 0.  0.  0.  1.] -1 133.241917419
2384 [ 0.  0.  0.  1.] -1 138.032694244
2385 [ 0.  0.  0.  1.] -1 138.306549835
2386 [ 0.  0.  0.  1.] -1 133.642307281
2387 [ 0.  0.  0.  1.] 0 134.642307281
2388 [ 1.  0.  0.  0.] -2 229.026834869
2389 [ 1.  0.  0.  0.] -1 233.640635681
2390 [ 1.  0.  0.  0.] -1 237.321885681
2391 [ 1.  0.  0.  0.] -1 238.502094269
2392 [ 1.  0.  0.  0.] -1 241.555731964
2393 [ 1.  0.  0.  0.] -1 245.923374939
2394 [ 1.  0.  0.  0.] -1 244.089968872
2395 [ 1.  0.  0.  0.] -1 246.855052185
2396 [ 1.  0.  0.  0.] -1 247.250527954
2397 [ 1.  0.  0.  0.] -1 251.393470764
2398 [ 1.  0.  0.  0.] -1 202.055730438
2399 [ 1.  0.  0.  0.] -1 206.783174896
2400 [ 1.  0.  0.  0.] -1 204.281423187
2401 [ 1.  0.  0.  0.] -1 204.026267242
2402 [ 1.  0.  0.  0.] -1 185.062593842
2403 [ 1.  0.  0.  0.] 0 186.062593842
2404 [ 0.  1.  0.  0.] -2 175.860900116
2405 [ 0.  1.  0.  0.] -1 168.433158112
2406 [ 0.  1.  0.  0.] -1 161.187799072
2407 [ 0.  1.  0.  0.] -1 175.387194061
2408 [ 0.  1.  0.  0.] -1 175.354317474
2409 [ 0.  1.  0.  0.] -1 175.339357758
2410 [ 0.  1.  0.  0.] -1 170.739099884
2411 [ 0.  1.  0.  0.] -1 163.00799942
2412 [ 0.  1.  0.  0.] -1 163.813113403
2413 [ 0.  1.  0.  0.] -1 162.891162872
2414 [ 0.  1.  0.  0.] -1 158.697368622
2415 [ 0.  1.  0.  0.] 0 159.697368622
2416 [ 1.  0.  0.  0.] -2 179.277818298
2417 [ 1.  0.  0.  0.] -1 179.316279602
2418 [ 1.  0.  0.  0.] -1 158.038735199
2419 [ 1.  0.  0.  0.] -1 161.929769135
2420 [ 1.  0.  0.  0.] -1 162.820944977
2421 [ 1.  0.  0.  0.] -1 164.220939636
2422 [ 1.  0.  0.  0.] -1 175.869239044
2423 [ 1.  0.  0.  0.] -1 175.000473785
2424 [ 1.  0.  0.  0.] -1 174.364453888
2425 [ 1.  0.  0.  0.] -1 173.387680054
2426 [ 1.  0.  0.  0.] -1 178.162120056
2427 [ 1.  0.  0.  0.] 0 179.162120056
2428 [ 0.  0.  0.  1.] -2 148.701418304
2429 [ 0.  0.  0.  1.] -1 154.346323395
2430 [ 0.  0.  0.  1.] -1 120.787358856
2431 [ 0.  0.  0.  1.] -1 121.554914093
2432 [ 0.  0.  0.  1.] -1 126.590772247
2433 [ 0.  0.  0.  1.] -1 124.0322258
2434 [ 0.  0.  0.  1.] -1 117.403991318
2435 [ 0.  0.  0.  1.] -1 114.604400635
2436 [ 0.  0.  0.  1.] -1 117.00858078
2437 [ 0.  0.  0.  1.] -1 114.520389938
2438 [ 0.  0.  0.  1.] -1 55.1468902588
2439 [ 0.  0.  0.  1.] -1 52.4285995483
2440 [ 0.  0.  0.  1.] -1 52.418800354
2441 [ 0.  0.  0.  1.] -1 48.7072467804
2442 [ 0.  0.  0.  1.] -101 -101
