0 [ 0.  1.  0.  0.] -1 46.3800069809
1 [ 0.  1.  0.  0.] -1 46.1145771027
2 [ 0.  1.  0.  0.] -1 47.8898475647
3 [ 0.  1.  0.  0.] -1 51.6769716263
4 [ 0.  1.  0.  0.] -1 52.2106508255
5 [ 0.  1.  0.  0.] 9 63.38730793
6 [ 0.  1.  0.  0.] -1 45.404834938
7 [ 0.  1.  0.  0.] -1 48.3177614212
8 [ 0.  1.  0.  0.] -1 49.6354921341
9 [ 0.  1.  0.  0.] 9 61.3062438965
10 [ 0.  1.  0.  0.] -1 50.957651329
11 [ 0.  1.  0.  0.] -1 51.8129753113
12 [ 0.  1.  0.  0.] -1 53.5995307922
13 [ 0.  1.  0.  0.] 9 63.500948143
14 [ 0.  1.  0.  0.] -1 42.7707433701
15 [ 0.  1.  0.  0.] -1 43.7559211731
16 [ 0.  1.  0.  0.] -1 43.8429433823
17 [ 0.  1.  0.  0.] 9 52.7715406418
18 [ 0.  1.  0.  0.] -1 40.0897396088
19 [ 0.  1.  0.  0.] -1 40.5155261993
20 [ 0.  1.  0.  0.] -1 40.0997816086
21 [ 0.  1.  0.  0.] 9 51.6475070953
22 [ 0.  1.  0.  0.] -1 43.429467392
23 [ 0.  1.  0.  0.] -1 44.3513019562
24 [ 0.  1.  0.  0.] -1 44.5238279343
25 [ 0.  1.  0.  0.] 9 54.038253212
26 [ 0.  1.  0.  0.] -1 45.1812618256
27 [ 0.  1.  0.  0.] -1 45.9597831726
28 [ 0.  1.  0.  0.] -1 46.6805059433
29 [ 0.  1.  0.  0.] 9 56.5927806854
30 [ 0.  1.  0.  0.] -1 48.8467367172
31 [ 0.  1.  0.  0.] -1 50.090259552
32 [ 0.  1.  0.  0.] -1 49.741137886
33 [ 0.  1.  0.  0.] 9 59.6791790009
34 [ 0.  1.  0.  0.] -1 48.8791820526
35 [ 0.  1.  0.  0.] -1 49.3791221619
36 [ 0.  1.  0.  0.] -1 49.7397680283
37 [ 0.  1.  0.  0.] 9 59.9531505585
38 [ 0.  1.  0.  0.] -1 53.1702217102
39 [ 0.  1.  0.  0.] -1 41.1862129211
40 [ 0.  1.  0.  0.] -1 41.6739873886
41 [ 0.  1.  0.  0.] 9 50.9870616913
42 [ 0.  1.  0.  0.] 0 41.9870616913
43 [ 0.  0.  1.  0.] -2 33.7408798218
44 [ 0.  0.  1.  0.] -1 35.5120843887
45 [ 0.  0.  1.  0.] 9 46.0237516403
46 [ 0.  0.  1.  0.] -1 37.0860980988
47 [ 0.  0.  1.  0.] -1 37.034409523
48 [ 0.  0.  1.  0.] -1 37.4850891113
49 [ 0.  0.  1.  0.] 9 47.6345775604
50 [ 0.  0.  1.  0.] -1 33.2296440125
51 [ 0.  0.  1.  0.] -1 33.1578062057
52 [ 0.  0.  1.  0.] -1 33.0175298691
53 [ 0.  0.  1.  0.] 9 42.9376106262
54 [ 0.  0.  1.  0.] 0 33.9376106262
55 [ 0.  0.  0.  1.] -2 29.7948776245
56 [ 0.  0.  0.  1.] -1 31.1021425247
57 [ 0.  0.  0.  1.] 9 38.3932849884
58 [ 0.  0.  0.  1.] -1 28.0477057457
59 [ 0.  0.  0.  1.] -1 27.9353520393
60 [ 0.  0.  0.  1.] -1 28.157747364
61 [ 0.  0.  0.  1.] 9 36.8757525444
62 [ 0.  0.  0.  1.] -1 26.7215493202
63 [ 0.  0.  0.  1.] -1 27.132185936
64 [ 0.  0.  0.  1.] -1 27.0704626083
65 [ 0.  0.  0.  1.] 9 35.5546859741
66 [ 0.  0.  0.  1.] -1 25.3946590424
67 [ 0.  0.  0.  1.] -1 25.4497396469
68 [ 0.  0.  0.  1.] -1 25.5464160919
69 [ 0.  0.  0.  1.] 9 34.9880540848
70 [ 0.  0.  0.  1.] -1 24.9068990707
71 [ 0.  0.  0.  1.] -1 25.3054642677
72 [ 0.  0.  0.  1.] -1 25.307845211
73 [ 0.  0.  0.  1.] 9 35.8274253845
74 [ 0.  0.  0.  1.] -1 26.2464297295
75 [ 0.  0.  0.  1.] -1 26.5328604698
76 [ 0.  0.  0.  1.] -1 27.3189105988
77 [ 0.  0.  0.  1.] 9 37.566702652
78 [ 0.  0.  0.  1.] -1 27.8853322983
79 [ 0.  0.  0.  1.] -1 28.6371377945
80 [ 0.  0.  0.  1.] -1 28.7996181488
81 [ 0.  0.  0.  1.] -1 26.7587384224
82 [ 0.  0.  0.  1.] -1 27.1296129227
83 [ 0.  0.  0.  1.] -1 27.5299339294
84 [ 0.  0.  0.  1.] -1 27.9708940506
85 [ 0.  0.  0.  1.] -1 28.1794621468
86 [ 0.  0.  0.  1.] -1 29.0561475754
87 [ 0.  0.  0.  1.] -1 30.2018451691
88 [ 0.  0.  0.  1.] -1 29.5115129471
89 [ 0.  0.  0.  1.] -1 27.2525377274
90 [ 0.  0.  0.  1.] 0 28.2525377274
91 [ 0.  0.  1.  0.] -2 31.2160289764
92 [ 0.  0.  1.  0.] -1 32.4702680588
93 [ 0.  0.  1.  0.] -1 35.7865161896
94 [ 0.  0.  1.  0.] -1 30.882929039
95 [ 0.  0.  1.  0.] -1 29.6133317947
96 [ 0.  0.  1.  0.] -1 29.9347736359
97 [ 0.  0.  1.  0.] -1 31.1459779739
98 [ 0.  0.  1.  0.] -1 26.1801402092
99 [ 0.  0.  1.  0.] -1 46.8657810211
100 [ 0.  0.  1.  0.] -1 48.2921291351
101 [ 0.  0.  1.  0.] -1 53.7835229874
102 [ 0.  0.  1.  0.] 0 54.7835229874
103 [ 0.  1.  0.  0.] -2 74.1251934052
104 [ 0.  1.  0.  0.] -1 75.27759552
105 [ 0.  1.  0.  0.] -1 72.3168762207
106 [ 0.  1.  0.  0.] -1 77.3036949158
107 [ 0.  1.  0.  0.] -1 73.1923675537
108 [ 0.  1.  0.  0.] -1 77.4607284546
109 [ 0.  1.  0.  0.] -1 75.7981777191
110 [ 0.  1.  0.  0.] -1 81.6276473999
111 [ 0.  1.  0.  0.] -1 81.2654830933
112 [ 0.  1.  0.  0.] -1 80.6526493073
113 [ 0.  1.  0.  0.] -1 78.0377067566
114 [ 0.  1.  0.  0.] 0 79.0377067566
115 [ 0.  0.  1.  0.] -2 60.6484455109
116 [ 0.  0.  1.  0.] -1 62.0177055359
117 [ 0.  0.  1.  0.] -1 65.0770908356
118 [ 0.  0.  1.  0.] -1 93.3755767822
119 [ 0.  0.  1.  0.] -1 90.0280502319
120 [ 0.  0.  1.  0.] -1 89.8329360962
121 [ 0.  0.  1.  0.] -1 100.541433334
122 [ 0.  0.  1.  0.] -1 110.710525513
123 [ 0.  0.  1.  0.] -1 107.00005188
124 [ 0.  0.  1.  0.] -1 112.720411301
125 [ 0.  0.  1.  0.] -1 114.786374283
126 [ 0.  0.  1.  0.] 0 115.786374283
127 [ 0.  1.  0.  0.] -2 106.191027451
128 [ 0.  1.  0.  0.] -1 103.793903351
129 [ 0.  1.  0.  0.] -1 110.24950676
130 [ 0.  1.  0.  0.] -1 125.092582703
131 [ 0.  1.  0.  0.] -1 121.698973846
132 [ 0.  1.  0.  0.] -1 117.365903473
133 [ 0.  1.  0.  0.] -1 125.713816833
134 [ 0.  1.  0.  0.] -1 119.842048264
135 [ 0.  1.  0.  0.] -1 115.748934937
136 [ 0.  1.  0.  0.] -1 115.272826004
137 [ 0.  1.  0.  0.] -1 115.872069931
138 [ 0.  1.  0.  0.] 0 116.872069931
139 [ 1.  0.  0.  0.] -2 153.799942017
140 [ 1.  0.  0.  0.] -1 164.508073425
141 [ 1.  0.  0.  0.] -1 152.484259033
142 [ 1.  0.  0.  0.] -1 145.508798218
143 [ 1.  0.  0.  0.] -1 150.447824097
144 [ 1.  0.  0.  0.] -1 153.044045258
145 [ 1.  0.  0.  0.] -1 95.0227546692
146 [ 1.  0.  0.  0.] -1 93.6812507629
147 [ 1.  0.  0.  0.] -1 93.9133872986
148 [ 1.  0.  0.  0.] -1 91.0566757202
149 [ 1.  0.  0.  0.] -1 84.929990387
150 [ 1.  0.  0.  0.] 0 85.929990387
151 [ 0.  1.  0.  0.] -2 91.4596347809
152 [ 0.  1.  0.  0.] -1 88.9044769287
153 [ 0.  1.  0.  0.] -1 84.7735076904
154 [ 0.  1.  0.  0.] -1 83.5091796875
155 [ 0.  1.  0.  0.] -1 82.385823822
156 [ 0.  1.  0.  0.] -1 84.6375511169
157 [ 0.  1.  0.  0.] -1 84.0076992035
158 [ 0.  1.  0.  0.] -1 90.1061248779
159 [ 0.  1.  0.  0.] -1 88.8350128174
160 [ 0.  1.  0.  0.] -1 89.971074295
161 [ 0.  1.  0.  0.] 9 99.9567596436
162 [ 0.  1.  0.  0.] 0 90.9567596436
163 [ 0.  0.  1.  0.] -2 73.3129402161
164 [ 0.  0.  1.  0.] -1 74.6318996429
165 [ 0.  0.  1.  0.] 9 86.4858970642
166 [ 0.  0.  1.  0.] -1 73.891060257
167 [ 0.  0.  1.  0.] -1 72.1555809021
168 [ 0.  0.  1.  0.] -1 73.0789157867
169 [ 0.  0.  1.  0.] 9 87.9632488251
170 [ 0.  0.  1.  0.] -1 77.3580688477
171 [ 0.  0.  1.  0.] -1 76.072315979
172 [ 0.  0.  1.  0.] -1 76.8133945465
173 [ 0.  0.  1.  0.] 9 88.5194255829
174 [ 0.  0.  1.  0.] -1 74.9249042511
175 [ 0.  0.  1.  0.] -1 76.8536567688
176 [ 0.  0.  1.  0.] -1 79.7046352386
177 [ 0.  0.  1.  0.] 9 95.3136375427
178 [ 0.  0.  1.  0.] -1 90.8283008575
179 [ 0.  0.  1.  0.] -1 92.387046814
180 [ 0.  0.  1.  0.] -1 94.9642784119
181 [ 0.  0.  1.  0.] 9 108.699170303
182 [ 0.  0.  1.  0.] -1 114.881851196
183 [ 0.  0.  1.  0.] -1 113.11281395
184 [ 0.  0.  1.  0.] -1 112.200285721
185 [ 0.  0.  1.  0.] 9 131.937416077
186 [ 0.  0.  1.  0.] 0 122.937416077
187 [ 0.  0.  0.  1.] -2 100.934607697
188 [ 0.  0.  0.  1.] -1 103.21664238
189 [ 0.  0.  0.  1.] -1 108.733668518
190 [ 0.  0.  0.  1.] -1 108.300068665
191 [ 0.  0.  0.  1.] -1 112.040613937
192 [ 0.  0.  0.  1.] -1 112.757310486
193 [ 0.  0.  0.  1.] -1 123.044333649
194 [ 0.  0.  0.  1.] -1 122.611371613
195 [ 0.  0.  0.  1.] -1 127.162459564
196 [ 0.  0.  0.  1.] -1 128.960553741
197 [ 0.  0.  0.  1.] -1 147.66092453
198 [ 0.  0.  0.  1.] -1 146.680149841
199 [ 0.  0.  0.  1.] -1 146.980460358
200 [ 0.  0.  0.  1.] -1 153.759835815
201 [ 0.  0.  0.  1.] -1 149.139892578
202 [ 0.  0.  0.  1.] -1 153.35187912
203 [ 0.  0.  0.  1.] -1 157.094548035
204 [ 0.  0.  0.  1.] -1 168.84047699
205 [ 0.  0.  0.  1.] -1 205.280796051
206 [ 0.  0.  0.  1.] -1 211.598203278
207 [ 0.  0.  0.  1.] -1 222.343831635
208 [ 0.  0.  0.  1.] -1 228.487303162
209 [ 0.  0.  0.  1.] -1 210.379537201
210 [ 0.  0.  0.  1.] -1 218.649941254
211 [ 0.  0.  0.  1.] -1 224.190559387
212 [ 0.  0.  0.  1.] -1 231.20769577
213 [ 0.  0.  0.  1.] -1 206.880630493
214 [ 0.  0.  0.  1.] -1 208.034529114
215 [ 0.  0.  0.  1.] -1 215.100849915
216 [ 0.  0.  0.  1.] -1 213.068966675
217 [ 0.  0.  0.  1.] -1 207.303170013
218 [ 0.  0.  0.  1.] -1 208.381400299
219 [ 0.  0.  0.  1.] -1 213.699362183
220 [ 0.  0.  0.  1.] -1 212.788631439
221 [ 0.  0.  0.  1.] -1 140.044167328
222 [ 0.  0.  0.  1.] -1 132.520429993
223 [ 0.  0.  0.  1.] -1 132.687103271
224 [ 0.  0.  0.  1.] -1 123.934349823
225 [ 0.  0.  0.  1.] 0 124.934349823
226 [ 0.  1.  0.  0.] -102 -65.3810739517
227 [ 0.  1.  0.  0.] -1 35.8598361969
228 [ 0.  1.  0.  0.] -1 38.5693061829
229 [ 0.  1.  0.  0.] -1 40.3018573761
230 [ 0.  1.  0.  0.] -1 43.7474628448
231 [ 0.  1.  0.  0.] -1 45.7392723083
232 [ 0.  1.  0.  0.] 0 46.7392723083
233 [ 1.  0.  0.  0.] -2 61.1445804596
234 [ 1.  0.  0.  0.] -1 60.0539382935
235 [ 1.  0.  0.  0.] 9 66.2927726746
236 [ 1.  0.  0.  0.] -1 57.4397640228
237 [ 1.  0.  0.  0.] -1 57.2134620667
238 [ 1.  0.  0.  0.] -1 57.3530752182
239 [ 1.  0.  0.  0.] 9 58.3977712631
240 [ 1.  0.  0.  0.] -1 48.9902347565
241 [ 1.  0.  0.  0.] -1 48.3301336288
242 [ 1.  0.  0.  0.] -1 49.4304302216
243 [ 1.  0.  0.  0.] 9 60.6983169556
244 [ 1.  0.  0.  0.] 0 51.6983169556
245 [ 0.  1.  0.  0.] -2 40.6810613632
246 [ 0.  1.  0.  0.] -1 41.4251153946
247 [ 0.  1.  0.  0.] 9 52.6916032791
248 [ 0.  1.  0.  0.] -1 46.8345533371
249 [ 0.  1.  0.  0.] -1 47.7344846725
250 [ 0.  1.  0.  0.] -1 49.6125995636
251 [ 0.  1.  0.  0.] 9 61.4591352463
252 [ 0.  1.  0.  0.] -1 53.5409349442
253 [ 0.  1.  0.  0.] -1 54.5058982849
254 [ 0.  1.  0.  0.] -1 54.5078660965
255 [ 0.  1.  0.  0.] 9 66.1609003067
256 [ 0.  1.  0.  0.] 0 57.1609003067
257 [ 1.  0.  0.  0.] -2 77.9054862976
258 [ 1.  0.  0.  0.] -1 80.0455703735
259 [ 1.  0.  0.  0.] 9 95.5810642242
260 [ 1.  0.  0.  0.] -1 87.6405620575
261 [ 1.  0.  0.  0.] -1 87.9910282135
262 [ 1.  0.  0.  0.] -1 89.2781291962
263 [ 1.  0.  0.  0.] 9 107.115513229
264 [ 1.  0.  0.  0.] -1 73.7098258972
265 [ 1.  0.  0.  0.] -1 73.8195884705
266 [ 1.  0.  0.  0.] -1 74.1047218323
267 [ 1.  0.  0.  0.] 9 82.719462204
268 [ 1.  0.  0.  0.] 0 73.719462204
269 [ 0.  0.  0.  1.] -2 35.3684919357
270 [ 0.  0.  0.  1.] -1 35.5128526688
271 [ 0.  0.  0.  1.] 9 41.602173233
272 [ 0.  0.  0.  1.] -1 31.1162179947
273 [ 0.  0.  0.  1.] -1 30.9019548416
274 [ 0.  0.  0.  1.] -1 30.3709972382
275 [ 0.  0.  0.  1.] 9 39.5437662125
276 [ 0.  0.  0.  1.] -1 29.5238380432
277 [ 0.  0.  0.  1.] -1 29.5619802475
278 [ 0.  0.  0.  1.] -1 29.3964503288
279 [ 0.  0.  0.  1.] 9 38.5249725342
280 [ 0.  0.  0.  1.] -1 28.6376560211
281 [ 0.  0.  0.  1.] -1 28.6140422821
282 [ 0.  0.  0.  1.] -1 28.7210017204
283 [ 0.  0.  0.  1.] 9 39.2683704376
284 [ 0.  0.  0.  1.] -1 29.5268314362
285 [ 0.  0.  0.  1.] -1 29.5952301025
286 [ 0.  0.  0.  1.] -1 29.6606679916
287 [ 0.  0.  0.  1.] 9 40.4212760925
288 [ 0.  0.  0.  1.] -1 30.7908840179
289 [ 0.  0.  0.  1.] -1 31.0636270523
290 [ 0.  0.  0.  1.] -1 31.3839817047
291 [ 0.  0.  0.  1.] 9 41.9984209061
292 [ 0.  0.  0.  1.] -1 32.1768938065
293 [ 0.  0.  0.  1.] -1 32.2572153091
294 [ 0.  0.  0.  1.] -1 32.2800317764
295 [ 0.  0.  0.  1.] 9 42.5630342484
296 [ 0.  0.  0.  1.] -1 32.9654933929
297 [ 0.  0.  0.  1.] -1 33.5083520889
298 [ 0.  0.  0.  1.] -1 33.9077344894
299 [ 0.  0.  0.  1.] 9 44.0040557861
300 [ 0.  0.  0.  1.] -1 34.7259925842
301 [ 0.  0.  0.  1.] -1 36.0217802048
302 [ 0.  0.  0.  1.] -1 37.0541782379
303 [ 0.  0.  0.  1.] 9 57.8640014648
304 [ 0.  0.  0.  1.] 0 48.8640014648
305 [ 0.  0.  1.  0.] -2 47.0556402206
306 [ 0.  0.  1.  0.] -1 48.4694786072
307 [ 0.  0.  1.  0.] 9 56.0402460098
308 [ 0.  0.  1.  0.] -1 41.9173509598
309 [ 0.  0.  1.  0.] -1 42.0941568375
310 [ 0.  0.  1.  0.] -1 42.8308794022
311 [ 0.  0.  1.  0.] 9 49.4942428589
312 [ 0.  0.  1.  0.] -1 33.924937439
313 [ 0.  0.  1.  0.] -1 33.9977138519
314 [ 0.  0.  1.  0.] -1 33.7131893158
315 [ 0.  0.  1.  0.] 9 43.2573129654
316 [ 0.  0.  1.  0.] 0 34.2573129654
317 [ 0.  1.  0.  0.] -2 29.0970691681
318 [ 0.  1.  0.  0.] -1 29.8201332092
319 [ 0.  1.  0.  0.] 9 39.6725219727
320 [ 0.  1.  0.  0.] -1 29.5983720779
321 [ 0.  1.  0.  0.] -1 29.440776825
322 [ 0.  1.  0.  0.] -1 29.4537433624
323 [ 0.  1.  0.  0.] 9 39.1027644157
324 [ 0.  1.  0.  0.] -1 66.679114151
325 [ 0.  1.  0.  0.] -1 61.8979190826
326 [ 0.  1.  0.  0.] -1 62.4139930725
327 [ 0.  1.  0.  0.] 9 71.6217441559
328 [ 0.  1.  0.  0.] 0 62.6217441559
329 [ 0.  0.  1.  0.] -2 29.1290397644
330 [ 0.  0.  1.  0.] -1 29.2327849388
331 [ 0.  0.  1.  0.] 9 40.8574634552
332 [ 0.  0.  1.  0.] -1 26.3508306503
333 [ 0.  0.  1.  0.] -1 26.9018378258
334 [ 0.  0.  1.  0.] -1 26.4041518211
335 [ 0.  0.  1.  0.] 9 37.5325975418
336 [ 0.  0.  1.  0.] -1 19.7162723541
337 [ 0.  0.  1.  0.] -1 19.689195919
338 [ 0.  0.  1.  0.] -1 19.8544250488
339 [ 0.  0.  1.  0.] 9 30.2275210381
340 [ 0.  0.  1.  0.] 0 21.2275210381
341 [ 0.  0.  0.  1.] -2 21.0030632973
342 [ 0.  0.  0.  1.] -1 22.195575428
343 [ 0.  0.  0.  1.] 9 32.5439523697
344 [ 0.  0.  0.  1.] -1 22.7988437653
345 [ 0.  0.  0.  1.] -1 23.8123718262
346 [ 0.  0.  0.  1.] -1 24.1717511177
347 [ 0.  0.  0.  1.] 9 35.8084158897
348 [ 0.  0.  0.  1.] -1 26.7795635223
349 [ 0.  0.  0.  1.] -1 28.1208644867
350 [ 0.  0.  0.  1.] -1 29.7496109009
351 [ 0.  0.  0.  1.] 9 47.17388134
352 [ 0.  0.  0.  1.] 0 38.17388134
353 [ 0.  0.  1.  0.] -2 31.2389541626
354 [ 0.  0.  1.  0.] -1 31.809221077
355 [ 0.  0.  1.  0.] 9 43.1007469177
356 [ 0.  0.  1.  0.] -1 31.4169887543
357 [ 0.  0.  1.  0.] -1 31.3735881805
358 [ 0.  0.  1.  0.] -1 31.4711996078
359 [ 0.  0.  1.  0.] 9 41.387322998
360 [ 0.  0.  1.  0.] -1 26.1894882202
361 [ 0.  0.  1.  0.] -1 26.2579883575
362 [ 0.  0.  1.  0.] -1 26.414193821
363 [ 0.  0.  1.  0.] 9 36.0321846962
364 [ 0.  0.  1.  0.] 0 27.0321846962
365 [ 0.  1.  0.  0.] -2 34.0623035431
366 [ 0.  1.  0.  0.] -1 35.0003591537
367 [ 0.  1.  0.  0.] -1 34.5403297424
368 [ 0.  1.  0.  0.] -1 40.6462062836
369 [ 0.  1.  0.  0.] -1 42.1026296616
370 [ 0.  1.  0.  0.] -1 44.0538869858
371 [ 0.  1.  0.  0.] -1 44.739471817
372 [ 0.  1.  0.  0.] -1 55.013470459
373 [ 0.  1.  0.  0.] -1 57.1253381729
374 [ 0.  1.  0.  0.] -1 56.9349895477
375 [ 0.  1.  0.  0.] -1 54.3441753387
376 [ 0.  1.  0.  0.] 0 55.3441753387
377 [ 0.  0.  1.  0.] -2 29.4043848038
378 [ 0.  0.  1.  0.] -1 30.0027555466
379 [ 0.  0.  1.  0.] -1 34.5836360931
380 [ 0.  0.  1.  0.] -1 33.5669225693
381 [ 0.  0.  1.  0.] -1 33.415622139
382 [ 0.  0.  1.  0.] -1 33.6746919632
383 [ 0.  0.  1.  0.] -1 35.3826002121
384 [ 0.  0.  1.  0.] -1 23.7795387268
385 [ 0.  0.  1.  0.] -1 23.8613949776
386 [ 0.  0.  1.  0.] -1 24.411251545
387 [ 0.  0.  1.  0.] -1 25.8357985497
388 [ 0.  0.  1.  0.] 0 26.8357985497
389 [ 0.  0.  0.  1.] -2 26.3859593391
390 [ 0.  0.  0.  1.] -1 28.1483141899
391 [ 0.  0.  0.  1.] -1 24.1682703018
392 [ 0.  0.  0.  1.] -1 23.9535088539
393 [ 0.  0.  0.  1.] -1 23.6297929764
394 [ 0.  0.  0.  1.] -1 23.2874118805
395 [ 0.  0.  0.  1.] -1 23.9807248116
396 [ 0.  0.  0.  1.] -1 25.188711071
397 [ 0.  0.  0.  1.] -1 26.6244470596
398 [ 0.  0.  0.  1.] -1 26.0360387802
399 [ 0.  0.  0.  1.] -1 24.2727853775
400 [ 0.  0.  0.  1.] 0 25.2727853775
401 [ 0.  0.  1.  0.] -2 23.8641997337
402 [ 0.  0.  1.  0.] -1 24.6264225006
403 [ 0.  0.  1.  0.] -1 28.5725660324
404 [ 0.  0.  1.  0.] -1 39.7066795349
405 [ 0.  0.  1.  0.] -1 36.7754882812
406 [ 0.  0.  1.  0.] -1 35.9074260712
407 [ 0.  0.  1.  0.] -1 45.8627588272
408 [ 0.  0.  1.  0.] -1 51.0651887894
409 [ 0.  0.  1.  0.] -1 49.9011213303
410 [ 0.  0.  1.  0.] -1 48.5294261932
411 [ 0.  0.  1.  0.] -1 52.556829834
412 [ 0.  0.  1.  0.] -1 50.2552005768
413 [ 0.  0.  1.  0.] -1 50.1827068329
414 [ 0.  0.  1.  0.] -1 51.0513343811
415 [ 0.  0.  1.  0.] -1 57.3569383621
416 [ 0.  0.  1.  0.] -1 61.0088378906
417 [ 0.  0.  1.  0.] -1 60.5732593536
418 [ 0.  0.  1.  0.] -1 60.4867916107
419 [ 0.  0.  1.  0.] -1 67.8034629822
420 [ 0.  0.  1.  0.] -1 68.9725967407
421 [ 0.  0.  1.  0.] -1 67.3204612732
422 [ 0.  0.  1.  0.] -1 67.2419082642
423 [ 0.  0.  1.  0.] -1 77.8905883789
424 [ 0.  0.  1.  0.] 0 78.8905883789
425 [ 0.  1.  0.  0.] -2 139.092757416
426 [ 0.  1.  0.  0.] -1 140.686231995
427 [ 0.  1.  0.  0.] -1 140.393850708
428 [ 0.  1.  0.  0.] -1 116.897948456
429 [ 0.  1.  0.  0.] -1 118.571414566
430 [ 0.  1.  0.  0.] -1 123.128699493
431 [ 0.  1.  0.  0.] -1 124.262173462
432 [ 0.  1.  0.  0.] -1 135.498283386
433 [ 0.  1.  0.  0.] -1 138.252741241
434 [ 0.  1.  0.  0.] -1 136.596097565
435 [ 0.  1.  0.  0.] -1 129.971204376
436 [ 0.  1.  0.  0.] -1 84.4688484192
437 [ 0.  1.  0.  0.] -1 81.8347496033
438 [ 0.  1.  0.  0.] -1 77.4706291199
439 [ 0.  1.  0.  0.] -101 -101
440 [ 0.  1.  0.  0.] -2 29.3941072464
441 [ 0.  1.  0.  0.] -1 32.8234304428
442 [ 0.  1.  0.  0.] -1 33.5253376007
443 [ 0.  1.  0.  0.] -1 35.394269371
444 [ 0.  1.  0.  0.] -1 35.3551523209
445 [ 0.  1.  0.  0.] -1 34.6963666916
446 [ 0.  1.  0.  0.] -1 36.4821720123
447 [ 0.  1.  0.  0.] -1 36.9850185394
448 [ 0.  1.  0.  0.] -1 37.2614253998
449 [ 0.  1.  0.  0.] -1 37.69650383
450 [ 0.  1.  0.  0.] -1 38.5452032089
451 [ 0.  1.  0.  0.] -1 40.6783363342
452 [ 0.  1.  0.  0.] -1 42.0443056107
453 [ 0.  1.  0.  0.] -1 39.2079063416
454 [ 0.  1.  0.  0.] -1 38.0616832733
455 [ 0.  1.  0.  0.] -1 39.1537534714
456 [ 0.  1.  0.  0.] -1 37.9815755844
457 [ 0.  1.  0.  0.] 0 38.9815755844
458 [ 0.  0.  1.  0.] -2 25.5147569656
459 [ 0.  0.  1.  0.] -1 27.0472203255
460 [ 0.  0.  1.  0.] 9 37.8850315094
461 [ 0.  0.  1.  0.] -1 23.5040287971
462 [ 0.  0.  1.  0.] -1 23.7753929138
463 [ 0.  0.  1.  0.] -1 23.7610764503
464 [ 0.  0.  1.  0.] 9 35.5893654823
465 [ 0.  0.  1.  0.] -1 22.3985372543
466 [ 0.  0.  1.  0.] -1 22.8052618027
467 [ 0.  0.  1.  0.] -1 22.4225913048
468 [ 0.  0.  1.  0.] -1 22.8442085266
469 [ 0.  0.  1.  0.] 0 23.8442085266
470 [ 0.  0.  0.  1.] -2 25.9705662727
471 [ 0.  0.  0.  1.] -1 27.811622715
472 [ 0.  0.  0.  1.] -1 23.4325968742
473 [ 0.  0.  0.  1.] -1 23.8477416992
474 [ 0.  0.  0.  1.] -1 24.3083708763
475 [ 0.  0.  0.  1.] -1 24.8234790802
476 [ 0.  0.  0.  1.] -1 25.5344117165
477 [ 0.  0.  0.  1.] -1 24.8696175575
478 [ 0.  0.  0.  1.] -1 25.2757350922
479 [ 0.  0.  0.  1.] -1 24.9897066116
480 [ 0.  0.  0.  1.] -1 23.4477087975
481 [ 0.  0.  0.  1.] 0 24.4477087975
482 [ 0.  0.  1.  0.] -2 24.0267036438
483 [ 0.  0.  1.  0.] -1 24.9928685188
484 [ 0.  0.  1.  0.] -1 26.5813092232
485 [ 0.  0.  1.  0.] -1 23.5391830444
486 [ 0.  0.  1.  0.] -1 23.1753843307
487 [ 0.  0.  1.  0.] -1 23.2403674126
488 [ 0.  0.  1.  0.] -1 23.6251814842
489 [ 0.  0.  1.  0.] -1 21.4844054222
490 [ 0.  0.  1.  0.] -1 21.2851327896
491 [ 0.  0.  1.  0.] -1 21.5572325706
492 [ 0.  0.  1.  0.] -1 22.3502153397
493 [ 0.  0.  1.  0.] 0 23.3502153397
494 [ 0.  0.  0.  1.] -2 21.2920380592
495 [ 0.  0.  0.  1.] -1 22.5529234886
496 [ 0.  0.  0.  1.] -1 22.0630362511
497 [ 0.  0.  0.  1.] -1 22.1593213081
498 [ 0.  0.  0.  1.] -1 22.149600029
499 [ 0.  0.  0.  1.] -1 22.4036470413
500 [ 0.  0.  0.  1.] -1 21.666313839
501 [ 0.  0.  0.  1.] -1 21.6717334747
502 [ 0.  0.  0.  1.] -1 21.6006947517
503 [ 0.  0.  0.  1.] -1 21.4548465729
504 [ 0.  0.  0.  1.] -1 20.3348954201
505 [ 0.  0.  0.  1.] -1 20.5402400017
506 [ 0.  0.  0.  1.] -1 20.4951796532
507 [ 0.  0.  0.  1.] -1 20.6624979973
508 [ 0.  0.  0.  1.] -1 18.6566456795
509 [ 0.  0.  0.  1.] -1 18.6252603531
510 [ 0.  0.  0.  1.] -1 18.3419371605
511 [ 0.  0.  0.  1.] -1 18.0247244835
512 [ 0.  0.  0.  1.] -1 19.1155715942
513 [ 0.  0.  0.  1.] -1 19.3134979248
514 [ 0.  0.  0.  1.] -1 19.4945673943
515 [ 0.  0.  0.  1.] -1 19.2461683273
516 [ 0.  0.  0.  1.] -1 18.4351309776
517 [ 0.  0.  0.  1.] 0 19.4351309776
518 [ 0.  0.  1.  0.] -2 17.095036602
519 [ 0.  0.  1.  0.] -1 18.0378450394
520 [ 0.  0.  1.  0.] -1 18.7474676132
521 [ 0.  0.  1.  0.] -1 19.435696125
522 [ 0.  0.  1.  0.] -1 19.0957322121
523 [ 0.  0.  1.  0.] -1 18.9516108513
524 [ 0.  0.  1.  0.] -1 20.2430895805
525 [ 0.  0.  1.  0.] -1 20.4963302612
526 [ 0.  0.  1.  0.] -1 20.4168803215
527 [ 0.  0.  1.  0.] -1 20.2273978233
528 [ 0.  0.  1.  0.] -1 20.7150527
529 [ 0.  0.  1.  0.] 0 21.7150527
530 [ 0.  0.  0.  1.] -2 18.1366884232
531 [ 0.  0.  0.  1.] -1 19.324857235
532 [ 0.  0.  0.  1.] -1 18.3567845345
533 [ 0.  0.  0.  1.] -1 17.8171656609
534 [ 0.  0.  0.  1.] -1 18.1065861702
535 [ 0.  0.  0.  1.] -1 18.4074674606
536 [ 0.  0.  0.  1.] -1 17.5942539215
537 [ 0.  0.  0.  1.] -1 24.6227858543
538 [ 0.  0.  0.  1.] -1 25.1584890366
539 [ 0.  0.  0.  1.] -1 24.8547448158
540 [ 0.  0.  0.  1.] -1 21.5131941795
541 [ 0.  0.  0.  1.] 0 22.5131941795
542 [ 1.  0.  0.  0.] -2 51.0062520981
543 [ 1.  0.  0.  0.] -1 52.1147100449
544 [ 1.  0.  0.  0.] -1 56.1845901489
545 [ 1.  0.  0.  0.] -1 54.7514326096
546 [ 1.  0.  0.  0.] -1 56.2662561417
547 [ 1.  0.  0.  0.] -1 59.973406601
548 [ 1.  0.  0.  0.] -1 47.1505701065
549 [ 1.  0.  0.  0.] -1 47.4672138214
550 [ 1.  0.  0.  0.] -1 48.4466150284
551 [ 1.  0.  0.  0.] -1 50.6082180023
552 [ 1.  0.  0.  0.] -1 63.2165920258
553 [ 1.  0.  0.  0.] 0 64.2165920258
554 [ 0.  0.  0.  1.] -2 28.211563015
555 [ 0.  0.  0.  1.] -1 29.3419187546
556 [ 0.  0.  0.  1.] -1 31.0715345383
557 [ 0.  0.  0.  1.] -1 31.2939624786
558 [ 0.  0.  0.  1.] -1 32.0643335342
559 [ 0.  0.  0.  1.] -1 32.4555402756
560 [ 0.  0.  0.  1.] -1 33.284344101
561 [ 0.  0.  0.  1.] -1 33.2985862732
562 [ 0.  0.  0.  1.] -1 33.7058109283
563 [ 0.  0.  0.  1.] -1 34.3143249512
564 [ 0.  0.  0.  1.] 9 44.1487606049
565 [ 0.  0.  0.  1.] -1 33.6187850952
566 [ 0.  0.  0.  1.] -1 33.586415863
567 [ 0.  0.  0.  1.] -1 35.006701088
568 [ 0.  0.  0.  1.] -1 41.9975601196
569 [ 0.  0.  0.  1.] -1 44.0280263901
570 [ 0.  0.  0.  1.] -1 45.5267377853
571 [ 0.  0.  0.  1.] -1 47.9302112579
572 [ 0.  0.  0.  1.] -1 63.3225349426
573 [ 0.  0.  0.  1.] -1 66.0873790741
574 [ 0.  0.  0.  1.] -1 67.0024295807
575 [ 0.  0.  0.  1.] -1 71.2622596741
576 [ 0.  0.  0.  1.] -1 78.6227375031
577 [ 0.  0.  0.  1.] -1 74.4909347534
578 [ 0.  0.  0.  1.] -1 68.622485733
579 [ 0.  0.  0.  1.] -1 65.946754837
580 [ 0.  0.  0.  1.] -1 63.5779880524
581 [ 0.  0.  0.  1.] -1 56.1261138916
582 [ 0.  0.  0.  1.] -1 53.5114648819
583 [ 0.  0.  0.  1.] -1 52.6978708267
584 [ 0.  0.  0.  1.] -1 51.310915184
585 [ 0.  0.  0.  1.] -1 52.6155017853
586 [ 0.  0.  0.  1.] -1 53.7532266617
587 [ 0.  0.  0.  1.] -1 54.2372177124
588 [ 0.  0.  0.  1.] -1 54.7400968552
589 [ 0.  0.  0.  1.] -1 52.3729970932
590 [ 0.  0.  0.  1.] 0 53.3729970932
591 [ 0.  0.  1.  0.] -2 44.3894584656
592 [ 0.  0.  1.  0.] -1 45.541708374
593 [ 0.  0.  1.  0.] -1 47.0808849335
594 [ 0.  0.  1.  0.] -1 47.2690881729
595 [ 0.  0.  1.  0.] -1 45.7170791626
596 [ 0.  0.  1.  0.] -1 46.6499052048
597 [ 0.  0.  1.  0.] -1 51.4391345978
598 [ 0.  0.  1.  0.] -1 48.956444931
599 [ 0.  0.  1.  0.] -1 47.1777896881
600 [ 0.  0.  1.  0.] -1 47.5065301895
601 [ 0.  0.  1.  0.] -1 49.2075492859
602 [ 0.  0.  1.  0.] -1 45.0454320908
603 [ 0.  0.  1.  0.] -1 45.6016994476
604 [ 0.  0.  1.  0.] -1 46.9478601456
605 [ 0.  0.  1.  0.] -1 51.2507501602
606 [ 0.  0.  1.  0.] -1 55.1824087143
607 [ 0.  0.  1.  0.] -1 55.8895235062
608 [ 0.  0.  1.  0.] -1 57.7222120285
609 [ 0.  0.  1.  0.] -1 62.257988739
610 [ 0.  0.  1.  0.] -1 83.3916110992
611 [ 0.  0.  1.  0.] -1 81.4803695679
612 [ 0.  0.  1.  0.] -1 79.8000324249
613 [ 0.  0.  1.  0.] -1 88.3934402466
614 [ 0.  0.  1.  0.] 0 89.3934402466
615 [ 0.  0.  0.  1.] -2 71.2022068024
616 [ 0.  0.  0.  1.] -1 73.1569976807
617 [ 0.  0.  0.  1.] -1 78.2390033722
618 [ 0.  0.  0.  1.] -1 77.6714618683
619 [ 0.  0.  0.  1.] -1 81.0076526642
620 [ 0.  0.  0.  1.] -1 81.7186161041
621 [ 0.  0.  0.  1.] -1 91.7667549133
622 [ 0.  0.  0.  1.] -1 91.6187450409
623 [ 0.  0.  0.  1.] -1 95.5506137848
624 [ 0.  0.  0.  1.] -1 97.1535358429
625 [ 0.  0.  0.  1.] -1 101.915277481
626 [ 0.  0.  0.  1.] -1 101.279402542
627 [ 0.  0.  0.  1.] -1 101.054724121
628 [ 0.  0.  0.  1.] -1 102.632735062
629 [ 0.  0.  0.  1.] -1 100.670671082
630 [ 0.  0.  0.  1.] -1 101.732252884
631 [ 0.  0.  0.  1.] -1 103.652539825
632 [ 0.  0.  0.  1.] -1 112.535893631
633 [ 0.  0.  0.  1.] -1 144.405982971
634 [ 0.  0.  0.  1.] -1 150.783605957
635 [ 0.  0.  0.  1.] -1 161.547368622
636 [ 0.  0.  0.  1.] -1 167.722557068
637 [ 0.  0.  0.  1.] -1 150.654592896
638 [ 0.  0.  0.  1.] 0 151.654592896
639 [ 1.  0.  0.  0.] -2 215.904133606
640 [ 1.  0.  0.  0.] -1 215.51904068
641 [ 1.  0.  0.  0.] -1 82.0405399323
642 [ 1.  0.  0.  0.] -1 80.0148609161
643 [ 1.  0.  0.  0.] -1 79.0078342438
644 [ 1.  0.  0.  0.] -1 78.124319458
645 [ 1.  0.  0.  0.] -1 74.4562099457
646 [ 1.  0.  0.  0.] -1 72.207157135
647 [ 1.  0.  0.  0.] -1 71.99077034
648 [ 1.  0.  0.  0.] -1 72.8724224091
649 [ 1.  0.  0.  0.] -1 97.1025829315
650 [ 1.  0.  0.  0.] 0 98.1025829315
651 [ 0.  1.  0.  0.] -2 74.3542495728
652 [ 0.  1.  0.  0.] -1 71.9596622467
653 [ 0.  1.  0.  0.] -1 78.1724601746
654 [ 0.  1.  0.  0.] -1 91.507793808
655 [ 0.  1.  0.  0.] -1 90.5796318054
656 [ 0.  1.  0.  0.] -1 88.2846416473
657 [ 0.  1.  0.  0.] -1 92.9524211884
658 [ 0.  1.  0.  0.] -1 88.5032970428
659 [ 0.  1.  0.  0.] -1 84.3619415283
660 [ 0.  1.  0.  0.] -1 84.678610611
661 [ 0.  1.  0.  0.] -1 84.4256072998
662 [ 0.  1.  0.  0.] 0 85.4256072998
663 [ 1.  0.  0.  0.] -2 107.82694931
664 [ 1.  0.  0.  0.] -1 111.854581451
665 [ 1.  0.  0.  0.] -1 108.327357101
666 [ 1.  0.  0.  0.] -1 102.663082123
667 [ 1.  0.  0.  0.] -1 106.827297592
668 [ 1.  0.  0.  0.] -1 107.538949585
669 [ 1.  0.  0.  0.] -1 72.8680156708
670 [ 1.  0.  0.  0.] -1 71.259570694
671 [ 1.  0.  0.  0.] -1 71.329643631
672 [ 1.  0.  0.  0.] -1 68.6680751801
673 [ 1.  0.  0.  0.] -1 65.6460601807
674 [ 1.  0.  0.  0.] 0 66.6460601807
675 [ 0.  1.  0.  0.] -2 67.5493469238
676 [ 0.  1.  0.  0.] -1 67.5398487091
677 [ 0.  1.  0.  0.] -1 63.1077281952
678 [ 0.  1.  0.  0.] -1 65.8489295959
679 [ 0.  1.  0.  0.] -1 64.5070415497
680 [ 0.  1.  0.  0.] -1 67.5185832977
681 [ 0.  1.  0.  0.] -1 66.0511974335
682 [ 0.  1.  0.  0.] -1 73.8427021027
683 [ 0.  1.  0.  0.] -1 71.7471893311
684 [ 0.  1.  0.  0.] -1 73.0276584625
685 [ 0.  1.  0.  0.] -1 70.4588344574
686 [ 0.  1.  0.  0.] 0 71.4588344574
687 [ 0.  0.  1.  0.] -2 44.3894584656
688 [ 0.  0.  1.  0.] -1 45.541708374
689 [ 0.  0.  1.  0.] -1 47.0808849335
690 [ 0.  0.  1.  0.] -1 47.2690881729
691 [ 0.  0.  1.  0.] -1 45.7170791626
692 [ 0.  0.  1.  0.] -1 46.6499052048
693 [ 0.  0.  1.  0.] -1 51.4391345978
694 [ 0.  0.  1.  0.] -1 48.956444931
695 [ 0.  0.  1.  0.] -1 47.1777896881
696 [ 0.  0.  1.  0.] -1 47.5065301895
697 [ 0.  0.  1.  0.] -1 49.2075492859
698 [ 0.  0.  1.  0.] -1 45.0454320908
699 [ 0.  0.  1.  0.] -1 45.6016994476
700 [ 0.  0.  1.  0.] -1 46.9478601456
701 [ 0.  0.  1.  0.] -1 51.2507501602
702 [ 0.  0.  1.  0.] -1 55.1824087143
703 [ 0.  0.  1.  0.] -1 55.8895235062
704 [ 0.  0.  1.  0.] -1 57.7222120285
705 [ 0.  0.  1.  0.] -1 62.257988739
706 [ 0.  0.  1.  0.] -1 83.3916110992
707 [ 0.  0.  1.  0.] -1 81.4803695679
708 [ 0.  0.  1.  0.] -1 79.8000324249
709 [ 0.  0.  1.  0.] -1 88.3934402466
710 [ 0.  0.  1.  0.] 0 89.3934402466
711 [ 0.  0.  0.  1.] -2 71.2022068024
712 [ 0.  0.  0.  1.] -1 73.1569976807
713 [ 0.  0.  0.  1.] -1 78.2390033722
714 [ 0.  0.  0.  1.] -1 77.6714618683
715 [ 0.  0.  0.  1.] -1 81.0076526642
716 [ 0.  0.  0.  1.] -1 81.7186161041
717 [ 0.  0.  0.  1.] -1 91.7667549133
718 [ 0.  0.  0.  1.] -1 91.6187450409
719 [ 0.  0.  0.  1.] -1 95.5506137848
720 [ 0.  0.  0.  1.] -1 97.1535358429
721 [ 0.  0.  0.  1.] -1 101.915277481
722 [ 0.  0.  0.  1.] -1 101.279402542
723 [ 0.  0.  0.  1.] -1 101.054724121
724 [ 0.  0.  0.  1.] -1 102.632735062
725 [ 0.  0.  0.  1.] -1 100.670671082
726 [ 0.  0.  0.  1.] -1 101.732252884
727 [ 0.  0.  0.  1.] -1 103.652539825
728 [ 0.  0.  0.  1.] -1 112.535893631
729 [ 0.  0.  0.  1.] -1 144.405982971
730 [ 0.  0.  0.  1.] -1 150.783605957
731 [ 0.  0.  0.  1.] -1 161.547368622
732 [ 0.  0.  0.  1.] -1 167.722557068
733 [ 0.  0.  0.  1.] -1 150.654592896
734 [ 0.  0.  0.  1.] 0 151.654592896
735 [ 0.  0.  1.  0.] -2 158.990557861
736 [ 0.  0.  1.  0.] -1 163.828392029
737 [ 0.  0.  1.  0.] -1 162.592156982
738 [ 0.  0.  1.  0.] -1 130.260077667
739 [ 0.  0.  1.  0.] -1 131.833109283
740 [ 0.  0.  1.  0.] -1 133.640509796
741 [ 0.  0.  1.  0.] -1 132.515356445
742 [ 0.  0.  1.  0.] -1 137.85056839
743 [ 0.  0.  1.  0.] -1 143.091789246
744 [ 0.  0.  1.  0.] -1 144.070925903
745 [ 0.  0.  1.  0.] 9 160.218876648
746 [ 0.  0.  1.  0.] 0 151.218876648
747 [ 0.  0.  0.  1.] -2 172.322985077
748 [ 0.  0.  0.  1.] -1 180.343122101
749 [ 0.  0.  0.  1.] 9 184.330461121
750 [ 0.  0.  0.  1.] -1 182.973220062
751 [ 0.  0.  0.  1.] -1 190.210417938
752 [ 0.  0.  0.  1.] -1 196.886901855
753 [ 0.  0.  0.  1.] 9 212.399934387
754 [ 0.  0.  0.  1.] -1 208.548001099
755 [ 0.  0.  0.  1.] -1 217.414373016
756 [ 0.  0.  0.  1.] -1 217.298493195
757 [ 0.  0.  0.  1.] 9 200.900231934
758 [ 0.  0.  0.  1.] 0 191.900231934
759 [ 0.  0.  1.  0.] -2 158.54343338
760 [ 0.  0.  1.  0.] -1 163.15123291
761 [ 0.  0.  1.  0.] 9 174.126629639
762 [ 0.  0.  1.  0.] -1 185.482480621
763 [ 0.  0.  1.  0.] -1 183.03452301
764 [ 0.  0.  1.  0.] -1 184.925245667
765 [ 0.  0.  1.  0.] 9 201.977722931
766 [ 0.  0.  1.  0.] -1 185.428845978
767 [ 0.  0.  1.  0.] -1 180.876438904
768 [ 0.  0.  1.  0.] -1 177.81532135
769 [ 0.  0.  1.  0.] 9 188.079551697
770 [ 0.  0.  1.  0.] -1 124.931867218
771 [ 0.  0.  1.  0.] -1 123.79703064
772 [ 0.  0.  1.  0.] -1 123.718999481
773 [ 0.  0.  1.  0.] 9 137.510287476
774 [ 0.  0.  1.  0.] 0 128.510287476
775 [ 0.  0.  0.  1.] -2 120.661357117
776 [ 0.  0.  0.  1.] -1 123.374114227
777 [ 0.  0.  0.  1.] 9 128.139894867
778 [ 0.  0.  0.  1.] -1 116.627368927
779 [ 0.  0.  0.  1.] -1 117.511840439
780 [ 0.  0.  0.  1.] -1 120.482206726
781 [ 0.  0.  0.  1.] 9 120.587064362
782 [ 0.  0.  0.  1.] -1 110.395458221
783 [ 0.  0.  0.  1.] -1 111.356924438
784 [ 0.  0.  0.  1.] -1 112.580895996
785 [ 0.  0.  0.  1.] 9 121.454220581
786 [ 0.  0.  0.  1.] -1 111.849689102
787 [ 0.  0.  0.  1.] -1 112.241178513
788 [ 0.  0.  0.  1.] -1 112.810452271
789 [ 0.  0.  0.  1.] 9 116.692261505
790 [ 0.  0.  0.  1.] -1 105.809087372
791 [ 0.  0.  0.  1.] -1 105.270399857
792 [ 0.  0.  0.  1.] -1 107.879689026
793 [ 0.  0.  0.  1.] 9 118.476512146
794 [ 0.  0.  0.  1.] -1 108.832356262
795 [ 0.  0.  0.  1.] -1 110.002635193
796 [ 0.  0.  0.  1.] -1 109.231796646
797 [ 0.  0.  0.  1.] 9 93.5283576965
798 [ 0.  0.  0.  1.] 0 84.5283576965
799 [ 0.  0.  1.  0.] -2 93.9021781921
800 [ 0.  0.  1.  0.] -1 94.8584442139
801 [ 0.  0.  1.  0.] 9 109.402168274
802 [ 0.  0.  1.  0.] -1 108.424363327
803 [ 0.  0.  1.  0.] -1 106.979221344
804 [ 0.  0.  1.  0.] -1 107.650371933
805 [ 0.  0.  1.  0.] 9 119.598338699
806 [ 0.  0.  1.  0.] -1 117.539085388
807 [ 0.  0.  1.  0.] -1 117.506650925
808 [ 0.  0.  1.  0.] -1 121.850078583
809 [ 0.  0.  1.  0.] 9 139.680548096
810 [ 0.  0.  1.  0.] 0 130.680548096
811 [ 0.  1.  0.  0.] -2 165.802012634
812 [ 0.  1.  0.  0.] -1 166.156932831
813 [ 0.  1.  0.  0.] 9 183.199291992
814 [ 0.  1.  0.  0.] -1 165.674771881
815 [ 0.  1.  0.  0.] -1 170.828481293
816 [ 0.  1.  0.  0.] -1 175.002952576
817 [ 0.  1.  0.  0.] 9 192.289175415
818 [ 0.  1.  0.  0.] -1 197.729328156
819 [ 0.  1.  0.  0.] -1 204.525402832
820 [ 0.  1.  0.  0.] -1 205.958027649
821 [ 0.  1.  0.  0.] 9 218.872186279
822 [ 0.  1.  0.  0.] -1 216.198751068
823 [ 0.  1.  0.  0.] -1 221.015185547
824 [ 0.  1.  0.  0.] -1 224.945749664
825 [ 0.  1.  0.  0.] 9 234.59573288
826 [ 0.  1.  0.  0.] -1 227.775701904
827 [ 0.  1.  0.  0.] -1 235.867893982
828 [ 0.  1.  0.  0.] -1 239.270374298
829 [ 0.  1.  0.  0.] 9 250.97565155
830 [ 0.  1.  0.  0.] -1 233.895487213
831 [ 0.  1.  0.  0.] -1 233.742251587
832 [ 0.  1.  0.  0.] -1 235.612738037
833 [ 0.  1.  0.  0.] 9 243.024475098
834 [ 0.  1.  0.  0.] -1 228.955084229
835 [ 0.  1.  0.  0.] -1 232.806066132
836 [ 0.  1.  0.  0.] -1 235.739185333
837 [ 0.  1.  0.  0.] 9 247.47926712
838 [ 0.  1.  0.  0.] -1 229.783391571
839 [ 0.  1.  0.  0.] -1 235.214754486
840 [ 0.  1.  0.  0.] -1 238.248126984
841 [ 0.  1.  0.  0.] 9 244.363413239
842 [ 0.  1.  0.  0.] -1 226.079020691
843 [ 0.  1.  0.  0.] -1 226.990969086
844 [ 0.  1.  0.  0.] -1 231.419161224
845 [ 0.  1.  0.  0.] 9 241.9057724
846 [ 0.  1.  0.  0.] 0 232.9057724
847 [ 1.  0.  0.  0.] -2 246.301321411
848 [ 1.  0.  0.  0.] -1 253.599565125
849 [ 1.  0.  0.  0.] 9 251.278803253
850 [ 1.  0.  0.  0.] -1 245.517984009
851 [ 1.  0.  0.  0.] -1 248.033448792
852 [ 1.  0.  0.  0.] -1 239.069360352
853 [ 1.  0.  0.  0.] 9 213.488659668
854 [ 1.  0.  0.  0.] -1 205.478939819
855 [ 1.  0.  0.  0.] -1 203.023429871
856 [ 1.  0.  0.  0.] -1 203.707068634
857 [ 1.  0.  0.  0.] 9 239.481964874
858 [ 1.  0.  0.  0.] 0 230.481964874
859 [ 0.  0.  0.  1.] -2 171.266136169
860 [ 0.  0.  0.  1.] -1 178.427118683
861 [ 0.  0.  0.  1.] 9 178.415313721
862 [ 0.  0.  0.  1.] -1 169.406380463
863 [ 0.  0.  0.  1.] -1 169.107823944
864 [ 0.  0.  0.  1.] -1 172.424329376
865 [ 0.  0.  0.  1.] 9 192.415057373
866 [ 0.  0.  0.  1.] -1 182.551376343
867 [ 0.  0.  0.  1.] -1 184.191233826
868 [ 0.  0.  0.  1.] -1 181.666216278
869 [ 0.  0.  0.  1.] -1 176.769199371
870 [ 0.  0.  0.  1.] 0 177.769199371
871 [ 1.  0.  0.  0.] -2 270.181465149
872 [ 1.  0.  0.  0.] -1 276.068305969
873 [ 1.  0.  0.  0.] -1 282.234550476
874 [ 1.  0.  0.  0.] -1 283.396073914
875 [ 1.  0.  0.  0.] -1 285.151318359
876 [ 1.  0.  0.  0.] -1 289.568899536
877 [ 1.  0.  0.  0.] -1 288.787399292
878 [ 1.  0.  0.  0.] -1 292.184153748
879 [ 1.  0.  0.  0.] -1 292.601634216
880 [ 1.  0.  0.  0.] -1 295.351467896
881 [ 1.  0.  0.  0.] -1 245.991331482
882 [ 1.  0.  0.  0.] -1 253.57167511
883 [ 1.  0.  0.  0.] -1 251.250976562
884 [ 1.  0.  0.  0.] -1 248.936627197
885 [ 1.  0.  0.  0.] -1 233.88921051
886 [ 1.  0.  0.  0.] 0 234.88921051
887 [ 0.  1.  0.  0.] -2 236.302867126
888 [ 0.  1.  0.  0.] -1 228.436379242
889 [ 0.  1.  0.  0.] -1 222.500270844
890 [ 0.  1.  0.  0.] -1 234.165254974
891 [ 0.  1.  0.  0.] -1 235.996631622
892 [ 0.  1.  0.  0.] -1 235.608157349
893 [ 0.  1.  0.  0.] -1 230.89733963
894 [ 0.  1.  0.  0.] -1 219.816654205
895 [ 0.  1.  0.  0.] -1 224.850062561
896 [ 0.  1.  0.  0.] -1 220.04041214
897 [ 0.  1.  0.  0.] -1 214.632865906
898 [ 0.  1.  0.  0.] -1 191.41740036
899 [ 0.  1.  0.  0.] -1 192.606625366
900 [ 0.  1.  0.  0.] -1 188.271945953
901 [ 0.  1.  0.  0.] 9 200.281085205
902 [ 0.  1.  0.  0.] -1 182.534604645
903 [ 0.  1.  0.  0.] -1 188.048985291
904 [ 0.  1.  0.  0.] -1 182.763972473
905 [ 0.  1.  0.  0.] 9 190.961283112
906 [ 0.  1.  0.  0.] -1 186.091973114
907 [ 0.  1.  0.  0.] -1 181.377734375
908 [ 0.  1.  0.  0.] -1 179.439102936
909 [ 0.  1.  0.  0.] 9 177.192414856
910 [ 0.  1.  0.  0.] 0 168.192414856
911 [ 0.  0.  1.  0.] -2 133.228533936
912 [ 0.  0.  1.  0.] -1 131.33433609
913 [ 0.  0.  1.  0.] 9 148.834880066
914 [ 0.  0.  1.  0.] -1 174.927269745
915 [ 0.  0.  1.  0.] -1 170.461779785
916 [ 0.  0.  1.  0.] -1 167.805980682
917 [ 0.  0.  1.  0.] 9 195.817798615
918 [ 0.  0.  1.  0.] -1 176.661480713
919 [ 0.  0.  1.  0.] -1 175.163189697
920 [ 0.  0.  1.  0.] -1 172.060570526
921 [ 0.  0.  1.  0.] 9 187.853474426
922 [ 0.  0.  1.  0.] -1 143.317141724
923 [ 0.  0.  1.  0.] -1 144.600357819
924 [ 0.  0.  1.  0.] -1 140.873184967
925 [ 0.  0.  1.  0.] 9 156.892789459
926 [ 0.  0.  1.  0.] -1 144.380296326
927 [ 0.  0.  1.  0.] -1 143.095413208
928 [ 0.  0.  1.  0.] -1 142.680324554
929 [ 0.  0.  1.  0.] 9 156.119754791
930 [ 0.  0.  1.  0.] -1 158.805014801
931 [ 0.  0.  1.  0.] -1 155.566062164
932 [ 0.  0.  1.  0.] -1 154.742263031
933 [ 0.  0.  1.  0.] 9 169.723051453
934 [ 0.  0.  1.  0.] -1 178.013957977
935 [ 0.  0.  1.  0.] -1 175.163537598
936 [ 0.  0.  1.  0.] -1 182.602082825
937 [ 0.  0.  1.  0.] 9 206.38586731
938 [ 0.  0.  1.  0.] 0 197.38586731
939 [ 0.  1.  0.  0.] -2 235.238480377
940 [ 0.  1.  0.  0.] -1 239.106034851
941 [ 0.  1.  0.  0.] 9 253.13941803
942 [ 0.  1.  0.  0.] -1 236.676124573
943 [ 0.  1.  0.  0.] -1 236.553779602
944 [ 0.  1.  0.  0.] -1 241.140164948
945 [ 0.  1.  0.  0.] 9 254.029811096
946 [ 0.  1.  0.  0.] -1 257.263130188
947 [ 0.  1.  0.  0.] -1 260.435314941
948 [ 0.  1.  0.  0.] -1 263.856045532
949 [ 0.  1.  0.  0.] 9 276.911451721
950 [ 0.  1.  0.  0.] -1 265.822697449
951 [ 0.  1.  0.  0.] -1 269.406448364
952 [ 0.  1.  0.  0.] -1 272.555091858
953 [ 0.  1.  0.  0.] 9 280.570001221
954 [ 0.  1.  0.  0.] -1 295.083758545
955 [ 0.  1.  0.  0.] -1 299.401144409
956 [ 0.  1.  0.  0.] -1 303.395736694
957 [ 0.  1.  0.  0.] 9 314.14024353
958 [ 0.  1.  0.  0.] 0 305.14024353
959 [ 1.  0.  0.  0.] -2 278.812786865
960 [ 1.  0.  0.  0.] -1 282.179089355
961 [ 1.  0.  0.  0.] 49 875.963171387
962 [ 1.  0.  0.  0.] -1 837.996929932
963 [ 1.  0.  0.  0.] -1 829.146633911
964 [ 1.  0.  0.  0.] -1 793.257519531
965 [ 1.  0.  0.  0.] 9 594.648907471
966 [ 1.  0.  0.  0.] -1 588.107791138
967 [ 1.  0.  0.  0.] -1 553.640487671
968 [ 1.  0.  0.  0.] -1 556.513623047
969 [ 1.  0.  0.  0.] 9 515.687173462
970 [ 1.  0.  0.  0.] 0 506.687173462
971 [ 0.  0.  0.  1.] -2 323.094041443
972 [ 0.  0.  0.  1.] -1 314.27527771
973 [ 0.  0.  0.  1.] 9 317.820246887
974 [ 0.  0.  0.  1.] -1 311.973017883
975 [ 0.  0.  0.  1.] -1 313.114131165
976 [ 0.  0.  0.  1.] -1 319.932920837
977 [ 0.  0.  0.  1.] 9 315.738642883
978 [ 0.  0.  0.  1.] -1 306.852069092
979 [ 0.  0.  0.  1.] -1 312.684822083
980 [ 0.  0.  0.  1.] -1 324.339021301
981 [ 0.  0.  0.  1.] 9 307.068588257
982 [ 0.  0.  0.  1.] -1 294.683789063
983 [ 0.  0.  0.  1.] -1 294.889920044
984 [ 0.  0.  0.  1.] -1 305.924305725
985 [ 0.  0.  0.  1.] 9 337.57084198
986 [ 0.  0.  0.  1.] -1 333.910630798
987 [ 0.  0.  0.  1.] -1 335.632592773
988 [ 0.  0.  0.  1.] -1 327.718496704
989 [ 0.  0.  0.  1.] -1 286.892414856
990 [ 0.  0.  0.  1.] 0 287.892414856
991 [ 0.  0.  1.  0.] -2 279.685263062
992 [ 0.  0.  1.  0.] -1 282.657191467
993 [ 0.  0.  1.  0.] -1 298.199960327
994 [ 0.  0.  1.  0.] -1 318.104327393
995 [ 0.  0.  1.  0.] -1 305.787580872
996 [ 0.  0.  1.  0.] -1 304.02677002
997 [ 0.  0.  1.  0.] -1 319.047398376
998 [ 0.  0.  1.  0.] -1 391.734690857
999 [ 0.  0.  1.  0.] -1 383.723878479
1000 [ 0.  0.  1.  0.] -1 400.159243774
1001 [ 0.  0.  1.  0.] -1 438.261555481
1002 [ 0.  0.  1.  0.] 0 439.261555481
1003 [ 0.  1.  0.  0.] -2 567.78946228
1004 [ 0.  1.  0.  0.] -1 576.421411133
1005 [ 0.  1.  0.  0.] -1 574.909957886
1006 [ 0.  1.  0.  0.] -1 519.321273804
1007 [ 0.  1.  0.  0.] -1 524.477679443
1008 [ 0.  1.  0.  0.] -1 534.964846802
1009 [ 0.  1.  0.  0.] -1 554.60736084
1010 [ 0.  1.  0.  0.] -1 609.655755615
1011 [ 0.  1.  0.  0.] -1 627.819519043
1012 [ 0.  1.  0.  0.] -1 648.075497437
1013 [ 0.  1.  0.  0.] -1 643.607470703
1014 [ 0.  1.  0.  0.] -1 684.725180054
1015 [ 0.  1.  0.  0.] -1 682.480526733
1016 [ 0.  1.  0.  0.] -1 719.412646484
1017 [ 0.  1.  0.  0.] -1 699.224334717
1018 [ 0.  1.  0.  0.] -1 965.929992676
1019 [ 0.  1.  0.  0.] -1 1037.48823242
1020 [ 0.  1.  0.  0.] -1 1066.88314819
1021 [ 0.  1.  0.  0.] -1 1104.01768799
1022 [ 0.  1.  0.  0.] 0 1105.01768799
1023 [ 1.  0.  0.  0.] -2 606.559133911
1024 [ 1.  0.  0.  0.] -1 626.467114258
1025 [ 1.  0.  0.  0.] -1 737.318731689
1026 [ 1.  0.  0.  0.] -1 737.059835815
1027 [ 1.  0.  0.  0.] -1 734.321627808
1028 [ 1.  0.  0.  0.] -1 728.153817749
1029 [ 1.  0.  0.  0.] -1 673.41366272
1030 [ 1.  0.  0.  0.] -1 675.647821045
1031 [ 1.  0.  0.  0.] -1 629.097531128
1032 [ 1.  0.  0.  0.] -1 645.949942017
1033 [ 1.  0.  0.  0.] -1 619.572598267
1034 [ 1.  0.  0.  0.] 0 620.572598267
1035 [ 0.  0.  0.  1.] -2 368.000241089
1036 [ 0.  0.  0.  1.] -1 350.674906921
1037 [ 0.  0.  0.  1.] -1 349.612709045
1038 [ 0.  0.  0.  1.] -1 350.46570282
1039 [ 0.  0.  0.  1.] -1 353.028916931
1040 [ 0.  0.  0.  1.] -1 359.463711548
1041 [ 0.  0.  0.  1.] -1 341.794111633
1042 [ 0.  0.  0.  1.] -1 341.630917358
1043 [ 0.  0.  0.  1.] -1 343.382218933
1044 [ 0.  0.  0.  1.] -1 351.284138489
1045 [ 0.  0.  0.  1.] -1 316.800512695
1046 [ 0.  0.  0.  1.] -1 306.975457764
1047 [ 0.  0.  0.  1.] -1 308.277330017
1048 [ 0.  0.  0.  1.] -1 312.702536011
1049 [ 0.  0.  0.  1.] -1 327.57084198
1050 [ 0.  0.  0.  1.] -1 333.910630798
1051 [ 0.  0.  0.  1.] -1 335.632592773
1052 [ 0.  0.  0.  1.] -1 327.718496704
1053 [ 0.  0.  0.  1.] -1 286.892414856
1054 [ 0.  0.  0.  1.] -1 291.325361633
1055 [ 0.  0.  0.  1.] -1 292.098686218
1056 [ 0.  0.  0.  1.] -1 300.729341125
1057 [ 0.  0.  0.  1.] 9 299.811154175
1058 [ 0.  0.  0.  1.] -1 294.383348083
1059 [ 0.  0.  0.  1.] -1 302.851591492
1060 [ 0.  0.  0.  1.] -1 316.241871643
1061 [ 0.  0.  0.  1.] 9 347.455822754
1062 [ 0.  0.  0.  1.] -1 347.16647644
1063 [ 0.  0.  0.  1.] -1 354.074125671
1064 [ 0.  0.  0.  1.] -1 355.768487549
1065 [ 0.  0.  0.  1.] -1 349.106282043
1066 [ 0.  0.  0.  1.] 0 350.106282043
1067 [ 0.  0.  1.  0.] -2 295.914816284
1068 [ 0.  0.  1.  0.] -1 294.14903717
1069 [ 0.  0.  1.  0.] -1 301.133108521
1070 [ 0.  0.  1.  0.] -1 299.008654785
1071 [ 0.  0.  1.  0.] -1 296.150827026
1072 [ 0.  0.  1.  0.] -1 295.580038452
1073 [ 0.  0.  1.  0.] -1 298.332829285
1074 [ 0.  0.  1.  0.] -1 396.720944214
1075 [ 0.  0.  1.  0.] -1 389.970429993
1076 [ 0.  0.  1.  0.] -1 409.959423828
1077 [ 0.  0.  1.  0.] -1 448.60234375
1078 [ 0.  0.  1.  0.] 0 449.60234375
1079 [ 0.  0.  0.  1.] -2 409.918411255
1080 [ 0.  0.  0.  1.] -1 426.54163208
1081 [ 0.  0.  0.  1.] -1 408.089285278
1082 [ 0.  0.  0.  1.] -1 412.72091217
1083 [ 0.  0.  0.  1.] -1 413.046286011
1084 [ 0.  0.  0.  1.] -1 421.385313416
1085 [ 0.  0.  0.  1.] -1 394.747537231
1086 [ 0.  0.  0.  1.] -1 395.053805542
1087 [ 0.  0.  0.  1.] -1 410.013261414
1088 [ 0.  0.  0.  1.] -1 425.667474365
1089 [ 0.  0.  0.  1.] -1 418.132966614
1090 [ 0.  0.  0.  1.] -1 419.608789062
1091 [ 0.  0.  0.  1.] -1 422.358999634
1092 [ 0.  0.  0.  1.] -1 442.845664978
1093 [ 0.  0.  0.  1.] -1 415.804092407
1094 [ 0.  0.  0.  1.] -1 414.056414795
1095 [ 0.  0.  0.  1.] -1 431.949453735
1096 [ 0.  0.  0.  1.] -1 443.986749268
1097 [ 0.  0.  0.  1.] -1 421.679260254
1098 [ 0.  0.  0.  1.] -1 424.866636658
1099 [ 0.  0.  0.  1.] -1 422.324847412
1100 [ 0.  0.  0.  1.] -1 438.76348877
1101 [ 0.  0.  0.  1.] -1 350.012446594
1102 [ 0.  0.  0.  1.] -1 350.271980286
1103 [ 0.  0.  0.  1.] -1 364.064752197
1104 [ 0.  0.  0.  1.] -1 379.986703491
1105 [ 0.  0.  0.  1.] -1 299.59037323
1106 [ 0.  0.  0.  1.] -1 296.009463501
1107 [ 0.  0.  0.  1.] -1 296.865762329
1108 [ 0.  0.  0.  1.] -1 292.60630188
1109 [ 0.  0.  0.  1.] -1 299.544885254
1110 [ 0.  0.  0.  1.] -1 292.69962616
1111 [ 0.  0.  0.  1.] -1 308.543386841
1112 [ 0.  0.  0.  1.] -1 307.00355072
1113 [ 0.  0.  0.  1.] -1 248.374130249
1114 [ 0.  0.  0.  1.] 0 249.374130249
1115 [ 1.  0.  0.  0.] -2 310.226539612
1116 [ 1.  0.  0.  0.] -1 312.656410217
1117 [ 1.  0.  0.  0.] -1 436.162266541
1118 [ 1.  0.  0.  0.] -1 463.92689209
1119 [ 1.  0.  0.  0.] -1 475.030393982
1120 [ 1.  0.  0.  0.] -1 452.369235229
1121 [ 1.  0.  0.  0.] -1 339.5977005
1122 [ 1.  0.  0.  0.] -1 330.686608887
1123 [ 1.  0.  0.  0.] -1 320.845985413
1124 [ 1.  0.  0.  0.] -1 313.347137451
1125 [ 1.  0.  0.  0.] -1 317.224661255
1126 [ 1.  0.  0.  0.] 0 318.224661255
1127 [ 0.  0.  0.  1.] -2 146.413306427
1128 [ 0.  0.  0.  1.] -1 147.240994263
1129 [ 0.  0.  0.  1.] 9 151.749169159
1130 [ 0.  0.  0.  1.] -1 141.541921997
1131 [ 0.  0.  0.  1.] -1 142.614962769
1132 [ 0.  0.  0.  1.] -1 143.832962036
1133 [ 0.  0.  0.  1.] 9 147.556954956
1134 [ 0.  0.  0.  1.] -1 141.702463531
1135 [ 0.  0.  0.  1.] -1 147.060115051
1136 [ 0.  0.  0.  1.] -1 153.672353363
1137 [ 0.  0.  0.  1.] 9 147.261862946
1138 [ 0.  0.  0.  1.] -1 136.123677826
1139 [ 0.  0.  0.  1.] -1 136.672490692
1140 [ 0.  0.  0.  1.] -1 142.549398041
1141 [ 0.  0.  0.  1.] 9 148.198454285
1142 [ 0.  0.  0.  1.] -1 135.759716034
1143 [ 0.  0.  0.  1.] -1 142.593624878
1144 [ 0.  0.  0.  1.] -1 145.521409607
1145 [ 0.  0.  0.  1.] 9 141.222065735
1146 [ 0.  0.  0.  1.] -1 137.138314819
1147 [ 0.  0.  0.  1.] -1 140.777787781
1148 [ 0.  0.  0.  1.] -1 143.995866394
1149 [ 0.  0.  0.  1.] 9 168.394390869
1150 [ 0.  0.  0.  1.] -1 164.844826508
1151 [ 0.  0.  0.  1.] -1 170.846659088
1152 [ 0.  0.  0.  1.] -1 175.493811035
1153 [ 0.  0.  0.  1.] 9 183.850576019
1154 [ 0.  0.  0.  1.] -1 179.595948029
1155 [ 0.  0.  0.  1.] -1 188.621092987
1156 [ 0.  0.  0.  1.] -1 198.938658905
1157 [ 0.  0.  0.  1.] 9 226.428336334
1158 [ 0.  0.  0.  1.] 0 217.428336334
1159 [ 0.  0.  1.  0.] -2 339.393928528
1160 [ 0.  0.  1.  0.] -1 163.934298706
1161 [ 0.  0.  1.  0.] 9 175.022603607
1162 [ 0.  0.  1.  0.] -1 210.644869232
1163 [ 0.  0.  1.  0.] -1 208.915514374
1164 [ 0.  0.  1.  0.] -1 219.256795502
1165 [ 0.  0.  1.  0.] 49 441.974278259
1166 [ 0.  0.  1.  0.] -1 429.485565186
1167 [ 0.  0.  1.  0.] -1 441.19957428
1168 [ 0.  0.  1.  0.] -1 510.659423828
1169 [ 0.  0.  1.  0.] 9 590.327810669
1170 [ 0.  0.  1.  0.] 0 581.327810669
1171 [ 0.  1.  0.  0.] -2 676.05038147
1172 [ 0.  1.  0.  0.] -1 693.319421387
1173 [ 0.  1.  0.  0.] 9 700.204611206
1174 [ 0.  1.  0.  0.] -1 606.136975098
1175 [ 0.  1.  0.  0.] -1 591.125827026
1176 [ 0.  1.  0.  0.] -1 591.047839355
1177 [ 0.  1.  0.  0.] 9 642.745092773
1178 [ 0.  1.  0.  0.] -1 657.896087646
1179 [ 0.  1.  0.  0.] -1 649.51574707
1180 [ 0.  1.  0.  0.] -1 652.338552856
1181 [ 0.  1.  0.  0.] 9 698.871630859
1182 [ 0.  1.  0.  0.] -1 645.954464722
1183 [ 0.  1.  0.  0.] -1 655.946859741
1184 [ 0.  1.  0.  0.] -1 641.907049561
1185 [ 0.  1.  0.  0.] 9 585.696154785
1186 [ 0.  1.  0.  0.] -1 503.28637085
1187 [ 0.  1.  0.  0.] -1 511.764181519
1188 [ 0.  1.  0.  0.] -1 509.925238037
1189 [ 0.  1.  0.  0.] 9 498.725695801
1190 [ 0.  1.  0.  0.] 0 489.725695801
1191 [ 1.  0.  0.  0.] -2 322.87509613
1192 [ 1.  0.  0.  0.] -1 328.326191711
1193 [ 1.  0.  0.  0.] 9 523.181991577
1194 [ 1.  0.  0.  0.] -1 598.531350708
1195 [ 1.  0.  0.  0.] -1 588.112893677
1196 [ 1.  0.  0.  0.] -1 564.642895508
1197 [ 1.  0.  0.  0.] 9 637.281896973
1198 [ 1.  0.  0.  0.] -1 622.003378296
1199 [ 1.  0.  0.  0.] -1 616.742196655
1200 [ 1.  0.  0.  0.] -1 638.814794922
1201 [ 1.  0.  0.  0.] -1 1023.34283447
1202 [ 1.  0.  0.  0.] 0 1024.34283447
1203 [ 0.  0.  0.  1.] -2 213.854840851
1204 [ 0.  0.  0.  1.] -1 214.574520111
1205 [ 0.  0.  0.  1.] -1 225.482487488
1206 [ 0.  0.  0.  1.] -1 224.000649261
1207 [ 0.  0.  0.  1.] -1 234.683191681
1208 [ 0.  0.  0.  1.] -1 245.624528503
1209 [ 0.  0.  0.  1.] -1 194.530963898
1210 [ 0.  0.  0.  1.] -1 198.913059235
1211 [ 0.  0.  0.  1.] -1 206.468238068
1212 [ 0.  0.  0.  1.] -1 210.849420166
1213 [ 0.  0.  0.  1.] -1 231.452487183
1214 [ 0.  0.  0.  1.] 0 232.452487183
1215 [ 1.  0.  0.  0.] -2 701.086221313
1216 [ 1.  0.  0.  0.] -1 627.214752197
1217 [ 1.  0.  0.  0.] 9 384.993231201
1218 [ 1.  0.  0.  0.] -1 397.219862366
1219 [ 1.  0.  0.  0.] -1 377.563722229
1220 [ 1.  0.  0.  0.] -1 387.149189758
1221 [ 1.  0.  0.  0.] 9 486.51592865
1222 [ 1.  0.  0.  0.] -1 501.480825806
1223 [ 1.  0.  0.  0.] -1 507.028271484
1224 [ 1.  0.  0.  0.] -1 508.756930542
1225 [ 1.  0.  0.  0.] 9 399.749571228
1226 [ 1.  0.  0.  0.] -1 393.828587341
1227 [ 1.  0.  0.  0.] -1 416.399523926
1228 [ 1.  0.  0.  0.] -1 419.433998108
1229 [ 1.  0.  0.  0.] 9 369.302140808
1230 [ 1.  0.  0.  0.] 0 360.302140808
1231 [ 0.  0.  0.  1.] -2 135.841309357
1232 [ 0.  0.  0.  1.] -1 141.404660797
1233 [ 0.  0.  0.  1.] -1 147.034993744
1234 [ 0.  0.  0.  1.] -1 156.18336792
1235 [ 0.  0.  0.  1.] -1 164.944876862
1236 [ 0.  0.  0.  1.] -1 172.163708496
1237 [ 0.  0.  0.  1.] -1 196.263246918
1238 [ 0.  0.  0.  1.] -1 204.611145782
1239 [ 0.  0.  0.  1.] -1 208.6419487
1240 [ 0.  0.  0.  1.] -1 213.962853241
1241 [ 0.  0.  0.  1.] -1 221.012561798
1242 [ 0.  0.  0.  1.] -1 310.508125305
1243 [ 0.  0.  0.  1.] -1 288.988485718
1244 [ 0.  0.  0.  1.] -1 278.878123474
1245 [ 0.  0.  0.  1.] -1 262.104454041
1246 [ 0.  0.  0.  1.] -1 224.794688416
1247 [ 0.  0.  0.  1.] -1 218.699212646
1248 [ 0.  0.  0.  1.] -1 221.411878967
1249 [ 0.  0.  0.  1.] -1 215.046432495
1250 [ 0.  0.  0.  1.] -1 205.449266815
1251 [ 0.  0.  0.  1.] -1 209.416273499
1252 [ 0.  0.  0.  1.] -1 217.342807007
1253 [ 0.  0.  0.  1.] -1 216.936096954
1254 [ 0.  0.  0.  1.] 9 228.173433685
1255 [ 0.  0.  0.  1.] 0 219.173433685
1256 [ 1.  0.  0.  0.] -2 328.409292603
1257 [ 1.  0.  0.  0.] -1 329.692773437
1258 [ 1.  0.  0.  0.] 9 248.638065338
1259 [ 1.  0.  0.  0.] -1 256.925
1260 [ 1.  0.  0.  0.] -1 256.818919373
1261 [ 1.  0.  0.  0.] -1 268.635906982
1262 [ 1.  0.  0.  0.] 9 254.325468445
1263 [ 1.  0.  0.  0.] -1 254.228916931
1264 [ 1.  0.  0.  0.] -1 249.395855713
1265 [ 1.  0.  0.  0.] -1 262.529733276
1266 [ 1.  0.  0.  0.] -1 256.985360718
1267 [ 1.  0.  0.  0.] -1 244.603904724
1268 [ 1.  0.  0.  0.] -1 243.830754089
1269 [ 1.  0.  0.  0.] -1 254.691044617
1270 [ 1.  0.  0.  0.] -1 121.597502899
1271 [ 1.  0.  0.  0.] -1 122.264935303
1272 [ 1.  0.  0.  0.] -1 121.480144501
1273 [ 1.  0.  0.  0.] -1 121.946360016
1274 [ 1.  0.  0.  0.] -1 119.185632706
1275 [ 1.  0.  0.  0.] -1 117.823711395
1276 [ 1.  0.  0.  0.] -1 117.05524292
1277 [ 1.  0.  0.  0.] -1 121.089205933
1278 [ 1.  0.  0.  0.] -1 140.010551453
1279 [ 1.  0.  0.  0.] -1 144.690753937
1280 [ 1.  0.  0.  0.] -1 146.766559601
1281 [ 1.  0.  0.  0.] -1 150.75397644
1282 [ 1.  0.  0.  0.] -1 259.406428528
1283 [ 1.  0.  0.  0.] -1 254.655384827
1284 [ 1.  0.  0.  0.] -1 248.477079773
1285 [ 1.  0.  0.  0.] -1 288.618348694
1286 [ 1.  0.  0.  0.] -1 228.369234467
1287 [ 1.  0.  0.  0.] -1 242.752204895
1288 [ 1.  0.  0.  0.] -1 245.679351807
1289 [ 1.  0.  0.  0.] -1 234.058695984
1290 [ 1.  0.  0.  0.] -1 238.378154755
1291 [ 1.  0.  0.  0.] -1 240.520684814
1292 [ 1.  0.  0.  0.] -1 243.340707397
1293 [ 1.  0.  0.  0.] -1 240.763359833
1294 [ 1.  0.  0.  0.] 9 195.400173187
1295 [ 1.  0.  0.  0.] -1 195.871351624
1296 [ 1.  0.  0.  0.] -1 193.842860413
1297 [ 1.  0.  0.  0.] -1 193.575513458
1298 [ 1.  0.  0.  0.] 9 191.599071503
1299 [ 1.  0.  0.  0.] -1 172.949354553
1300 [ 1.  0.  0.  0.] -1 171.104308319
1301 [ 1.  0.  0.  0.] -1 183.61035614
1302 [ 1.  0.  0.  0.] -1 260.743032837
1303 [ 1.  0.  0.  0.] 0 261.743032837
1304 [ 0.  0.  0.  1.] -2 103.223096466
1305 [ 0.  0.  0.  1.] -1 103.478089523
1306 [ 0.  0.  0.  1.] -1 88.8114570618
1307 [ 0.  0.  0.  1.] -1 87.0628009796
1308 [ 0.  0.  0.  1.] -1 85.5400119781
1309 [ 0.  0.  0.  1.] -1 86.6325931549
1310 [ 0.  0.  0.  1.] -1 84.6225551605
1311 [ 0.  0.  0.  1.] -1 86.5021305084
1312 [ 0.  0.  0.  1.] -1 87.9034442902
1313 [ 0.  0.  0.  1.] -1 85.6241096497
1314 [ 0.  0.  0.  1.] -1 68.2124706268
1315 [ 0.  0.  0.  1.] -1 63.8254684448
1316 [ 0.  0.  0.  1.] -1 63.3664138794
1317 [ 0.  0.  0.  1.] -1 62.4325695038
1318 [ 0.  0.  0.  1.] -1 52.8664104462
1319 [ 0.  0.  0.  1.] -1 51.665527153
1320 [ 0.  0.  0.  1.] -1 52.8982686996
1321 [ 0.  0.  0.  1.] -1 52.9990945816
1322 [ 0.  0.  0.  1.] -1 57.766692543
1323 [ 0.  0.  0.  1.] -1 60.6666488647
1324 [ 0.  0.  0.  1.] -1 62.5446586609
1325 [ 0.  0.  0.  1.] -1 65.4763282776
1326 [ 0.  0.  0.  1.] -1 59.4216873169
1327 [ 0.  0.  0.  1.] 0 60.4216873169
1328 [ 1.  0.  0.  0.] -2 252.606407166
1329 [ 1.  0.  0.  0.] -1 259.347024536
1330 [ 1.  0.  0.  0.] -1 303.74099884
1331 [ 1.  0.  0.  0.] -1 312.622286987
1332 [ 1.  0.  0.  0.] -1 315.218899536
1333 [ 1.  0.  0.  0.] -1 343.693763733
1334 [ 1.  0.  0.  0.] -1 299.477073669
1335 [ 1.  0.  0.  0.] -1 313.792044067
1336 [ 1.  0.  0.  0.] -1 323.241308594
1337 [ 1.  0.  0.  0.] -1 314.509588623
1338 [ 1.  0.  0.  0.] -1 297.428897095
1339 [ 1.  0.  0.  0.] 0 298.428897095
1340 [ 0.  0.  0.  1.] -2 90.8847148895
1341 [ 0.  0.  0.  1.] -1 105.512466049
1342 [ 0.  0.  0.  1.] -1 68.464415741
1343 [ 0.  0.  0.  1.] -1 69.9653015137
1344 [ 0.  0.  0.  1.] -1 67.9810951233
1345 [ 0.  0.  0.  1.] -1 68.8519622803
1346 [ 0.  0.  0.  1.] -1 82.365580368
1347 [ 0.  0.  0.  1.] -1 82.3509395599
1348 [ 0.  0.  0.  1.] -1 86.6631069183
1349 [ 0.  0.  0.  1.] -1 85.0527050018
1350 [ 0.  0.  0.  1.] -1 93.9378128052
1351 [ 0.  0.  0.  1.] 0 94.9378128052
1352 [ 1.  0.  0.  0.] -2 337.776539612
1353 [ 1.  0.  0.  0.] -1 324.42260437
1354 [ 1.  0.  0.  0.] -1 326.666213989
1355 [ 1.  0.  0.  0.] -1 329.719880676
1356 [ 1.  0.  0.  0.] -1 332.854666138
1357 [ 1.  0.  0.  0.] -1 338.530487061
1358 [ 1.  0.  0.  0.] -1 314.285076904
1359 [ 1.  0.  0.  0.] -1 310.21713562
1360 [ 1.  0.  0.  0.] -1 311.035339355
1361 [ 1.  0.  0.  0.] -1 317.88981781
1362 [ 1.  0.  0.  0.] -1 332.184957886
1363 [ 1.  0.  0.  0.] 0 333.184957886
1364 [ 0.  1.  0.  0.] -2 54.1826623917
1365 [ 0.  1.  0.  0.] -1 52.9738718033
1366 [ 0.  1.  0.  0.] -1 53.2305389404
1367 [ 0.  1.  0.  0.] -1 60.5047954559
1368 [ 0.  1.  0.  0.] -1 62.527589798
1369 [ 0.  1.  0.  0.] -1 64.6451580048
1370 [ 0.  1.  0.  0.] -1 66.0464717865
1371 [ 0.  1.  0.  0.] -1 72.9853595734
1372 [ 0.  1.  0.  0.] -1 73.9040340424
1373 [ 0.  1.  0.  0.] -1 74.7049877167
1374 [ 0.  1.  0.  0.] -1 76.6720672607
1375 [ 0.  1.  0.  0.] 0 77.6720672607
1376 [ 1.  0.  0.  0.] -2 107.6860569
1377 [ 1.  0.  0.  0.] -1 113.457300568
1378 [ 1.  0.  0.  0.] -1 167.54865036
1379 [ 1.  0.  0.  0.] -1 177.155948639
1380 [ 1.  0.  0.  0.] -1 186.887737274
1381 [ 1.  0.  0.  0.] -1 204.239254761
1382 [ 1.  0.  0.  0.] -1 314.156556702
1383 [ 1.  0.  0.  0.] -1 324.57121582
1384 [ 1.  0.  0.  0.] -1 324.890124512
1385 [ 1.  0.  0.  0.] -1 326.849760437
1386 [ 1.  0.  0.  0.] -1 329.606204224
1387 [ 1.  0.  0.  0.] 0 330.606204224
1388 [ 0.  1.  0.  0.] -2 91.4132987976
1389 [ 0.  1.  0.  0.] -1 92.0834457397
1390 [ 0.  1.  0.  0.] 9 102.50427475
1391 [ 0.  1.  0.  0.] -1 97.4141349792
1392 [ 0.  1.  0.  0.] -1 99.0277694702
1393 [ 0.  1.  0.  0.] -1 99.6783069611
1394 [ 0.  1.  0.  0.] 9 109.429927826
1395 [ 0.  1.  0.  0.] -1 102.106267548
1396 [ 0.  1.  0.  0.] -1 103.460861206
1397 [ 0.  1.  0.  0.] -1 104.421298218
1398 [ 0.  1.  0.  0.] 9 114.426828384
1399 [ 0.  1.  0.  0.] -1 110.267532349
1400 [ 0.  1.  0.  0.] -1 111.735324097
1401 [ 0.  1.  0.  0.] -1 112.061705399
1402 [ 0.  1.  0.  0.] 9 121.623720551
1403 [ 0.  1.  0.  0.] -1 112.79892807
1404 [ 0.  1.  0.  0.] -1 113.585596085
1405 [ 0.  1.  0.  0.] -1 114.246505356
1406 [ 0.  1.  0.  0.] 9 124.803095245
1407 [ 0.  1.  0.  0.] -1 118.866173172
1408 [ 0.  1.  0.  0.] -1 123.760312653
1409 [ 0.  1.  0.  0.] -1 126.23346405
1410 [ 0.  1.  0.  0.] 9 130.444249344
1411 [ 0.  1.  0.  0.] -1 135.34172821
1412 [ 0.  1.  0.  0.] -1 139.340234375
1413 [ 0.  1.  0.  0.] -1 143.971078491
1414 [ 0.  1.  0.  0.] 9 161.463432312
1415 [ 0.  1.  0.  0.] -1 191.554936981
1416 [ 0.  1.  0.  0.] -1 204.509341431
1417 [ 0.  1.  0.  0.] -1 209.796035767
1418 [ 0.  1.  0.  0.] 9 216.219909668
1419 [ 0.  1.  0.  0.] 0 207.219909668
1420 [ 0.  0.  1.  0.] -2 137.264019012
1421 [ 0.  0.  1.  0.] -1 140.483478546
1422 [ 0.  0.  1.  0.] 9 153.829178619
1423 [ 0.  0.  1.  0.] -1 117.465439224
1424 [ 0.  0.  1.  0.] -1 117.223126602
1425 [ 0.  0.  1.  0.] -1 116.814684296
1426 [ 0.  0.  1.  0.] 49 360.27532196
1427 [ 0.  0.  1.  0.] -1 276.760424805
1428 [ 0.  0.  1.  0.] -1 273.838525391
1429 [ 0.  0.  1.  0.] -1 281.722325134
1430 [ 0.  0.  1.  0.] 9 299.216969299
1431 [ 0.  0.  1.  0.] -1 252.972387695
1432 [ 0.  0.  1.  0.] -1 249.89384613
1433 [ 0.  0.  1.  0.] -1 250.378761292
1434 [ 0.  0.  1.  0.] 9 275.862184143
1435 [ 0.  0.  1.  0.] -1 239.367438507
1436 [ 0.  0.  1.  0.] -1 236.840203094
1437 [ 0.  0.  1.  0.] -1 248.795901489
1438 [ 0.  0.  1.  0.] 9 270.75639801
1439 [ 0.  0.  1.  0.] -1 141.516829681
1440 [ 0.  0.  1.  0.] -1 138.157619476
1441 [ 0.  0.  1.  0.] -1 138.24342041
1442 [ 0.  0.  1.  0.] 9 156.730653381
1443 [ 0.  0.  1.  0.] 0 147.730653381
1444 [ 0.  0.  0.  1.] -2 138.56391983
1445 [ 0.  0.  0.  1.] -1 135.673059845
1446 [ 0.  0.  0.  1.] 9 133.760834503
1447 [ 0.  0.  0.  1.] -1 121.496437836
1448 [ 0.  0.  0.  1.] -1 119.39552536
1449 [ 0.  0.  0.  1.] -1 117.298055649
1450 [ 0.  0.  0.  1.] -1 111.724401474
1451 [ 0.  0.  0.  1.] 0 112.724401474
1452 [ 0.  0.  1.  0.] -2 96.1919933319
1453 [ 0.  0.  1.  0.] -1 99.0603271484
1454 [ 0.  0.  1.  0.] -1 101.296580124
1455 [ 0.  0.  1.  0.] -1 104.078065491
1456 [ 0.  0.  1.  0.] -1 102.712244797
1457 [ 0.  0.  1.  0.] -1 103.179453278
1458 [ 0.  0.  1.  0.] -1 108.747888947
1459 [ 0.  0.  1.  0.] -1 95.3231086731
1460 [ 0.  0.  1.  0.] -1 95.4551223755
1461 [ 0.  0.  1.  0.] -1 95.3203834534
1462 [ 0.  0.  1.  0.] -1 99.5142356873
1463 [ 0.  0.  1.  0.] -1 89.4997272491
1464 [ 0.  0.  1.  0.] -1 87.6657123566
1465 [ 0.  0.  1.  0.] -1 87.9979427338
1466 [ 0.  0.  1.  0.] -1 96.4645988464
1467 [ 0.  0.  1.  0.] -1 92.6054050446
1468 [ 0.  0.  1.  0.] -1 90.6748767853
1469 [ 0.  0.  1.  0.] -1 91.6332553864
1470 [ 0.  0.  1.  0.] -1 95.8442272186
1471 [ 0.  0.  1.  0.] -1 79.3222709656
1472 [ 0.  0.  1.  0.] -1 79.562909317
1473 [ 0.  0.  1.  0.] -1 80.5082271576
1474 [ 0.  0.  1.  0.] -1 86.3872291565
1475 [ 0.  0.  1.  0.] 0 87.3872291565
1476 [ 0.  1.  0.  0.] -2 119.85908432
1477 [ 0.  1.  0.  0.] -1 121.628842926
1478 [ 0.  1.  0.  0.] -1 124.566267395
1479 [ 0.  1.  0.  0.] -1 155.098455048
1480 [ 0.  1.  0.  0.] -1 171.076751709
1481 [ 0.  1.  0.  0.] -1 188.662145233
1482 [ 0.  1.  0.  0.] -1 190.609880066
1483 [ 0.  1.  0.  0.] -1 236.161855316
1484 [ 0.  1.  0.  0.] -1 263.059237671
1485 [ 0.  1.  0.  0.] -1 295.048678589
1486 [ 0.  1.  0.  0.] -1 330.694697571
1487 [ 0.  1.  0.  0.] -1 352.238690186
1488 [ 0.  1.  0.  0.] -1 298.658029175
1489 [ 0.  1.  0.  0.] -1 288.754058838
1490 [ 0.  1.  0.  0.] -1 291.571008301
1491 [ 0.  1.  0.  0.] -1 282.920407104
1492 [ 0.  1.  0.  0.] -1 219.807115936
1493 [ 0.  1.  0.  0.] -1 207.529203796
1494 [ 0.  1.  0.  0.] -1 209.860150909
1495 [ 0.  1.  0.  0.] -1 198.539399719
1496 [ 0.  1.  0.  0.] -1 214.055771637
1497 [ 0.  1.  0.  0.] -1 194.447380829
1498 [ 0.  1.  0.  0.] -1 201.152349091
1499 [ 0.  1.  0.  0.] -1 199.534307861
1500 [ 0.  1.  0.  0.] 0 200.534307861
1501 [ 1.  0.  0.  0.] -2 828.60847168
1502 [ 1.  0.  0.  0.] -1 794.43527832
1503 [ 1.  0.  0.  0.] 9 554.156549072
1504 [ 1.  0.  0.  0.] -1 570.090609741
1505 [ 1.  0.  0.  0.] -1 571.772650146
1506 [ 1.  0.  0.  0.] -1 564.192886353
1507 [ 1.  0.  0.  0.] 9 545.886724854
1508 [ 1.  0.  0.  0.] -1 552.979476929
1509 [ 1.  0.  0.  0.] -1 557.839239502
1510 [ 1.  0.  0.  0.] -1 577.20279541
1511 [ 1.  0.  0.  0.] 9 651.731069946
1512 [ 1.  0.  0.  0.] 0 642.731069946
1513 [ 0.  1.  0.  0.] -2 248.376141357
1514 [ 0.  1.  0.  0.] -1 243.528631592
1515 [ 0.  1.  0.  0.] 9 263.960308838
1516 [ 0.  1.  0.  0.] -1 238.679943848
1517 [ 0.  1.  0.  0.] -1 235.139071655
1518 [ 0.  1.  0.  0.] -1 230.88036499
1519 [ 0.  1.  0.  0.] 9 240.38573761
1520 [ 0.  1.  0.  0.] -1 145.132254028
1521 [ 0.  1.  0.  0.] -1 144.782440186
1522 [ 0.  1.  0.  0.] -1 143.221773529
1523 [ 0.  1.  0.  0.] 9 156.6771492
1524 [ 0.  1.  0.  0.] -1 127.392218781
1525 [ 0.  1.  0.  0.] -1 129.290044403
1526 [ 0.  1.  0.  0.] -1 125.386399078
1527 [ 0.  1.  0.  0.] 9 140.287213898
1528 [ 0.  1.  0.  0.] -1 113.424873352
1529 [ 0.  1.  0.  0.] -1 107.198478317
1530 [ 0.  1.  0.  0.] -1 110.943089676
1531 [ 0.  1.  0.  0.] 9 124.727173233
1532 [ 0.  1.  0.  0.] -1 131.204627228
1533 [ 0.  1.  0.  0.] -1 124.329782104
1534 [ 0.  1.  0.  0.] -1 127.612106323
1535 [ 0.  1.  0.  0.] -1 124.201348877
1536 [ 0.  1.  0.  0.] -1 80.3916007996
1537 [ 0.  1.  0.  0.] -1 82.0443813324
1538 [ 0.  1.  0.  0.] -1 82.9151397705
1539 [ 0.  1.  0.  0.] -1 77.5199802399
1540 [ 0.  1.  0.  0.] -1 94.4551696777
1541 [ 0.  1.  0.  0.] -1 99.600333786
1542 [ 0.  1.  0.  0.] -1 105.821343613
1543 [ 0.  1.  0.  0.] -1 109.583190536
1544 [ 0.  1.  0.  0.] -1 131.947698975
1545 [ 0.  1.  0.  0.] -1 138.481558228
1546 [ 0.  1.  0.  0.] -1 138.061584473
1547 [ 0.  1.  0.  0.] -1 128.675623322
1548 [ 0.  1.  0.  0.] 0 129.675623322
1549 [ 0.  0.  1.  0.] -2 39.6091838837
1550 [ 0.  0.  1.  0.] -1 39.5362337112
1551 [ 0.  0.  1.  0.] -1 47.2006967545
1552 [ 0.  0.  1.  0.] -1 39.8618322372
1553 [ 0.  0.  1.  0.] -1 39.9456218719
1554 [ 0.  0.  1.  0.] -1 39.5883716583
1555 [ 0.  0.  1.  0.] -1 42.1045213699
1556 [ 0.  0.  1.  0.] -1 22.0657977104
1557 [ 0.  0.  1.  0.] -1 22.61023283
1558 [ 0.  0.  1.  0.] -1 23.6589858055
1559 [ 0.  0.  1.  0.] -1 26.0489654541
1560 [ 0.  0.  1.  0.] 0 27.0489654541
1561 [ 0.  0.  0.  1.] -2 31.3967777252
1562 [ 0.  0.  0.  1.] -1 33.9739479065
1563 [ 0.  0.  0.  1.] -1 27.7645637512
1564 [ 0.  0.  0.  1.] -1 28.3292459488
1565 [ 0.  0.  0.  1.] -1 27.0374899864
1566 [ 0.  0.  0.  1.] -1 26.0363812447
1567 [ 0.  0.  0.  1.] -1 29.3818584442
1568 [ 0.  0.  0.  1.] -1 31.0045310974
1569 [ 0.  0.  0.  1.] -1 34.056211853
1570 [ 0.  0.  0.  1.] -1 33.7041330338
1571 [ 0.  0.  0.  1.] -1 31.1910129547
1572 [ 0.  0.  0.  1.] 0 32.1910129547
1573 [ 0.  0.  1.  0.] -2 34.0847902298
1574 [ 0.  0.  1.  0.] -1 34.1041133881
1575 [ 0.  0.  1.  0.] -1 41.0996400833
1576 [ 0.  0.  1.  0.] -1 54.1811115265
1577 [ 0.  0.  1.  0.] -1 50.2717149734
1578 [ 0.  0.  1.  0.] -1 49.5919610977
1579 [ 0.  0.  1.  0.] -1 62.0364269257
1580 [ 0.  0.  1.  0.] -1 66.1075210571
1581 [ 0.  0.  1.  0.] -1 64.5929946899
1582 [ 0.  0.  1.  0.] -1 62.458864975
1583 [ 0.  0.  1.  0.] -1 67.6911636353
1584 [ 0.  0.  1.  0.] -1 63.9139873505
1585 [ 0.  0.  1.  0.] -1 63.7551563263
1586 [ 0.  0.  1.  0.] -1 64.4083030701
1587 [ 0.  0.  1.  0.] -1 73.2788860321
1588 [ 0.  0.  1.  0.] -1 77.4683822632
1589 [ 0.  0.  1.  0.] -1 76.7326889038
1590 [ 0.  0.  1.  0.] -1 76.4743293762
1591 [ 0.  0.  1.  0.] -1 93.7674430847
1592 [ 0.  0.  1.  0.] -1 86.5976364136
1593 [ 0.  0.  1.  0.] -1 83.6933712006
1594 [ 0.  0.  1.  0.] -1 83.5858047485
1595 [ 0.  0.  1.  0.] -1 106.449137115
1596 [ 0.  0.  1.  0.] 0 107.449137115
1597 [ 0.  1.  0.  0.] -2 538.071057129
1598 [ 0.  1.  0.  0.] -1 579.152429199
1599 [ 0.  1.  0.  0.] -1 588.57038269
1600 [ 0.  1.  0.  0.] -1 755.278277588
1601 [ 0.  1.  0.  0.] -1 862.814984131
1602 [ 0.  1.  0.  0.] -1 937.522302246
1603 [ 0.  1.  0.  0.] -1 988.738690186
1604 [ 0.  1.  0.  0.] -1 1381.70574951
1605 [ 0.  1.  0.  0.] -1 1471.34576416
1606 [ 0.  1.  0.  0.] -1 1555.07877808
1607 [ 0.  1.  0.  0.] -1 1606.52489624
1608 [ 0.  1.  0.  0.] -1 1756.07973633
1609 [ 0.  1.  0.  0.] -1 1759.531604
1610 [ 0.  1.  0.  0.] -1 1774.90949707
1611 [ 0.  1.  0.  0.] 2999 3038.51949844
1612 [ 0.  1.  0.  0.] -1 41.2955514908
1613 [ 0.  1.  0.  0.] -1 42.8257986069
1614 [ 0.  1.  0.  0.] -1 43.1947977066
1615 [ 0.  1.  0.  0.] -1 42.6138475418
1616 [ 0.  1.  0.  0.] -1 48.4017793655
1617 [ 0.  1.  0.  0.] -1 49.0358133316
1618 [ 0.  1.  0.  0.] -1 48.6235912323
1619 [ 0.  1.  0.  0.] -1 48.4927879333
1620 [ 0.  1.  0.  0.] -1 49.1945392609
1621 [ 0.  1.  0.  0.] -1 49.310292244
1622 [ 0.  1.  0.  0.] -1 49.1213497162
1623 [ 0.  1.  0.  0.] -1 47.8704158783
1624 [ 0.  1.  0.  0.] -1 49.0188966751
1625 [ 0.  1.  0.  0.] -1 48.620050621
1626 [ 0.  1.  0.  0.] -1 48.6440086365
1627 [ 0.  1.  0.  0.] -1 47.9649723053
1628 [ 0.  1.  0.  0.] -1 47.1441738129
1629 [ 0.  1.  0.  0.] -1 46.7766641617
1630 [ 0.  1.  0.  0.] -1 46.9195207596
1631 [ 0.  1.  0.  0.] -1 46.0223146439
1632 [ 0.  1.  0.  0.] 0 47.0223146439
1633 [ 1.  0.  0.  0.] -2 46.5481695175
1634 [ 1.  0.  0.  0.] -1 47.1229228973
1635 [ 1.  0.  0.  0.] -1 30.5910297394
1636 [ 1.  0.  0.  0.] -1 30.9658344269
1637 [ 1.  0.  0.  0.] -1 30.3911029816
1638 [ 1.  0.  0.  0.] -1 30.1322252274
1639 [ 1.  0.  0.  0.] -1 29.4008806229
1640 [ 1.  0.  0.  0.] -1 28.6829356194
1641 [ 1.  0.  0.  0.] -1 28.6823630333
1642 [ 1.  0.  0.  0.] -1 28.8858920097
1643 [ 1.  0.  0.  0.] -1 29.9739377975
1644 [ 1.  0.  0.  0.] 0 30.9739377975
1645 [ 0.  1.  0.  0.] -2 26.1266267776
1646 [ 0.  1.  0.  0.] -1 26.7778946877
1647 [ 0.  1.  0.  0.] -1 28.3217425346
1648 [ 0.  1.  0.  0.] -1 33.8536468506
1649 [ 0.  1.  0.  0.] -1 33.3250520706
1650 [ 0.  1.  0.  0.] -1 63.6055301666
1651 [ 0.  1.  0.  0.] -1 68.3245670319
1652 [ 0.  1.  0.  0.] -1 63.47084198
1653 [ 0.  1.  0.  0.] -1 59.3135047913
1654 [ 0.  1.  0.  0.] -1 59.2847269058
1655 [ 0.  1.  0.  0.] -1 58.8416250229
1656 [ 0.  1.  0.  0.] 0 59.8416250229
1657 [ 1.  0.  0.  0.] -2 75.4260292053
1658 [ 1.  0.  0.  0.] -1 77.9121147156
1659 [ 1.  0.  0.  0.] -1 75.5473560333
1660 [ 1.  0.  0.  0.] -1 73.1453575134
1661 [ 1.  0.  0.  0.] -1 74.9657608032
1662 [ 1.  0.  0.  0.] -1 74.7690593719
1663 [ 1.  0.  0.  0.] -1 54.5496032715
1664 [ 1.  0.  0.  0.] -1 53.1312641144
1665 [ 1.  0.  0.  0.] -1 53.3556453705
1666 [ 1.  0.  0.  0.] -1 50.9227888107
1667 [ 1.  0.  0.  0.] -1 48.7149513245
1668 [ 1.  0.  0.  0.] 0 49.7149513245
1669 [ 0.  1.  0.  0.] -2 48.1410205841
1670 [ 0.  1.  0.  0.] -1 48.2696750641
1671 [ 0.  1.  0.  0.] -1 44.8942440033
1672 [ 0.  1.  0.  0.] -1 47.9667770386
1673 [ 0.  1.  0.  0.] -1 46.8260261536
1674 [ 0.  1.  0.  0.] -1 51.0098363876
1675 [ 0.  1.  0.  0.] -1 49.3935926437
1676 [ 0.  1.  0.  0.] -1 55.8097818375
1677 [ 0.  1.  0.  0.] -1 54.7249414444
1678 [ 0.  1.  0.  0.] -1 56.020631218
1679 [ 0.  1.  0.  0.] -1 53.2776250839
1680 [ 0.  1.  0.  0.] -1 51.3328401566
1681 [ 0.  1.  0.  0.] -1 52.2827749252
1682 [ 0.  1.  0.  0.] -1 52.5438922882
1683 [ 0.  1.  0.  0.] -1 53.7855451584
1684 [ 0.  1.  0.  0.] -1 62.5296916962
1685 [ 0.  1.  0.  0.] -1 66.6196376801
1686 [ 0.  1.  0.  0.] -1 70.9552230835
1687 [ 0.  1.  0.  0.] -1 71.4301216125
1688 [ 0.  1.  0.  0.] -1 80.3222671509
1689 [ 0.  1.  0.  0.] -1 83.2210746765
1690 [ 0.  1.  0.  0.] -1 86.6631504059
1691 [ 0.  1.  0.  0.] -1 89.8566295624
1692 [ 0.  1.  0.  0.] -1 52.6945331573
1693 [ 0.  1.  0.  0.] -1 43.8075119019
1694 [ 0.  1.  0.  0.] -1 41.0422111511
1695 [ 0.  1.  0.  0.] -1 40.4089418411
1696 [ 0.  1.  0.  0.] -1 37.9146518707
1697 [ 0.  1.  0.  0.] -1 29.3507304192
1698 [ 0.  1.  0.  0.] -1 29.0353170395
1699 [ 0.  1.  0.  0.] -1 28.8328897476
1700 [ 0.  1.  0.  0.] -1 28.7282152176
1701 [ 0.  1.  0.  0.] -1 30.1025268555
1702 [ 0.  1.  0.  0.] -1 29.7673248291
1703 [ 0.  1.  0.  0.] -1 30.1326528549
1704 [ 0.  1.  0.  0.] -1 30.4525110245
1705 [ 0.  1.  0.  0.] 0 31.4525110245
1706 [ 0.  0.  1.  0.] -2 30.5883876801
1707 [ 0.  0.  1.  0.] -1 31.9836315155
1708 [ 0.  0.  1.  0.] 9 41.1115467072
1709 [ 0.  0.  1.  0.] -1 30.2000513077
1710 [ 0.  0.  1.  0.] -1 30.724757576
1711 [ 0.  0.  1.  0.] -1 31.283905983
1712 [ 0.  0.  1.  0.] 9 39.2703527451
1713 [ 0.  0.  1.  0.] -1 28.0240122795
1714 [ 0.  0.  1.  0.] -1 28.4398293495
1715 [ 0.  0.  1.  0.] -1 28.4416775703
1716 [ 0.  0.  1.  0.] 9 37.5514475822
1717 [ 0.  0.  1.  0.] -1 28.9298289299
1718 [ 0.  0.  1.  0.] -1 29.1087928772
1719 [ 0.  0.  1.  0.] -1 28.9838332176
1720 [ 0.  0.  1.  0.] 9 36.9049145699
1721 [ 0.  0.  1.  0.] -1 26.0050810814
1722 [ 0.  0.  1.  0.] -1 25.9737555504
1723 [ 0.  0.  1.  0.] -1 25.7503364563
1724 [ 0.  0.  1.  0.] 9 34.1208761215
1725 [ 0.  0.  1.  0.] -1 30.7397535324
1726 [ 0.  0.  1.  0.] -1 30.6548803329
1727 [ 0.  0.  1.  0.] -1 31.2428283691
1728 [ 0.  0.  1.  0.] 9 41.1250242233
1729 [ 0.  0.  1.  0.] 0 32.1250242233
1730 [ 0.  1.  0.  0.] -2 32.3585012436
1731 [ 0.  1.  0.  0.] -1 31.8532196045
1732 [ 0.  1.  0.  0.] -1 32.9145296097
1733 [ 0.  1.  0.  0.] -1 35.2719787598
1734 [ 0.  1.  0.  0.] -1 38.5109531403
1735 [ 0.  1.  0.  0.] -1 41.4411659241
1736 [ 0.  1.  0.  0.] -1 44.4794670105
1737 [ 0.  1.  0.  0.] -1 48.0573217392
1738 [ 0.  1.  0.  0.] -1 49.3762845993
1739 [ 0.  1.  0.  0.] -1 51.488750267
1740 [ 0.  1.  0.  0.] -1 53.6744670868
1741 [ 0.  1.  0.  0.] -1 51.7859767914
1742 [ 0.  1.  0.  0.] -1 52.9115831375
1743 [ 0.  1.  0.  0.] -1 54.4100952148
1744 [ 0.  1.  0.  0.] -1 55.6277393341
1745 [ 0.  1.  0.  0.] -1 59.4931591034
1746 [ 0.  1.  0.  0.] -1 60.26459198
1747 [ 0.  1.  0.  0.] -1 63.6012828827
1748 [ 0.  1.  0.  0.] -1 66.9265800476
1749 [ 0.  1.  0.  0.] -1 73.656256485
1750 [ 0.  1.  0.  0.] -1 74.006432724
1751 [ 0.  1.  0.  0.] -1 79.8346847534
1752 [ 0.  1.  0.  0.] -1 81.4683017731
1753 [ 0.  1.  0.  0.] -1 86.9289608002
1754 [ 0.  1.  0.  0.] -1 91.6054595947
1755 [ 0.  1.  0.  0.] -1 91.8474243164
1756 [ 0.  1.  0.  0.] -1 91.4978713989
1757 [ 0.  1.  0.  0.] -1 78.3726043701
1758 [ 0.  1.  0.  0.] -1 78.8809013367
1759 [ 0.  1.  0.  0.] -1 80.8669269562
1760 [ 0.  1.  0.  0.] -1 81.4550888062
1761 [ 0.  1.  0.  0.] -1 85.5256320953
1762 [ 0.  1.  0.  0.] -1 87.3845870972
1763 [ 0.  1.  0.  0.] -1 85.8766853333
1764 [ 0.  1.  0.  0.] -1 81.3888790131
1765 [ 0.  1.  0.  0.] -1 54.9064258575
1766 [ 0.  1.  0.  0.] -1 53.2884897232
1767 [ 0.  1.  0.  0.] -1 50.5409645081
1768 [ 0.  1.  0.  0.] -101 -101
