0 [ 0.  1.  0.  0.] -1 -1.00133373816
1 [ 0.  1.  0.  0.] -1 -1.00133377067
2 [ 0.  1.  0.  0.] -1 -1.00133371869
3 [ 0.  1.  0.  0.] -1 -1.00133370564
4 [ 0.  1.  0.  0.] -1 -1.00133373705
5 [ 0.  1.  0.  0.] 9 8.99866627179
6 [ 0.  1.  0.  0.] 0 -0.00133372820565
7 [ 1.  0.  0.  0.] -2 -2.00133374568
8 [ 1.  0.  0.  0.] -1 -1.00133374944
9 [ 1.  0.  0.  0.] 9 8.99866626848
10 [ 1.  0.  0.  0.] -1 -1.00133372942
11 [ 1.  0.  0.  0.] -1 -1.00133371693
12 [ 1.  0.  0.  0.] -1 -1.00133372245
13 [ 1.  0.  0.  0.] 9 8.9986662353
14 [ 1.  0.  0.  0.] -1 -1.0013337302
15 [ 1.  0.  0.  0.] -1 -1.00133374479
16 [ 1.  0.  0.  0.] -1 -1.00133374325
17 [ 1.  0.  0.  0.] 9 8.99866622711
18 [ 1.  0.  0.  0.] 0 -0.00133377288585
19 [ 0.  1.  0.  0.] -2 -2.00133374833
20 [ 0.  1.  0.  0.] -1 -1.00133374546
21 [ 0.  1.  0.  0.] 9 8.99866626693
22 [ 0.  1.  0.  0.] -1 -1.00133377211
23 [ 0.  1.  0.  0.] -1 -1.00133376514
24 [ 0.  1.  0.  0.] -1 -1.00133376072
25 [ 0.  1.  0.  0.] 9 8.99866622291
26 [ 0.  1.  0.  0.] -1 -1.00133374601
27 [ 0.  1.  0.  0.] -1 -1.00133373993
28 [ 0.  1.  0.  0.] -1 -1.00133375176
29 [ 0.  1.  0.  0.] 9 8.99866621462
30 [ 0.  1.  0.  0.] 0 -0.00133378538303
31 [ 1.  0.  0.  0.] -2 -2.00133375895
32 [ 1.  0.  0.  0.] -1 -1.00133379766
33 [ 1.  0.  0.  0.] 9 8.99866622523
34 [ 1.  0.  0.  0.] -1 -1.00133378638
35 [ 1.  0.  0.  0.] -1 -1.00133377786
36 [ 1.  0.  0.  0.] -1 -1.00133377266
37 [ 1.  0.  0.  0.] 9 8.99866620079
38 [ 1.  0.  0.  0.] -1 -1.00133379545
39 [ 1.  0.  0.  0.] -1 -1.00133381137
40 [ 1.  0.  0.  0.] -1 -1.00133379523
41 [ 1.  0.  0.  0.] 9 8.99866620444
42 [ 1.  0.  0.  0.] 0 -0.00133379555773
43 [ 0.  0.  0.  1.] -2 -2.00133378395
44 [ 0.  0.  0.  1.] -1 -1.00133377753
45 [ 0.  0.  0.  1.] 9 8.99866618354
46 [ 0.  0.  0.  1.] -1 -1.00133377488
47 [ 0.  0.  0.  1.] -1 -1.00133377797
48 [ 0.  0.  0.  1.] -1 -1.00133380518
49 [ 0.  0.  0.  1.] 9 8.99866618177
50 [ 0.  0.  0.  1.] -1 -1.00133379556
51 [ 0.  0.  0.  1.] -1 -1.0013338085
52 [ 0.  0.  0.  1.] -1 -1.00133381381
53 [ 0.  0.  0.  1.] 9 8.99866622424
54 [ 0.  0.  0.  1.] -1 -1.00133378041
55 [ 0.  0.  0.  1.] -1 -1.0013337793
56 [ 0.  0.  0.  1.] -1 -1.00133378195
57 [ 0.  0.  0.  1.] 9 8.99866623685
58 [ 0.  0.  0.  1.] -1 -1.00133378328
59 [ 0.  0.  0.  1.] -1 -1.00133377233
60 [ 0.  0.  0.  1.] -1 -1.00133377399
61 [ 0.  0.  0.  1.] 9 8.99866622557
62 [ 0.  0.  0.  1.] -1 -1.00133378052
63 [ 0.  0.  0.  1.] -1 -1.00133376946
64 [ 0.  0.  0.  1.] -1 -1.00133377178
65 [ 0.  0.  0.  1.] 9 8.99866623519
66 [ 0.  0.  0.  1.] -1 -1.00133378096
67 [ 0.  0.  0.  1.] -1 -1.00133376913
68 [ 0.  0.  0.  1.] -1 -1.00133377023
69 [ 0.  0.  0.  1.] 9 8.99866623043
70 [ 0.  0.  0.  1.] -1 -1.00133377875
71 [ 0.  0.  0.  1.] -1 -1.00133375862
72 [ 0.  0.  0.  1.] -1 -1.00133377687
73 [ 0.  0.  0.  1.] 9 8.9986662103
74 [ 0.  0.  0.  1.] -1 -1.00133378571
75 [ 0.  0.  0.  1.] -1 -1.00133379069
76 [ 0.  0.  0.  1.] -1 -1.00133380706
77 [ 0.  0.  0.  1.] 9 8.99866624127
78 [ 0.  0.  0.  1.] -1 -1.0013337762
79 [ 0.  0.  0.  1.] -1 -1.00133376647
80 [ 0.  0.  0.  1.] -1 -1.00133375773
81 [ 0.  0.  0.  1.] 9 8.99866620555
82 [ 0.  0.  0.  1.] -1 -1.00133382686
83 [ 0.  0.  0.  1.] -1 -1.00133383416
84 [ 0.  0.  0.  1.] -1 -1.00133379688
85 [ 0.  0.  0.  1.] 9 8.99866614317
86 [ 0.  0.  0.  1.] -1 -1.00133386092
87 [ 0.  0.  0.  1.] -1 -1.001333843
88 [ 0.  0.  0.  1.] -1 -1.00133382464
89 [ 0.  0.  0.  1.] 9 8.99866619637
90 [ 0.  0.  0.  1.] -1 -1.00133382243
91 [ 0.  0.  0.  1.] -1 -1.0013338304
92 [ 0.  0.  0.  1.] -1 -1.00133383725
93 [ 0.  0.  0.  1.] 9 8.99866622689
94 [ 0.  0.  0.  1.] -1 -1.00133373772
95 [ 0.  0.  0.  1.] -1 -1.00133373573
96 [ 0.  0.  0.  1.] -1 -1.00133378538
97 [ 0.  0.  0.  1.] 9 8.99866617425
98 [ 0.  0.  0.  1.] -1 -1.00133379921
99 [ 0.  0.  0.  1.] -1 -1.00133375696
100 [ 0.  0.  0.  1.] -1 -1.00133376293
101 [ 0.  0.  0.  1.] 9 8.99866630265
102 [ 0.  0.  0.  1.] -1 -1.0013336676
103 [ 0.  0.  0.  1.] -1 -1.0013336457
104 [ 0.  0.  0.  1.] -1 -1.00133366627
105 [ 0.  0.  0.  1.] 9 8.99866630718
106 [ 0.  0.  0.  1.] -1 -1.00133369182
107 [ 0.  0.  0.  1.] -1 -1.00133365123
108 [ 0.  0.  0.  1.] -1 -1.0013336749
109 [ 0.  0.  0.  1.] 9 8.99866633063
110 [ 0.  0.  0.  1.] 0 -0.00133366936934
111 [ 0.  0.  1.  0.] -2 -2.00133361075
112 [ 0.  0.  1.  0.] -1 -1.00133365024
113 [ 0.  0.  1.  0.] 9 8.99866633528
114 [ 0.  0.  1.  0.] -1 -1.00133370188
115 [ 0.  0.  1.  0.] -1 -1.00133369481
116 [ 0.  0.  1.  0.] -1 -1.00133374181
117 [ 0.  0.  1.  0.] 49 48.9986663409
118 [ 0.  0.  1.  0.] -1 -1.00133364626
119 [ 0.  0.  1.  0.] -1 -1.00133363719
120 [ 0.  0.  1.  0.] -1 -1.00133362391
121 [ 0.  0.  1.  0.] 9 8.99866636082
122 [ 0.  0.  1.  0.] -1 -1.00133362159
123 [ 0.  0.  1.  0.] -1 -1.00133366229
124 [ 0.  0.  1.  0.] -1 -1.00133363221
125 [ 0.  0.  1.  0.] 9 8.9986663167
126 [ 0.  0.  1.  0.] -1 -1.00133366506
127 [ 0.  0.  1.  0.] -1 -1.00133368275
128 [ 0.  0.  1.  0.] -1 -1.00133370786
129 [ 0.  0.  1.  0.] 9 8.99866627002
130 [ 0.  0.  1.  0.] -1 -1.00133377709
131 [ 0.  0.  1.  0.] -1 -1.00133373528
132 [ 0.  0.  1.  0.] -1 -1.00133377753
133 [ 0.  0.  1.  0.] 9 8.99866622689
134 [ 0.  0.  1.  0.] 0 -0.00133377310704
135 [ 0.  1.  0.  0.] -2 -2.0013337918
136 [ 0.  1.  0.  0.] -1 -1.00133384632
137 [ 0.  1.  0.  0.] 9 8.99866618232
138 [ 0.  1.  0.  0.] -1 -1.00133382398
139 [ 0.  1.  0.  0.] -1 -1.00133379865
140 [ 0.  1.  0.  0.] -1 -1.00133381723
141 [ 0.  1.  0.  0.] 9 8.99866618675
142 [ 0.  1.  0.  0.] 0 -0.00133381325286
143 [ 0.  0.  1.  0.] -2 -2.00133378804
144 [ 0.  0.  1.  0.] -1 -1.00133375829
145 [ 0.  0.  1.  0.] 9 8.9986661779
146 [ 0.  0.  1.  0.] -1 -1.00133373351
147 [ 0.  0.  1.  0.] -1 -1.00133368408
148 [ 0.  0.  1.  0.] -1 -1.00133373318
149 [ 0.  0.  1.  0.] 9 8.99866629657
150 [ 0.  0.  1.  0.] -1 -1.00133376426
151 [ 0.  0.  1.  0.] -1 -1.00133373418
152 [ 0.  0.  1.  0.] -1 -1.00133372024
153 [ 0.  0.  1.  0.] 9 8.99866628307
154 [ 0.  0.  1.  0.] -1 -1.00133375154
155 [ 0.  0.  1.  0.] -1 -1.00133376957
156 [ 0.  0.  1.  0.] -1 -1.0013337135
157 [ 0.  0.  1.  0.] 9 8.9986662291
158 [ 0.  0.  1.  0.] -1 -1.00133376935
159 [ 0.  0.  1.  0.] -1 -1.00133375829
160 [ 0.  0.  1.  0.] -1 -1.00133372113
161 [ 0.  0.  1.  0.] 9 8.99866623176
162 [ 0.  0.  1.  0.] -1 -1.00133379213
163 [ 0.  0.  1.  0.] -1 -1.00133382055
164 [ 0.  0.  1.  0.] -1 -1.00133378107
165 [ 0.  0.  1.  0.] 9 8.99866615899
166 [ 0.  0.  1.  0.] -1 -1.0013338701
167 [ 0.  0.  1.  0.] -1 -1.00133387441
168 [ 0.  0.  1.  0.] -1 -1.00133382442
169 [ 0.  0.  1.  0.] 9 8.99866611387
170 [ 0.  0.  1.  0.] -1 -1.00133379346
171 [ 0.  0.  1.  0.] -1 -1.0013338242
172 [ 0.  0.  1.  0.] -1 -1.00133382099
173 [ 0.  0.  1.  0.] 9 8.99866619947
174 [ 0.  0.  1.  0.] -1 -1.00133378549
175 [ 0.  0.  1.  0.] -1 -1.00133382464
176 [ 0.  0.  1.  0.] -1 -1.00133380651
177 [ 0.  0.  1.  0.] 9 8.99866619537
178 [ 0.  0.  1.  0.] -1 -1.0013337845
179 [ 0.  0.  1.  0.] -1 -1.00133382597
180 [ 0.  0.  1.  0.] -1 -1.00133379688
181 [ 0.  0.  1.  0.] 9 8.99866618575
182 [ 0.  0.  1.  0.] -1 -1.0013337939
183 [ 0.  0.  1.  0.] -1 -1.00133383515
184 [ 0.  0.  1.  0.] -1 -1.00133384964
185 [ 0.  0.  1.  0.] 9 8.99866612316
186 [ 0.  0.  1.  0.] -1 -1.00133373893
187 [ 0.  0.  1.  0.] -1 -1.00133374468
188 [ 0.  0.  1.  0.] -1 -1.0013337386
189 [ 0.  0.  1.  0.] 9 8.9986662833
190 [ 0.  0.  1.  0.] 0 -0.00133371670381
191 [ 0.  1.  0.  0.] -2 -2.00133382531
192 [ 0.  1.  0.  0.] -1 -1.00133379324
193 [ 0.  1.  0.  0.] -1 -1.00133380761
194 [ 0.  1.  0.  0.] -1 -1.00133373274
195 [ 0.  1.  0.  0.] -1 -1.00133376138
196 [ 0.  1.  0.  0.] -1 -1.00133373042
197 [ 0.  1.  0.  0.] -1 -1.00133373573
198 [ 0.  1.  0.  0.] -1 -1.00133372069
199 [ 0.  1.  0.  0.] -1 -1.00133377178
200 [ 0.  1.  0.  0.] -1 -1.00133372312
201 [ 0.  1.  0.  0.] -1 -1.00133374745
202 [ 0.  1.  0.  0.] -1 -1.00133374634
203 [ 0.  1.  0.  0.] -1 -1.00133376736
204 [ 0.  1.  0.  0.] -1 -1.0013337605
205 [ 0.  1.  0.  0.] -1 -1.00133377963
206 [ 0.  1.  0.  0.] -1 -1.00133370885
207 [ 0.  1.  0.  0.] -1 -1.00133376028
208 [ 0.  1.  0.  0.] -1 -1.00133371693
209 [ 0.  1.  0.  0.] -1 -1.00133374369
210 [ 0.  1.  0.  0.] -1 -1.00133374347
211 [ 0.  1.  0.  0.] -1 -1.00133376514
212 [ 0.  1.  0.  0.] -1 -1.00133375364
213 [ 0.  1.  0.  0.] -1 -1.00133373351
214 [ 0.  1.  0.  0.] 0 -0.00133373351418
215 [ 0.  0.  1.  0.] -2 -2.00133375851
216 [ 0.  0.  1.  0.] -1 -1.00133373882
217 [ 0.  0.  1.  0.] -1 -1.00133376072
218 [ 0.  0.  1.  0.] -1 -1.00133377189
219 [ 0.  0.  1.  0.] -1 -1.00133373761
220 [ 0.  0.  1.  0.] -1 -1.00133374988
221 [ 0.  0.  1.  0.] -1 -1.00133374623
222 [ 0.  0.  1.  0.] -1 -1.0013337417
223 [ 0.  0.  1.  0.] -1 -1.00133378748
224 [ 0.  0.  1.  0.] -1 -1.00133376161
225 [ 0.  0.  1.  0.] 9 8.99866615943
226 [ 0.  0.  1.  0.] 0 -0.00133384056971
227 [ 0.  0.  0.  1.] -2 -2.00133389222
228 [ 0.  0.  0.  1.] -1 -1.00133384577
229 [ 0.  0.  0.  1.] 9 8.99866616972
230 [ 0.  0.  0.  1.] -1 -1.00133384411
231 [ 0.  0.  0.  1.] -1 -1.00133383216
232 [ 0.  0.  0.  1.] -1 -1.00133382144
233 [ 0.  0.  0.  1.] 9 8.99866623873
234 [ 0.  0.  0.  1.] -1 -1.00133377377
235 [ 0.  0.  0.  1.] -1 -1.00133377842
236 [ 0.  0.  0.  1.] -1 -1.00133376603
237 [ 0.  0.  0.  1.] 9 8.99866627047
238 [ 0.  0.  0.  1.] 0 -0.00133372953278
239 [ 0.  0.  1.  0.] -2 -2.00133376116
240 [ 0.  0.  1.  0.] -1 -1.00133377156
241 [ 0.  0.  1.  0.] 9 8.99866623585
242 [ 0.  0.  1.  0.] -1 -1.00133368264
243 [ 0.  0.  1.  0.] -1 -1.00133369359
244 [ 0.  0.  1.  0.] -1 -1.00133367379
245 [ 0.  0.  1.  0.] 9 8.99866631504
246 [ 0.  0.  1.  0.] -1 -1.00133370675
247 [ 0.  0.  1.  0.] -1 -1.00133374546
248 [ 0.  0.  1.  0.] -1 -1.00133372157
249 [ 0.  0.  1.  0.] 9 8.99866627002
250 [ 0.  0.  1.  0.] -1 -1.00133366019
251 [ 0.  0.  1.  0.] -1 -1.00133364725
252 [ 0.  0.  1.  0.] -1 -1.00133367711
253 [ 0.  0.  1.  0.] 9 8.99866631692
254 [ 0.  0.  1.  0.] 0 -0.00133368308307
255 [ 0.  0.  0.  1.] -2 -2.0013337281
256 [ 0.  0.  0.  1.] -1 -1.00133375431
257 [ 0.  0.  0.  1.] 9 8.99866627401
258 [ 0.  0.  0.  1.] -1 -1.00133371339
259 [ 0.  0.  0.  1.] -1 -1.00133370841
260 [ 0.  0.  0.  1.] -1 -1.0013337386
261 [ 0.  0.  0.  1.] 9 8.99866629148
262 [ 0.  0.  0.  1.] -1 -1.00133371482
263 [ 0.  0.  0.  1.] -1 -1.00133368883
264 [ 0.  0.  0.  1.] -1 -1.00133369691
265 [ 0.  0.  0.  1.] 9 8.99866630099
266 [ 0.  0.  0.  1.] -1 -1.00133371361
267 [ 0.  0.  0.  1.] -1 -1.0013336895
268 [ 0.  0.  0.  1.] -1 -1.00133371803
269 [ 0.  0.  0.  1.] 9 8.99866627578
270 [ 0.  0.  0.  1.] -1 -1.00133374933
271 [ 0.  0.  0.  1.] -1 -1.001333701
272 [ 0.  0.  0.  1.] -1 -1.00133374723
273 [ 0.  0.  0.  1.] 9 8.99866628927
274 [ 0.  0.  0.  1.] 0 -0.00133371073171
275 [ 0.  0.  1.  0.] -2 -2.0013337563
276 [ 0.  0.  1.  0.] -1 -1.00133369071
277 [ 0.  0.  1.  0.] 9 8.99866625974
278 [ 0.  0.  1.  0.] -1 -1.00133379677
279 [ 0.  0.  1.  0.] -1 -1.00133379014
280 [ 0.  0.  1.  0.] -1 -1.00133376835
281 [ 0.  0.  1.  0.] 49 48.9986662495
282 [ 0.  0.  1.  0.] -1 -1.00133375453
283 [ 0.  0.  1.  0.] -1 -1.00133376282
284 [ 0.  0.  1.  0.] -1 -1.00133375973
285 [ 0.  0.  1.  0.] 9 8.99866619195
286 [ 0.  0.  1.  0.] 0 -0.00133380805491
287 [ 0.  1.  0.  0.] -2 -2.00133381314
288 [ 0.  1.  0.  0.] -1 -1.0013337866
289 [ 0.  1.  0.  0.] 9 8.99866616618
290 [ 0.  1.  0.  0.] -1 -1.00133379799
291 [ 0.  1.  0.  0.] -1 -1.00133378704
292 [ 0.  1.  0.  0.] -1 -1.00133377012
293 [ 0.  1.  0.  0.] 9 8.99866618243
294 [ 0.  1.  0.  0.] -1 -1.00133379478
295 [ 0.  1.  0.  0.] -1 -1.00133379279
296 [ 0.  1.  0.  0.] -1 -1.00133380783
297 [ 0.  1.  0.  0.] 9 8.99866619947
298 [ 0.  1.  0.  0.] -1 -1.00133382597
299 [ 0.  1.  0.  0.] -1 -1.00133387275
300 [ 0.  1.  0.  0.] -1 -1.00133383084
301 [ 0.  1.  0.  0.] 9 8.99866616828
302 [ 0.  1.  0.  0.] -1 -1.001333843
303 [ 0.  1.  0.  0.] -1 -1.00133384433
304 [ 0.  1.  0.  0.] -1 -1.00133387397
305 [ 0.  1.  0.  0.] 9 8.9986661716
306 [ 0.  1.  0.  0.] 0 -0.00133382840431
307 [ 1.  0.  0.  0.] -2 -2.00133379633
308 [ 1.  0.  0.  0.] -1 -1.0013338158
309 [ 1.  0.  0.  0.] 9 8.99866620079
310 [ 1.  0.  0.  0.] -1 -1.0013337636
311 [ 1.  0.  0.  0.] -1 -1.00133377101
312 [ 1.  0.  0.  0.] -1 -1.00133379169
313 [ 1.  0.  0.  0.] 9 8.99866622844
314 [ 1.  0.  0.  0.] -1 -1.0013338117
315 [ 1.  0.  0.  0.] -1 -1.00133378737
316 [ 1.  0.  0.  0.] -1 -1.00133382055
317 [ 1.  0.  0.  0.] -1 -1.00133379534
318 [ 1.  0.  0.  0.] 0 -0.00133379533654
319 [ 0.  1.  0.  0.] -2 -2.00133378439
320 [ 0.  1.  0.  0.] -1 -1.00133379047
321 [ 0.  1.  0.  0.] 9 8.99866618266
322 [ 0.  1.  0.  0.] -1 -1.00133382741
323 [ 0.  1.  0.  0.] -1 -1.00133377753
324 [ 0.  1.  0.  0.] -1 -1.00133380053
325 [ 0.  1.  0.  0.] 9 8.99866617137
326 [ 0.  1.  0.  0.] -1 -1.0013337647
327 [ 0.  1.  0.  0.] -1 -1.00133378771
328 [ 0.  1.  0.  0.] -1 -1.00133381535
329 [ 0.  1.  0.  0.] 9 8.99866619427
330 [ 0.  1.  0.  0.] -1 -1.00133389642
331 [ 0.  1.  0.  0.] -1 -1.00133387474
332 [ 0.  1.  0.  0.] -1 -1.00133390051
333 [ 0.  1.  0.  0.] 9 8.99866614063
334 [ 0.  1.  0.  0.] -1 -1.00133385871
335 [ 0.  1.  0.  0.] -1 -1.00133385041
336 [ 0.  1.  0.  0.] -1 -1.00133387817
337 [ 0.  1.  0.  0.] 9 8.99866620345
338 [ 0.  1.  0.  0.] -1 -1.00133382796
339 [ 0.  1.  0.  0.] -1 -1.00133383194
340 [ 0.  1.  0.  0.] -1 -1.00133381137
341 [ 0.  1.  0.  0.] 9 8.99866618221
342 [ 0.  1.  0.  0.] -1 -1.00133383736
343 [ 0.  1.  0.  0.] -1 -1.00133385638
344 [ 0.  1.  0.  0.] -1 -1.00133384477
345 [ 0.  1.  0.  0.] 9 8.99866610281
346 [ 0.  1.  0.  0.] -1 -1.00133386556
347 [ 0.  1.  0.  0.] -1 -1.00133392307
348 [ 0.  1.  0.  0.] -1 -1.00133390106
349 [ 0.  1.  0.  0.] 9 8.99866609838
350 [ 0.  1.  0.  0.] -1 -1.00133389786
351 [ 0.  1.  0.  0.] -1 -1.00133388591
352 [ 0.  1.  0.  0.] -1 -1.00133390118
353 [ 0.  1.  0.  0.] 9 8.99866610192
354 [ 0.  1.  0.  0.] 0 -0.00133389807888
355 [ 1.  0.  0.  0.] -2 -2.0013338764
356 [ 1.  0.  0.  0.] -1 -1.00133387043
357 [ 1.  0.  0.  0.] 9 8.99866610789
358 [ 1.  0.  0.  0.] -1 -1.00133388414
359 [ 1.  0.  0.  0.] -1 -1.00133386977
360 [ 1.  0.  0.  0.] -1 -1.00133385915
361 [ 1.  0.  0.  0.] 9 8.99866611641
362 [ 1.  0.  0.  0.] -1 -1.00133390471
363 [ 1.  0.  0.  0.] -1 -1.00133390383
364 [ 1.  0.  0.  0.] -1 -1.00133388171
365 [ 1.  0.  0.  0.] 9 8.99866607615
366 [ 1.  0.  0.  0.] -1 -1.00133391909
367 [ 1.  0.  0.  0.] -1 -1.00133391931
368 [ 1.  0.  0.  0.] -1 -1.00133389266
369 [ 1.  0.  0.  0.] 9 8.99866610402
370 [ 1.  0.  0.  0.] 0 -0.00133389597759
371 [ 0.  1.  0.  0.] -2 -2.0013338837
372 [ 0.  1.  0.  0.] -1 -1.00133389675
373 [ 0.  1.  0.  0.] 9 8.99866611287
374 [ 0.  1.  0.  0.] -1 -1.00133389819
375 [ 0.  1.  0.  0.] -1 -1.00133387198
376 [ 0.  1.  0.  0.] -1 -1.00133391953
377 [ 0.  1.  0.  0.] 9 8.99866610922
378 [ 0.  1.  0.  0.] -1 -1.00133390095
379 [ 0.  1.  0.  0.] -1 -1.00133389321
380 [ 0.  1.  0.  0.] -1 -1.00133392197
381 [ 0.  1.  0.  0.] 9 8.99866607781
382 [ 0.  1.  0.  0.] -1 -1.00133394917
383 [ 0.  1.  0.  0.] -1 -1.00133394265
384 [ 0.  1.  0.  0.] -1 -1.00133396565
385 [ 0.  1.  0.  0.] 9 8.99866600062
386 [ 0.  1.  0.  0.] -1 -1.0013339724
387 [ 0.  1.  0.  0.] -1 -1.00133395448
388 [ 0.  1.  0.  0.] -1 -1.0013339693
389 [ 0.  1.  0.  0.] 9 8.99866606211
390 [ 0.  1.  0.  0.] -1 -1.00133393281
391 [ 0.  1.  0.  0.] -1 -1.00133390162
392 [ 0.  1.  0.  0.] -1 -1.00133392352
393 [ 0.  1.  0.  0.] 9 8.99866608887
394 [ 0.  1.  0.  0.] 0 -0.00133391112904
395 [ 0.  0.  1.  0.] -2 -2.0013339421
396 [ 0.  0.  1.  0.] -1 -1.00133394165
397 [ 0.  0.  1.  0.] 9 8.99866607914
398 [ 0.  0.  1.  0.] -1 -1.00133395459
399 [ 0.  0.  1.  0.] -1 -1.00133395349
400 [ 0.  0.  1.  0.] -1 -1.00133394375
401 [ 0.  0.  1.  0.] 9 8.99866605536
402 [ 0.  0.  1.  0.] -1 -1.00133392739
403 [ 0.  0.  1.  0.] -1 -1.00133394718
404 [ 0.  0.  1.  0.] -1 -1.00133393037
405 [ 0.  0.  1.  0.] 9 8.99866606576
406 [ 0.  0.  1.  0.] -1 -1.00133395404
407 [ 0.  0.  1.  0.] -1 -1.00133394221
408 [ 0.  0.  1.  0.] -1 -1.00133394718
409 [ 0.  0.  1.  0.] 9 8.99866604928
410 [ 0.  0.  1.  0.] -1 -1.00133390361
411 [ 0.  0.  1.  0.] -1 -1.00133392307
412 [ 0.  0.  1.  0.] -1 -1.00133393325
413 [ 0.  0.  1.  0.] 9 8.99866608423
414 [ 0.  0.  1.  0.] -1 -1.00133393701
415 [ 0.  0.  1.  0.] -1 -1.00133393612
416 [ 0.  0.  1.  0.] -1 -1.00133393037
417 [ 0.  0.  1.  0.] 9 8.99866607029
418 [ 0.  0.  1.  0.] -1 -1.00133392595
419 [ 0.  0.  1.  0.] -1 -1.00133392927
420 [ 0.  0.  1.  0.] -1 -1.00133393037
421 [ 0.  0.  1.  0.] 9 8.99866607958
422 [ 0.  0.  1.  0.] 0 -0.00133392041898
423 [ 0.  1.  0.  0.] -2 -2.00133393104
424 [ 0.  1.  0.  0.] -1 -1.00133393059
425 [ 0.  1.  0.  0.] 9 8.99866607637
426 [ 0.  1.  0.  0.] -1 -1.00133392529
427 [ 0.  1.  0.  0.] -1 -1.00133393026
428 [ 0.  1.  0.  0.] -1 -1.0013339307
429 [ 0.  1.  0.  0.] 9 8.99866608566
430 [ 0.  1.  0.  0.] -1 -1.0013339317
431 [ 0.  1.  0.  0.] -1 -1.00133393192
432 [ 0.  1.  0.  0.] -1 -1.00133393225
433 [ 0.  1.  0.  0.] 9 8.99866606686
434 [ 0.  1.  0.  0.] -1 -1.00133392175
435 [ 0.  1.  0.  0.] -1 -1.00133392318
436 [ 0.  1.  0.  0.] -1 -1.00133392374
437 [ 0.  1.  0.  0.] 9 8.99866607527
438 [ 0.  1.  0.  0.] -1 -1.00133392617
439 [ 0.  1.  0.  0.] -1 -1.00133392705
440 [ 0.  1.  0.  0.] -1 -1.00133392462
441 [ 0.  1.  0.  0.] 9 8.9986660787
442 [ 0.  1.  0.  0.] 0 -0.00133392130374
443 [ 1.  0.  0.  0.] -2 -2.00133392573
444 [ 1.  0.  0.  0.] -1 -1.0013339244
445 [ 1.  0.  0.  0.] 49 48.9986660818
446 [ 1.  0.  0.  0.] -1 -1.00133391378
447 [ 1.  0.  0.  0.] -1 -1.00133392208
448 [ 1.  0.  0.  0.] -1 -1.00133390925
449 [ 1.  0.  0.  0.] 9 8.99866607571
450 [ 1.  0.  0.  0.] -1 -1.00133392705
451 [ 1.  0.  0.  0.] -1 -1.00133392838
452 [ 1.  0.  0.  0.] -1 -1.00133392661
453 [ 1.  0.  0.  0.] 9 8.99866608555
454 [ 1.  0.  0.  0.] 0 -0.00133391444688
455 [ 0.  0.  0.  1.] -2 -2.00133391865
456 [ 0.  0.  0.  1.] -1 -1.00133391953
457 [ 0.  0.  0.  1.] 9 8.99866609064
458 [ 0.  0.  0.  1.] -1 -1.00133390516
459 [ 0.  0.  0.  1.] -1 -1.00133389211
460 [ 0.  0.  0.  1.] -1 -1.00133391047
461 [ 0.  0.  0.  1.] 9 8.99866609882
462 [ 0.  0.  0.  1.] -1 -1.00133389675
463 [ 0.  0.  0.  1.] -1 -1.00133390051
464 [ 0.  0.  0.  1.] -1 -1.00133389454
465 [ 0.  0.  0.  1.] 9 8.99866608799
466 [ 0.  0.  0.  1.] -1 -1.00133390693
467 [ 0.  0.  0.  1.] -1 -1.00133390914
468 [ 0.  0.  0.  1.] -1 -1.00133391423
469 [ 0.  0.  0.  1.] 9 8.99866610878
470 [ 0.  0.  0.  1.] -1 -1.00133390073
471 [ 0.  0.  0.  1.] -1 -1.00133390416
472 [ 0.  0.  0.  1.] -1 -1.001333914
473 [ 0.  0.  0.  1.] -1 -1.00133390549
474 [ 0.  0.  0.  1.] 0 -0.00133390548872
475 [ 0.  0.  1.  0.] -2 -2.00133390206
476 [ 0.  0.  1.  0.] -1 -1.00133391865
477 [ 0.  0.  1.  0.] -1 -1.00133391212
478 [ 0.  0.  1.  0.] -1 -1.00133392285
479 [ 0.  0.  1.  0.] -1 -1.00133392927
480 [ 0.  0.  1.  0.] -1 -1.00133392186
481 [ 0.  0.  1.  0.] -1 -1.00133391622
482 [ 0.  0.  1.  0.] -1 -1.00133391201
483 [ 0.  0.  1.  0.] -1 -1.0013339202
484 [ 0.  0.  1.  0.] -1 -1.00133391799
485 [ 0.  0.  1.  0.] -1 -1.00133391588
486 [ 0.  0.  1.  0.] 0 -0.00133391588461
487 [ 0.  1.  0.  0.] -2 -2.00133391334
488 [ 0.  1.  0.  0.] -1 -1.00133391555
489 [ 0.  1.  0.  0.] -1 -1.00133391367
490 [ 0.  1.  0.  0.] -1 -1.00133391776
491 [ 0.  1.  0.  0.] -1 -1.00133392484
492 [ 0.  1.  0.  0.] -1 -1.00133392152
493 [ 0.  1.  0.  0.] -1 -1.00133391666
494 [ 0.  1.  0.  0.] -1 -1.00133391622
495 [ 0.  1.  0.  0.] -1 -1.00133391445
496 [ 0.  1.  0.  0.] -1 -1.00133392318
497 [ 0.  1.  0.  0.] -1 -1.00133392396
498 [ 0.  1.  0.  0.] -1 -1.00133391555
499 [ 0.  1.  0.  0.] -1 -1.00133391666
500 [ 0.  1.  0.  0.] -1 -1.00133391467
501 [ 0.  1.  0.  0.] -1 -1.00133392473
502 [ 0.  1.  0.  0.] -1 -1.00133391843
503 [ 0.  1.  0.  0.] -1 -1.00133391223
504 [ 0.  1.  0.  0.] -1 -1.00133391334
505 [ 0.  1.  0.  0.] -1 -1.00133391356
506 [ 0.  1.  0.  0.] 0 -0.00133391356212
507 [ 1.  0.  0.  0.] -2 -2.00133390759
508 [ 1.  0.  0.  0.] -1 -1.00133390151
509 [ 1.  0.  0.  0.] -1 -1.00133390317
510 [ 1.  0.  0.  0.] -1 -1.0013338983
511 [ 1.  0.  0.  0.] -1 -1.00133390295
512 [ 1.  0.  0.  0.] -1 -1.00133389454
513 [ 1.  0.  0.  0.] -1 -1.00133390206
514 [ 1.  0.  0.  0.] -1 -1.00133391909
515 [ 1.  0.  0.  0.] -1 -1.00133391246
516 [ 1.  0.  0.  0.] -1 -1.00133391644
517 [ 1.  0.  0.  0.] -1 -1.00133391334
518 [ 1.  0.  0.  0.] 0 -0.00133391334093
519 [ 0.  0.  0.  1.] -2 -2.00133392307
520 [ 0.  0.  0.  1.] -1 -1.00133392352
521 [ 0.  0.  0.  1.] -1 -1.00133390494
522 [ 0.  0.  0.  1.] -1 -1.0013339098
523 [ 0.  0.  0.  1.] -1 -1.0013338931
524 [ 0.  0.  0.  1.] -1 -1.00133390471
525 [ 0.  0.  0.  1.] -1 -1.00133390051
526 [ 0.  0.  0.  1.] -1 -1.00133390427
527 [ 0.  0.  0.  1.] -1 -1.00133390295
528 [ 0.  0.  0.  1.] -1 -1.00133389277
529 [ 0.  0.  0.  1.] -1 -1.00133390604
530 [ 0.  0.  0.  1.] -1 -1.00133391268
531 [ 0.  0.  0.  1.] -1 -1.00133390427
532 [ 0.  0.  0.  1.] -1 -1.00133391412
533 [ 0.  0.  0.  1.] -1 -1.00133389122
534 [ 0.  0.  0.  1.] -1 -1.00133390073
535 [ 0.  0.  0.  1.] -1 -1.00133390416
536 [ 0.  0.  0.  1.] -1 -1.001333914
537 [ 0.  0.  0.  1.] -1 -1.00133390549
538 [ 0.  0.  0.  1.] 0 -0.00133390548872
539 [ 1.  0.  0.  0.] -2 -2.00133389177
540 [ 1.  0.  0.  0.] -1 -1.00133390914
541 [ 1.  0.  0.  0.] -1 -1.00133392175
542 [ 1.  0.  0.  0.] -1 -1.00133391157
543 [ 1.  0.  0.  0.] -1 -1.00133394939
544 [ 1.  0.  0.  0.] -1 -1.00133392407
545 [ 1.  0.  0.  0.] -1 -1.00133394895
546 [ 1.  0.  0.  0.] -1 -1.00133394763
547 [ 1.  0.  0.  0.] -1 -1.00133395481
548 [ 1.  0.  0.  0.] -1 -1.00133394287
549 [ 1.  0.  0.  0.] -1 -1.00133388437
550 [ 1.  0.  0.  0.] -1 -1.00133388934
551 [ 1.  0.  0.  0.] -1 -1.00133390471
552 [ 1.  0.  0.  0.] -1 -1.00133388016
553 [ 1.  0.  0.  0.] -1 -1.0013339348
554 [ 1.  0.  0.  0.] 0 -0.00133393479628
555 [ 0.  0.  0.  1.] -2 -2.00133389576
556 [ 0.  0.  0.  1.] -1 -1.00133392296
557 [ 0.  0.  0.  1.] -1 -1.00133392374
558 [ 0.  0.  0.  1.] -1 -1.00133395116
559 [ 0.  0.  0.  1.] -1 -1.00133393037
560 [ 0.  0.  0.  1.] -1 -1.00133395957
561 [ 0.  0.  0.  1.] -1 -1.00133397638
562 [ 0.  0.  0.  1.] -1 -1.00133400956
563 [ 0.  0.  0.  1.] -1 -1.00133399407
564 [ 0.  0.  0.  1.] -1 -1.00133397594
565 [ 0.  0.  0.  1.] -1 -1.00133395913
566 [ 0.  0.  0.  1.] 0 -0.00133395912708
567 [ 1.  0.  0.  0.] -2 -2.00133392175
568 [ 1.  0.  0.  0.] -1 -1.00133389697
569 [ 1.  0.  0.  0.] -1 -1.00133397406
570 [ 1.  0.  0.  0.] -1 -1.00133394353
571 [ 1.  0.  0.  0.] -1 -1.00133394696
572 [ 1.  0.  0.  0.] -1 -1.00133399507
573 [ 1.  0.  0.  0.] -1 -1.00133398147
574 [ 1.  0.  0.  0.] -1 -1.00133394464
575 [ 1.  0.  0.  0.] -1 -1.00133394232
576 [ 1.  0.  0.  0.] -1 -1.00133397196
577 [ 1.  0.  0.  0.] -1 -1.00133395393
578 [ 1.  0.  0.  0.] -1 -1.00133396985
579 [ 1.  0.  0.  0.] -1 -1.00133396455
580 [ 1.  0.  0.  0.] -1 -1.00133395161
581 [ 1.  0.  0.  0.] -1 -1.00133388636
582 [ 1.  0.  0.  0.] -1 -1.00133390538
583 [ 1.  0.  0.  0.] -1 -1.00133389399
584 [ 1.  0.  0.  0.] -1 -1.00133392573
585 [ 1.  0.  0.  0.] -1 -1.00133394453
586 [ 1.  0.  0.  0.] -1 -1.00133390471
587 [ 1.  0.  0.  0.] -1 -1.00133395736
588 [ 1.  0.  0.  0.] -1 -1.00133393668
589 [ 1.  0.  0.  0.] -1 -1.00133391135
590 [ 1.  0.  0.  0.] 0 -0.00133391135023
591 [ 0.  1.  0.  0.] -2 -2.00133391776
592 [ 0.  1.  0.  0.] -1 -1.00133393988
593 [ 0.  1.  0.  0.] -1 -1.00133395304
594 [ 0.  1.  0.  0.] -1 -1.00133392562
595 [ 0.  1.  0.  0.] -1 -1.00133391887
596 [ 0.  1.  0.  0.] -1 -1.00133394552
597 [ 0.  1.  0.  0.] -1 -1.00133393568
598 [ 0.  1.  0.  0.] -1 -1.00133388702
599 [ 0.  1.  0.  0.] -1 -1.00133386446
600 [ 0.  1.  0.  0.] -1 -1.00133386556
601 [ 0.  1.  0.  0.] -1 -1.00133386888
602 [ 0.  1.  0.  0.] 0 -0.00133386888192
603 [ 1.  0.  0.  0.] -2 -2.00133392141
604 [ 1.  0.  0.  0.] -1 -1.00133390825
605 [ 1.  0.  0.  0.] -1 -1.00133387906
606 [ 1.  0.  0.  0.] -1 -1.00133391024
607 [ 1.  0.  0.  0.] -1 -1.00133389255
608 [ 1.  0.  0.  0.] -1 -1.00133388282
609 [ 1.  0.  0.  0.] -1 -1.00133394077
610 [ 1.  0.  0.  0.] -1 -1.00133395603
611 [ 1.  0.  0.  0.] -1 -1.00133393225
612 [ 1.  0.  0.  0.] -1 -1.00133393944
613 [ 1.  0.  0.  0.] -1 -1.00133391821
614 [ 1.  0.  0.  0.] 0 -0.00133391820709
615 [ 0.  1.  0.  0.] -2 -2.00133383526
616 [ 0.  1.  0.  0.] -1 -1.00133381248
617 [ 0.  1.  0.  0.] -1 -1.00133383393
618 [ 0.  1.  0.  0.] -1 -1.00133385871
619 [ 0.  1.  0.  0.] -1 -1.00133385826
620 [ 0.  1.  0.  0.] -1 -1.00133387607
621 [ 0.  1.  0.  0.] -1 -1.00133386225
622 [ 0.  1.  0.  0.] -1 -1.0013338618
623 [ 0.  1.  0.  0.] -1 -1.00133388127
624 [ 0.  1.  0.  0.] -1 -1.00133386313
625 [ 0.  1.  0.  0.] 9 8.99866611066
626 [ 0.  1.  0.  0.] -1 -1.00133386733
627 [ 0.  1.  0.  0.] -1 -1.00133385815
628 [ 0.  1.  0.  0.] -1 -1.001333844
629 [ 0.  1.  0.  0.] -1 -1.00133384886
630 [ 0.  1.  0.  0.] -1 -1.00133388171
631 [ 0.  1.  0.  0.] -1 -1.00133388204
632 [ 0.  1.  0.  0.] -1 -1.00133387375
633 [ 0.  1.  0.  0.] -1 -1.00133387773
634 [ 0.  1.  0.  0.] -1 -1.00133388215
635 [ 0.  1.  0.  0.] -1 -1.0013338806
636 [ 0.  1.  0.  0.] -1 -1.00133388813
637 [ 0.  1.  0.  0.] -1 -1.00133389432
638 [ 0.  1.  0.  0.] -1 -1.00133379633
639 [ 0.  1.  0.  0.] -1 -1.00133380396
640 [ 0.  1.  0.  0.] -1 -1.00133380783
641 [ 0.  1.  0.  0.] -1 -1.00133380916
642 [ 0.  1.  0.  0.] -1 -1.00133380861
643 [ 0.  1.  0.  0.] -1 -1.0013339098
644 [ 0.  1.  0.  0.] -1 -1.00133396123
645 [ 0.  1.  0.  0.] -1 -1.00133389343
646 [ 0.  1.  0.  0.] -1 -1.00133396244
647 [ 0.  1.  0.  0.] -1 -1.0013339568
648 [ 0.  1.  0.  0.] -1 -1.00133394254
649 [ 0.  1.  0.  0.] -1 -1.00133394132
650 [ 0.  1.  0.  0.] -1 -1.001333987
651 [ 0.  1.  0.  0.] 0 -0.00133398699691
652 [ 0.  0.  1.  0.] -2 -2.00133403831
653 [ 0.  0.  1.  0.] -1 -1.0013339515
654 [ 0.  0.  1.  0.] -1 -1.00133402394
655 [ 0.  0.  1.  0.] -1 -1.00133392219
656 [ 0.  0.  1.  0.] -1 -1.00133394563
657 [ 0.  0.  1.  0.] -1 -1.00133391201
658 [ 0.  0.  1.  0.] -1 -1.00133393966
659 [ 0.  0.  1.  0.] -1 -1.00133392418
660 [ 0.  0.  1.  0.] -1 -1.00133394453
661 [ 0.  0.  1.  0.] -1 -1.00133396244
662 [ 0.  0.  1.  0.] -1 -1.00133389918
663 [ 0.  0.  1.  0.] -1 -1.0013339547
664 [ 0.  0.  1.  0.] -1 -1.00133397594
665 [ 0.  0.  1.  0.] -1 -1.00133397373
666 [ 0.  0.  1.  0.] -1 -1.00133393634
667 [ 0.  0.  1.  0.] -1 -1.0013338691
668 [ 0.  0.  1.  0.] -1 -1.00133387375
669 [ 0.  0.  1.  0.] -1 -1.00133392661
670 [ 0.  0.  1.  0.] -1 -1.00133396023
671 [ 0.  0.  1.  0.] -1 -1.00133383592
672 [ 0.  0.  1.  0.] -1 -1.00133383194
673 [ 0.  0.  1.  0.] -1 -1.00133382376
674 [ 0.  0.  1.  0.] -1 -1.00133380485
675 [ 0.  0.  1.  0.] -1 -1.00133379876
676 [ 0.  0.  1.  0.] -1 -1.00133378837
677 [ 0.  0.  1.  0.] -1 -1.00133380927
678 [ 0.  0.  1.  0.] 9 8.99866622811
679 [ 0.  0.  1.  0.] -1 -1.00133387651
680 [ 0.  0.  1.  0.] -1 -1.00133386379
681 [ 0.  0.  1.  0.] -1 -1.00133388503
682 [ 0.  0.  1.  0.] 9 8.9986662176
683 [ 0.  0.  1.  0.] -1 -1.00133382929
684 [ 0.  0.  1.  0.] -1 -1.00133377753
685 [ 0.  0.  1.  0.] -1 -1.00133381624
686 [ 0.  0.  1.  0.] 9 8.99866628252
687 [ 0.  0.  1.  0.] 0 -0.00133371747797
688 [ 0.  0.  0.  1.] -2 -2.00133368574
689 [ 0.  0.  0.  1.] -1 -1.0013337355
690 [ 0.  0.  0.  1.] -1 -1.00133365499
691 [ 0.  0.  0.  1.] -1 -1.00133369038
692 [ 0.  0.  0.  1.] -1 -1.0013336916
693 [ 0.  0.  0.  1.] -1 -1.00133375873
694 [ 0.  0.  0.  1.] -1 -1.00133374192
695 [ 0.  0.  0.  1.] -1 -1.00133375519
696 [ 0.  0.  0.  1.] -1 -1.00133372279
697 [ 0.  0.  0.  1.] -1 -1.00133375099
698 [ 0.  0.  0.  1.] -1 -1.00133378892
699 [ 0.  0.  0.  1.] -1 -1.00133381447
700 [ 0.  0.  0.  1.] -1 -1.0013338127
701 [ 0.  0.  0.  1.] -1 -1.0013338117
702 [ 0.  0.  0.  1.] -1 -1.00133381226
703 [ 0.  0.  0.  1.] -1 -1.00133381535
704 [ 0.  0.  0.  1.] -1 -1.00133380695
705 [ 0.  0.  0.  1.] -1 -1.00133380883
706 [ 0.  0.  0.  1.] -1 -1.00133380717
707 [ 0.  0.  0.  1.] -1 -1.001333819
708 [ 0.  0.  0.  1.] -1 -1.00133381204
709 [ 0.  0.  0.  1.] -1 -1.00133380872
710 [ 0.  0.  0.  1.] -1 -1.0013338085
711 [ 0.  0.  0.  1.] 9 8.99866619051
712 [ 0.  0.  0.  1.] 0 -0.00133380949264
713 [ 1.  0.  0.  0.] -2 -2.00133379301
714 [ 1.  0.  0.  0.] -1 -1.00133380562
715 [ 1.  0.  0.  0.] 9 8.99866618133
716 [ 1.  0.  0.  0.] -1 -1.00133381292
717 [ 1.  0.  0.  0.] -1 -1.00133381734
718 [ 1.  0.  0.  0.] -1 -1.00133381823
719 [ 1.  0.  0.  0.] 9 8.99866619858
720 [ 1.  0.  0.  0.] -1 -1.00133380297
721 [ 1.  0.  0.  0.] -1 -1.0013338127
722 [ 1.  0.  0.  0.] -1 -1.00133381182
723 [ 1.  0.  0.  0.] 9 8.99866618254
724 [ 1.  0.  0.  0.] 0 -0.00133381745545
725 [ 0.  0.  0.  1.] -2 -2.00133382011
726 [ 0.  0.  0.  1.] -1 -1.00133382232
727 [ 0.  0.  0.  1.] -1 -1.00133384212
728 [ 0.  0.  0.  1.] -1 -1.0013338492
729 [ 0.  0.  0.  1.] -1 -1.00133381303
730 [ 0.  0.  0.  1.] -1 -1.0013338252
731 [ 0.  0.  0.  1.] -1 -1.00133384544
732 [ 0.  0.  0.  1.] -1 -1.0013338378
733 [ 0.  0.  0.  1.] -1 -1.00133384654
734 [ 0.  0.  0.  1.] -1 -1.00133383305
735 [ 0.  0.  0.  1.] -1 -1.00133388315
736 [ 0.  0.  0.  1.] -1 -1.00133386667
737 [ 0.  0.  0.  1.] -1 -1.00133387297
738 [ 0.  0.  0.  1.] -1 -1.00133388392
739 [ 0.  0.  0.  1.] -1 -1.00133389012
740 [ 0.  0.  0.  1.] -1 -1.00133390715
741 [ 0.  0.  0.  1.] -1 -1.0013338983
742 [ 0.  0.  0.  1.] -1 -1.00133388813
743 [ 0.  0.  0.  1.] -1 -1.0013338868
744 [ 0.  0.  0.  1.] -1 -1.00133389598
745 [ 0.  0.  0.  1.] -1 -1.00133385052
746 [ 0.  0.  0.  1.] -1 -1.00133387364
747 [ 0.  0.  0.  1.] -1 -1.00133388503
748 [ 0.  0.  0.  1.] 0 -0.00133388502873
749 [ 1.  0.  0.  0.] -2 -2.00133388171
750 [ 1.  0.  0.  0.] -1 -1.00133386623
751 [ 1.  0.  0.  0.] -1 -1.00133382907
752 [ 1.  0.  0.  0.] -1 -1.00133384809
753 [ 1.  0.  0.  0.] -1 -1.00133383902
754 [ 1.  0.  0.  0.] -1 -1.00133386236
755 [ 1.  0.  0.  0.] -1 -1.00133385274
756 [ 1.  0.  0.  0.] -1 -1.00133386357
757 [ 1.  0.  0.  0.] -1 -1.00133387872
758 [ 1.  0.  0.  0.] -1 -1.00133387662
759 [ 1.  0.  0.  0.] -1 -1.00133383681
760 [ 1.  0.  0.  0.] -1 -1.00133385074
761 [ 1.  0.  0.  0.] -1 -1.00133385627
762 [ 1.  0.  0.  0.] -1 -1.00133384256
763 [ 1.  0.  0.  0.] -1 -1.00133384997
764 [ 1.  0.  0.  0.] -1 -1.00133384875
765 [ 1.  0.  0.  0.] -1 -1.00133391412
766 [ 1.  0.  0.  0.] -1 -1.00133386402
767 [ 1.  0.  0.  0.] -1 -1.00133384798
768 [ 1.  0.  0.  0.] -1 -1.00133383935
769 [ 1.  0.  0.  0.] -1 -1.00133388304
770 [ 1.  0.  0.  0.] -1 -1.0013339004
771 [ 1.  0.  0.  0.] -1 -1.00133378992
772 [ 1.  0.  0.  0.] 0 -0.00133378991741
773 [ 0.  0.  0.  1.] -2 -2.00133382088
774 [ 0.  0.  0.  1.] -1 -1.00133379622
775 [ 0.  0.  0.  1.] -1 -1.00133384013
776 [ 0.  0.  0.  1.] -1 -1.0013338513
777 [ 0.  0.  0.  1.] -1 -1.00133381624
778 [ 0.  0.  0.  1.] -1 -1.00133383261
779 [ 0.  0.  0.  1.] -1 -1.00133383792
780 [ 0.  0.  0.  1.] -1 -1.00133383902
781 [ 0.  0.  0.  1.] -1 -1.0013338148
782 [ 0.  0.  0.  1.] -1 -1.0013338085
783 [ 0.  0.  0.  1.] -1 -1.00133381624
784 [ 0.  0.  0.  1.] -1 -1.00133379113
785 [ 0.  0.  0.  1.] -1 -1.00133380363
786 [ 0.  0.  0.  1.] -1 -1.00133382
787 [ 0.  0.  0.  1.] -1 -1.00133382553
788 [ 0.  0.  0.  1.] -1 -1.00133383736
789 [ 0.  0.  0.  1.] -1 -1.00133384909
790 [ 0.  0.  0.  1.] -1 -1.00133387043
791 [ 0.  0.  0.  1.] -1 -1.00133382818
792 [ 0.  0.  0.  1.] -1 -1.00133384013
793 [ 0.  0.  0.  1.] -1 -1.00133383858
794 [ 0.  0.  0.  1.] -1 -1.00133386191
795 [ 0.  0.  0.  1.] -1 -1.00133382442
796 [ 0.  0.  0.  1.] -1 -1.00133381867
797 [ 0.  0.  0.  1.] -1 -1.00133381801
798 [ 0.  0.  0.  1.] -1 -1.00133380982
799 [ 0.  0.  0.  1.] -1 -1.00133381292
800 [ 0.  0.  0.  1.] -1 -1.00133383128
801 [ 0.  0.  0.  1.] -1 -1.00133383792
802 [ 0.  0.  0.  1.] -1 -1.00133384101
803 [ 0.  0.  0.  1.] -1 -1.00133383438
804 [ 0.  0.  0.  1.] -1 -1.00133383769
805 [ 0.  0.  0.  1.] -1 -1.00133382199
806 [ 0.  0.  0.  1.] -1 -1.00133381889
807 [ 0.  0.  0.  1.] -1 -1.00133384676
808 [ 0.  0.  0.  1.] 0 -0.00133384676301
809 [ 0.  0.  1.  0.] -2 -2.00133388868
810 [ 0.  0.  1.  0.] -1 -1.00133387331
811 [ 0.  0.  1.  0.] -1 -1.00133387087
812 [ 0.  0.  1.  0.] -1 -1.0013338889
813 [ 0.  0.  1.  0.] -1 -1.0013338837
814 [ 0.  0.  1.  0.] -1 -1.00133388038
815 [ 0.  0.  1.  0.] -1 -1.0013338555
816 [ 0.  0.  1.  0.] -1 -1.00133390626
817 [ 0.  0.  1.  0.] -1 -1.00133390847
818 [ 0.  0.  1.  0.] -1 -1.00133389587
819 [ 0.  0.  1.  0.] -1 -1.00133389144
820 [ 0.  0.  1.  0.] -1 -1.00133383548
821 [ 0.  0.  1.  0.] -1 -1.00133383825
822 [ 0.  0.  1.  0.] -1 -1.00133382708
823 [ 0.  0.  1.  0.] -1 -1.00133382553
824 [ 0.  0.  1.  0.] -1 -1.00133383261
825 [ 0.  0.  1.  0.] -1 -1.0013338409
826 [ 0.  0.  1.  0.] -1 -1.00133386601
827 [ 0.  0.  1.  0.] -1 -1.0013338304
828 [ 0.  0.  1.  0.] -1 -1.00133385672
829 [ 0.  0.  1.  0.] -1 -1.0013338357
830 [ 0.  0.  1.  0.] -1 -1.00133383482
831 [ 0.  0.  1.  0.] -1 -1.00133385473
832 [ 0.  0.  1.  0.] -1 -1.00133380717
833 [ 0.  0.  1.  0.] -1 -1.00133386424
834 [ 0.  0.  1.  0.] -1 -1.00133381469
835 [ 0.  0.  1.  0.] -1 -1.0013338231
836 [ 0.  0.  1.  0.] -1 -1.0013338231
837 [ 0.  0.  1.  0.] -1 -1.00133380496
838 [ 0.  0.  1.  0.] -1 -1.00133384267
839 [ 0.  0.  1.  0.] -1 -1.00133382066
840 [ 0.  0.  1.  0.] -1 -1.00133378793
841 [ 0.  0.  1.  0.] -1 -1.00133384853
842 [ 0.  0.  1.  0.] -1 -1.0013338336
843 [ 0.  0.  1.  0.] -1 -1.00133384378
844 [ 0.  0.  1.  0.] 0 -0.00133384377696
845 [ 0.  0.  0.  1.] -2 -2.0013338607
846 [ 0.  0.  0.  1.] -1 -1.00133382044
847 [ 0.  0.  0.  1.] -1 -1.00133389023
848 [ 0.  0.  0.  1.] -1 -1.00133384632
849 [ 0.  0.  0.  1.] -1 -1.00133391555
850 [ 0.  0.  0.  1.] -1 -1.00133386026
851 [ 0.  0.  0.  1.] -1 -1.00133386048
852 [ 0.  0.  0.  1.] -1 -1.00133382818
853 [ 0.  0.  0.  1.] -1 -1.00133383106
854 [ 0.  0.  0.  1.] -1 -1.00133381292
855 [ 0.  0.  0.  1.] -1 -1.001333797
856 [ 0.  0.  0.  1.] 0 -0.00133379699546
857 [ 0.  0.  1.  0.] -2 -2.00133374225
858 [ 0.  0.  1.  0.] -1 -1.00133377211
859 [ 0.  0.  1.  0.] -1 -1.00133377764
860 [ 0.  0.  1.  0.] -1 -1.00133370587
861 [ 0.  0.  1.  0.] -1 -1.00133370653
862 [ 0.  0.  1.  0.] -1 -1.00133372577
863 [ 0.  0.  1.  0.] -1 -1.00133370896
864 [ 0.  0.  1.  0.] -1 -1.00133379346
865 [ 0.  0.  1.  0.] -1 -1.00133380208
866 [ 0.  0.  1.  0.] -1 -1.00133382896
867 [ 0.  0.  1.  0.] -1 -1.00133376736
868 [ 0.  0.  1.  0.] -1 -1.00133371538
869 [ 0.  0.  1.  0.] -1 -1.00133372135
870 [ 0.  0.  1.  0.] -1 -1.00133373949
871 [ 0.  0.  1.  0.] -1 -1.0013337365
872 [ 0.  0.  1.  0.] -1 -1.00133378041
873 [ 0.  0.  1.  0.] -1 -1.00133375032
874 [ 0.  0.  1.  0.] -1 -1.00133378184
875 [ 0.  0.  1.  0.] -1 -1.00133374258
876 [ 0.  0.  1.  0.] -1 -1.00133381911
877 [ 0.  0.  1.  0.] -1 -1.00133379257
878 [ 0.  0.  1.  0.] -1 -1.00133377587
879 [ 0.  0.  1.  0.] -1 -1.00133381082
880 [ 0.  0.  1.  0.] -1 -1.00133378837
881 [ 0.  0.  1.  0.] -1 -1.00133379069
882 [ 0.  0.  1.  0.] -1 -1.00133379722
883 [ 0.  0.  1.  0.] -1 -1.00133378428
884 [ 0.  0.  1.  0.] 0 -0.00133378427709
885 [ 0.  0.  0.  1.] -2 -2.00133382752
886 [ 0.  0.  0.  1.] -1 -1.00133380817
887 [ 0.  0.  0.  1.] -1 -1.00133381679
888 [ 0.  0.  0.  1.] -1 -1.00133382453
889 [ 0.  0.  0.  1.] -1 -1.00133382863
890 [ 0.  0.  0.  1.] -1 -1.00133382243
891 [ 0.  0.  0.  1.] -1 -1.0013338169
892 [ 0.  0.  0.  1.] -1 -1.00133382575
893 [ 0.  0.  0.  1.] -1 -1.00133382155
894 [ 0.  0.  0.  1.] -1 -1.00133382254
895 [ 0.  0.  0.  1.] -1 -1.00133384079
896 [ 0.  0.  0.  1.] -1 -1.00133381558
897 [ 0.  0.  0.  1.] -1 -1.00133385539
898 [ 0.  0.  0.  1.] -1 -1.00133382663
899 [ 0.  0.  0.  1.] -1 -1.00133383504
900 [ 0.  0.  0.  1.] -1 -1.0013338503
901 [ 0.  0.  0.  1.] -1 -1.00133385572
902 [ 0.  0.  0.  1.] -1 -1.00133385782
903 [ 0.  0.  0.  1.] -1 -1.00133386291
904 [ 0.  0.  0.  1.] 0 -0.00133386290981
905 [ 1.  0.  0.  0.] -2 -2.00133382487
906 [ 1.  0.  0.  0.] -1 -1.00133382254
907 [ 1.  0.  0.  0.] -1 -1.00133382464
908 [ 1.  0.  0.  0.] -1 -1.00133380496
909 [ 1.  0.  0.  0.] -1 -1.00133380474
910 [ 1.  0.  0.  0.] -1 -1.00133383526
911 [ 1.  0.  0.  0.] -1 -1.00133379965
912 [ 1.  0.  0.  0.] -1 -1.00133373893
913 [ 1.  0.  0.  0.] -1 -1.00133376559
914 [ 1.  0.  0.  0.] -1 -1.0013337574
915 [ 1.  0.  0.  0.] -1 -1.001333772
916 [ 1.  0.  0.  0.] 0 -0.00133377200109
917 [ 0.  1.  0.  0.] -2 -2.00133380706
918 [ 0.  1.  0.  0.] -1 -1.00133377499
919 [ 0.  1.  0.  0.] -1 -1.00133382818
920 [ 0.  1.  0.  0.] -1 -1.00133373639
921 [ 0.  1.  0.  0.] -1 -1.00133370752
922 [ 0.  1.  0.  0.] -1 -1.00133370719
923 [ 0.  1.  0.  0.] -1 -1.00133371438
924 [ 0.  1.  0.  0.] 0 -0.00133371438133
925 [ 1.  0.  0.  0.] -2 -2.00133376658
926 [ 1.  0.  0.  0.] -1 -1.00133378251
927 [ 1.  0.  0.  0.] 9 8.99866620997
928 [ 1.  0.  0.  0.] -1 -1.00133376216
929 [ 1.  0.  0.  0.] -1 -1.00133373927
930 [ 1.  0.  0.  0.] -1 -1.00133377222
931 [ 1.  0.  0.  0.] 9 8.99866624415
932 [ 1.  0.  0.  0.] -1 -1.00133369259
933 [ 1.  0.  0.  0.] -1 -1.00133369624
934 [ 1.  0.  0.  0.] -1 -1.00133372135
935 [ 1.  0.  0.  0.] 9 8.99866625233
936 [ 1.  0.  0.  0.] -1 -1.00133377819
937 [ 1.  0.  0.  0.] -1 -1.00133373971
938 [ 1.  0.  0.  0.] -1 -1.00133374922
939 [ 1.  0.  0.  0.] -1 -1.0013337135
940 [ 1.  0.  0.  0.] 0 -0.00133371349657
941 [ 0.  0.  0.  1.] -2 -2.00133366318
942 [ 0.  0.  0.  1.] -1 -1.00133372843
943 [ 0.  0.  0.  1.] -1 -1.0013336791
944 [ 0.  0.  0.  1.] -1 -1.00133374269
945 [ 0.  0.  0.  1.] -1 -1.00133370764
946 [ 0.  0.  0.  1.] -1 -1.00133375829
947 [ 0.  0.  0.  1.] -1 -1.00133379788
948 [ 0.  0.  0.  1.] -1 -1.00133379633
949 [ 0.  0.  0.  1.] -1 -1.00133375453
950 [ 0.  0.  0.  1.] -1 -1.00133379268
951 [ 0.  0.  0.  1.] -1 -1.00133380031
952 [ 0.  0.  0.  1.] -1 -1.001333795
953 [ 0.  0.  0.  1.] -1 -1.00133379523
954 [ 0.  0.  0.  1.] -1 -1.00133379301
955 [ 0.  0.  0.  1.] -1 -1.00133379235
956 [ 0.  0.  0.  1.] -1 -1.00133379169
957 [ 0.  0.  0.  1.] -1 -1.00133379124
958 [ 0.  0.  0.  1.] -1 -1.00133378782
959 [ 0.  0.  0.  1.] -1 -1.00133378948
960 [ 0.  0.  0.  1.] -1 -1.00133378737
961 [ 0.  0.  0.  1.] -1 -1.00133378527
962 [ 0.  0.  0.  1.] -1 -1.00133377886
963 [ 0.  0.  0.  1.] -1 -1.00133378417
964 [ 0.  0.  0.  1.] -1 -1.00133377665
965 [ 0.  0.  0.  1.] 0 -0.00133377664606
966 [ 1.  0.  0.  0.] -2 -2.00133375773
967 [ 1.  0.  0.  0.] -1 -1.00133376725
968 [ 1.  0.  0.  0.] -1 -1.00133378848
969 [ 1.  0.  0.  0.] -1 -1.00133378959
970 [ 1.  0.  0.  0.] -1 -1.00133378395
971 [ 1.  0.  0.  0.] -1 -1.00133379213
972 [ 1.  0.  0.  0.] -1 -1.00133378107
973 [ 1.  0.  0.  0.] -1 -1.00133377786
974 [ 1.  0.  0.  0.] -1 -1.0013337824
975 [ 1.  0.  0.  0.] -1 -1.00133378671
976 [ 1.  0.  0.  0.] -1 -1.00133378483
977 [ 1.  0.  0.  0.] -1 -1.00133377897
978 [ 1.  0.  0.  0.] -1 -1.00133377134
979 [ 1.  0.  0.  0.] -1 -1.0013337835
980 [ 1.  0.  0.  0.] 9 8.99866621672
981 [ 1.  0.  0.  0.] -1 -1.00133377001
982 [ 1.  0.  0.  0.] -1 -1.00133376127
983 [ 1.  0.  0.  0.] -1 -1.00133377499
984 [ 1.  0.  0.  0.] 9 8.99866623065
985 [ 1.  0.  0.  0.] -1 -1.00133378372
986 [ 1.  0.  0.  0.] -1 -1.00133375895
987 [ 1.  0.  0.  0.] -1 -1.00133375254
988 [ 1.  0.  0.  0.] 9 8.99866627058
989 [ 1.  0.  0.  0.] -1 -1.00133374413
990 [ 1.  0.  0.  0.] -1 -1.00133371339
991 [ 1.  0.  0.  0.] -1 -1.00133373108
992 [ 1.  0.  0.  0.] 9 8.99866625786
993 [ 1.  0.  0.  0.] -1 -1.00133374457
994 [ 1.  0.  0.  0.] -1 -1.00133372865
995 [ 1.  0.  0.  0.] -1 -1.00133375508
996 [ 1.  0.  0.  0.] 9 8.99866625543
997 [ 1.  0.  0.  0.] -1 -1.00133373794
998 [ 1.  0.  0.  0.] -1 -1.0013337396
999 [ 1.  0.  0.  0.] -1 -1.00133375519
1000 [ 1.  0.  0.  0.] -1 -1.00133376913
1001 [ 1.  0.  0.  0.] 0 -0.00133376912563
1002 [ 0.  1.  0.  0.] -2 -2.00133374457
1003 [ 0.  1.  0.  0.] -1 -1.00133372666
1004 [ 0.  1.  0.  0.] -1 -1.00133373595
1005 [ 0.  1.  0.  0.] -1 -1.00133373871
1006 [ 0.  1.  0.  0.] -1 -1.00133373639
1007 [ 0.  1.  0.  0.] -1 -1.00133372953
1008 [ 0.  1.  0.  0.] -1 -1.00133374126
1009 [ 0.  1.  0.  0.] -1 -1.00133377266
1010 [ 0.  1.  0.  0.] -1 -1.00133377432
1011 [ 0.  1.  0.  0.] -1 -1.00133377775
1012 [ 0.  1.  0.  0.] -1 -1.00133377001
1013 [ 0.  1.  0.  0.] -1 -1.00133370299
1014 [ 0.  1.  0.  0.] -1 -1.00133371615
1015 [ 0.  1.  0.  0.] -1 -1.0013337073
1016 [ 0.  1.  0.  0.] -1 -1.00133371693
1017 [ 0.  1.  0.  0.] -1 -1.00133368872
1018 [ 0.  1.  0.  0.] -1 -1.00133379346
1019 [ 0.  1.  0.  0.] -1 -1.00133387673
1020 [ 0.  1.  0.  0.] -1 -1.00133380253
1021 [ 0.  1.  0.  0.] -1 -1.00133388359
1022 [ 0.  1.  0.  0.] -1 -1.0013338722
1023 [ 0.  1.  0.  0.] -1 -1.0013338607
1024 [ 0.  1.  0.  0.] -1 -1.00133385815
1025 [ 0.  1.  0.  0.] -1 -1.00133391312
1026 [ 0.  1.  0.  0.] -1 -1.00133386888
1027 [ 0.  1.  0.  0.] -1 -1.00133390184
1028 [ 0.  1.  0.  0.] -1 -1.00133392141
1029 [ 0.  1.  0.  0.] -1 -1.00133390449
1030 [ 0.  1.  0.  0.] -1 -1.00133387419
1031 [ 0.  1.  0.  0.] -1 -1.00133389941
1032 [ 0.  1.  0.  0.] -1 -1.00133389288
1033 [ 0.  1.  0.  0.] -1 -1.00133388215
1034 [ 0.  1.  0.  0.] -1 -1.00133382951
1035 [ 0.  1.  0.  0.] -1 -1.00133384168
1036 [ 0.  1.  0.  0.] -1 -1.00133384544
1037 [ 0.  1.  0.  0.] -1 -1.0013338607
1038 [ 0.  1.  0.  0.] 0 -0.00133386069792
1039 [ 0.  0.  1.  0.] -2 -2.00133384433
1040 [ 0.  0.  1.  0.] -1 -1.00133384964
1041 [ 0.  0.  1.  0.] -1 -1.0013338492
1042 [ 0.  0.  1.  0.] -1 -1.00133394873
1043 [ 0.  0.  1.  0.] -1 -1.00133393413
1044 [ 0.  0.  1.  0.] -1 -1.00133390317
1045 [ 0.  0.  1.  0.] -1 -1.00133390859
1046 [ 0.  0.  1.  0.] -1 -1.00133386667
1047 [ 0.  0.  1.  0.] -1 -1.00133385561
1048 [ 0.  0.  1.  0.] -1 -1.0013338732
1049 [ 0.  0.  1.  0.] -1 -1.00133387154
1050 [ 0.  0.  1.  0.] 0 -0.00133387153619
1051 [ 0.  1.  0.  0.] -2 -2.00133381027
1052 [ 0.  1.  0.  0.] -1 -1.00133379014
1053 [ 0.  1.  0.  0.] -1 -1.00133382619
1054 [ 0.  1.  0.  0.] -1 -1.00133381403
1055 [ 0.  1.  0.  0.] -1 -1.00133380629
1056 [ 0.  1.  0.  0.] -1 -1.00133382498
1057 [ 0.  1.  0.  0.] -1 -1.00133379235
1058 [ 0.  1.  0.  0.] -1 -1.00133388138
1059 [ 0.  1.  0.  0.] -1 -1.00133385738
1060 [ 0.  1.  0.  0.] -1 -1.00133385605
1061 [ 0.  1.  0.  0.] -1 -1.00133386313
1062 [ 0.  1.  0.  0.] 0 -0.001333863131
1063 [ 0.  0.  1.  0.] -2 -2.00133381381
1064 [ 0.  0.  1.  0.] -1 -1.00133380275
1065 [ 0.  0.  1.  0.] -1 -1.00133379324
1066 [ 0.  0.  1.  0.] -1 -1.00133381591
1067 [ 0.  0.  1.  0.] -1 -1.00133382531
1068 [ 0.  0.  1.  0.] -1 -1.00133384234
1069 [ 0.  0.  1.  0.] -1 -1.00133380872
1070 [ 0.  0.  1.  0.] -1 -1.00133382785
1071 [ 0.  0.  1.  0.] -1 -1.00133381558
1072 [ 0.  0.  1.  0.] -1 -1.00133380805
1073 [ 0.  0.  1.  0.] -1 -1.00133382398
1074 [ 0.  0.  1.  0.] 0 -0.00133382398053
1075 [ 0.  1.  0.  0.] -2 -2.00133385119
1076 [ 0.  1.  0.  0.] -1 -1.00133382332
1077 [ 0.  1.  0.  0.] -1 -1.00133382442
1078 [ 0.  1.  0.  0.] -1 -1.0013338273
1079 [ 0.  1.  0.  0.] -1 -1.00133379633
1080 [ 0.  1.  0.  0.] -1 -1.00133382332
1081 [ 0.  1.  0.  0.] -1 -1.00133382287
1082 [ 0.  1.  0.  0.] -1 -1.00133384455
1083 [ 0.  1.  0.  0.] -1 -1.0013338565
1084 [ 0.  1.  0.  0.] -1 -1.00133386778
1085 [ 0.  1.  0.  0.] -1 -1.00133384809
1086 [ 0.  1.  0.  0.] -1 -1.00133381823
1087 [ 0.  1.  0.  0.] -1 -1.00133379036
1088 [ 0.  1.  0.  0.] -1 -1.00133379279
1089 [ 0.  1.  0.  0.] -101 -101
1090 [ 0.  1.  0.  0.] -2 -2.00133383792
1091 [ 0.  1.  0.  0.] -1 -1.00133384787
1092 [ 0.  1.  0.  0.] -1 -1.00133381115
1093 [ 0.  1.  0.  0.] -1 -1.00133384632
1094 [ 0.  1.  0.  0.] -1 -1.0013337981
1095 [ 0.  1.  0.  0.] -1 -1.00133387585
1096 [ 0.  1.  0.  0.] -1 -1.00133385384
1097 [ 0.  1.  0.  0.] -1 -1.00133389941
1098 [ 0.  1.  0.  0.] 9 8.99866611298
1099 [ 0.  1.  0.  0.] -1 -1.00133390029
1100 [ 0.  1.  0.  0.] -1 -1.00133393458
1101 [ 0.  1.  0.  0.] -1 -1.0013339401
1102 [ 0.  1.  0.  0.] 9 8.99866608931
1103 [ 0.  1.  0.  0.] -1 -1.00133386955
1104 [ 0.  1.  0.  0.] -1 -1.00133389343
1105 [ 0.  1.  0.  0.] -1 -1.00133387508
1106 [ 0.  1.  0.  0.] 9 8.9986660829
1107 [ 0.  1.  0.  0.] -1 -1.00133388127
1108 [ 0.  1.  0.  0.] -1 -1.0013338868
1109 [ 0.  1.  0.  0.] -1 -1.00133391378
1110 [ 0.  1.  0.  0.] 9 8.99866606963
1111 [ 0.  1.  0.  0.] -1 -1.00133391102
1112 [ 0.  1.  0.  0.] -1 -1.00133390084
1113 [ 0.  1.  0.  0.] -1 -1.00133393037
1114 [ 0.  1.  0.  0.] 9 8.99866609252
1115 [ 0.  1.  0.  0.] -1 -1.00133390892
1116 [ 0.  1.  0.  0.] -1 -1.00133390029
1117 [ 0.  1.  0.  0.] -1 -1.00133391058
1118 [ 0.  1.  0.  0.] 9 8.99866610745
1119 [ 0.  1.  0.  0.] -1 -1.00133388923
1120 [ 0.  1.  0.  0.] -1 -1.00133387098
1121 [ 0.  1.  0.  0.] -1 -1.00133387198
1122 [ 0.  1.  0.  0.] 9 8.99866613709
1123 [ 0.  1.  0.  0.] -1 -1.00133388193
1124 [ 0.  1.  0.  0.] -1 -1.0013338565
1125 [ 0.  1.  0.  0.] -1 -1.00133386877
1126 [ 0.  1.  0.  0.] 9 8.99866612758
1127 [ 0.  1.  0.  0.] -1 -1.00133384168
1128 [ 0.  1.  0.  0.] -1 -1.00133384765
1129 [ 0.  1.  0.  0.] -1 -1.00133384333
1130 [ 0.  1.  0.  0.] 9 8.99866614218
1131 [ 0.  1.  0.  0.] 0 -0.00133385782246
1132 [ 0.  0.  1.  0.] -2 -2.0013338649
1133 [ 0.  0.  1.  0.] -1 -1.0013338284
1134 [ 0.  0.  1.  0.] 9 8.99866614881
1135 [ 0.  0.  1.  0.] -1 -1.00133382398
1136 [ 0.  0.  1.  0.] -1 -1.00133382442
1137 [ 0.  0.  1.  0.] -1 -1.00133381314
1138 [ 0.  0.  1.  0.] 9 8.99866619327
1139 [ 0.  0.  1.  0.] -1 -1.00133381447
1140 [ 0.  0.  1.  0.] -1 -1.00133381248
1141 [ 0.  0.  1.  0.] -1 -1.00133382088
1142 [ 0.  0.  1.  0.] 9 8.99866617912
1143 [ 0.  0.  1.  0.] 0 -0.00133382088388
1144 [ 0.  0.  0.  1.] -2 -2.00133382221
1145 [ 0.  0.  0.  1.] -1 -1.0013338054
1146 [ 0.  0.  0.  1.] 9 8.99866620422
1147 [ 0.  0.  0.  1.] -1 -1.00133379169
1148 [ 0.  0.  0.  1.] -1 -1.00133378936
1149 [ 0.  0.  0.  1.] -1 -1.00133379545
1150 [ 0.  0.  0.  1.] 9 8.99866621406
1151 [ 0.  0.  0.  1.] -1 -1.00133379888
1152 [ 0.  0.  0.  1.] -1 -1.00133378372
1153 [ 0.  0.  0.  1.] -1 -1.00133378549
1154 [ 0.  0.  0.  1.] 9 8.99866619239
1155 [ 0.  0.  0.  1.] -1 -1.00133380452
1156 [ 0.  0.  0.  1.] -1 -1.00133382287
1157 [ 0.  0.  0.  1.] -1 -1.00133378804
1158 [ 0.  0.  0.  1.] 9 8.99866616651
1159 [ 0.  0.  0.  1.] -1 -1.00133382265
1160 [ 0.  0.  0.  1.] -1 -1.00133380739
1161 [ 0.  0.  0.  1.] -1 -1.00133379688
1162 [ 0.  0.  0.  1.] 9 8.99866611619
1163 [ 0.  0.  0.  1.] -1 -1.00133388768
1164 [ 0.  0.  0.  1.] -1 -1.0013338753
1165 [ 0.  0.  0.  1.] -1 -1.00133388083
1166 [ 0.  0.  0.  1.] 9 8.99866620367
1167 [ 0.  0.  0.  1.] -1 -1.00133388403
1168 [ 0.  0.  0.  1.] -1 -1.00133384101
1169 [ 0.  0.  0.  1.] -1 -1.00133382243
1170 [ 0.  0.  0.  1.] -1 -1.00133382708
1171 [ 0.  0.  0.  1.] -1 -1.00133387729
1172 [ 0.  0.  0.  1.] -1 -1.00133384942
1173 [ 0.  0.  0.  1.] -1 -1.00133384588
1174 [ 0.  0.  0.  1.] -1 -1.00133384975
1175 [ 0.  0.  0.  1.] -1 -1.00133387397
1176 [ 0.  0.  0.  1.] -1 -1.0013338722
1177 [ 0.  0.  0.  1.] -1 -1.00133384809
1178 [ 0.  0.  0.  1.] -1 -1.00133380761
1179 [ 0.  0.  0.  1.] 0 -0.00133380761254
1180 [ 0.  0.  1.  0.] -2 -2.00133381967
1181 [ 0.  0.  1.  0.] -1 -1.00133377676
1182 [ 0.  0.  1.  0.] -1 -1.00133377819
1183 [ 0.  0.  1.  0.] -1 -1.00133382885
1184 [ 0.  0.  1.  0.] -1 -1.00133383615
1185 [ 0.  0.  1.  0.] -1 -1.00133379434
1186 [ 0.  0.  1.  0.] -1 -1.00133379346
1187 [ 0.  0.  1.  0.] -1 -1.00133374712
1188 [ 0.  0.  1.  0.] -1 -1.00133377012
1189 [ 0.  0.  1.  0.] -1 -1.00133376006
1190 [ 0.  0.  1.  0.] -1 -1.00133370764
1191 [ 0.  0.  1.  0.] 0 -0.00133370763506
1192 [ 0.  0.  0.  1.] -2 -2.0013337396
1193 [ 0.  0.  0.  1.] -1 -1.00133374701
1194 [ 0.  0.  0.  1.] -1 -1.00133375044
1195 [ 0.  0.  0.  1.] -1 -1.00133376913
1196 [ 0.  0.  0.  1.] -1 -1.00133377266
1197 [ 0.  0.  0.  1.] -1 -1.00133379025
1198 [ 0.  0.  0.  1.] -1 -1.00133375298
1199 [ 0.  0.  0.  1.] -1 -1.00133377454
1200 [ 0.  0.  0.  1.] -1 -1.0013337626
1201 [ 0.  0.  0.  1.] -1 -1.00133377875
1202 [ 0.  0.  0.  1.] -1 -1.00133375608
1203 [ 0.  0.  0.  1.] 0 -0.00133375607547
1204 [ 1.  0.  0.  0.] -2 -2.00133377001
1205 [ 1.  0.  0.  0.] -1 -1.00133376249
1206 [ 1.  0.  0.  0.] -1 -1.00133374922
1207 [ 1.  0.  0.  0.] -1 -1.00133373705
1208 [ 1.  0.  0.  0.] -1 -1.00133377565
1209 [ 1.  0.  0.  0.] -1 -1.00133370819
1210 [ 1.  0.  0.  0.] -1 -1.0013337563
1211 [ 1.  0.  0.  0.] -1 -1.00133376913
1212 [ 1.  0.  0.  0.] -1 -1.00133372754
1213 [ 1.  0.  0.  0.] -1 -1.0013337375
1214 [ 1.  0.  0.  0.] -1 -1.0013337501
1215 [ 1.  0.  0.  0.] 0 -0.00133375010337
1216 [ 0.  0.  0.  1.] -2 -2.00133375077
1217 [ 0.  0.  0.  1.] -1 -1.00133374336
1218 [ 0.  0.  0.  1.] -1 -1.00133374159
1219 [ 0.  0.  0.  1.] -1 -1.00133377764
1220 [ 0.  0.  0.  1.] -1 -1.00133375984
1221 [ 0.  0.  0.  1.] -1 -1.00133374811
1222 [ 0.  0.  0.  1.] -1 -1.00133378262
1223 [ 0.  0.  0.  1.] -1 -1.00133382641
1224 [ 0.  0.  0.  1.] -1 -1.00133380264
1225 [ 0.  0.  0.  1.] -1 -1.00133382531
1226 [ 0.  0.  0.  1.] 9 8.99866621639
1227 [ 0.  0.  0.  1.] -1 -1.00133381956
1228 [ 0.  0.  0.  1.] -1 -1.00133377908
1229 [ 0.  0.  0.  1.] -1 -1.00133381237
1230 [ 0.  0.  0.  1.] 9 8.99866618243
1231 [ 0.  0.  0.  1.] -1 -1.00133378948
1232 [ 0.  0.  0.  1.] -1 -1.00133381668
1233 [ 0.  0.  0.  1.] -1 -1.00133384123
1234 [ 0.  0.  0.  1.] 9 8.99866622181
1235 [ 0.  0.  0.  1.] -1 -1.00133378085
1236 [ 0.  0.  0.  1.] -1 -1.00133375276
1237 [ 0.  0.  0.  1.] -1 -1.00133380241
1238 [ 0.  0.  0.  1.] 9 8.99866615611
1239 [ 0.  0.  0.  1.] -1 -1.00133382232
1240 [ 0.  0.  0.  1.] -1 -1.00133382708
1241 [ 0.  0.  0.  1.] -1 -1.00133386269
1242 [ 0.  0.  0.  1.] 9 8.99866613245
1243 [ 0.  0.  0.  1.] -1 -1.00133386601
1244 [ 0.  0.  0.  1.] -1 -1.00133382188
1245 [ 0.  0.  0.  1.] -1 -1.00133384433
1246 [ 0.  0.  0.  1.] 9 8.99866616496
1247 [ 0.  0.  0.  1.] -1 -1.00133384455
1248 [ 0.  0.  0.  1.] -1 -1.00133379512
1249 [ 0.  0.  0.  1.] -1 -1.00133381712
1250 [ 0.  0.  0.  1.] -1 -1.00133384521
1251 [ 0.  0.  0.  1.] 0 -0.00133384521469
1252 [ 1.  0.  0.  0.] -2 -2.00133382022
1253 [ 1.  0.  0.  0.] -1 -1.00133381911
1254 [ 1.  0.  0.  0.] -1 -1.00133377897
1255 [ 1.  0.  0.  0.] -1 -1.00133376758
1256 [ 1.  0.  0.  0.] -1 -1.00133374723
1257 [ 1.  0.  0.  0.] -1 -1.00133375585
1258 [ 1.  0.  0.  0.] -1 -1.00133382796
1259 [ 1.  0.  0.  0.] -1 -1.00133383106
1260 [ 1.  0.  0.  0.] -1 -1.00133378925
1261 [ 1.  0.  0.  0.] -1 -1.00133379434
1262 [ 1.  0.  0.  0.] -1 -1.001333843
1263 [ 1.  0.  0.  0.] 0 -0.00133384300279
1264 [ 0.  1.  0.  0.] -2 -2.00133380275
1265 [ 0.  1.  0.  0.] -1 -1.00133376337
1266 [ 0.  1.  0.  0.] 9 8.99866620234
1267 [ 0.  1.  0.  0.] -1 -1.00133383349
1268 [ 0.  1.  0.  0.] -1 -1.00133382044
1269 [ 0.  1.  0.  0.] -1 -1.00133379965
1270 [ 0.  1.  0.  0.] 9 8.99866622711
1271 [ 0.  1.  0.  0.] -1 -1.00133390328
1272 [ 0.  1.  0.  0.] -1 -1.00133388215
1273 [ 0.  1.  0.  0.] -1 -1.00133387043
1274 [ 0.  1.  0.  0.] 9 8.99866613643
1275 [ 0.  1.  0.  0.] -1 -1.00133383968
1276 [ 0.  1.  0.  0.] -1 -1.00133383095
1277 [ 0.  1.  0.  0.] -1 -1.00133381314
1278 [ 0.  1.  0.  0.] 9 8.99866621384
1279 [ 0.  1.  0.  0.] -1 -1.00133382686
1280 [ 0.  1.  0.  0.] -1 -1.00133381226
1281 [ 0.  1.  0.  0.] -1 -1.00133382885
1282 [ 0.  1.  0.  0.] 9 8.99866618044
1283 [ 0.  1.  0.  0.] -1 -1.0013338409
1284 [ 0.  1.  0.  0.] -1 -1.00133385782
1285 [ 0.  1.  0.  0.] -1 -1.00133381801
1286 [ 0.  1.  0.  0.] 9 8.99866612692
1287 [ 0.  1.  0.  0.] 0 -0.00133387308451
1288 [ 0.  0.  1.  0.] -2 -2.00133385517
1289 [ 0.  0.  1.  0.] -1 -1.00133383847
1290 [ 0.  0.  1.  0.] 9 8.99866614461
1291 [ 0.  0.  1.  0.] -1 -1.00133376503
1292 [ 0.  0.  1.  0.] -1 -1.00133382265
1293 [ 0.  0.  1.  0.] -1 -1.00133380805
1294 [ 0.  0.  1.  0.] 9 8.99866623264
1295 [ 0.  0.  1.  0.] -1 -1.00133381469
1296 [ 0.  0.  1.  0.] -1 -1.00133381159
1297 [ 0.  0.  1.  0.] -1 -1.00133383283
1298 [ 0.  0.  1.  0.] -1 -1.00133381834
1299 [ 0.  0.  1.  0.] 0 -0.00133381834021
1300 [ 0.  1.  0.  0.] -2 -2.00133385185
1301 [ 0.  1.  0.  0.] -1 -1.00133389299
1302 [ 0.  1.  0.  0.] -1 -1.00133382122
1303 [ 0.  1.  0.  0.] -1 -1.00133384477
1304 [ 0.  1.  0.  0.] -1 -1.001333843
1305 [ 0.  1.  0.  0.] -1 -1.00133385915
1306 [ 0.  1.  0.  0.] -1 -1.00133381624
1307 [ 0.  1.  0.  0.] -1 -1.00133381602
1308 [ 0.  1.  0.  0.] -1 -1.00133382221
1309 [ 0.  1.  0.  0.] -1 -1.0013338263
1310 [ 0.  1.  0.  0.] -1 -1.00133381447
1311 [ 0.  1.  0.  0.] 0 -0.0013338144694
1312 [ 0.  0.  1.  0.] -2 -2.00133379943
1313 [ 0.  0.  1.  0.] -1 -1.00133382608
1314 [ 0.  0.  1.  0.] -1 -1.00133383216
1315 [ 0.  0.  1.  0.] -1 -1.00133375862
1316 [ 0.  0.  1.  0.] -1 -1.00133381414
1317 [ 0.  0.  1.  0.] -1 -1.00133377665
1318 [ 0.  0.  1.  0.] -1 -1.0013337783
1319 [ 0.  0.  1.  0.] -1 -1.00133378107
1320 [ 0.  0.  1.  0.] -1 -1.00133378616
1321 [ 0.  0.  1.  0.] -1 -1.00133378726
1322 [ 0.  0.  1.  0.] -1 -1.00133378992
1323 [ 0.  0.  1.  0.] 0 -0.00133378991741
1324 [ 0.  0.  0.  1.] -2 -2.00133381889
1325 [ 0.  0.  0.  1.] -1 -1.00133382254
1326 [ 0.  0.  0.  1.] -1 -1.00133378505
1327 [ 0.  0.  0.  1.] -1 -1.00133379191
1328 [ 0.  0.  0.  1.] -1 -1.00133379235
1329 [ 0.  0.  0.  1.] -1 -1.00133380452
1330 [ 0.  0.  0.  1.] -1 -1.00133376846
1331 [ 0.  0.  0.  1.] -1 -1.00133378605
1332 [ 0.  0.  0.  1.] -1 -1.00133371914
1333 [ 0.  0.  0.  1.] -1 -1.00133376713
1334 [ 0.  0.  0.  1.] -1 -1.0013338221
1335 [ 0.  0.  0.  1.] 0 -0.00133382210042
1336 [ 0.  0.  1.  0.] -2 -2.00133383792
1337 [ 0.  0.  1.  0.] -1 -1.0013338273
1338 [ 0.  0.  1.  0.] -1 -1.00133383106
1339 [ 0.  0.  1.  0.] -1 -1.00133383825
1340 [ 0.  0.  1.  0.] -1 -1.00133385074
1341 [ 0.  0.  1.  0.] -1 -1.00133384035
1342 [ 0.  0.  1.  0.] -1 -1.00133382785
1343 [ 0.  0.  1.  0.] -1 -1.00133389255
1344 [ 0.  0.  1.  0.] -1 -1.00133388326
1345 [ 0.  0.  1.  0.] -1 -1.00133384931
1346 [ 0.  0.  1.  0.] -1 -1.0013338565
1347 [ 0.  0.  1.  0.] 0 -0.00133385649533
1348 [ 0.  0.  0.  1.] -2 -2.00133384964
1349 [ 0.  0.  0.  1.] -1 -1.00133382619
1350 [ 0.  0.  0.  1.] -1 -1.00133382498
1351 [ 0.  0.  0.  1.] -1 -1.00133385229
1352 [ 0.  0.  0.  1.] -1 -1.0013338325
1353 [ 0.  0.  0.  1.] -1 -1.0013338545
1354 [ 0.  0.  0.  1.] -1 -1.00133384212
1355 [ 0.  0.  0.  1.] -1 -1.00133379279
1356 [ 0.  0.  0.  1.] -1 -1.0013338158
1357 [ 0.  0.  0.  1.] -1 -1.00133384488
1358 [ 0.  0.  0.  1.] -1 -1.00133385981
1359 [ 0.  0.  0.  1.] 0 -0.00133385981317
1360 [ 1.  0.  0.  0.] -2 -2.00133388171
1361 [ 1.  0.  0.  0.] -1 -1.00133384776
1362 [ 1.  0.  0.  0.] -1 -1.00133391378
1363 [ 1.  0.  0.  0.] -1 -1.00133392407
1364 [ 1.  0.  0.  0.] -1 -1.00133391776
1365 [ 1.  0.  0.  0.] -1 -1.00133392462
1366 [ 1.  0.  0.  0.] -1 -1.00133388569
1367 [ 1.  0.  0.  0.] -1 -1.00133387839
1368 [ 1.  0.  0.  0.] -1 -1.00133389255
1369 [ 1.  0.  0.  0.] -1 -1.00133388868
1370 [ 1.  0.  0.  0.] -1 -1.00133387773
1371 [ 1.  0.  0.  0.] 0 -0.00133387772948
1372 [ 0.  0.  0.  1.] -2 -2.0013338774
1373 [ 0.  0.  0.  1.] -1 -1.00133384013
1374 [ 0.  0.  0.  1.] -1 -1.00133388437
1375 [ 0.  0.  0.  1.] -1 -1.00133392506
1376 [ 0.  0.  0.  1.] -1 -1.00133389432
1377 [ 0.  0.  0.  1.] -1 -1.00133383891
1378 [ 0.  0.  0.  1.] -1 -1.00133392838
1379 [ 0.  0.  0.  1.] -1 -1.00133392418
1380 [ 0.  0.  0.  1.] -1 -1.00133390925
1381 [ 0.  0.  0.  1.] -1 -1.00133388868
1382 [ 0.  0.  0.  1.] -1 -1.00133391047
1383 [ 0.  0.  0.  1.] 0 -0.00133391046547
1384 [ 1.  0.  0.  0.] -2 -2.0013338868
1385 [ 1.  0.  0.  0.] -1 -1.0013338837
1386 [ 1.  0.  0.  0.] -1 -1.00133385561
1387 [ 1.  0.  0.  0.] -1 -1.00133382874
1388 [ 1.  0.  0.  0.] -1 -1.00133385207
1389 [ 1.  0.  0.  0.] -1 -1.00133389111
1390 [ 1.  0.  0.  0.] -1 -1.00133384698
1391 [ 1.  0.  0.  0.] -1 -1.00133383006
1392 [ 1.  0.  0.  0.] -1 -1.00133386866
1393 [ 1.  0.  0.  0.] -1 -1.00133386446
1394 [ 1.  0.  0.  0.] -1 -1.00133383637
1395 [ 1.  0.  0.  0.] 0 -0.00133383636712
1396 [ 0.  1.  0.  0.] -2 -2.00133380717
1397 [ 0.  1.  0.  0.] -1 -1.00133383239
1398 [ 0.  1.  0.  0.] -1 -1.0013338461
1399 [ 0.  1.  0.  0.] -1 -1.00133383814
1400 [ 0.  1.  0.  0.] -1 -1.00133386379
1401 [ 0.  1.  0.  0.] -1 -1.00133385008
1402 [ 0.  1.  0.  0.] -1 -1.00133387264
1403 [ 0.  1.  0.  0.] -1 -1.00133387087
1404 [ 0.  1.  0.  0.] -1 -1.00133386755
1405 [ 0.  1.  0.  0.] -1 -1.00133386711
1406 [ 0.  1.  0.  0.] -1 -1.001333868
1407 [ 0.  1.  0.  0.] -1 -1.00133384256
1408 [ 0.  1.  0.  0.] -1 -1.00133379467
1409 [ 0.  1.  0.  0.] -1 -1.00133384267
1410 [ 0.  1.  0.  0.] -1 -1.00133380164
1411 [ 0.  1.  0.  0.] -1 -1.00133384566
1412 [ 0.  1.  0.  0.] -1 -1.00133386335
1413 [ 0.  1.  0.  0.] -1 -1.00133384544
1414 [ 0.  1.  0.  0.] -1 -1.00133384643
1415 [ 0.  1.  0.  0.] -1 -1.00133382122
1416 [ 0.  1.  0.  0.] -1 -1.00133385384
1417 [ 0.  1.  0.  0.] -1 -1.00133384698
1418 [ 0.  1.  0.  0.] -1 -1.00133383792
1419 [ 0.  1.  0.  0.] 0 -0.00133383791544
1420 [ 1.  0.  0.  0.] -2 -2.00133383803
1421 [ 1.  0.  0.  0.] -1 -1.00133382752
1422 [ 1.  0.  0.  0.] -1 -1.00133379301
1423 [ 1.  0.  0.  0.] -1 -1.00133380474
1424 [ 1.  0.  0.  0.] -1 -1.00133381027
1425 [ 1.  0.  0.  0.] -1 -1.00133378361
1426 [ 1.  0.  0.  0.] -1 -1.00133382376
1427 [ 1.  0.  0.  0.] -1 -1.00133381779
1428 [ 1.  0.  0.  0.] -1 -1.00133386247
1429 [ 1.  0.  0.  0.] -1 -1.00133381635
1430 [ 1.  0.  0.  0.] -1 -1.00133379766
1431 [ 1.  0.  0.  0.] 0 -0.00133379765903
1432 [ 0.  1.  0.  0.] -2 -2.00133380087
1433 [ 0.  1.  0.  0.] -1 -1.00133379788
1434 [ 0.  1.  0.  0.] 9 8.99866616463
1435 [ 0.  1.  0.  0.] -1 -1.00133385229
1436 [ 0.  1.  0.  0.] -1 -1.00133386203
1437 [ 0.  1.  0.  0.] -1 -1.00133381292
1438 [ 0.  1.  0.  0.] 9 8.99866618531
1439 [ 0.  1.  0.  0.] -1 -1.00133380629
1440 [ 0.  1.  0.  0.] -1 -1.00133382564
1441 [ 0.  1.  0.  0.] -1 -1.00133378195
1442 [ 0.  1.  0.  0.] 9 8.99866618686
1443 [ 0.  1.  0.  0.] -1 -1.00133383548
1444 [ 0.  1.  0.  0.] -1 -1.00133388702
1445 [ 0.  1.  0.  0.] -1 -1.00133385008
1446 [ 0.  1.  0.  0.] -1 -1.00133385097
1447 [ 0.  1.  0.  0.] -1 -1.00133378439
1448 [ 0.  1.  0.  0.] -1 -1.00133381602
1449 [ 0.  1.  0.  0.] -1 -1.00133380883
1450 [ 0.  1.  0.  0.] -1 -1.0013338169
1451 [ 0.  1.  0.  0.] -1 -1.00133380673
1452 [ 0.  1.  0.  0.] -1 -1.00133380861
1453 [ 0.  1.  0.  0.] -1 -1.00133382652
1454 [ 0.  1.  0.  0.] -1 -1.00133381712
1455 [ 0.  1.  0.  0.] -1 -1.0013338534
1456 [ 0.  1.  0.  0.] -1 -1.00133383482
1457 [ 0.  1.  0.  0.] -1 -1.00133386346
1458 [ 0.  1.  0.  0.] -1 -1.00133384201
1459 [ 0.  1.  0.  0.] -1 -1.00133386269
1460 [ 0.  1.  0.  0.] -1 -1.00133386888
1461 [ 0.  1.  0.  0.] -1 -1.00133391533
1462 [ 0.  1.  0.  0.] -1 -1.0013338576
1463 [ 0.  1.  0.  0.] -1 -1.00133384931
1464 [ 0.  1.  0.  0.] -1 -1.0013338795
1465 [ 0.  1.  0.  0.] -1 -1.00133386324
1466 [ 0.  1.  0.  0.] -1 -1.00133388083
1467 [ 0.  1.  0.  0.] 0 -0.00133388082613
1468 [ 0.  0.  1.  0.] -2 -2.0013338451
1469 [ 0.  0.  1.  0.] -1 -1.00133384787
1470 [ 0.  0.  1.  0.] 9 8.9986661382
1471 [ 0.  0.  1.  0.] -1 -1.00133387065
1472 [ 0.  0.  1.  0.] -1 -1.00133382708
1473 [ 0.  0.  1.  0.] -1 -1.00133383261
1474 [ 0.  0.  1.  0.] 9 8.99866610745
1475 [ 0.  0.  1.  0.] -1 -1.00133384577
1476 [ 0.  0.  1.  0.] -1 -1.00133386545
1477 [ 0.  0.  1.  0.] -1 -1.00133384433
1478 [ 0.  0.  1.  0.] -1 -1.00133385826
1479 [ 0.  0.  1.  0.] 0 -0.00133385826484
1480 [ 0.  0.  0.  1.] -2 -2.00133387729
1481 [ 0.  0.  0.  1.] -1 -1.00133384477
1482 [ 0.  0.  0.  1.] -1 -1.00133383316
1483 [ 0.  0.  0.  1.] -1 -1.0013338607
1484 [ 0.  0.  0.  1.] -1 -1.00133383991
1485 [ 0.  0.  0.  1.] -1 -1.00133384997
1486 [ 0.  0.  0.  1.] -1 -1.00133386822
1487 [ 0.  0.  0.  1.] -1 -1.0013338545
1488 [ 0.  0.  0.  1.] -1 -1.00133386457
1489 [ 0.  0.  0.  1.] -1 -1.00133384057
1490 [ 0.  0.  0.  1.] -1 -1.00133385661
1491 [ 0.  0.  0.  1.] 0 -0.00133385660592
1492 [ 0.  0.  1.  0.] -2 -2.00133382686
1493 [ 0.  0.  1.  0.] -1 -1.00133380098
1494 [ 0.  0.  1.  0.] -1 -1.00133381878
1495 [ 0.  0.  1.  0.] -1 -1.00133382464
1496 [ 0.  0.  1.  0.] -1 -1.00133381712
1497 [ 0.  0.  1.  0.] -1 -1.00133377731
1498 [ 0.  0.  1.  0.] -1 -1.00133378262
1499 [ 0.  0.  1.  0.] -1 -1.00133379611
1500 [ 0.  0.  1.  0.] -1 -1.00133381049
1501 [ 0.  0.  1.  0.] -1 -1.00133381403
1502 [ 0.  0.  1.  0.] -1 -1.00133376028
1503 [ 0.  0.  1.  0.] 0 -0.00133376027807
1504 [ 0.  0.  0.  1.] -2 -2.00133377974
1505 [ 0.  0.  0.  1.] -1 -1.00133379257
1506 [ 0.  0.  0.  1.] -1 -1.00133381535
1507 [ 0.  0.  0.  1.] -1 -1.00133383305
1508 [ 0.  0.  0.  1.] -1 -1.00133382
1509 [ 0.  0.  0.  1.] -1 -1.00133384555
1510 [ 0.  0.  0.  1.] -1 -1.00133378019
1511 [ 0.  0.  0.  1.] -1 -1.00133379899
1512 [ 0.  0.  0.  1.] -1 -1.00133377864
1513 [ 0.  0.  0.  1.] -1 -1.00133379346
1514 [ 0.  0.  0.  1.] -1 -1.00133379014
1515 [ 0.  0.  0.  1.] 0 -0.0013337901386
1516 [ 1.  0.  0.  0.] -2 -2.00133379279
1517 [ 1.  0.  0.  0.] -1 -1.00133378229
1518 [ 1.  0.  0.  0.] -1 -1.00133379854
1519 [ 1.  0.  0.  0.] -1 -1.0013337647
1520 [ 1.  0.  0.  0.] -1 -1.00133379622
1521 [ 1.  0.  0.  0.] -1 -1.0013337783
1522 [ 1.  0.  0.  0.] -1 -1.00133380573
1523 [ 1.  0.  0.  0.] -1 -1.00133380208
1524 [ 1.  0.  0.  0.] -1 -1.00133375762
1525 [ 1.  0.  0.  0.] -1 -1.00133378782
1526 [ 1.  0.  0.  0.] -1 -1.00133378041
1527 [ 1.  0.  0.  0.] 0 -0.00133378040628
1528 [ 0.  0.  0.  1.] -2 -2.00133383382
1529 [ 0.  0.  0.  1.] -1 -1.00133380518
1530 [ 0.  0.  0.  1.] -1 -1.00133382243
1531 [ 0.  0.  0.  1.] -1 -1.00133383858
1532 [ 0.  0.  0.  1.] -1 -1.00133381093
1533 [ 0.  0.  0.  1.] -1 -1.00133382509
1534 [ 0.  0.  0.  1.] -1 -1.00133384101
1535 [ 0.  0.  0.  1.] -1 -1.00133389078
1536 [ 0.  0.  0.  1.] -1 -1.00133387508
1537 [ 0.  0.  0.  1.] -1 -1.00133390195
1538 [ 0.  0.  0.  1.] -1 -1.00133380286
1539 [ 0.  0.  0.  1.] -1 -1.00133385318
1540 [ 0.  0.  0.  1.] -1 -1.00133382442
1541 [ 0.  0.  0.  1.] -1 -1.00133382099
1542 [ 0.  0.  0.  1.] -1 -1.00133383968
1543 [ 0.  0.  0.  1.] -1 -1.00133382287
1544 [ 0.  0.  0.  1.] -1 -1.00133381757
1545 [ 0.  0.  0.  1.] -1 -1.00133382487
1546 [ 0.  0.  0.  1.] -1 -1.00133380684
1547 [ 0.  0.  0.  1.] -1 -1.00133383261
1548 [ 0.  0.  0.  1.] -1 -1.00133378682
1549 [ 0.  0.  0.  1.] -1 -1.00133382332
1550 [ 0.  0.  0.  1.] -1 -1.00133385782
1551 [ 0.  0.  0.  1.] -1 -1.00133381071
1552 [ 0.  0.  0.  1.] -1 -1.00133382929
1553 [ 0.  0.  0.  1.] -1 -1.00133384831
1554 [ 0.  0.  0.  1.] -1 -1.00133385074
1555 [ 0.  0.  0.  1.] -1 -1.00133386081
1556 [ 0.  0.  0.  1.] -1 -1.00133384599
1557 [ 0.  0.  0.  1.] -1 -1.00133383172
1558 [ 0.  0.  0.  1.] -1 -1.00133384433
1559 [ 0.  0.  0.  1.] -1 -1.00133386357
1560 [ 0.  0.  0.  1.] -1 -1.00133378262
1561 [ 0.  0.  0.  1.] -1 -1.00133382907
1562 [ 0.  0.  0.  1.] -1 -1.00133384831
1563 [ 0.  0.  0.  1.] 0 -0.00133384831133
1564 [ 1.  0.  0.  0.] -2 -2.00133382863
1565 [ 1.  0.  0.  0.] -1 -1.00133382276
1566 [ 1.  0.  0.  0.] -1 -1.0013337657
1567 [ 1.  0.  0.  0.] -1 -1.00133377642
1568 [ 1.  0.  0.  0.] -1 -1.00133374059
1569 [ 1.  0.  0.  0.] -1 -1.0013337835
1570 [ 1.  0.  0.  0.] -1 -1.00133378571
1571 [ 1.  0.  0.  0.] -1 -1.00133381746
1572 [ 1.  0.  0.  0.] -1 -1.001333749
1573 [ 1.  0.  0.  0.] -1 -1.00133376382
1574 [ 1.  0.  0.  0.] -1 -1.00133381248
1575 [ 1.  0.  0.  0.] 0 -0.0013338124787
1576 [ 0.  0.  0.  1.] -2 -2.00133382442
1577 [ 0.  0.  0.  1.] -1 -1.00133385517
1578 [ 0.  0.  0.  1.] -1 -1.00133382752
1579 [ 0.  0.  0.  1.] -1 -1.00133381668
1580 [ 0.  0.  0.  1.] -1 -1.00133382464
1581 [ 0.  0.  0.  1.] -1 -1.00133387331
1582 [ 0.  0.  0.  1.] -1 -1.00133380407
1583 [ 0.  0.  0.  1.] 0 -0.00133380407351
1584 [ 1.  0.  0.  0.] -2 -2.00133378019
1585 [ 1.  0.  0.  0.] -1 -1.00133379102
1586 [ 1.  0.  0.  0.] -1 -1.00133378361
1587 [ 1.  0.  0.  0.] -1 -1.0013337939
1588 [ 1.  0.  0.  0.] -1 -1.00133374502
1589 [ 1.  0.  0.  0.] -1 -1.00133374502
1590 [ 1.  0.  0.  0.] -1 -1.0013337417
1591 [ 1.  0.  0.  0.] -1 -1.0013337208
1592 [ 1.  0.  0.  0.] -1 -1.00133374203
1593 [ 1.  0.  0.  0.] -1 -1.00133376061
1594 [ 1.  0.  0.  0.] -1 -1.00133375818
1595 [ 1.  0.  0.  0.] -1 -1.00133374634
1596 [ 1.  0.  0.  0.] -1 -1.0013337469
1597 [ 1.  0.  0.  0.] -1 -1.00133378925
1598 [ 1.  0.  0.  0.] -1 -1.00133378262
1599 [ 1.  0.  0.  0.] -1 -1.00133379235
1600 [ 1.  0.  0.  0.] -1 -1.00133372865
1601 [ 1.  0.  0.  0.] -1 -1.00133375729
1602 [ 1.  0.  0.  0.] -1 -1.00133374059
1603 [ 1.  0.  0.  0.] -1 -1.00133376979
1604 [ 1.  0.  0.  0.] -1 -1.00133373904
1605 [ 1.  0.  0.  0.] -1 -1.00133374911
1606 [ 1.  0.  0.  0.] -1 -1.00133371781
1607 [ 1.  0.  0.  0.] 0 -0.00133371780976
1608 [ 0.  1.  0.  0.] -2 -2.00133376802
1609 [ 0.  1.  0.  0.] -1 -1.00133379888
1610 [ 0.  1.  0.  0.] -1 -1.00133379202
1611 [ 0.  1.  0.  0.] -1 -1.00133377023
1612 [ 0.  1.  0.  0.] -1 -1.00133374502
1613 [ 0.  1.  0.  0.] -1 -1.00133377443
1614 [ 0.  1.  0.  0.] -1 -1.00133378859
1615 [ 0.  1.  0.  0.] -1 -1.00133382022
1616 [ 0.  1.  0.  0.] -1 -1.00133382509
1617 [ 0.  1.  0.  0.] -1 -1.00133382542
1618 [ 0.  1.  0.  0.] -1 -1.00133384223
1619 [ 0.  1.  0.  0.] -1 -1.00133377488
1620 [ 0.  1.  0.  0.] -1 -1.00133375154
1621 [ 0.  1.  0.  0.] -1 -1.00133375519
1622 [ 0.  1.  0.  0.] -1 -1.0013337605
1623 [ 0.  1.  0.  0.] -1 -1.00133384422
1624 [ 0.  1.  0.  0.] -1 -1.00133383084
1625 [ 0.  1.  0.  0.] -1 -1.00133382177
1626 [ 0.  1.  0.  0.] -1 -1.00133383371
1627 [ 0.  1.  0.  0.] 0 -0.00133383371285
1628 [ 0.  0.  1.  0.] -2 -2.0013338054
1629 [ 0.  0.  1.  0.] -1 -1.00133377698
1630 [ 0.  0.  1.  0.] 9 8.99866613222
1631 [ 0.  0.  1.  0.] -1 -1.00133381734
1632 [ 0.  0.  1.  0.] -1 -1.00133379788
1633 [ 0.  0.  1.  0.] -1 -1.0013337417
1634 [ 0.  0.  1.  0.] 9 8.9986661842
1635 [ 0.  0.  1.  0.] -1 -1.00133383836
1636 [ 0.  0.  1.  0.] -1 -1.00133379622
1637 [ 0.  0.  1.  0.] -1 -1.00133384621
1638 [ 0.  0.  1.  0.] 9 8.99866618863
1639 [ 0.  0.  1.  0.] -1 -1.00133384632
1640 [ 0.  0.  1.  0.] -1 -1.00133386136
1641 [ 0.  0.  1.  0.] -1 -1.0013338367
1642 [ 0.  0.  1.  0.] 9 8.99866611298
1643 [ 0.  0.  1.  0.] -1 -1.00133382475
1644 [ 0.  0.  1.  0.] -1 -1.00133381734
1645 [ 0.  0.  1.  0.] -1 -1.00133381823
1646 [ 0.  0.  1.  0.] 9 8.99866615335
1647 [ 0.  0.  1.  0.] -1 -1.00133376636
1648 [ 0.  0.  1.  0.] -1 -1.00133378229
1649 [ 0.  0.  1.  0.] -1 -1.00133373219
1650 [ 0.  0.  1.  0.] -1 -1.00133375198
1651 [ 0.  0.  1.  0.] 0 -0.00133375198347
1652 [ 0.  1.  0.  0.] -2 -2.00133383172
1653 [ 0.  1.  0.  0.] -1 -1.00133378771
1654 [ 0.  1.  0.  0.] -1 -1.0013337866
1655 [ 0.  1.  0.  0.] -1 -1.00133381989
1656 [ 0.  1.  0.  0.] -1 -1.00133380916
1657 [ 0.  1.  0.  0.] -1 -1.00133381159
1658 [ 0.  1.  0.  0.] -1 -1.00133383283
1659 [ 0.  1.  0.  0.] -1 -1.00133381005
1660 [ 0.  1.  0.  0.] -1 -1.00133384499
1661 [ 0.  1.  0.  0.] -1 -1.0013338023
1662 [ 0.  1.  0.  0.] -1 -1.00133382199
1663 [ 0.  1.  0.  0.] 0 -0.00133382198983
1664 [ 0.  0.  1.  0.] -2 -2.00133384046
1665 [ 0.  0.  1.  0.] -1 -1.00133383393
1666 [ 0.  0.  1.  0.] -1 -1.00133384035
1667 [ 0.  0.  1.  0.] -1 -1.00133372909
1668 [ 0.  0.  1.  0.] -1 -1.00133378616
1669 [ 0.  0.  1.  0.] -1 -1.00133376758
1670 [ 0.  0.  1.  0.] -1 -1.00133374137
1671 [ 0.  0.  1.  0.] -1 -1.00133382697
1672 [ 0.  0.  1.  0.] -1 -1.00133383482
1673 [ 0.  0.  1.  0.] -1 -1.00133384134
1674 [ 0.  0.  1.  0.] -1 -1.0013338085
1675 [ 0.  0.  1.  0.] 0 -0.00133380849729
1676 [ 0.  1.  0.  0.] -2 -2.00133381137
1677 [ 0.  1.  0.  0.] -1 -1.00133384676
1678 [ 0.  1.  0.  0.] -1 -1.0013338064
1679 [ 0.  1.  0.  0.] -1 -1.00133382442
1680 [ 0.  1.  0.  0.] -1 -1.00133383648
1681 [ 0.  1.  0.  0.] -1 -1.00133383924
1682 [ 0.  1.  0.  0.] -1 -1.00133382741
1683 [ 0.  1.  0.  0.] -1 -1.00133380053
1684 [ 0.  1.  0.  0.] -1 -1.00133382973
1685 [ 0.  1.  0.  0.] -1 -1.00133383139
1686 [ 0.  1.  0.  0.] -1 -1.00133384367
1687 [ 0.  1.  0.  0.] 0 -0.00133384366636
1688 [ 0.  0.  1.  0.] -2 -2.0013337762
1689 [ 0.  0.  1.  0.] -1 -1.00133381358
1690 [ 0.  0.  1.  0.] -1 -1.00133381115
1691 [ 0.  0.  1.  0.] -1 -1.00133373595
1692 [ 0.  0.  1.  0.] -1 -1.00133378328
1693 [ 0.  0.  1.  0.] -1 -1.00133375475
1694 [ 0.  0.  1.  0.] -1 -1.001333749
1695 [ 0.  0.  1.  0.] -1 -1.00133375121
1696 [ 0.  0.  1.  0.] -1 -1.00133375198
1697 [ 0.  0.  1.  0.] -1 -1.00133374446
1698 [ 0.  0.  1.  0.] -1 -1.00133376083
1699 [ 0.  0.  1.  0.] 0 -0.00133376083104
1700 [ 0.  0.  0.  1.] -2 -2.00133377499
1701 [ 0.  0.  0.  1.] -1 -1.00133377775
1702 [ 0.  0.  0.  1.] -1 -1.00133375486
1703 [ 0.  0.  0.  1.] -1 -1.00133376625
1704 [ 0.  0.  0.  1.] -1 -1.00133376736
1705 [ 0.  0.  0.  1.] -1 -1.00133377554
1706 [ 0.  0.  0.  1.] -1 -1.00133372312
1707 [ 0.  0.  0.  1.] -1 -1.00133375044
1708 [ 0.  0.  0.  1.] -1 -1.00133367999
1709 [ 0.  0.  0.  1.] -1 -1.00133373761
1710 [ 0.  0.  0.  1.] -1 -1.00133378859
1711 [ 0.  0.  0.  1.] 0 -0.00133378859027
1712 [ 0.  0.  1.  0.] -2 -2.00133380264
1713 [ 0.  0.  1.  0.] -1 -1.00133379434
1714 [ 0.  0.  1.  0.] -1 -1.00133380175
1715 [ 0.  0.  1.  0.] -1 -1.00133382011
1716 [ 0.  0.  1.  0.] -1 -1.00133383216
1717 [ 0.  0.  1.  0.] -1 -1.00133381856
1718 [ 0.  0.  1.  0.] -1 -1.0013338085
1719 [ 0.  0.  1.  0.] -1 -1.00133385694
1720 [ 0.  0.  1.  0.] -1 -1.00133384721
1721 [ 0.  0.  1.  0.] -1 -1.00133381381
1722 [ 0.  0.  1.  0.] -1 -1.00133381801
1723 [ 0.  0.  1.  0.] -1 -1.00133378549
1724 [ 0.  0.  1.  0.] -1 -1.00133378107
1725 [ 0.  0.  1.  0.] -1 -1.00133377333
1726 [ 0.  0.  1.  0.] -1 -1.00133376658
1727 [ 0.  0.  1.  0.] -1 -1.00133378107
1728 [ 0.  0.  1.  0.] -1 -1.00133379843
1729 [ 0.  0.  1.  0.] -1 -1.00133381071
1730 [ 0.  0.  1.  0.] -1 -1.00133378826
1731 [ 0.  0.  1.  0.] -1 -1.00133380562
1732 [ 0.  0.  1.  0.] -1 -1.00133379191
1733 [ 0.  0.  1.  0.] -1 -1.00133378173
1734 [ 0.  0.  1.  0.] -1 -1.00133380319
1735 [ 0.  0.  1.  0.] 0 -0.00133380318875
1736 [ 0.  1.  0.  0.] -2 -2.0013338346
1737 [ 0.  1.  0.  0.] -1 -1.00133379854
1738 [ 0.  1.  0.  0.] -1 -1.00133380761
1739 [ 0.  1.  0.  0.] -1 -1.00133381513
1740 [ 0.  1.  0.  0.] -1 -1.00133378328
1741 [ 0.  1.  0.  0.] -1 -1.00133380828
1742 [ 0.  1.  0.  0.] -1 -1.00133380241
1743 [ 0.  1.  0.  0.] -1 -1.00133382973
1744 [ 0.  1.  0.  0.] -1 -1.00133383946
1745 [ 0.  1.  0.  0.] -1 -1.00133385495
1746 [ 0.  1.  0.  0.] -1 -1.00133383382
1747 [ 0.  1.  0.  0.] -1 -1.00133379943
1748 [ 0.  1.  0.  0.] -1 -1.00133378063
1749 [ 0.  1.  0.  0.] -1 -1.00133377377
1750 [ 0.  1.  0.  0.] -101 -101
1751 [ 0.  1.  0.  0.] -2 -2.00133386169
1752 [ 0.  1.  0.  0.] -1 -1.00133385185
1753 [ 0.  1.  0.  0.] -1 -1.00133385473
1754 [ 0.  1.  0.  0.] -1 -1.00133387054
1755 [ 0.  1.  0.  0.] -1 -1.00133385627
1756 [ 0.  1.  0.  0.] 0 -0.00133385627414
1757 [ 1.  0.  0.  0.] -2 -2.00133387198
1758 [ 1.  0.  0.  0.] -1 -1.00133387928
1759 [ 1.  0.  0.  0.] -1 -1.00133382221
1760 [ 1.  0.  0.  0.] -1 -1.00133382243
1761 [ 1.  0.  0.  0.] -1 -1.00133384654
1762 [ 1.  0.  0.  0.] -1 -1.00133382354
1763 [ 1.  0.  0.  0.] -1 -1.00133387574
1764 [ 1.  0.  0.  0.] -1 -1.00133385981
1765 [ 1.  0.  0.  0.] -1 -1.00133386977
1766 [ 1.  0.  0.  0.] -1 -1.00133386114
1767 [ 1.  0.  0.  0.] -1 -1.00133388072
1768 [ 1.  0.  0.  0.] 0 -0.00133388071554
1769 [ 0.  1.  0.  0.] -2 -2.00133389012
1770 [ 0.  1.  0.  0.] -1 -1.00133385849
1771 [ 0.  1.  0.  0.] -1 -1.00133386269
1772 [ 0.  1.  0.  0.] -1 -1.00133390184
1773 [ 0.  1.  0.  0.] -1 -1.00133387198
1774 [ 0.  1.  0.  0.] -1 -1.00133388304
1775 [ 0.  1.  0.  0.] -1 -1.00133388613
1776 [ 0.  1.  0.  0.] -1 -1.00133389034
1777 [ 0.  1.  0.  0.] -1 -1.00133387773
1778 [ 0.  1.  0.  0.] -1 -1.0013338983
1779 [ 0.  1.  0.  0.] -1 -1.00133391688
1780 [ 0.  1.  0.  0.] 0 -0.00133391687996
1781 [ 1.  0.  0.  0.] -2 -2.0013338722
1782 [ 1.  0.  0.  0.] -1 -1.00133392617
1783 [ 1.  0.  0.  0.] -1 -1.00133389642
1784 [ 1.  0.  0.  0.] -1 -1.0013339014
1785 [ 1.  0.  0.  0.] -1 -1.00133390737
1786 [ 1.  0.  0.  0.] -1 -1.00133391069
1787 [ 1.  0.  0.  0.] -1 -1.00133388591
1788 [ 1.  0.  0.  0.] -1 -1.00133386833
1789 [ 1.  0.  0.  0.] -1 -1.00133385915
1790 [ 1.  0.  0.  0.] -1 -1.00133385473
1791 [ 1.  0.  0.  0.] -1 -1.00133385583
1792 [ 1.  0.  0.  0.] 0 -0.00133385583176
1793 [ 0.  0.  0.  1.] -2 -2.00133385583
1794 [ 0.  0.  0.  1.] -1 -1.00133384886
1795 [ 0.  0.  0.  1.] -1 -1.00133386999
1796 [ 0.  0.  0.  1.] -1 -1.00133385838
1797 [ 0.  0.  0.  1.] -1 -1.0013338545
1798 [ 0.  0.  0.  1.] -1 -1.00133387065
1799 [ 0.  0.  0.  1.] -1 -1.00133389366
1800 [ 0.  0.  0.  1.] -1 -1.00133388271
1801 [ 0.  0.  0.  1.] -1 -1.00133388569
1802 [ 0.  0.  0.  1.] -1 -1.00133388569
1803 [ 0.  0.  0.  1.] -1 -1.00133384875
1804 [ 0.  0.  0.  1.] -1 -1.00133383991
1805 [ 0.  0.  0.  1.] -1 -1.0013338545
1806 [ 0.  0.  0.  1.] -1 -1.00133385251
1807 [ 0.  0.  0.  1.] -1 -1.00133383836
1808 [ 0.  0.  0.  1.] -1 -1.00133384709
1809 [ 0.  0.  0.  1.] -1 -1.00133383792
1810 [ 0.  0.  0.  1.] -1 -1.00133383283
1811 [ 0.  0.  0.  1.] -1 -1.00133385086
1812 [ 0.  0.  0.  1.] -1 -1.00133385738
1813 [ 0.  0.  0.  1.] -1 -1.00133385063
1814 [ 0.  0.  0.  1.] -1 -1.00133383814
1815 [ 0.  0.  0.  1.] -1 -1.0013338586
1816 [ 0.  0.  0.  1.] -1 -1.0013338795
1817 [ 0.  0.  0.  1.] -1 -1.0013338534
1818 [ 0.  0.  0.  1.] -1 -1.00133386048
1819 [ 0.  0.  0.  1.] -1 -1.00133384765
1820 [ 0.  0.  0.  1.] -1 -1.00133385119
1821 [ 0.  0.  0.  1.] -1 -1.00133385141
1822 [ 0.  0.  0.  1.] -1 -1.00133385163
1823 [ 0.  0.  0.  1.] -1 -1.00133388038
1824 [ 0.  0.  0.  1.] -1 -1.00133389863
1825 [ 0.  0.  0.  1.] -1 -1.00133388547
1826 [ 0.  0.  0.  1.] -1 -1.00133387618
1827 [ 0.  0.  0.  1.] -1 -1.00133384909
1828 [ 0.  0.  0.  1.] -1 -1.00133386247
1829 [ 0.  0.  0.  1.] -1 -1.00133385981
1830 [ 0.  0.  0.  1.] -1 -1.00133384024
1831 [ 0.  0.  0.  1.] -1 -1.00133390759
1832 [ 0.  0.  0.  1.] -1 -1.00133390825
1833 [ 0.  0.  0.  1.] -1 -1.00133390228
1834 [ 0.  0.  0.  1.] -1 -1.00133388569
1835 [ 0.  0.  0.  1.] -1 -1.00133383592
1836 [ 0.  0.  0.  1.] -1 -1.00133386711
1837 [ 0.  0.  0.  1.] -1 -1.00133386191
1838 [ 0.  0.  0.  1.] -1 -1.00133385473
1839 [ 0.  0.  0.  1.] -1 -1.00133382022
1840 [ 0.  0.  0.  1.] -1 -1.00133384013
1841 [ 0.  0.  0.  1.] -1 -1.00133385097
1842 [ 0.  0.  0.  1.] -1 -1.00133386313
1843 [ 0.  0.  0.  1.] -1 -1.00133381414
1844 [ 0.  0.  0.  1.] -1 -1.00133379025
1845 [ 0.  0.  0.  1.] -1 -1.00133379147
1846 [ 0.  0.  0.  1.] -1 -1.00133379324
1847 [ 0.  0.  0.  1.] -1 -1.00133384599
1848 [ 0.  0.  0.  1.] -1 -1.00133385439
1849 [ 0.  0.  0.  1.] -1 -1.0013338273
1850 [ 0.  0.  0.  1.] -1 -1.00133383747
1851 [ 0.  0.  0.  1.] -1 -1.001333795
1852 [ 0.  0.  0.  1.] -1 -1.00133378682
1853 [ 0.  0.  0.  1.] -1 -1.00133375563
1854 [ 0.  0.  0.  1.] -1 -1.00133378074
1855 [ 0.  0.  0.  1.] -1 -1.00133383106
1856 [ 0.  0.  0.  1.] -1 -1.00133382829
1857 [ 0.  0.  0.  1.] -1 -1.00133381602
1858 [ 0.  0.  0.  1.] -1 -1.00133378936
1859 [ 0.  0.  0.  1.] -1 -1.00133371947
1860 [ 0.  0.  0.  1.] 0 -0.00133371946868
1861 [ 0.  0.  1.  0.] -2 -2.00133374811
1862 [ 0.  0.  1.  0.] -1 -1.00133376979
1863 [ 0.  0.  1.  0.] -1 -1.00133375608
1864 [ 0.  0.  1.  0.] -1 -1.00133380949
1865 [ 0.  0.  1.  0.] -1 -1.00133378406
1866 [ 0.  0.  1.  0.] -1 -1.00133380805
1867 [ 0.  0.  1.  0.] -1 -1.00133380241
1868 [ 0.  0.  1.  0.] -1 -1.00133381436
1869 [ 0.  0.  1.  0.] -1 -1.00133377631
1870 [ 0.  0.  1.  0.] -1 -1.00133380496
1871 [ 0.  0.  1.  0.] -1 -1.00133379832
1872 [ 0.  0.  1.  0.] -1 -1.00133379821
1873 [ 0.  0.  1.  0.] -1 -1.00133375619
1874 [ 0.  0.  1.  0.] -1 -1.00133375397
1875 [ 0.  0.  1.  0.] -1 -1.0013337709
1876 [ 0.  0.  1.  0.] -1 -1.00133375453
1877 [ 0.  0.  1.  0.] -1 -1.00133373219
1878 [ 0.  0.  1.  0.] -1 -1.00133378549
1879 [ 0.  0.  1.  0.] -1 -1.00133376149
1880 [ 0.  0.  1.  0.] -1 -1.0013338284
1881 [ 0.  0.  1.  0.] -1 -1.00133380452
1882 [ 0.  0.  1.  0.] -1 -1.00133382199
1883 [ 0.  0.  1.  0.] -1 -1.00133385074
1884 [ 0.  0.  1.  0.] 0 -0.00133385074441
1885 [ 0.  1.  0.  0.] -2 -2.00133382133
1886 [ 0.  1.  0.  0.] -1 -1.00133383515
1887 [ 0.  1.  0.  0.] -1 -1.00133383714
1888 [ 0.  1.  0.  0.] -1 -1.00133381469
1889 [ 0.  1.  0.  0.] -1 -1.00133375276
1890 [ 0.  1.  0.  0.] -1 -1.00133378273
1891 [ 0.  1.  0.  0.] -1 -1.00133381889
1892 [ 0.  1.  0.  0.] 0 -0.00133381889318
1893 [ 0.  0.  1.  0.] -2 -2.00133374856
1894 [ 0.  0.  1.  0.] -1 -1.00133378826
1895 [ 0.  0.  1.  0.] -1 -1.00133376116
1896 [ 0.  0.  1.  0.] -1 -1.00133377554
1897 [ 0.  0.  1.  0.] -1 -1.00133373285
1898 [ 0.  0.  1.  0.] -1 -1.0013337793
1899 [ 0.  0.  1.  0.] -1 -1.00133377775
1900 [ 0.  0.  1.  0.] -1 -1.00133376293
1901 [ 0.  0.  1.  0.] -1 -1.00133374546
1902 [ 0.  0.  1.  0.] -1 -1.00133375585
1903 [ 0.  0.  1.  0.] -1 -1.00133379888
1904 [ 0.  0.  1.  0.] -1 -1.00133377665
1905 [ 0.  0.  1.  0.] -1 -1.00133378439
1906 [ 0.  0.  1.  0.] -1 -1.00133375917
1907 [ 0.  0.  1.  0.] -1 -1.00133378959
1908 [ 0.  0.  1.  0.] -1 -1.00133382365
1909 [ 0.  0.  1.  0.] -1 -1.00133381535
1910 [ 0.  0.  1.  0.] -1 -1.00133378395
1911 [ 0.  0.  1.  0.] -1 -1.00133384566
1912 [ 0.  0.  1.  0.] -1 -1.00133382398
1913 [ 0.  0.  1.  0.] -1 -1.00133380164
1914 [ 0.  0.  1.  0.] -1 -1.0013337845
1915 [ 0.  0.  1.  0.] -1 -1.0013338565
1916 [ 0.  0.  1.  0.] 0 -0.00133385649533
1917 [ 0.  1.  0.  0.] -2 -2.00133383637
1918 [ 0.  1.  0.  0.] -1 -1.00133386158
1919 [ 0.  1.  0.  0.] -1 -1.001333867
1920 [ 0.  1.  0.  0.] -1 -1.00133379324
1921 [ 0.  1.  0.  0.] -1 -1.00133383371
1922 [ 0.  1.  0.  0.] -1 -1.00133384389
1923 [ 0.  1.  0.  0.] -1 -1.00133384079
1924 [ 0.  1.  0.  0.] -1 -1.00133379268
1925 [ 0.  1.  0.  0.] -1 -1.00133381071
1926 [ 0.  1.  0.  0.] -1 -1.00133381513
1927 [ 0.  1.  0.  0.] -1 -1.00133382641
1928 [ 0.  1.  0.  0.] 0 -0.00133382641361
1929 [ 0.  0.  1.  0.] -2 -2.00133381558
1930 [ 0.  0.  1.  0.] -1 -1.00133382575
1931 [ 0.  0.  1.  0.] -1 -1.00133382398
1932 [ 0.  0.  1.  0.] -1 -1.00133392374
1933 [ 0.  0.  1.  0.] -1 -1.0013339098
1934 [ 0.  0.  1.  0.] -1 -1.0013338774
1935 [ 0.  0.  1.  0.] -1 -1.00133390427
1936 [ 0.  0.  1.  0.] -1 -1.00133384035
1937 [ 0.  0.  1.  0.] -1 -1.0013338513
1938 [ 0.  0.  1.  0.] -1 -1.0013338795
1939 [ 0.  0.  1.  0.] -1 -1.00133385672
1940 [ 0.  0.  1.  0.] 0 -0.00133385671652
1941 [ 0.  1.  0.  0.] -2 -2.00133379876
1942 [ 0.  1.  0.  0.] -1 -1.00133379401
1943 [ 0.  1.  0.  0.] -1 -1.00133382907
1944 [ 0.  1.  0.  0.] -1 -1.00133380651
1945 [ 0.  1.  0.  0.] -1 -1.00133380297
1946 [ 0.  1.  0.  0.] -1 -1.00133378273
1947 [ 0.  1.  0.  0.] -1 -1.00133377576
1948 [ 0.  1.  0.  0.] -1 -1.00133382464
1949 [ 0.  1.  0.  0.] -1 -1.00133381469
1950 [ 0.  1.  0.  0.] -1 -1.00133381801
1951 [ 0.  1.  0.  0.] -1 -1.00133381071
1952 [ 0.  1.  0.  0.] 0 -0.00133381070918
1953 [ 1.  0.  0.  0.] -2 -2.00133384743
1954 [ 1.  0.  0.  0.] -1 -1.0013338127
1955 [ 1.  0.  0.  0.] -1 -1.00133379788
1956 [ 1.  0.  0.  0.] -1 -1.00133382066
1957 [ 1.  0.  0.  0.] -1 -1.00133382265
1958 [ 1.  0.  0.  0.] -1 -1.00133379666
1959 [ 1.  0.  0.  0.] -1 -1.00133378262
1960 [ 1.  0.  0.  0.] -1 -1.00133380197
1961 [ 1.  0.  0.  0.] -1 -1.0013337866
1962 [ 1.  0.  0.  0.] -1 -1.00133379777
1963 [ 1.  0.  0.  0.] -1 -1.00133381934
1964 [ 1.  0.  0.  0.] 0 -0.00133381933556
1965 [ 0.  1.  0.  0.] -2 -2.00133371471
1966 [ 0.  1.  0.  0.] -1 -1.0013337438
1967 [ 0.  1.  0.  0.] -1 -1.00133374126
1968 [ 0.  1.  0.  0.] -1 -1.00133378306
1969 [ 0.  1.  0.  0.] -1 -1.00133376603
1970 [ 0.  1.  0.  0.] -1 -1.00133377499
1971 [ 0.  1.  0.  0.] -1 -1.00133372433
1972 [ 0.  1.  0.  0.] -1 -1.00133377421
1973 [ 0.  1.  0.  0.] -1 -1.00133377576
1974 [ 0.  1.  0.  0.] -1 -1.00133374258
1975 [ 0.  1.  0.  0.] -1 -1.00133375674
1976 [ 0.  1.  0.  0.] -1 -1.00133376094
1977 [ 0.  1.  0.  0.] -1 -1.00133373949
1978 [ 0.  1.  0.  0.] -1 -1.00133375596
1979 [ 0.  1.  0.  0.] -1 -1.00133373573
1980 [ 0.  1.  0.  0.] -1 -1.00133378605
1981 [ 0.  1.  0.  0.] -1 -1.00133380098
1982 [ 0.  1.  0.  0.] -1 -1.00133377775
1983 [ 0.  1.  0.  0.] -1 -1.00133378129
1984 [ 0.  1.  0.  0.] -1 -1.00133377067
1985 [ 0.  1.  0.  0.] -1 -1.00133373495
1986 [ 0.  1.  0.  0.] -1 -1.00133375397
1987 [ 0.  1.  0.  0.] -1 -1.00133374701
1988 [ 0.  1.  0.  0.] -1 -1.00133380739
1989 [ 0.  1.  0.  0.] -1 -1.00133379523
1990 [ 0.  1.  0.  0.] -1 -1.00133380308
1991 [ 0.  1.  0.  0.] -1 -1.00133381934
1992 [ 0.  1.  0.  0.] -1 -1.00133383294
1993 [ 0.  1.  0.  0.] -1 -1.00133383261
1994 [ 0.  1.  0.  0.] -1 -1.00133381801
1995 [ 0.  1.  0.  0.] -1 -1.00133383681
1996 [ 0.  1.  0.  0.] -1 -1.00133383482
1997 [ 0.  1.  0.  0.] -1 -1.00133386601
1998 [ 0.  1.  0.  0.] -1 -1.0013338419
1999 [ 0.  1.  0.  0.] -1 -1.00133381646
2000 [ 0.  1.  0.  0.] 0 -0.0013338164601
2001 [ 0.  0.  1.  0.] -2 -2.00133377974
2002 [ 0.  0.  1.  0.] -1 -1.00133378638
2003 [ 0.  0.  1.  0.] -1 -1.00133377952
2004 [ 0.  0.  1.  0.] -1 -1.00133379611
2005 [ 0.  0.  1.  0.] -1 -1.00133382984
2006 [ 0.  0.  1.  0.] -1 -1.0013337709
2007 [ 0.  0.  1.  0.] -1 -1.00133378063
2008 [ 0.  0.  1.  0.] -1 -1.0013338054
2009 [ 0.  0.  1.  0.] -1 -1.00133379279
2010 [ 0.  0.  1.  0.] -1 -1.00133378881
2011 [ 0.  0.  1.  0.] -1 -1.00133377985
2012 [ 0.  0.  1.  0.] -1 -1.00133383891
2013 [ 0.  0.  1.  0.] -1 -1.00133383216
2014 [ 0.  0.  1.  0.] -1 -1.00133381093
2015 [ 0.  0.  1.  0.] -1 -1.00133381602
2016 [ 0.  0.  1.  0.] -1 -1.00133384345
2017 [ 0.  0.  1.  0.] -1 -1.00133382387
2018 [ 0.  0.  1.  0.] -1 -1.00133380341
2019 [ 0.  0.  1.  0.] -1 -1.00133383836
2020 [ 0.  0.  1.  0.] -1 -1.00133382
2021 [ 0.  0.  1.  0.] -1 -1.00133381701
2022 [ 0.  0.  1.  0.] -1 -1.00133381591
2023 [ 0.  0.  1.  0.] -1 -1.00133383283
2024 [ 0.  0.  1.  0.] -1 -1.00133382553
2025 [ 0.  0.  1.  0.] -1 -1.00133381082
2026 [ 0.  0.  1.  0.] -1 -1.0013338409
2027 [ 0.  0.  1.  0.] -1 -1.0013338795
2028 [ 0.  0.  1.  0.] -1 -1.00133391223
2029 [ 0.  0.  1.  0.] -1 -1.00133386291
2030 [ 0.  0.  1.  0.] -1 -1.00133382973
2031 [ 0.  0.  1.  0.] -1 -1.0013338607
2032 [ 0.  0.  1.  0.] -1 -1.00133380573
2033 [ 0.  0.  1.  0.] -1 -1.00133384986
2034 [ 0.  0.  1.  0.] -1 -1.00133382409
2035 [ 0.  0.  1.  0.] -1 -1.00133381867
2036 [ 0.  0.  1.  0.] 0 -0.00133381867199
2037 [ 0.  1.  0.  0.] -2 -2.00133382918
2038 [ 0.  1.  0.  0.] -1 -1.00133385893
2039 [ 0.  1.  0.  0.] -1 -1.00133384079
2040 [ 0.  1.  0.  0.] -1 -1.0013338012
2041 [ 0.  1.  0.  0.] -1 -1.00133380319
2042 [ 0.  1.  0.  0.] -1 -1.00133380297
2043 [ 0.  1.  0.  0.] -1 -1.00133377598
2044 [ 0.  1.  0.  0.] -1 -1.00133378992
2045 [ 0.  1.  0.  0.] -1 -1.0013337835
2046 [ 0.  1.  0.  0.] -1 -1.00133378096
2047 [ 0.  1.  0.  0.] -1 -1.00133378804
2048 [ 0.  1.  0.  0.] 0 -0.0013337880373
2049 [ 0.  0.  1.  0.] -2 -2.00133379722
2050 [ 0.  0.  1.  0.] -1 -1.00133380518
2051 [ 0.  0.  1.  0.] -1 -1.0013337981
2052 [ 0.  0.  1.  0.] -1 -1.00133379611
2053 [ 0.  0.  1.  0.] -1 -1.00133379478
2054 [ 0.  0.  1.  0.] -1 -1.00133378284
2055 [ 0.  0.  1.  0.] -1 -1.00133378671
2056 [ 0.  0.  1.  0.] -1 -1.00133377963
2057 [ 0.  0.  1.  0.] -1 -1.00133377554
2058 [ 0.  0.  1.  0.] -1 -1.00133375685
2059 [ 0.  0.  1.  0.] -1 -1.00133376492
2060 [ 0.  0.  1.  0.] -1 -1.0013337908
2061 [ 0.  0.  1.  0.] -1 -1.00133376736
2062 [ 0.  0.  1.  0.] -1 -1.00133378549
2063 [ 0.  0.  1.  0.] -1 -1.0013337709
2064 [ 0.  0.  1.  0.] 0 -0.00133377089514
2065 [ 0.  0.  0.  1.] -2 -2.00133376514
2066 [ 0.  0.  0.  1.] -1 -1.00133377775
2067 [ 0.  0.  0.  1.] 9 8.99866621196
2068 [ 0.  0.  0.  1.] -1 -1.00133379058
2069 [ 0.  0.  0.  1.] -1 -1.0013337762
2070 [ 0.  0.  0.  1.] -1 -1.00133379169
2071 [ 0.  0.  0.  1.] 9 8.99866619836
2072 [ 0.  0.  0.  1.] -1 -1.00133380982
2073 [ 0.  0.  0.  1.] -1 -1.00133380076
2074 [ 0.  0.  0.  1.] -1 -1.00133379567
2075 [ 0.  0.  0.  1.] 9 8.99866621406
2076 [ 0.  0.  0.  1.] -1 -1.00133375475
2077 [ 0.  0.  0.  1.] -1 -1.00133377908
2078 [ 0.  0.  0.  1.] -1 -1.00133376216
2079 [ 0.  0.  0.  1.] 9 8.99866616828
2080 [ 0.  0.  0.  1.] -1 -1.0013338231
2081 [ 0.  0.  0.  1.] -1 -1.0013338398
2082 [ 0.  0.  0.  1.] -1 -1.00133382022
2083 [ 0.  0.  0.  1.] 9 8.99866618044
2084 [ 0.  0.  0.  1.] -1 -1.00133382619
2085 [ 0.  0.  0.  1.] -1 -1.00133381491
2086 [ 0.  0.  0.  1.] -1 -1.00133378251
2087 [ 0.  0.  0.  1.] -1 -1.00133380828
2088 [ 0.  0.  0.  1.] -1 -1.0013338346
2089 [ 0.  0.  0.  1.] -1 -1.00133379744
2090 [ 0.  0.  0.  1.] -1 -1.00133381082
2091 [ 0.  0.  0.  1.] -1 -1.00133384654
2092 [ 0.  0.  0.  1.] -1 -1.00133382022
2093 [ 0.  0.  0.  1.] -1 -1.00133384698
2094 [ 0.  0.  0.  1.] -1 -1.00133380275
2095 [ 0.  0.  0.  1.] -1 -1.00133378948
2096 [ 0.  0.  0.  1.] -1 -1.00133379489
2097 [ 0.  0.  0.  1.] -1 -1.00133381137
2098 [ 0.  0.  0.  1.] -1 -1.00133381049
2099 [ 0.  0.  0.  1.] -1 -1.00133380949
2100 [ 0.  0.  0.  1.] -1 -1.00133381226
2101 [ 0.  0.  0.  1.] -1 -1.00133382973
2102 [ 0.  0.  0.  1.] -1 -1.00133382066
2103 [ 0.  0.  0.  1.] -1 -1.0013337386
2104 [ 0.  0.  0.  1.] -1 -1.00133377156
2105 [ 0.  0.  0.  1.] -1 -1.00133373949
2106 [ 0.  0.  0.  1.] -1 -1.00133377067
2107 [ 0.  0.  0.  1.] -1 -1.00133377554
2108 [ 0.  0.  0.  1.] -1 -1.00133379213
2109 [ 0.  0.  0.  1.] -1 -1.00133378184
2110 [ 0.  0.  0.  1.] -1 -1.00133378682
2111 [ 0.  0.  0.  1.] -1 -1.00133374723
2112 [ 0.  0.  0.  1.] 0 -0.00133374722791
2113 [ 0.  0.  1.  0.] -2 -2.00133378494
2114 [ 0.  0.  1.  0.] -1 -1.00133379434
2115 [ 0.  0.  1.  0.] 9 8.99866624459
2116 [ 0.  0.  1.  0.] -1 -1.00133371405
2117 [ 0.  0.  1.  0.] -1 -1.00133370719
2118 [ 0.  0.  1.  0.] -1 -1.00133370487
2119 [ 0.  0.  1.  0.] 9 8.99866625056
2120 [ 0.  0.  1.  0.] -1 -1.00133375596
2121 [ 0.  0.  1.  0.] -1 -1.00133378726
2122 [ 0.  0.  1.  0.] -1 -1.00133380053
2123 [ 0.  0.  1.  0.] 9 8.99866622501
2124 [ 0.  0.  1.  0.] 0 -0.00133377498714
2125 [ 0.  1.  0.  0.] -2 -2.00133373407
2126 [ 0.  1.  0.  0.] -1 -1.00133372754
2127 [ 0.  1.  0.  0.] 9 8.99866626516
2128 [ 0.  1.  0.  0.] -1 -1.00133376769
2129 [ 0.  1.  0.  0.] -1 -1.00133376736
2130 [ 0.  1.  0.  0.] -1 -1.00133377974
2131 [ 0.  1.  0.  0.] 9 8.99866622313
2132 [ 0.  1.  0.  0.] -1 -1.00133381602
2133 [ 0.  1.  0.  0.] -1 -1.00133380253
2134 [ 0.  1.  0.  0.] -1 -1.00133382177
2135 [ 0.  1.  0.  0.] 9 8.99866622346
2136 [ 0.  1.  0.  0.] -1 -1.00133378085
2137 [ 0.  1.  0.  0.] -1 -1.0013338012
2138 [ 0.  1.  0.  0.] -1 -1.00133382177
2139 [ 0.  1.  0.  0.] 9 8.99866621716
2140 [ 0.  1.  0.  0.] -1 -1.00133377045
2141 [ 0.  1.  0.  0.] -1 -1.00133378925
2142 [ 0.  1.  0.  0.] -1 -1.00133380241
2143 [ 0.  1.  0.  0.] 9 8.99866619239
2144 [ 0.  1.  0.  0.] -1 -1.00133380297
2145 [ 0.  1.  0.  0.] -1 -1.00133378859
2146 [ 0.  1.  0.  0.] -1 -1.00133381889
2147 [ 0.  1.  0.  0.] 9 8.99866618354
2148 [ 0.  1.  0.  0.] -1 -1.00133382973
2149 [ 0.  1.  0.  0.] -1 -1.00133381757
2150 [ 0.  1.  0.  0.] -1 -1.0013338357
2151 [ 0.  1.  0.  0.] 9 8.99866619195
2152 [ 0.  1.  0.  0.] -1 -1.00133378284
2153 [ 0.  1.  0.  0.] -1 -1.0013337918
2154 [ 0.  1.  0.  0.] -1 -1.0013337991
2155 [ 0.  1.  0.  0.] 9 8.99866618885
2156 [ 0.  1.  0.  0.] -1 -1.00133378195
2157 [ 0.  1.  0.  0.] -1 -1.00133380009
2158 [ 0.  1.  0.  0.] -1 -1.00133381723
2159 [ 0.  1.  0.  0.] 9 8.99866619593
2160 [ 0.  1.  0.  0.] 0 -0.00133380407351
2161 [ 1.  0.  0.  0.] -2 -2.00133381071
2162 [ 1.  0.  0.  0.] -1 -1.00133382066
2163 [ 1.  0.  0.  0.] 9 8.99866620256
2164 [ 1.  0.  0.  0.] -1 -1.00133376216
2165 [ 1.  0.  0.  0.] -1 -1.00133380496
2166 [ 1.  0.  0.  0.] -1 -1.00133379987
2167 [ 1.  0.  0.  0.] 9 8.99866620146
2168 [ 1.  0.  0.  0.] -1 -1.00133376979
2169 [ 1.  0.  0.  0.] -1 -1.00133379014
2170 [ 1.  0.  0.  0.] -1 -1.00133380839
2171 [ 1.  0.  0.  0.] -1 -1.00133381757
2172 [ 1.  0.  0.  0.] 0 -0.00133381756605
2173 [ 0.  1.  0.  0.] -2 -2.00133381381
2174 [ 0.  1.  0.  0.] -1 -1.00133381746
2175 [ 0.  1.  0.  0.] -1 -1.00133381159
2176 [ 0.  1.  0.  0.] -1 -1.00133380982
2177 [ 0.  1.  0.  0.] -1 -1.00133379014
2178 [ 0.  1.  0.  0.] -1 -1.00133380606
2179 [ 0.  1.  0.  0.] -1 -1.00133379722
2180 [ 0.  1.  0.  0.] -1 -1.00133378815
2181 [ 0.  1.  0.  0.] -1 -1.00133377333
2182 [ 0.  1.  0.  0.] -1 -1.00133377642
2183 [ 0.  1.  0.  0.] -1 -1.00133379434
2184 [ 0.  1.  0.  0.] 0 -0.00133379434119
2185 [ 0.  0.  1.  0.] -2 -2.00133379069
2186 [ 0.  0.  1.  0.] -1 -1.00133377665
2187 [ 0.  0.  1.  0.] -1 -1.00133377886
2188 [ 0.  0.  1.  0.] -1 -1.0013338054
2189 [ 0.  0.  1.  0.] -1 -1.00133381978
2190 [ 0.  0.  1.  0.] -1 -1.00133379224
2191 [ 0.  0.  1.  0.] -1 -1.00133379899
2192 [ 0.  0.  1.  0.] -1 -1.00133378948
2193 [ 0.  0.  1.  0.] -1 -1.00133378428
2194 [ 0.  0.  1.  0.] -1 -1.00133378859
2195 [ 0.  0.  1.  0.] -1 -1.00133379368
2196 [ 0.  0.  1.  0.] 0 -0.00133379367762
2197 [ 0.  1.  0.  0.] -2 -2.00133379158
2198 [ 0.  1.  0.  0.] -1 -1.00133380275
2199 [ 0.  1.  0.  0.] -1 -1.00133380662
2200 [ 0.  1.  0.  0.] -1 -1.00133379301
2201 [ 0.  1.  0.  0.] -1 -1.00133379191
2202 [ 0.  1.  0.  0.] -1 -1.00133378417
2203 [ 0.  1.  0.  0.] -1 -1.00133379036
2204 [ 0.  1.  0.  0.] -1 -1.00133378992
2205 [ 0.  1.  0.  0.] -1 -1.00133378262
2206 [ 0.  1.  0.  0.] -1 -1.00133378229
2207 [ 0.  1.  0.  0.] -1 -1.00133378892
2208 [ 0.  1.  0.  0.] -1 -1.00133379346
2209 [ 0.  1.  0.  0.] -1 -1.00133378671
2210 [ 0.  1.  0.  0.] -1 -1.00133378892
2211 [ 0.  1.  0.  0.] -1 -1.00133379556
2212 [ 0.  1.  0.  0.] -1 -1.00133378151
2213 [ 0.  1.  0.  0.] -1 -1.00133377753
2214 [ 0.  1.  0.  0.] -1 -1.00133378262
2215 [ 0.  1.  0.  0.] -1 -1.00133378085
2216 [ 0.  1.  0.  0.] 0 -0.00133378084865
2217 [ 1.  0.  0.  0.] -2 -2.00133377156
2218 [ 1.  0.  0.  0.] -1 -1.0013337689
2219 [ 1.  0.  0.  0.] -1 -1.00133376913
2220 [ 1.  0.  0.  0.] -1 -1.00133377112
2221 [ 1.  0.  0.  0.] -1 -1.00133377388
2222 [ 1.  0.  0.  0.] -1 -1.0013337709
2223 [ 1.  0.  0.  0.] -1 -1.00133376935
2224 [ 1.  0.  0.  0.] -1 -1.00133379412
2225 [ 1.  0.  0.  0.] -1 -1.00133378085
2226 [ 1.  0.  0.  0.] -1 -1.00133378616
2227 [ 1.  0.  0.  0.] -1 -1.00133379257
2228 [ 1.  0.  0.  0.] 0 -0.00133379257168
2229 [ 0.  0.  0.  1.] -2 -2.00133378682
2230 [ 0.  0.  0.  1.] -1 -1.00133379202
2231 [ 0.  0.  0.  1.] -1 -1.00133377709
2232 [ 0.  0.  0.  1.] -1 -1.00133377886
2233 [ 0.  0.  0.  1.] -1 -1.00133376791
2234 [ 0.  0.  0.  1.] -1 -1.00133376913
2235 [ 0.  0.  0.  1.] -1 -1.00133376868
2236 [ 0.  0.  0.  1.] 0 -0.00133376868325
2237 [ 1.  0.  0.  0.] -2 -2.00133377045
2238 [ 1.  0.  0.  0.] -1 -1.00133376824
2239 [ 1.  0.  0.  0.] 9 8.99866623143
2240 [ 1.  0.  0.  0.] -1 -1.00133376935
2241 [ 1.  0.  0.  0.] -1 -1.00133376868
2242 [ 1.  0.  0.  0.] -1 -1.00133376006
2243 [ 1.  0.  0.  0.] 9 8.99866620676
2244 [ 1.  0.  0.  0.] -1 -1.00133378837
2245 [ 1.  0.  0.  0.] -1 -1.00133379744
2246 [ 1.  0.  0.  0.] -1 -1.00133378439
2247 [ 1.  0.  0.  0.] 9 8.99866620676
2248 [ 1.  0.  0.  0.] -1 -1.00133379235
2249 [ 1.  0.  0.  0.] -1 -1.00133381358
2250 [ 1.  0.  0.  0.] -1 -1.00133380241
2251 [ 1.  0.  0.  0.] -1 -1.00133379235
2252 [ 1.  0.  0.  0.] -1 -1.00133379987
2253 [ 1.  0.  0.  0.] -1 -1.00133379644
2254 [ 1.  0.  0.  0.] -1 -1.00133378262
2255 [ 1.  0.  0.  0.] -1 -1.00133377864
2256 [ 1.  0.  0.  0.] -1 -1.00133380341
2257 [ 1.  0.  0.  0.] -1 -1.00133378726
2258 [ 1.  0.  0.  0.] -1 -1.00133378826
2259 [ 1.  0.  0.  0.] -1 -1.00133377864
2260 [ 1.  0.  0.  0.] -1 -1.00133376868
2261 [ 1.  0.  0.  0.] -1 -1.00133378173
2262 [ 1.  0.  0.  0.] -1 -1.00133376713
2263 [ 1.  0.  0.  0.] -1 -1.00133379655
2264 [ 1.  0.  0.  0.] -1 -1.00133379058
2265 [ 1.  0.  0.  0.] -1 -1.0013337908
2266 [ 1.  0.  0.  0.] -1 -1.00133378948
2267 [ 1.  0.  0.  0.] -1 -1.00133377222
2268 [ 1.  0.  0.  0.] -1 -1.00133376647
2269 [ 1.  0.  0.  0.] -1 -1.00133375961
2270 [ 1.  0.  0.  0.] -1 -1.00133376725
2271 [ 1.  0.  0.  0.] -1 -1.00133374148
2272 [ 1.  0.  0.  0.] -1 -1.00133374645
2273 [ 1.  0.  0.  0.] -1 -1.00133374491
2274 [ 1.  0.  0.  0.] -1 -1.00133373683
2275 [ 1.  0.  0.  0.] -1 -1.00133371051
2276 [ 1.  0.  0.  0.] -1 -1.0013337198
2277 [ 1.  0.  0.  0.] -1 -1.00133368574
2278 [ 1.  0.  0.  0.] -1 -1.00133371693
2279 [ 1.  0.  0.  0.] -1 -1.00133373141
2280 [ 1.  0.  0.  0.] -1 -1.0013337261
2281 [ 1.  0.  0.  0.] -1 -1.00133371781
2282 [ 1.  0.  0.  0.] -1 -1.00133374303
2283 [ 1.  0.  0.  0.] -1 -1.00133371095
2284 [ 1.  0.  0.  0.] -1 -1.00133370775
2285 [ 1.  0.  0.  0.] -1 -1.00133369945
2286 [ 1.  0.  0.  0.] -1 -1.00133371715
2287 [ 1.  0.  0.  0.] -1 -1.00133376415
2288 [ 1.  0.  0.  0.] 0 -0.00133376414888
2289 [ 0.  0.  0.  1.] -2 -2.00133372621
2290 [ 0.  0.  0.  1.] -1 -1.00133370575
2291 [ 0.  0.  0.  1.] -1 -1.00133370686
2292 [ 0.  0.  0.  1.] -1 -1.00133374148
2293 [ 0.  0.  0.  1.] -1 -1.00133372953
2294 [ 0.  0.  0.  1.] -1 -1.00133372699
2295 [ 0.  0.  0.  1.] -1 -1.00133373938
2296 [ 0.  0.  0.  1.] -1 -1.0013337261
2297 [ 0.  0.  0.  1.] -1 -1.00133375442
2298 [ 0.  0.  0.  1.] -1 -1.00133373152
2299 [ 0.  0.  0.  1.] -1 -1.00133375917
2300 [ 0.  0.  0.  1.] 0 -0.00133375917212
2301 [ 0.  0.  1.  0.] -2 -2.00133376105
2302 [ 0.  0.  1.  0.] -1 -1.00133378693
2303 [ 0.  0.  1.  0.] -1 -1.00133374822
2304 [ 0.  0.  1.  0.] -1 -1.00133377067
2305 [ 0.  0.  1.  0.] -1 -1.00133378063
2306 [ 0.  0.  1.  0.] -1 -1.0013337866
2307 [ 0.  0.  1.  0.] -1 -1.00133375652
2308 [ 0.  0.  1.  0.] -1 -1.00133377974
2309 [ 0.  0.  1.  0.] -1 -1.00133377576
2310 [ 0.  0.  1.  0.] -1 -1.00133374977
2311 [ 0.  0.  1.  0.] -1 -1.00133378129
2312 [ 0.  0.  1.  0.] 0 -0.00133378129103
2313 [ 0.  0.  0.  1.] -2 -2.00133375276
2314 [ 0.  0.  0.  1.] -1 -1.00133378295
2315 [ 0.  0.  0.  1.] -1 -1.00133381779
2316 [ 0.  0.  0.  1.] -1 -1.00133381491
2317 [ 0.  0.  0.  1.] -1 -1.00133379147
2318 [ 0.  0.  0.  1.] -1 -1.00133380562
2319 [ 0.  0.  0.  1.] -1 -1.00133378571
2320 [ 0.  0.  0.  1.] -1 -1.00133377377
2321 [ 0.  0.  0.  1.] -1 -1.00133374612
2322 [ 0.  0.  0.  1.] -1 -1.00133375873
2323 [ 0.  0.  0.  1.] -1 -1.00133377985
2324 [ 0.  0.  0.  1.] 0 -0.0013337798533
2325 [ 0.  0.  1.  0.] -2 -2.0013338231
2326 [ 0.  0.  1.  0.] -1 -1.00133380275
2327 [ 0.  0.  1.  0.] -1 -1.0013338096
2328 [ 0.  0.  1.  0.] -1 -1.00133382387
2329 [ 0.  0.  1.  0.] -1 -1.00133381182
2330 [ 0.  0.  1.  0.] -1 -1.00133378793
2331 [ 0.  0.  1.  0.] -1 -1.00133381558
2332 [ 0.  0.  1.  0.] -1 -1.0013338273
2333 [ 0.  0.  1.  0.] -1 -1.00133380352
2334 [ 0.  0.  1.  0.] -1 -1.00133381558
2335 [ 0.  0.  1.  0.] -1 -1.0013338231
2336 [ 0.  0.  1.  0.] 0 -0.00133382309577
2337 [ 0.  0.  0.  1.] -2 -2.00133380253
2338 [ 0.  0.  0.  1.] -1 -1.00133381889
2339 [ 0.  0.  0.  1.] -1 -1.00133382099
2340 [ 0.  0.  0.  1.] -1 -1.00133382641
2341 [ 0.  0.  0.  1.] -1 -1.00133382111
2342 [ 0.  0.  0.  1.] -1 -1.00133381867
2343 [ 0.  0.  0.  1.] -1 -1.00133381182
2344 [ 0.  0.  0.  1.] -1 -1.00133382752
2345 [ 0.  0.  0.  1.] -1 -1.00133382287
2346 [ 0.  0.  0.  1.] -1 -1.00133383393
2347 [ 0.  0.  0.  1.] -1 -1.00133382099
2348 [ 0.  0.  0.  1.] -1 -1.00133382453
2349 [ 0.  0.  0.  1.] -1 -1.00133381336
2350 [ 0.  0.  0.  1.] -1 -1.00133383681
2351 [ 0.  0.  0.  1.] -101 -101
