0 [ 0.  1.  0.  0.] -1 34.2509309769
1 [ 0.  1.  0.  0.] -1 34.0627241135
2 [ 0.  1.  0.  0.] -1 36.2068378448
3 [ 0.  1.  0.  0.] -1 40.493296814
4 [ 0.  1.  0.  0.] -1 40.7880771637
5 [ 0.  1.  0.  0.] 9 52.0032533646
6 [ 0.  1.  0.  0.] 0 43.0032533646
7 [ 1.  0.  0.  0.] -2 49.6477264404
8 [ 1.  0.  0.  0.] -1 49.8828601837
9 [ 1.  0.  0.  0.] 9 60.6447692871
10 [ 1.  0.  0.  0.] -1 52.4726633072
11 [ 1.  0.  0.  0.] -1 51.9230930328
12 [ 1.  0.  0.  0.] -1 52.6711875916
13 [ 1.  0.  0.  0.] 9 54.0866476059
14 [ 1.  0.  0.  0.] -1 45.0596452713
15 [ 1.  0.  0.  0.] -1 44.2791742325
16 [ 1.  0.  0.  0.] -1 45.6147312164
17 [ 1.  0.  0.  0.] 9 56.0941379547
18 [ 1.  0.  0.  0.] 0 47.0941379547
19 [ 0.  1.  0.  0.] -2 31.8707666397
20 [ 0.  1.  0.  0.] -1 32.2890699387
21 [ 0.  1.  0.  0.] 9 43.3358949661
22 [ 0.  1.  0.  0.] -1 37.1130096436
23 [ 0.  1.  0.  0.] -1 37.45476017
24 [ 0.  1.  0.  0.] -1 39.2058624268
25 [ 0.  1.  0.  0.] 9 50.2120012283
26 [ 0.  1.  0.  0.] -1 43.4494825363
27 [ 0.  1.  0.  0.] -1 43.7670684814
28 [ 0.  1.  0.  0.] -1 43.4172365189
29 [ 0.  1.  0.  0.] 9 54.2114423752
30 [ 0.  1.  0.  0.] 0 45.2114423752
31 [ 1.  0.  0.  0.] -2 71.7820407867
32 [ 1.  0.  0.  0.] -1 74.8150619507
33 [ 1.  0.  0.  0.] 9 97.9579124451
34 [ 1.  0.  0.  0.] -1 90.0133731842
35 [ 1.  0.  0.  0.] -1 90.4590698242
36 [ 1.  0.  0.  0.] -1 92.0125537872
37 [ 1.  0.  0.  0.] 9 110.292568588
38 [ 1.  0.  0.  0.] -1 104.979707336
39 [ 1.  0.  0.  0.] -1 70.2315250397
40 [ 1.  0.  0.  0.] -1 70.6466426849
41 [ 1.  0.  0.  0.] 9 78.9724155426
42 [ 1.  0.  0.  0.] 0 69.9724155426
43 [ 0.  0.  0.  1.] -2 31.1139564514
44 [ 0.  0.  0.  1.] -1 31.5500389099
45 [ 0.  0.  0.  1.] 9 38.6693874359
46 [ 0.  0.  0.  1.] -1 28.3793599129
47 [ 0.  0.  0.  1.] -1 28.3209760666
48 [ 0.  0.  0.  1.] -1 27.863284111
49 [ 0.  0.  0.  1.] 9 37.5127635956
50 [ 0.  0.  0.  1.] -1 27.513209343
51 [ 0.  0.  0.  1.] -1 27.5445493698
52 [ 0.  0.  0.  1.] -1 27.5359388351
53 [ 0.  0.  0.  1.] 9 37.5502389908
54 [ 0.  0.  0.  1.] -1 27.723328495
55 [ 0.  0.  0.  1.] -1 27.7578884125
56 [ 0.  0.  0.  1.] -1 27.8900941849
57 [ 0.  0.  0.  1.] 9 38.372599411
58 [ 0.  0.  0.  1.] -1 28.5849328041
59 [ 0.  0.  0.  1.] -1 28.7048352242
60 [ 0.  0.  0.  1.] -1 28.7752868652
61 [ 0.  0.  0.  1.] 9 38.8871966362
62 [ 0.  0.  0.  1.] -1 29.5473829269
63 [ 0.  0.  0.  1.] -1 29.871531868
64 [ 0.  0.  0.  1.] -1 30.1144062042
65 [ 0.  0.  0.  1.] 9 40.09708004
66 [ 0.  0.  0.  1.] -1 30.2950063705
67 [ 0.  0.  0.  1.] -1 30.4480100632
68 [ 0.  0.  0.  1.] -1 30.4332424164
69 [ 0.  0.  0.  1.] 9 40.9561729431
70 [ 0.  0.  0.  1.] -1 31.3412479401
71 [ 0.  0.  0.  1.] -1 31.6499298096
72 [ 0.  0.  0.  1.] -1 32.031388092
73 [ 0.  0.  0.  1.] 9 42.645772934
74 [ 0.  0.  0.  1.] -1 33.0806121826
75 [ 0.  0.  0.  1.] -1 34.0953325272
76 [ 0.  0.  0.  1.] -1 35.250843811
77 [ 0.  0.  0.  1.] 9 56.0018465042
78 [ 0.  0.  0.  1.] -1 48.3854316711
79 [ 0.  0.  0.  1.] -1 50.5806070328
80 [ 0.  0.  0.  1.] -1 52.0772237778
81 [ 0.  0.  0.  1.] 9 64.0077339172
82 [ 0.  0.  0.  1.] -1 55.5717237473
83 [ 0.  0.  0.  1.] -1 56.8711317062
84 [ 0.  0.  0.  1.] -1 57.5846862793
85 [ 0.  0.  0.  1.] 9 74.9190860748
86 [ 0.  0.  0.  1.] -1 67.8319835663
87 [ 0.  0.  0.  1.] -1 70.584078598
88 [ 0.  0.  0.  1.] -1 72.4203475952
89 [ 0.  0.  0.  1.] 9 92.2202812195
90 [ 0.  0.  0.  1.] -1 86.538507843
91 [ 0.  0.  0.  1.] -1 89.4009090424
92 [ 0.  0.  0.  1.] -1 91.5592903137
93 [ 0.  0.  0.  1.] 9 118.505721283
94 [ 0.  0.  0.  1.] -1 115.050648117
95 [ 0.  0.  0.  1.] -1 118.459325409
96 [ 0.  0.  0.  1.] -1 123.872090149
97 [ 0.  0.  0.  1.] 9 146.448428345
98 [ 0.  0.  0.  1.] -1 139.921590424
99 [ 0.  0.  0.  1.] -1 523.329608154
100 [ 0.  0.  0.  1.] -1 532.123370361
101 [ 0.  0.  0.  1.] 9 609.068856812
102 [ 0.  0.  0.  1.] -1 617.52711792
103 [ 0.  0.  0.  1.] -1 626.927444458
104 [ 0.  0.  0.  1.] -1 642.867834473
105 [ 0.  0.  0.  1.] 9 671.018029785
106 [ 0.  0.  0.  1.] -1 674.148950195
107 [ 0.  0.  0.  1.] -1 682.431762695
108 [ 0.  0.  0.  1.] -1 695.096670532
109 [ 0.  0.  0.  1.] 9 765.561990356
110 [ 0.  0.  0.  1.] 0 756.561990356
111 [ 0.  0.  1.  0.] -2 822.311416626
112 [ 0.  0.  1.  0.] -1 826.094387817
113 [ 0.  0.  1.  0.] 9 829.805682373
114 [ 0.  0.  1.  0.] -1 968.85513916
115 [ 0.  0.  1.  0.] -1 996.212402344
116 [ 0.  0.  1.  0.] -1 1051.79366455
117 [ 0.  0.  1.  0.] 49 1652.37525635
118 [ 0.  0.  1.  0.] -1 1516.65665894
119 [ 0.  0.  1.  0.] -1 1511.82467041
120 [ 0.  0.  1.  0.] -1 1501.00566406
121 [ 0.  0.  1.  0.] 9 1472.11550293
122 [ 0.  0.  1.  0.] -1 1489.4944519
123 [ 0.  0.  1.  0.] -1 1481.07908936
124 [ 0.  0.  1.  0.] -1 1480.27230835
125 [ 0.  0.  1.  0.] 9 1436.04101562
126 [ 0.  0.  1.  0.] -1 1457.83528442
127 [ 0.  0.  1.  0.] -1 1455.72260132
128 [ 0.  0.  1.  0.] -1 1443.12709961
129 [ 0.  0.  1.  0.] 9 1391.4616394
130 [ 0.  0.  1.  0.] -1 1294.6809021
131 [ 0.  0.  1.  0.] -1 1298.49725342
132 [ 0.  0.  1.  0.] -1 1292.6897522
133 [ 0.  0.  1.  0.] 9 1244.05809937
134 [ 0.  0.  1.  0.] 0 1235.05809937
135 [ 0.  1.  0.  0.] -2 862.004821777
136 [ 0.  1.  0.  0.] -1 848.900823975
137 [ 0.  1.  0.  0.] 9 845.747174072
138 [ 0.  1.  0.  0.] -1 785.651663208
139 [ 0.  1.  0.  0.] -1 767.74894104
140 [ 0.  1.  0.  0.] -1 748.518283081
141 [ 0.  1.  0.  0.] 9 756.13354187
142 [ 0.  1.  0.  0.] 0 747.13354187
143 [ 0.  0.  1.  0.] -2 735.935229492
144 [ 0.  0.  1.  0.] -1 734.409646606
145 [ 0.  0.  1.  0.] 9 723.948754883
146 [ 0.  0.  1.  0.] -1 720.196813965
147 [ 0.  0.  1.  0.] -1 713.828323364
148 [ 0.  0.  1.  0.] -1 700.238406372
149 [ 0.  0.  1.  0.] 9 688.208309937
150 [ 0.  0.  1.  0.] -1 663.762905884
151 [ 0.  0.  1.  0.] -1 665.012390137
152 [ 0.  0.  1.  0.] -1 657.079449463
153 [ 0.  0.  1.  0.] 9 666.530578613
154 [ 0.  0.  1.  0.] 0 657.530578613
155 [ 0.  1.  0.  0.] -2 405.19357605
156 [ 0.  1.  0.  0.] -1 390.787705994
157 [ 0.  1.  0.  0.] 9 424.846438599
158 [ 0.  1.  0.  0.] -1 406.105818176
159 [ 0.  1.  0.  0.] -1 402.372470093
160 [ 0.  1.  0.  0.] -1 406.34697113
161 [ 0.  1.  0.  0.] 9 414.695690918
162 [ 0.  1.  0.  0.] -1 261.26244812
163 [ 0.  1.  0.  0.] -1 260.544816589
164 [ 0.  1.  0.  0.] -1 258.577497864
165 [ 0.  1.  0.  0.] 9 272.862963867
166 [ 0.  1.  0.  0.] -1 235.919586182
167 [ 0.  1.  0.  0.] -1 234.141017914
168 [ 0.  1.  0.  0.] -1 233.883731079
169 [ 0.  1.  0.  0.] 9 247.382652283
170 [ 0.  1.  0.  0.] -1 216.208071899
171 [ 0.  1.  0.  0.] -1 209.041251373
172 [ 0.  1.  0.  0.] -1 212.264142609
173 [ 0.  1.  0.  0.] 9 225.916879272
174 [ 0.  1.  0.  0.] -1 206.191831207
175 [ 0.  1.  0.  0.] -1 196.506704712
176 [ 0.  1.  0.  0.] -1 192.955496979
177 [ 0.  1.  0.  0.] 9 212.905491638
178 [ 0.  1.  0.  0.] -1 136.355234528
179 [ 0.  1.  0.  0.] -1 136.249545288
180 [ 0.  1.  0.  0.] -1 137.179236603
181 [ 0.  1.  0.  0.] -1 130.167463684
182 [ 0.  1.  0.  0.] -1 154.067191315
183 [ 0.  1.  0.  0.] -1 159.952752686
184 [ 0.  1.  0.  0.] -1 169.050202942
185 [ 0.  1.  0.  0.] -1 167.808024597
186 [ 0.  1.  0.  0.] -1 182.401837158
187 [ 0.  1.  0.  0.] -1 199.986418915
188 [ 0.  1.  0.  0.] -1 208.791908264
189 [ 0.  1.  0.  0.] -1 201.088581848
190 [ 0.  1.  0.  0.] 0 202.088581848
191 [ 0.  0.  1.  0.] -2 59.1648822784
192 [ 0.  0.  1.  0.] -1 58.6872297287
193 [ 0.  0.  1.  0.] -1 67.9755722046
194 [ 0.  0.  1.  0.] -1 62.3251842499
195 [ 0.  0.  1.  0.] -1 62.0542640686
196 [ 0.  0.  1.  0.] -1 62.4308082581
197 [ 0.  0.  1.  0.] -1 64.8498683929
198 [ 0.  0.  1.  0.] -1 33.0791154861
199 [ 0.  0.  1.  0.] -1 34.0586761475
200 [ 0.  0.  1.  0.] -1 36.2733158112
201 [ 0.  0.  1.  0.] -1 39.1193874359
202 [ 0.  0.  1.  0.] 0 40.1193874359
203 [ 0.  0.  0.  1.] -2 47.6283857346
204 [ 0.  0.  0.  1.] -1 49.8518789291
205 [ 0.  0.  0.  1.] -1 44.6573057175
206 [ 0.  0.  0.  1.] -1 45.5171922684
207 [ 0.  0.  0.  1.] -1 44.2679073334
208 [ 0.  0.  0.  1.] -1 42.8913560867
209 [ 0.  0.  0.  1.] -1 49.2448869705
210 [ 0.  0.  0.  1.] -1 52.7202487946
211 [ 0.  0.  0.  1.] -1 58.1316581726
212 [ 0.  0.  0.  1.] -1 59.3196546555
213 [ 0.  0.  0.  1.] -1 60.7236755371
214 [ 0.  0.  0.  1.] 0 61.7236755371
215 [ 0.  0.  1.  0.] -2 63.1459209442
216 [ 0.  0.  1.  0.] -1 63.0910217285
217 [ 0.  0.  1.  0.] -1 70.0047229767
218 [ 0.  0.  1.  0.] -1 84.2755027771
219 [ 0.  0.  1.  0.] -1 79.3425796509
220 [ 0.  0.  1.  0.] -1 78.9491043091
221 [ 0.  0.  1.  0.] -1 97.199313736
222 [ 0.  0.  1.  0.] -1 106.644823837
223 [ 0.  0.  1.  0.] -1 100.184900665
224 [ 0.  0.  1.  0.] -1 94.8415275574
225 [ 0.  0.  1.  0.] -1 107.196492386
226 [ 0.  0.  1.  0.] -1 98.7594512939
227 [ 0.  0.  1.  0.] -1 97.6575710297
228 [ 0.  0.  1.  0.] -1 100.906822968
229 [ 0.  0.  1.  0.] -1 128.563787842
230 [ 0.  0.  1.  0.] -1 145.077140808
231 [ 0.  0.  1.  0.] -1 139.595520782
232 [ 0.  0.  1.  0.] -1 140.69358139
233 [ 0.  0.  1.  0.] -1 181.938767242
234 [ 0.  0.  1.  0.] -1 149.390989685
235 [ 0.  0.  1.  0.] -1 141.185643005
236 [ 0.  0.  1.  0.] -1 140.603359222
237 [ 0.  0.  1.  0.] -1 185.335884094
238 [ 0.  0.  1.  0.] 0 186.335884094
239 [ 0.  0.  0.  1.] -2 138.553816223
240 [ 0.  0.  0.  1.] -1 133.374684906
241 [ 0.  0.  0.  1.] -1 105.877471542
242 [ 0.  0.  0.  1.] -1 100.693596268
243 [ 0.  0.  0.  1.] -1 99.590019989
244 [ 0.  0.  0.  1.] -1 101.407132721
245 [ 0.  0.  0.  1.] -1 91.0329242706
246 [ 0.  0.  0.  1.] -1 88.8564376831
247 [ 0.  0.  0.  1.] -1 89.5715614319
248 [ 0.  0.  0.  1.] -1 87.8219631195
249 [ 0.  0.  0.  1.] -1 76.8996520996
250 [ 0.  0.  0.  1.] -1 74.3516296387
251 [ 0.  0.  0.  1.] -1 75.7033168793
252 [ 0.  0.  0.  1.] -1 74.3554347992
253 [ 0.  0.  0.  1.] -1 74.8587234497
254 [ 0.  0.  0.  1.] -1 73.1477783203
255 [ 0.  0.  0.  1.] -1 73.742137146
256 [ 0.  0.  0.  1.] -1 75.3620121002
257 [ 0.  0.  0.  1.] -1 87.5719749451
258 [ 0.  0.  0.  1.] -1 88.3632961273
259 [ 0.  0.  0.  1.] -1 99.2961601257
260 [ 0.  0.  0.  1.] -1 99.4130474091
261 [ 0.  0.  0.  1.] 9 123.187387848
262 [ 0.  0.  0.  1.] 0 114.187387848
263 [ 0.  0.  1.  0.] -2 139.710367584
264 [ 0.  0.  1.  0.] -1 148.304989624
265 [ 0.  0.  1.  0.] 9 158.974349976
266 [ 0.  0.  1.  0.] -1 125.533633423
267 [ 0.  0.  1.  0.] -1 123.320755005
268 [ 0.  0.  1.  0.] -1 130.05794754
269 [ 0.  0.  1.  0.] 9 139.822346497
270 [ 0.  0.  1.  0.] -1 162.027427673
271 [ 0.  0.  1.  0.] -1 161.262177277
272 [ 0.  0.  1.  0.] -1 162.295586395
273 [ 0.  0.  1.  0.] 9 177.994194794
274 [ 0.  0.  1.  0.] 0 168.994194794
275 [ 0.  0.  0.  1.] -2 141.616499329
276 [ 0.  0.  0.  1.] -1 149.764040375
277 [ 0.  0.  0.  1.] -1 170.745173645
278 [ 0.  0.  0.  1.] -1 180.695835114
279 [ 0.  0.  0.  1.] -1 188.731928253
280 [ 0.  0.  0.  1.] -1 197.361351013
281 [ 0.  0.  0.  1.] -1 225.481110382
282 [ 0.  0.  0.  1.] -1 234.147149658
283 [ 0.  0.  0.  1.] -1 239.437337494
284 [ 0.  0.  0.  1.] -1 246.433396912
285 [ 0.  0.  0.  1.] -1 255.503160095
286 [ 0.  0.  0.  1.] -1 357.363465881
287 [ 0.  0.  0.  1.] -1 332.596495056
288 [ 0.  0.  0.  1.] -1 318.850718689
289 [ 0.  0.  0.  1.] -1 297.864352417
290 [ 0.  0.  0.  1.] -1 258.986599731
291 [ 0.  0.  0.  1.] -1 245.678540039
292 [ 0.  0.  0.  1.] -1 247.719062805
293 [ 0.  0.  0.  1.] -1 239.540533447
294 [ 0.  0.  0.  1.] -1 220.80418396
295 [ 0.  0.  0.  1.] -1 226.095328522
296 [ 0.  0.  0.  1.] -1 231.060374451
297 [ 0.  0.  0.  1.] -1 231.491307068
298 [ 0.  0.  0.  1.] 9 238.884619904
299 [ 0.  0.  0.  1.] 0 229.884619904
300 [ 0.  0.  1.  0.] -2 263.807669067
301 [ 0.  0.  1.  0.] -1 265.657009888
302 [ 0.  0.  1.  0.] 9 285.367373657
303 [ 0.  0.  1.  0.] -1 325.017427063
304 [ 0.  0.  1.  0.] -1 315.127778625
305 [ 0.  0.  1.  0.] -1 329.557672119
306 [ 0.  0.  1.  0.] 9 346.035258484
307 [ 0.  0.  1.  0.] -1 341.989283752
308 [ 0.  0.  1.  0.] -1 338.602908325
309 [ 0.  0.  1.  0.] -1 341.458909607
310 [ 0.  0.  1.  0.] 9 366.739274597
311 [ 0.  0.  1.  0.] -1 290.796640015
312 [ 0.  0.  1.  0.] -1 294.548832703
313 [ 0.  0.  1.  0.] -1 297.782479858
314 [ 0.  0.  1.  0.] 9 311.585263062
315 [ 0.  0.  1.  0.] 0 302.585263062
316 [ 0.  1.  0.  0.] -2 190.334759521
317 [ 0.  1.  0.  0.] -1 190.296914673
318 [ 0.  1.  0.  0.] 9 208.17598877
319 [ 0.  1.  0.  0.] -1 249.229501343
320 [ 0.  1.  0.  0.] -1 255.271458435
321 [ 0.  1.  0.  0.] -1 256.919549561
322 [ 0.  1.  0.  0.] 9 262.33520813
323 [ 0.  1.  0.  0.] 0 253.33520813
324 [ 0.  0.  1.  0.] -2 241.736317444
325 [ 0.  0.  1.  0.] -1 246.756393433
326 [ 0.  0.  1.  0.] 9 261.153245544
327 [ 0.  0.  1.  0.] -1 267.269035339
328 [ 0.  0.  1.  0.] -1 265.360772705
329 [ 0.  0.  1.  0.] -1 270.264950562
330 [ 0.  0.  1.  0.] 49 629.621456909
331 [ 0.  0.  1.  0.] -1 632.396090698
332 [ 0.  0.  1.  0.] -1 620.89937439
333 [ 0.  0.  1.  0.] -1 649.986456299
334 [ 0.  0.  1.  0.] 9 707.824789429
335 [ 0.  0.  1.  0.] 0 698.824789429
336 [ 0.  0.  0.  1.] -2 544.376229858
337 [ 0.  0.  0.  1.] -1 539.804547119
338 [ 0.  0.  0.  1.] 9 473.456443787
339 [ 0.  0.  0.  1.] -1 456.443177795
340 [ 0.  0.  0.  1.] -1 462.094993591
341 [ 0.  0.  0.  1.] -1 465.837097168
342 [ 0.  0.  0.  1.] 9 416.585224915
343 [ 0.  0.  0.  1.] -1 412.588188171
344 [ 0.  0.  0.  1.] -1 415.074255371
345 [ 0.  0.  0.  1.] -1 423.588566589
346 [ 0.  0.  0.  1.] 9 425.590568542
347 [ 0.  0.  0.  1.] -1 407.847262573
348 [ 0.  0.  0.  1.] -1 408.345658875
349 [ 0.  0.  0.  1.] -1 416.660797119
350 [ 0.  0.  0.  1.] 9 428.879618835
351 [ 0.  0.  0.  1.] -1 410.418333435
352 [ 0.  0.  0.  1.] -1 426.490113831
353 [ 0.  0.  0.  1.] -1 429.974597168
354 [ 0.  0.  0.  1.] 9 416.310905457
355 [ 0.  0.  0.  1.] 0 407.310905457
356 [ 1.  0.  0.  0.] -2 517.988623047
357 [ 1.  0.  0.  0.] -1 529.148010254
358 [ 1.  0.  0.  0.] 9 560.589227295
359 [ 1.  0.  0.  0.] -1 594.048770142
360 [ 1.  0.  0.  0.] -1 590.02779541
361 [ 1.  0.  0.  0.] -1 558.258053589
362 [ 1.  0.  0.  0.] 9 505.093548584
363 [ 1.  0.  0.  0.] -1 518.061178589
364 [ 1.  0.  0.  0.] -1 503.890731812
365 [ 1.  0.  0.  0.] -1 498.601486206
366 [ 1.  0.  0.  0.] 9 507.654559326
367 [ 1.  0.  0.  0.] 0 498.654559326
368 [ 0.  0.  0.  1.] -2 285.799438477
369 [ 0.  0.  0.  1.] -1 289.079983521
370 [ 0.  0.  0.  1.] 9 277.714202881
371 [ 0.  0.  0.  1.] -1 271.896487427
372 [ 0.  0.  0.  1.] -1 277.132185364
373 [ 0.  0.  0.  1.] -1 285.771508789
374 [ 0.  0.  0.  1.] 9 294.255938721
375 [ 0.  0.  0.  1.] -1 292.824493408
376 [ 0.  0.  0.  1.] -1 303.099238586
377 [ 0.  0.  0.  1.] -1 302.30370636
378 [ 0.  0.  0.  1.] 9 297.763238525
379 [ 0.  0.  0.  1.] -1 288.780180359
380 [ 0.  0.  0.  1.] -1 292.277738953
381 [ 0.  0.  0.  1.] -1 301.318742371
382 [ 0.  0.  0.  1.] 9 285.466815186
383 [ 0.  0.  0.  1.] -1 275.818426514
384 [ 0.  0.  0.  1.] -1 279.607003784
385 [ 0.  0.  0.  1.] -1 283.186174011
386 [ 0.  0.  0.  1.] 9 290.173820496
387 [ 0.  0.  0.  1.] -1 285.235626221
388 [ 0.  0.  0.  1.] -1 294.974604797
389 [ 0.  0.  0.  1.] -1 303.709832764
390 [ 0.  0.  0.  1.] 9 301.656330872
391 [ 0.  0.  0.  1.] -1 283.567791748
392 [ 0.  0.  0.  1.] -1 284.408840942
393 [ 0.  0.  0.  1.] -1 290.634576416
394 [ 0.  0.  0.  1.] 9 284.304798889
395 [ 0.  0.  0.  1.] -1 271.896951294
396 [ 0.  0.  0.  1.] -1 274.665078735
397 [ 0.  0.  0.  1.] -1 284.959132385
398 [ 0.  0.  0.  1.] 9 249.168120575
399 [ 0.  0.  0.  1.] -1 232.823896027
400 [ 0.  0.  0.  1.] -1 236.662628937
401 [ 0.  0.  0.  1.] -1 237.62138443
402 [ 0.  0.  0.  1.] 9 232.576837921
403 [ 0.  0.  0.  1.] -1 224.592297363
404 [ 0.  0.  0.  1.] -1 225.012039185
405 [ 0.  0.  0.  1.] -1 228.439118958
406 [ 0.  0.  0.  1.] 9 202.038446045
407 [ 0.  0.  0.  1.] -1 191.310189056
408 [ 0.  0.  0.  1.] -1 190.218042755
409 [ 0.  0.  0.  1.] -1 197.114095306
410 [ 0.  0.  0.  1.] 9 203.435077667
411 [ 0.  0.  0.  1.] -1 197.02006073
412 [ 0.  0.  0.  1.] -1 203.32617569
413 [ 0.  0.  0.  1.] -1 201.266764832
414 [ 0.  0.  0.  1.] 9 161.31206665
415 [ 0.  0.  0.  1.] -1 150.706777954
416 [ 0.  0.  0.  1.] -1 150.537350464
417 [ 0.  0.  0.  1.] -1 150.880090332
418 [ 0.  0.  0.  1.] 9 158.004273224
419 [ 0.  0.  0.  1.] -1 149.333716583
420 [ 0.  0.  0.  1.] -1 151.127708435
421 [ 0.  0.  0.  1.] -1 150.9699646
422 [ 0.  0.  0.  1.] 9 155.4704422
423 [ 0.  0.  0.  1.] -1 151.738128662
424 [ 0.  0.  0.  1.] -1 158.064160919
425 [ 0.  0.  0.  1.] -1 165.438634491
426 [ 0.  0.  0.  1.] 9 164.9480896
427 [ 0.  0.  0.  1.] 0 155.9480896
428 [ 0.  0.  1.  0.] -2 179.961167145
429 [ 0.  0.  1.  0.] -1 183.108901215
430 [ 0.  0.  1.  0.] 9 191.610929108
431 [ 0.  0.  1.  0.] -1 205.720513153
432 [ 0.  0.  1.  0.] -1 200.585271454
433 [ 0.  0.  1.  0.] -1 211.101169586
434 [ 0.  0.  1.  0.] 9 217.248317719
435 [ 0.  0.  1.  0.] -1 268.175750732
436 [ 0.  0.  1.  0.] -1 257.622511292
437 [ 0.  0.  1.  0.] -1 284.328128052
438 [ 0.  0.  1.  0.] 9 304.314637756
439 [ 0.  0.  1.  0.] 0 295.314637756
440 [ 0.  0.  0.  1.] -2 248.376054382
441 [ 0.  0.  0.  1.] -1 276.444270325
442 [ 0.  0.  0.  1.] 9 320.533087158
443 [ 0.  0.  0.  1.] -1 329.527897644
444 [ 0.  0.  0.  1.] -1 329.174082947
445 [ 0.  0.  0.  1.] -1 346.418461609
446 [ 0.  0.  0.  1.] 9 367.127502441
447 [ 0.  0.  0.  1.] -1 365.705508423
448 [ 0.  0.  0.  1.] -1 383.236643982
449 [ 0.  0.  0.  1.] -1 435.629602051
450 [ 0.  0.  0.  1.] 9 551.337976074
451 [ 0.  0.  0.  1.] -1 552.439187622
452 [ 0.  0.  0.  1.] -1 574.547851562
453 [ 0.  0.  0.  1.] -1 642.373641968
454 [ 0.  0.  0.  1.] 9 754.298483276
455 [ 0.  0.  0.  1.] -1 787.223419189
456 [ 0.  0.  0.  1.] -1 874.503103638
457 [ 0.  0.  0.  1.] -1 963.379476929
458 [ 0.  0.  0.  1.] 9 850.741574097
459 [ 0.  0.  0.  1.] 0 841.741574097
460 [ 1.  0.  0.  0.] -2 1065.6201355
461 [ 1.  0.  0.  0.] -1 1019.57808838
462 [ 1.  0.  0.  0.] 49 717.558847046
463 [ 1.  0.  0.  0.] -1 706.96413269
464 [ 1.  0.  0.  0.] -1 666.939932251
465 [ 1.  0.  0.  0.] -1 607.866156006
466 [ 1.  0.  0.  0.] 9 523.960302734
467 [ 1.  0.  0.  0.] -1 547.291769409
468 [ 1.  0.  0.  0.] -1 494.261428833
469 [ 1.  0.  0.  0.] -1 473.294023132
470 [ 1.  0.  0.  0.] 9 333.761941528
471 [ 1.  0.  0.  0.] 0 324.761941528
472 [ 0.  1.  0.  0.] -2 419.735290527
473 [ 0.  1.  0.  0.] -1 433.191052246
474 [ 0.  1.  0.  0.] 9 483.68793335
475 [ 0.  1.  0.  0.] -1 529.992422485
476 [ 0.  1.  0.  0.] -1 506.903433228
477 [ 0.  1.  0.  0.] -1 519.25894165
478 [ 0.  1.  0.  0.] 9 544.820352173
479 [ 0.  1.  0.  0.] -1 397.357746887
480 [ 0.  1.  0.  0.] -1 368.649267578
481 [ 0.  1.  0.  0.] -1 358.526844788
482 [ 0.  1.  0.  0.] 9 391.952630615
483 [ 0.  1.  0.  0.] -1 427.750527954
484 [ 0.  1.  0.  0.] -1 395.614273071
485 [ 0.  1.  0.  0.] -1 405.490092468
486 [ 0.  1.  0.  0.] 9 483.140686035
487 [ 0.  1.  0.  0.] -1 404.441955566
488 [ 0.  1.  0.  0.] -1 395.892506409
489 [ 0.  1.  0.  0.] -1 386.69776001
490 [ 0.  1.  0.  0.] -1 375.878086853
491 [ 0.  1.  0.  0.] 0 376.878086853
492 [ 1.  0.  0.  0.] -2 1033.17146606
493 [ 1.  0.  0.  0.] -1 1052.31516724
494 [ 1.  0.  0.  0.] 9 690.292697144
495 [ 1.  0.  0.  0.] -1 648.191812134
496 [ 1.  0.  0.  0.] -1 627.020797729
497 [ 1.  0.  0.  0.] -1 648.482830811
498 [ 1.  0.  0.  0.] 9 602.251748657
499 [ 1.  0.  0.  0.] -1 558.977511597
500 [ 1.  0.  0.  0.] -1 542.459143066
501 [ 1.  0.  0.  0.] -1 496.068017578
502 [ 1.  0.  0.  0.] 9 327.059176636
503 [ 1.  0.  0.  0.] -1 305.119293213
504 [ 1.  0.  0.  0.] -1 317.868421936
505 [ 1.  0.  0.  0.] -1 331.212837219
506 [ 1.  0.  0.  0.] 9 211.999819946
507 [ 1.  0.  0.  0.] 0 202.999819946
508 [ 0.  1.  0.  0.] -2 279.771455383
509 [ 0.  1.  0.  0.] -1 262.02971344
510 [ 0.  1.  0.  0.] 9 302.252806091
511 [ 0.  1.  0.  0.] -1 396.354837036
512 [ 0.  1.  0.  0.] -1 426.752401733
513 [ 0.  1.  0.  0.] -1 416.639720154
514 [ 0.  1.  0.  0.] 9 472.759251404
515 [ 0.  1.  0.  0.] -1 542.256317139
516 [ 0.  1.  0.  0.] -1 600.767770386
517 [ 0.  1.  0.  0.] -1 609.440869141
518 [ 0.  1.  0.  0.] 9 547.343847656
519 [ 0.  1.  0.  0.] -1 473.086181641
520 [ 0.  1.  0.  0.] -1 507.804611206
521 [ 0.  1.  0.  0.] -1 487.045916748
522 [ 0.  1.  0.  0.] 9 505.20012207
523 [ 0.  1.  0.  0.] -1 491.075531006
524 [ 0.  1.  0.  0.] -1 546.977731323
525 [ 0.  1.  0.  0.] -1 522.179855347
526 [ 0.  1.  0.  0.] 9 539.638375854
527 [ 0.  1.  0.  0.] -1 722.409692383
528 [ 0.  1.  0.  0.] -1 816.934170532
529 [ 0.  1.  0.  0.] -1 839.016625977
530 [ 0.  1.  0.  0.] 9 874.205426025
531 [ 0.  1.  0.  0.] 0 865.205426025
532 [ 0.  0.  1.  0.] -2 363.262997437
533 [ 0.  0.  1.  0.] -1 365.578814697
534 [ 0.  0.  1.  0.] 9 397.656602478
535 [ 0.  0.  1.  0.] -1 318.903483582
536 [ 0.  0.  1.  0.] -1 318.574717712
537 [ 0.  0.  1.  0.] -1 326.298454285
538 [ 0.  0.  1.  0.] 9 349.908433533
539 [ 0.  0.  1.  0.] -1 295.492251587
540 [ 0.  0.  1.  0.] -1 296.871676636
541 [ 0.  0.  1.  0.] -1 300.122573853
542 [ 0.  0.  1.  0.] 9 322.39728241
543 [ 0.  0.  1.  0.] -1 224.720339203
544 [ 0.  0.  1.  0.] -1 225.244712067
545 [ 0.  0.  1.  0.] -1 224.281999207
546 [ 0.  0.  1.  0.] -1 223.693482208
547 [ 0.  0.  1.  0.] 0 224.693482208
548 [ 0.  1.  0.  0.] -2 316.194799805
549 [ 0.  1.  0.  0.] -1 325.263682556
550 [ 0.  1.  0.  0.] -1 334.274824524
551 [ 0.  1.  0.  0.] -1 339.271717834
552 [ 0.  1.  0.  0.] -1 338.518426514
553 [ 0.  1.  0.  0.] -1 345.815492249
554 [ 0.  1.  0.  0.] -1 343.725045776
555 [ 0.  1.  0.  0.] -1 357.491464233
556 [ 0.  1.  0.  0.] -1 356.093745422
557 [ 0.  1.  0.  0.] -1 358.063412476
558 [ 0.  1.  0.  0.] -1 364.249458313
559 [ 0.  1.  0.  0.] 0 365.249458313
560 [ 1.  0.  0.  0.] -2 865.487130737
561 [ 1.  0.  0.  0.] -1 884.175024414
562 [ 1.  0.  0.  0.] 9 940.86690979
563 [ 1.  0.  0.  0.] -1 975.595825195
564 [ 1.  0.  0.  0.] -1 984.484216309
565 [ 1.  0.  0.  0.] -1 1019.15144653
566 [ 1.  0.  0.  0.] 9 957.937686157
567 [ 1.  0.  0.  0.] -1 972.270361328
568 [ 1.  0.  0.  0.] -1 980.87567749
569 [ 1.  0.  0.  0.] -1 959.782070923
570 [ 1.  0.  0.  0.] 9 1580.09439087
571 [ 1.  0.  0.  0.] -1 1559.21264648
572 [ 1.  0.  0.  0.] -1 1556.51050415
573 [ 1.  0.  0.  0.] -1 1605.38250732
574 [ 1.  0.  0.  0.] 9 1570.77912598
575 [ 1.  0.  0.  0.] 0 1561.77912598
576 [ 0.  1.  0.  0.] -2 742.892715454
577 [ 0.  1.  0.  0.] -1 711.178829956
578 [ 0.  1.  0.  0.] 9 769.375442505
579 [ 0.  1.  0.  0.] -1 667.223007202
580 [ 0.  1.  0.  0.] -1 694.152932739
581 [ 0.  1.  0.  0.] -1 717.409494019
582 [ 0.  1.  0.  0.] 9 709.980322266
583 [ 0.  1.  0.  0.] -1 535.974105835
584 [ 0.  1.  0.  0.] -1 548.636752319
585 [ 0.  1.  0.  0.] -1 529.428012085
586 [ 0.  1.  0.  0.] 9 529.488845825
587 [ 0.  1.  0.  0.] -1 387.180848694
588 [ 0.  1.  0.  0.] -1 397.643518066
589 [ 0.  1.  0.  0.] -1 381.797988892
590 [ 0.  1.  0.  0.] 9 412.321386719
591 [ 0.  1.  0.  0.] -1 414.841162109
592 [ 0.  1.  0.  0.] -1 447.570239258
593 [ 0.  1.  0.  0.] -1 432.673086548
594 [ 0.  1.  0.  0.] 9 440.387120056
595 [ 0.  1.  0.  0.] -1 437.19602356
596 [ 0.  1.  0.  0.] -1 451.379400635
597 [ 0.  1.  0.  0.] -1 446.296401978
598 [ 0.  1.  0.  0.] 9 430.868536377
599 [ 0.  1.  0.  0.] 0 421.868536377
600 [ 0.  0.  1.  0.] -2 298.566049194
601 [ 0.  0.  1.  0.] -1 289.331109619
602 [ 0.  0.  1.  0.] 9 330.052076721
603 [ 0.  0.  1.  0.] -1 343.50398407
604 [ 0.  0.  1.  0.] -1 339.434274292
605 [ 0.  0.  1.  0.] -1 341.458010864
606 [ 0.  0.  1.  0.] 9 393.693582153
607 [ 0.  0.  1.  0.] -1 318.167355347
608 [ 0.  0.  1.  0.] -1 317.091125488
609 [ 0.  0.  1.  0.] -1 318.787139893
610 [ 0.  0.  1.  0.] 9 343.127854919
611 [ 0.  0.  1.  0.] -1 290.510462952
612 [ 0.  0.  1.  0.] -1 292.546231079
613 [ 0.  0.  1.  0.] -1 288.475187683
614 [ 0.  0.  1.  0.] -1 299.551263428
615 [ 0.  0.  1.  0.] 0 300.551263428
616 [ 0.  0.  0.  1.] -2 299.088682556
617 [ 0.  0.  0.  1.] -1 303.244718933
618 [ 0.  0.  0.  1.] -1 289.140576172
619 [ 0.  0.  0.  1.] -1 297.215460205
620 [ 0.  0.  0.  1.] -1 299.927865601
621 [ 0.  0.  0.  1.] -1 307.971148682
622 [ 0.  0.  0.  1.] -1 308.220187378
623 [ 0.  0.  0.  1.] -1 315.097424316
624 [ 0.  0.  0.  1.] -1 320.678355408
625 [ 0.  0.  0.  1.] -1 317.634342957
626 [ 0.  0.  0.  1.] -1 303.575398254
627 [ 0.  0.  0.  1.] 0 304.575398254
628 [ 0.  0.  1.  0.] -2 286.421716309
629 [ 0.  0.  1.  0.] -1 285.371365356
630 [ 0.  0.  1.  0.] 9 297.008265686
631 [ 0.  0.  1.  0.] -1 285.222579956
632 [ 0.  0.  1.  0.] -1 284.675158691
633 [ 0.  0.  1.  0.] -1 288.383573914
634 [ 0.  0.  1.  0.] 9 302.524545288
635 [ 0.  0.  1.  0.] -1 342.672473145
636 [ 0.  0.  1.  0.] -1 335.549502563
637 [ 0.  0.  1.  0.] -1 349.187313843
638 [ 0.  0.  1.  0.] 9 375.568319702
639 [ 0.  0.  1.  0.] 0 366.568319702
640 [ 0.  0.  0.  1.] -2 338.299230957
641 [ 0.  0.  0.  1.] -1 349.007623291
642 [ 0.  0.  0.  1.] 9 335.679974365
643 [ 0.  0.  0.  1.] -1 327.869514465
644 [ 0.  0.  0.  1.] -1 331.002792358
645 [ 0.  0.  0.  1.] -1 337.197419739
646 [ 0.  0.  0.  1.] 9 337.675125122
647 [ 0.  0.  0.  1.] -1 326.32414093
648 [ 0.  0.  0.  1.] -1 337.07220459
649 [ 0.  0.  0.  1.] -1 347.563082886
650 [ 0.  0.  0.  1.] 9 348.534545898
651 [ 0.  0.  0.  1.] -1 337.573094177
652 [ 0.  0.  0.  1.] -1 342.650671387
653 [ 0.  0.  0.  1.] -1 353.64858551
654 [ 0.  0.  0.  1.] 9 340.81309967
655 [ 0.  0.  0.  1.] -1 330.580818176
656 [ 0.  0.  0.  1.] -1 339.852479553
657 [ 0.  0.  0.  1.] -1 350.811834717
658 [ 0.  0.  0.  1.] 9 319.247711182
659 [ 0.  0.  0.  1.] -1 306.515910339
660 [ 0.  0.  0.  1.] -1 311.658110046
661 [ 0.  0.  0.  1.] -1 131.41571579
662 [ 0.  0.  0.  1.] 9 128.998636246
663 [ 0.  0.  0.  1.] -1 119.010479355
664 [ 0.  0.  0.  1.] -1 121.251443481
665 [ 0.  0.  0.  1.] -1 126.536833191
666 [ 0.  0.  0.  1.] 9 129.652486038
667 [ 0.  0.  0.  1.] -1 118.736087418
668 [ 0.  0.  0.  1.] -1 120.34011116
669 [ 0.  0.  0.  1.] -1 122.367131042
670 [ 0.  0.  0.  1.] 9 133.407367706
671 [ 0.  0.  0.  1.] -1 121.647484589
672 [ 0.  0.  0.  1.] -1 126.32259903
673 [ 0.  0.  0.  1.] -1 125.391965485
674 [ 0.  0.  0.  1.] 9 132.312293243
675 [ 0.  0.  0.  1.] 0 123.312293243
676 [ 1.  0.  0.  0.] -2 136.620649719
677 [ 1.  0.  0.  0.] -1 134.898720551
678 [ 1.  0.  0.  0.] 9 163.565750885
679 [ 1.  0.  0.  0.] -1 161.671482086
680 [ 1.  0.  0.  0.] -1 164.142502594
681 [ 1.  0.  0.  0.] -1 159.926747131
682 [ 1.  0.  0.  0.] 9 167.632518005
683 [ 1.  0.  0.  0.] -1 155.213421631
684 [ 1.  0.  0.  0.] -1 156.79929657
685 [ 1.  0.  0.  0.] -1 155.980455017
686 [ 1.  0.  0.  0.] -1 178.701046753
687 [ 1.  0.  0.  0.] 0 179.701046753
688 [ 0.  0.  0.  1.] -2 101.123945236
689 [ 0.  0.  0.  1.] -1 101.90976181
690 [ 0.  0.  0.  1.] -1 94.1490245819
691 [ 0.  0.  0.  1.] -1 93.9374214172
692 [ 0.  0.  0.  1.] -1 95.0192249298
693 [ 0.  0.  0.  1.] -1 95.4283847809
694 [ 0.  0.  0.  1.] -1 94.2954399109
695 [ 0.  0.  0.  1.] -1 95.2940010071
696 [ 0.  0.  0.  1.] -1 96.6804710388
697 [ 0.  0.  0.  1.] -1 96.2682308197
698 [ 0.  0.  0.  1.] -1 83.1060791016
699 [ 0.  0.  0.  1.] -1 86.5679779053
700 [ 0.  0.  0.  1.] -1 87.1633369446
701 [ 0.  0.  0.  1.] -1 86.987386322
702 [ 0.  0.  0.  1.] -1 88.3622959137
703 [ 0.  0.  0.  1.] -1 87.5257621765
704 [ 0.  0.  0.  1.] -1 88.4452846527
705 [ 0.  0.  0.  1.] -1 88.3605129242
706 [ 0.  0.  0.  1.] -1 82.5848880768
707 [ 0.  0.  0.  1.] -1 84.6285709381
708 [ 0.  0.  0.  1.] -1 86.0611812592
709 [ 0.  0.  0.  1.] -1 86.682611084
710 [ 0.  0.  0.  1.] -1 90.9783473969
711 [ 0.  0.  0.  1.] 0 91.9783473969
712 [ 1.  0.  0.  0.] -2 103.227111816
713 [ 1.  0.  0.  0.] -1 99.4845409393
714 [ 1.  0.  0.  0.] 9 83.7275325775
715 [ 1.  0.  0.  0.] -1 73.9515369415
716 [ 1.  0.  0.  0.] -1 73.7334323883
717 [ 1.  0.  0.  0.] -1 74.4122585297
718 [ 1.  0.  0.  0.] 9 86.2600444794
719 [ 1.  0.  0.  0.] -1 77.7287494659
720 [ 1.  0.  0.  0.] -1 76.6952388763
721 [ 1.  0.  0.  0.] -1 78.2222171783
722 [ 1.  0.  0.  0.] 9 83.5248081207
723 [ 1.  0.  0.  0.] -1 73.2406459808
724 [ 1.  0.  0.  0.] -1 73.1264911652
725 [ 1.  0.  0.  0.] -1 74.4102218628
726 [ 1.  0.  0.  0.] -1 54.2514780045
727 [ 1.  0.  0.  0.] 0 55.2514780045
728 [ 0.  0.  0.  1.] -2 61.4946697235
729 [ 0.  0.  0.  1.] -1 65.0246955872
730 [ 0.  0.  0.  1.] -1 69.2430747986
731 [ 0.  0.  0.  1.] -1 73.2808429718
732 [ 0.  0.  0.  1.] -1 76.7464019775
733 [ 0.  0.  0.  1.] -1 78.8740882874
734 [ 0.  0.  0.  1.] -1 100.261924362
735 [ 0.  0.  0.  1.] -1 106.83275528
736 [ 0.  0.  0.  1.] -1 108.467560959
737 [ 0.  0.  0.  1.] -1 113.408993149
738 [ 0.  0.  0.  1.] -1 121.290132904
739 [ 0.  0.  0.  1.] -1 119.62324791
740 [ 0.  0.  0.  1.] -1 115.605911636
741 [ 0.  0.  0.  1.] -1 114.674038696
742 [ 0.  0.  0.  1.] -1 111.576913452
743 [ 0.  0.  0.  1.] -1 103.497035599
744 [ 0.  0.  0.  1.] -1 100.443093491
745 [ 0.  0.  0.  1.] -1 101.777211761
746 [ 0.  0.  0.  1.] -1 98.6532981873
747 [ 0.  0.  0.  1.] -1 99.9925045013
748 [ 0.  0.  0.  1.] -1 100.461793137
749 [ 0.  0.  0.  1.] -1 102.371817017
750 [ 0.  0.  0.  1.] -1 102.537229156
751 [ 0.  0.  0.  1.] -1 104.161844254
752 [ 0.  0.  0.  1.] 0 105.161844254
753 [ 0.  0.  1.  0.] -2 120.846266174
754 [ 0.  0.  1.  0.] -1 122.553518677
755 [ 0.  0.  1.  0.] -1 126.492838287
756 [ 0.  0.  1.  0.] -1 131.841226959
757 [ 0.  0.  1.  0.] -1 130.959777832
758 [ 0.  0.  1.  0.] -1 131.928839874
759 [ 0.  0.  1.  0.] -1 136.432990265
760 [ 0.  0.  1.  0.] -1 146.540685272
761 [ 0.  0.  1.  0.] -1 145.708507538
762 [ 0.  0.  1.  0.] -1 148.197676849
763 [ 0.  0.  1.  0.] -1 158.73837738
764 [ 0.  0.  1.  0.] -1 144.200837708
765 [ 0.  0.  1.  0.] -1 145.910826111
766 [ 0.  0.  1.  0.] -1 145.608094788
767 [ 0.  0.  1.  0.] -1 151.541043091
768 [ 0.  0.  1.  0.] 0 152.541043091
769 [ 0.  0.  0.  1.] -2 145.909793091
770 [ 0.  0.  0.  1.] -1 149.856219482
771 [ 0.  0.  0.  1.] 9 156.492631531
772 [ 0.  0.  0.  1.] -1 146.47359848
773 [ 0.  0.  0.  1.] -1 146.230358124
774 [ 0.  0.  0.  1.] -1 148.413592529
775 [ 0.  0.  0.  1.] 9 170.793758392
776 [ 0.  0.  0.  1.] -1 164.893228149
777 [ 0.  0.  0.  1.] -1 165.291733551
778 [ 0.  0.  0.  1.] -1 159.723848724
779 [ 0.  0.  0.  1.] -1 141.834201813
780 [ 0.  0.  0.  1.] -1 141.172785187
781 [ 0.  0.  0.  1.] -1 141.678429413
782 [ 0.  0.  0.  1.] -1 145.501405334
783 [ 0.  0.  0.  1.] -1 132.495323181
784 [ 0.  0.  0.  1.] -1 133.373815155
785 [ 0.  0.  0.  1.] -1 138.525263214
786 [ 0.  0.  0.  1.] -1 144.027423859
787 [ 0.  0.  0.  1.] -1 149.690227509
788 [ 0.  0.  0.  1.] -1 154.692919159
789 [ 0.  0.  0.  1.] -1 159.092670441
790 [ 0.  0.  0.  1.] -1 159.564379883
791 [ 0.  0.  0.  1.] -1 162.081149292
792 [ 0.  0.  0.  1.] -1 161.58973999
793 [ 0.  0.  0.  1.] -1 165.003715515
794 [ 0.  0.  0.  1.] -1 164.360853577
795 [ 0.  0.  0.  1.] -1 152.047209167
796 [ 0.  0.  0.  1.] -1 151.271391296
797 [ 0.  0.  0.  1.] -1 153.439564514
798 [ 0.  0.  0.  1.] -1 155.515964508
799 [ 0.  0.  0.  1.] -1 159.731473541
800 [ 0.  0.  0.  1.] -1 164.928699493
801 [ 0.  0.  0.  1.] -1 169.647736359
802 [ 0.  0.  0.  1.] -1 169.843183899
803 [ 0.  0.  0.  1.] -1 165.588391113
804 [ 0.  0.  0.  1.] 0 166.588391113
805 [ 1.  0.  0.  0.] -2 265.878894043
806 [ 1.  0.  0.  0.] -1 270.641262817
807 [ 1.  0.  0.  0.] -1 273.991398621
808 [ 1.  0.  0.  0.] -1 275.131526184
809 [ 1.  0.  0.  0.] -1 278.284257507
810 [ 1.  0.  0.  0.] -1 282.87648468
811 [ 1.  0.  0.  0.] -1 280.972831726
812 [ 1.  0.  0.  0.] -1 283.727275085
813 [ 1.  0.  0.  0.] -1 284.18528595
814 [ 1.  0.  0.  0.] -1 288.411869812
815 [ 1.  0.  0.  0.] -1 236.503377533
816 [ 1.  0.  0.  0.] -1 242.530911255
817 [ 1.  0.  0.  0.] -1 239.377281189
818 [ 1.  0.  0.  0.] -1 239.225045776
819 [ 1.  0.  0.  0.] -1 213.945023346
820 [ 1.  0.  0.  0.] 0 214.945023346
821 [ 0.  1.  0.  0.] -2 209.490691376
822 [ 0.  1.  0.  0.] -1 201.532038879
823 [ 0.  1.  0.  0.] -1 193.582920837
824 [ 0.  1.  0.  0.] -1 208.416320801
825 [ 0.  1.  0.  0.] -1 208.101543427
826 [ 0.  1.  0.  0.] -1 208.010466003
827 [ 0.  1.  0.  0.] -1 203.245201874
828 [ 0.  1.  0.  0.] -1 195.748658752
829 [ 0.  1.  0.  0.] -1 196.422498322
830 [ 0.  1.  0.  0.] -1 195.456016541
831 [ 0.  1.  0.  0.] -1 191.783811951
832 [ 0.  1.  0.  0.] -1 180.248232269
833 [ 0.  1.  0.  0.] -1 181.116983032
834 [ 0.  1.  0.  0.] -1 178.461908722
835 [ 0.  1.  0.  0.] -1 173.776125336
836 [ 0.  1.  0.  0.] -1 183.928887939
837 [ 0.  1.  0.  0.] -1 189.912180328
838 [ 0.  1.  0.  0.] -1 191.226243591
839 [ 0.  1.  0.  0.] -1 189.834613037
840 [ 0.  1.  0.  0.] -1 198.355809784
841 [ 0.  1.  0.  0.] -1 199.637184906
842 [ 0.  1.  0.  0.] -1 197.620797729
843 [ 0.  1.  0.  0.] -1 188.176563263
844 [ 0.  1.  0.  0.] 0 189.176563263
845 [ 0.  0.  1.  0.] -2 137.314319611
846 [ 0.  0.  1.  0.] -1 136.832568359
847 [ 0.  0.  1.  0.] -1 153.645217133
848 [ 0.  0.  1.  0.] -1 159.914933014
849 [ 0.  0.  1.  0.] -1 158.45275116
850 [ 0.  0.  1.  0.] -1 156.20819931
851 [ 0.  0.  1.  0.] -1 167.003562927
852 [ 0.  0.  1.  0.] -1 158.092340851
853 [ 0.  0.  1.  0.] -1 157.396163177
854 [ 0.  0.  1.  0.] -1 157.87077179
855 [ 0.  0.  1.  0.] -1 165.717810059
856 [ 0.  0.  1.  0.] -1 140.167961884
857 [ 0.  0.  1.  0.] -1 139.625933075
858 [ 0.  0.  1.  0.] -1 138.871989441
859 [ 0.  0.  1.  0.] -1 144.901030731
860 [ 0.  0.  1.  0.] 0 145.901030731
861 [ 0.  0.  0.  1.] -2 140.678429413
862 [ 0.  0.  0.  1.] -1 145.501405334
863 [ 0.  0.  0.  1.] -1 132.495323181
864 [ 0.  0.  0.  1.] -1 133.373815155
865 [ 0.  0.  0.  1.] -1 138.525263214
866 [ 0.  0.  0.  1.] -1 144.027423859
867 [ 0.  0.  0.  1.] -1 149.690227509
868 [ 0.  0.  0.  1.] -1 154.692919159
869 [ 0.  0.  0.  1.] -1 159.092670441
870 [ 0.  0.  0.  1.] -1 159.564379883
871 [ 0.  0.  0.  1.] -1 162.081149292
872 [ 0.  0.  0.  1.] -1 161.58973999
873 [ 0.  0.  0.  1.] -1 165.003715515
874 [ 0.  0.  0.  1.] -1 164.360853577
875 [ 0.  0.  0.  1.] -1 152.047209167
876 [ 0.  0.  0.  1.] -1 151.271391296
877 [ 0.  0.  0.  1.] -1 153.439564514
878 [ 0.  0.  0.  1.] -1 155.515964508
879 [ 0.  0.  0.  1.] -1 159.731473541
880 [ 0.  0.  0.  1.] -1 164.928699493
881 [ 0.  0.  0.  1.] -1 169.647736359
882 [ 0.  0.  0.  1.] -1 169.843183899
883 [ 0.  0.  0.  1.] -1 165.588391113
884 [ 0.  0.  0.  1.] 0 166.588391113
885 [ 1.  0.  0.  0.] -2 265.878894043
886 [ 1.  0.  0.  0.] -1 270.641262817
887 [ 1.  0.  0.  0.] -1 273.991398621
888 [ 1.  0.  0.  0.] -1 275.131526184
889 [ 1.  0.  0.  0.] -1 278.284257507
890 [ 1.  0.  0.  0.] -1 282.87648468
891 [ 1.  0.  0.  0.] -1 280.972831726
892 [ 1.  0.  0.  0.] -1 283.727275085
893 [ 1.  0.  0.  0.] -1 284.18528595
894 [ 1.  0.  0.  0.] -1 288.411869812
895 [ 1.  0.  0.  0.] -1 236.503377533
896 [ 1.  0.  0.  0.] -1 242.530911255
897 [ 1.  0.  0.  0.] -1 239.377281189
898 [ 1.  0.  0.  0.] -1 239.225045776
899 [ 1.  0.  0.  0.] -1 213.945023346
900 [ 1.  0.  0.  0.] 0 214.945023346
901 [ 0.  1.  0.  0.] -2 209.490691376
902 [ 0.  1.  0.  0.] -1 201.532038879
903 [ 0.  1.  0.  0.] -1 193.582920837
904 [ 0.  1.  0.  0.] -1 208.416320801
905 [ 0.  1.  0.  0.] -1 208.101543427
906 [ 0.  1.  0.  0.] -1 208.010466003
907 [ 0.  1.  0.  0.] -1 203.245201874
908 [ 0.  1.  0.  0.] -1 195.748658752
909 [ 0.  1.  0.  0.] -1 196.422498322
910 [ 0.  1.  0.  0.] -1 195.456016541
911 [ 0.  1.  0.  0.] -1 191.783811951
912 [ 0.  1.  0.  0.] 0 192.783811951
913 [ 1.  0.  0.  0.] -2 214.442473602
914 [ 1.  0.  0.  0.] -1 214.430561829
915 [ 1.  0.  0.  0.] -1 188.396276855
916 [ 1.  0.  0.  0.] -1 192.185941315
917 [ 1.  0.  0.  0.] -1 193.541636658
918 [ 1.  0.  0.  0.] -1 194.870427704
919 [ 1.  0.  0.  0.] -1 208.751377869
920 [ 1.  0.  0.  0.] -1 207.152355194
921 [ 1.  0.  0.  0.] -1 206.529077148
922 [ 1.  0.  0.  0.] -1 205.065474701
923 [ 1.  0.  0.  0.] -1 211.709357452
924 [ 1.  0.  0.  0.] 0 212.709357452
925 [ 0.  0.  0.  1.] -2 180.690975189
926 [ 0.  0.  0.  1.] -1 187.506028748
927 [ 0.  0.  0.  1.] -1 150.084833527
928 [ 0.  0.  0.  1.] -1 149.039276886
929 [ 0.  0.  0.  1.] -1 154.700543976
930 [ 0.  0.  0.  1.] -1 149.561460876
931 [ 0.  0.  0.  1.] -1 139.840602112
932 [ 0.  0.  0.  1.] -1 136.304064178
933 [ 0.  0.  0.  1.] -1 138.964038086
934 [ 0.  0.  0.  1.] -1 135.911791992
935 [ 0.  0.  0.  1.] -1 70.1647209167
936 [ 0.  0.  0.  1.] -1 65.1350017548
937 [ 0.  0.  0.  1.] -1 65.0356399536
938 [ 0.  0.  0.  1.] -1 58.7691892624
939 [ 0.  0.  0.  1.] 0 59.7691892624
940 [ 0.  1.  0.  0.] -102 -86.4694203377
941 [ 0.  1.  0.  0.] -1 14.6952325821
942 [ 0.  1.  0.  0.] -1 15.6956147194
943 [ 0.  1.  0.  0.] -1 16.0608485222
944 [ 0.  1.  0.  0.] -1 16.1815554619
945 [ 0.  1.  0.  0.] -1 16.1927027702
946 [ 0.  1.  0.  0.] 0 17.1927027702
947 [ 1.  0.  0.  0.] -2 15.8687294006
948 [ 1.  0.  0.  0.] -1 16.7292757034
949 [ 1.  0.  0.  0.] -1 23.4582291603
950 [ 1.  0.  0.  0.] -1 23.9568374634
951 [ 1.  0.  0.  0.] -1 24.1297348976
952 [ 1.  0.  0.  0.] -1 24.9907919884
953 [ 1.  0.  0.  0.] -1 24.6217910767
954 [ 1.  0.  0.  0.] -1 24.6108213425
955 [ 1.  0.  0.  0.] -1 24.5260260582
956 [ 1.  0.  0.  0.] -1 25.0140415192
957 [ 1.  0.  0.  0.] -1 23.6745797157
958 [ 1.  0.  0.  0.] 0 24.6745797157
959 [ 0.  1.  0.  0.] -2 18.2631574631
960 [ 0.  1.  0.  0.] -1 19.3320924759
961 [ 0.  1.  0.  0.] -1 19.3092723846
962 [ 0.  1.  0.  0.] -1 19.7778597832
963 [ 0.  1.  0.  0.] -1 19.9546874046
964 [ 0.  1.  0.  0.] -1 20.4555407524
965 [ 0.  1.  0.  0.] -1 21.1962098122
966 [ 0.  1.  0.  0.] -1 24.8343600273
967 [ 0.  1.  0.  0.] -1 25.0595802307
968 [ 0.  1.  0.  0.] -1 24.8875652313
969 [ 0.  1.  0.  0.] -1 25.237582016
970 [ 0.  1.  0.  0.] 0 26.237582016
971 [ 1.  0.  0.  0.] -2 33.580178833
972 [ 1.  0.  0.  0.] -1 35.6407060623
973 [ 1.  0.  0.  0.] -1 49.7264427185
974 [ 1.  0.  0.  0.] -1 51.9307830811
975 [ 1.  0.  0.  0.] -1 52.5199632645
976 [ 1.  0.  0.  0.] -1 54.2663036346
977 [ 1.  0.  0.  0.] -1 63.756047821
978 [ 1.  0.  0.  0.] -1 40.9166154861
979 [ 1.  0.  0.  0.] -1 41.0292917252
980 [ 1.  0.  0.  0.] -1 41.665568924
981 [ 1.  0.  0.  0.] -1 42.0833791733
982 [ 1.  0.  0.  0.] 0 43.0833791733
983 [ 0.  1.  0.  0.] -2 24.9911560059
984 [ 0.  1.  0.  0.] -1 25.9361370087
985 [ 0.  1.  0.  0.] 9 35.9326036453
986 [ 0.  1.  0.  0.] -1 28.6029728889
987 [ 0.  1.  0.  0.] -1 29.2913590431
988 [ 0.  1.  0.  0.] -1 29.5990606308
989 [ 0.  1.  0.  0.] 9 39.5763021469
990 [ 0.  1.  0.  0.] -1 30.7226593018
991 [ 0.  1.  0.  0.] -1 31.2682577133
992 [ 0.  1.  0.  0.] -1 31.6783960342
993 [ 0.  1.  0.  0.] 9 41.7275007248
994 [ 0.  1.  0.  0.] 0 32.7275007248
995 [ 0.  0.  1.  0.] -2 29.0590356827
996 [ 0.  0.  1.  0.] -1 30.0063251495
997 [ 0.  0.  1.  0.] 9 40.4192901611
998 [ 0.  0.  1.  0.] -1 24.6784154892
999 [ 0.  0.  1.  0.] -1 24.6354262352
1000 [ 0.  0.  1.  0.] -1 24.2751337051
1001 [ 0.  0.  1.  0.] 9 34.7549064636
1002 [ 0.  0.  1.  0.] -1 21.3142332077
1003 [ 0.  0.  1.  0.] -1 21.3487804413
1004 [ 0.  0.  1.  0.] -1 21.234105587
1005 [ 0.  0.  1.  0.] 9 31.353917408
1006 [ 0.  0.  1.  0.] -1 18.888983345
1007 [ 0.  0.  1.  0.] -1 18.74354105
1008 [ 0.  0.  1.  0.] -1 18.4138963699
1009 [ 0.  0.  1.  0.] 9 28.2186825752
1010 [ 0.  0.  1.  0.] -1 18.022941494
1011 [ 0.  0.  1.  0.] -1 17.9284448624
1012 [ 0.  0.  1.  0.] -1 17.7272551537
1013 [ 0.  0.  1.  0.] 9 27.7228574753
1014 [ 0.  0.  1.  0.] -1 13.3126275063
1015 [ 0.  0.  1.  0.] -1 13.2147596836
1016 [ 0.  0.  1.  0.] -1 13.2913312912
1017 [ 0.  0.  1.  0.] 9 23.2710380077
1018 [ 0.  0.  1.  0.] 0 14.2710380077
1019 [ 0.  0.  0.  1.] -2 12.3595224857
1020 [ 0.  0.  0.  1.] -1 13.2984152317
1021 [ 0.  0.  0.  1.] 9 23.4162918568
1022 [ 0.  0.  0.  1.] -1 13.4086443901
1023 [ 0.  0.  0.  1.] -1 13.4428428173
1024 [ 0.  0.  0.  1.] -1 13.5301549435
1025 [ 0.  0.  0.  1.] 9 23.8687698364
1026 [ 0.  0.  0.  1.] -1 13.95228405
1027 [ 0.  0.  0.  1.] -1 14.0685507298
1028 [ 0.  0.  0.  1.] -1 14.1096446514
1029 [ 0.  0.  0.  1.] 9 23.6821910381
1030 [ 0.  0.  0.  1.] -1 13.2551297188
1031 [ 0.  0.  0.  1.] -1 13.0923150539
1032 [ 0.  0.  0.  1.] -1 13.4968407631
1033 [ 0.  0.  0.  1.] 9 21.3889186382
1034 [ 0.  0.  0.  1.] -1 10.9129238605
1035 [ 0.  0.  0.  1.] -1 10.9794353485
1036 [ 0.  0.  0.  1.] -1 11.0266936302
1037 [ 0.  0.  0.  1.] 9 21.6342210293
1038 [ 0.  0.  0.  1.] -1 13.0354070663
1039 [ 0.  0.  0.  1.] -1 13.4934505463
1040 [ 0.  0.  0.  1.] -1 12.9070354462
1041 [ 0.  0.  0.  1.] -1 11.7365263939
1042 [ 0.  0.  0.  1.] -1 11.4644039631
1043 [ 0.  0.  0.  1.] -1 11.2884805202
1044 [ 0.  0.  0.  1.] -1 11.1472275257
1045 [ 0.  0.  0.  1.] -1 10.229100275
1046 [ 0.  0.  0.  1.] -1 9.69830121994
1047 [ 0.  0.  0.  1.] -1 10.5272934914
1048 [ 0.  0.  0.  1.] -1 11.6024615288
1049 [ 0.  0.  0.  1.] -1 11.5751776218
1050 [ 0.  0.  0.  1.] -1 12.2194447517
1051 [ 0.  0.  0.  1.] -1 13.1600061417
1052 [ 0.  0.  0.  1.] -1 14.1132432461
1053 [ 0.  0.  0.  1.] 9 24.5173304558
1054 [ 0.  0.  0.  1.] -1 14.3614910126
1055 [ 0.  0.  0.  1.] -1 14.5660020828
1056 [ 0.  0.  0.  1.] -1 14.799343586
1057 [ 0.  0.  0.  1.] 9 25.5593120575
1058 [ 0.  0.  0.  1.] -1 15.8441265106
1059 [ 0.  0.  0.  1.] -1 16.292780304
1060 [ 0.  0.  0.  1.] -1 16.6973232269
1061 [ 0.  0.  0.  1.] 9 28.0073167801
1062 [ 0.  0.  0.  1.] -1 18.6997454643
1063 [ 0.  0.  0.  1.] -1 19.9902674675
1064 [ 0.  0.  0.  1.] -1 24.2132472992
1065 [ 0.  0.  0.  1.] 9 43.6976823807
1066 [ 0.  0.  0.  1.] 0 34.6976823807
1067 [ 0.  0.  1.  0.] -2 25.606579113
1068 [ 0.  0.  1.  0.] -1 26.4313623428
1069 [ 0.  0.  1.  0.] 9 35.8336658478
1070 [ 0.  0.  1.  0.] -1 26.6581100464
1071 [ 0.  0.  1.  0.] -1 26.6909322739
1072 [ 0.  0.  1.  0.] -1 27.0353355408
1073 [ 0.  0.  1.  0.] 9 35.3919555664
1074 [ 0.  0.  1.  0.] -1 26.2460618973
1075 [ 0.  0.  1.  0.] -1 26.4065871239
1076 [ 0.  0.  1.  0.] -1 26.7898773193
1077 [ 0.  0.  1.  0.] -1 24.7363318443
1078 [ 0.  0.  1.  0.] 0 25.7363318443
1079 [ 0.  0.  0.  1.] -2 30.0471633911
1080 [ 0.  0.  0.  1.] -1 32.566437149
1081 [ 0.  0.  0.  1.] -1 33.4970199585
1082 [ 0.  0.  0.  1.] -1 34.2126075745
1083 [ 0.  0.  0.  1.] -1 34.3782371521
1084 [ 0.  0.  0.  1.] -1 34.5623779297
1085 [ 0.  0.  0.  1.] -1 36.2295818329
1086 [ 0.  0.  0.  1.] -1 36.8305000305
1087 [ 0.  0.  0.  1.] -1 37.6602714539
1088 [ 0.  0.  0.  1.] -1 38.436951828
1089 [ 0.  0.  0.  1.] -1 42.0476070404
1090 [ 0.  0.  0.  1.] -1 42.9213806152
1091 [ 0.  0.  0.  1.] -1 44.4937526703
1092 [ 0.  0.  0.  1.] -1 45.4257705688
1093 [ 0.  0.  0.  1.] -1 52.6770439148
1094 [ 0.  0.  0.  1.] -1 56.5166574478
1095 [ 0.  0.  0.  1.] -1 59.5315332413
1096 [ 0.  0.  0.  1.] -1 65.0778881073
1097 [ 0.  0.  0.  1.] -1 73.720161438
1098 [ 0.  0.  0.  1.] -1 80.053818512
1099 [ 0.  0.  0.  1.] -1 82.9332233429
1100 [ 0.  0.  0.  1.] -1 86.8708106995
1101 [ 0.  0.  0.  1.] -1 120.003546524
1102 [ 0.  0.  0.  1.] 0 121.003546524
1103 [ 1.  0.  0.  0.] -2 226.354510498
1104 [ 1.  0.  0.  0.] -1 239.77509079
1105 [ 1.  0.  0.  0.] -1 257.587866211
1106 [ 1.  0.  0.  0.] -1 264.076266479
1107 [ 1.  0.  0.  0.] -1 271.819630432
1108 [ 1.  0.  0.  0.] -1 281.646975708
1109 [ 1.  0.  0.  0.] -1 249.928607178
1110 [ 1.  0.  0.  0.] -1 259.427128601
1111 [ 1.  0.  0.  0.] -1 266.139460754
1112 [ 1.  0.  0.  0.] -1 278.406138611
1113 [ 1.  0.  0.  0.] -1 271.813687134
1114 [ 1.  0.  0.  0.] 0 272.813687134
1115 [ 0.  1.  0.  0.] -2 114.471723557
1116 [ 0.  1.  0.  0.] -1 112.967319107
1117 [ 0.  1.  0.  0.] 9 123.519205093
1118 [ 0.  1.  0.  0.] -1 97.5143230438
1119 [ 0.  1.  0.  0.] -1 90.9395130157
1120 [ 0.  1.  0.  0.] -1 86.4216495514
1121 [ 0.  1.  0.  0.] 9 93.1660919189
1122 [ 0.  1.  0.  0.] -1 60.9915660858
1123 [ 0.  1.  0.  0.] -1 59.3788520813
1124 [ 0.  1.  0.  0.] -1 56.3272293091
1125 [ 0.  1.  0.  0.] 9 64.484013176
1126 [ 0.  1.  0.  0.] -1 49.5509124756
1127 [ 0.  1.  0.  0.] -1 48.1905168533
1128 [ 0.  1.  0.  0.] -1 47.2207010269
1129 [ 0.  1.  0.  0.] 9 58.2966083527
1130 [ 0.  1.  0.  0.] -1 46.9053365707
1131 [ 0.  1.  0.  0.] -1 45.5806949615
1132 [ 0.  1.  0.  0.] -1 45.6557435989
1133 [ 0.  1.  0.  0.] 9 58.4492134094
1134 [ 0.  1.  0.  0.] -1 42.1435224533
1135 [ 0.  1.  0.  0.] -1 39.1408920288
1136 [ 0.  1.  0.  0.] -1 39.7310216904
1137 [ 0.  1.  0.  0.] -1 38.9631439209
1138 [ 0.  1.  0.  0.] 0 39.9631439209
1139 [ 0.  0.  1.  0.] -2 26.1041563988
1140 [ 0.  0.  1.  0.] -1 27.2454963684
1141 [ 0.  0.  1.  0.] -1 25.9293982506
1142 [ 0.  0.  1.  0.] -1 27.1455601692
1143 [ 0.  0.  1.  0.] -1 27.3536100388
1144 [ 0.  0.  1.  0.] -1 27.6151042938
1145 [ 0.  0.  1.  0.] -1 25.9330928802
1146 [ 0.  0.  1.  0.] -1 26.1358861923
1147 [ 0.  0.  1.  0.] -1 26.2349725723
1148 [ 0.  0.  1.  0.] -1 26.6855615616
1149 [ 0.  0.  1.  0.] -1 24.6146373749
1150 [ 0.  0.  1.  0.] 0 25.6146373749
1151 [ 0.  1.  0.  0.] -2 23.719685173
1152 [ 0.  1.  0.  0.] -1 24.9472953796
1153 [ 0.  1.  0.  0.] -1 24.1258173943
1154 [ 0.  1.  0.  0.] -1 27.1735788345
1155 [ 0.  1.  0.  0.] -1 27.5100130081
1156 [ 0.  1.  0.  0.] -1 28.2187277794
1157 [ 0.  1.  0.  0.] -1 27.9192399025
1158 [ 0.  1.  0.  0.] -1 33.2131767273
1159 [ 0.  1.  0.  0.] -1 35.3667308807
1160 [ 0.  1.  0.  0.] -1 34.3910478592
1161 [ 0.  1.  0.  0.] -1 32.6943014145
1162 [ 0.  1.  0.  0.] 0 33.6943014145
1163 [ 0.  0.  1.  0.] -2 18.2094195366
1164 [ 0.  0.  1.  0.] -1 19.1063159943
1165 [ 0.  0.  1.  0.] -1 19.057185936
1166 [ 0.  0.  1.  0.] -1 17.6167442322
1167 [ 0.  0.  1.  0.] -1 17.6562581062
1168 [ 0.  0.  1.  0.] -1 17.6286743164
1169 [ 0.  0.  1.  0.] -1 17.8876589775
1170 [ 0.  0.  1.  0.] -1 13.6689916611
1171 [ 0.  0.  1.  0.] -1 13.7621510506
1172 [ 0.  0.  1.  0.] -1 14.0995084286
1173 [ 0.  0.  1.  0.] -1 14.5950372696
1174 [ 0.  0.  1.  0.] 0 15.5950372696
1175 [ 0.  0.  0.  1.] -2 15.0208508492
1176 [ 0.  0.  0.  1.] -1 16.3311707497
1177 [ 0.  0.  0.  1.] -1 15.7208248138
1178 [ 0.  0.  0.  1.] -1 15.8674430847
1179 [ 0.  0.  0.  1.] -1 15.6448085785
1180 [ 0.  0.  0.  1.] -1 15.4263108253
1181 [ 0.  0.  0.  1.] -1 16.2842186928
1182 [ 0.  0.  0.  1.] -1 16.5887638092
1183 [ 0.  0.  0.  1.] -1 16.8932092667
1184 [ 0.  0.  0.  1.] -1 17.1275564194
1185 [ 0.  0.  0.  1.] -1 21.8359261513
1186 [ 0.  0.  0.  1.] 0 22.8359261513
1187 [ 0.  0.  1.  0.] -2 16.9095241547
1188 [ 0.  0.  1.  0.] -1 17.9505908966
1189 [ 0.  0.  1.  0.] -1 17.7444689751
1190 [ 0.  0.  1.  0.] -1 21.3637800217
1191 [ 0.  0.  1.  0.] -1 19.4339982986
1192 [ 0.  0.  1.  0.] -1 19.4486463547
1193 [ 0.  0.  1.  0.] -1 24.235049057
1194 [ 0.  0.  1.  0.] -1 28.8862815857
1195 [ 0.  0.  1.  0.] -1 27.6018152237
1196 [ 0.  0.  1.  0.] -1 26.5722801208
1197 [ 0.  0.  1.  0.] -1 29.653503418
1198 [ 0.  0.  1.  0.] -1 27.6693278313
1199 [ 0.  0.  1.  0.] -1 27.5393960953
1200 [ 0.  0.  1.  0.] -1 28.8098703384
1201 [ 0.  0.  1.  0.] -1 33.7953952789
1202 [ 0.  0.  1.  0.] -1 39.570664978
1203 [ 0.  0.  1.  0.] -1 39.3789682388
1204 [ 0.  0.  1.  0.] -1 39.6114454269
1205 [ 0.  0.  1.  0.] -1 45.418816185
1206 [ 0.  0.  1.  0.] -1 54.8829896927
1207 [ 0.  0.  1.  0.] -1 53.7589887619
1208 [ 0.  0.  1.  0.] -1 53.2428133011
1209 [ 0.  0.  1.  0.] -1 66.1731147766
1210 [ 0.  0.  1.  0.] 0 67.1731147766
1211 [ 0.  1.  0.  0.] -2 109.66279068
1212 [ 0.  1.  0.  0.] -1 108.888302994
1213 [ 0.  1.  0.  0.] -1 107.039306641
1214 [ 0.  1.  0.  0.] -1 84.1065536499
1215 [ 0.  1.  0.  0.] -1 85.9813671112
1216 [ 0.  1.  0.  0.] -1 86.2592163086
1217 [ 0.  1.  0.  0.] -1 85.7511295319
1218 [ 0.  1.  0.  0.] -1 87.4643360138
1219 [ 0.  1.  0.  0.] -1 90.2047763824
1220 [ 0.  1.  0.  0.] -1 86.2257743835
1221 [ 0.  1.  0.  0.] -1 78.9030654907
1222 [ 0.  1.  0.  0.] -1 42.6404619217
1223 [ 0.  1.  0.  0.] -1 41.0447443008
1224 [ 0.  1.  0.  0.] -1 36.7998558044
1225 [ 0.  1.  0.  0.] -101 -101
1226 [ 0.  1.  0.  0.] -2 12.0295036316
1227 [ 0.  1.  0.  0.] -1 13.4869636536
1228 [ 0.  1.  0.  0.] -1 13.6998931885
1229 [ 0.  1.  0.  0.] -1 14.1270695686
1230 [ 0.  1.  0.  0.] -1 14.2723723412
1231 [ 0.  1.  0.  0.] -1 14.0481306076
1232 [ 0.  1.  0.  0.] -1 14.5537911415
1233 [ 0.  1.  0.  0.] -1 14.4663612366
1234 [ 0.  1.  0.  0.] -1 14.7629843712
1235 [ 0.  1.  0.  0.] -1 14.4226381302
1236 [ 0.  1.  0.  0.] -1 14.5978277206
1237 [ 0.  1.  0.  0.] -1 15.0560433388
1238 [ 0.  1.  0.  0.] -1 15.532947731
1239 [ 0.  1.  0.  0.] -1 14.748832798
1240 [ 0.  1.  0.  0.] -1 14.6756921768
1241 [ 0.  1.  0.  0.] -1 14.7433062553
1242 [ 0.  1.  0.  0.] -1 14.6544249535
1243 [ 0.  1.  0.  0.] -1 14.3916043282
1244 [ 0.  1.  0.  0.] -1 14.5225525856
1245 [ 0.  1.  0.  0.] -1 14.4776516914
1246 [ 0.  1.  0.  0.] -1 14.6931632996
1247 [ 0.  1.  0.  0.] -1 15.662493515
1248 [ 0.  1.  0.  0.] -1 15.8337909698
1249 [ 0.  1.  0.  0.] -1 15.8601770401
1250 [ 0.  1.  0.  0.] -1 15.75088377
1251 [ 0.  1.  0.  0.] -1 16.0041625023
1252 [ 0.  1.  0.  0.] -1 15.9701334953
1253 [ 0.  1.  0.  0.] -1 16.101730442
1254 [ 0.  1.  0.  0.] -1 16.133637619
1255 [ 0.  1.  0.  0.] -1 17.0959554672
1256 [ 0.  1.  0.  0.] -1 17.7886124611
1257 [ 0.  1.  0.  0.] -1 17.5256124496
1258 [ 0.  1.  0.  0.] 9 27.6788879395
1259 [ 0.  1.  0.  0.] -1 17.12999897
1260 [ 0.  1.  0.  0.] -1 17.2276556969
1261 [ 0.  1.  0.  0.] -1 17.6028535843
1262 [ 0.  1.  0.  0.] 9 27.9908730507
1263 [ 0.  1.  0.  0.] -1 15.4577432632
1264 [ 0.  1.  0.  0.] -1 15.5276350021
1265 [ 0.  1.  0.  0.] -1 15.5778087616
1266 [ 0.  1.  0.  0.] 9 25.5342505455
1267 [ 0.  1.  0.  0.] -1 15.967179966
1268 [ 0.  1.  0.  0.] -1 16.0907335281
1269 [ 0.  1.  0.  0.] -1 16.2602643013
1270 [ 0.  1.  0.  0.] 9 26.376341629
1271 [ 0.  1.  0.  0.] -1 17.1542197227
1272 [ 0.  1.  0.  0.] -1 17.4124705315
1273 [ 0.  1.  0.  0.] -1 17.6019439697
1274 [ 0.  1.  0.  0.] 9 27.7669937134
1275 [ 0.  1.  0.  0.] 0 18.7669937134
1276 [ 1.  0.  0.  0.] -2 20.9264998436
1277 [ 1.  0.  0.  0.] -1 22.3279968262
1278 [ 1.  0.  0.  0.] 9 39.29975214
1279 [ 1.  0.  0.  0.] -1 29.9236263275
1280 [ 1.  0.  0.  0.] -1 30.2072376251
1281 [ 1.  0.  0.  0.] -1 30.5365615845
1282 [ 1.  0.  0.  0.] 9 41.4744176865
1283 [ 1.  0.  0.  0.] -1 32.2758859634
1284 [ 1.  0.  0.  0.] -1 32.1585420609
1285 [ 1.  0.  0.  0.] -1 32.6125339508
1286 [ 1.  0.  0.  0.] 9 41.8862882614
1287 [ 1.  0.  0.  0.] -1 32.1727806091
1288 [ 1.  0.  0.  0.] -1 31.9149610519
1289 [ 1.  0.  0.  0.] -1 32.0457752228
1290 [ 1.  0.  0.  0.] 49 111.084259796
1291 [ 1.  0.  0.  0.] -1 62.0413337708
1292 [ 1.  0.  0.  0.] -1 61.7938606262
1293 [ 1.  0.  0.  0.] -1 62.5933937073
1294 [ 1.  0.  0.  0.] 9 71.5917812347
1295 [ 1.  0.  0.  0.] -1 61.2104679108
1296 [ 1.  0.  0.  0.] -1 61.0776786804
1297 [ 1.  0.  0.  0.] -1 60.8729175568
1298 [ 1.  0.  0.  0.] 9 71.3814899445
1299 [ 1.  0.  0.  0.] 0 62.3814899445
1300 [ 0.  0.  0.  1.] -2 57.1232215881
1301 [ 0.  0.  0.  1.] -1 57.9282306671
1302 [ 0.  0.  0.  1.] 9 64.482853508
1303 [ 0.  0.  0.  1.] -1 33.6718761444
1304 [ 0.  0.  0.  1.] -1 33.8607788086
1305 [ 0.  0.  0.  1.] -1 33.8020597458
1306 [ 0.  0.  0.  1.] 9 44.3703296661
1307 [ 0.  0.  0.  1.] -1 34.4535467148
1308 [ 0.  0.  0.  1.] -1 34.4143245697
1309 [ 0.  0.  0.  1.] -1 34.1907079697
1310 [ 0.  0.  0.  1.] 9 40.8179767609
1311 [ 0.  0.  0.  1.] -1 30.0436447144
1312 [ 0.  0.  0.  1.] -1 29.386312294
1313 [ 0.  0.  0.  1.] -1 28.8578842163
1314 [ 0.  0.  0.  1.] 9 38.3027294159
1315 [ 0.  0.  0.  1.] -1 27.6122341156
1316 [ 0.  0.  0.  1.] -1 26.898058033
1317 [ 0.  0.  0.  1.] -1 25.9885177612
1318 [ 0.  0.  0.  1.] -1 24.3108714104
1319 [ 0.  0.  0.  1.] -1 23.772961235
1320 [ 0.  0.  0.  1.] -1 23.2453666687
1321 [ 0.  0.  0.  1.] -1 22.6323553085
1322 [ 0.  0.  0.  1.] -1 22.0405713081
1323 [ 0.  0.  0.  1.] -1 66.2184432983
1324 [ 0.  0.  0.  1.] -1 65.4259117126
1325 [ 0.  0.  0.  1.] -1 65.0306026459
1326 [ 0.  0.  0.  1.] -1 63.7994411469
1327 [ 0.  0.  0.  1.] -1 64.7883625031
1328 [ 0.  0.  0.  1.] -1 64.3033603668
1329 [ 0.  0.  0.  1.] -1 62.9872821808
1330 [ 0.  0.  0.  1.] -1 60.1351875305
1331 [ 0.  0.  0.  1.] -1 58.850094223
1332 [ 0.  0.  0.  1.] -1 57.97345047
1333 [ 0.  0.  0.  1.] -1 56.1779909134
1334 [ 0.  0.  0.  1.] -1 46.8957330704
1335 [ 0.  0.  0.  1.] -1 44.8649080276
1336 [ 0.  0.  0.  1.] -1 43.2174003601
1337 [ 0.  0.  0.  1.] -1 41.7713922501
1338 [ 0.  0.  0.  1.] -1 37.8510658264
1339 [ 0.  0.  0.  1.] -1 38.7798366547
1340 [ 0.  0.  0.  1.] -1 39.2210866928
1341 [ 0.  0.  0.  1.] -1 39.2276714325
1342 [ 0.  0.  0.  1.] -1 35.9364358902
1343 [ 0.  0.  0.  1.] -1 35.7837656021
1344 [ 0.  0.  0.  1.] -1 35.5544847488
1345 [ 0.  0.  0.  1.] -1 35.7704475403
1346 [ 0.  0.  0.  1.] -1 31.9935611725
1347 [ 0.  0.  0.  1.] -1 31.6925693512
1348 [ 0.  0.  0.  1.] -1 32.62977314
1349 [ 0.  0.  0.  1.] -1 33.8292684555
1350 [ 0.  0.  0.  1.] -1 33.7624897003
1351 [ 0.  0.  0.  1.] -1 35.7698387146
1352 [ 0.  0.  0.  1.] -1 37.7443799973
1353 [ 0.  0.  0.  1.] -1 40.1346731186
1354 [ 0.  0.  0.  1.] -1 42.575850296
1355 [ 0.  0.  0.  1.] -1 44.2881942749
1356 [ 0.  0.  0.  1.] -1 45.1340415955
1357 [ 0.  0.  0.  1.] -1 45.3544727325
1358 [ 0.  0.  0.  1.] -1 49.5754177094
1359 [ 0.  0.  0.  1.] -1 52.860064888
1360 [ 0.  0.  0.  1.] -1 56.2214784622
1361 [ 0.  0.  0.  1.] -1 58.3313022614
1362 [ 0.  0.  0.  1.] -1 58.7368888855
1363 [ 0.  0.  0.  1.] -1 61.8874313354
1364 [ 0.  0.  0.  1.] -1 65.9251850128
1365 [ 0.  0.  0.  1.] -1 69.2400089264
1366 [ 0.  0.  0.  1.] -1 96.1652015686
1367 [ 0.  0.  0.  1.] -1 101.98537941
1368 [ 0.  0.  0.  1.] -1 107.670557404
1369 [ 0.  0.  0.  1.] -1 111.598671722
1370 [ 0.  0.  0.  1.] -1 115.25261879
1371 [ 0.  0.  0.  1.] -1 119.190677261
1372 [ 0.  0.  0.  1.] -1 122.703811646
1373 [ 0.  0.  0.  1.] -1 125.65651474
1374 [ 0.  0.  0.  1.] -1 151.858502197
1375 [ 0.  0.  0.  1.] -1 161.391349792
1376 [ 0.  0.  0.  1.] -1 170.826756287
1377 [ 0.  0.  0.  1.] -1 176.570939636
1378 [ 0.  0.  0.  1.] -1 203.71441803
1379 [ 0.  0.  0.  1.] 0 204.71441803
1380 [ 0.  0.  1.  0.] -2 205.770259094
1381 [ 0.  0.  1.  0.] -1 203.478816986
1382 [ 0.  0.  1.  0.] 9 200.964274597
1383 [ 0.  0.  1.  0.] -1 181.205625153
1384 [ 0.  0.  1.  0.] -1 183.896373749
1385 [ 0.  0.  1.  0.] -1 185.505427551
1386 [ 0.  0.  1.  0.] 9 175.691833496
1387 [ 0.  0.  1.  0.] -1 144.064054871
1388 [ 0.  0.  1.  0.] -1 143.058390808
1389 [ 0.  0.  1.  0.] -1 134.738874817
1390 [ 0.  0.  1.  0.] 9 138.133913422
1391 [ 0.  0.  1.  0.] -1 113.472383499
1392 [ 0.  0.  1.  0.] -1 111.5245327
1393 [ 0.  0.  1.  0.] -1 108.515411758
1394 [ 0.  0.  1.  0.] 9 107.780901718
1395 [ 0.  0.  1.  0.] -1 98.8033447266
1396 [ 0.  0.  1.  0.] -1 97.8435092926
1397 [ 0.  0.  1.  0.] -1 93.4129833221
1398 [ 0.  0.  1.  0.] 9 96.3745452881
1399 [ 0.  0.  1.  0.] -1 51.4424976349
1400 [ 0.  0.  1.  0.] -1 51.7615150452
1401 [ 0.  0.  1.  0.] -1 52.0700229645
1402 [ 0.  0.  1.  0.] -1 46.3815725327
1403 [ 0.  0.  1.  0.] 0 47.3815725327
1404 [ 0.  0.  0.  1.] -2 70.5839008331
1405 [ 0.  0.  0.  1.] -1 77.0960128784
1406 [ 0.  0.  0.  1.] -1 94.8533924103
1407 [ 0.  0.  0.  1.] -1 109.955596161
1408 [ 0.  0.  0.  1.] -1 117.205383682
1409 [ 0.  0.  0.  1.] -1 128.933837891
1410 [ 0.  0.  0.  1.] -1 146.260132599
1411 [ 0.  0.  0.  1.] -1 159.424741364
1412 [ 0.  0.  0.  1.] -1 160.823184967
1413 [ 0.  0.  0.  1.] -1 166.457228851
1414 [ 0.  0.  0.  1.] -1 237.4423172
1415 [ 0.  0.  0.  1.] -1 260.597349548
1416 [ 0.  0.  0.  1.] -1 271.719985962
1417 [ 0.  0.  0.  1.] -1 287.054449463
1418 [ 0.  0.  0.  1.] -1 323.532211304
1419 [ 0.  0.  0.  1.] -1 349.69826355
1420 [ 0.  0.  0.  1.] -1 356.155207825
1421 [ 0.  0.  0.  1.] -1 375.935780334
1422 [ 0.  0.  0.  1.] -1 505.276766968
1423 [ 0.  0.  0.  1.] 0 506.276766968
1424 [ 1.  0.  0.  0.] -2 458.852137756
1425 [ 1.  0.  0.  0.] -1 465.822775269
1426 [ 1.  0.  0.  0.] -1 590.545413208
1427 [ 1.  0.  0.  0.] -1 594.43604126
1428 [ 1.  0.  0.  0.] -1 598.298895264
1429 [ 1.  0.  0.  0.] -1 611.175674438
1430 [ 1.  0.  0.  0.] -1 597.237567139
1431 [ 1.  0.  0.  0.] -1 616.163638306
1432 [ 1.  0.  0.  0.] -1 618.930374146
1433 [ 1.  0.  0.  0.] -1 622.502267456
1434 [ 1.  0.  0.  0.] -1 565.43494873
1435 [ 1.  0.  0.  0.] -1 561.326361084
1436 [ 1.  0.  0.  0.] -1 560.730465698
1437 [ 1.  0.  0.  0.] -1 548.232202148
1438 [ 1.  0.  0.  0.] -1 476.058816528
1439 [ 1.  0.  0.  0.] -1 481.837731934
1440 [ 1.  0.  0.  0.] -1 471.906422424
1441 [ 1.  0.  0.  0.] -1 460.48740387
1442 [ 1.  0.  0.  0.] -1 343.297041321
1443 [ 1.  0.  0.  0.] -1 334.984309387
1444 [ 1.  0.  0.  0.] -1 333.699252319
1445 [ 1.  0.  0.  0.] -1 323.302307129
1446 [ 1.  0.  0.  0.] -1 295.048881531
1447 [ 1.  0.  0.  0.] 0 296.048881531
1448 [ 0.  1.  0.  0.] -2 425.708914185
1449 [ 0.  1.  0.  0.] -1 415.145024109
1450 [ 0.  1.  0.  0.] -1 413.260969543
1451 [ 0.  1.  0.  0.] -1 400.338499451
1452 [ 0.  1.  0.  0.] -1 395.439134216
1453 [ 0.  1.  0.  0.] -1 373.537181091
1454 [ 0.  1.  0.  0.] -1 363.740596008
1455 [ 0.  1.  0.  0.] -1 290.656900024
1456 [ 0.  1.  0.  0.] -1 272.492933655
1457 [ 0.  1.  0.  0.] -1 259.059571838
1458 [ 0.  1.  0.  0.] -1 247.078636169
1459 [ 0.  1.  0.  0.] -1 228.196936798
1460 [ 0.  1.  0.  0.] -1 220.188559723
1461 [ 0.  1.  0.  0.] -1 209.317150879
1462 [ 0.  1.  0.  0.] -1 195.885180664
1463 [ 0.  1.  0.  0.] -1 178.108572388
1464 [ 0.  1.  0.  0.] -1 169.112969971
1465 [ 0.  1.  0.  0.] -1 163.406156921
1466 [ 0.  1.  0.  0.] -1 160.348445892
1467 [ 0.  1.  0.  0.] 0 161.348445892
1468 [ 0.  0.  1.  0.] -2 212.343083191
1469 [ 0.  0.  1.  0.] -1 210.191569519
1470 [ 0.  0.  1.  0.] -1 196.414482117
1471 [ 0.  0.  1.  0.] -1 174.101673126
1472 [ 0.  0.  1.  0.] -1 177.215135193
1473 [ 0.  0.  1.  0.] -1 178.998704529
1474 [ 0.  0.  1.  0.] -1 159.412028503
1475 [ 0.  0.  1.  0.] -1 136.725531006
1476 [ 0.  0.  1.  0.] -1 138.203629303
1477 [ 0.  0.  1.  0.] -1 132.150119019
1478 [ 0.  0.  1.  0.] -1 126.232362366
1479 [ 0.  0.  1.  0.] -1 117.165672302
1480 [ 0.  0.  1.  0.] -1 115.377377319
1481 [ 0.  0.  1.  0.] -1 112.221253967
1482 [ 0.  0.  1.  0.] -1 100.035876083
1483 [ 0.  0.  1.  0.] -1 100.027903366
1484 [ 0.  0.  1.  0.] -1 99.2091560364
1485 [ 0.  0.  1.  0.] -1 95.0462669373
1486 [ 0.  0.  1.  0.] -1 86.3745452881
1487 [ 0.  0.  1.  0.] -1 51.4424976349
1488 [ 0.  0.  1.  0.] -1 51.7615150452
1489 [ 0.  0.  1.  0.] -1 52.0700229645
1490 [ 0.  0.  1.  0.] -1 46.3815725327
1491 [ 0.  0.  1.  0.] 0 47.3815725327
1492 [ 0.  1.  0.  0.] -2 46.0086738586
1493 [ 0.  1.  0.  0.] -1 46.425875473
1494 [ 0.  1.  0.  0.] -1 45.7161623001
1495 [ 0.  1.  0.  0.] -1 51.6519590378
1496 [ 0.  1.  0.  0.] -1 49.2094881058
1497 [ 0.  1.  0.  0.] -1 51.8671136856
1498 [ 0.  1.  0.  0.] -1 46.1692300797
1499 [ 0.  1.  0.  0.] -1 40.1877895355
1500 [ 0.  1.  0.  0.] -1 36.8944448471
1501 [ 0.  1.  0.  0.] -1 37.5153202057
1502 [ 0.  1.  0.  0.] -1 36.4659366608
1503 [ 0.  1.  0.  0.] -1 25.4214129448
1504 [ 0.  1.  0.  0.] -1 24.2950165749
1505 [ 0.  1.  0.  0.] -1 23.7922678947
1506 [ 0.  1.  0.  0.] -1 21.5962209702
1507 [ 0.  1.  0.  0.] -1 21.0398648262
1508 [ 0.  1.  0.  0.] -1 22.0563663483
1509 [ 0.  1.  0.  0.] -1 23.0841655731
1510 [ 0.  1.  0.  0.] -1 21.4436594009
1511 [ 0.  1.  0.  0.] -1 21.2241451263
1512 [ 0.  1.  0.  0.] -1 20.9375277519
1513 [ 0.  1.  0.  0.] -1 21.6731323242
1514 [ 0.  1.  0.  0.] -1 19.412852478
1515 [ 0.  1.  0.  0.] 0 20.412852478
1516 [ 1.  0.  0.  0.] -2 52.2249254227
1517 [ 1.  0.  0.  0.] -1 53.428563118
1518 [ 1.  0.  0.  0.] 9 70.0757255554
1519 [ 1.  0.  0.  0.] -1 63.3703350067
1520 [ 1.  0.  0.  0.] -1 62.8981689453
1521 [ 1.  0.  0.  0.] -1 63.3019290924
1522 [ 1.  0.  0.  0.] 9 55.6323799133
1523 [ 1.  0.  0.  0.] -1 44.289629364
1524 [ 1.  0.  0.  0.] -1 43.9326581955
1525 [ 1.  0.  0.  0.] -1 45.7187135696
1526 [ 1.  0.  0.  0.] 9 62.0908498764
1527 [ 1.  0.  0.  0.] 0 53.0908498764
1528 [ 0.  0.  0.  1.] -2 25.3090209961
1529 [ 0.  0.  0.  1.] -1 26.1920576096
1530 [ 0.  0.  0.  1.] 9 38.6864744186
1531 [ 0.  0.  0.  1.] -1 32.0241546631
1532 [ 0.  0.  0.  1.] -1 33.3302959442
1533 [ 0.  0.  0.  1.] -1 34.1607885361
1534 [ 0.  0.  0.  1.] 9 48.5767425537
1535 [ 0.  0.  0.  1.] -1 42.9483320236
1536 [ 0.  0.  0.  1.] -1 43.6899215698
1537 [ 0.  0.  0.  1.] -1 49.694878006
1538 [ 0.  0.  0.  1.] 9 85.2636505127
1539 [ 0.  0.  0.  1.] 0 76.2636505127
1540 [ 1.  0.  0.  0.] -2 125.216982269
1541 [ 1.  0.  0.  0.] -1 131.728898621
1542 [ 1.  0.  0.  0.] 9 160.528580475
1543 [ 1.  0.  0.  0.] -1 168.963865662
1544 [ 1.  0.  0.  0.] -1 175.244192505
1545 [ 1.  0.  0.  0.] -1 187.26541214
1546 [ 1.  0.  0.  0.] 9 241.813114929
1547 [ 1.  0.  0.  0.] -1 240.067863464
1548 [ 1.  0.  0.  0.] -1 241.775822449
1549 [ 1.  0.  0.  0.] -1 246.018728638
1550 [ 1.  0.  0.  0.] -1 242.464723206
1551 [ 1.  0.  0.  0.] 0 243.464723206
1552 [ 0.  1.  0.  0.] -2 60.398783493
1553 [ 0.  1.  0.  0.] -1 60.5611553192
1554 [ 0.  1.  0.  0.] -1 56.6733793259
1555 [ 0.  1.  0.  0.] -1 58.6882553101
1556 [ 0.  1.  0.  0.] -1 58.4788410187
1557 [ 0.  1.  0.  0.] -1 60.126852417
1558 [ 0.  1.  0.  0.] -1 57.9641115189
1559 [ 0.  1.  0.  0.] -1 47.7655927658
1560 [ 0.  1.  0.  0.] -1 45.2005811691
1561 [ 0.  1.  0.  0.] -1 45.0418081284
1562 [ 0.  1.  0.  0.] -1 41.7466732025
1563 [ 0.  1.  0.  0.] -1 41.3456201553
1564 [ 0.  1.  0.  0.] -1 41.3412931442
1565 [ 0.  1.  0.  0.] -1 42.214392662
1566 [ 0.  1.  0.  0.] -1 39.9203338623
1567 [ 0.  1.  0.  0.] -1 40.3310230255
1568 [ 0.  1.  0.  0.] -1 40.9969079971
1569 [ 0.  1.  0.  0.] -1 42.0840206146
1570 [ 0.  1.  0.  0.] -1 40.7466081619
1571 [ 0.  1.  0.  0.] -1 45.9619285583
1572 [ 0.  1.  0.  0.] -1 45.5196022034
1573 [ 0.  1.  0.  0.] -1 46.3009538651
1574 [ 0.  1.  0.  0.] -1 46.714458847
1575 [ 0.  1.  0.  0.] -1 47.6096609116
1576 [ 0.  1.  0.  0.] -1 49.5357135773
1577 [ 0.  1.  0.  0.] -1 51.1060598373
1578 [ 0.  1.  0.  0.] -1 49.4226966858
1579 [ 0.  1.  0.  0.] -1 53.934504509
1580 [ 0.  1.  0.  0.] -1 55.243838501
1581 [ 0.  1.  0.  0.] -1 58.2355209351
1582 [ 0.  1.  0.  0.] -1 60.072587204
1583 [ 0.  1.  0.  0.] -1 64.2318595886
1584 [ 0.  1.  0.  0.] -1 65.3809963226
1585 [ 0.  1.  0.  0.] -1 65.8136901855
1586 [ 0.  1.  0.  0.] -1 64.8379745483
1587 [ 0.  1.  0.  0.] -1 63.8760444641
1588 [ 0.  1.  0.  0.] -1 64.1247497559
1589 [ 0.  1.  0.  0.] -1 64.869618988
1590 [ 0.  1.  0.  0.] -1 63.7180252075
1591 [ 0.  1.  0.  0.] -1 68.7868179321
1592 [ 0.  1.  0.  0.] -1 68.8964862823
1593 [ 0.  1.  0.  0.] -1 70.5310817719
1594 [ 0.  1.  0.  0.] -1 71.2905483246
1595 [ 0.  1.  0.  0.] -1 74.4061702728
1596 [ 0.  1.  0.  0.] -1 75.814289856
1597 [ 0.  1.  0.  0.] -1 76.7075748444
1598 [ 0.  1.  0.  0.] -1 78.1905727386
1599 [ 0.  1.  0.  0.] -1 84.4671524048
1600 [ 0.  1.  0.  0.] -1 86.9355056763
1601 [ 0.  1.  0.  0.] -1 87.7336906433
1602 [ 0.  1.  0.  0.] -1 87.5897903442
1603 [ 0.  1.  0.  0.] -1 88.1709506989
1604 [ 0.  1.  0.  0.] -1 89.0424266815
1605 [ 0.  1.  0.  0.] -1 90.4061454773
1606 [ 0.  1.  0.  0.] -1 90.9370487213
1607 [ 0.  1.  0.  0.] -1 95.3864120483
1608 [ 0.  1.  0.  0.] -1 96.3141246796
1609 [ 0.  1.  0.  0.] -1 96.9599147797
1610 [ 0.  1.  0.  0.] -1 97.7722042084
1611 [ 0.  1.  0.  0.] -1 102.32619133
1612 [ 0.  1.  0.  0.] -1 106.153755188
1613 [ 0.  1.  0.  0.] -1 112.458087158
1614 [ 0.  1.  0.  0.] -1 118.356789017
1615 [ 0.  1.  0.  0.] -1 132.290105438
1616 [ 0.  1.  0.  0.] -1 139.84748764
1617 [ 0.  1.  0.  0.] -1 146.184928131
1618 [ 0.  1.  0.  0.] -1 147.722111511
1619 [ 0.  1.  0.  0.] 0 148.722111511
1620 [ 0.  0.  1.  0.] -2 101.210601425
1621 [ 0.  0.  1.  0.] -1 102.202650452
1622 [ 0.  0.  1.  0.] -1 102.806504059
1623 [ 0.  0.  1.  0.] -1 88.4572582245
1624 [ 0.  0.  1.  0.] -1 87.9474029541
1625 [ 0.  0.  1.  0.] -1 88.0350883484
1626 [ 0.  0.  1.  0.] -1 88.7624393463
1627 [ 0.  0.  1.  0.] -1 80.7800750732
1628 [ 0.  0.  1.  0.] -1 80.876682663
1629 [ 0.  0.  1.  0.] -1 80.9362895966
1630 [ 0.  0.  1.  0.] -1 82.9404205322
1631 [ 0.  0.  1.  0.] -1 71.0837287903
1632 [ 0.  0.  1.  0.] -1 70.1206390381
1633 [ 0.  0.  1.  0.] -1 69.5042755127
1634 [ 0.  0.  1.  0.] -1 72.1947414398
1635 [ 0.  0.  1.  0.] -1 65.889597702
1636 [ 0.  0.  1.  0.] -1 64.9884124756
1637 [ 0.  0.  1.  0.] -1 65.2540851593
1638 [ 0.  0.  1.  0.] -1 67.3917591095
1639 [ 0.  0.  1.  0.] -1 37.1329957962
1640 [ 0.  0.  1.  0.] -1 35.950725174
1641 [ 0.  0.  1.  0.] -1 36.2943819046
1642 [ 0.  0.  1.  0.] -1 39.0766246796
1643 [ 0.  0.  1.  0.] 0 40.0766246796
1644 [ 0.  0.  0.  1.] -2 34.1827495575
1645 [ 0.  0.  0.  1.] -1 33.9113801956
1646 [ 0.  0.  0.  1.] -1 27.3843140602
1647 [ 0.  0.  0.  1.] -1 26.3566090584
1648 [ 0.  0.  0.  1.] -1 25.2061423302
1649 [ 0.  0.  0.  1.] -1 24.5752449036
1650 [ 0.  0.  0.  1.] -1 22.6108289719
1651 [ 0.  0.  0.  1.] -1 22.4224590302
1652 [ 0.  0.  0.  1.] -1 22.3695799828
1653 [ 0.  0.  0.  1.] -1 22.361174202
1654 [ 0.  0.  0.  1.] -1 18.6187499046
1655 [ 0.  0.  0.  1.] -1 17.9002993584
1656 [ 0.  0.  0.  1.] -1 17.4531078339
1657 [ 0.  0.  0.  1.] -1 16.9835763931
1658 [ 0.  0.  0.  1.] -1 17.2995641708
1659 [ 0.  0.  0.  1.] -1 16.9941348076
1660 [ 0.  0.  0.  1.] -1 16.9625121117
1661 [ 0.  0.  0.  1.] -1 16.2878281593
1662 [ 0.  0.  0.  1.] -1 13.2160869598
1663 [ 0.  0.  0.  1.] -1 13.2510808468
1664 [ 0.  0.  0.  1.] -1 13.1157675266
1665 [ 0.  0.  0.  1.] -1 13.0867839813
1666 [ 0.  0.  0.  1.] -1 13.1721319199
1667 [ 0.  0.  0.  1.] -1 13.2552946091
1668 [ 0.  0.  0.  1.] -1 13.3076871395
1669 [ 0.  0.  0.  1.] -1 13.3882451057
1670 [ 0.  0.  0.  1.] -1 13.7125317574
1671 [ 0.  0.  0.  1.] -1 13.7886802673
1672 [ 0.  0.  0.  1.] -1 13.8790872574
1673 [ 0.  0.  0.  1.] -1 13.905726099
1674 [ 0.  0.  0.  1.] -1 13.6035773277
1675 [ 0.  0.  0.  1.] -1 13.3174392223
1676 [ 0.  0.  0.  1.] -1 13.0903091908
1677 [ 0.  0.  0.  1.] -1 13.2059942245
1678 [ 0.  0.  0.  1.] -1 11.6233663559
1679 [ 0.  0.  0.  1.] -1 10.7446542263
1680 [ 0.  0.  0.  1.] -1 10.5298619747
1681 [ 0.  0.  0.  1.] -1 10.2038312912
1682 [ 0.  0.  0.  1.] -1 11.5433990955
1683 [ 0.  0.  0.  1.] -1 10.8643618584
1684 [ 0.  0.  0.  1.] -1 11.2982715607
1685 [ 0.  0.  0.  1.] -1 10.874036932
1686 [ 0.  0.  0.  1.] -1 10.79249053
1687 [ 0.  0.  0.  1.] -1 10.4328856468
1688 [ 0.  0.  0.  1.] -1 10.3497709751
1689 [ 0.  0.  0.  1.] -1 10.6400730133
1690 [ 0.  0.  0.  1.] -1 9.2274116993
1691 [ 0.  0.  0.  1.] -1 8.85504412651
1692 [ 0.  0.  0.  1.] -1 9.70007061958
1693 [ 0.  0.  0.  1.] -1 11.1229315758
1694 [ 0.  0.  0.  1.] -1 12.9670745373
1695 [ 0.  0.  0.  1.] -1 13.5199571133
1696 [ 0.  0.  0.  1.] -1 14.3344272614
1697 [ 0.  0.  0.  1.] -1 14.9069680214
1698 [ 0.  0.  0.  1.] -1 14.6028668404
1699 [ 0.  0.  0.  1.] 0 15.6028668404
1700 [ 1.  0.  0.  0.] -2 37.9263824463
1701 [ 1.  0.  0.  0.] -1 38.630591011
1702 [ 1.  0.  0.  0.] -1 59.0306001663
1703 [ 1.  0.  0.  0.] -1 59.7651700974
1704 [ 1.  0.  0.  0.] -1 60.297454071
1705 [ 1.  0.  0.  0.] -1 60.9115127563
1706 [ 1.  0.  0.  0.] -1 54.1697467804
1707 [ 1.  0.  0.  0.] -1 52.4157489777
1708 [ 1.  0.  0.  0.] -1 51.8757169724
1709 [ 1.  0.  0.  0.] -1 55.2204856873
1710 [ 1.  0.  0.  0.] -1 66.9003787994
1711 [ 1.  0.  0.  0.] 0 67.9003787994
1712 [ 0.  0.  0.  1.] -2 25.548749733
1713 [ 0.  0.  0.  1.] -1 26.1282305717
1714 [ 0.  0.  0.  1.] -1 32.9378461838
1715 [ 0.  0.  0.  1.] -1 36.1191234589
1716 [ 0.  0.  0.  1.] -1 37.1351484299
1717 [ 0.  0.  0.  1.] -1 38.5099384308
1718 [ 0.  0.  0.  1.] -1 41.993185997
1719 [ 0.  0.  0.  1.] -1 48.0368753433
1720 [ 0.  0.  0.  1.] -1 50.7914491653
1721 [ 0.  0.  0.  1.] -1 56.3898405075
1722 [ 0.  0.  0.  1.] -1 81.4673233032
1723 [ 0.  0.  0.  1.] 0 82.4673233032
1724 [ 1.  0.  0.  0.] -2 121.818473816
1725 [ 1.  0.  0.  0.] -1 130.224011993
1726 [ 1.  0.  0.  0.] -1 151.942215729
1727 [ 1.  0.  0.  0.] -1 163.88318634
1728 [ 1.  0.  0.  0.] -1 170.701265717
1729 [ 1.  0.  0.  0.] -1 185.304051208
1730 [ 1.  0.  0.  0.] -1 231.813114929
1731 [ 1.  0.  0.  0.] -1 240.067863464
1732 [ 1.  0.  0.  0.] -1 241.775822449
1733 [ 1.  0.  0.  0.] -1 246.018728638
1734 [ 1.  0.  0.  0.] -1 242.464723206
1735 [ 1.  0.  0.  0.] 0 243.464723206
1736 [ 0.  1.  0.  0.] -2 60.398783493
1737 [ 0.  1.  0.  0.] -1 60.5611553192
1738 [ 0.  1.  0.  0.] -1 56.6733793259
1739 [ 0.  1.  0.  0.] -1 58.6882553101
1740 [ 0.  1.  0.  0.] -1 58.4788410187
1741 [ 0.  1.  0.  0.] -1 60.126852417
1742 [ 0.  1.  0.  0.] -1 57.9641115189
1743 [ 0.  1.  0.  0.] -1 47.7655927658
1744 [ 0.  1.  0.  0.] -1 45.2005811691
1745 [ 0.  1.  0.  0.] -1 45.0418081284
1746 [ 0.  1.  0.  0.] -1 41.7466732025
1747 [ 0.  1.  0.  0.] -1 41.3456201553
1748 [ 0.  1.  0.  0.] -1 41.3412931442
1749 [ 0.  1.  0.  0.] -1 42.214392662
1750 [ 0.  1.  0.  0.] -1 39.9203338623
1751 [ 0.  1.  0.  0.] -1 40.3310230255
1752 [ 0.  1.  0.  0.] -1 40.9969079971
1753 [ 0.  1.  0.  0.] -1 42.0840206146
1754 [ 0.  1.  0.  0.] -1 40.7466081619
1755 [ 0.  1.  0.  0.] -1 45.9619285583
1756 [ 0.  1.  0.  0.] -1 45.5196022034
1757 [ 0.  1.  0.  0.] -1 46.3009538651
1758 [ 0.  1.  0.  0.] -1 46.714458847
1759 [ 0.  1.  0.  0.] -1 47.6096609116
1760 [ 0.  1.  0.  0.] -1 49.5357135773
1761 [ 0.  1.  0.  0.] -1 51.1060598373
1762 [ 0.  1.  0.  0.] -1 49.4226966858
1763 [ 0.  1.  0.  0.] -1 53.934504509
1764 [ 0.  1.  0.  0.] -1 55.243838501
1765 [ 0.  1.  0.  0.] -1 58.2355209351
1766 [ 0.  1.  0.  0.] -1 60.072587204
1767 [ 0.  1.  0.  0.] -1 64.2318595886
1768 [ 0.  1.  0.  0.] -1 65.3809963226
1769 [ 0.  1.  0.  0.] -1 65.8136901855
1770 [ 0.  1.  0.  0.] -1 64.8379745483
1771 [ 0.  1.  0.  0.] -1 63.8760444641
1772 [ 0.  1.  0.  0.] -1 64.1247497559
1773 [ 0.  1.  0.  0.] -1 64.869618988
1774 [ 0.  1.  0.  0.] -1 63.7180252075
1775 [ 0.  1.  0.  0.] -1 68.7868179321
1776 [ 0.  1.  0.  0.] -1 68.8964862823
1777 [ 0.  1.  0.  0.] -1 70.5310817719
1778 [ 0.  1.  0.  0.] -1 71.2905483246
1779 [ 0.  1.  0.  0.] -1 74.4061702728
1780 [ 0.  1.  0.  0.] -1 75.814289856
1781 [ 0.  1.  0.  0.] -1 76.7075748444
1782 [ 0.  1.  0.  0.] -1 78.1905727386
1783 [ 0.  1.  0.  0.] -1 84.4671524048
1784 [ 0.  1.  0.  0.] -1 86.9355056763
1785 [ 0.  1.  0.  0.] -1 87.7336906433
1786 [ 0.  1.  0.  0.] -1 87.5897903442
1787 [ 0.  1.  0.  0.] -1 88.1709506989
1788 [ 0.  1.  0.  0.] -1 89.0424266815
1789 [ 0.  1.  0.  0.] -1 90.4061454773
1790 [ 0.  1.  0.  0.] -1 90.9370487213
1791 [ 0.  1.  0.  0.] -1 95.3864120483
1792 [ 0.  1.  0.  0.] -1 96.3141246796
1793 [ 0.  1.  0.  0.] -1 96.9599147797
1794 [ 0.  1.  0.  0.] -1 97.7722042084
1795 [ 0.  1.  0.  0.] -1 102.32619133
1796 [ 0.  1.  0.  0.] -1 106.153755188
1797 [ 0.  1.  0.  0.] -1 112.458087158
1798 [ 0.  1.  0.  0.] -1 118.356789017
1799 [ 0.  1.  0.  0.] -1 132.290105438
1800 [ 0.  1.  0.  0.] -1 139.84748764
1801 [ 0.  1.  0.  0.] -1 146.184928131
1802 [ 0.  1.  0.  0.] -1 147.722111511
1803 [ 0.  1.  0.  0.] 0 148.722111511
1804 [ 0.  0.  1.  0.] -2 101.210601425
1805 [ 0.  0.  1.  0.] -1 102.202650452
1806 [ 0.  0.  1.  0.] -1 102.806504059
1807 [ 0.  0.  1.  0.] -1 88.4572582245
1808 [ 0.  0.  1.  0.] -1 87.9474029541
1809 [ 0.  0.  1.  0.] -1 88.0350883484
1810 [ 0.  0.  1.  0.] -1 88.7624393463
1811 [ 0.  0.  1.  0.] -1 80.7800750732
1812 [ 0.  0.  1.  0.] -1 80.876682663
1813 [ 0.  0.  1.  0.] -1 80.9362895966
1814 [ 0.  0.  1.  0.] -1 82.9404205322
1815 [ 0.  0.  1.  0.] -1 71.0837287903
1816 [ 0.  0.  1.  0.] -1 70.1206390381
1817 [ 0.  0.  1.  0.] -1 69.5042755127
1818 [ 0.  0.  1.  0.] -1 72.1947414398
1819 [ 0.  0.  1.  0.] -1 65.889597702
1820 [ 0.  0.  1.  0.] -1 64.9884124756
1821 [ 0.  0.  1.  0.] -1 65.2540851593
1822 [ 0.  0.  1.  0.] -1 67.3917591095
1823 [ 0.  0.  1.  0.] -1 37.1329957962
1824 [ 0.  0.  1.  0.] -1 35.950725174
1825 [ 0.  0.  1.  0.] -1 36.2943819046
1826 [ 0.  0.  1.  0.] -1 39.0766246796
1827 [ 0.  0.  1.  0.] 0 40.0766246796
1828 [ 0.  0.  0.  1.] -2 34.1827495575
1829 [ 0.  0.  0.  1.] -1 33.9113801956
1830 [ 0.  0.  0.  1.] -1 27.3843140602
1831 [ 0.  0.  0.  1.] -1 26.3566090584
1832 [ 0.  0.  0.  1.] -1 25.2061423302
1833 [ 0.  0.  0.  1.] -1 24.5752449036
1834 [ 0.  0.  0.  1.] -1 22.6108289719
1835 [ 0.  0.  0.  1.] 0 23.6108289719
1836 [ 0.  0.  1.  0.] -2 21.2550174713
1837 [ 0.  0.  1.  0.] -1 23.0686441422
1838 [ 0.  0.  1.  0.] 9 34.1955967903
1839 [ 0.  0.  1.  0.] -1 25.5104138374
1840 [ 0.  0.  1.  0.] -1 25.3325352669
1841 [ 0.  0.  1.  0.] -1 25.7708100319
1842 [ 0.  0.  1.  0.] 9 36.7775087357
1843 [ 0.  0.  1.  0.] -1 19.9952957153
1844 [ 0.  0.  1.  0.] -1 19.9404053688
1845 [ 0.  0.  1.  0.] -1 19.9564414024
1846 [ 0.  0.  1.  0.] 9 30.5536432266
1847 [ 0.  0.  1.  0.] -1 17.7696247101
1848 [ 0.  0.  1.  0.] -1 17.7957589149
1849 [ 0.  0.  1.  0.] -1 18.0302075386
1850 [ 0.  0.  1.  0.] 9 29.4596269608
1851 [ 0.  0.  1.  0.] -1 20.4972906113
1852 [ 0.  0.  1.  0.] -1 20.3069184303
1853 [ 0.  0.  1.  0.] -1 20.8287817001
1854 [ 0.  0.  1.  0.] 9 32.2282128334
1855 [ 0.  0.  1.  0.] -1 14.6464504242
1856 [ 0.  0.  1.  0.] -1 14.1689444542
1857 [ 0.  0.  1.  0.] -1 14.9061834335
1858 [ 0.  0.  1.  0.] 9 26.4898586273
1859 [ 0.  0.  1.  0.] -1 11.8496338844
1860 [ 0.  0.  1.  0.] -1 11.8877905846
1861 [ 0.  0.  1.  0.] -1 12.5863437653
1862 [ 0.  0.  1.  0.] 9 23.4877609253
1863 [ 0.  0.  1.  0.] -1 12.3346305847
1864 [ 0.  0.  1.  0.] -1 11.1657840252
1865 [ 0.  0.  1.  0.] -1 11.3849005699
1866 [ 0.  0.  1.  0.] 9 24.8135277748
1867 [ 0.  0.  1.  0.] -1 14.1253327847
1868 [ 0.  0.  1.  0.] -1 13.2415081501
1869 [ 0.  0.  1.  0.] -1 13.7823682308
1870 [ 0.  0.  1.  0.] 9 24.5132154465
1871 [ 0.  0.  1.  0.] -1 11.7237664223
1872 [ 0.  0.  1.  0.] -1 12.1835684299
1873 [ 0.  0.  1.  0.] -1 13.3510895252
1874 [ 0.  0.  1.  0.] 9 25.230874157
1875 [ 0.  0.  1.  0.] -1 17.8772147179
1876 [ 0.  0.  1.  0.] -1 17.925592804
1877 [ 0.  0.  1.  0.] -1 19.2875286102
1878 [ 0.  0.  1.  0.] 9 30.314561367
1879 [ 0.  0.  1.  0.] -1 33.6175601959
1880 [ 0.  0.  1.  0.] -1 32.1230381012
1881 [ 0.  0.  1.  0.] -1 31.4601682663
1882 [ 0.  0.  1.  0.] 9 48.3438667297
1883 [ 0.  0.  1.  0.] -1 41.8956144333
1884 [ 0.  0.  1.  0.] -1 38.9552038193
1885 [ 0.  0.  1.  0.] -1 42.4508996964
1886 [ 0.  0.  1.  0.] 9 54.6011814117
1887 [ 0.  0.  1.  0.] -1 37.6771337509
1888 [ 0.  0.  1.  0.] -1 37.6211870193
1889 [ 0.  0.  1.  0.] -1 39.0854164124
1890 [ 0.  0.  1.  0.] 9 54.0687416077
1891 [ 0.  0.  1.  0.] -1 53.3347061157
1892 [ 0.  0.  1.  0.] -1 53.7042016983
1893 [ 0.  0.  1.  0.] -1 55.1573091507
1894 [ 0.  0.  1.  0.] -1 60.4791015625
1895 [ 0.  0.  1.  0.] -1 79.8245304108
1896 [ 0.  0.  1.  0.] -1 79.2655704498
1897 [ 0.  0.  1.  0.] -1 79.2910758972
1898 [ 0.  0.  1.  0.] -1 83.677041626
1899 [ 0.  0.  1.  0.] -1 88.4339488983
1900 [ 0.  0.  1.  0.] -1 87.9037776947
1901 [ 0.  0.  1.  0.] -1 88.5122989655
1902 [ 0.  0.  1.  0.] -1 90.3461616516
1903 [ 0.  0.  1.  0.] -1 93.2768383026
1904 [ 0.  0.  1.  0.] -1 93.5492733002
1905 [ 0.  0.  1.  0.] -1 94.0322170258
1906 [ 0.  0.  1.  0.] -1 97.9202285767
1907 [ 0.  0.  1.  0.] -1 102.52670517
1908 [ 0.  0.  1.  0.] -1 103.530868912
1909 [ 0.  0.  1.  0.] -1 103.895765686
1910 [ 0.  0.  1.  0.] -1 105.899121094
1911 [ 0.  0.  1.  0.] 0 106.899121094
1912 [ 0.  1.  0.  0.] -2 124.597458649
1913 [ 0.  1.  0.  0.] -1 125.39666214
1914 [ 0.  1.  0.  0.] -1 127.300112152
1915 [ 0.  1.  0.  0.] -1 149.891734314
1916 [ 0.  1.  0.  0.] -1 154.960353088
1917 [ 0.  1.  0.  0.] -1 154.668798065
1918 [ 0.  1.  0.  0.] -1 153.231607056
1919 [ 0.  1.  0.  0.] 0 154.231607056
1920 [ 0.  0.  1.  0.] -2 129.783450317
1921 [ 0.  0.  1.  0.] -1 131.595217896
1922 [ 0.  0.  1.  0.] -1 139.72660675
1923 [ 0.  0.  1.  0.] -1 147.015409851
1924 [ 0.  0.  1.  0.] -1 145.301898956
1925 [ 0.  0.  1.  0.] -1 147.242327881
1926 [ 0.  0.  1.  0.] -1 150.855867767
1927 [ 0.  0.  1.  0.] -1 162.137277222
1928 [ 0.  0.  1.  0.] -1 161.147877502
1929 [ 0.  0.  1.  0.] -1 163.947649384
1930 [ 0.  0.  1.  0.] -1 171.93062973
1931 [ 0.  0.  1.  0.] 0 172.93062973
1932 [ 0.  0.  0.  1.] -2 150.502991486
1933 [ 0.  0.  0.  1.] -1 149.857756042
1934 [ 0.  0.  0.  1.] -1 138.447014618
1935 [ 0.  0.  0.  1.] -1 137.776842499
1936 [ 0.  0.  0.  1.] -1 137.253687286
1937 [ 0.  0.  0.  1.] -1 138.094011688
1938 [ 0.  0.  0.  1.] -1 126.468427277
1939 [ 0.  0.  0.  1.] -1 126.181307983
1940 [ 0.  0.  0.  1.] -1 126.984914398
1941 [ 0.  0.  0.  1.] -1 128.036950684
1942 [ 0.  0.  0.  1.] -1 107.80294075
1943 [ 0.  0.  0.  1.] -1 107.317018127
1944 [ 0.  0.  0.  1.] -1 106.874293137
1945 [ 0.  0.  0.  1.] -1 106.180702972
1946 [ 0.  0.  0.  1.] -1 104.432612228
1947 [ 0.  0.  0.  1.] -1 103.457679367
1948 [ 0.  0.  0.  1.] -1 103.848929596
1949 [ 0.  0.  0.  1.] -1 103.04312706
1950 [ 0.  0.  0.  1.] -1 97.7739364624
1951 [ 0.  0.  0.  1.] 0 98.7739364624
1952 [ 1.  0.  0.  0.] -2 99.8491149902
1953 [ 1.  0.  0.  0.] -1 101.510625839
1954 [ 1.  0.  0.  0.] -1 116.466979599
1955 [ 1.  0.  0.  0.] -1 118.725106812
1956 [ 1.  0.  0.  0.] -1 123.036621857
1957 [ 1.  0.  0.  0.] -1 122.253512573
1958 [ 1.  0.  0.  0.] -1 124.360614777
1959 [ 1.  0.  0.  0.] -1 123.799828339
1960 [ 1.  0.  0.  0.] -1 124.67256546
1961 [ 1.  0.  0.  0.] -1 126.736571503
1962 [ 1.  0.  0.  0.] -1 136.892595673
1963 [ 1.  0.  0.  0.] -1 135.565892029
1964 [ 1.  0.  0.  0.] -1 134.460061646
1965 [ 1.  0.  0.  0.] -1 136.129142761
1966 [ 1.  0.  0.  0.] -1 111.200115585
1967 [ 1.  0.  0.  0.] -1 111.704730606
1968 [ 1.  0.  0.  0.] -1 109.7455513
1969 [ 1.  0.  0.  0.] -1 113.233230972
1970 [ 1.  0.  0.  0.] -1 125.473765564
1971 [ 1.  0.  0.  0.] -1 126.751792145
1972 [ 1.  0.  0.  0.] -1 127.282108307
1973 [ 1.  0.  0.  0.] -1 130.173609924
1974 [ 1.  0.  0.  0.] -1 115.784833908
1975 [ 1.  0.  0.  0.] -1 116.78016243
1976 [ 1.  0.  0.  0.] -1 117.362765121
1977 [ 1.  0.  0.  0.] -1 121.050052643
1978 [ 1.  0.  0.  0.] -1 89.9394153595
1979 [ 1.  0.  0.  0.] 0 90.9394153595
1980 [ 0.  0.  0.  1.] -2 66.5003040314
1981 [ 0.  0.  0.  1.] -1 68.4888557434
1982 [ 0.  0.  0.  1.] -1 60.0888080597
1983 [ 0.  0.  0.  1.] -1 61.0507816315
1984 [ 0.  0.  0.  1.] -1 62.2148635864
1985 [ 0.  0.  0.  1.] -1 62.2857337952
1986 [ 0.  0.  0.  1.] -1 67.4108066559
1987 [ 0.  0.  0.  1.] -1 73.275044632
1988 [ 0.  0.  0.  1.] -1 78.9178657532
1989 [ 0.  0.  0.  1.] -1 82.5063568115
1990 [ 0.  0.  0.  1.] -1 82.9311649323
1991 [ 0.  0.  0.  1.] 0 83.9311649323
1992 [ 1.  0.  0.  0.] -2 122.754267883
1993 [ 1.  0.  0.  0.] -1 122.794671631
1994 [ 1.  0.  0.  0.] -1 101.209938431
1995 [ 1.  0.  0.  0.] -1 104.517702866
1996 [ 1.  0.  0.  0.] -1 105.362020874
1997 [ 1.  0.  0.  0.] -1 106.761450195
1998 [ 1.  0.  0.  0.] -1 118.269371796
1999 [ 1.  0.  0.  0.] -1 117.30140419
2000 [ 1.  0.  0.  0.] -1 116.602610016
2001 [ 1.  0.  0.  0.] -1 115.696960068
2002 [ 1.  0.  0.  0.] -1 120.713951874
2003 [ 1.  0.  0.  0.] 0 121.713951874
2004 [ 0.  0.  0.  1.] -2 94.7096767426
2005 [ 0.  0.  0.  1.] -1 99.3005088806
2006 [ 0.  0.  0.  1.] -1 73.6425579071
2007 [ 0.  0.  0.  1.] -1 74.3197822571
2008 [ 0.  0.  0.  1.] -1 79.2766670227
2009 [ 0.  0.  0.  1.] -1 76.7760822296
2010 [ 0.  0.  0.  1.] -1 70.0540161133
2011 [ 0.  0.  0.  1.] -1 67.137154007
2012 [ 0.  0.  0.  1.] -1 69.5491981506
2013 [ 0.  0.  0.  1.] -1 67.0164035797
2014 [ 0.  0.  0.  1.] -1 27.8878582001
2015 [ 0.  0.  0.  1.] -1 25.5787853241
2016 [ 0.  0.  0.  1.] -1 25.5217079163
2017 [ 0.  0.  0.  1.] -1 22.4447898865
2018 [ 0.  0.  0.  1.] -101 -101
