0 [ 0.  1.  0.  0.] -1 70.9949996948
1 [ 0.  1.  0.  0.] -1 71.7110584259
2 [ 0.  1.  0.  0.] -1 73.1382328033
3 [ 0.  1.  0.  0.] -1 76.0218849182
4 [ 0.  1.  0.  0.] -1 76.9347682953
5 [ 0.  1.  0.  0.] 9 87.5947715759
6 [ 0.  1.  0.  0.] 0 78.5947715759
7 [ 1.  0.  0.  0.] -2 82.8475273132
8 [ 1.  0.  0.  0.] -1 83.5110279083
9 [ 1.  0.  0.  0.] 9 88.4214481354
10 [ 1.  0.  0.  0.] -1 80.4231147766
11 [ 1.  0.  0.  0.] -1 80.7949840546
12 [ 1.  0.  0.  0.] -1 81.2506103516
13 [ 1.  0.  0.  0.] 9 81.8511753082
14 [ 1.  0.  0.  0.] -1 72.0305976868
15 [ 1.  0.  0.  0.] -1 71.0527439117
16 [ 1.  0.  0.  0.] -1 72.5084606171
17 [ 1.  0.  0.  0.] 9 82.3085193634
18 [ 1.  0.  0.  0.] 0 73.3085193634
19 [ 0.  1.  0.  0.] -2 57.3427539825
20 [ 0.  1.  0.  0.] -1 57.7193635941
21 [ 0.  1.  0.  0.] 9 68.4088478088
22 [ 0.  1.  0.  0.] -1 63.0642986298
23 [ 0.  1.  0.  0.] -1 62.6086071014
24 [ 0.  1.  0.  0.] -1 64.489276886
25 [ 0.  1.  0.  0.] 9 75.9471099854
26 [ 0.  1.  0.  0.] -1 70.6560432434
27 [ 0.  1.  0.  0.] -1 71.0547225952
28 [ 0.  1.  0.  0.] -1 70.8060825348
29 [ 0.  1.  0.  0.] 9 81.6478057861
30 [ 0.  1.  0.  0.] 0 72.6478057861
31 [ 1.  0.  0.  0.] -2 95.8923858643
32 [ 1.  0.  0.  0.] -1 98.3205532074
33 [ 1.  0.  0.  0.] 9 120.161053085
34 [ 1.  0.  0.  0.] -1 113.086532974
35 [ 1.  0.  0.  0.] -1 114.800928116
36 [ 1.  0.  0.  0.] -1 117.300940323
37 [ 1.  0.  0.  0.] 9 139.075795746
38 [ 1.  0.  0.  0.] -1 132.27742157
39 [ 1.  0.  0.  0.] -1 134.566968536
40 [ 1.  0.  0.  0.] -1 135.452722931
41 [ 1.  0.  0.  0.] 9 144.003572845
42 [ 1.  0.  0.  0.] 0 135.003572845
43 [ 0.  0.  0.  1.] -2 74.2588668823
44 [ 0.  0.  0.  1.] -1 74.5116275787
45 [ 0.  0.  0.  1.] 9 75.6636798859
46 [ 0.  0.  0.  1.] -1 64.950005722
47 [ 0.  0.  0.  1.] -1 64.8699668884
48 [ 0.  0.  0.  1.] -1 64.086567688
49 [ 0.  0.  0.  1.] 9 72.9490566254
50 [ 0.  0.  0.  1.] -1 63.433442688
51 [ 0.  0.  0.  1.] -1 63.6993255615
52 [ 0.  0.  0.  1.] -1 63.6746246338
53 [ 0.  0.  0.  1.] 9 70.346522522
54 [ 0.  0.  0.  1.] -1 60.5673377991
55 [ 0.  0.  0.  1.] -1 61.1253845215
56 [ 0.  0.  0.  1.] -1 61.5485401154
57 [ 0.  0.  0.  1.] 9 69.679416275
58 [ 0.  0.  0.  1.] -1 59.8479160309
59 [ 0.  0.  0.  1.] -1 60.8436576843
60 [ 0.  0.  0.  1.] -1 62.099911499
61 [ 0.  0.  0.  1.] 9 71.4315296173
62 [ 0.  0.  0.  1.] -1 63.5733203888
63 [ 0.  0.  0.  1.] -1 64.8978496552
64 [ 0.  0.  0.  1.] -1 66.1880237579
65 [ 0.  0.  0.  1.] 9 77.149772644
66 [ 0.  0.  0.  1.] -1 68.463444519
67 [ 0.  0.  0.  1.] -1 69.298260498
68 [ 0.  0.  0.  1.] -1 69.4862499237
69 [ 0.  0.  0.  1.] 9 81.3803791046
70 [ 0.  0.  0.  1.] -1 72.799943161
71 [ 0.  0.  0.  1.] -1 74.0360549927
72 [ 0.  0.  0.  1.] -1 74.9375301361
73 [ 0.  0.  0.  1.] 9 85.8755420685
74 [ 0.  0.  0.  1.] -1 77.5750499725
75 [ 0.  0.  0.  1.] -1 79.9041343689
76 [ 0.  0.  0.  1.] -1 81.792559433
77 [ 0.  0.  0.  1.] 9 110.788080215
78 [ 0.  0.  0.  1.] -1 104.630741501
79 [ 0.  0.  0.  1.] -1 107.954125214
80 [ 0.  0.  0.  1.] -1 110.998594284
81 [ 0.  0.  0.  1.] 9 127.190452957
82 [ 0.  0.  0.  1.] -1 120.505545044
83 [ 0.  0.  0.  1.] -1 123.694429016
84 [ 0.  0.  0.  1.] -1 125.789731598
85 [ 0.  0.  0.  1.] 9 154.731704712
86 [ 0.  0.  0.  1.] -1 148.470198822
87 [ 0.  0.  0.  1.] -1 152.56268158
88 [ 0.  0.  0.  1.] -1 154.624020386
89 [ 0.  0.  0.  1.] 9 181.580366516
90 [ 0.  0.  0.  1.] -1 176.923551178
91 [ 0.  0.  0.  1.] -1 181.207408142
92 [ 0.  0.  0.  1.] -1 183.924945068
93 [ 0.  0.  0.  1.] 9 221.1618927
94 [ 0.  0.  0.  1.] -1 218.228677368
95 [ 0.  0.  0.  1.] -1 222.280702209
96 [ 0.  0.  0.  1.] -1 228.862412262
97 [ 0.  0.  0.  1.] 9 265.98506012
98 [ 0.  0.  0.  1.] -1 261.061187744
99 [ 0.  0.  0.  1.] -1 639.285620117
100 [ 0.  0.  0.  1.] -1 649.370498657
101 [ 0.  0.  0.  1.] 9 748.866598511
102 [ 0.  0.  0.  1.] -1 755.077886963
103 [ 0.  0.  0.  1.] -1 764.49850769
104 [ 0.  0.  0.  1.] -1 778.07711792
105 [ 0.  0.  0.  1.] 9 816.339096069
106 [ 0.  0.  0.  1.] -1 816.719631958
107 [ 0.  0.  0.  1.] -1 823.919720459
108 [ 0.  0.  0.  1.] -1 834.913372803
109 [ 0.  0.  0.  1.] 9 926.687533569
110 [ 0.  0.  0.  1.] 0 917.687533569
111 [ 0.  0.  1.  0.] -2 990.049328613
112 [ 0.  0.  1.  0.] -1 998.926721191
113 [ 0.  0.  1.  0.] 9 994.048529053
114 [ 0.  0.  1.  0.] -1 1143.71799316
115 [ 0.  0.  1.  0.] -1 1172.23214111
116 [ 0.  0.  1.  0.] -1 1230.98138428
117 [ 0.  0.  1.  0.] 49 1563.80596313
118 [ 0.  0.  1.  0.] -1 1427.19581299
119 [ 0.  0.  1.  0.] -1 1435.31499634
120 [ 0.  0.  1.  0.] -1 1432.30507812
121 [ 0.  0.  1.  0.] 9 1391.98882446
122 [ 0.  0.  1.  0.] -1 1431.12372437
123 [ 0.  0.  1.  0.] -1 1437.01054688
124 [ 0.  0.  1.  0.] -1 1437.77384033
125 [ 0.  0.  1.  0.] 9 1371.96367798
126 [ 0.  0.  1.  0.] -1 1387.98511963
127 [ 0.  0.  1.  0.] -1 1389.97035522
128 [ 0.  0.  1.  0.] -1 1383.39921265
129 [ 0.  0.  1.  0.] 9 1328.83110352
130 [ 0.  0.  1.  0.] -1 1169.4272522
131 [ 0.  0.  1.  0.] -1 1172.72987061
132 [ 0.  0.  1.  0.] -1 1168.37114258
133 [ 0.  0.  1.  0.] 9 1117.47593384
134 [ 0.  0.  1.  0.] 0 1108.47593384
135 [ 0.  1.  0.  0.] -2 747.26541748
136 [ 0.  1.  0.  0.] -1 737.269271851
137 [ 0.  1.  0.  0.] 9 732.786758423
138 [ 0.  1.  0.  0.] -1 674.599655151
139 [ 0.  1.  0.  0.] -1 657.785281372
140 [ 0.  1.  0.  0.] -1 637.901730347
141 [ 0.  1.  0.  0.] 9 644.103991699
142 [ 0.  1.  0.  0.] 0 635.103991699
143 [ 0.  0.  1.  0.] -2 606.040820312
144 [ 0.  0.  1.  0.] -1 601.63543396
145 [ 0.  0.  1.  0.] 9 593.970153809
146 [ 0.  0.  1.  0.] -1 578.268530273
147 [ 0.  0.  1.  0.] -1 571.744296265
148 [ 0.  0.  1.  0.] -1 556.033984375
149 [ 0.  0.  1.  0.] 9 548.012106323
150 [ 0.  0.  1.  0.] -1 514.128860474
151 [ 0.  0.  1.  0.] -1 512.721313477
152 [ 0.  0.  1.  0.] -1 503.956369019
153 [ 0.  0.  1.  0.] 9 515.316137695
154 [ 0.  0.  1.  0.] 0 506.316137695
155 [ 0.  1.  0.  0.] -2 293.046870422
156 [ 0.  1.  0.  0.] -1 282.92971344
157 [ 0.  1.  0.  0.] 9 308.967689514
158 [ 0.  1.  0.  0.] -1 292.304759216
159 [ 0.  1.  0.  0.] -1 288.853065491
160 [ 0.  1.  0.  0.] -1 290.869902039
161 [ 0.  1.  0.  0.] 9 299.390890503
162 [ 0.  1.  0.  0.] -1 187.394497681
163 [ 0.  1.  0.  0.] -1 186.775205994
164 [ 0.  1.  0.  0.] -1 185.537100983
165 [ 0.  1.  0.  0.] 9 197.537818146
166 [ 0.  1.  0.  0.] -1 174.742766571
167 [ 0.  1.  0.  0.] -1 173.700399017
168 [ 0.  1.  0.  0.] -1 173.826425934
169 [ 0.  1.  0.  0.] 9 184.525067902
170 [ 0.  1.  0.  0.] -1 149.74502182
171 [ 0.  1.  0.  0.] -1 143.32288208
172 [ 0.  1.  0.  0.] -1 144.905104065
173 [ 0.  1.  0.  0.] 9 156.675656128
174 [ 0.  1.  0.  0.] -1 141.273705292
175 [ 0.  1.  0.  0.] -1 133.052311707
176 [ 0.  1.  0.  0.] -1 131.868073273
177 [ 0.  1.  0.  0.] 9 147.881937408
178 [ 0.  1.  0.  0.] -1 88.9581695557
179 [ 0.  1.  0.  0.] -1 88.5891124725
180 [ 0.  1.  0.  0.] -1 89.1933937073
181 [ 0.  1.  0.  0.] -1 86.0617176056
182 [ 0.  1.  0.  0.] -1 97.3596740723
183 [ 0.  1.  0.  0.] -1 101.059674454
184 [ 0.  1.  0.  0.] -1 109.245922852
185 [ 0.  1.  0.  0.] -1 106.614121628
186 [ 0.  1.  0.  0.] -1 121.952361298
187 [ 0.  1.  0.  0.] -1 130.076125336
188 [ 0.  1.  0.  0.] -1 137.333834839
189 [ 0.  1.  0.  0.] -1 127.784853363
190 [ 0.  1.  0.  0.] 0 128.784853363
191 [ 0.  0.  1.  0.] -2 64.384910202
192 [ 0.  0.  1.  0.] -1 63.9255332947
193 [ 0.  0.  1.  0.] -1 73.2795021057
194 [ 0.  0.  1.  0.] -1 73.854624939
195 [ 0.  0.  1.  0.] -1 73.3751239777
196 [ 0.  0.  1.  0.] -1 73.3903011322
197 [ 0.  0.  1.  0.] -1 77.2291427612
198 [ 0.  0.  1.  0.] -1 61.4189762115
199 [ 0.  0.  1.  0.] -1 62.1752536774
200 [ 0.  0.  1.  0.] -1 63.8172855377
201 [ 0.  0.  1.  0.] -1 68.1168560028
202 [ 0.  0.  1.  0.] 0 69.1168560028
203 [ 0.  0.  0.  1.] -2 70.2131187439
204 [ 0.  0.  0.  1.] -1 73.6757823944
205 [ 0.  0.  0.  1.] -1 61.4010955811
206 [ 0.  0.  0.  1.] -1 60.650812149
207 [ 0.  0.  0.  1.] -1 58.9353733063
208 [ 0.  0.  0.  1.] -1 58.2674734116
209 [ 0.  0.  0.  1.] -1 60.6541824341
210 [ 0.  0.  0.  1.] -1 62.2525093079
211 [ 0.  0.  0.  1.] -1 65.4351528168
212 [ 0.  0.  0.  1.] -1 65.7082111359
213 [ 0.  0.  0.  1.] -1 58.604690361
214 [ 0.  0.  0.  1.] 0 59.604690361
215 [ 0.  0.  1.  0.] -2 63.5452453613
216 [ 0.  0.  1.  0.] -1 62.6965824127
217 [ 0.  0.  1.  0.] -1 71.6303600311
218 [ 0.  0.  1.  0.] -1 80.6355369568
219 [ 0.  0.  1.  0.] -1 77.3128707886
220 [ 0.  0.  1.  0.] -1 76.1045692444
221 [ 0.  0.  1.  0.] -1 89.4548480988
222 [ 0.  0.  1.  0.] -1 94.8073028564
223 [ 0.  0.  1.  0.] -1 93.1098026276
224 [ 0.  0.  1.  0.] -1 90.8954093933
225 [ 0.  0.  1.  0.] -1 98.1470596313
226 [ 0.  0.  1.  0.] 0 99.1470596313
227 [ 0.  0.  0.  1.] -2 79.9119655609
228 [ 0.  0.  0.  1.] -1 84.0633705139
229 [ 0.  0.  0.  1.] -1 72.9554763794
230 [ 0.  0.  0.  1.] -1 68.7020534515
231 [ 0.  0.  0.  1.] -1 72.0243862152
232 [ 0.  0.  0.  1.] -1 76.3766418457
233 [ 0.  0.  0.  1.] -1 59.099451828
234 [ 0.  0.  0.  1.] -1 54.9142536163
235 [ 0.  0.  0.  1.] -1 56.8503772736
236 [ 0.  0.  0.  1.] -1 55.4742282867
237 [ 0.  0.  0.  1.] -1 40.2336652756
238 [ 0.  0.  0.  1.] 0 41.2336652756
239 [ 1.  0.  0.  0.] -2 160.859217834
240 [ 1.  0.  0.  0.] -1 168.774665833
241 [ 1.  0.  0.  0.] -1 193.319415283
242 [ 1.  0.  0.  0.] -1 181.632687378
243 [ 1.  0.  0.  0.] -1 198.788090515
244 [ 1.  0.  0.  0.] -1 215.743030548
245 [ 1.  0.  0.  0.] -1 199.496372223
246 [ 1.  0.  0.  0.] -1 199.70098114
247 [ 1.  0.  0.  0.] -1 209.804051971
248 [ 1.  0.  0.  0.] -1 223.965061951
249 [ 1.  0.  0.  0.] -1 218.924478149
250 [ 1.  0.  0.  0.] 0 219.924478149
251 [ 0.  0.  0.  1.] -2 50.2363775253
252 [ 0.  0.  0.  1.] -1 51.4253744125
253 [ 0.  0.  0.  1.] -1 59.1219928741
254 [ 0.  0.  0.  1.] -1 66.7300598145
255 [ 0.  0.  0.  1.] -1 71.0550052643
256 [ 0.  0.  0.  1.] -1 77.6441444397
257 [ 0.  0.  0.  1.] -1 85.3111152649
258 [ 0.  0.  0.  1.] -1 95.6009651184
259 [ 0.  0.  0.  1.] -1 104.490508652
260 [ 0.  0.  0.  1.] -1 115.12803421
261 [ 0.  0.  0.  1.] 9 170.014360046
262 [ 0.  0.  0.  1.] 0 161.014360046
263 [ 1.  0.  0.  0.] -2 554.604733276
264 [ 1.  0.  0.  0.] -1 567.011343384
265 [ 1.  0.  0.  0.] 9 526.68465271
266 [ 1.  0.  0.  0.] -1 543.965899658
267 [ 1.  0.  0.  0.] -1 550.912832642
268 [ 1.  0.  0.  0.] -1 558.637844849
269 [ 1.  0.  0.  0.] 9 586.48994751
270 [ 1.  0.  0.  0.] -1 587.233343506
271 [ 1.  0.  0.  0.] -1 590.378826904
272 [ 1.  0.  0.  0.] -1 610.813162231
273 [ 1.  0.  0.  0.] -1 738.538122559
274 [ 1.  0.  0.  0.] -1 747.040750122
275 [ 1.  0.  0.  0.] -1 744.214639282
276 [ 1.  0.  0.  0.] -1 801.011117554
277 [ 1.  0.  0.  0.] -1 931.375018311
278 [ 1.  0.  0.  0.] -1 918.341799927
279 [ 1.  0.  0.  0.] -1 908.312585449
280 [ 1.  0.  0.  0.] -1 943.772216797
281 [ 1.  0.  0.  0.] -1 855.534936523
282 [ 1.  0.  0.  0.] -1 889.246252441
283 [ 1.  0.  0.  0.] -1 894.982434082
284 [ 1.  0.  0.  0.] -1 926.03637085
285 [ 1.  0.  0.  0.] -1 870.717483521
286 [ 1.  0.  0.  0.] 0 871.717483521
287 [ 0.  0.  0.  1.] -2 768.342034912
288 [ 0.  0.  0.  1.] -1 791.66784668
289 [ 0.  0.  0.  1.] -1 854.905584717
290 [ 0.  0.  0.  1.] -1 897.568493652
291 [ 0.  0.  0.  1.] -1 925.093908691
292 [ 0.  0.  0.  1.] -1 966.648522949
293 [ 0.  0.  0.  1.] -1 1160.12312012
294 [ 0.  0.  0.  1.] 0 1161.12312012
295 [ 1.  0.  0.  0.] -2 1228.89790649
296 [ 1.  0.  0.  0.] -1 1237.51831665
297 [ 1.  0.  0.  0.] -1 1465.84499512
298 [ 1.  0.  0.  0.] -1 1509.66641235
299 [ 1.  0.  0.  0.] -1 1502.62003784
300 [ 1.  0.  0.  0.] -1 1546.43125
301 [ 1.  0.  0.  0.] -1 1601.46248169
302 [ 1.  0.  0.  0.] -1 1637.89229126
303 [ 1.  0.  0.  0.] -1 1645.50829468
304 [ 1.  0.  0.  0.] -1 1691.84862671
305 [ 1.  0.  0.  0.] -1 1623.73831177
306 [ 1.  0.  0.  0.] -1 1682.30502319
307 [ 1.  0.  0.  0.] -1 1679.04612427
308 [ 1.  0.  0.  0.] -1 1713.87234497
309 [ 1.  0.  0.  0.] -1 1730.26935425
310 [ 1.  0.  0.  0.] -1 1816.41679687
311 [ 1.  0.  0.  0.] -1 1803.68143921
312 [ 1.  0.  0.  0.] -1 1829.26568604
313 [ 1.  0.  0.  0.] -1 1818.92573853
314 [ 1.  0.  0.  0.] -1 1875.02954712
315 [ 1.  0.  0.  0.] -1 1869.05841675
316 [ 1.  0.  0.  0.] -1 551.330197144
317 [ 1.  0.  0.  0.] -1 502.38739624
318 [ 1.  0.  0.  0.] 0 503.38739624
319 [ 0.  1.  0.  0.] -2 673.952832031
320 [ 0.  1.  0.  0.] -1 661.580236816
321 [ 0.  1.  0.  0.] -1 658.859481812
322 [ 0.  1.  0.  0.] -1 639.300405884
323 [ 0.  1.  0.  0.] -1 632.82829895
324 [ 0.  1.  0.  0.] -1 605.979202271
325 [ 0.  1.  0.  0.] -1 588.446298218
326 [ 0.  1.  0.  0.] -1 489.391635132
327 [ 0.  1.  0.  0.] -1 469.721984863
328 [ 0.  1.  0.  0.] -1 456.648931885
329 [ 0.  1.  0.  0.] -1 438.247639465
330 [ 0.  1.  0.  0.] -1 395.08465271
331 [ 0.  1.  0.  0.] -1 382.920547485
332 [ 0.  1.  0.  0.] -1 366.681803894
333 [ 0.  1.  0.  0.] -1 349.607374573
334 [ 0.  1.  0.  0.] -1 318.513980103
335 [ 0.  1.  0.  0.] -1 309.371795654
336 [ 0.  1.  0.  0.] -1 299.572891235
337 [ 0.  1.  0.  0.] -1 290.661509705
338 [ 0.  1.  0.  0.] -1 268.37071991
339 [ 0.  1.  0.  0.] -1 266.529515076
340 [ 0.  1.  0.  0.] -1 261.931344604
341 [ 0.  1.  0.  0.] -1 258.889245605
342 [ 0.  1.  0.  0.] -1 201.950432587
343 [ 0.  1.  0.  0.] -1 194.697129822
344 [ 0.  1.  0.  0.] -1 190.286593628
345 [ 0.  1.  0.  0.] -1 183.469470978
346 [ 0.  1.  0.  0.] -1 177.407292175
347 [ 0.  1.  0.  0.] -1 173.234545898
348 [ 0.  1.  0.  0.] -1 169.639183807
349 [ 0.  1.  0.  0.] -1 161.80932312
350 [ 0.  1.  0.  0.] 0 162.80932312
351 [ 0.  0.  1.  0.] -2 184.171950531
352 [ 0.  0.  1.  0.] -1 186.73026886
353 [ 0.  0.  1.  0.] 9 189.504116821
354 [ 0.  0.  1.  0.] -1 164.149909973
355 [ 0.  0.  1.  0.] -1 163.787281799
356 [ 0.  0.  1.  0.] -1 166.576674652
357 [ 0.  0.  1.  0.] 9 165.398287201
358 [ 0.  0.  1.  0.] -1 125.263227844
359 [ 0.  0.  1.  0.] -1 125.199199677
360 [ 0.  0.  1.  0.] -1 122.914842224
361 [ 0.  0.  1.  0.] 9 129.820203018
362 [ 0.  0.  1.  0.] 0 120.820203018
363 [ 0.  1.  0.  0.] -2 82.2380130768
364 [ 0.  1.  0.  0.] -1 81.6366638184
365 [ 0.  1.  0.  0.] 9 89.7922554016
366 [ 0.  1.  0.  0.] -1 81.6492027283
367 [ 0.  1.  0.  0.] -1 81.0149368286
368 [ 0.  1.  0.  0.] -1 80.2967399597
369 [ 0.  1.  0.  0.] 9 90.1613269806
370 [ 0.  1.  0.  0.] -1 79.2294322968
371 [ 0.  1.  0.  0.] -1 76.6899044037
372 [ 0.  1.  0.  0.] -1 76.0371055603
373 [ 0.  1.  0.  0.] 9 85.1689128876
374 [ 0.  1.  0.  0.] 0 76.1689128876
375 [ 0.  0.  1.  0.] -2 45.2933254242
376 [ 0.  0.  1.  0.] -1 45.3689069748
377 [ 0.  0.  1.  0.] 9 56.6885293961
378 [ 0.  0.  1.  0.] -1 45.6402547836
379 [ 0.  0.  1.  0.] -1 46.3248249054
380 [ 0.  0.  1.  0.] -1 45.6672822952
381 [ 0.  0.  1.  0.] 9 57.2617895126
382 [ 0.  0.  1.  0.] -1 33.1681489944
383 [ 0.  0.  1.  0.] -1 32.932616806
384 [ 0.  0.  1.  0.] -1 33.2956508636
385 [ 0.  0.  1.  0.] 9 45.1911064148
386 [ 0.  0.  1.  0.] 0 36.1911064148
387 [ 0.  0.  0.  1.] -2 37.0872974396
388 [ 0.  0.  0.  1.] -1 39.0816257477
389 [ 0.  0.  0.  1.] 9 50.5424667358
390 [ 0.  0.  0.  1.] -1 42.4145730972
391 [ 0.  0.  0.  1.] -1 44.6362722397
392 [ 0.  0.  0.  1.] -1 46.1522409439
393 [ 0.  0.  0.  1.] 9 59.7704086304
394 [ 0.  0.  0.  1.] -1 52.1424007416
395 [ 0.  0.  0.  1.] -1 54.3762147903
396 [ 0.  0.  0.  1.] -1 57.4144651413
397 [ 0.  0.  0.  1.] 9 76.9622253418
398 [ 0.  0.  0.  1.] 0 67.9622253418
399 [ 0.  0.  1.  0.] -2 58.3401155472
400 [ 0.  0.  1.  0.] -1 58.9783643723
401 [ 0.  0.  1.  0.] 9 70.2631858826
402 [ 0.  0.  1.  0.] -1 54.2525217056
403 [ 0.  0.  1.  0.] -1 53.9893024445
404 [ 0.  0.  1.  0.] -1 53.8367698669
405 [ 0.  0.  1.  0.] 9 65.5013608932
406 [ 0.  0.  1.  0.] -1 52.8949419022
407 [ 0.  0.  1.  0.] -1 52.8984100342
408 [ 0.  0.  1.  0.] -1 52.377450943
409 [ 0.  0.  1.  0.] -1 54.0391971588
410 [ 0.  0.  1.  0.] 0 55.0391971588
411 [ 0.  0.  0.  1.] -2 57.3327953339
412 [ 0.  0.  0.  1.] -1 60.3473415375
413 [ 0.  0.  0.  1.] -1 58.2715250015
414 [ 0.  0.  0.  1.] -1 58.956990242
415 [ 0.  0.  0.  1.] -1 59.2832447052
416 [ 0.  0.  0.  1.] -1 59.8305644989
417 [ 0.  0.  0.  1.] -1 61.3930213928
418 [ 0.  0.  0.  1.] -1 62.5544651031
419 [ 0.  0.  0.  1.] -1 63.1528392792
420 [ 0.  0.  0.  1.] -1 64.1755939484
421 [ 0.  0.  0.  1.] -1 66.3862110138
422 [ 0.  0.  0.  1.] -1 68.2662574768
423 [ 0.  0.  0.  1.] -1 70.4818393707
424 [ 0.  0.  0.  1.] -1 72.7853965759
425 [ 0.  0.  0.  1.] -1 80.3000667572
426 [ 0.  0.  0.  1.] -1 83.443201828
427 [ 0.  0.  0.  1.] -1 85.6388519287
428 [ 0.  0.  0.  1.] -1 89.6246379852
429 [ 0.  0.  0.  1.] -1 99.4349651337
430 [ 0.  0.  0.  1.] -1 107.052548599
431 [ 0.  0.  0.  1.] -1 110.870516205
432 [ 0.  0.  0.  1.] -1 118.237415695
433 [ 0.  0.  0.  1.] -1 157.644506073
434 [ 0.  0.  0.  1.] 0 158.644506073
435 [ 1.  0.  0.  0.] -2 291.062011719
436 [ 1.  0.  0.  0.] -1 310.212004089
437 [ 1.  0.  0.  0.] -1 350.532470703
438 [ 1.  0.  0.  0.] -1 358.749095154
439 [ 1.  0.  0.  0.] -1 365.201835632
440 [ 1.  0.  0.  0.] -1 376.316122437
441 [ 1.  0.  0.  0.] -1 344.932492065
442 [ 1.  0.  0.  0.] -1 352.52796936
443 [ 1.  0.  0.  0.] -1 359.103199768
444 [ 1.  0.  0.  0.] -1 370.3088974
445 [ 1.  0.  0.  0.] -1 365.700028992
446 [ 1.  0.  0.  0.] 0 366.700028992
447 [ 0.  1.  0.  0.] -2 171.789914703
448 [ 0.  1.  0.  0.] -1 168.846724701
449 [ 0.  1.  0.  0.] 9 180.427236176
450 [ 0.  1.  0.  0.] -1 149.834533691
451 [ 0.  1.  0.  0.] -1 140.417681885
452 [ 0.  1.  0.  0.] -1 137.085419464
453 [ 0.  1.  0.  0.] 9 142.221409607
454 [ 0.  1.  0.  0.] -1 107.876434708
455 [ 0.  1.  0.  0.] -1 103.790837479
456 [ 0.  1.  0.  0.] -1 101.321186829
457 [ 0.  1.  0.  0.] 9 110.291437912
458 [ 0.  1.  0.  0.] -1 96.3810665131
459 [ 0.  1.  0.  0.] -1 94.4888942719
460 [ 0.  1.  0.  0.] -1 93.0815429688
461 [ 0.  1.  0.  0.] 9 104.401774216
462 [ 0.  1.  0.  0.] -1 90.1121696472
463 [ 0.  1.  0.  0.] -1 87.2161090851
464 [ 0.  1.  0.  0.] -1 86.9904087067
465 [ 0.  1.  0.  0.] 9 98.1676456451
466 [ 0.  1.  0.  0.] -1 86.5972957611
467 [ 0.  1.  0.  0.] -1 82.0820270538
468 [ 0.  1.  0.  0.] -1 82.3250137329
469 [ 0.  1.  0.  0.] -1 80.5758140564
470 [ 0.  1.  0.  0.] 0 81.5758140564
471 [ 0.  0.  1.  0.] -2 57.9187719345
472 [ 0.  0.  1.  0.] -1 58.8015766144
473 [ 0.  0.  1.  0.] -1 59.2653459549
474 [ 0.  0.  1.  0.] -1 55.4064891815
475 [ 0.  0.  1.  0.] -1 55.228418541
476 [ 0.  0.  1.  0.] -1 55.2672456741
477 [ 0.  0.  1.  0.] -1 56.4767213821
478 [ 0.  0.  1.  0.] -1 53.2169961929
479 [ 0.  0.  1.  0.] -1 53.2905408859
480 [ 0.  0.  1.  0.] -1 52.5939899445
481 [ 0.  0.  1.  0.] -1 54.3084321976
482 [ 0.  0.  1.  0.] 0 55.3084321976
483 [ 0.  0.  0.  1.] -2 58.0577472687
484 [ 0.  0.  0.  1.] -1 60.7801151276
485 [ 0.  0.  0.  1.] -1 58.2701007843
486 [ 0.  0.  0.  1.] -1 58.9542867661
487 [ 0.  0.  0.  1.] -1 59.4100362778
488 [ 0.  0.  0.  1.] -1 60.0541484833
489 [ 0.  0.  0.  1.] -1 61.0262836456
490 [ 0.  0.  0.  1.] -1 62.4251911163
491 [ 0.  0.  0.  1.] -1 63.3681461334
492 [ 0.  0.  0.  1.] -1 64.3921401978
493 [ 0.  0.  0.  1.] -1 66.7542461395
494 [ 0.  0.  0.  1.] -1 68.572177887
495 [ 0.  0.  0.  1.] -1 70.87940979
496 [ 0.  0.  0.  1.] -1 73.4472988129
497 [ 0.  0.  0.  1.] -1 81.2055355072
498 [ 0.  0.  0.  1.] -1 83.8816432953
499 [ 0.  0.  0.  1.] -1 86.1164394379
500 [ 0.  0.  0.  1.] -1 89.9873386383
501 [ 0.  0.  0.  1.] -1 101.344677353
502 [ 0.  0.  0.  1.] -1 108.83023262
503 [ 0.  0.  0.  1.] -1 112.117383957
504 [ 0.  0.  0.  1.] -1 119.395518112
505 [ 0.  0.  0.  1.] -1 154.56096344
506 [ 0.  0.  0.  1.] 0 155.56096344
507 [ 1.  0.  0.  0.] -2 285.755197144
508 [ 1.  0.  0.  0.] -1 302.237083435
509 [ 1.  0.  0.  0.] -1 338.891317749
510 [ 1.  0.  0.  0.] -1 347.931161499
511 [ 1.  0.  0.  0.] -1 355.445346069
512 [ 1.  0.  0.  0.] -1 366.084632874
513 [ 1.  0.  0.  0.] -1 334.904060364
514 [ 1.  0.  0.  0.] -1 341.140464783
515 [ 1.  0.  0.  0.] -1 348.660592651
516 [ 1.  0.  0.  0.] -1 359.275004578
517 [ 1.  0.  0.  0.] -1 351.094909668
518 [ 1.  0.  0.  0.] 0 352.094909668
519 [ 0.  0.  0.  1.] -2 357.993466187
520 [ 0.  0.  0.  1.] -1 373.487431335
521 [ 0.  0.  0.  1.] -1 415.446392822
522 [ 0.  0.  0.  1.] -1 444.287045288
523 [ 0.  0.  0.  1.] -1 452.683737183
524 [ 0.  0.  0.  1.] -1 473.868493652
525 [ 0.  0.  0.  1.] -1 612.512133789
526 [ 0.  0.  0.  1.] 0 613.512133789
527 [ 1.  0.  0.  0.] -2 598.287802124
528 [ 1.  0.  0.  0.] -1 604.099206543
529 [ 1.  0.  0.  0.] -1 773.286761475
530 [ 1.  0.  0.  0.] -1 787.781277466
531 [ 1.  0.  0.  0.] -1 782.422857666
532 [ 1.  0.  0.  0.] -1 796.135467529
533 [ 1.  0.  0.  0.] -1 797.027600098
534 [ 1.  0.  0.  0.] -1 829.399325562
535 [ 1.  0.  0.  0.] -1 827.92840271
536 [ 1.  0.  0.  0.] -1 828.447296143
537 [ 1.  0.  0.  0.] -1 796.234155273
538 [ 1.  0.  0.  0.] -1 798.588397217
539 [ 1.  0.  0.  0.] -1 795.261483765
540 [ 1.  0.  0.  0.] -1 777.020370483
541 [ 1.  0.  0.  0.] -1 705.947915649
542 [ 1.  0.  0.  0.] -1 721.986529541
543 [ 1.  0.  0.  0.] -1 708.159170532
544 [ 1.  0.  0.  0.] -1 697.587057495
545 [ 1.  0.  0.  0.] -1 531.062680054
546 [ 1.  0.  0.  0.] -1 524.416738892
547 [ 1.  0.  0.  0.] -1 521.805688477
548 [ 1.  0.  0.  0.] -1 504.654953003
549 [ 1.  0.  0.  0.] -1 455.265621948
550 [ 1.  0.  0.  0.] 0 456.265621948
551 [ 0.  1.  0.  0.] -2 636.896975708
552 [ 0.  1.  0.  0.] -1 625.215948486
553 [ 0.  1.  0.  0.] -1 622.786907959
554 [ 0.  1.  0.  0.] -1 601.917233276
555 [ 0.  1.  0.  0.] -1 596.262924194
556 [ 0.  1.  0.  0.] -1 569.334448242
557 [ 0.  1.  0.  0.] -1 552.197744751
558 [ 0.  1.  0.  0.] -1 452.704292297
559 [ 0.  1.  0.  0.] -1 434.438652039
560 [ 0.  1.  0.  0.] -1 422.200531006
561 [ 0.  1.  0.  0.] -1 404.989231873
562 [ 0.  1.  0.  0.] -1 364.126939392
563 [ 0.  1.  0.  0.] -1 353.19132843
564 [ 0.  1.  0.  0.] -1 337.846514893
565 [ 0.  1.  0.  0.] -1 321.002105713
566 [ 0.  1.  0.  0.] -1 290.439607239
567 [ 0.  1.  0.  0.] -1 281.729602051
568 [ 0.  1.  0.  0.] -1 272.090325928
569 [ 0.  1.  0.  0.] -1 262.855397034
570 [ 0.  1.  0.  0.] -1 246.800895691
571 [ 0.  1.  0.  0.] -1 244.72598877
572 [ 0.  1.  0.  0.] -1 240.746153259
573 [ 0.  1.  0.  0.] -1 236.981233215
574 [ 0.  1.  0.  0.] -1 203.635923004
575 [ 0.  1.  0.  0.] -1 194.682373047
576 [ 0.  1.  0.  0.] -1 191.402846527
577 [ 0.  1.  0.  0.] -1 180.881106567
578 [ 0.  1.  0.  0.] -1 179.391005707
579 [ 0.  1.  0.  0.] -1 174.745868683
580 [ 0.  1.  0.  0.] -1 170.882565308
581 [ 0.  1.  0.  0.] -1 164.191252136
582 [ 0.  1.  0.  0.] -1 128.211103821
583 [ 0.  1.  0.  0.] -1 125.112355042
584 [ 0.  1.  0.  0.] -1 123.57549057
585 [ 0.  1.  0.  0.] -1 119.787449646
586 [ 0.  1.  0.  0.] -1 121.184617615
587 [ 0.  1.  0.  0.] -1 121.008840942
588 [ 0.  1.  0.  0.] -1 122.316395569
589 [ 0.  1.  0.  0.] -1 120.145678329
590 [ 0.  1.  0.  0.] -1 105.566057205
591 [ 0.  1.  0.  0.] -1 101.819017792
592 [ 0.  1.  0.  0.] -1 100.769395065
593 [ 0.  1.  0.  0.] -1 94.3432689667
594 [ 0.  1.  0.  0.] -1 92.6544517517
595 [ 0.  1.  0.  0.] -1 92.1190475464
596 [ 0.  1.  0.  0.] -1 92.7145442963
597 [ 0.  1.  0.  0.] -1 89.8034297943
598 [ 0.  1.  0.  0.] -1 87.5887393951
599 [ 0.  1.  0.  0.] -1 87.5871520996
600 [ 0.  1.  0.  0.] -1 88.3382980347
601 [ 0.  1.  0.  0.] -1 86.7826251984
602 [ 0.  1.  0.  0.] -1 93.0391933441
603 [ 0.  1.  0.  0.] -1 92.4051593781
604 [ 0.  1.  0.  0.] -1 93.418006134
605 [ 0.  1.  0.  0.] -1 93.4887386322
606 [ 0.  1.  0.  0.] -1 93.1056060791
607 [ 0.  1.  0.  0.] -1 95.3102363586
608 [ 0.  1.  0.  0.] -1 96.4589092255
609 [ 0.  1.  0.  0.] -1 94.0361743927
610 [ 0.  1.  0.  0.] -1 98.6981628418
611 [ 0.  1.  0.  0.] -1 100.370549011
612 [ 0.  1.  0.  0.] -1 103.252715302
613 [ 0.  1.  0.  0.] -1 104.343941116
614 [ 0.  1.  0.  0.] -1 111.535259628
615 [ 0.  1.  0.  0.] -1 113.91147728
616 [ 0.  1.  0.  0.] -1 113.823277283
617 [ 0.  1.  0.  0.] -1 112.872066879
618 [ 0.  1.  0.  0.] 0 113.872066879
619 [ 0.  0.  1.  0.] -2 79.4655368805
620 [ 0.  0.  1.  0.] -1 81.053836441
621 [ 0.  0.  1.  0.] -1 83.7808898926
622 [ 0.  0.  1.  0.] -1 68.9835193634
623 [ 0.  0.  1.  0.] -1 68.5363803864
624 [ 0.  0.  1.  0.] -1 67.1851715088
625 [ 0.  0.  1.  0.] -1 72.5314002991
626 [ 0.  0.  1.  0.] -1 54.8715415955
627 [ 0.  0.  1.  0.] -1 54.4128313065
628 [ 0.  0.  1.  0.] -1 53.9313444138
629 [ 0.  0.  1.  0.] -1 54.2317781448
630 [ 0.  0.  1.  0.] 0 55.2317781448
631 [ 0.  0.  0.  1.] -2 54.3703763962
632 [ 0.  0.  0.  1.] -1 55.4728258133
633 [ 0.  0.  0.  1.] -1 47.9824071884
634 [ 0.  0.  0.  1.] -1 47.3081726074
635 [ 0.  0.  0.  1.] -1 46.5855182648
636 [ 0.  0.  0.  1.] -1 46.6018949509
637 [ 0.  0.  0.  1.] -1 49.8753259659
638 [ 0.  0.  0.  1.] -1 51.0270212173
639 [ 0.  0.  0.  1.] -1 53.1400413513
640 [ 0.  0.  0.  1.] -1 53.4536445618
641 [ 0.  0.  0.  1.] -1 54.1413240433
642 [ 0.  0.  0.  1.] 0 55.1413240433
643 [ 0.  0.  1.  0.] -2 34.6679836273
644 [ 0.  0.  1.  0.] -1 35.8980979919
645 [ 0.  0.  1.  0.] -1 38.6362697601
646 [ 0.  0.  1.  0.] -1 40.8440999985
647 [ 0.  0.  1.  0.] -1 39.4033140182
648 [ 0.  0.  1.  0.] -1 39.1064426422
649 [ 0.  0.  1.  0.] -1 43.2509147644
650 [ 0.  0.  1.  0.] -1 38.949061203
651 [ 0.  0.  1.  0.] -1 38.1343509674
652 [ 0.  0.  1.  0.] -1 37.5973232269
653 [ 0.  0.  1.  0.] -1 46.7906888962
654 [ 0.  0.  1.  0.] 0 47.7906888962
655 [ 0.  0.  0.  1.] -2 45.2531429291
656 [ 0.  0.  0.  1.] -1 47.5261611938
657 [ 0.  0.  0.  1.] -1 40.5478954315
658 [ 0.  0.  0.  1.] -1 40.2876115799
659 [ 0.  0.  0.  1.] -1 42.6972820282
660 [ 0.  0.  0.  1.] -1 46.9770656586
661 [ 0.  0.  0.  1.] -1 49.1755786896
662 [ 0.  0.  0.  1.] -1 49.43925457
663 [ 0.  0.  0.  1.] -1 51.4367753983
664 [ 0.  0.  0.  1.] -1 52.7828889847
665 [ 0.  0.  0.  1.] -1 48.681545639
666 [ 0.  0.  0.  1.] -1 47.799788475
667 [ 0.  0.  0.  1.] -1 48.4088569641
668 [ 0.  0.  0.  1.] -1 48.6809875488
669 [ 0.  0.  0.  1.] -1 48.111123085
670 [ 0.  0.  0.  1.] -1 50.3702577591
671 [ 0.  0.  0.  1.] -1 51.2872398376
672 [ 0.  0.  0.  1.] -1 52.7090036392
673 [ 0.  0.  0.  1.] -1 56.1676263809
674 [ 0.  0.  0.  1.] -1 58.8001995087
675 [ 0.  0.  0.  1.] -1 62.6561607361
676 [ 0.  0.  0.  1.] -1 66.1856464386
677 [ 0.  0.  0.  1.] -1 75.0752189636
678 [ 0.  0.  0.  1.] 0 76.0752189636
679 [ 0.  0.  1.  0.] -2 57.9187719345
680 [ 0.  0.  1.  0.] -1 58.8015766144
681 [ 0.  0.  1.  0.] -1 59.2653459549
682 [ 0.  0.  1.  0.] -1 55.4064891815
683 [ 0.  0.  1.  0.] -1 55.228418541
684 [ 0.  0.  1.  0.] -1 55.2672456741
685 [ 0.  0.  1.  0.] -1 56.4767213821
686 [ 0.  0.  1.  0.] -1 53.2169961929
687 [ 0.  0.  1.  0.] -1 53.2905408859
688 [ 0.  0.  1.  0.] -1 52.5939899445
689 [ 0.  0.  1.  0.] -1 54.3084321976
690 [ 0.  0.  1.  0.] 0 55.3084321976
691 [ 0.  0.  0.  1.] -2 58.0577472687
692 [ 0.  0.  0.  1.] -1 60.7801151276
693 [ 0.  0.  0.  1.] -1 58.2701007843
694 [ 0.  0.  0.  1.] -1 58.9542867661
695 [ 0.  0.  0.  1.] -1 59.4100362778
696 [ 0.  0.  0.  1.] -1 60.0541484833
697 [ 0.  0.  0.  1.] -1 61.0262836456
698 [ 0.  0.  0.  1.] -1 62.4251911163
699 [ 0.  0.  0.  1.] -1 63.3681461334
700 [ 0.  0.  0.  1.] -1 64.3921401978
701 [ 0.  0.  0.  1.] -1 66.7542461395
702 [ 0.  0.  0.  1.] -1 68.572177887
703 [ 0.  0.  0.  1.] -1 70.87940979
704 [ 0.  0.  0.  1.] -1 73.4472988129
705 [ 0.  0.  0.  1.] -1 81.2055355072
706 [ 0.  0.  0.  1.] -1 83.8816432953
707 [ 0.  0.  0.  1.] -1 86.1164394379
708 [ 0.  0.  0.  1.] -1 89.9873386383
709 [ 0.  0.  0.  1.] -1 101.344677353
710 [ 0.  0.  0.  1.] -1 108.83023262
711 [ 0.  0.  0.  1.] -1 112.117383957
712 [ 0.  0.  0.  1.] -1 119.395518112
713 [ 0.  0.  0.  1.] -1 154.56096344
714 [ 0.  0.  0.  1.] 0 155.56096344
715 [ 0.  0.  1.  0.] -2 68.6986068726
716 [ 0.  0.  1.  0.] -1 69.838716507
717 [ 0.  0.  1.  0.] -1 65.5100166321
718 [ 0.  0.  1.  0.] -1 51.8524620056
719 [ 0.  0.  1.  0.] -1 50.6872022629
720 [ 0.  0.  1.  0.] -1 49.2805105209
721 [ 0.  0.  1.  0.] -1 51.172505188
722 [ 0.  0.  1.  0.] -1 40.5093328476
723 [ 0.  0.  1.  0.] -1 39.5012298584
724 [ 0.  0.  1.  0.] -1 38.2964689255
725 [ 0.  0.  1.  0.] -1 39.8833114624
726 [ 0.  0.  1.  0.] 0 40.8833114624
727 [ 0.  0.  0.  1.] -2 39.264758873
728 [ 0.  0.  0.  1.] -1 40.3994615555
729 [ 0.  0.  0.  1.] -1 38.9876056671
730 [ 0.  0.  0.  1.] -1 39.1207464218
731 [ 0.  0.  0.  1.] -1 40.5861536026
732 [ 0.  0.  0.  1.] -1 43.670627594
733 [ 0.  0.  0.  1.] -1 56.1747365952
734 [ 0.  0.  0.  1.] -1 59.6724473953
735 [ 0.  0.  0.  1.] -1 60.6437019348
736 [ 0.  0.  0.  1.] -1 63.5697906494
737 [ 0.  0.  0.  1.] -1 71.1200046539
738 [ 0.  0.  0.  1.] -1 92.1472782135
739 [ 0.  0.  0.  1.] -1 88.62733078
740 [ 0.  0.  0.  1.] -1 86.6241783142
741 [ 0.  0.  0.  1.] -1 84.4569763184
742 [ 0.  0.  0.  1.] -1 78.6266658783
743 [ 0.  0.  0.  1.] -1 76.3892677307
744 [ 0.  0.  0.  1.] -1 75.3467697144
745 [ 0.  0.  0.  1.] -1 74.8288402557
746 [ 0.  0.  0.  1.] -1 69.9799423218
747 [ 0.  0.  0.  1.] -1 71.1983547211
748 [ 0.  0.  0.  1.] -1 71.6221118927
749 [ 0.  0.  0.  1.] -1 72.5802440643
750 [ 0.  0.  0.  1.] 9 84.6862663269
751 [ 0.  0.  0.  1.] 0 75.6862663269
752 [ 0.  0.  1.  0.] -2 76.3606273651
753 [ 0.  0.  1.  0.] -1 77.2063770294
754 [ 0.  0.  1.  0.] 9 89.4304534912
755 [ 0.  0.  1.  0.] -1 82.0237319946
756 [ 0.  0.  1.  0.] -1 80.8133430481
757 [ 0.  0.  1.  0.] -1 81.4730056763
758 [ 0.  0.  1.  0.] 9 96.3357978821
759 [ 0.  0.  1.  0.] -1 86.7385940552
760 [ 0.  0.  1.  0.] -1 85.7212680817
761 [ 0.  0.  1.  0.] -1 86.2206863403
762 [ 0.  0.  1.  0.] 9 97.9844326019
763 [ 0.  0.  1.  0.] -1 85.2178852081
764 [ 0.  0.  1.  0.] -1 85.8408370972
765 [ 0.  0.  1.  0.] -1 87.2321414948
766 [ 0.  0.  1.  0.] 9 103.869138718
767 [ 0.  0.  1.  0.] -1 99.6643619537
768 [ 0.  0.  1.  0.] -1 100.780121994
769 [ 0.  0.  1.  0.] -1 101.961584473
770 [ 0.  0.  1.  0.] 9 115.11625824
771 [ 0.  0.  1.  0.] -1 119.526118469
772 [ 0.  0.  1.  0.] -1 118.581047058
773 [ 0.  0.  1.  0.] -1 117.794502258
774 [ 0.  0.  1.  0.] 9 134.451054382
775 [ 0.  0.  1.  0.] -1 129.718875122
776 [ 0.  0.  1.  0.] -1 128.216539764
777 [ 0.  0.  1.  0.] -1 130.109059906
778 [ 0.  0.  1.  0.] 9 142.818667603
779 [ 0.  0.  1.  0.] -1 133.141301727
780 [ 0.  0.  1.  0.] -1 133.267662048
781 [ 0.  0.  1.  0.] -1 133.832927704
782 [ 0.  0.  1.  0.] 9 148.471150208
783 [ 0.  0.  1.  0.] -1 142.962921143
784 [ 0.  0.  1.  0.] -1 144.000621033
785 [ 0.  0.  1.  0.] -1 144.986106873
786 [ 0.  0.  1.  0.] 9 157.568426514
787 [ 0.  0.  1.  0.] 0 148.568426514
788 [ 0.  1.  0.  0.] -2 155.884575653
789 [ 0.  1.  0.  0.] -1 155.349059296
790 [ 0.  1.  0.  0.] -1 156.391818237
791 [ 0.  1.  0.  0.] -1 185.206030273
792 [ 0.  1.  0.  0.] -1 191.932727814
793 [ 0.  1.  0.  0.] -1 191.59500351
794 [ 0.  1.  0.  0.] -1 194.576625824
795 [ 0.  1.  0.  0.] -1 206.673948669
796 [ 0.  1.  0.  0.] -1 207.763108826
797 [ 0.  1.  0.  0.] -1 208.560018158
798 [ 0.  1.  0.  0.] -1 209.001344299
799 [ 0.  1.  0.  0.] -1 97.7013339996
800 [ 0.  1.  0.  0.] -1 97.3785839081
801 [ 0.  1.  0.  0.] -1 95.6964637756
802 [ 0.  1.  0.  0.] -1 93.6797576904
803 [ 0.  1.  0.  0.] -1 92.7001426697
804 [ 0.  1.  0.  0.] -1 90.7528209686
805 [ 0.  1.  0.  0.] -1 87.8406482697
806 [ 0.  1.  0.  0.] -1 85.4912769318
807 [ 0.  1.  0.  0.] -1 84.0346179962
808 [ 0.  1.  0.  0.] -1 84.5420162201
809 [ 0.  1.  0.  0.] -1 83.6824123383
810 [ 0.  1.  0.  0.] -1 83.4323299408
811 [ 0.  1.  0.  0.] 9 92.6493801117
812 [ 0.  1.  0.  0.] 0 83.6493801117
813 [ 0.  0.  1.  0.] -2 93.4237136841
814 [ 0.  0.  1.  0.] -1 94.7567268372
815 [ 0.  0.  1.  0.] 9 103.813503647
816 [ 0.  0.  1.  0.] -1 101.683401871
817 [ 0.  0.  1.  0.] -1 100.816071701
818 [ 0.  0.  1.  0.] -1 102.13877449
819 [ 0.  0.  1.  0.] 9 111.995475769
820 [ 0.  0.  1.  0.] -1 102.784941483
821 [ 0.  0.  1.  0.] -1 102.945316315
822 [ 0.  0.  1.  0.] -1 104.154270172
823 [ 0.  0.  1.  0.] 9 114.399105072
824 [ 0.  0.  1.  0.] -1 107.049504471
825 [ 0.  0.  1.  0.] -1 108.184036636
826 [ 0.  0.  1.  0.] -1 108.929333496
827 [ 0.  0.  1.  0.] 9 118.838248825
828 [ 0.  0.  1.  0.] 0 109.838248825
829 [ 0.  1.  0.  0.] -2 108.917972183
830 [ 0.  1.  0.  0.] -1 109.894452667
831 [ 0.  1.  0.  0.] 9 121.991400528
832 [ 0.  1.  0.  0.] -1 119.055148315
833 [ 0.  1.  0.  0.] -1 119.531706619
834 [ 0.  1.  0.  0.] -1 120.43287735
835 [ 0.  1.  0.  0.] 9 133.17376709
836 [ 0.  1.  0.  0.] -1 128.754190826
837 [ 0.  1.  0.  0.] -1 129.926368713
838 [ 0.  1.  0.  0.] -1 130.475094604
839 [ 0.  1.  0.  0.] 9 139.335329437
840 [ 0.  1.  0.  0.] 0 130.335329437
841 [ 0.  0.  1.  0.] -2 113.531319809
842 [ 0.  0.  1.  0.] -1 114.789382172
843 [ 0.  0.  1.  0.] 9 126.797390747
844 [ 0.  0.  1.  0.] -1 124.247576141
845 [ 0.  0.  1.  0.] -1 124.474305725
846 [ 0.  0.  1.  0.] -1 126.537021637
847 [ 0.  0.  1.  0.] 9 137.29914093
848 [ 0.  0.  1.  0.] -1 140.214305115
849 [ 0.  0.  1.  0.] -1 138.208905792
850 [ 0.  0.  1.  0.] -1 141.167711639
851 [ 0.  0.  1.  0.] 9 158.279317474
852 [ 0.  0.  1.  0.] 0 149.279317474
853 [ 0.  0.  0.  1.] -2 130.283397675
854 [ 0.  0.  0.  1.] -1 138.950484467
855 [ 0.  0.  0.  1.] 9 144.249596405
856 [ 0.  0.  0.  1.] -1 137.264907074
857 [ 0.  0.  0.  1.] -1 137.568551636
858 [ 0.  0.  0.  1.] -1 142.32297287
859 [ 0.  0.  0.  1.] 9 148.657523346
860 [ 0.  0.  0.  1.] -1 140.133621216
861 [ 0.  0.  0.  1.] -1 144.448078918
862 [ 0.  0.  0.  1.] -1 151.186373138
863 [ 0.  0.  0.  1.] 9 173.210317993
864 [ 0.  0.  0.  1.] -1 169.992462158
865 [ 0.  0.  0.  1.] -1 172.471194458
866 [ 0.  0.  0.  1.] -1 185.414813995
867 [ 0.  0.  0.  1.] 9 214.806651306
868 [ 0.  0.  0.  1.] -1 215.308213043
869 [ 0.  0.  0.  1.] -1 224.256660461
870 [ 0.  0.  0.  1.] -1 238.455823517
871 [ 0.  0.  0.  1.] 9 263.979414368
872 [ 0.  0.  0.  1.] 0 254.979414368
873 [ 1.  0.  0.  0.] -2 240.973110962
874 [ 1.  0.  0.  0.] -1 241.539511108
875 [ 1.  0.  0.  0.] 49 440.743000793
876 [ 1.  0.  0.  0.] -1 414.532023621
877 [ 1.  0.  0.  0.] -1 404.062599182
878 [ 1.  0.  0.  0.] -1 386.100270081
879 [ 1.  0.  0.  0.] 9 354.466015625
880 [ 1.  0.  0.  0.] -1 348.419758606
881 [ 1.  0.  0.  0.] -1 333.903382874
882 [ 1.  0.  0.  0.] -1 330.943881226
883 [ 1.  0.  0.  0.] 9 240.528942108
884 [ 1.  0.  0.  0.] 0 231.528942108
885 [ 0.  1.  0.  0.] -2 235.546096802
886 [ 0.  1.  0.  0.] -1 236.975623322
887 [ 0.  1.  0.  0.] 9 267.247909546
888 [ 0.  1.  0.  0.] -1 287.750743103
889 [ 0.  1.  0.  0.] -1 265.043284607
890 [ 0.  1.  0.  0.] -1 274.84737854
891 [ 0.  1.  0.  0.] -1 261.316894531
892 [ 0.  1.  0.  0.] -1 276.939332581
893 [ 0.  1.  0.  0.] -1 278.658598328
894 [ 0.  1.  0.  0.] -1 279.688789368
895 [ 0.  1.  0.  0.] -1 279.183174133
896 [ 0.  1.  0.  0.] -1 322.099499512
897 [ 0.  1.  0.  0.] -1 312.981175232
898 [ 0.  1.  0.  0.] -1 325.346192932
899 [ 0.  1.  0.  0.] -1 334.924702454
900 [ 0.  1.  0.  0.] -1 296.779425049
901 [ 0.  1.  0.  0.] -1 306.12742157
902 [ 0.  1.  0.  0.] -1 293.609385681
903 [ 0.  1.  0.  0.] -1 282.734947205
904 [ 0.  1.  0.  0.] 0 283.734947205
905 [ 0.  0.  1.  0.] -2 168.145948029
906 [ 0.  0.  1.  0.] -1 168.883906555
907 [ 0.  0.  1.  0.] -1 177.9932724
908 [ 0.  0.  1.  0.] -1 207.459507751
909 [ 0.  0.  1.  0.] -1 205.627000427
910 [ 0.  0.  1.  0.] -1 205.117094421
911 [ 0.  0.  1.  0.] -1 209.227957916
912 [ 0.  0.  1.  0.] -1 333.775471497
913 [ 0.  0.  1.  0.] -1 324.786711121
914 [ 0.  0.  1.  0.] -1 344.865376282
915 [ 0.  0.  1.  0.] -1 415.005197144
916 [ 0.  0.  1.  0.] 0 416.005197144
917 [ 0.  0.  0.  1.] -2 310.516021729
918 [ 0.  0.  0.  1.] -1 352.083207703
919 [ 0.  0.  0.  1.] -1 343.406340027
920 [ 0.  0.  0.  1.] -1 357.091204834
921 [ 0.  0.  0.  1.] -1 351.081312561
922 [ 0.  0.  0.  1.] -1 374.516346741
923 [ 0.  0.  0.  1.] -1 315.053153992
924 [ 0.  0.  0.  1.] -1 320.591496277
925 [ 0.  0.  0.  1.] -1 333.789068604
926 [ 0.  0.  0.  1.] -1 360.903526306
927 [ 0.  0.  0.  1.] -1 350.281373596
928 [ 0.  0.  0.  1.] -1 356.866374207
929 [ 0.  0.  0.  1.] -1 361.915829468
930 [ 0.  0.  0.  1.] -1 381.873251343
931 [ 0.  0.  0.  1.] -1 396.206167603
932 [ 0.  0.  0.  1.] -1 402.476173401
933 [ 0.  0.  0.  1.] -1 440.093077087
934 [ 0.  0.  0.  1.] -1 461.146791077
935 [ 0.  0.  0.  1.] -1 397.449302673
936 [ 0.  0.  0.  1.] 0 398.449302673
937 [ 1.  0.  0.  0.] -2 367.17719574
938 [ 1.  0.  0.  0.] -1 367.866984558
939 [ 1.  0.  0.  0.] -1 375.472232056
940 [ 1.  0.  0.  0.] -1 394.957263184
941 [ 1.  0.  0.  0.] -1 388.112612915
942 [ 1.  0.  0.  0.] -1 380.676908875
943 [ 1.  0.  0.  0.] -1 360.81675415
944 [ 1.  0.  0.  0.] -1 361.916438293
945 [ 1.  0.  0.  0.] -1 349.807417297
946 [ 1.  0.  0.  0.] -1 347.523364258
947 [ 1.  0.  0.  0.] -1 253.007467651
948 [ 1.  0.  0.  0.] 0 254.007467651
949 [ 0.  1.  0.  0.] -2 256.853198242
950 [ 0.  1.  0.  0.] -1 257.866331482
951 [ 0.  1.  0.  0.] -1 257.247909546
952 [ 0.  1.  0.  0.] -1 287.750743103
953 [ 0.  1.  0.  0.] -1 265.043284607
954 [ 0.  1.  0.  0.] -1 274.84737854
955 [ 0.  1.  0.  0.] -1 261.316894531
956 [ 0.  1.  0.  0.] 0 262.316894531
957 [ 1.  0.  0.  0.] -2 265.403720093
958 [ 1.  0.  0.  0.] -1 280.526620483
959 [ 1.  0.  0.  0.] -1 187.873701477
960 [ 1.  0.  0.  0.] -1 184.900298309
961 [ 1.  0.  0.  0.] -1 181.701180267
962 [ 1.  0.  0.  0.] -1 189.11242981
963 [ 1.  0.  0.  0.] -1 216.545230865
964 [ 1.  0.  0.  0.] -1 220.499075317
965 [ 1.  0.  0.  0.] -1 217.111873627
966 [ 1.  0.  0.  0.] -1 247.073214722
967 [ 1.  0.  0.  0.] -1 222.034055328
968 [ 1.  0.  0.  0.] -1 213.386585236
969 [ 1.  0.  0.  0.] -1 219.669869232
970 [ 1.  0.  0.  0.] -1 228.815358734
971 [ 1.  0.  0.  0.] -1 257.76819458
972 [ 1.  0.  0.  0.] 0 258.76819458
973 [ 0.  0.  0.  1.] -2 116.230671692
974 [ 0.  0.  0.  1.] -1 121.015813446
975 [ 0.  0.  0.  1.] -1 122.717945099
976 [ 0.  0.  0.  1.] -1 128.924922943
977 [ 0.  0.  0.  1.] -1 135.652214813
978 [ 0.  0.  0.  1.] -1 141.081925201
979 [ 0.  0.  0.  1.] -1 151.822016144
980 [ 0.  0.  0.  1.] -1 156.781858063
981 [ 0.  0.  0.  1.] -1 160.470558929
982 [ 0.  0.  0.  1.] -1 163.169526672
983 [ 0.  0.  0.  1.] -1 164.722467041
984 [ 0.  0.  0.  1.] -1 290.559661865
985 [ 0.  0.  0.  1.] -1 275.331278992
986 [ 0.  0.  0.  1.] -1 272.03901062
987 [ 0.  0.  0.  1.] -1 266.383164978
988 [ 0.  0.  0.  1.] -1 232.59413681
989 [ 0.  0.  0.  1.] -1 228.466791534
990 [ 0.  0.  0.  1.] -1 230.682221222
991 [ 0.  0.  0.  1.] -1 223.263680267
992 [ 0.  0.  0.  1.] -1 198.223680115
993 [ 0.  0.  0.  1.] -1 200.893148804
994 [ 0.  0.  0.  1.] -1 206.899446106
995 [ 0.  0.  0.  1.] -1 200.769644165
996 [ 0.  0.  0.  1.] -1 176.03885498
997 [ 0.  0.  0.  1.] 0 177.03885498
998 [ 1.  0.  0.  0.] -2 213.22431488
999 [ 1.  0.  0.  0.] -1 217.463731384
1000 [ 1.  0.  0.  0.] -1 193.496250153
1001 [ 1.  0.  0.  0.] -1 195.75544281
1002 [ 1.  0.  0.  0.] -1 198.671674347
1003 [ 1.  0.  0.  0.] -1 210.936206818
1004 [ 1.  0.  0.  0.] -1 195.67755661
1005 [ 1.  0.  0.  0.] -1 199.070846558
1006 [ 1.  0.  0.  0.] -1 198.009185028
1007 [ 1.  0.  0.  0.] -1 206.683385468
1008 [ 1.  0.  0.  0.] -1 205.688114929
1009 [ 1.  0.  0.  0.] -1 195.39356842
1010 [ 1.  0.  0.  0.] -1 196.306632996
1011 [ 1.  0.  0.  0.] -1 201.373280334
1012 [ 1.  0.  0.  0.] -1 128.547740936
1013 [ 1.  0.  0.  0.] -1 127.60803299
1014 [ 1.  0.  0.  0.] -1 127.311607361
1015 [ 1.  0.  0.  0.] -1 127.149065399
1016 [ 1.  0.  0.  0.] -1 122.243379974
1017 [ 1.  0.  0.  0.] -1 120.270777512
1018 [ 1.  0.  0.  0.] -1 119.231852722
1019 [ 1.  0.  0.  0.] -1 122.878993988
1020 [ 1.  0.  0.  0.] -1 129.783686066
1021 [ 1.  0.  0.  0.] -1 131.006468964
1022 [ 1.  0.  0.  0.] -1 131.475873566
1023 [ 1.  0.  0.  0.] -1 134.2789505
1024 [ 1.  0.  0.  0.] -1 174.511586761
1025 [ 1.  0.  0.  0.] -1 168.620560455
1026 [ 1.  0.  0.  0.] -1 165.836487579
1027 [ 1.  0.  0.  0.] -1 181.023542786
1028 [ 1.  0.  0.  0.] -1 142.146848297
1029 [ 1.  0.  0.  0.] -1 147.438413239
1030 [ 1.  0.  0.  0.] -1 147.411074066
1031 [ 1.  0.  0.  0.] -1 145.642928314
1032 [ 1.  0.  0.  0.] -1 173.94536438
1033 [ 1.  0.  0.  0.] -1 178.612839508
1034 [ 1.  0.  0.  0.] -1 183.894663239
1035 [ 1.  0.  0.  0.] -1 192.387390137
1036 [ 1.  0.  0.  0.] 9 188.814752197
1037 [ 1.  0.  0.  0.] -1 184.433488464
1038 [ 1.  0.  0.  0.] -1 184.989694214
1039 [ 1.  0.  0.  0.] -1 186.562624359
1040 [ 1.  0.  0.  0.] 9 133.752238464
1041 [ 1.  0.  0.  0.] -1 122.872499847
1042 [ 1.  0.  0.  0.] -1 119.209239197
1043 [ 1.  0.  0.  0.] -1 121.884970093
1044 [ 1.  0.  0.  0.] 9 169.012580872
1045 [ 1.  0.  0.  0.] 0 160.012580872
1046 [ 0.  0.  0.  1.] -2 86.3080780029
1047 [ 0.  0.  0.  1.] -1 88.8845668793
1048 [ 0.  0.  0.  1.] 9 78.4903560638
1049 [ 0.  0.  0.  1.] -1 66.6206668854
1050 [ 0.  0.  0.  1.] -1 66.1189945221
1051 [ 0.  0.  0.  1.] -1 68.7222679138
1052 [ 0.  0.  0.  1.] 9 75.743189621
1053 [ 0.  0.  0.  1.] -1 66.6806362152
1054 [ 0.  0.  0.  1.] -1 68.4791000366
1055 [ 0.  0.  0.  1.] -1 69.7460010529
1056 [ 0.  0.  0.  1.] 9 63.6618738174
1057 [ 0.  0.  0.  1.] -1 51.972813797
1058 [ 0.  0.  0.  1.] -1 51.552466774
1059 [ 0.  0.  0.  1.] -1 53.1883342743
1060 [ 0.  0.  0.  1.] 9 58.766951561
1061 [ 0.  0.  0.  1.] -1 48.6130527496
1062 [ 0.  0.  0.  1.] -1 49.6143281937
1063 [ 0.  0.  0.  1.] -1 50.3245559692
1064 [ 0.  0.  0.  1.] 9 61.9788766861
1065 [ 0.  0.  0.  1.] -1 54.073588562
1066 [ 0.  0.  0.  1.] -1 54.9007724762
1067 [ 0.  0.  0.  1.] -1 59.0135059357
1068 [ 0.  0.  0.  1.] 9 68.5718790054
1069 [ 0.  0.  0.  1.] -1 59.4718719482
1070 [ 0.  0.  0.  1.] -1 61.4904842377
1071 [ 0.  0.  0.  1.] -1 63.3926223755
1072 [ 0.  0.  0.  1.] -1 54.065007019
1073 [ 0.  0.  0.  1.] -1 54.8522403717
1074 [ 0.  0.  0.  1.] -1 47.3960935593
1075 [ 0.  0.  0.  1.] -1 49.5073307037
1076 [ 0.  0.  0.  1.] -1 52.4136651993
1077 [ 0.  0.  0.  1.] -1 55.3041992188
1078 [ 0.  0.  0.  1.] -1 57.708379364
1079 [ 0.  0.  0.  1.] -1 56.4057786942
1080 [ 0.  0.  0.  1.] -1 48.6412145615
1081 [ 0.  0.  0.  1.] 0 49.6412145615
1082 [ 0.  0.  1.  0.] -2 60.4456775665
1083 [ 0.  0.  1.  0.] -1 62.3164432526
1084 [ 0.  0.  1.  0.] -1 68.3854133606
1085 [ 0.  0.  1.  0.] -1 72.283108139
1086 [ 0.  0.  1.  0.] -1 69.2479961395
1087 [ 0.  0.  1.  0.] -1 69.3868083954
1088 [ 0.  0.  1.  0.] -1 73.4707530975
1089 [ 0.  0.  1.  0.] -1 66.5150138855
1090 [ 0.  0.  1.  0.] -1 66.5540657043
1091 [ 0.  0.  1.  0.] -1 67.56289711
1092 [ 0.  0.  1.  0.] -1 73.6663963318
1093 [ 0.  0.  1.  0.] 0 74.6663963318
1094 [ 0.  1.  0.  0.] -2 79.0346912384
1095 [ 0.  1.  0.  0.] -1 80.2141208649
1096 [ 0.  1.  0.  0.] -1 78.385628891
1097 [ 0.  1.  0.  0.] -1 81.4131885529
1098 [ 0.  1.  0.  0.] -1 77.2563587189
1099 [ 0.  1.  0.  0.] -1 80.0237831116
1100 [ 0.  1.  0.  0.] -1 77.9391204834
1101 [ 0.  1.  0.  0.] -1 79.7050918579
1102 [ 0.  1.  0.  0.] -1 78.0440776825
1103 [ 0.  1.  0.  0.] -1 77.4624969482
1104 [ 0.  1.  0.  0.] -1 75.3358470917
1105 [ 0.  1.  0.  0.] 0 76.3358470917
1106 [ 0.  0.  1.  0.] -2 69.3793392181
1107 [ 0.  0.  1.  0.] -1 70.2653800964
1108 [ 0.  0.  1.  0.] -1 72.5234275818
1109 [ 0.  0.  1.  0.] -1 96.523633194
1110 [ 0.  0.  1.  0.] -1 95.2955303192
1111 [ 0.  0.  1.  0.] -1 95.6761188507
1112 [ 0.  0.  1.  0.] -1 99.8746315002
1113 [ 0.  0.  1.  0.] -1 110.072737122
1114 [ 0.  0.  1.  0.] -1 108.318797302
1115 [ 0.  0.  1.  0.] -1 110.954338455
1116 [ 0.  0.  1.  0.] -1 112.124450684
1117 [ 0.  0.  1.  0.] -1 117.754022598
1118 [ 0.  0.  1.  0.] -1 119.4514431
1119 [ 0.  0.  1.  0.] -1 122.555678558
1120 [ 0.  0.  1.  0.] -1 126.995380402
1121 [ 0.  0.  1.  0.] -1 136.499511719
1122 [ 0.  0.  1.  0.] -1 140.156640625
1123 [ 0.  0.  1.  0.] -1 140.548086548
1124 [ 0.  0.  1.  0.] -1 144.019480133
1125 [ 0.  0.  1.  0.] -1 170.55903244
1126 [ 0.  0.  1.  0.] -1 169.970370483
1127 [ 0.  0.  1.  0.] -1 171.565058899
1128 [ 0.  0.  1.  0.] -1 172.228316498
1129 [ 0.  0.  1.  0.] 0 173.228316498
1130 [ 0.  0.  0.  1.] -2 195.877363586
1131 [ 0.  0.  0.  1.] -1 204.752320862
1132 [ 0.  0.  0.  1.] -1 212.977787781
1133 [ 0.  0.  0.  1.] -1 218.103201294
1134 [ 0.  0.  0.  1.] -1 223.006147003
1135 [ 0.  0.  0.  1.] -1 228.719642639
1136 [ 0.  0.  0.  1.] -1 231.371687317
1137 [ 0.  0.  0.  1.] -1 233.903401947
1138 [ 0.  0.  0.  1.] -1 237.403497314
1139 [ 0.  0.  0.  1.] -1 241.206570435
1140 [ 0.  0.  0.  1.] -1 194.428492737
1141 [ 0.  0.  0.  1.] -1 191.842056274
1142 [ 0.  0.  0.  1.] -1 191.886746979
1143 [ 0.  0.  0.  1.] -1 190.516628265
1144 [ 0.  0.  0.  1.] 0 191.516628265
1145 [ 0.  1.  0.  0.] -102 -61.3663976669
1146 [ 0.  1.  0.  0.] -1 40.5484100342
1147 [ 0.  1.  0.  0.] -1 44.2549480438
1148 [ 0.  1.  0.  0.] -1 45.2866792679
1149 [ 0.  1.  0.  0.] -1 45.623348999
1150 [ 0.  1.  0.  0.] -1 45.5620206833
1151 [ 0.  1.  0.  0.] -1 43.2297290802
1152 [ 0.  1.  0.  0.] -1 44.0935440063
1153 [ 0.  1.  0.  0.] -1 43.9377861023
1154 [ 0.  1.  0.  0.] 9 56.6591861725
1155 [ 0.  1.  0.  0.] -1 45.4273216248
1156 [ 0.  1.  0.  0.] -1 45.0959609985
1157 [ 0.  1.  0.  0.] -1 46.4106077194
1158 [ 0.  1.  0.  0.] 9 59.1036031723
1159 [ 0.  1.  0.  0.] -1 45.7282337189
1160 [ 0.  1.  0.  0.] -1 45.1362159729
1161 [ 0.  1.  0.  0.] -1 45.1483852386
1162 [ 0.  1.  0.  0.] 9 54.7675937653
1163 [ 0.  1.  0.  0.] -1 43.6258209229
1164 [ 0.  1.  0.  0.] -1 43.7417188644
1165 [ 0.  1.  0.  0.] -1 42.620573616
1166 [ 0.  1.  0.  0.] 9 54.3248470306
1167 [ 0.  1.  0.  0.] -1 46.9921232224
1168 [ 0.  1.  0.  0.] -1 47.2773834229
1169 [ 0.  1.  0.  0.] -1 48.1401184082
1170 [ 0.  1.  0.  0.] 9 58.1029800415
1171 [ 0.  1.  0.  0.] -1 49.5763671875
1172 [ 0.  1.  0.  0.] -1 50.0555202484
1173 [ 0.  1.  0.  0.] -1 50.0528747559
1174 [ 0.  1.  0.  0.] 9 59.8723434448
1175 [ 0.  1.  0.  0.] 0 50.8723434448
1176 [ 1.  0.  0.  0.] -2 51.1897695541
1177 [ 1.  0.  0.  0.] -1 51.5184957504
1178 [ 1.  0.  0.  0.] 9 68.3584747314
1179 [ 1.  0.  0.  0.] -1 58.9203302383
1180 [ 1.  0.  0.  0.] -1 59.258688736
1181 [ 1.  0.  0.  0.] -1 59.5891868591
1182 [ 1.  0.  0.  0.] 9 69.575897789
1183 [ 1.  0.  0.  0.] -1 60.5524940491
1184 [ 1.  0.  0.  0.] -1 60.730532074
1185 [ 1.  0.  0.  0.] -1 61.1635520935
1186 [ 1.  0.  0.  0.] 9 71.0554420471
1187 [ 1.  0.  0.  0.] -1 61.7761901855
1188 [ 1.  0.  0.  0.] -1 62.4823192596
1189 [ 1.  0.  0.  0.] -1 63.264957428
1190 [ 1.  0.  0.  0.] 9 78.9522518158
1191 [ 1.  0.  0.  0.] -1 69.4428638458
1192 [ 1.  0.  0.  0.] -1 70.5494552612
1193 [ 1.  0.  0.  0.] -1 72.0640106201
1194 [ 1.  0.  0.  0.] 9 91.4163776398
1195 [ 1.  0.  0.  0.] -1 85.5945308685
1196 [ 1.  0.  0.  0.] -1 84.8415222168
1197 [ 1.  0.  0.  0.] -1 86.2044364929
1198 [ 1.  0.  0.  0.] 9 94.832824707
1199 [ 1.  0.  0.  0.] 0 85.832824707
1200 [ 0.  0.  0.  1.] -2 56.9863771439
1201 [ 0.  0.  0.  1.] -1 57.4992876053
1202 [ 0.  0.  0.  1.] 9 64.9562843323
1203 [ 0.  0.  0.  1.] -1 54.6853242874
1204 [ 0.  0.  0.  1.] -1 54.4596746445
1205 [ 0.  0.  0.  1.] -1 54.2827383041
1206 [ 0.  0.  0.  1.] 9 63.0484638214
1207 [ 0.  0.  0.  1.] -1 53.0021821976
1208 [ 0.  0.  0.  1.] -1 52.4541303635
1209 [ 0.  0.  0.  1.] -1 51.8916442871
1210 [ 0.  0.  0.  1.] -1 50.0085790634
1211 [ 0.  0.  0.  1.] 0 51.0085790634
1212 [ 0.  0.  1.  0.] -2 44.525994873
1213 [ 0.  0.  1.  0.] -1 45.6003332138
1214 [ 0.  0.  1.  0.] -1 46.3628583908
1215 [ 0.  0.  1.  0.] -1 42.968245697
1216 [ 0.  0.  1.  0.] -1 42.8321151733
1217 [ 0.  0.  1.  0.] -1 42.6917917252
1218 [ 0.  0.  1.  0.] -1 43.6196529388
1219 [ 0.  0.  1.  0.] -1 40.947951889
1220 [ 0.  0.  1.  0.] -1 41.0397323608
1221 [ 0.  0.  1.  0.] -1 40.8327823639
1222 [ 0.  0.  1.  0.] -1 41.415145874
1223 [ 0.  0.  1.  0.] 0 42.415145874
1224 [ 0.  0.  0.  1.] -2 40.3978233337
1225 [ 0.  0.  0.  1.] -1 41.1177055359
1226 [ 0.  0.  0.  1.] -1 39.0574684143
1227 [ 0.  0.  0.  1.] -1 38.9550588608
1228 [ 0.  0.  0.  1.] -1 38.6961122513
1229 [ 0.  0.  0.  1.] -1 38.6803081512
1230 [ 0.  0.  0.  1.] -1 39.1700613022
1231 [ 0.  0.  0.  1.] -1 39.4667043686
1232 [ 0.  0.  0.  1.] -1 39.8367326736
1233 [ 0.  0.  0.  1.] -1 39.6677799225
1234 [ 0.  0.  0.  1.] -1 38.6256914139
1235 [ 0.  0.  0.  1.] 0 39.6256914139
1236 [ 0.  0.  1.  0.] -2 32.26052742
1237 [ 0.  0.  1.  0.] -1 33.1455137253
1238 [ 0.  0.  1.  0.] -1 33.5403987885
1239 [ 0.  0.  1.  0.] -1 33.4723371506
1240 [ 0.  0.  1.  0.] -1 33.0206754684
1241 [ 0.  0.  1.  0.] -1 33.0281770706
1242 [ 0.  0.  1.  0.] -1 33.6650920868
1243 [ 0.  0.  1.  0.] -1 30.5186048508
1244 [ 0.  0.  1.  0.] -1 29.919527626
1245 [ 0.  0.  1.  0.] -1 29.4583095551
1246 [ 0.  0.  1.  0.] -1 36.5101961136
1247 [ 0.  0.  1.  0.] 0 37.5101961136
1248 [ 0.  1.  0.  0.] -2 53.8369726181
1249 [ 0.  1.  0.  0.] -1 55.2972991943
1250 [ 0.  1.  0.  0.] -1 55.0204574585
1251 [ 0.  1.  0.  0.] -1 55.1020111084
1252 [ 0.  1.  0.  0.] -1 55.3951969147
1253 [ 0.  1.  0.  0.] -1 57.6063611984
1254 [ 0.  1.  0.  0.] -1 59.0197935104
1255 [ 0.  1.  0.  0.] -1 59.1109869003
1256 [ 0.  1.  0.  0.] -1 56.754719162
1257 [ 0.  1.  0.  0.] -1 57.6376106262
1258 [ 0.  1.  0.  0.] -1 55.9927448273
1259 [ 0.  1.  0.  0.] -1 54.6505016327
1260 [ 0.  1.  0.  0.] -1 54.9189538956
1261 [ 0.  1.  0.  0.] -1 54.2156333923
1262 [ 0.  1.  0.  0.] -1 54.8796556473
1263 [ 0.  1.  0.  0.] -1 60.7681488037
1264 [ 0.  1.  0.  0.] -1 62.6837100983
1265 [ 0.  1.  0.  0.] -1 64.6806510925
1266 [ 0.  1.  0.  0.] -1 64.0578804016
1267 [ 0.  1.  0.  0.] -1 67.9470733643
1268 [ 0.  1.  0.  0.] -1 67.2964923859
1269 [ 0.  1.  0.  0.] -1 69.090737915
1270 [ 0.  1.  0.  0.] -1 67.9575683594
1271 [ 0.  1.  0.  0.] 0 68.9575683594
1272 [ 1.  0.  0.  0.] -2 67.8696689606
1273 [ 1.  0.  0.  0.] -1 68.5077148437
1274 [ 1.  0.  0.  0.] -1 89.1111587524
1275 [ 1.  0.  0.  0.] -1 89.7691036224
1276 [ 1.  0.  0.  0.] -1 90.6211986542
1277 [ 1.  0.  0.  0.] -1 92.0042186737
1278 [ 1.  0.  0.  0.] -1 93.7250789642
1279 [ 1.  0.  0.  0.] -1 93.1925884247
1280 [ 1.  0.  0.  0.] -1 93.745249939
1281 [ 1.  0.  0.  0.] -1 95.1247257233
1282 [ 1.  0.  0.  0.] -1 94.9874790192
1283 [ 1.  0.  0.  0.] -1 96.1150749207
1284 [ 1.  0.  0.  0.] -1 97.2117656708
1285 [ 1.  0.  0.  0.] -1 98.1221050262
1286 [ 1.  0.  0.  0.] -1 110.61501236
1287 [ 1.  0.  0.  0.] -1 109.765671539
1288 [ 1.  0.  0.  0.] -1 111.376906967
1289 [ 1.  0.  0.  0.] -1 115.704121017
1290 [ 1.  0.  0.  0.] -1 195.520291138
1291 [ 1.  0.  0.  0.] -1 225.054613495
1292 [ 1.  0.  0.  0.] -1 225.332382965
1293 [ 1.  0.  0.  0.] -1 237.792783356
1294 [ 1.  0.  0.  0.] -1 246.61131897
1295 [ 1.  0.  0.  0.] 0 247.61131897
1296 [ 0.  1.  0.  0.] -2 119.262833786
1297 [ 0.  1.  0.  0.] -1 120.994055176
1298 [ 0.  1.  0.  0.] 9 130.070502853
1299 [ 0.  1.  0.  0.] -1 121.123937988
1300 [ 0.  1.  0.  0.] -1 122.140401459
1301 [ 0.  1.  0.  0.] -1 123.778548431
1302 [ 0.  1.  0.  0.] 9 133.907474518
1303 [ 0.  1.  0.  0.] -1 130.511116791
1304 [ 0.  1.  0.  0.] -1 132.351060486
1305 [ 0.  1.  0.  0.] -1 133.233045959
1306 [ 0.  1.  0.  0.] 9 142.603157806
1307 [ 0.  1.  0.  0.] -1 137.031799316
1308 [ 0.  1.  0.  0.] -1 138.271774292
1309 [ 0.  1.  0.  0.] -1 140.630335999
1310 [ 0.  1.  0.  0.] 9 154.634568024
1311 [ 0.  1.  0.  0.] -1 175.037148285
1312 [ 0.  1.  0.  0.] -1 185.322301483
1313 [ 0.  1.  0.  0.] -1 191.337760162
1314 [ 0.  1.  0.  0.] 9 196.408069611
1315 [ 0.  1.  0.  0.] 0 187.408069611
1316 [ 0.  0.  1.  0.] -2 137.151473236
1317 [ 0.  0.  1.  0.] -1 138.22644577
1318 [ 0.  0.  1.  0.] 9 149.271234131
1319 [ 0.  0.  1.  0.] -1 127.469278717
1320 [ 0.  0.  1.  0.] -1 127.081282806
1321 [ 0.  0.  1.  0.] -1 126.389787292
1322 [ 0.  0.  1.  0.] 49 265.796563721
1323 [ 0.  0.  1.  0.] -1 189.946216583
1324 [ 0.  0.  1.  0.] -1 188.759586334
1325 [ 0.  0.  1.  0.] -1 190.095088959
1326 [ 0.  0.  1.  0.] 9 205.25169754
1327 [ 0.  0.  1.  0.] -1 169.71975174
1328 [ 0.  0.  1.  0.] -1 167.460269165
1329 [ 0.  0.  1.  0.] -1 169.415498352
1330 [ 0.  0.  1.  0.] 9 186.711694336
1331 [ 0.  0.  1.  0.] -1 173.016658783
1332 [ 0.  0.  1.  0.] -1 171.158247375
1333 [ 0.  0.  1.  0.] -1 175.844277191
1334 [ 0.  0.  1.  0.] 9 189.361999512
1335 [ 0.  0.  1.  0.] -1 117.807584763
1336 [ 0.  0.  1.  0.] -1 116.449446869
1337 [ 0.  0.  1.  0.] -1 116.606552887
1338 [ 0.  0.  1.  0.] 9 128.252716064
1339 [ 0.  0.  1.  0.] 0 119.252716064
1340 [ 0.  0.  0.  1.] -2 113.24837532
1341 [ 0.  0.  0.  1.] -1 112.704306412
1342 [ 0.  0.  0.  1.] 9 112.789377213
1343 [ 0.  0.  0.  1.] -1 100.753761292
1344 [ 0.  0.  0.  1.] -1 100.640990829
1345 [ 0.  0.  0.  1.] -1 99.471465683
1346 [ 0.  0.  0.  1.] 9 102.583327866
1347 [ 0.  0.  0.  1.] 0 93.5833278656
1348 [ 0.  0.  1.  0.] -2 85.7964035034
1349 [ 0.  0.  1.  0.] -1 89.4463970184
1350 [ 0.  0.  1.  0.] 9 99.5173034668
1351 [ 0.  0.  1.  0.] -1 84.4841125488
1352 [ 0.  0.  1.  0.] -1 84.1400173187
1353 [ 0.  0.  1.  0.] -1 83.740265274
1354 [ 0.  0.  1.  0.] 9 98.4203952789
1355 [ 0.  0.  1.  0.] -1 78.8423496246
1356 [ 0.  0.  1.  0.] -1 78.642886734
1357 [ 0.  0.  1.  0.] -1 78.2176074982
1358 [ 0.  0.  1.  0.] -1 82.3290290833
1359 [ 0.  0.  1.  0.] 0 83.3290290833
1360 [ 0.  0.  0.  1.] -2 82.963218689
1361 [ 0.  0.  0.  1.] -1 84.3659351349
1362 [ 0.  0.  0.  1.] -1 71.0009357452
1363 [ 0.  0.  0.  1.] -1 70.0464782715
1364 [ 0.  0.  0.  1.] -1 68.8910865784
1365 [ 0.  0.  0.  1.] -1 70.0841747284
1366 [ 0.  0.  0.  1.] -1 67.9745140076
1367 [ 0.  0.  0.  1.] -1 69.5673034668
1368 [ 0.  0.  0.  1.] -1 70.4910442352
1369 [ 0.  0.  0.  1.] -1 68.8032417297
1370 [ 0.  0.  0.  1.] -1 53.0571540833
1371 [ 0.  0.  0.  1.] -1 51.4400115967
1372 [ 0.  0.  0.  1.] -1 50.982326889
1373 [ 0.  0.  0.  1.] -1 51.7309324265
1374 [ 0.  0.  0.  1.] -1 46.2197807312
1375 [ 0.  0.  0.  1.] -1 46.2756912231
1376 [ 0.  0.  0.  1.] -1 47.5950780869
1377 [ 0.  0.  0.  1.] -1 47.3261800766
1378 [ 0.  0.  0.  1.] -1 47.2612785339
1379 [ 0.  0.  0.  1.] -1 49.564948082
1380 [ 0.  0.  0.  1.] -1 51.4474443436
1381 [ 0.  0.  0.  1.] -1 52.8143703461
1382 [ 0.  0.  0.  1.] -1 50.1180480957
1383 [ 0.  0.  0.  1.] 0 51.1180480957
1384 [ 1.  0.  0.  0.] -2 111.952518845
1385 [ 1.  0.  0.  0.] -1 112.349926376
1386 [ 1.  0.  0.  0.] 9 147.580989075
1387 [ 1.  0.  0.  0.] -1 144.391472626
1388 [ 1.  0.  0.  0.] -1 148.360001373
1389 [ 1.  0.  0.  0.] -1 159.95486908
1390 [ 1.  0.  0.  0.] 9 135.105208588
1391 [ 1.  0.  0.  0.] -1 131.828412628
1392 [ 1.  0.  0.  0.] -1 137.23020401
1393 [ 1.  0.  0.  0.] -1 136.614289856
1394 [ 1.  0.  0.  0.] -1 134.260526276
1395 [ 1.  0.  0.  0.] 0 135.260526276
1396 [ 0.  0.  0.  1.] -2 59.5068683624
1397 [ 0.  0.  0.  1.] -1 63.1963123322
1398 [ 0.  0.  0.  1.] -1 45.7012678146
1399 [ 0.  0.  0.  1.] -1 46.7144407272
1400 [ 0.  0.  0.  1.] -1 46.204857254
1401 [ 0.  0.  0.  1.] -1 47.1181138992
1402 [ 0.  0.  0.  1.] -1 50.4310968399
1403 [ 0.  0.  0.  1.] -1 51.0323883057
1404 [ 0.  0.  0.  1.] -1 53.0410926819
1405 [ 0.  0.  0.  1.] -1 52.6572788239
1406 [ 0.  0.  0.  1.] -1 48.2638694763
1407 [ 0.  0.  0.  1.] -1 49.8813997269
1408 [ 0.  0.  0.  1.] -1 51.4699237823
1409 [ 0.  0.  0.  1.] -1 55.6654647827
1410 [ 0.  0.  0.  1.] -1 40.8035551071
1411 [ 0.  0.  0.  1.] -1 43.2517410278
1412 [ 0.  0.  0.  1.] -1 46.8031517029
1413 [ 0.  0.  0.  1.] -1 56.6006536484
1414 [ 0.  0.  0.  1.] -1 57.6620904922
1415 [ 0.  0.  0.  1.] -1 66.4094478607
1416 [ 0.  0.  0.  1.] -1 70.0530086517
1417 [ 0.  0.  0.  1.] -1 76.7537223816
1418 [ 0.  0.  0.  1.] -1 75.7609306335
1419 [ 0.  0.  0.  1.] -1 78.0923053741
1420 [ 0.  0.  0.  1.] -1 78.8545696259
1421 [ 0.  0.  0.  1.] -1 79.5659606934
1422 [ 0.  0.  0.  1.] -1 78.6826488495
1423 [ 0.  0.  0.  1.] -1 83.5458469391
1424 [ 0.  0.  0.  1.] -1 86.2566143036
1425 [ 0.  0.  0.  1.] -1 88.723242569
1426 [ 0.  0.  0.  1.] -1 100.244717789
1427 [ 0.  0.  0.  1.] -1 110.475801468
1428 [ 0.  0.  0.  1.] -1 119.00902977
1429 [ 0.  0.  0.  1.] -1 128.782805634
1430 [ 0.  0.  0.  1.] -1 150.290080261
1431 [ 0.  0.  0.  1.] -1 161.902806854
1432 [ 0.  0.  0.  1.] -1 167.599255371
1433 [ 0.  0.  0.  1.] -1 174.295004272
1434 [ 0.  0.  0.  1.] -1 170.05825882
1435 [ 0.  0.  0.  1.] -1 175.48886795
1436 [ 0.  0.  0.  1.] -1 175.949705505
1437 [ 0.  0.  0.  1.] -1 179.354911041
1438 [ 0.  0.  0.  1.] -1 186.95019989
1439 [ 0.  0.  0.  1.] -1 202.042843628
1440 [ 0.  0.  0.  1.] -1 209.568161011
1441 [ 0.  0.  0.  1.] -1 219.290048981
1442 [ 0.  0.  0.  1.] -1 226.782054901
1443 [ 0.  0.  0.  1.] 0 227.782054901
1444 [ 1.  0.  0.  0.] -2 388.937698364
1445 [ 1.  0.  0.  0.] -1 383.504875183
1446 [ 1.  0.  0.  0.] 9 550.912667847
1447 [ 1.  0.  0.  0.] -1 545.377737427
1448 [ 1.  0.  0.  0.] -1 560.147674561
1449 [ 1.  0.  0.  0.] -1 568.372561646
1450 [ 1.  0.  0.  0.] 9 586.808392334
1451 [ 1.  0.  0.  0.] -1 582.246075439
1452 [ 1.  0.  0.  0.] -1 593.22244873
1453 [ 1.  0.  0.  0.] -1 596.58838501
1454 [ 1.  0.  0.  0.] 9 566.452856445
1455 [ 1.  0.  0.  0.] -1 560.951208496
1456 [ 1.  0.  0.  0.] -1 586.269891357
1457 [ 1.  0.  0.  0.] -1 594.82522583
1458 [ 1.  0.  0.  0.] 9 724.31451416
1459 [ 1.  0.  0.  0.] -1 759.847833252
1460 [ 1.  0.  0.  0.] -1 803.610629272
1461 [ 1.  0.  0.  0.] -1 924.097695923
1462 [ 1.  0.  0.  0.] 9 1247.43134155
1463 [ 1.  0.  0.  0.] -1 1336.21255493
1464 [ 1.  0.  0.  0.] -1 1346.12319336
1465 [ 1.  0.  0.  0.] -1 1357.18630981
1466 [ 1.  0.  0.  0.] -1 1367.79286499
1467 [ 1.  0.  0.  0.] 0 1368.79286499
1468 [ 0.  0.  0.  1.] -2 629.90406189
1469 [ 0.  0.  0.  1.] -1 644.932043457
1470 [ 0.  0.  0.  1.] -1 699.873226929
1471 [ 0.  0.  0.  1.] -1 729.653210449
1472 [ 0.  0.  0.  1.] -1 751.337609863
1473 [ 0.  0.  0.  1.] -1 769.911605835
1474 [ 0.  0.  0.  1.] -1 816.105761719
1475 [ 0.  0.  0.  1.] -1 836.748373413
1476 [ 0.  0.  0.  1.] -1 853.172750854
1477 [ 0.  0.  0.  1.] -1 865.047460937
1478 [ 0.  0.  0.  1.] -1 992.841943359
1479 [ 0.  0.  0.  1.] -1 1013.30787964
1480 [ 0.  0.  0.  1.] -1 1030.69304199
1481 [ 0.  0.  0.  1.] -1 1037.58668823
1482 [ 0.  0.  0.  1.] -1 1049.42620239
1483 [ 0.  0.  0.  1.] -1 1066.99725952
1484 [ 0.  0.  0.  1.] -1 1085.26550903
1485 [ 0.  0.  0.  1.] -1 1120.06088257
1486 [ 0.  0.  0.  1.] -1 1287.43193359
1487 [ 0.  0.  0.  1.] 0 1288.43193359
1488 [ 0.  0.  1.  0.] -2 1334.03804321
1489 [ 0.  0.  1.  0.] -1 1339.17573853
1490 [ 0.  0.  1.  0.] -1 1278.6161377
1491 [ 0.  0.  1.  0.] -1 1344.91702271
1492 [ 0.  0.  1.  0.] -1 1358.0043396
1493 [ 0.  0.  1.  0.] -1 1370.45615845
1494 [ 0.  0.  1.  0.] -1 1248.06109009
1495 [ 0.  0.  1.  0.] -1 1218.44850464
1496 [ 0.  0.  1.  0.] -1 1228.21998291
1497 [ 0.  0.  1.  0.] -1 1230.58408203
1498 [ 0.  0.  1.  0.] -1 1169.10718384
1499 [ 0.  0.  1.  0.] -1 1237.32233276
1500 [ 0.  0.  1.  0.] -1 1249.66746216
1501 [ 0.  0.  1.  0.] -1 1245.49312134
1502 [ 0.  0.  1.  0.] -1 1161.48329468
1503 [ 0.  0.  1.  0.] -1 1195.98214111
1504 [ 0.  0.  1.  0.] -1 1198.23897095
1505 [ 0.  0.  1.  0.] -1 1199.76300659
1506 [ 0.  0.  1.  0.] -1 1121.93061523
1507 [ 0.  0.  1.  0.] -1 932.196643066
1508 [ 0.  0.  1.  0.] -1 939.350286865
1509 [ 0.  0.  1.  0.] -1 940.09989624
1510 [ 0.  0.  1.  0.] -1 854.140667725
1511 [ 0.  0.  1.  0.] 0 855.140667725
1512 [ 0.  1.  0.  0.] -2 580.587789917
1513 [ 0.  1.  0.  0.] -1 571.555560303
1514 [ 0.  1.  0.  0.] -1 533.124395752
1515 [ 0.  1.  0.  0.] -1 516.803692627
1516 [ 0.  1.  0.  0.] -1 501.553421021
1517 [ 0.  1.  0.  0.] -1 483.568449402
1518 [ 0.  1.  0.  0.] -1 465.914678955
1519 [ 0.  1.  0.  0.] -1 351.250595093
1520 [ 0.  1.  0.  0.] -1 330.328590393
1521 [ 0.  1.  0.  0.] -1 108.038947678
1522 [ 0.  1.  0.  0.] -1 97.3011978149
1523 [ 0.  1.  0.  0.] -1 97.3355964661
1524 [ 0.  1.  0.  0.] -1 91.5143169403
1525 [ 0.  1.  0.  0.] -1 89.0779560089
1526 [ 0.  1.  0.  0.] -1 84.4616222382
1527 [ 0.  1.  0.  0.] -1 81.9183689117
1528 [ 0.  1.  0.  0.] -1 79.1520462036
1529 [ 0.  1.  0.  0.] -1 78.5524543762
1530 [ 0.  1.  0.  0.] -1 76.1724533081
1531 [ 0.  1.  0.  0.] 0 77.1724533081
1532 [ 1.  0.  0.  0.] -2 129.261237335
1533 [ 1.  0.  0.  0.] -1 125.869618225
1534 [ 1.  0.  0.  0.] -1 224.584498596
1535 [ 1.  0.  0.  0.] -1 226.355644989
1536 [ 1.  0.  0.  0.] -1 234.071553802
1537 [ 1.  0.  0.  0.] -1 239.200315857
1538 [ 1.  0.  0.  0.] -1 250.359017944
1539 [ 1.  0.  0.  0.] -1 255.221824646
1540 [ 1.  0.  0.  0.] -1 264.912155151
1541 [ 1.  0.  0.  0.] -1 264.371633911
1542 [ 1.  0.  0.  0.] -1 234.688830566
1543 [ 1.  0.  0.  0.] -1 235.414985657
1544 [ 1.  0.  0.  0.] -1 245.586375427
1545 [ 1.  0.  0.  0.] -1 247.025030518
1546 [ 1.  0.  0.  0.] -1 242.093846893
1547 [ 1.  0.  0.  0.] -1 249.059117126
1548 [ 1.  0.  0.  0.] -1 255.547952271
1549 [ 1.  0.  0.  0.] -1 259.855075073
1550 [ 1.  0.  0.  0.] -1 265.10083313
1551 [ 1.  0.  0.  0.] -1 277.460864258
1552 [ 1.  0.  0.  0.] -1 278.842811584
1553 [ 1.  0.  0.  0.] -1 278.826315308
1554 [ 1.  0.  0.  0.] -1 271.286734009
1555 [ 1.  0.  0.  0.] 0 272.286734009
1556 [ 0.  0.  0.  1.] -2 293.090879822
1557 [ 0.  0.  0.  1.] -1 305.852928162
1558 [ 0.  0.  0.  1.] -1 355.593377686
1559 [ 0.  0.  0.  1.] -1 377.544732666
1560 [ 0.  0.  0.  1.] -1 393.299575806
1561 [ 0.  0.  0.  1.] -1 407.735905457
1562 [ 0.  0.  0.  1.] -1 452.308642578
1563 [ 0.  0.  0.  1.] -1 472.504231262
1564 [ 0.  0.  0.  1.] -1 487.815182495
1565 [ 0.  0.  0.  1.] -1 498.918191528
1566 [ 0.  0.  0.  1.] -1 625.81317749
1567 [ 0.  0.  0.  1.] -1 647.747253418
1568 [ 0.  0.  0.  1.] -1 666.758734131
1569 [ 0.  0.  0.  1.] -1 673.123223877
1570 [ 0.  0.  0.  1.] -1 683.068014526
1571 [ 0.  0.  0.  1.] -1 694.82739563
1572 [ 0.  0.  0.  1.] -1 702.084713745
1573 [ 0.  0.  0.  1.] -1 718.816113281
1574 [ 0.  0.  0.  1.] -1 843.326068115
1575 [ 0.  0.  0.  1.] 0 844.326068115
1576 [ 0.  0.  1.  0.] -2 954.041696167
1577 [ 0.  0.  1.  0.] -1 956.61177063
1578 [ 0.  0.  1.  0.] -1 904.661834717
1579 [ 0.  0.  1.  0.] -1 969.150042725
1580 [ 0.  0.  1.  0.] -1 981.203283691
1581 [ 0.  0.  1.  0.] -1 990.083325195
1582 [ 0.  0.  1.  0.] -1 875.516421509
1583 [ 0.  0.  1.  0.] -1 829.867889404
1584 [ 0.  0.  1.  0.] -1 839.940185547
1585 [ 0.  0.  1.  0.] -1 839.282653809
1586 [ 0.  0.  1.  0.] -1 783.541473389
1587 [ 0.  0.  1.  0.] -1 833.802294922
1588 [ 0.  0.  1.  0.] -1 844.087564087
1589 [ 0.  0.  1.  0.] -1 838.637298584
1590 [ 0.  0.  1.  0.] -1 769.504388428
1591 [ 0.  0.  1.  0.] -1 792.110897827
1592 [ 0.  0.  1.  0.] -1 793.328143311
1593 [ 0.  0.  1.  0.] -1 790.411578369
1594 [ 0.  0.  1.  0.] -1 730.018795776
1595 [ 0.  0.  1.  0.] -1 554.914035034
1596 [ 0.  0.  1.  0.] -1 562.047674561
1597 [ 0.  0.  1.  0.] -1 557.040692139
1598 [ 0.  0.  1.  0.] -1 488.637155151
1599 [ 0.  0.  1.  0.] 0 489.637155151
1600 [ 0.  1.  0.  0.] -2 274.736090088
1601 [ 0.  1.  0.  0.] -1 268.54510498
1602 [ 0.  1.  0.  0.] -1 241.202859497
1603 [ 0.  1.  0.  0.] -1 224.626797485
1604 [ 0.  1.  0.  0.] -1 215.123101044
1605 [ 0.  1.  0.  0.] -1 201.269258118
1606 [ 0.  1.  0.  0.] -1 187.721190643
1607 [ 0.  1.  0.  0.] -1 123.376651001
1608 [ 0.  1.  0.  0.] -1 112.080187607
1609 [ 0.  1.  0.  0.] -1 108.038947678
1610 [ 0.  1.  0.  0.] -1 97.3011978149
1611 [ 0.  1.  0.  0.] -1 97.3355964661
1612 [ 0.  1.  0.  0.] -1 91.5143169403
1613 [ 0.  1.  0.  0.] -1 89.0779560089
1614 [ 0.  1.  0.  0.] -1 84.4616222382
1615 [ 0.  1.  0.  0.] -1 81.9183689117
1616 [ 0.  1.  0.  0.] -1 79.1520462036
1617 [ 0.  1.  0.  0.] -1 78.5524543762
1618 [ 0.  1.  0.  0.] -1 76.1724533081
1619 [ 0.  1.  0.  0.] 0 77.1724533081
1620 [ 1.  0.  0.  0.] -2 129.261237335
1621 [ 1.  0.  0.  0.] -1 125.869618225
1622 [ 1.  0.  0.  0.] -1 224.584498596
1623 [ 1.  0.  0.  0.] -1 226.355644989
1624 [ 1.  0.  0.  0.] -1 234.071553802
1625 [ 1.  0.  0.  0.] -1 239.200315857
1626 [ 1.  0.  0.  0.] -1 250.359017944
1627 [ 1.  0.  0.  0.] -1 255.221824646
1628 [ 1.  0.  0.  0.] -1 264.912155151
1629 [ 1.  0.  0.  0.] -1 264.371633911
1630 [ 1.  0.  0.  0.] -1 234.688830566
1631 [ 1.  0.  0.  0.] -1 235.414985657
1632 [ 1.  0.  0.  0.] -1 245.586375427
1633 [ 1.  0.  0.  0.] -1 247.025030518
1634 [ 1.  0.  0.  0.] -1 242.093846893
1635 [ 1.  0.  0.  0.] -1 249.059117126
1636 [ 1.  0.  0.  0.] -1 255.547952271
1637 [ 1.  0.  0.  0.] -1 259.855075073
1638 [ 1.  0.  0.  0.] -1 265.10083313
1639 [ 1.  0.  0.  0.] -1 277.460864258
1640 [ 1.  0.  0.  0.] -1 278.842811584
1641 [ 1.  0.  0.  0.] -1 278.826315308
1642 [ 1.  0.  0.  0.] -1 271.286734009
1643 [ 1.  0.  0.  0.] 0 272.286734009
1644 [ 0.  1.  0.  0.] -2 191.472872162
1645 [ 0.  1.  0.  0.] -1 188.785084534
1646 [ 0.  1.  0.  0.] -1 184.594493866
1647 [ 0.  1.  0.  0.] -1 152.584454346
1648 [ 0.  1.  0.  0.] -1 147.112677002
1649 [ 0.  1.  0.  0.] -1 144.01072464
1650 [ 0.  1.  0.  0.] -1 135.617569733
1651 [ 0.  1.  0.  0.] -1 133.334313965
1652 [ 0.  1.  0.  0.] -1 128.439080048
1653 [ 0.  1.  0.  0.] -1 124.631368256
1654 [ 0.  1.  0.  0.] -1 118.528274918
1655 [ 0.  1.  0.  0.] -1 93.9135540009
1656 [ 0.  1.  0.  0.] -1 91.0854427338
1657 [ 0.  1.  0.  0.] -1 89.7896949768
1658 [ 0.  1.  0.  0.] -1 85.9459827423
1659 [ 0.  1.  0.  0.] -1 87.0800655365
1660 [ 0.  1.  0.  0.] -1 86.8319690704
1661 [ 0.  1.  0.  0.] -1 88.026644516
1662 [ 0.  1.  0.  0.] -1 85.8017925262
1663 [ 0.  1.  0.  0.] -1 73.9799922943
1664 [ 0.  1.  0.  0.] -1 72.5804397583
1665 [ 0.  1.  0.  0.] -1 72.2984447479
1666 [ 0.  1.  0.  0.] -1 69.6224311829
1667 [ 0.  1.  0.  0.] -1 68.6873401642
1668 [ 0.  1.  0.  0.] -1 68.3284736633
1669 [ 0.  1.  0.  0.] -1 68.7577899933
1670 [ 0.  1.  0.  0.] -1 65.9715934753
1671 [ 0.  1.  0.  0.] -1 64.7615089417
1672 [ 0.  1.  0.  0.] -1 65.3013633728
1673 [ 0.  1.  0.  0.] -1 66.393227005
1674 [ 0.  1.  0.  0.] -1 65.4868305206
1675 [ 0.  1.  0.  0.] -1 70.1774120331
1676 [ 0.  1.  0.  0.] -1 69.7424713135
1677 [ 0.  1.  0.  0.] -1 70.7540569305
1678 [ 0.  1.  0.  0.] -1 71.2283756256
1679 [ 0.  1.  0.  0.] -1 70.2523990631
1680 [ 0.  1.  0.  0.] -1 71.8949817657
1681 [ 0.  1.  0.  0.] -1 73.4253738403
1682 [ 0.  1.  0.  0.] -1 71.4472049713
1683 [ 0.  1.  0.  0.] -1 76.4081775665
1684 [ 0.  1.  0.  0.] -1 77.5902778625
1685 [ 0.  1.  0.  0.] -1 80.2627979279
1686 [ 0.  1.  0.  0.] -1 81.6274154663
1687 [ 0.  1.  0.  0.] -1 86.2297100067
1688 [ 0.  1.  0.  0.] -1 87.5957698822
1689 [ 0.  1.  0.  0.] -1 88.0722629547
1690 [ 0.  1.  0.  0.] -1 87.2219364166
1691 [ 0.  1.  0.  0.] 0 88.2219364166
1692 [ 0.  0.  1.  0.] -2 59.0194091797
1693 [ 0.  0.  1.  0.] -1 60.249842453
1694 [ 0.  0.  1.  0.] -1 62.6556316376
1695 [ 0.  0.  1.  0.] -1 52.068914032
1696 [ 0.  0.  1.  0.] -1 51.5408121109
1697 [ 0.  0.  1.  0.] -1 51.2598245621
1698 [ 0.  0.  1.  0.] -1 53.9291700363
1699 [ 0.  0.  1.  0.] -1 45.8258995056
1700 [ 0.  0.  1.  0.] -1 45.7969839096
1701 [ 0.  0.  1.  0.] -1 45.2012443542
1702 [ 0.  0.  1.  0.] -1 46.5651660919
1703 [ 0.  0.  1.  0.] 0 47.5651660919
1704 [ 0.  0.  0.  1.] -2 48.677914238
1705 [ 0.  0.  0.  1.] -1 49.2290683746
1706 [ 0.  0.  0.  1.] -1 42.4524616241
1707 [ 0.  0.  0.  1.] -1 41.9974876404
1708 [ 0.  0.  0.  1.] -1 41.2462184906
1709 [ 0.  0.  0.  1.] -1 40.9191486359
1710 [ 0.  0.  0.  1.] -1 42.4876502991
1711 [ 0.  0.  0.  1.] -1 43.4920604706
1712 [ 0.  0.  0.  1.] -1 45.095721817
1713 [ 0.  0.  0.  1.] -1 45.0428373337
1714 [ 0.  0.  0.  1.] -1 43.2547380447
1715 [ 0.  0.  0.  1.] 0 44.2547380447
1716 [ 0.  0.  1.  0.] -2 24.998657608
1717 [ 0.  0.  1.  0.] -1 25.9824476242
1718 [ 0.  0.  1.  0.] -1 28.6246767998
1719 [ 0.  0.  1.  0.] -1 30.4916135788
1720 [ 0.  0.  1.  0.] -1 29.0976202011
1721 [ 0.  0.  1.  0.] -1 28.8149438858
1722 [ 0.  0.  1.  0.] -1 31.9604127884
1723 [ 0.  0.  1.  0.] -1 27.1102210999
1724 [ 0.  0.  1.  0.] -1 26.601279068
1725 [ 0.  0.  1.  0.] -1 26.184206295
1726 [ 0.  0.  1.  0.] -1 33.1308330536
1727 [ 0.  0.  1.  0.] 0 34.1308330536
1728 [ 0.  1.  0.  0.] -2 48.7851617813
1729 [ 0.  1.  0.  0.] -1 49.8027452469
1730 [ 0.  1.  0.  0.] -1 49.5171697617
1731 [ 0.  1.  0.  0.] -1 50.4728992462
1732 [ 0.  1.  0.  0.] -1 50.1408065796
1733 [ 0.  1.  0.  0.] -1 52.9163232803
1734 [ 0.  1.  0.  0.] -1 54.4297117233
1735 [ 0.  1.  0.  0.] -1 58.1508506775
1736 [ 0.  1.  0.  0.] -1 56.2693365097
1737 [ 0.  1.  0.  0.] -1 56.9172176361
1738 [ 0.  1.  0.  0.] -1 54.9078935623
1739 [ 0.  1.  0.  0.] 0 55.9078935623
1740 [ 0.  0.  1.  0.] -2 34.3718334198
1741 [ 0.  0.  1.  0.] -1 35.5633815765
1742 [ 0.  0.  1.  0.] -1 36.714308548
1743 [ 0.  0.  1.  0.] -1 35.5319654465
1744 [ 0.  0.  1.  0.] -1 35.8901941299
1745 [ 0.  0.  1.  0.] -1 35.8344430923
1746 [ 0.  0.  1.  0.] -1 38.5456417084
1747 [ 0.  0.  1.  0.] -1 35.7111305237
1748 [ 0.  0.  1.  0.] -1 36.3323320389
1749 [ 0.  0.  1.  0.] -1 35.9835546494
1750 [ 0.  0.  1.  0.] -1 36.8339138031
1751 [ 0.  0.  1.  0.] 0 37.8339138031
1752 [ 0.  0.  0.  1.] -2 39.7374214172
1753 [ 0.  0.  0.  1.] -1 41.357698822
1754 [ 0.  0.  0.  1.] -1 36.4238552094
1755 [ 0.  0.  0.  1.] -1 36.7821165085
1756 [ 0.  0.  0.  1.] -1 37.209352684
1757 [ 0.  0.  0.  1.] -1 37.6240825653
1758 [ 0.  0.  0.  1.] -1 37.6260576248
1759 [ 0.  0.  0.  1.] -1 39.4827114105
1760 [ 0.  0.  0.  1.] -1 42.1227933884
1761 [ 0.  0.  0.  1.] -1 41.7141046524
1762 [ 0.  0.  0.  1.] -1 36.9050956726
1763 [ 0.  0.  0.  1.] 0 37.9050956726
1764 [ 0.  0.  1.  0.] -2 48.0999502182
1765 [ 0.  0.  1.  0.] -1 49.6404642105
1766 [ 0.  0.  1.  0.] -1 55.8854537964
1767 [ 0.  0.  1.  0.] -1 58.4962903976
1768 [ 0.  0.  1.  0.] -1 56.1008331299
1769 [ 0.  0.  1.  0.] -1 56.1179672241
1770 [ 0.  0.  1.  0.] -1 59.8424293518
1771 [ 0.  0.  1.  0.] -1 53.4914497375
1772 [ 0.  0.  1.  0.] -1 53.2855543137
1773 [ 0.  0.  1.  0.] -1 54.3105920792
1774 [ 0.  0.  1.  0.] -1 60.2054271698
1775 [ 0.  0.  1.  0.] 0 61.2054271698
1776 [ 0.  0.  0.  1.] -2 54.8298042297
1777 [ 0.  0.  0.  1.] -1 59.1519666672
1778 [ 0.  0.  0.  1.] -1 54.7054880142
1779 [ 0.  0.  0.  1.] -1 55.6805767059
1780 [ 0.  0.  0.  1.] -1 55.7198604584
1781 [ 0.  0.  0.  1.] -1 58.2340930939
1782 [ 0.  0.  0.  1.] -1 52.0333810806
1783 [ 0.  0.  0.  1.] -1 51.759025383
1784 [ 0.  0.  0.  1.] -1 52.0111661911
1785 [ 0.  0.  0.  1.] -1 52.2820610046
1786 [ 0.  0.  0.  1.] -1 45.0469179153
1787 [ 0.  0.  0.  1.] -1 46.6780923843
1788 [ 0.  0.  0.  1.] -1 47.0383359909
1789 [ 0.  0.  0.  1.] -1 48.4208015442
1790 [ 0.  0.  0.  1.] -1 40.5745424271
1791 [ 0.  0.  0.  1.] -1 40.4330121994
1792 [ 0.  0.  0.  1.] -1 39.1955196381
1793 [ 0.  0.  0.  1.] -1 38.7754770279
1794 [ 0.  0.  0.  1.] -1 40.0525541306
1795 [ 0.  0.  0.  1.] -1 40.5356790543
1796 [ 0.  0.  0.  1.] -1 41.554142952
1797 [ 0.  0.  0.  1.] -1 41.4867771149
1798 [ 0.  0.  0.  1.] -1 38.8938138962
1799 [ 0.  0.  0.  1.] 0 39.8938138962
1800 [ 0.  0.  1.  0.] -2 38.1425010681
1801 [ 0.  0.  1.  0.] -1 38.272224617
1802 [ 0.  0.  1.  0.] -1 42.4735712051
1803 [ 0.  0.  1.  0.] -1 49.1699760437
1804 [ 0.  0.  1.  0.] -1 47.281416893
1805 [ 0.  0.  1.  0.] -1 46.3907592773
1806 [ 0.  0.  1.  0.] -1 54.6863027573
1807 [ 0.  0.  1.  0.] -1 59.1516550064
1808 [ 0.  0.  1.  0.] -1 58.0830354691
1809 [ 0.  0.  1.  0.] -1 56.9619445801
1810 [ 0.  0.  1.  0.] -1 61.4247383118
1811 [ 0.  0.  1.  0.] 0 62.4247383118
1812 [ 0.  0.  0.  1.] -2 47.8837917328
1813 [ 0.  0.  0.  1.] -1 50.1442964554
1814 [ 0.  0.  0.  1.] -1 42.7175943375
1815 [ 0.  0.  0.  1.] -1 39.1113712311
1816 [ 0.  0.  0.  1.] -1 40.8319959641
1817 [ 0.  0.  0.  1.] -1 42.8852279663
1818 [ 0.  0.  0.  1.] -1 33.957226944
1819 [ 0.  0.  0.  1.] -1 33.0127969742
1820 [ 0.  0.  0.  1.] -1 33.1107563019
1821 [ 0.  0.  0.  1.] -1 32.7092393875
1822 [ 0.  0.  0.  1.] -1 29.9433986664
1823 [ 0.  0.  0.  1.] 0 30.9433986664
1824 [ 1.  0.  0.  0.] -2 49.3624916077
1825 [ 1.  0.  0.  0.] -1 51.1749368668
1826 [ 1.  0.  0.  0.] -1 55.3120233536
1827 [ 1.  0.  0.  0.] -1 52.5750112534
1828 [ 1.  0.  0.  0.] -1 53.8066221237
1829 [ 1.  0.  0.  0.] -1 55.6551763535
1830 [ 1.  0.  0.  0.] -1 53.028263855
1831 [ 1.  0.  0.  0.] -1 53.299115181
1832 [ 1.  0.  0.  0.] -1 54.3218082428
1833 [ 1.  0.  0.  0.] -1 56.0560445786
1834 [ 1.  0.  0.  0.] -1 57.8476011276
1835 [ 1.  0.  0.  0.] 0 58.8476011276
1836 [ 0.  0.  0.  1.] -2 34.6224557877
1837 [ 0.  0.  0.  1.] -1 35.3187459946
1838 [ 0.  0.  0.  1.] -1 35.7100650787
1839 [ 0.  0.  0.  1.] -1 35.4559057236
1840 [ 0.  0.  0.  1.] -1 35.4403371811
1841 [ 0.  0.  0.  1.] -1 35.2993976593
1842 [ 0.  0.  0.  1.] -1 35.93221035
1843 [ 0.  0.  0.  1.] -1 36.0152172089
1844 [ 0.  0.  0.  1.] -1 35.9781259537
1845 [ 0.  0.  0.  1.] -1 35.9213420868
1846 [ 0.  0.  0.  1.] -1 35.4110193253
1847 [ 0.  0.  0.  1.] -1 34.7878427505
1848 [ 0.  0.  0.  1.] -1 34.5326107025
1849 [ 0.  0.  0.  1.] -1 33.9808515549
1850 [ 0.  0.  0.  1.] -1 34.8419122696
1851 [ 0.  0.  0.  1.] -1 34.4946424484
1852 [ 0.  0.  0.  1.] -1 34.2447992325
1853 [ 0.  0.  0.  1.] -1 33.9554584503
1854 [ 0.  0.  0.  1.] -1 47.2888605118
1855 [ 0.  0.  0.  1.] -1 50.8173604965
1856 [ 0.  0.  0.  1.] -1 51.7518100739
1857 [ 0.  0.  0.  1.] -1 54.6262681961
1858 [ 0.  0.  0.  1.] -1 62.2223651886
1859 [ 0.  0.  0.  1.] -1 77.9039680481
1860 [ 0.  0.  0.  1.] -1 73.9765712738
1861 [ 0.  0.  0.  1.] -1 71.7959606171
1862 [ 0.  0.  0.  1.] -1 70.7242389679
1863 [ 0.  0.  0.  1.] -1 61.9252655029
1864 [ 0.  0.  0.  1.] -1 60.3830955505
1865 [ 0.  0.  0.  1.] -1 59.7342033386
1866 [ 0.  0.  0.  1.] -1 59.25097332
1867 [ 0.  0.  0.  1.] -1 58.7709468842
1868 [ 0.  0.  0.  1.] -1 59.2036008835
1869 [ 0.  0.  0.  1.] -1 59.7108903885
1870 [ 0.  0.  0.  1.] -1 60.686283493
1871 [ 0.  0.  0.  1.] -1 55.2181264877
1872 [ 0.  0.  0.  1.] -1 55.7482505798
1873 [ 0.  0.  0.  1.] -1 56.1420085907
1874 [ 0.  0.  0.  1.] -1 56.5394884109
1875 [ 0.  0.  0.  1.] -1 50.8442285538
1876 [ 0.  0.  0.  1.] -1 52.0392084122
1877 [ 0.  0.  0.  1.] -1 52.0545450211
1878 [ 0.  0.  0.  1.] -1 52.2269659042
1879 [ 0.  0.  0.  1.] -1 52.7485519409
1880 [ 0.  0.  0.  1.] -1 53.3023151398
1881 [ 0.  0.  0.  1.] -1 55.735708046
1882 [ 0.  0.  0.  1.] -1 56.3940805435
1883 [ 0.  0.  0.  1.] -1 50.9805547714
1884 [ 0.  0.  0.  1.] 0 51.9805547714
1885 [ 0.  0.  1.  0.] -2 56.9640245438
1886 [ 0.  0.  1.  0.] -1 57.2814258575
1887 [ 0.  0.  1.  0.] -1 60.480116272
1888 [ 0.  0.  1.  0.] -1 70.569916153
1889 [ 0.  0.  1.  0.] -1 69.0543750763
1890 [ 0.  0.  1.  0.] -1 68.7983348846
1891 [ 0.  0.  1.  0.] -1 73.8213352203
1892 [ 0.  0.  1.  0.] -1 80.9558082581
1893 [ 0.  0.  1.  0.] -1 79.6752231598
1894 [ 0.  0.  1.  0.] -1 79.3892707825
1895 [ 0.  0.  1.  0.] -1 80.824048233
1896 [ 0.  0.  1.  0.] 0 81.824048233
1897 [ 0.  0.  0.  1.] -2 73.7152362823
1898 [ 0.  0.  0.  1.] -1 77.3197273254
1899 [ 0.  0.  0.  1.] -1 75.0458938599
1900 [ 0.  0.  0.  1.] -1 73.4707603455
1901 [ 0.  0.  0.  1.] -1 76.3266819
1902 [ 0.  0.  0.  1.] -1 79.265461731
1903 [ 0.  0.  0.  1.] -1 78.1547245026
1904 [ 0.  0.  0.  1.] -1 78.1631248474
1905 [ 0.  0.  0.  1.] -1 80.971811676
1906 [ 0.  0.  0.  1.] -1 82.8375507355
1907 [ 0.  0.  0.  1.] -1 86.1131923676
1908 [ 0.  0.  0.  1.] 0 87.1131923676
1909 [ 1.  0.  0.  0.] -2 91.7348529816
1910 [ 1.  0.  0.  0.] -1 92.8032444
1911 [ 1.  0.  0.  0.] -1 90.9197479248
1912 [ 1.  0.  0.  0.] -1 89.5180065155
1913 [ 1.  0.  0.  0.] -1 89.7645301819
1914 [ 1.  0.  0.  0.] -1 90.8109855652
1915 [ 1.  0.  0.  0.] -1 61.7336448669
1916 [ 1.  0.  0.  0.] -1 60.5621845245
1917 [ 1.  0.  0.  0.] -1 60.7382511139
1918 [ 1.  0.  0.  0.] -1 60.9803245544
1919 [ 1.  0.  0.  0.] -1 59.9656658173
1920 [ 1.  0.  0.  0.] 0 60.9656658173
1921 [ 0.  0.  0.  1.] -2 53.7714477539
1922 [ 0.  0.  0.  1.] -1 56.4925182343
1923 [ 0.  0.  0.  1.] -1 51.889915657
1924 [ 0.  0.  0.  1.] -1 54.5108268738
1925 [ 0.  0.  0.  1.] -1 54.554756546
1926 [ 0.  0.  0.  1.] -1 57.0300569534
1927 [ 0.  0.  0.  1.] -1 57.9342609406
1928 [ 0.  0.  0.  1.] -1 59.6823915482
1929 [ 0.  0.  0.  1.] -1 62.0241416931
1930 [ 0.  0.  0.  1.] -1 64.2734046936
1931 [ 0.  0.  0.  1.] -1 54.5498352051
1932 [ 0.  0.  0.  1.] -1 55.5890426636
1933 [ 0.  0.  0.  1.] -1 55.8298042297
1934 [ 0.  0.  0.  1.] -1 59.1519666672
1935 [ 0.  0.  0.  1.] -1 54.7054880142
1936 [ 0.  0.  0.  1.] -1 55.6805767059
1937 [ 0.  0.  0.  1.] -1 55.7198604584
1938 [ 0.  0.  0.  1.] -1 58.2340930939
1939 [ 0.  0.  0.  1.] -1 52.0333810806
1940 [ 0.  0.  0.  1.] -1 51.759025383
1941 [ 0.  0.  0.  1.] -1 52.0111661911
1942 [ 0.  0.  0.  1.] -1 52.2820610046
1943 [ 0.  0.  0.  1.] -1 45.0469179153
1944 [ 0.  0.  0.  1.] -1 46.6780923843
1945 [ 0.  0.  0.  1.] -1 47.0383359909
1946 [ 0.  0.  0.  1.] -1 48.4208015442
1947 [ 0.  0.  0.  1.] -1 40.5745424271
1948 [ 0.  0.  0.  1.] -1 40.4330121994
1949 [ 0.  0.  0.  1.] -1 39.1955196381
1950 [ 0.  0.  0.  1.] -1 38.7754770279
1951 [ 0.  0.  0.  1.] -1 40.0525541306
1952 [ 0.  0.  0.  1.] -1 40.5356790543
1953 [ 0.  0.  0.  1.] -1 41.554142952
1954 [ 0.  0.  0.  1.] -1 41.4867771149
1955 [ 0.  0.  0.  1.] -1 38.8938138962
1956 [ 0.  0.  0.  1.] 0 39.8938138962
1957 [ 0.  0.  1.  0.] -2 38.1425010681
1958 [ 0.  0.  1.  0.] -1 38.272224617
1959 [ 0.  0.  1.  0.] -1 42.4735712051
1960 [ 0.  0.  1.  0.] -1 49.1699760437
1961 [ 0.  0.  1.  0.] -1 47.281416893
1962 [ 0.  0.  1.  0.] -1 46.3907592773
1963 [ 0.  0.  1.  0.] -1 54.6863027573
1964 [ 0.  0.  1.  0.] -1 59.1516550064
1965 [ 0.  0.  1.  0.] -1 58.0830354691
1966 [ 0.  0.  1.  0.] -1 56.9619445801
1967 [ 0.  0.  1.  0.] -1 61.4247383118
1968 [ 0.  0.  1.  0.] -1 59.8018917084
1969 [ 0.  0.  1.  0.] -1 59.2696077347
1970 [ 0.  0.  1.  0.] -1 59.1566560745
1971 [ 0.  0.  1.  0.] -1 66.0036148071
1972 [ 0.  0.  1.  0.] -1 67.5687534332
1973 [ 0.  0.  1.  0.] -1 67.0226947784
1974 [ 0.  0.  1.  0.] -1 66.4545589447
1975 [ 0.  0.  1.  0.] -1 72.4317123413
1976 [ 0.  0.  1.  0.] -1 74.7297538757
1977 [ 0.  0.  1.  0.] -1 73.8786300659
1978 [ 0.  0.  1.  0.] -1 73.3011226654
1979 [ 0.  0.  1.  0.] -1 79.4682006836
1980 [ 0.  0.  1.  0.] 0 80.4682006836
1981 [ 0.  0.  0.  1.] -2 71.6927753448
1982 [ 0.  0.  0.  1.] -1 71.9469421387
1983 [ 0.  0.  0.  1.] -1 66.6876232147
1984 [ 0.  0.  0.  1.] -1 65.3103218079
1985 [ 0.  0.  0.  1.] -1 64.6573055267
1986 [ 0.  0.  0.  1.] -1 64.6813179016
1987 [ 0.  0.  0.  1.] -1 53.0060598373
1988 [ 0.  0.  0.  1.] -1 51.4197826385
1989 [ 0.  0.  0.  1.] -1 50.3604476929
1990 [ 0.  0.  0.  1.] -1 49.3874500275
1991 [ 0.  0.  0.  1.] -1 43.0851873398
1992 [ 0.  0.  0.  1.] -1 41.5234008789
1993 [ 0.  0.  0.  1.] -1 41.5103038788
1994 [ 0.  0.  0.  1.] -1 40.7688158035
1995 [ 0.  0.  0.  1.] -1 39.3875207901
1996 [ 0.  0.  0.  1.] -1 38.9088352203
1997 [ 0.  0.  0.  1.] -1 38.8515548706
1998 [ 0.  0.  0.  1.] -1 38.694785881
1999 [ 0.  0.  0.  1.] -1 38.855566597
2000 [ 0.  0.  0.  1.] -1 38.5242494583
2001 [ 0.  0.  0.  1.] -1 39.5590501785
2002 [ 0.  0.  0.  1.] -1 39.6724040985
2003 [ 0.  0.  0.  1.] 9 50.6942237854
2004 [ 0.  0.  0.  1.] 0 41.6942237854
2005 [ 0.  0.  1.  0.] -2 48.7454322815
2006 [ 0.  0.  1.  0.] -1 51.7277723312
2007 [ 0.  0.  1.  0.] 9 61.9752672195
2008 [ 0.  0.  1.  0.] -1 58.5417095184
2009 [ 0.  0.  1.  0.] -1 59.7323587418
2010 [ 0.  0.  1.  0.] -1 61.5823879242
2011 [ 0.  0.  1.  0.] 9 71.6951221466
2012 [ 0.  0.  1.  0.] -1 65.191463089
2013 [ 0.  0.  1.  0.] -1 66.3563930511
2014 [ 0.  0.  1.  0.] -1 66.8913913727
2015 [ 0.  0.  1.  0.] -1 67.8313312531
2016 [ 0.  0.  1.  0.] 0 68.8313312531
2017 [ 0.  0.  0.  1.] -2 63.4202041626
2018 [ 0.  0.  0.  1.] -1 66.593813324
2019 [ 0.  0.  0.  1.] -1 72.524369812
2020 [ 0.  0.  0.  1.] -1 74.8751255035
2021 [ 0.  0.  0.  1.] -1 76.7268108368
2022 [ 0.  0.  0.  1.] -1 77.63621521
2023 [ 0.  0.  0.  1.] -1 92.6657802582
2024 [ 0.  0.  0.  1.] -1 96.6783184052
2025 [ 0.  0.  0.  1.] -1 97.9704494476
2026 [ 0.  0.  0.  1.] -1 100.009189224
2027 [ 0.  0.  0.  1.] -1 105.946022415
2028 [ 0.  0.  0.  1.] -1 124.35085907
2029 [ 0.  0.  0.  1.] -1 121.52457428
2030 [ 0.  0.  0.  1.] -1 121.036759949
2031 [ 0.  0.  0.  1.] -1 120.439284515
2032 [ 0.  0.  0.  1.] -1 114.159414291
2033 [ 0.  0.  0.  1.] -1 113.314675903
2034 [ 0.  0.  0.  1.] -1 113.972236633
2035 [ 0.  0.  0.  1.] -1 112.424840927
2036 [ 0.  0.  0.  1.] -1 107.074596786
2037 [ 0.  0.  0.  1.] -1 107.637905502
2038 [ 0.  0.  0.  1.] -1 108.877923965
2039 [ 0.  0.  0.  1.] -1 107.539225006
2040 [ 0.  0.  0.  1.] -1 100.693915176
2041 [ 0.  0.  0.  1.] 0 101.693915176
2042 [ 1.  0.  0.  0.] -2 109.122465134
2043 [ 1.  0.  0.  0.] -1 110.875466537
2044 [ 1.  0.  0.  0.] -1 105.241386414
2045 [ 1.  0.  0.  0.] -1 105.291281128
2046 [ 1.  0.  0.  0.] -1 105.87576828
2047 [ 1.  0.  0.  0.] -1 108.258588791
2048 [ 1.  0.  0.  0.] -1 104.914867401
2049 [ 1.  0.  0.  0.] -1 105.671543503
2050 [ 1.  0.  0.  0.] -1 105.556018829
2051 [ 1.  0.  0.  0.] -1 107.161738586
2052 [ 1.  0.  0.  0.] -1 106.75696373
2053 [ 1.  0.  0.  0.] -1 105.152889252
2054 [ 1.  0.  0.  0.] -1 105.460976791
2055 [ 1.  0.  0.  0.] -1 106.408729935
2056 [ 1.  0.  0.  0.] -1 74.7716903687
2057 [ 1.  0.  0.  0.] -1 74.4039886475
2058 [ 1.  0.  0.  0.] -1 74.4219707489
2059 [ 1.  0.  0.  0.] -1 74.5675235748
2060 [ 1.  0.  0.  0.] -1 72.4246818542
2061 [ 1.  0.  0.  0.] -1 71.7495231628
2062 [ 1.  0.  0.  0.] -1 71.3917293549
2063 [ 1.  0.  0.  0.] -1 73.2509670258
2064 [ 1.  0.  0.  0.] -1 76.2580005646
2065 [ 1.  0.  0.  0.] -1 77.4376220703
2066 [ 1.  0.  0.  0.] -1 77.656067276
2067 [ 1.  0.  0.  0.] -1 79.0845245361
2068 [ 1.  0.  0.  0.] -1 86.6623748779
2069 [ 1.  0.  0.  0.] -1 85.3888710022
2070 [ 1.  0.  0.  0.] -1 85.3762016296
2071 [ 1.  0.  0.  0.] -1 87.8492733002
2072 [ 1.  0.  0.  0.] -1 74.4274936676
2073 [ 1.  0.  0.  0.] -1 75.9328079224
2074 [ 1.  0.  0.  0.] -1 75.977853775
2075 [ 1.  0.  0.  0.] -1 75.5808197021
2076 [ 1.  0.  0.  0.] -1 78.2530570984
2077 [ 1.  0.  0.  0.] 0 79.2530570984
2078 [ 0.  1.  0.  0.] -2 70.5288818359
2079 [ 0.  1.  0.  0.] -1 71.7209518433
2080 [ 0.  1.  0.  0.] -1 72.4543258667
2081 [ 0.  1.  0.  0.] -1 80.650743103
2082 [ 0.  1.  0.  0.] -1 83.6076934814
2083 [ 0.  1.  0.  0.] -1 86.1843090057
2084 [ 0.  1.  0.  0.] -1 87.186624527
2085 [ 0.  1.  0.  0.] -1 96.4055210114
2086 [ 0.  1.  0.  0.] -1 98.1764137268
2087 [ 0.  1.  0.  0.] -1 101.098334885
2088 [ 0.  1.  0.  0.] -1 104.009275436
2089 [ 0.  1.  0.  0.] -1 45.1878538132
2090 [ 0.  1.  0.  0.] -1 34.9847833633
2091 [ 0.  1.  0.  0.] -1 32.5617296219
2092 [ 0.  1.  0.  0.] -1 32.4098203659
2093 [ 0.  1.  0.  0.] -1 32.6226846695
2094 [ 0.  1.  0.  0.] -1 32.6792728424
2095 [ 0.  1.  0.  0.] -1 32.9318920135
2096 [ 0.  1.  0.  0.] -1 33.2579761505
2097 [ 0.  1.  0.  0.] -1 33.6651790619
2098 [ 0.  1.  0.  0.] -1 35.9790464401
2099 [ 0.  1.  0.  0.] -1 36.0734071732
2100 [ 0.  1.  0.  0.] -1 37.0400375366
2101 [ 0.  1.  0.  0.] -1 37.7015520096
2102 [ 0.  1.  0.  0.] 0 38.7015520096
2103 [ 0.  0.  1.  0.] -2 31.7866037369
2104 [ 0.  0.  1.  0.] -1 32.9038280487
2105 [ 0.  0.  1.  0.] 9 42.6435297012
2106 [ 0.  0.  1.  0.] -1 29.6662742615
2107 [ 0.  0.  1.  0.] -1 29.6784978867
2108 [ 0.  0.  1.  0.] -1 29.8960371017
2109 [ 0.  0.  1.  0.] 9 39.3464015961
2110 [ 0.  0.  1.  0.] -1 28.4358792305
2111 [ 0.  0.  1.  0.] -1 28.5202795029
2112 [ 0.  0.  1.  0.] -1 28.5471946716
2113 [ 0.  0.  1.  0.] 9 38.5385406494
2114 [ 0.  0.  1.  0.] -1 28.1823631287
2115 [ 0.  0.  1.  0.] -1 28.3586489677
2116 [ 0.  0.  1.  0.] -1 28.4822061539
2117 [ 0.  0.  1.  0.] 9 37.8016713142
2118 [ 0.  0.  1.  0.] -1 27.8240166664
2119 [ 0.  0.  1.  0.] -1 27.7948111534
2120 [ 0.  0.  1.  0.] -1 27.8176656723
2121 [ 0.  0.  1.  0.] 9 37.5376022339
2122 [ 0.  0.  1.  0.] -1 44.6577949524
2123 [ 0.  0.  1.  0.] -1 44.6882724762
2124 [ 0.  0.  1.  0.] -1 45.5322099686
2125 [ 0.  0.  1.  0.] -1 44.8085119247
2126 [ 0.  0.  1.  0.] 0 45.8085119247
2127 [ 0.  1.  0.  0.] -2 49.9892377853
2128 [ 0.  1.  0.  0.] -1 49.1000770569
2129 [ 0.  1.  0.  0.] -1 50.9443078995
2130 [ 0.  1.  0.  0.] -1 53.8271953583
2131 [ 0.  1.  0.  0.] -1 55.1666372299
2132 [ 0.  1.  0.  0.] -1 58.0130784988
2133 [ 0.  1.  0.  0.] -1 60.1970993042
2134 [ 0.  1.  0.  0.] -1 65.3670658112
2135 [ 0.  1.  0.  0.] -1 66.6873695374
2136 [ 0.  1.  0.  0.] -1 68.3751502991
2137 [ 0.  1.  0.  0.] -1 70.2156448364
2138 [ 0.  1.  0.  0.] -1 70.1684825897
2139 [ 0.  1.  0.  0.] -1 71.0600135803
2140 [ 0.  1.  0.  0.] -1 72.2471511841
2141 [ 0.  1.  0.  0.] -1 73.1726531982
2142 [ 0.  1.  0.  0.] -1 79.1678104401
2143 [ 0.  1.  0.  0.] -1 80.0898841858
2144 [ 0.  1.  0.  0.] -1 82.207408905
2145 [ 0.  1.  0.  0.] -1 85.129511261
2146 [ 0.  1.  0.  0.] -1 93.5161792755
2147 [ 0.  1.  0.  0.] -1 94.7686424255
2148 [ 0.  1.  0.  0.] -1 100.370505524
2149 [ 0.  1.  0.  0.] -1 102.050509262
2150 [ 0.  1.  0.  0.] -1 123.830892944
2151 [ 0.  1.  0.  0.] -1 129.400488281
2152 [ 0.  1.  0.  0.] -1 130.9686203
2153 [ 0.  1.  0.  0.] -1 132.304412842
2154 [ 0.  1.  0.  0.] -1 132.237369537
2155 [ 0.  1.  0.  0.] -1 134.064513397
2156 [ 0.  1.  0.  0.] -1 135.467537689
2157 [ 0.  1.  0.  0.] -1 136.723661041
2158 [ 0.  1.  0.  0.] -1 151.922675323
2159 [ 0.  1.  0.  0.] -1 153.568997955
2160 [ 0.  1.  0.  0.] -1 153.861335754
2161 [ 0.  1.  0.  0.] -1 153.479384613
2162 [ 0.  1.  0.  0.] -1 151.865851593
2163 [ 0.  1.  0.  0.] -1 152.275301361
2164 [ 0.  1.  0.  0.] -1 153.017024994
2165 [ 0.  1.  0.  0.] -101 -101
2166 [ 0.  1.  0.  0.] -2 27.965289402
2167 [ 0.  1.  0.  0.] -1 31.6487918854
2168 [ 0.  1.  0.  0.] -1 31.8724084854
2169 [ 0.  1.  0.  0.] -1 33.2381422043
2170 [ 0.  1.  0.  0.] -1 33.6178682327
2171 [ 0.  1.  0.  0.] -1 32.7015855789
2172 [ 0.  1.  0.  0.] -1 34.159737587
2173 [ 0.  1.  0.  0.] -1 34.2410556793
2174 [ 0.  1.  0.  0.] -1 34.5119251251
2175 [ 0.  1.  0.  0.] -1 34.9159715652
2176 [ 0.  1.  0.  0.] -1 34.9327287674
2177 [ 0.  1.  0.  0.] -1 36.2314155579
2178 [ 0.  1.  0.  0.] -1 36.9718454361
2179 [ 0.  1.  0.  0.] -1 38.4886222839
2180 [ 0.  1.  0.  0.] -1 37.8303585052
2181 [ 0.  1.  0.  0.] -1 38.1447191238
2182 [ 0.  1.  0.  0.] -1 37.3056413651
2183 [ 0.  1.  0.  0.] 0 38.3056413651
2184 [ 0.  0.  1.  0.] -2 28.1604144096
2185 [ 0.  0.  1.  0.] -1 29.4189170837
2186 [ 0.  0.  1.  0.] -1 29.9781452179
2187 [ 0.  0.  1.  0.] -1 29.8453016281
2188 [ 0.  0.  1.  0.] -1 30.0840047836
2189 [ 0.  0.  1.  0.] -1 30.1732122421
2190 [ 0.  0.  1.  0.] -1 31.2552223206
2191 [ 0.  0.  1.  0.] -1 30.4688695908
2192 [ 0.  0.  1.  0.] -1 30.7144365311
2193 [ 0.  0.  1.  0.] -1 30.5741928101
2194 [ 0.  0.  1.  0.] -1 30.7467840195
2195 [ 0.  0.  1.  0.] 0 31.7467840195
2196 [ 0.  1.  0.  0.] -2 33.3528621674
2197 [ 0.  1.  0.  0.] -1 34.3353294373
2198 [ 0.  1.  0.  0.] -1 34.2092010498
2199 [ 0.  1.  0.  0.] -1 35.8483699799
2200 [ 0.  1.  0.  0.] -1 36.418397522
2201 [ 0.  1.  0.  0.] -1 36.6754379272
2202 [ 0.  1.  0.  0.] -1 37.0532649994
2203 [ 0.  1.  0.  0.] -1 42.4049442291
2204 [ 0.  1.  0.  0.] -1 42.2650121689
2205 [ 0.  1.  0.  0.] -1 42.5929662704
2206 [ 0.  1.  0.  0.] -1 43.0168973923
2207 [ 0.  1.  0.  0.] -1 43.4518598557
2208 [ 0.  1.  0.  0.] -1 44.0950986862
2209 [ 0.  1.  0.  0.] -1 44.3954345703
2210 [ 0.  1.  0.  0.] -1 44.131936264
2211 [ 0.  1.  0.  0.] -1 43.853181076
2212 [ 0.  1.  0.  0.] -1 44.1061191559
2213 [ 0.  1.  0.  0.] -1 44.7094835281
2214 [ 0.  1.  0.  0.] -1 44.795186615
2215 [ 0.  1.  0.  0.] -1 46.1276306152
2216 [ 0.  1.  0.  0.] -1 46.3314748764
2217 [ 0.  1.  0.  0.] -1 46.526117897
2218 [ 0.  1.  0.  0.] -1 46.4722042084
2219 [ 0.  1.  0.  0.] 0 47.4722042084
2220 [ 0.  0.  1.  0.] -2 36.9594041824
2221 [ 0.  0.  1.  0.] -1 37.997716713
2222 [ 0.  0.  1.  0.] -1 39.597949791
2223 [ 0.  0.  1.  0.] -1 40.5687730789
2224 [ 0.  0.  1.  0.] -1 40.045664978
2225 [ 0.  0.  1.  0.] -1 40.0929468155
2226 [ 0.  0.  1.  0.] -1 40.7613939285
2227 [ 0.  0.  1.  0.] -1 36.4663352966
2228 [ 0.  0.  1.  0.] -1 36.4210321426
2229 [ 0.  0.  1.  0.] -1 36.5025821686
2230 [ 0.  0.  1.  0.] -1 37.883496666
2231 [ 0.  0.  1.  0.] 0 38.883496666
2232 [ 0.  0.  0.  1.] -2 37.9645645142
2233 [ 0.  0.  0.  1.] -1 39.0555622101
2234 [ 0.  0.  0.  1.] -1 37.5029806137
2235 [ 0.  0.  0.  1.] -1 38.5220315933
2236 [ 0.  0.  0.  1.] -1 38.7173124313
2237 [ 0.  0.  0.  1.] -1 39.0630311966
2238 [ 0.  0.  0.  1.] -1 39.9156263351
2239 [ 0.  0.  0.  1.] -1 40.447511673
2240 [ 0.  0.  0.  1.] -1 41.6671272278
2241 [ 0.  0.  0.  1.] -1 42.1130159378
2242 [ 0.  0.  0.  1.] -1 40.1403156281
2243 [ 0.  0.  0.  1.] 0 41.1403156281
2244 [ 0.  0.  1.  0.] -2 41.8259363174
2245 [ 0.  0.  1.  0.] -1 42.6080673218
2246 [ 0.  0.  1.  0.] -1 43.6168081284
2247 [ 0.  0.  1.  0.] -1 46.7595989227
2248 [ 0.  0.  1.  0.] -1 46.1118808746
2249 [ 0.  0.  1.  0.] -1 46.2120544434
2250 [ 0.  0.  1.  0.] -1 47.917193985
2251 [ 0.  0.  1.  0.] -1 50.5486509323
2252 [ 0.  0.  1.  0.] -1 50.2102018356
2253 [ 0.  0.  1.  0.] -1 50.2635393143
2254 [ 0.  0.  1.  0.] -1 50.2070127487
2255 [ 0.  0.  1.  0.] 0 51.2070127487
2256 [ 0.  0.  0.  1.] -2 49.3184387207
2257 [ 0.  0.  0.  1.] -1 51.9353637695
2258 [ 0.  0.  0.  1.] -1 50.825985527
2259 [ 0.  0.  0.  1.] -1 50.4108823776
2260 [ 0.  0.  0.  1.] -1 51.7828746796
2261 [ 0.  0.  0.  1.] -1 53.3972122192
2262 [ 0.  0.  0.  1.] -1 52.0624959946
2263 [ 0.  0.  0.  1.] -1 74.8771766663
2264 [ 0.  0.  0.  1.] -1 77.6920749664
2265 [ 0.  0.  0.  1.] -1 79.55779953
2266 [ 0.  0.  0.  1.] -1 82.8466178894
2267 [ 0.  0.  0.  1.] 0 83.8466178894
2268 [ 1.  0.  0.  0.] -2 88.4373806
2269 [ 1.  0.  0.  0.] -1 89.5057720184
2270 [ 1.  0.  0.  0.] -1 87.7430187225
2271 [ 1.  0.  0.  0.] -1 86.3412918091
2272 [ 1.  0.  0.  0.] -1 86.594026947
2273 [ 1.  0.  0.  0.] -1 87.6342708588
2274 [ 1.  0.  0.  0.] -1 58.9943243027
2275 [ 1.  0.  0.  0.] -1 57.8228567123
2276 [ 1.  0.  0.  0.] -1 57.9989305496
2277 [ 1.  0.  0.  0.] -1 58.2410039902
2278 [ 1.  0.  0.  0.] -1 57.2263380051
2279 [ 1.  0.  0.  0.] 0 58.2263380051
2280 [ 0.  0.  0.  1.] -2 51.035084343
2281 [ 0.  0.  0.  1.] -1 53.7560424805
2282 [ 0.  0.  0.  1.] -1 49.1583105087
2283 [ 0.  0.  0.  1.] -1 51.7792108536
2284 [ 0.  0.  0.  1.] -1 51.8231513977
2285 [ 0.  0.  0.  1.] -1 54.3088054657
2286 [ 0.  0.  0.  1.] -1 55.2130130768
2287 [ 0.  0.  0.  1.] -1 56.9611473083
2288 [ 0.  0.  0.  1.] -1 59.3028974533
2289 [ 0.  0.  0.  1.] -1 61.5521568298
2290 [ 0.  0.  0.  1.] -1 52.13561306
2291 [ 0.  0.  0.  1.] -1 53.1837644577
2292 [ 0.  0.  0.  1.] -1 53.4937763214
2293 [ 0.  0.  0.  1.] -1 56.8371570587
2294 [ 0.  0.  0.  1.] -1 52.4485204697
2295 [ 0.  0.  0.  1.] -1 53.4246963501
2296 [ 0.  0.  0.  1.] -1 53.4639873505
2297 [ 0.  0.  0.  1.] -1 56.0062730789
2298 [ 0.  0.  0.  1.] -1 49.8331575394
2299 [ 0.  0.  0.  1.] -1 49.582774353
2300 [ 0.  0.  0.  1.] -1 49.8347303391
2301 [ 0.  0.  0.  1.] -1 50.1056396484
2302 [ 0.  0.  0.  1.] -1 43.4092420578
2303 [ 0.  0.  0.  1.] 0 44.4092420578
2304 [ 1.  0.  0.  0.] -2 56.1434978485
2305 [ 1.  0.  0.  0.] -1 57.6724912643
2306 [ 1.  0.  0.  0.] -1 59.4935070038
2307 [ 1.  0.  0.  0.] -1 59.9614837646
2308 [ 1.  0.  0.  0.] -1 60.2822841644
2309 [ 1.  0.  0.  0.] -1 59.5202119827
2310 [ 1.  0.  0.  0.] -1 56.838574028
2311 [ 1.  0.  0.  0.] -1 54.9407629013
2312 [ 1.  0.  0.  0.] -1 54.3234716415
2313 [ 1.  0.  0.  0.] -1 55.7787281036
2314 [ 1.  0.  0.  0.] -1 52.4042827606
2315 [ 1.  0.  0.  0.] 0 53.4042827606
2316 [ 0.  0.  0.  1.] -2 33.0455030441
2317 [ 0.  0.  0.  1.] -1 33.5278743744
2318 [ 0.  0.  0.  1.] -1 33.1836994171
2319 [ 0.  0.  0.  1.] -1 34.1088680267
2320 [ 0.  0.  0.  1.] -1 34.754161644
2321 [ 0.  0.  0.  1.] -1 35.593311882
2322 [ 0.  0.  0.  1.] -1 36.9641771317
2323 [ 0.  0.  0.  1.] -1 38.6106882095
2324 [ 0.  0.  0.  1.] -1 39.7805177689
2325 [ 0.  0.  0.  1.] -1 40.8036420822
2326 [ 0.  0.  0.  1.] -1 43.5571540833
2327 [ 0.  0.  0.  1.] 0 44.5571540833
2328 [ 1.  0.  0.  0.] -2 71.0803981781
2329 [ 1.  0.  0.  0.] -1 74.458587265
2330 [ 1.  0.  0.  0.] -1 83.7980819702
2331 [ 1.  0.  0.  0.] -1 87.2269302368
2332 [ 1.  0.  0.  0.] -1 86.6784942627
2333 [ 1.  0.  0.  0.] -1 90.584487915
2334 [ 1.  0.  0.  0.] -1 91.0143333435
2335 [ 1.  0.  0.  0.] -1 92.5402751923
2336 [ 1.  0.  0.  0.] -1 93.5765472412
2337 [ 1.  0.  0.  0.] -1 95.9554611206
2338 [ 1.  0.  0.  0.] -1 85.8569057465
2339 [ 1.  0.  0.  0.] 0 86.8569057465
2340 [ 0.  0.  0.  1.] -2 58.5588542938
2341 [ 0.  0.  0.  1.] -1 61.852779007
2342 [ 0.  0.  0.  1.] -1 61.4240135193
2343 [ 0.  0.  0.  1.] -1 62.55573349
2344 [ 0.  0.  0.  1.] -1 62.7244796753
2345 [ 0.  0.  0.  1.] -1 63.9437400818
2346 [ 0.  0.  0.  1.] -1 67.7496761322
2347 [ 0.  0.  0.  1.] -1 71.2310573578
2348 [ 0.  0.  0.  1.] -1 73.7647579193
2349 [ 0.  0.  0.  1.] -1 75.4042385101
2350 [ 0.  0.  0.  1.] -1 80.2543613434
2351 [ 0.  0.  0.  1.] -1 83.370331192
2352 [ 0.  0.  0.  1.] -1 85.8837085724
2353 [ 0.  0.  0.  1.] -1 88.9519798279
2354 [ 0.  0.  0.  1.] -1 102.794987106
2355 [ 0.  0.  0.  1.] -1 113.338862228
2356 [ 0.  0.  0.  1.] -1 118.099415207
2357 [ 0.  0.  0.  1.] -1 129.265705872
2358 [ 0.  0.  0.  1.] -1 149.268035889
2359 [ 0.  0.  0.  1.] -1 166.117779541
2360 [ 0.  0.  0.  1.] -1 170.804012299
2361 [ 0.  0.  0.  1.] -1 175.303958893
2362 [ 0.  0.  0.  1.] -1 255.317700195
2363 [ 0.  0.  0.  1.] 0 256.317700195
2364 [ 0.  0.  1.  0.] -2 146.541739655
2365 [ 0.  0.  1.  0.] -1 140.52150116
2366 [ 0.  0.  1.  0.] -1 131.432965851
2367 [ 0.  0.  1.  0.] -1 121.728327942
2368 [ 0.  0.  1.  0.] -1 117.239072037
2369 [ 0.  0.  1.  0.] -1 113.937729263
2370 [ 0.  0.  1.  0.] -1 104.197996902
2371 [ 0.  0.  1.  0.] -1 100.294329834
2372 [ 0.  0.  1.  0.] -1 97.2707637787
2373 [ 0.  0.  1.  0.] -1 96.5988521576
2374 [ 0.  0.  1.  0.] -1 90.1687976837
2375 [ 0.  0.  1.  0.] -1 49.5430303574
2376 [ 0.  0.  1.  0.] -1 48.9540966034
2377 [ 0.  0.  1.  0.] -1 48.7642698288
2378 [ 0.  0.  1.  0.] -1 47.6732469559
2379 [ 0.  0.  1.  0.] -1 39.4899158478
2380 [ 0.  0.  1.  0.] -1 38.9726060867
2381 [ 0.  0.  1.  0.] -1 37.9311807632
2382 [ 0.  0.  1.  0.] -1 38.9478906631
2383 [ 0.  0.  1.  0.] -1 34.881098175
2384 [ 0.  0.  1.  0.] -1 34.7072965622
2385 [ 0.  0.  1.  0.] -1 34.3115018845
2386 [ 0.  0.  1.  0.] -1 33.5014665604
2387 [ 0.  0.  1.  0.] 0 34.5014665604
2388 [ 0.  0.  0.  1.] -2 33.1083099365
2389 [ 0.  0.  0.  1.] -1 33.5767145157
2390 [ 0.  0.  0.  1.] -1 34.708862114
2391 [ 0.  0.  0.  1.] -1 34.4054422379
2392 [ 0.  0.  0.  1.] -1 34.1163370132
2393 [ 0.  0.  0.  1.] -1 33.7555534363
2394 [ 0.  0.  0.  1.] -1 46.9058801651
2395 [ 0.  0.  0.  1.] -1 50.3302782059
2396 [ 0.  0.  0.  1.] -1 51.1663009644
2397 [ 0.  0.  0.  1.] -1 54.2738922119
2398 [ 0.  0.  0.  1.] -1 61.8502349854
2399 [ 0.  0.  0.  1.] -1 74.3091930389
2400 [ 0.  0.  0.  1.] -1 70.5471576691
2401 [ 0.  0.  0.  1.] -1 68.3665615082
2402 [ 0.  0.  0.  1.] -1 67.2948326111
2403 [ 0.  0.  0.  1.] -1 58.5091409683
2404 [ 0.  0.  0.  1.] -1 56.9669710159
2405 [ 0.  0.  0.  1.] -1 56.3936637878
2406 [ 0.  0.  0.  1.] -1 55.9657571793
2407 [ 0.  0.  0.  1.] -1 55.4672485352
2408 [ 0.  0.  0.  1.] -1 55.787469101
2409 [ 0.  0.  0.  1.] -1 56.294751358
2410 [ 0.  0.  0.  1.] -1 57.2701625824
2411 [ 0.  0.  0.  1.] -1 52.7832984924
2412 [ 0.  0.  0.  1.] -1 53.3134225845
2413 [ 0.  0.  0.  1.] -1 53.607166481
2414 [ 0.  0.  0.  1.] -1 53.8244991302
2415 [ 0.  0.  0.  1.] -1 48.5301872253
2416 [ 0.  0.  0.  1.] -1 49.7153896332
2417 [ 0.  0.  0.  1.] -1 49.7387786865
2418 [ 0.  0.  0.  1.] -1 49.9129137039
2419 [ 0.  0.  0.  1.] -1 50.4225732803
2420 [ 0.  0.  0.  1.] -1 50.9875091553
2421 [ 0.  0.  0.  1.] -1 52.9883314133
2422 [ 0.  0.  0.  1.] -1 53.6467039108
2423 [ 0.  0.  0.  1.] -1 48.6657487869
2424 [ 0.  0.  0.  1.] 0 49.6657487869
2425 [ 0.  0.  1.  0.] -2 54.0966621399
2426 [ 0.  0.  1.  0.] -1 54.4140489578
2427 [ 0.  0.  1.  0.] -1 57.6127466202
2428 [ 0.  0.  1.  0.] -1 67.1701900482
2429 [ 0.  0.  1.  0.] -1 65.6507568359
2430 [ 0.  0.  1.  0.] -1 65.3947238922
2431 [ 0.  0.  1.  0.] -1 70.4281105042
2432 [ 0.  0.  1.  0.] -1 77.0655063629
2433 [ 0.  0.  1.  0.] -1 76.0397293091
2434 [ 0.  0.  1.  0.] -1 75.7462680817
2435 [ 0.  0.  1.  0.] -1 76.9337463379
2436 [ 0.  0.  1.  0.] 0 77.9337463379
2437 [ 0.  0.  0.  1.] -2 70.4061817169
2438 [ 0.  0.  0.  1.] -1 74.0399906158
2439 [ 0.  0.  0.  1.] -1 71.7587787628
2440 [ 0.  0.  0.  1.] -1 70.1717803955
2441 [ 0.  0.  0.  1.] -1 73.0382331848
2442 [ 0.  0.  0.  1.] -1 75.9857250214
2443 [ 0.  0.  0.  1.] -1 74.8713420868
2444 [ 0.  0.  0.  1.] -1 74.8771766663
2445 [ 0.  0.  0.  1.] -1 77.6920749664
2446 [ 0.  0.  0.  1.] -1 79.55779953
2447 [ 0.  0.  0.  1.] -1 82.8466178894
2448 [ 0.  0.  0.  1.] 0 83.8466178894
2449 [ 0.  0.  1.  0.] -2 95.6217121124
2450 [ 0.  0.  1.  0.] -1 99.2623847961
2451 [ 0.  0.  1.  0.] -1 103.080758286
2452 [ 0.  0.  1.  0.] -1 112.200003052
2453 [ 0.  0.  1.  0.] -1 115.457524872
2454 [ 0.  0.  1.  0.] -1 115.729191589
2455 [ 0.  0.  1.  0.] -1 118.851836777
2456 [ 0.  0.  1.  0.] -1 135.431660461
2457 [ 0.  0.  1.  0.] -1 135.211323547
2458 [ 0.  0.  1.  0.] -1 136.003869629
2459 [ 0.  0.  1.  0.] -1 136.121967316
2460 [ 0.  0.  1.  0.] 0 137.121967316
2461 [ 0.  0.  0.  1.] -2 155.766362
2462 [ 0.  0.  0.  1.] -1 164.692402649
2463 [ 0.  0.  0.  1.] -1 172.385712433
2464 [ 0.  0.  0.  1.] -1 177.528709412
2465 [ 0.  0.  0.  1.] -1 182.447803497
2466 [ 0.  0.  0.  1.] -1 188.04291153
2467 [ 0.  0.  0.  1.] -1 190.673763275
2468 [ 0.  0.  0.  1.] -1 193.200505829
2469 [ 0.  0.  0.  1.] -1 196.658490753
2470 [ 0.  0.  0.  1.] -1 200.435543823
2471 [ 0.  0.  0.  1.] -1 161.717578888
2472 [ 0.  0.  0.  1.] -1 160.008431244
2473 [ 0.  0.  0.  1.] -1 160.059065247
2474 [ 0.  0.  0.  1.] -1 158.779458618
2475 [ 0.  0.  0.  1.] -101 -101
