0 [ 0.  1.  0.  0.] -1 58.8381895065
1 [ 0.  1.  0.  0.] -1 58.5222162247
2 [ 0.  1.  0.  0.] -1 59.9712612152
3 [ 0.  1.  0.  0.] -1 63.3404373169
4 [ 0.  1.  0.  0.] -1 63.8623966217
5 [ 0.  1.  0.  0.] 9 75.0725753784
6 [ 0.  1.  0.  0.] -1 57.3887132645
7 [ 0.  1.  0.  0.] -1 60.0456321716
8 [ 0.  1.  0.  0.] -1 61.3883537292
9 [ 0.  1.  0.  0.] 9 73.3943618774
10 [ 0.  1.  0.  0.] -1 62.938779068
11 [ 0.  1.  0.  0.] -1 63.7843292236
12 [ 0.  1.  0.  0.] -1 65.8547786713
13 [ 0.  1.  0.  0.] 9 75.711472702
14 [ 0.  1.  0.  0.] -1 53.018627739
15 [ 0.  1.  0.  0.] -1 54.5140920639
16 [ 0.  1.  0.  0.] -1 54.6760650635
17 [ 0.  1.  0.  0.] 9 63.0306955338
18 [ 0.  1.  0.  0.] 0 54.0306955338
19 [ 0.  0.  1.  0.] -2 43.8938598633
20 [ 0.  0.  1.  0.] -1 46.1483705521
21 [ 0.  0.  1.  0.] 9 57.1232345581
22 [ 0.  0.  1.  0.] -1 46.0056625366
23 [ 0.  0.  1.  0.] -1 47.7645816803
24 [ 0.  0.  1.  0.] -1 46.9582355499
25 [ 0.  0.  1.  0.] 9 58.9709951401
26 [ 0.  0.  1.  0.] -1 41.9663614273
27 [ 0.  0.  1.  0.] -1 42.9559967041
28 [ 0.  0.  1.  0.] -1 42.5324062347
29 [ 0.  0.  1.  0.] 9 53.7221132278
30 [ 0.  0.  1.  0.] 0 44.7221132278
31 [ 0.  0.  0.  1.] -2 52.1433971405
32 [ 0.  0.  0.  1.] -1 55.188609314
33 [ 0.  0.  0.  1.] -1 46.9328134537
34 [ 0.  0.  0.  1.] -1 47.9811206818
35 [ 0.  0.  0.  1.] -1 47.7412288666
36 [ 0.  0.  0.  1.] -1 49.0117357254
37 [ 0.  0.  0.  1.] -1 50.4641908646
38 [ 0.  0.  0.  1.] -1 51.51814785
39 [ 0.  0.  0.  1.] -1 41.2177885056
40 [ 0.  0.  0.  1.] -1 39.792266655
41 [ 0.  0.  0.  1.] -1 35.6820953369
42 [ 0.  0.  0.  1.] 0 36.6820953369
43 [ 0.  0.  1.  0.] -2 43.4994459152
44 [ 0.  0.  1.  0.] -1 44.5725412369
45 [ 0.  0.  1.  0.] -1 48.458697319
46 [ 0.  0.  1.  0.] -1 42.7623720169
47 [ 0.  0.  1.  0.] -1 40.9532827377
48 [ 0.  0.  1.  0.] -1 41.4676462173
49 [ 0.  0.  1.  0.] -1 43.3497909546
50 [ 0.  0.  1.  0.] -1 35.024237442
51 [ 0.  0.  1.  0.] -1 34.5771093369
52 [ 0.  0.  1.  0.] -1 35.2544822693
53 [ 0.  0.  1.  0.] -1 37.284821701
54 [ 0.  0.  1.  0.] 0 38.284821701
55 [ 0.  0.  0.  1.] -2 36.2311471939
56 [ 0.  0.  0.  1.] -1 38.4218761444
57 [ 0.  0.  0.  1.] -1 36.0158332825
58 [ 0.  0.  0.  1.] -1 35.8801521301
59 [ 0.  0.  0.  1.] -1 35.831975174
60 [ 0.  0.  0.  1.] -1 36.7092458725
61 [ 0.  0.  0.  1.] -1 33.7392854691
62 [ 0.  0.  0.  1.] -1 33.7308561325
63 [ 0.  0.  0.  1.] -1 33.5308822632
64 [ 0.  0.  0.  1.] -1 33.1459341049
65 [ 0.  0.  0.  1.] -1 30.2438070297
66 [ 0.  0.  0.  1.] -1 30.6445158005
67 [ 0.  0.  0.  1.] -1 30.5492055893
68 [ 0.  0.  0.  1.] -1 30.9442102432
69 [ 0.  0.  0.  1.] -1 28.8445462227
70 [ 0.  0.  0.  1.] -1 28.5698861122
71 [ 0.  0.  0.  1.] -1 28.2713585854
72 [ 0.  0.  0.  1.] -1 27.9363160133
73 [ 0.  0.  0.  1.] -1 28.5488707542
74 [ 0.  0.  0.  1.] -1 28.6733810425
75 [ 0.  0.  0.  1.] -1 28.7579317093
76 [ 0.  0.  0.  1.] -1 28.5551782608
77 [ 0.  0.  0.  1.] -1 27.3058842659
78 [ 0.  0.  0.  1.] 0 28.3058842659
79 [ 0.  0.  1.  0.] -2 26.3342997551
80 [ 0.  0.  1.  0.] -1 27.3133242607
81 [ 0.  0.  1.  0.] -1 28.5585503578
82 [ 0.  0.  1.  0.] -1 33.3240373611
83 [ 0.  0.  1.  0.] -1 31.6956605911
84 [ 0.  0.  1.  0.] -1 30.895457077
85 [ 0.  0.  1.  0.] -1 36.8344900131
86 [ 0.  0.  1.  0.] -1 37.7059152603
87 [ 0.  0.  1.  0.] -1 37.206652832
88 [ 0.  0.  1.  0.] -1 36.028219986
89 [ 0.  0.  1.  0.] -1 38.9536998749
90 [ 0.  0.  1.  0.] -1 36.0642747879
91 [ 0.  0.  1.  0.] -1 35.7775686264
92 [ 0.  0.  1.  0.] -1 35.6056804657
93 [ 0.  0.  1.  0.] -1 41.1552425385
94 [ 0.  0.  1.  0.] -1 42.5705991745
95 [ 0.  0.  1.  0.] -1 41.9601861954
96 [ 0.  0.  1.  0.] -1 41.4029512405
97 [ 0.  0.  1.  0.] -1 46.773163414
98 [ 0.  0.  1.  0.] -1 50.3890516281
99 [ 0.  0.  1.  0.] -1 112.50149498
100 [ 0.  0.  1.  0.] -1 111.593866348
101 [ 0.  0.  1.  0.] -1 134.264802551
102 [ 0.  0.  1.  0.] 0 135.264802551
103 [ 0.  1.  0.  0.] -2 225.049710083
104 [ 0.  1.  0.  0.] -1 226.867725372
105 [ 0.  1.  0.  0.] -1 226.691267395
106 [ 0.  1.  0.  0.] -1 197.470693207
107 [ 0.  1.  0.  0.] -1 199.286631775
108 [ 0.  1.  0.  0.] -1 204.272000885
109 [ 0.  1.  0.  0.] -1 205.574264526
110 [ 0.  1.  0.  0.] -1 221.911826324
111 [ 0.  1.  0.  0.] -1 225.951674652
112 [ 0.  1.  0.  0.] -1 223.868374634
113 [ 0.  1.  0.  0.] -1 214.87384491
114 [ 0.  1.  0.  0.] -1 165.85594101
115 [ 0.  1.  0.  0.] -1 162.63229599
116 [ 0.  1.  0.  0.] -1 157.563822174
117 [ 0.  1.  0.  0.] -101 -101
118 [ 0.  1.  0.  0.] -2 52.5639543533
119 [ 0.  1.  0.  0.] -1 53.0952238083
120 [ 0.  1.  0.  0.] -1 55.0404182434
121 [ 0.  1.  0.  0.] -1 57.7483625412
122 [ 0.  1.  0.  0.] -1 60.3041221619
123 [ 0.  1.  0.  0.] 0 61.3041221619
124 [ 1.  0.  0.  0.] -2 78.8819992065
125 [ 1.  0.  0.  0.] -1 78.5721107483
126 [ 1.  0.  0.  0.] 9 82.3406131744
127 [ 1.  0.  0.  0.] -1 73.4792621613
128 [ 1.  0.  0.  0.] -1 73.4717170715
129 [ 1.  0.  0.  0.] -1 73.6282360077
130 [ 1.  0.  0.  0.] 9 71.4668560028
131 [ 1.  0.  0.  0.] -1 62.0842487335
132 [ 1.  0.  0.  0.] -1 61.3290512085
133 [ 1.  0.  0.  0.] -1 62.6445278168
134 [ 1.  0.  0.  0.] 9 74.220357132
135 [ 1.  0.  0.  0.] 0 65.220357132
136 [ 0.  1.  0.  0.] -2 50.0525484085
137 [ 0.  1.  0.  0.] -1 50.6335748672
138 [ 0.  1.  0.  0.] 9 62.8985296249
139 [ 0.  1.  0.  0.] -1 56.9659273148
140 [ 0.  1.  0.  0.] -1 57.4994651794
141 [ 0.  1.  0.  0.] -1 59.0977666855
142 [ 0.  1.  0.  0.] 9 71.3637325287
143 [ 0.  1.  0.  0.] -1 61.4223247528
144 [ 0.  1.  0.  0.] -1 61.9666004181
145 [ 0.  1.  0.  0.] -1 61.9232288361
146 [ 0.  1.  0.  0.] 9 73.9461971283
147 [ 0.  1.  0.  0.] 0 64.9461971283
148 [ 1.  0.  0.  0.] -2 93.3662448883
149 [ 1.  0.  0.  0.] -1 95.8943901062
150 [ 1.  0.  0.  0.] 9 112.200787735
151 [ 1.  0.  0.  0.] -1 103.656598663
152 [ 1.  0.  0.  0.] -1 104.042224503
153 [ 1.  0.  0.  0.] -1 105.641747284
154 [ 1.  0.  0.  0.] 9 131.09078598
155 [ 1.  0.  0.  0.] -1 91.4953418732
156 [ 1.  0.  0.  0.] -1 91.7179836273
157 [ 1.  0.  0.  0.] -1 91.9289344788
158 [ 1.  0.  0.  0.] 9 100.859742355
159 [ 1.  0.  0.  0.] 0 91.8597423553
160 [ 0.  1.  0.  0.] -2 54.8948833466
161 [ 0.  1.  0.  0.] -1 55.9939733505
162 [ 0.  1.  0.  0.] 9 65.9361421585
163 [ 0.  1.  0.  0.] -1 59.0558555603
164 [ 0.  1.  0.  0.] -1 60.2591705322
165 [ 0.  1.  0.  0.] -1 61.0519630432
166 [ 0.  1.  0.  0.] 9 71.0172672272
167 [ 0.  1.  0.  0.] -1 64.2192409515
168 [ 0.  1.  0.  0.] -1 65.4730522156
169 [ 0.  1.  0.  0.] -1 66.5376056671
170 [ 0.  1.  0.  0.] 9 76.6047721863
171 [ 0.  1.  0.  0.] 0 67.6047721863
172 [ 0.  0.  1.  0.] -2 56.0500684738
173 [ 0.  0.  1.  0.] -1 56.6104166031
174 [ 0.  0.  1.  0.] 9 67.5281415939
175 [ 0.  0.  1.  0.] -1 51.1594842911
176 [ 0.  0.  1.  0.] -1 50.8091993332
177 [ 0.  0.  1.  0.] -1 49.9859836578
178 [ 0.  0.  1.  0.] 9 61.544370842
179 [ 0.  0.  1.  0.] -1 45.9353794098
180 [ 0.  0.  1.  0.] -1 45.7911022186
181 [ 0.  0.  1.  0.] -1 45.0996501923
182 [ 0.  0.  1.  0.] 9 55.5649742126
183 [ 0.  0.  1.  0.] -1 41.2852956772
184 [ 0.  0.  1.  0.] -1 40.8266832352
185 [ 0.  0.  1.  0.] -1 40.262541008
186 [ 0.  0.  1.  0.] 9 51.3395645142
187 [ 0.  0.  1.  0.] -1 41.817760849
188 [ 0.  0.  1.  0.] -1 41.3975624084
189 [ 0.  0.  1.  0.] -1 40.4380857468
190 [ 0.  0.  1.  0.] 9 51.2016147614
191 [ 0.  0.  1.  0.] -1 31.4912763596
192 [ 0.  0.  1.  0.] -1 31.1908100128
193 [ 0.  0.  1.  0.] -1 31.2819200516
194 [ 0.  0.  1.  0.] 9 42.1166055679
195 [ 0.  0.  1.  0.] 0 33.1166055679
196 [ 0.  1.  0.  0.] -2 41.9297121048
197 [ 0.  1.  0.  0.] -1 42.4680845261
198 [ 0.  1.  0.  0.] 9 52.6372039795
199 [ 0.  1.  0.  0.] -1 41.1126174927
200 [ 0.  1.  0.  0.] -1 41.8691087723
201 [ 0.  1.  0.  0.] -1 42.538258934
202 [ 0.  1.  0.  0.] 9 53.0780952454
203 [ 0.  1.  0.  0.] -1 46.8026044846
204 [ 0.  1.  0.  0.] -1 47.1855848312
205 [ 0.  1.  0.  0.] -1 47.5282268524
206 [ 0.  1.  0.  0.] 9 57.1812578201
207 [ 0.  1.  0.  0.] -1 48.6471868515
208 [ 0.  1.  0.  0.] -1 49.0142688751
209 [ 0.  1.  0.  0.] -1 49.6241020203
210 [ 0.  1.  0.  0.] 9 60.0926187515
211 [ 0.  1.  0.  0.] -1 53.9088939667
212 [ 0.  1.  0.  0.] -1 55.076889801
213 [ 0.  1.  0.  0.] -1 55.6663780212
214 [ 0.  1.  0.  0.] 9 65.6030347824
215 [ 0.  1.  0.  0.] 0 56.6030347824
216 [ 1.  0.  0.  0.] -2 232.583695984
217 [ 1.  0.  0.  0.] -1 242.592721558
218 [ 1.  0.  0.  0.] 9 278.616830444
219 [ 1.  0.  0.  0.] -1 276.167631531
220 [ 1.  0.  0.  0.] -1 277.727587891
221 [ 1.  0.  0.  0.] -1 275.703010559
222 [ 1.  0.  0.  0.] 9 247.452116394
223 [ 1.  0.  0.  0.] -1 243.681359863
224 [ 1.  0.  0.  0.] -1 232.625302887
225 [ 1.  0.  0.  0.] -1 248.169477844
226 [ 1.  0.  0.  0.] 9 314.141142273
227 [ 1.  0.  0.  0.] -1 315.736256409
228 [ 1.  0.  0.  0.] -1 312.240524292
229 [ 1.  0.  0.  0.] -1 321.674394226
230 [ 1.  0.  0.  0.] 49 1488.60149536
231 [ 1.  0.  0.  0.] -1 1517.41067505
232 [ 1.  0.  0.  0.] -1 1552.70702515
233 [ 1.  0.  0.  0.] -1 1657.54657593
234 [ 1.  0.  0.  0.] 9 1815.19782104
235 [ 1.  0.  0.  0.] -1 1831.67628784
236 [ 1.  0.  0.  0.] -1 1849.63165894
237 [ 1.  0.  0.  0.] -1 1852.75568848
238 [ 1.  0.  0.  0.] 9 1821.91879272
239 [ 1.  0.  0.  0.] 0 1812.91879272
240 [ 0.  0.  0.  1.] -2 468.53084259
241 [ 0.  0.  0.  1.] -1 459.046342468
242 [ 0.  0.  0.  1.] 9 422.577026367
243 [ 0.  0.  0.  1.] -1 395.588412476
244 [ 0.  0.  0.  1.] -1 385.349559021
245 [ 0.  0.  0.  1.] -1 378.227081299
246 [ 0.  0.  0.  1.] 9 365.486775208
247 [ 0.  0.  0.  1.] -1 350.843174744
248 [ 0.  0.  0.  1.] -1 349.907931519
249 [ 0.  0.  0.  1.] -1 346.909725952
250 [ 0.  0.  0.  1.] 9 324.391911316
251 [ 0.  0.  0.  1.] -1 304.217912292
252 [ 0.  0.  0.  1.] -1 297.689677429
253 [ 0.  0.  0.  1.] -1 295.129507446
254 [ 0.  0.  0.  1.] 9 329.266604614
255 [ 0.  0.  0.  1.] -1 324.634649658
256 [ 0.  0.  0.  1.] -1 329.839703369
257 [ 0.  0.  0.  1.] -1 324.445072937
258 [ 0.  0.  0.  1.] -1 300.347781372
259 [ 0.  0.  0.  1.] -1 292.190357971
260 [ 0.  0.  0.  1.] -1 286.966604614
261 [ 0.  0.  0.  1.] -1 285.794238281
262 [ 0.  0.  0.  1.] -1 234.089398193
263 [ 0.  0.  0.  1.] -1 230.598217773
264 [ 0.  0.  0.  1.] -1 230.54730835
265 [ 0.  0.  0.  1.] -1 240.268862915
266 [ 0.  0.  0.  1.] -1 268.340104675
267 [ 0.  0.  0.  1.] -1 285.562565613
268 [ 0.  0.  0.  1.] -1 294.160720825
269 [ 0.  0.  0.  1.] -1 291.988749695
270 [ 0.  0.  0.  1.] -1 284.10390625
271 [ 0.  0.  0.  1.] -1 278.589424133
272 [ 0.  0.  0.  1.] -1 286.200846863
273 [ 0.  0.  0.  1.] -1 286.75308075
274 [ 0.  0.  0.  1.] 9 269.925901794
275 [ 0.  0.  0.  1.] -1 260.112927246
276 [ 0.  0.  0.  1.] -1 263.670614624
277 [ 0.  0.  0.  1.] -1 264.69135437
278 [ 0.  0.  0.  1.] 9 269.188265991
279 [ 0.  0.  0.  1.] -1 269.943432617
280 [ 0.  0.  0.  1.] -1 277.010797119
281 [ 0.  0.  0.  1.] -1 282.241044617
282 [ 0.  0.  0.  1.] 9 308.823194885
283 [ 0.  0.  0.  1.] -1 303.747666931
284 [ 0.  0.  0.  1.] -1 312.913827515
285 [ 0.  0.  0.  1.] -1 319.615055847
286 [ 0.  0.  0.  1.] 9 317.988601685
287 [ 0.  0.  0.  1.] -1 311.722616577
288 [ 0.  0.  0.  1.] -1 323.033206177
289 [ 0.  0.  0.  1.] -1 336.323001099
290 [ 0.  0.  0.  1.] 9 352.555839539
291 [ 0.  0.  0.  1.] -1 357.405619812
292 [ 0.  0.  0.  1.] -1 365.383062744
293 [ 0.  0.  0.  1.] -1 374.814990234
294 [ 0.  0.  0.  1.] 9 392.084716797
295 [ 0.  0.  0.  1.] -1 388.724714661
296 [ 0.  0.  0.  1.] -1 392.157795715
297 [ 0.  0.  0.  1.] -1 392.512857056
298 [ 0.  0.  0.  1.] 9 410.344181824
299 [ 0.  0.  0.  1.] -1 405.949813843
300 [ 0.  0.  0.  1.] -1 410.449702454
301 [ 0.  0.  0.  1.] -1 414.263618469
302 [ 0.  0.  0.  1.] 9 431.733039856
303 [ 0.  0.  0.  1.] -1 430.077198792
304 [ 0.  0.  0.  1.] -1 440.291061401
305 [ 0.  0.  0.  1.] -1 450.394320679
306 [ 0.  0.  0.  1.] 9 536.446447754
307 [ 0.  0.  0.  1.] -1 545.488253784
308 [ 0.  0.  0.  1.] -1 561.971600342
309 [ 0.  0.  0.  1.] -1 582.260861206
310 [ 0.  0.  0.  1.] 9 616.621136475
311 [ 0.  0.  0.  1.] -1 621.795333862
312 [ 0.  0.  0.  1.] -1 634.565945435
313 [ 0.  0.  0.  1.] -1 645.94744873
314 [ 0.  0.  0.  1.] 9 711.520535278
315 [ 0.  0.  0.  1.] -1 719.803048706
316 [ 0.  0.  0.  1.] -1 741.070373535
317 [ 0.  0.  0.  1.] -1 757.263223267
318 [ 0.  0.  0.  1.] 9 806.88739624
319 [ 0.  0.  0.  1.] -1 809.385775757
320 [ 0.  0.  0.  1.] -1 832.602154541
321 [ 0.  0.  0.  1.] -1 860.099679565
322 [ 0.  0.  0.  1.] 9 927.049407959
323 [ 0.  0.  0.  1.] -1 950.542474365
324 [ 0.  0.  0.  1.] -1 977.362463379
325 [ 0.  0.  0.  1.] -1 1007.30045166
326 [ 0.  0.  0.  1.] 9 1059.02217407
327 [ 0.  0.  0.  1.] -1 1068.56350708
328 [ 0.  0.  0.  1.] -1 1084.16567993
329 [ 0.  0.  0.  1.] -1 1084.30333252
330 [ 0.  0.  0.  1.] 9 1221.95935059
331 [ 0.  0.  0.  1.] -1 1244.72368164
332 [ 0.  0.  0.  1.] -1 1293.11639404
333 [ 0.  0.  0.  1.] -1 1317.82312012
334 [ 0.  0.  0.  1.] 9 1350.46865234
335 [ 0.  0.  0.  1.] -1 1399.43382568
336 [ 0.  0.  0.  1.] -1 1457.21289062
337 [ 0.  0.  0.  1.] -1 1526.87866821
338 [ 0.  0.  0.  1.] 9 1806.71693726
339 [ 0.  0.  0.  1.] 0 1797.71693726
340 [ 0.  0.  1.  0.] -2 1736.02024536
341 [ 0.  0.  1.  0.] -1 1744.41695557
342 [ 0.  0.  1.  0.] 9 1721.89963379
343 [ 0.  0.  1.  0.] -1 1834.16644287
344 [ 0.  0.  1.  0.] -1 1838.16497803
345 [ 0.  0.  1.  0.] -1 1889.39389038
346 [ 0.  0.  1.  0.] 49 1574.71832275
347 [ 0.  0.  1.  0.] -1 1440.43829346
348 [ 0.  0.  1.  0.] -1 1436.29016113
349 [ 0.  0.  1.  0.] -1 1427.24161987
350 [ 0.  0.  1.  0.] 9 1397.64301758
351 [ 0.  0.  1.  0.] -1 1418.93410645
352 [ 0.  0.  1.  0.] -1 1413.39077759
353 [ 0.  0.  1.  0.] -1 1415.90540161
354 [ 0.  0.  1.  0.] 9 1368.86087036
355 [ 0.  0.  1.  0.] -1 1391.11668701
356 [ 0.  0.  1.  0.] -1 1389.51727295
357 [ 0.  0.  1.  0.] -1 1380.45040894
358 [ 0.  0.  1.  0.] 9 1328.63094482
359 [ 0.  0.  1.  0.] -1 1236.31678467
360 [ 0.  0.  1.  0.] -1 1241.11885376
361 [ 0.  0.  1.  0.] -1 1236.5862915
362 [ 0.  0.  1.  0.] 9 1188.14772339
363 [ 0.  0.  1.  0.] 0 1179.14772339
364 [ 0.  1.  0.  0.] -2 817.737976074
365 [ 0.  1.  0.  0.] -1 804.803289795
366 [ 0.  1.  0.  0.] 9 803.283959961
367 [ 0.  1.  0.  0.] -1 738.172015381
368 [ 0.  1.  0.  0.] -1 721.933996582
369 [ 0.  1.  0.  0.] -1 703.809661865
370 [ 0.  1.  0.  0.] 9 712.824060059
371 [ 0.  1.  0.  0.] 0 703.824060059
372 [ 0.  0.  1.  0.] -2 692.82689209
373 [ 0.  0.  1.  0.] -1 690.686685181
374 [ 0.  0.  1.  0.] 9 681.219512939
375 [ 0.  0.  1.  0.] -1 677.468151855
376 [ 0.  0.  1.  0.] -1 672.84432373
377 [ 0.  0.  1.  0.] -1 658.142633057
378 [ 0.  0.  1.  0.] 9 650.383071899
379 [ 0.  0.  1.  0.] -1 619.034106445
380 [ 0.  0.  1.  0.] -1 621.768835449
381 [ 0.  0.  1.  0.] -1 612.062414551
382 [ 0.  0.  1.  0.] 9 624.537088013
383 [ 0.  0.  1.  0.] -1 519.871594238
384 [ 0.  0.  1.  0.] -1 500.542654419
385 [ 0.  0.  1.  0.] -1 496.781503296
386 [ 0.  0.  1.  0.] 9 503.406289673
387 [ 0.  0.  1.  0.] -1 414.00872345
388 [ 0.  0.  1.  0.] -1 418.817431641
389 [ 0.  0.  1.  0.] -1 411.671702576
390 [ 0.  0.  1.  0.] 9 427.407507324
391 [ 0.  0.  1.  0.] -1 267.945672607
392 [ 0.  0.  1.  0.] -1 259.548168945
393 [ 0.  0.  1.  0.] -1 245.571299744
394 [ 0.  0.  1.  0.] 9 264.081175232
395 [ 0.  0.  1.  0.] 0 255.081175232
396 [ 0.  0.  0.  1.] -2 273.415779114
397 [ 0.  0.  0.  1.] -1 298.123074341
398 [ 0.  0.  0.  1.] -1 303.475028992
399 [ 0.  0.  0.  1.] -1 315.394067383
400 [ 0.  0.  0.  1.] -1 328.686384583
401 [ 0.  0.  0.  1.] -1 356.81030426
402 [ 0.  0.  0.  1.] -1 392.903665161
403 [ 0.  0.  0.  1.] -1 410.197996521
404 [ 0.  0.  0.  1.] -1 422.336009216
405 [ 0.  0.  0.  1.] -1 435.831007385
406 [ 0.  0.  0.  1.] -1 470.853907776
407 [ 0.  0.  0.  1.] -1 145.484053802
408 [ 0.  0.  0.  1.] -1 136.494829559
409 [ 0.  0.  0.  1.] -1 132.273841095
410 [ 0.  0.  0.  1.] -1 127.662595367
411 [ 0.  0.  0.  1.] -1 120.616061401
412 [ 0.  0.  0.  1.] -1 116.438060379
413 [ 0.  0.  0.  1.] -1 114.423405457
414 [ 0.  0.  0.  1.] -1 112.634907532
415 [ 0.  0.  0.  1.] -1 106.127148056
416 [ 0.  0.  0.  1.] -1 106.870314026
417 [ 0.  0.  0.  1.] -1 106.904951859
418 [ 0.  0.  0.  1.] -1 107.253352356
419 [ 0.  0.  0.  1.] 9 119.719154358
420 [ 0.  0.  0.  1.] 0 110.719154358
421 [ 1.  0.  0.  0.] -2 301.929898071
422 [ 1.  0.  0.  0.] -1 331.484605408
423 [ 1.  0.  0.  0.] 9 288.063572693
424 [ 1.  0.  0.  0.] -1 302.4652771
425 [ 1.  0.  0.  0.] -1 306.263102722
426 [ 1.  0.  0.  0.] -1 304.64356842
427 [ 1.  0.  0.  0.] 9 230.105875397
428 [ 1.  0.  0.  0.] -1 219.960235596
429 [ 1.  0.  0.  0.] -1 214.701286316
430 [ 1.  0.  0.  0.] -1 218.204440308
431 [ 1.  0.  0.  0.] 9 251.77728653
432 [ 1.  0.  0.  0.] -1 246.68162384
433 [ 1.  0.  0.  0.] -1 255.167697144
434 [ 1.  0.  0.  0.] -1 253.606465149
435 [ 1.  0.  0.  0.] 9 368.173667908
436 [ 1.  0.  0.  0.] -1 356.18550415
437 [ 1.  0.  0.  0.] -1 363.443170166
438 [ 1.  0.  0.  0.] -1 380.740313721
439 [ 1.  0.  0.  0.] 9 377.441096497
440 [ 1.  0.  0.  0.] -1 388.434043884
441 [ 1.  0.  0.  0.] -1 377.64069519
442 [ 1.  0.  0.  0.] -1 381.887283325
443 [ 1.  0.  0.  0.] -1 395.355290222
444 [ 1.  0.  0.  0.] 0 396.355290222
445 [ 0.  0.  0.  1.] -2 123.134131622
446 [ 0.  0.  0.  1.] -1 125.235874176
447 [ 0.  0.  0.  1.] -1 100.096490479
448 [ 0.  0.  0.  1.] -1 96.6944232941
449 [ 0.  0.  0.  1.] -1 95.3508682251
450 [ 0.  0.  0.  1.] -1 91.4699596405
451 [ 0.  0.  0.  1.] -1 101.25419426
452 [ 0.  0.  0.  1.] -1 99.9906852722
453 [ 0.  0.  0.  1.] -1 100.865886688
454 [ 0.  0.  0.  1.] -1 98.1466175079
455 [ 0.  0.  0.  1.] -1 81.9360176086
456 [ 0.  0.  0.  1.] -1 78.4340522766
457 [ 0.  0.  0.  1.] -1 77.8445858002
458 [ 0.  0.  0.  1.] -1 78.9181194305
459 [ 0.  0.  0.  1.] 9 87.4987438202
460 [ 0.  0.  0.  1.] -1 77.2619758606
461 [ 0.  0.  0.  1.] -1 77.6873783112
462 [ 0.  0.  0.  1.] -1 81.1215103149
463 [ 0.  0.  0.  1.] 9 102.613892365
464 [ 0.  0.  0.  1.] -1 93.2079612732
465 [ 0.  0.  0.  1.] -1 96.6858634949
466 [ 0.  0.  0.  1.] -1 98.4724334717
467 [ 0.  0.  0.  1.] -1 93.5114536285
468 [ 0.  0.  0.  1.] 0 94.5114536285
469 [ 0.  0.  1.  0.] -2 73.9840908051
470 [ 0.  0.  1.  0.] -1 75.9315685272
471 [ 0.  0.  1.  0.] -1 78.8075813293
472 [ 0.  0.  1.  0.] -1 76.7064949036
473 [ 0.  0.  1.  0.] -1 78.8704933167
474 [ 0.  0.  1.  0.] -1 75.5155593872
475 [ 0.  0.  1.  0.] -1 81.9022857666
476 [ 0.  0.  1.  0.] -1 69.0346172333
477 [ 0.  0.  1.  0.] -1 71.5629325867
478 [ 0.  0.  1.  0.] -1 70.944764328
479 [ 0.  0.  1.  0.] -1 74.287695694
480 [ 0.  0.  1.  0.] 0 75.287695694
481 [ 0.  1.  0.  0.] -2 103.051422119
482 [ 0.  1.  0.  0.] -1 101.39120903
483 [ 0.  1.  0.  0.] 9 119.687741852
484 [ 0.  1.  0.  0.] -1 125.282594299
485 [ 0.  1.  0.  0.] -1 131.869885254
486 [ 0.  1.  0.  0.] -1 135.677539062
487 [ 0.  1.  0.  0.] 9 154.21120224
488 [ 0.  1.  0.  0.] -1 172.656147003
489 [ 0.  1.  0.  0.] -1 175.946574402
490 [ 0.  1.  0.  0.] -1 176.678730774
491 [ 0.  1.  0.  0.] 9 206.058275604
492 [ 0.  1.  0.  0.] -1 175.771189117
493 [ 0.  1.  0.  0.] -1 188.945611572
494 [ 0.  1.  0.  0.] -1 187.951674652
495 [ 0.  1.  0.  0.] 9 208.62335968
496 [ 0.  1.  0.  0.] -1 170.101021576
497 [ 0.  1.  0.  0.] -1 171.719004822
498 [ 0.  1.  0.  0.] -1 175.594151306
499 [ 0.  1.  0.  0.] 9 202.144584656
500 [ 0.  1.  0.  0.] -1 204.417727661
501 [ 0.  1.  0.  0.] -1 208.15867157
502 [ 0.  1.  0.  0.] -1 205.360450745
503 [ 0.  1.  0.  0.] -1 206.835084534
504 [ 0.  1.  0.  0.] 0 207.835084534
505 [ 0.  0.  1.  0.] -2 107.233648682
506 [ 0.  0.  1.  0.] -1 108.407787323
507 [ 0.  0.  1.  0.] -1 116.424521255
508 [ 0.  0.  1.  0.] -1 118.589585114
509 [ 0.  0.  1.  0.] -1 116.542089844
510 [ 0.  0.  1.  0.] -1 116.760092926
511 [ 0.  0.  1.  0.] -1 121.469895935
512 [ 0.  0.  1.  0.] -1 112.565015793
513 [ 0.  0.  1.  0.] -1 112.820280457
514 [ 0.  0.  1.  0.] -1 112.186920547
515 [ 0.  0.  1.  0.] -1 118.100915527
516 [ 0.  0.  1.  0.] 0 119.100915527
517 [ 0.  1.  0.  0.] -2 132.705422211
518 [ 0.  1.  0.  0.] -1 134.494909668
519 [ 0.  1.  0.  0.] -1 137.141402435
520 [ 0.  1.  0.  0.] -1 172.812426758
521 [ 0.  1.  0.  0.] -1 186.87469101
522 [ 0.  1.  0.  0.] -1 208.17036972
523 [ 0.  1.  0.  0.] -1 212.286292267
524 [ 0.  1.  0.  0.] -1 254.255618286
525 [ 0.  1.  0.  0.] -1 280.86217041
526 [ 0.  1.  0.  0.] -1 318.345219421
527 [ 0.  1.  0.  0.] -1 345.857704163
528 [ 0.  1.  0.  0.] -1 448.952215576
529 [ 0.  1.  0.  0.] -1 383.839033508
530 [ 0.  1.  0.  0.] -1 377.640608215
531 [ 0.  1.  0.  0.] -1 384.022058105
532 [ 0.  1.  0.  0.] -1 378.039041138
533 [ 0.  1.  0.  0.] -1 312.349272156
534 [ 0.  1.  0.  0.] -1 306.296327209
535 [ 0.  1.  0.  0.] -1 311.535736084
536 [ 0.  1.  0.  0.] -1 300.989686584
537 [ 0.  1.  0.  0.] -1 336.301721191
538 [ 0.  1.  0.  0.] -1 314.338769531
539 [ 0.  1.  0.  0.] -1 323.456542969
540 [ 0.  1.  0.  0.] -1 316.214329529
541 [ 0.  1.  0.  0.] 0 317.214329529
542 [ 0.  0.  1.  0.] -2 200.809185028
543 [ 0.  0.  1.  0.] -1 198.100914764
544 [ 0.  0.  1.  0.] 9 207.651717377
545 [ 0.  0.  1.  0.] -1 30.524077034
546 [ 0.  0.  1.  0.] -1 30.967845726
547 [ 0.  0.  1.  0.] -1 31.4983901978
548 [ 0.  0.  1.  0.] 9 39.656101799
549 [ 0.  0.  1.  0.] -1 28.3368000984
550 [ 0.  0.  1.  0.] -1 28.6577545166
551 [ 0.  0.  1.  0.] -1 28.6591841698
552 [ 0.  0.  1.  0.] 9 37.8952329636
553 [ 0.  0.  1.  0.] -1 28.78716259
554 [ 0.  0.  1.  0.] -1 28.9419275284
555 [ 0.  0.  1.  0.] -1 28.8990651131
556 [ 0.  0.  1.  0.] 9 37.02981987
557 [ 0.  0.  1.  0.] -1 26.3703964233
558 [ 0.  0.  1.  0.] -1 26.3152795792
559 [ 0.  0.  1.  0.] -1 26.43125
560 [ 0.  0.  1.  0.] 9 36.0660524368
561 [ 0.  0.  1.  0.] -1 36.4939752579
562 [ 0.  0.  1.  0.] -1 36.1936683655
563 [ 0.  0.  1.  0.] -1 36.6305624008
564 [ 0.  0.  1.  0.] 9 48.1686626434
565 [ 0.  0.  1.  0.] 0 39.1686626434
566 [ 0.  1.  0.  0.] -2 43.8016807556
567 [ 0.  1.  0.  0.] -1 42.6843589783
568 [ 0.  1.  0.  0.] -1 45.0730249405
569 [ 0.  1.  0.  0.] -1 48.7307518005
570 [ 0.  1.  0.  0.] -1 51.6218185425
571 [ 0.  1.  0.  0.] -1 54.7969894409
572 [ 0.  1.  0.  0.] -1 58.3974250793
573 [ 0.  1.  0.  0.] -1 62.8033878326
574 [ 0.  1.  0.  0.] -1 64.2419849396
575 [ 0.  1.  0.  0.] -1 66.8349445343
576 [ 0.  1.  0.  0.] -1 69.3774078369
577 [ 0.  1.  0.  0.] -1 68.8410469055
578 [ 0.  1.  0.  0.] -1 69.9772895813
579 [ 0.  1.  0.  0.] -1 72.6285079956
580 [ 0.  1.  0.  0.] -1 74.2213191986
581 [ 0.  1.  0.  0.] -1 87.5149555206
582 [ 0.  1.  0.  0.] -1 89.7995811462
583 [ 0.  1.  0.  0.] -1 97.8546421051
584 [ 0.  1.  0.  0.] -1 101.8004776
585 [ 0.  1.  0.  0.] -1 110.818686295
586 [ 0.  1.  0.  0.] -1 110.85401268
587 [ 0.  1.  0.  0.] -1 121.274593353
588 [ 0.  1.  0.  0.] -1 125.126807404
589 [ 0.  1.  0.  0.] -1 133.543851471
590 [ 0.  1.  0.  0.] -1 138.988202667
591 [ 0.  1.  0.  0.] -1 139.569457245
592 [ 0.  1.  0.  0.] -1 139.528738403
593 [ 0.  1.  0.  0.] -1 116.97036972
594 [ 0.  1.  0.  0.] -1 118.375640869
595 [ 0.  1.  0.  0.] -1 122.835738373
596 [ 0.  1.  0.  0.] -1 123.821354675
597 [ 0.  1.  0.  0.] -1 135.895179749
598 [ 0.  1.  0.  0.] -1 138.530467224
599 [ 0.  1.  0.  0.] -1 137.207865906
600 [ 0.  1.  0.  0.] -1 131.17147522
601 [ 0.  1.  0.  0.] -1 88.6723838806
602 [ 0.  1.  0.  0.] -1 86.2418865204
603 [ 0.  1.  0.  0.] -1 82.3473083496
604 [ 0.  1.  0.  0.] -101 -101
605 [ 0.  1.  0.  0.] -2 24.8210707664
606 [ 0.  1.  0.  0.] -1 28.6424958229
607 [ 0.  1.  0.  0.] -1 29.1644207001
608 [ 0.  1.  0.  0.] -1 31.1891828537
609 [ 0.  1.  0.  0.] -1 32.1404005051
610 [ 0.  1.  0.  0.] -1 32.3450492859
611 [ 0.  1.  0.  0.] -1 35.3338832855
612 [ 0.  1.  0.  0.] -1 35.7065933228
613 [ 0.  1.  0.  0.] -1 36.3021371841
614 [ 0.  1.  0.  0.] -1 37.9153621674
615 [ 0.  1.  0.  0.] -1 37.9157716751
616 [ 0.  1.  0.  0.] -1 40.9248817444
617 [ 0.  1.  0.  0.] -1 42.0127590179
618 [ 0.  1.  0.  0.] -1 41.7928642273
619 [ 0.  1.  0.  0.] -1 40.5882772446
620 [ 0.  1.  0.  0.] -1 41.4072528839
621 [ 0.  1.  0.  0.] -1 40.0400949478
622 [ 0.  1.  0.  0.] -1 38.5252532959
623 [ 0.  1.  0.  0.] -1 38.7789850235
624 [ 0.  1.  0.  0.] -1 38.6067670822
625 [ 0.  1.  0.  0.] -1 39.0853185654
626 [ 0.  1.  0.  0.] -1 42.624048996
627 [ 0.  1.  0.  0.] -1 43.4045490265
628 [ 0.  1.  0.  0.] -1 44.6283756256
629 [ 0.  1.  0.  0.] -1 43.2672552109
630 [ 0.  1.  0.  0.] -1 45.0864843369
631 [ 0.  1.  0.  0.] -1 44.196906662
632 [ 0.  1.  0.  0.] -1 45.3910385132
633 [ 0.  1.  0.  0.] -1 44.9134654999
634 [ 0.  1.  0.  0.] -1 47.3334787369
635 [ 0.  1.  0.  0.] -1 48.4907331467
636 [ 0.  1.  0.  0.] -1 48.2328012466
637 [ 0.  1.  0.  0.] -1 46.9322299957
638 [ 0.  1.  0.  0.] -1 46.5228961945
639 [ 0.  1.  0.  0.] -1 46.4637821198
640 [ 0.  1.  0.  0.] -1 46.9205209732
641 [ 0.  1.  0.  0.] -1 47.1153995514
642 [ 0.  1.  0.  0.] -1 38.6387014389
643 [ 0.  1.  0.  0.] -1 38.6389659882
644 [ 0.  1.  0.  0.] -1 38.8017435074
645 [ 0.  1.  0.  0.] -1 38.5036291122
646 [ 0.  1.  0.  0.] -1 39.0369386673
647 [ 0.  1.  0.  0.] -1 39.5070354462
648 [ 0.  1.  0.  0.] -1 39.8105205536
649 [ 0.  1.  0.  0.] -1 40.3152479172
650 [ 0.  1.  0.  0.] -1 42.645731163
651 [ 0.  1.  0.  0.] -1 43.5775461197
652 [ 0.  1.  0.  0.] -1 43.9106824875
653 [ 0.  1.  0.  0.] -1 43.8019382477
654 [ 0.  1.  0.  0.] 0 44.8019382477
655 [ 1.  0.  0.  0.] -2 46.1365091324
656 [ 1.  0.  0.  0.] -1 47.664748764
657 [ 1.  0.  0.  0.] -1 55.4776493073
658 [ 1.  0.  0.  0.] -1 56.2982629776
659 [ 1.  0.  0.  0.] -1 56.0932916641
660 [ 1.  0.  0.  0.] -1 56.618135643
661 [ 1.  0.  0.  0.] -1 56.7844501495
662 [ 1.  0.  0.  0.] -1 57.8353811264
663 [ 1.  0.  0.  0.] -1 57.4504692078
664 [ 1.  0.  0.  0.] -1 58.2920148849
665 [ 1.  0.  0.  0.] -1 58.8618104935
666 [ 1.  0.  0.  0.] -1 59.3617143631
667 [ 1.  0.  0.  0.] -1 58.6578792572
668 [ 1.  0.  0.  0.] -1 58.6989387512
669 [ 1.  0.  0.  0.] -1 60.0352458954
670 [ 1.  0.  0.  0.] -1 60.3780147552
671 [ 1.  0.  0.  0.] -1 59.9667095184
672 [ 1.  0.  0.  0.] -1 60.5882770538
673 [ 1.  0.  0.  0.] -1 62.9406417847
674 [ 1.  0.  0.  0.] -1 62.8164413452
675 [ 1.  0.  0.  0.] -1 62.7341556549
676 [ 1.  0.  0.  0.] -1 62.7013080597
677 [ 1.  0.  0.  0.] -1 62.9826145172
678 [ 1.  0.  0.  0.] 0 63.9826145172
679 [ 0.  0.  0.  1.] -2 57.3878433228
680 [ 0.  0.  0.  1.] -1 58.1433961868
681 [ 0.  0.  0.  1.] -1 56.1344707489
682 [ 0.  0.  0.  1.] -1 55.8389619827
683 [ 0.  0.  0.  1.] -1 55.8002653122
684 [ 0.  0.  0.  1.] -1 55.5596269608
685 [ 0.  0.  0.  1.] -1 55.8746072769
686 [ 0.  0.  0.  1.] -1 55.8402738571
687 [ 0.  0.  0.  1.] -1 55.8063064575
688 [ 0.  0.  0.  1.] -1 55.4698432922
689 [ 0.  0.  0.  1.] -1 51.4731092453
690 [ 0.  0.  0.  1.] -1 50.2453723907
691 [ 0.  0.  0.  1.] -1 49.4182609558
692 [ 0.  0.  0.  1.] -1 48.8429931641
693 [ 0.  0.  0.  1.] -1 49.0922746658
694 [ 0.  0.  0.  1.] -1 48.4611761093
695 [ 0.  0.  0.  1.] -1 47.7449724197
696 [ 0.  0.  0.  1.] -1 46.6339633942
697 [ 0.  0.  0.  1.] -1 44.3199184418
698 [ 0.  0.  0.  1.] 0 45.3199184418
699 [ 0.  0.  1.  0.] -2 42.7145282745
700 [ 0.  0.  1.  0.] -1 43.49115448
701 [ 0.  0.  1.  0.] -1 44.6074798584
702 [ 0.  0.  1.  0.] -1 81.8587402344
703 [ 0.  0.  1.  0.] -1 80.4279491425
704 [ 0.  0.  1.  0.] -1 79.7117454529
705 [ 0.  0.  1.  0.] -1 83.3513126373
706 [ 0.  0.  1.  0.] -1 71.0304710388
707 [ 0.  0.  1.  0.] -1 70.4570152283
708 [ 0.  0.  1.  0.] -1 68.2521240234
709 [ 0.  0.  1.  0.] -1 70.4816146851
710 [ 0.  0.  1.  0.] -1 55.5330307007
711 [ 0.  0.  1.  0.] -1 54.1995429993
712 [ 0.  0.  1.  0.] -1 52.8079341888
713 [ 0.  0.  1.  0.] -1 55.8380125046
714 [ 0.  0.  1.  0.] -1 60.5519577026
715 [ 0.  0.  1.  0.] -1 58.5063976288
716 [ 0.  0.  1.  0.] -1 57.4087392807
717 [ 0.  0.  1.  0.] -1 62.1400939941
718 [ 0.  0.  1.  0.] -1 44.6264549255
719 [ 0.  0.  1.  0.] -1 44.3738828659
720 [ 0.  0.  1.  0.] -1 43.2001865387
721 [ 0.  0.  1.  0.] -1 49.336312294
722 [ 0.  0.  1.  0.] 0 50.336312294
723 [ 0.  1.  0.  0.] -2 87.4567436218
724 [ 0.  1.  0.  0.] -1 88.046786499
725 [ 0.  1.  0.  0.] -1 86.3087413788
726 [ 0.  1.  0.  0.] -1 84.8672451019
727 [ 0.  1.  0.  0.] -1 84.8813785553
728 [ 0.  1.  0.  0.] -1 86.3212078094
729 [ 0.  1.  0.  0.] -1 87.8258625031
730 [ 0.  1.  0.  0.] -1 93.8778434753
731 [ 0.  1.  0.  0.] -1 94.1316585541
732 [ 0.  1.  0.  0.] -1 94.8158554077
733 [ 0.  1.  0.  0.] -1 93.8530193329
734 [ 0.  1.  0.  0.] -1 95.7222373962
735 [ 0.  1.  0.  0.] -1 97.4880203247
736 [ 0.  1.  0.  0.] -1 98.6671924591
737 [ 0.  1.  0.  0.] -1 100.53572197
738 [ 0.  1.  0.  0.] -1 107.76015625
739 [ 0.  1.  0.  0.] -1 112.87370491
740 [ 0.  1.  0.  0.] -1 114.984271622
741 [ 0.  1.  0.  0.] -1 113.741622162
742 [ 0.  1.  0.  0.] 0 114.741622162
743 [ 1.  0.  0.  0.] -2 150.03394928
744 [ 1.  0.  0.  0.] -1 157.538657379
745 [ 1.  0.  0.  0.] -1 176.799133301
746 [ 1.  0.  0.  0.] -1 182.617593384
747 [ 1.  0.  0.  0.] -1 179.279779053
748 [ 1.  0.  0.  0.] -1 181.18348999
749 [ 1.  0.  0.  0.] -1 173.544641113
750 [ 1.  0.  0.  0.] -1 177.3628479
751 [ 1.  0.  0.  0.] -1 172.411978912
752 [ 1.  0.  0.  0.] -1 180.320291138
753 [ 1.  0.  0.  0.] -1 195.859624481
754 [ 1.  0.  0.  0.] -1 202.689228058
755 [ 1.  0.  0.  0.] -1 197.69246521
756 [ 1.  0.  0.  0.] -1 203.547512817
757 [ 1.  0.  0.  0.] -1 238.699571228
758 [ 1.  0.  0.  0.] -1 241.546164703
759 [ 1.  0.  0.  0.] -1 242.714631653
760 [ 1.  0.  0.  0.] -1 253.97228241
761 [ 1.  0.  0.  0.] -1 302.606031799
762 [ 1.  0.  0.  0.] -1 310.589620972
763 [ 1.  0.  0.  0.] -1 311.41829071
764 [ 1.  0.  0.  0.] -1 316.73678894
765 [ 1.  0.  0.  0.] -1 324.846260071
766 [ 1.  0.  0.  0.] 0 325.846260071
767 [ 0.  0.  0.  1.] -2 156.852159119
768 [ 0.  0.  0.  1.] -1 154.114070892
769 [ 0.  0.  0.  1.] -1 136.814810944
770 [ 0.  0.  0.  1.] -1 133.029712677
771 [ 0.  0.  0.  1.] -1 132.346218872
772 [ 0.  0.  0.  1.] -1 131.434937286
773 [ 0.  0.  0.  1.] -1 130.127411652
774 [ 0.  0.  0.  1.] -1 129.527312469
775 [ 0.  0.  0.  1.] -1 129.17909317
776 [ 0.  0.  0.  1.] -1 128.340870667
777 [ 0.  0.  0.  1.] -1 118.467189407
778 [ 0.  0.  0.  1.] -1 115.602874756
779 [ 0.  0.  0.  1.] -1 113.428279877
780 [ 0.  0.  0.  1.] -1 112.243410873
781 [ 0.  0.  0.  1.] -1 113.999329376
782 [ 0.  0.  0.  1.] -1 113.152155685
783 [ 0.  0.  0.  1.] -1 112.082456207
784 [ 0.  0.  0.  1.] -1 109.595852661
785 [ 0.  0.  0.  1.] -1 104.768031693
786 [ 0.  0.  0.  1.] 0 105.768031693
787 [ 0.  0.  1.  0.] -2 95.359482193
788 [ 0.  0.  1.  0.] -1 95.4065757751
789 [ 0.  0.  1.  0.] -1 98.7076648712
790 [ 0.  0.  1.  0.] -1 81.8587402344
791 [ 0.  0.  1.  0.] -1 80.4279491425
792 [ 0.  0.  1.  0.] -1 79.7117454529
793 [ 0.  0.  1.  0.] -1 83.3513126373
794 [ 0.  0.  1.  0.] -1 71.0304710388
795 [ 0.  0.  1.  0.] -1 70.4570152283
796 [ 0.  0.  1.  0.] -1 68.2521240234
797 [ 0.  0.  1.  0.] -1 70.4816146851
798 [ 0.  0.  1.  0.] -1 55.5330307007
799 [ 0.  0.  1.  0.] -1 54.1995429993
800 [ 0.  0.  1.  0.] -1 52.8079341888
801 [ 0.  0.  1.  0.] -1 55.8380125046
802 [ 0.  0.  1.  0.] -1 60.5519577026
803 [ 0.  0.  1.  0.] -1 58.5063976288
804 [ 0.  0.  1.  0.] -1 57.4087392807
805 [ 0.  0.  1.  0.] -1 62.1400939941
806 [ 0.  0.  1.  0.] -1 44.6264549255
807 [ 0.  0.  1.  0.] -1 44.3738828659
808 [ 0.  0.  1.  0.] -1 43.2001865387
809 [ 0.  0.  1.  0.] -1 49.336312294
810 [ 0.  0.  1.  0.] 0 50.336312294
811 [ 0.  0.  0.  1.] -2 46.9807474136
812 [ 0.  0.  0.  1.] -1 47.3027692795
813 [ 0.  0.  0.  1.] -1 43.5602416992
814 [ 0.  0.  0.  1.] -1 43.1979686737
815 [ 0.  0.  0.  1.] -1 43.2830448151
816 [ 0.  0.  0.  1.] -1 44.2659612656
817 [ 0.  0.  0.  1.] -1 47.4667209625
818 [ 0.  0.  0.  1.] -1 49.1366065979
819 [ 0.  0.  0.  1.] -1 52.2175218582
820 [ 0.  0.  0.  1.] -1 52.6631025314
821 [ 0.  0.  0.  1.] -1 45.9523069382
822 [ 0.  0.  0.  1.] -1 45.9718183517
823 [ 0.  0.  0.  1.] -1 45.8091930389
824 [ 0.  0.  0.  1.] -1 47.5917657852
825 [ 0.  0.  0.  1.] -1 34.6558834076
826 [ 0.  0.  0.  1.] -1 33.7590106964
827 [ 0.  0.  0.  1.] -1 32.6592069626
828 [ 0.  0.  0.  1.] -1 32.459936142
829 [ 0.  0.  0.  1.] -1 32.1987535477
830 [ 0.  0.  0.  1.] -1 30.4067295074
831 [ 0.  0.  0.  1.] -1 31.5018655777
832 [ 0.  0.  0.  1.] -1 30.2748716354
833 [ 0.  0.  0.  1.] -1 26.1991279602
834 [ 0.  0.  0.  1.] 0 27.1991279602
835 [ 1.  0.  0.  0.] -2 65.1161605835
836 [ 1.  0.  0.  0.] -1 62.496844101
837 [ 1.  0.  0.  0.] -1 78.2545066833
838 [ 1.  0.  0.  0.] -1 80.0059314728
839 [ 1.  0.  0.  0.] -1 80.0745113373
840 [ 1.  0.  0.  0.] -1 84.1023208618
841 [ 1.  0.  0.  0.] -1 77.1328975677
842 [ 1.  0.  0.  0.] -1 75.7366573334
843 [ 1.  0.  0.  0.] -1 75.6729190826
844 [ 1.  0.  0.  0.] -1 76.5745319366
845 [ 1.  0.  0.  0.] -1 78.5964710236
846 [ 1.  0.  0.  0.] 0 79.5964710236
847 [ 0.  1.  0.  0.] -2 60.7943389893
848 [ 0.  1.  0.  0.] -1 60.6967784882
849 [ 0.  1.  0.  0.] -1 62.3318740845
850 [ 0.  1.  0.  0.] -1 71.6023975372
851 [ 0.  1.  0.  0.] -1 73.2735370636
852 [ 0.  1.  0.  0.] -1 74.9027690887
853 [ 0.  1.  0.  0.] -1 76.4148094177
854 [ 0.  1.  0.  0.] -1 83.6502170563
855 [ 0.  1.  0.  0.] -1 84.3284778595
856 [ 0.  1.  0.  0.] -1 84.327368927
857 [ 0.  1.  0.  0.] -1 86.0818161011
858 [ 0.  1.  0.  0.] 0 87.0818161011
859 [ 1.  0.  0.  0.] -2 121.342285156
860 [ 1.  0.  0.  0.] -1 126.762924957
861 [ 1.  0.  0.  0.] -1 194.800427246
862 [ 1.  0.  0.  0.] -1 202.70563736
863 [ 1.  0.  0.  0.] -1 216.776961517
864 [ 1.  0.  0.  0.] -1 239.204331207
865 [ 1.  0.  0.  0.] -1 349.042877197
866 [ 1.  0.  0.  0.] -1 360.176443481
867 [ 1.  0.  0.  0.] -1 360.306877136
868 [ 1.  0.  0.  0.] -1 362.029273987
869 [ 1.  0.  0.  0.] -1 364.292974854
870 [ 1.  0.  0.  0.] 0 365.292974854
871 [ 0.  0.  0.  1.] -2 85.0481712341
872 [ 0.  0.  0.  1.] -1 84.2070823669
873 [ 0.  0.  0.  1.] -1 75.0459445953
874 [ 0.  0.  0.  1.] -1 73.1159309387
875 [ 0.  0.  0.  1.] -1 71.5157341003
876 [ 0.  0.  0.  1.] -1 70.3865436554
877 [ 0.  0.  0.  1.] -1 66.5116798401
878 [ 0.  0.  0.  1.] -1 67.4471984863
879 [ 0.  0.  0.  1.] -1 67.7569168091
880 [ 0.  0.  0.  1.] -1 67.7050289154
881 [ 0.  0.  0.  1.] -1 61.0842815399
882 [ 0.  0.  0.  1.] -1 60.7144054413
883 [ 0.  0.  0.  1.] -1 60.6589008331
884 [ 0.  0.  0.  1.] -1 61.5355010986
885 [ 0.  0.  0.  1.] -1 54.4948778152
886 [ 0.  0.  0.  1.] -1 54.2583309174
887 [ 0.  0.  0.  1.] -1 56.512011528
888 [ 0.  0.  0.  1.] -1 59.2570833206
889 [ 0.  0.  0.  1.] -1 56.3167451859
890 [ 0.  0.  0.  1.] -1 60.1784793854
891 [ 0.  0.  0.  1.] -1 62.7630313873
892 [ 0.  0.  0.  1.] -1 69.0603908539
893 [ 0.  0.  0.  1.] -1 68.1235240936
894 [ 0.  0.  0.  1.] -1 72.461914444
895 [ 0.  0.  0.  1.] -1 74.1809265137
896 [ 0.  0.  0.  1.] -1 74.7238613129
897 [ 0.  0.  0.  1.] -1 79.8742149353
898 [ 0.  0.  0.  1.] -1 83.0753913879
899 [ 0.  0.  0.  1.] -1 86.2817428589
900 [ 0.  0.  0.  1.] -1 88.5431606293
901 [ 0.  0.  0.  1.] -1 90.9379184723
902 [ 0.  0.  0.  1.] -1 95.329385376
903 [ 0.  0.  0.  1.] -1 101.540849686
904 [ 0.  0.  0.  1.] -1 105.477813721
905 [ 0.  0.  0.  1.] -1 134.584146118
906 [ 0.  0.  0.  1.] 0 135.584146118
907 [ 0.  0.  1.  0.] -2 129.733222198
908 [ 0.  0.  1.  0.] -1 131.873161316
909 [ 0.  0.  1.  0.] 9 137.739771271
910 [ 0.  0.  1.  0.] -1 111.89098053
911 [ 0.  0.  1.  0.] -1 111.993060303
912 [ 0.  0.  1.  0.] -1 113.999662781
913 [ 0.  0.  1.  0.] 9 114.817121887
914 [ 0.  0.  1.  0.] -1 82.0484764099
915 [ 0.  0.  1.  0.] -1 81.6608501434
916 [ 0.  0.  1.  0.] -1 79.3761592865
917 [ 0.  0.  1.  0.] 9 87.1159954071
918 [ 0.  0.  1.  0.] 0 78.1159954071
919 [ 0.  1.  0.  0.] -2 51.1455318451
920 [ 0.  1.  0.  0.] -1 50.9103839874
921 [ 0.  1.  0.  0.] 9 58.7919677734
922 [ 0.  1.  0.  0.] -1 52.182260704
923 [ 0.  1.  0.  0.] -1 51.6187055588
924 [ 0.  1.  0.  0.] -1 50.6360609055
925 [ 0.  1.  0.  0.] 9 62.3736276627
926 [ 0.  1.  0.  0.] -1 51.7796131134
927 [ 0.  1.  0.  0.] -1 49.1670333862
928 [ 0.  1.  0.  0.] -1 49.4661334991
929 [ 0.  1.  0.  0.] 9 58.8086126328
930 [ 0.  1.  0.  0.] 0 49.8086126328
931 [ 0.  0.  1.  0.] -2 23.362762928
932 [ 0.  0.  1.  0.] -1 23.3283988953
933 [ 0.  0.  1.  0.] 9 34.7262717247
934 [ 0.  0.  1.  0.] -1 20.6195612907
935 [ 0.  0.  1.  0.] -1 20.9745284081
936 [ 0.  0.  1.  0.] -1 20.5056003571
937 [ 0.  0.  1.  0.] 9 31.3273773193
938 [ 0.  0.  1.  0.] -1 17.2148812294
939 [ 0.  0.  1.  0.] -1 17.1867991447
940 [ 0.  0.  1.  0.] -1 17.3270990372
941 [ 0.  0.  1.  0.] 9 27.6825463295
942 [ 0.  0.  1.  0.] 0 18.6825463295
943 [ 0.  0.  0.  1.] -2 18.5957574844
944 [ 0.  0.  0.  1.] -1 19.7581399918
945 [ 0.  0.  0.  1.] 9 29.9982474327
946 [ 0.  0.  0.  1.] -1 20.2760821342
947 [ 0.  0.  0.  1.] -1 20.6634529114
948 [ 0.  0.  0.  1.] -1 20.873231411
949 [ 0.  0.  0.  1.] 9 31.6048731804
950 [ 0.  0.  0.  1.] -1 22.5956445694
951 [ 0.  0.  0.  1.] -1 23.7782721519
952 [ 0.  0.  0.  1.] -1 24.9033439636
953 [ 0.  0.  0.  1.] 9 43.6233041763
954 [ 0.  0.  0.  1.] 0 34.6233041763
955 [ 0.  0.  1.  0.] -2 27.1437135696
956 [ 0.  0.  1.  0.] -1 27.546750927
957 [ 0.  0.  1.  0.] 9 37.8172706604
958 [ 0.  0.  1.  0.] -1 26.6828290939
959 [ 0.  0.  1.  0.] -1 26.6825881004
960 [ 0.  0.  1.  0.] -1 26.7518148422
961 [ 0.  0.  1.  0.] 9 35.9001909256
962 [ 0.  0.  1.  0.] -1 23.8276033401
963 [ 0.  0.  1.  0.] -1 23.8973175049
964 [ 0.  0.  1.  0.] -1 24.0655599594
965 [ 0.  0.  1.  0.] 9 33.272812748
966 [ 0.  0.  1.  0.] 0 24.272812748
967 [ 0.  0.  0.  1.] -2 27.7935081482
968 [ 0.  0.  0.  1.] -1 30.0410427094
969 [ 0.  0.  0.  1.] 9 41.9863059998
970 [ 0.  0.  0.  1.] -1 32.5893695831
971 [ 0.  0.  0.  1.] -1 32.5168830872
972 [ 0.  0.  0.  1.] -1 32.4460382462
973 [ 0.  0.  0.  1.] 9 43.6260112762
974 [ 0.  0.  0.  1.] -1 34.3985059738
975 [ 0.  0.  0.  1.] -1 35.0060016632
976 [ 0.  0.  0.  1.] -1 35.585313797
977 [ 0.  0.  0.  1.] 9 48.3647335052
978 [ 0.  0.  0.  1.] -1 39.3061193466
979 [ 0.  0.  0.  1.] -1 41.1077033997
980 [ 0.  0.  0.  1.] -1 43.177989769
981 [ 0.  0.  0.  1.] 9 60.5433853149
982 [ 0.  0.  0.  1.] -1 54.3825241089
983 [ 0.  0.  0.  1.] -1 57.0124771118
984 [ 0.  0.  0.  1.] -1 62.2575611115
985 [ 0.  0.  0.  1.] 9 83.8884075165
986 [ 0.  0.  0.  1.] -1 81.9233119965
987 [ 0.  0.  0.  1.] -1 86.1726688385
988 [ 0.  0.  0.  1.] -1 89.9886142731
989 [ 0.  0.  0.  1.] -1 128.860952759
990 [ 0.  0.  0.  1.] 0 129.860952759
991 [ 0.  0.  1.  0.] -2 55.9653873444
992 [ 0.  0.  1.  0.] -1 57.6929159164
993 [ 0.  0.  1.  0.] -1 52.8987506866
994 [ 0.  0.  1.  0.] -1 38.3013648987
995 [ 0.  0.  1.  0.] -1 36.5060539246
996 [ 0.  0.  1.  0.] -1 35.7410209656
997 [ 0.  0.  1.  0.] -1 35.3945049286
998 [ 0.  0.  1.  0.] -1 31.9403903961
999 [ 0.  0.  1.  0.] -1 32.0278148651
1000 [ 0.  0.  1.  0.] -1 31.5112190247
1001 [ 0.  0.  1.  0.] -1 30.2272382736
1002 [ 0.  0.  1.  0.] -1 31.4027393341
1003 [ 0.  0.  1.  0.] -1 31.6334951401
1004 [ 0.  0.  1.  0.] -1 31.7124975204
1005 [ 0.  0.  1.  0.] -1 30.7895431519
1006 [ 0.  0.  1.  0.] -1 28.7539598465
1007 [ 0.  0.  1.  0.] -1 29.3369194984
1008 [ 0.  0.  1.  0.] -1 29.283759594
1009 [ 0.  0.  1.  0.] -1 27.2145803452
1010 [ 0.  0.  1.  0.] -1 26.5344151497
1011 [ 0.  0.  1.  0.] -1 26.910011673
1012 [ 0.  0.  1.  0.] -1 26.8971629143
1013 [ 0.  0.  1.  0.] -1 25.960488224
1014 [ 0.  0.  1.  0.] -1 27.6012625694
1015 [ 0.  0.  1.  0.] -1 27.8403226852
1016 [ 0.  0.  1.  0.] -1 27.8027349472
1017 [ 0.  0.  1.  0.] -1 25.8824516296
1018 [ 0.  0.  1.  0.] -1 25.2911043167
1019 [ 0.  0.  1.  0.] -1 25.1808670044
1020 [ 0.  0.  1.  0.] -1 25.1246231079
1021 [ 0.  0.  1.  0.] -1 23.5374109268
1022 [ 0.  0.  1.  0.] -1 30.4145065308
1023 [ 0.  0.  1.  0.] -1 30.2912773132
1024 [ 0.  0.  1.  0.] -1 30.8892818451
1025 [ 0.  0.  1.  0.] -1 30.5023803711
1026 [ 0.  0.  1.  0.] 0 31.5023803711
1027 [ 0.  1.  0.  0.] -2 31.8389192581
1028 [ 0.  1.  0.  0.] -1 31.5470636368
1029 [ 0.  1.  0.  0.] -1 32.9810401917
1030 [ 0.  1.  0.  0.] -1 35.7471055984
1031 [ 0.  1.  0.  0.] -1 38.4160306931
1032 [ 0.  1.  0.  0.] -1 41.5330877304
1033 [ 0.  1.  0.  0.] -1 45.1079092026
1034 [ 0.  1.  0.  0.] -1 49.5531375885
1035 [ 0.  1.  0.  0.] -1 50.9835191727
1036 [ 0.  1.  0.  0.] -1 53.1414981842
1037 [ 0.  1.  0.  0.] -1 55.0710842133
1038 [ 0.  1.  0.  0.] -1 54.6065357208
1039 [ 0.  1.  0.  0.] -1 55.5104751587
1040 [ 0.  1.  0.  0.] -1 57.4945220947
1041 [ 0.  1.  0.  0.] -1 58.7156089783
1042 [ 0.  1.  0.  0.] -1 65.5288829803
1043 [ 0.  1.  0.  0.] -1 67.4406028748
1044 [ 0.  1.  0.  0.] -1 73.2052978516
1045 [ 0.  1.  0.  0.] -1 76.5424816132
1046 [ 0.  1.  0.  0.] -1 84.3050743103
1047 [ 0.  1.  0.  0.] -1 84.3380161285
1048 [ 0.  1.  0.  0.] -1 93.3029598236
1049 [ 0.  1.  0.  0.] -1 95.8241794586
1050 [ 0.  1.  0.  0.] 0 96.8241794586
1051 [ 1.  0.  0.  0.] -2 96.9088710785
1052 [ 1.  0.  0.  0.] -1 97.5280288696
1053 [ 1.  0.  0.  0.] -1 52.3483324051
1054 [ 1.  0.  0.  0.] -1 52.7234994888
1055 [ 1.  0.  0.  0.] -1 52.7429166794
1056 [ 1.  0.  0.  0.] -1 51.6833751678
1057 [ 1.  0.  0.  0.] -1 45.9781167984
1058 [ 1.  0.  0.  0.] -1 43.7184059143
1059 [ 1.  0.  0.  0.] -1 43.9880178452
1060 [ 1.  0.  0.  0.] -1 45.3374835968
1061 [ 1.  0.  0.  0.] -1 57.9951688766
1062 [ 1.  0.  0.  0.] 0 58.9951688766
1063 [ 0.  0.  0.  1.] -2 27.7048116684
1064 [ 0.  0.  0.  1.] -1 30.223632431
1065 [ 0.  0.  0.  1.] -1 24.1273938179
1066 [ 0.  0.  0.  1.] -1 21.279218483
1067 [ 0.  0.  0.  1.] -1 22.7159836769
1068 [ 0.  0.  0.  1.] -1 24.6157444954
1069 [ 0.  0.  0.  1.] -1 26.0343029022
1070 [ 0.  0.  0.  1.] -1 25.8225058556
1071 [ 0.  0.  0.  1.] -1 26.9377367973
1072 [ 0.  0.  0.  1.] -1 26.5940075874
1073 [ 0.  0.  0.  1.] -1 20.6930896759
1074 [ 0.  0.  0.  1.] 0 21.6930896759
1075 [ 1.  0.  0.  0.] -2 52.2002462387
1076 [ 1.  0.  0.  0.] -1 51.954886055
1077 [ 1.  0.  0.  0.] -1 61.4328342438
1078 [ 1.  0.  0.  0.] -1 57.2533075333
1079 [ 1.  0.  0.  0.] -1 60.5057376862
1080 [ 1.  0.  0.  0.] -1 64.7467884064
1081 [ 1.  0.  0.  0.] -1 46.5016017914
1082 [ 1.  0.  0.  0.] -1 45.9539522171
1083 [ 1.  0.  0.  0.] -1 47.4032943726
1084 [ 1.  0.  0.  0.] -1 48.2141088486
1085 [ 1.  0.  0.  0.] -1 49.2525733948
1086 [ 1.  0.  0.  0.] 0 50.2525733948
1087 [ 0.  0.  0.  1.] -2 24.3418361664
1088 [ 0.  0.  0.  1.] -1 25.1547400475
1089 [ 0.  0.  0.  1.] -1 27.6260359764
1090 [ 0.  0.  0.  1.] -1 28.0341412544
1091 [ 0.  0.  0.  1.] -1 28.6300891876
1092 [ 0.  0.  0.  1.] -1 28.9078695297
1093 [ 0.  0.  0.  1.] -1 29.4792705536
1094 [ 0.  0.  0.  1.] -1 30.1291629791
1095 [ 0.  0.  0.  1.] -1 30.8273881912
1096 [ 0.  0.  0.  1.] -1 31.2485759735
1097 [ 0.  0.  0.  1.] -1 32.2263645172
1098 [ 0.  0.  0.  1.] 0 33.2263645172
1099 [ 0.  0.  1.  0.] -2 30.6334951401
1100 [ 0.  0.  1.  0.] -1 31.7124975204
1101 [ 0.  0.  1.  0.] -1 30.7895431519
1102 [ 0.  0.  1.  0.] -1 28.7539598465
1103 [ 0.  0.  1.  0.] -1 29.3369194984
1104 [ 0.  0.  1.  0.] -1 29.283759594
1105 [ 0.  0.  1.  0.] -1 27.2145803452
1106 [ 0.  0.  1.  0.] -1 26.5344151497
1107 [ 0.  0.  1.  0.] -1 26.910011673
1108 [ 0.  0.  1.  0.] -1 26.8971629143
1109 [ 0.  0.  1.  0.] -1 25.960488224
1110 [ 0.  0.  1.  0.] -1 27.6012625694
1111 [ 0.  0.  1.  0.] -1 27.8403226852
1112 [ 0.  0.  1.  0.] -1 27.8027349472
1113 [ 0.  0.  1.  0.] -1 25.8824516296
1114 [ 0.  0.  1.  0.] -1 25.2911043167
1115 [ 0.  0.  1.  0.] -1 25.1808670044
1116 [ 0.  0.  1.  0.] -1 25.1246231079
1117 [ 0.  0.  1.  0.] -1 23.5374109268
1118 [ 0.  0.  1.  0.] -1 30.4145065308
1119 [ 0.  0.  1.  0.] -1 30.2912773132
1120 [ 0.  0.  1.  0.] -1 30.8892818451
1121 [ 0.  0.  1.  0.] -1 30.5023803711
1122 [ 0.  0.  1.  0.] -1 34.897681427
1123 [ 0.  0.  1.  0.] -1 34.634926033
1124 [ 0.  0.  1.  0.] -1 36.5458993912
1125 [ 0.  0.  1.  0.] 9 46.2314517975
1126 [ 0.  0.  1.  0.] -1 39.032531929
1127 [ 0.  0.  1.  0.] -1 40.0010177612
1128 [ 0.  0.  1.  0.] -1 41.5257383347
1129 [ 0.  0.  1.  0.] 9 51.5414337158
1130 [ 0.  0.  1.  0.] -1 50.1864105225
1131 [ 0.  0.  1.  0.] -1 51.1112239838
1132 [ 0.  0.  1.  0.] -1 51.4000102997
1133 [ 0.  0.  1.  0.] 9 62.8488233566
1134 [ 0.  0.  1.  0.] -1 59.2347089767
1135 [ 0.  0.  1.  0.] -1 58.8389614105
1136 [ 0.  0.  1.  0.] -1 58.9483108521
1137 [ 0.  0.  1.  0.] 9 69.493391037
1138 [ 0.  0.  1.  0.] -1 68.3663440704
1139 [ 0.  0.  1.  0.] -1 67.5379497528
1140 [ 0.  0.  1.  0.] -1 68.7546154022
1141 [ 0.  0.  1.  0.] 9 79.642754364
1142 [ 0.  0.  1.  0.] -1 69.8079055786
1143 [ 0.  0.  1.  0.] -1 69.8093261719
1144 [ 0.  0.  1.  0.] -1 71.1571285248
1145 [ 0.  0.  1.  0.] 9 81.2151046753
1146 [ 0.  0.  1.  0.] -1 71.8983085632
1147 [ 0.  0.  1.  0.] -1 73.5086090088
1148 [ 0.  0.  1.  0.] -1 74.6095397949
1149 [ 0.  0.  1.  0.] 9 85.4666721344
1150 [ 0.  0.  1.  0.] 0 76.4666721344
1151 [ 0.  1.  0.  0.] -2 73.1255088806
1152 [ 0.  1.  0.  0.] -1 73.8597202301
1153 [ 0.  1.  0.  0.] 9 84.8801773071
1154 [ 0.  1.  0.  0.] -1 80.3870346069
1155 [ 0.  1.  0.  0.] -1 80.7441253662
1156 [ 0.  1.  0.  0.] -1 82.4229694366
1157 [ 0.  1.  0.  0.] 9 95.8185062408
1158 [ 0.  1.  0.  0.] -1 87.8522304535
1159 [ 0.  1.  0.  0.] -1 88.580871582
1160 [ 0.  1.  0.  0.] -1 89.1883491516
1161 [ 0.  1.  0.  0.] 9 98.1194976807
1162 [ 0.  1.  0.  0.] 0 89.1194976807
1163 [ 0.  0.  1.  0.] -2 72.108385849
1164 [ 0.  0.  1.  0.] -1 73.2494377136
1165 [ 0.  0.  1.  0.] 9 84.4784103394
1166 [ 0.  0.  1.  0.] -1 81.5751579285
1167 [ 0.  0.  1.  0.] -1 81.7424472809
1168 [ 0.  0.  1.  0.] -1 84.0062641144
1169 [ 0.  0.  1.  0.] 9 94.0469974518
1170 [ 0.  0.  1.  0.] -1 94.595967865
1171 [ 0.  0.  1.  0.] -1 92.746471405
1172 [ 0.  0.  1.  0.] -1 96.0637523651
1173 [ 0.  0.  1.  0.] 9 111.578582382
1174 [ 0.  0.  1.  0.] 0 102.578582382
1175 [ 0.  0.  0.  1.] -2 84.641424942
1176 [ 0.  0.  0.  1.] -1 90.6283740997
1177 [ 0.  0.  0.  1.] 9 99.1884796143
1178 [ 0.  0.  0.  1.] -1 92.5370571136
1179 [ 0.  0.  0.  1.] -1 92.5899234772
1180 [ 0.  0.  0.  1.] -1 96.8917263031
1181 [ 0.  0.  0.  1.] 9 104.93494606
1182 [ 0.  0.  0.  1.] -1 96.2935695648
1183 [ 0.  0.  0.  1.] -1 100.625059891
1184 [ 0.  0.  0.  1.] -1 106.107788849
1185 [ 0.  0.  0.  1.] 9 129.747687531
1186 [ 0.  0.  0.  1.] -1 127.278672791
1187 [ 0.  0.  0.  1.] -1 130.586495209
1188 [ 0.  0.  0.  1.] -1 143.935534668
1189 [ 0.  0.  0.  1.] 9 172.613900757
1190 [ 0.  0.  0.  1.] -1 172.891661072
1191 [ 0.  0.  0.  1.] -1 181.718140411
1192 [ 0.  0.  0.  1.] -1 192.99723053
1193 [ 0.  0.  0.  1.] 9 213.015863037
1194 [ 0.  0.  0.  1.] 0 204.015863037
1195 [ 1.  0.  0.  0.] -2 195.873493195
1196 [ 1.  0.  0.  0.] -1 194.64914856
1197 [ 1.  0.  0.  0.] 49 495.63223114
1198 [ 1.  0.  0.  0.] -1 476.08374939
1199 [ 1.  0.  0.  0.] -1 459.60718689
1200 [ 1.  0.  0.  0.] -1 421.970423889
1201 [ 1.  0.  0.  0.] 9 371.532588196
1202 [ 1.  0.  0.  0.] -1 370.916215515
1203 [ 1.  0.  0.  0.] -1 353.22339325
1204 [ 1.  0.  0.  0.] -1 348.420715332
1205 [ 1.  0.  0.  0.] 9 267.33175354
1206 [ 1.  0.  0.  0.] 0 258.33175354
1207 [ 0.  1.  0.  0.] -2 282.655665588
1208 [ 0.  1.  0.  0.] -1 284.324185181
1209 [ 0.  1.  0.  0.] 9 332.58522644
1210 [ 0.  1.  0.  0.] -1 379.725227356
1211 [ 0.  1.  0.  0.] -1 340.647055054
1212 [ 0.  1.  0.  0.] -1 382.227182007
1213 [ 0.  1.  0.  0.] -1 363.209960938
1214 [ 0.  1.  0.  0.] 0 364.209960938
1215 [ 1.  0.  0.  0.] -2 366.111199951
1216 [ 1.  0.  0.  0.] -1 377.579667664
1217 [ 1.  0.  0.  0.] -1 208.170427704
1218 [ 1.  0.  0.  0.] -1 208.93379364
1219 [ 1.  0.  0.  0.] -1 201.739431
1220 [ 1.  0.  0.  0.] -1 216.639569855
1221 [ 1.  0.  0.  0.] -1 261.193476868
1222 [ 1.  0.  0.  0.] -1 274.37869873
1223 [ 1.  0.  0.  0.] -1 274.68717041
1224 [ 1.  0.  0.  0.] -1 302.364559937
1225 [ 1.  0.  0.  0.] -1 217.265616608
1226 [ 1.  0.  0.  0.] -1 207.364110565
1227 [ 1.  0.  0.  0.] -1 219.799230194
1228 [ 1.  0.  0.  0.] -1 238.510211945
1229 [ 1.  0.  0.  0.] -1 240.89067688
1230 [ 1.  0.  0.  0.] -1 236.532688141
1231 [ 1.  0.  0.  0.] -1 232.528818512
1232 [ 1.  0.  0.  0.] -1 252.008703613
1233 [ 1.  0.  0.  0.] -1 200.876246643
1234 [ 1.  0.  0.  0.] -1 200.418598175
1235 [ 1.  0.  0.  0.] -1 201.176716614
1236 [ 1.  0.  0.  0.] -1 219.161340332
1237 [ 1.  0.  0.  0.] -1 240.534963226
1238 [ 1.  0.  0.  0.] -1 258.891622925
1239 [ 1.  0.  0.  0.] -1 251.827418518
1240 [ 1.  0.  0.  0.] -1 255.560244751
1241 [ 1.  0.  0.  0.] -1 205.721382904
1242 [ 1.  0.  0.  0.] 0 206.721382904
1243 [ 0.  1.  0.  0.] -2 105.464408493
1244 [ 0.  1.  0.  0.] -1 97.9039859772
1245 [ 0.  1.  0.  0.] -1 98.7601470947
1246 [ 0.  1.  0.  0.] -1 104.737691879
1247 [ 0.  1.  0.  0.] -1 106.593928909
1248 [ 0.  1.  0.  0.] -1 123.037477112
1249 [ 0.  1.  0.  0.] -1 128.149003601
1250 [ 0.  1.  0.  0.] -1 118.430957031
1251 [ 0.  1.  0.  0.] -1 121.649992371
1252 [ 0.  1.  0.  0.] -1 128.464578247
1253 [ 0.  1.  0.  0.] -1 134.698677826
1254 [ 0.  1.  0.  0.] -1 104.56993866
1255 [ 0.  1.  0.  0.] -1 108.119906998
1256 [ 0.  1.  0.  0.] -1 114.585925674
1257 [ 0.  1.  0.  0.] -1 120.17490921
1258 [ 0.  1.  0.  0.] -1 140.71055603
1259 [ 0.  1.  0.  0.] -1 149.157635498
1260 [ 0.  1.  0.  0.] -1 172.515029907
1261 [ 0.  1.  0.  0.] -1 181.644211578
1262 [ 0.  1.  0.  0.] -1 207.173345184
1263 [ 0.  1.  0.  0.] -1 202.958995819
1264 [ 0.  1.  0.  0.] -1 232.663557434
1265 [ 0.  1.  0.  0.] -1 239.914671326
1266 [ 0.  1.  0.  0.] 0 240.914671326
1267 [ 1.  0.  0.  0.] -2 303.15302887
1268 [ 1.  0.  0.  0.] -1 308.263066101
1269 [ 1.  0.  0.  0.] -1 117.959834671
1270 [ 1.  0.  0.  0.] -1 124.427440643
1271 [ 1.  0.  0.  0.] -1 120.886032104
1272 [ 1.  0.  0.  0.] -1 119.607461929
1273 [ 1.  0.  0.  0.] -1 100.138890839
1274 [ 1.  0.  0.  0.] -1 93.0828838348
1275 [ 1.  0.  0.  0.] -1 93.5800045013
1276 [ 1.  0.  0.  0.] -1 99.9913955688
1277 [ 1.  0.  0.  0.] -1 150.929637146
1278 [ 1.  0.  0.  0.] 0 151.929637146
1279 [ 0.  0.  0.  1.] -2 53.9003303528
1280 [ 0.  0.  0.  1.] -1 58.265501976
1281 [ 0.  0.  0.  1.] -1 48.2912376404
1282 [ 0.  0.  0.  1.] -1 43.1443267822
1283 [ 0.  0.  0.  1.] -1 46.2471307755
1284 [ 0.  0.  0.  1.] -1 50.1160984039
1285 [ 0.  0.  0.  1.] -1 53.4934972763
1286 [ 0.  0.  0.  1.] -1 53.0410165787
1287 [ 0.  0.  0.  1.] -1 58.3842845917
1288 [ 0.  0.  0.  1.] -1 58.276399231
1289 [ 0.  0.  0.  1.] -1 44.0989292145
1290 [ 0.  0.  0.  1.] 0 45.0989292145
1291 [ 1.  0.  0.  0.] -2 264.119590759
1292 [ 1.  0.  0.  0.] -1 259.260803223
1293 [ 1.  0.  0.  0.] -1 296.450050354
1294 [ 1.  0.  0.  0.] -1 269.153988647
1295 [ 1.  0.  0.  0.] -1 303.265592957
1296 [ 1.  0.  0.  0.] -1 325.126522827
1297 [ 1.  0.  0.  0.] -1 224.861963654
1298 [ 1.  0.  0.  0.] -1 217.655815887
1299 [ 1.  0.  0.  0.] -1 231.467736816
1300 [ 1.  0.  0.  0.] -1 238.953987885
1301 [ 1.  0.  0.  0.] -1 244.523452759
1302 [ 1.  0.  0.  0.] 0 245.523452759
1303 [ 0.  0.  0.  1.] -2 61.1620117187
1304 [ 0.  0.  0.  1.] -1 61.4196575165
1305 [ 0.  0.  0.  1.] -1 70.7290225983
1306 [ 0.  0.  0.  1.] -1 78.0434978485
1307 [ 0.  0.  0.  1.] -1 81.5717006683
1308 [ 0.  0.  0.  1.] -1 89.2907550812
1309 [ 0.  0.  0.  1.] -1 102.832705307
1310 [ 0.  0.  0.  1.] -1 114.168561172
1311 [ 0.  0.  0.  1.] -1 127.651042175
1312 [ 0.  0.  0.  1.] -1 140.807924652
1313 [ 0.  0.  0.  1.] -1 179.107814789
1314 [ 0.  0.  0.  1.] 0 180.107814789
1315 [ 0.  0.  1.  0.] -2 136.132646942
1316 [ 0.  0.  1.  0.] -1 138.623313141
1317 [ 0.  0.  1.  0.] -1 133.96995697
1318 [ 0.  0.  1.  0.] -1 96.2619686127
1319 [ 0.  0.  1.  0.] -1 87.2103397369
1320 [ 0.  0.  1.  0.] -1 93.9112346649
1321 [ 0.  0.  1.  0.] -1 90.2786762238
1322 [ 0.  0.  1.  0.] -1 79.5160442352
1323 [ 0.  0.  1.  0.] -1 73.2142055511
1324 [ 0.  0.  1.  0.] -1 73.2244106293
1325 [ 0.  0.  1.  0.] -1 72.9031681061
1326 [ 0.  0.  1.  0.] -1 52.5709161758
1327 [ 0.  0.  1.  0.] -1 51.5572757721
1328 [ 0.  0.  1.  0.] -1 54.4194812775
1329 [ 0.  0.  1.  0.] -1 53.1765853882
1330 [ 0.  0.  1.  0.] -1 65.6683982849
1331 [ 0.  0.  1.  0.] -1 64.6649375916
1332 [ 0.  0.  1.  0.] -1 68.8019153595
1333 [ 0.  0.  1.  0.] -1 68.194814682
1334 [ 0.  0.  1.  0.] -1 76.8654781342
1335 [ 0.  0.  1.  0.] -1 73.0139888763
1336 [ 0.  0.  1.  0.] -1 75.9116512299
1337 [ 0.  0.  1.  0.] -1 79.8170360565
1338 [ 0.  0.  1.  0.] -1 87.0799713135
1339 [ 0.  0.  1.  0.] -1 84.7850898743
1340 [ 0.  0.  1.  0.] -1 87.8145412445
1341 [ 0.  0.  1.  0.] -1 87.5847457886
1342 [ 0.  0.  1.  0.] -1 80.9524524689
1343 [ 0.  0.  1.  0.] -1 81.849905014
1344 [ 0.  0.  1.  0.] -1 85.1781520844
1345 [ 0.  0.  1.  0.] -1 84.0175273895
1346 [ 0.  0.  1.  0.] -1 116.198922348
1347 [ 0.  0.  1.  0.] -1 114.166031647
1348 [ 0.  0.  1.  0.] -1 117.730655289
1349 [ 0.  0.  1.  0.] -1 123.985273743
1350 [ 0.  0.  1.  0.] 0 124.985273743
1351 [ 0.  0.  0.  1.] -2 117.798992157
1352 [ 0.  0.  0.  1.] -1 126.568028259
1353 [ 0.  0.  0.  1.] -1 136.037978363
1354 [ 0.  0.  0.  1.] -1 143.484307861
1355 [ 0.  0.  0.  1.] -1 152.016970825
1356 [ 0.  0.  0.  1.] -1 160.857627106
1357 [ 0.  0.  0.  1.] -1 181.375400543
1358 [ 0.  0.  0.  1.] -1 189.224700165
1359 [ 0.  0.  0.  1.] -1 193.12076416
1360 [ 0.  0.  0.  1.] -1 198.36350708
1361 [ 0.  0.  0.  1.] -1 206.292243958
1362 [ 0.  0.  0.  1.] -1 243.137533569
1363 [ 0.  0.  0.  1.] -1 229.163505554
1364 [ 0.  0.  0.  1.] -1 222.82276001
1365 [ 0.  0.  0.  1.] -1 213.048875427
1366 [ 0.  0.  0.  1.] -1 192.258159637
1367 [ 0.  0.  0.  1.] -1 182.965435791
1368 [ 0.  0.  0.  1.] -1 185.00071106
1369 [ 0.  0.  0.  1.] -1 178.111631012
1370 [ 0.  0.  0.  1.] -1 162.899295044
1371 [ 0.  0.  0.  1.] -1 167.795775604
1372 [ 0.  0.  0.  1.] -1 171.686751556
1373 [ 0.  0.  0.  1.] -1 173.00074234
1374 [ 0.  0.  0.  1.] 9 184.066361237
1375 [ 0.  0.  0.  1.] 0 175.066361237
1376 [ 0.  0.  1.  0.] -2 203.978528595
1377 [ 0.  0.  1.  0.] -1 204.81805954
1378 [ 0.  0.  1.  0.] 9 223.629318237
1379 [ 0.  0.  1.  0.] -1 249.305227661
1380 [ 0.  0.  1.  0.] -1 245.293762207
1381 [ 0.  0.  1.  0.] -1 250.558654785
1382 [ 0.  0.  1.  0.] 9 265.309843445
1383 [ 0.  0.  1.  0.] -1 261.888465881
1384 [ 0.  0.  1.  0.] -1 259.063021851
1385 [ 0.  0.  1.  0.] -1 259.625431824
1386 [ 0.  0.  1.  0.] 9 282.059449768
1387 [ 0.  0.  1.  0.] -1 228.178585052
1388 [ 0.  0.  1.  0.] -1 231.173065186
1389 [ 0.  0.  1.  0.] -1 233.159967804
1390 [ 0.  0.  1.  0.] 9 247.113826752
1391 [ 0.  0.  1.  0.] 0 238.113826752
1392 [ 0.  1.  0.  0.] -2 310.427799988
1393 [ 0.  1.  0.  0.] -1 310.725331116
1394 [ 0.  1.  0.  0.] 9 338.842765808
1395 [ 0.  1.  0.  0.] -1 465.701097107
1396 [ 0.  1.  0.  0.] -1 188.105345154
1397 [ 0.  1.  0.  0.] -1 189.185474396
1398 [ 0.  1.  0.  0.] 9 195.373761749
1399 [ 0.  1.  0.  0.] 0 186.373761749
1400 [ 0.  0.  1.  0.] -2 174.828288269
1401 [ 0.  0.  1.  0.] -1 179.486736298
1402 [ 0.  0.  1.  0.] 9 193.73525238
1403 [ 0.  0.  1.  0.] -1 199.456639099
1404 [ 0.  0.  1.  0.] -1 197.455487061
1405 [ 0.  0.  1.  0.] -1 201.741605377
1406 [ 0.  0.  1.  0.] 49 495.529571533
1407 [ 0.  0.  1.  0.] -1 477.103271484
1408 [ 0.  0.  1.  0.] -1 470.953523254
1409 [ 0.  0.  1.  0.] -1 485.478857422
1410 [ 0.  0.  1.  0.] 9 527.249468994
1411 [ 0.  0.  1.  0.] 0 518.249468994
1412 [ 0.  0.  0.  1.] -2 419.980763245
1413 [ 0.  0.  0.  1.] -1 417.936402893
1414 [ 0.  0.  0.  1.] 9 365.82412262
1415 [ 0.  0.  0.  1.] -1 351.349050903
1416 [ 0.  0.  0.  1.] -1 353.997036743
1417 [ 0.  0.  0.  1.] -1 359.643199158
1418 [ 0.  0.  0.  1.] 9 325.943518066
1419 [ 0.  0.  0.  1.] -1 319.908596802
1420 [ 0.  0.  0.  1.] -1 320.719233704
1421 [ 0.  0.  0.  1.] -1 328.532873535
1422 [ 0.  0.  0.  1.] 9 335.681800842
1423 [ 0.  0.  0.  1.] -1 321.717504883
1424 [ 0.  0.  0.  1.] -1 321.095661926
1425 [ 0.  0.  0.  1.] -1 331.046714783
1426 [ 0.  0.  0.  1.] 9 344.400387573
1427 [ 0.  0.  0.  1.] -1 327.001763916
1428 [ 0.  0.  0.  1.] -1 337.939752197
1429 [ 0.  0.  0.  1.] -1 343.85188446
1430 [ 0.  0.  0.  1.] 9 334.936395264
1431 [ 0.  0.  0.  1.] 0 325.936395264
1432 [ 1.  0.  0.  0.] -2 422.270237732
1433 [ 1.  0.  0.  0.] -1 432.376472473
1434 [ 1.  0.  0.  0.] 9 452.576042175
1435 [ 1.  0.  0.  0.] -1 478.835293579
1436 [ 1.  0.  0.  0.] -1 484.373635864
1437 [ 1.  0.  0.  0.] -1 456.464689636
1438 [ 1.  0.  0.  0.] 9 397.495640564
1439 [ 1.  0.  0.  0.] -1 401.336857605
1440 [ 1.  0.  0.  0.] -1 393.625268555
1441 [ 1.  0.  0.  0.] -1 389.599539185
1442 [ 1.  0.  0.  0.] 9 402.95500946
1443 [ 1.  0.  0.  0.] -1 391.744287109
1444 [ 1.  0.  0.  0.] -1 386.756004333
1445 [ 1.  0.  0.  0.] -1 380.502088928
1446 [ 1.  0.  0.  0.] 9 465.604447937
1447 [ 1.  0.  0.  0.] -1 482.999806213
1448 [ 1.  0.  0.  0.] -1 485.876217651
1449 [ 1.  0.  0.  0.] -1 510.801599121
1450 [ 1.  0.  0.  0.] 9 521.514968872
1451 [ 1.  0.  0.  0.] -1 520.587109375
1452 [ 1.  0.  0.  0.] -1 529.284387207
1453 [ 1.  0.  0.  0.] -1 534.092718506
1454 [ 1.  0.  0.  0.] 9 328.88913269
1455 [ 1.  0.  0.  0.] -1 327.369146729
1456 [ 1.  0.  0.  0.] -1 332.233258057
1457 [ 1.  0.  0.  0.] -1 333.220947266
1458 [ 1.  0.  0.  0.] 9 323.592668152
1459 [ 1.  0.  0.  0.] 0 314.592668152
1460 [ 0.  0.  0.  1.] -2 201.59875946
1461 [ 0.  0.  0.  1.] -1 210.869772339
1462 [ 0.  0.  0.  1.] 9 190.817861176
1463 [ 0.  0.  0.  1.] -1 185.760858917
1464 [ 0.  0.  0.  1.] -1 194.638363647
1465 [ 0.  0.  0.  1.] -1 197.075057983
1466 [ 0.  0.  0.  1.] 9 225.524853516
1467 [ 0.  0.  0.  1.] -1 234.590200806
1468 [ 0.  0.  0.  1.] -1 245.236677551
1469 [ 0.  0.  0.  1.] -1 250.94894104
1470 [ 0.  0.  0.  1.] 9 276.145404053
1471 [ 0.  0.  0.  1.] -1 277.432829285
1472 [ 0.  0.  0.  1.] -1 289.03527832
1473 [ 0.  0.  0.  1.] -1 297.178292847
1474 [ 0.  0.  0.  1.] 9 306.199996948
1475 [ 0.  0.  0.  1.] -1 308.657759094
1476 [ 0.  0.  0.  1.] -1 315.18500824
1477 [ 0.  0.  0.  1.] -1 328.608831787
1478 [ 0.  0.  0.  1.] 9 355.395866394
1479 [ 0.  0.  0.  1.] -1 358.567230225
1480 [ 0.  0.  0.  1.] -1 371.158876038
1481 [ 0.  0.  0.  1.] -1 374.381274414
1482 [ 0.  0.  0.  1.] 9 380.757225037
1483 [ 0.  0.  0.  1.] 0 371.757225037
1484 [ 0.  0.  1.  0.] -2 277.903694153
1485 [ 0.  0.  1.  0.] -1 277.792732239
1486 [ 0.  0.  1.  0.] 9 289.26313324
1487 [ 0.  0.  1.  0.] -1 287.803276062
1488 [ 0.  0.  1.  0.] -1 282.868077087
1489 [ 0.  0.  1.  0.] -1 284.425598145
1490 [ 0.  0.  1.  0.] 9 303.946936035
1491 [ 0.  0.  1.  0.] -1 279.259683228
1492 [ 0.  0.  1.  0.] -1 272.988314819
1493 [ 0.  0.  1.  0.] -1 270.493434143
1494 [ 0.  0.  1.  0.] 9 280.930223083
1495 [ 0.  0.  1.  0.] -1 201.13237381
1496 [ 0.  0.  1.  0.] -1 200.556787109
1497 [ 0.  0.  1.  0.] -1 200.42567215
1498 [ 0.  0.  1.  0.] 9 217.089254761
1499 [ 0.  0.  1.  0.] 0 208.089254761
1500 [ 0.  0.  0.  1.] -2 194.379695892
1501 [ 0.  0.  0.  1.] -1 197.997124481
1502 [ 0.  0.  0.  1.] 9 201.151734924
1503 [ 0.  0.  0.  1.] -1 188.175476074
1504 [ 0.  0.  0.  1.] -1 190.187065125
1505 [ 0.  0.  0.  1.] -1 197.078218079
1506 [ 0.  0.  0.  1.] 9 169.480898285
1507 [ 0.  0.  0.  1.] -1 154.540437317
1508 [ 0.  0.  0.  1.] -1 156.438422394
1509 [ 0.  0.  0.  1.] -1 158.973876953
1510 [ 0.  0.  0.  1.] 9 159.293171692
1511 [ 0.  0.  0.  1.] -1 150.220645142
1512 [ 0.  0.  0.  1.] -1 150.912082672
1513 [ 0.  0.  0.  1.] -1 152.74541626
1514 [ 0.  0.  0.  1.] 9 146.701830292
1515 [ 0.  0.  0.  1.] -1 136.204651642
1516 [ 0.  0.  0.  1.] -1 135.670044708
1517 [ 0.  0.  0.  1.] -1 137.264544678
1518 [ 0.  0.  0.  1.] 9 146.773178864
1519 [ 0.  0.  0.  1.] -1 141.480285645
1520 [ 0.  0.  0.  1.] -1 146.326755524
1521 [ 0.  0.  0.  1.] -1 145.266036224
1522 [ 0.  0.  0.  1.] 9 134.432717133
1523 [ 0.  0.  0.  1.] 0 125.432717133
1524 [ 0.  0.  1.  0.] -2 133.999437714
1525 [ 0.  0.  1.  0.] -1 133.927324677
1526 [ 0.  0.  1.  0.] 9 156.790869141
1527 [ 0.  0.  1.  0.] -1 176.419313049
1528 [ 0.  0.  1.  0.] -1 167.098423767
1529 [ 0.  0.  1.  0.] -1 164.958531952
1530 [ 0.  0.  1.  0.] 9 184.89477005
1531 [ 0.  0.  1.  0.] -1 217.024666595
1532 [ 0.  0.  1.  0.] -1 210.858233643
1533 [ 0.  0.  1.  0.] -1 228.808879089
1534 [ 0.  0.  1.  0.] 9 275.123852539
1535 [ 0.  0.  1.  0.] 0 266.123852539
1536 [ 0.  1.  0.  0.] -2 338.458917236
1537 [ 0.  1.  0.  0.] -1 340.239982605
1538 [ 0.  1.  0.  0.] 9 377.673088074
1539 [ 0.  1.  0.  0.] -1 313.738554382
1540 [ 0.  1.  0.  0.] -1 325.731898499
1541 [ 0.  1.  0.  0.] -1 345.479884338
1542 [ 0.  1.  0.  0.] 9 382.595530701
1543 [ 0.  1.  0.  0.] -1 422.469081116
1544 [ 0.  1.  0.  0.] -1 445.68256073
1545 [ 0.  1.  0.  0.] -1 449.813616943
1546 [ 0.  1.  0.  0.] 9 475.843910217
1547 [ 0.  1.  0.  0.] -1 478.124214172
1548 [ 0.  1.  0.  0.] -1 483.657511902
1549 [ 0.  1.  0.  0.] -1 502.459933472
1550 [ 0.  1.  0.  0.] 9 505.328265381
1551 [ 0.  1.  0.  0.] -1 504.985516357
1552 [ 0.  1.  0.  0.] -1 530.91076355
1553 [ 0.  1.  0.  0.] -1 562.889129639
1554 [ 0.  1.  0.  0.] 9 568.072796631
1555 [ 0.  1.  0.  0.] -1 526.224371338
1556 [ 0.  1.  0.  0.] -1 510.772085571
1557 [ 0.  1.  0.  0.] -1 520.609780884
1558 [ 0.  1.  0.  0.] 9 514.906658936
1559 [ 0.  1.  0.  0.] -1 489.964047241
1560 [ 0.  1.  0.  0.] -1 498.085723877
1561 [ 0.  1.  0.  0.] -1 515.696615601
1562 [ 0.  1.  0.  0.] 9 535.141937256
1563 [ 0.  1.  0.  0.] -1 485.384344482
1564 [ 0.  1.  0.  0.] -1 492.867160034
1565 [ 0.  1.  0.  0.] -1 501.721282959
1566 [ 0.  1.  0.  0.] 9 486.060005188
1567 [ 0.  1.  0.  0.] -1 416.439126587
1568 [ 0.  1.  0.  0.] -1 420.714445496
1569 [ 0.  1.  0.  0.] -1 449.105378723
1570 [ 0.  1.  0.  0.] 9 438.327897644
1571 [ 0.  1.  0.  0.] 0 429.327897644
1572 [ 1.  0.  0.  0.] -2 475.547761536
1573 [ 1.  0.  0.  0.] -1 501.32734375
1574 [ 1.  0.  0.  0.] 9 450.767279053
1575 [ 1.  0.  0.  0.] -1 458.418382263
1576 [ 1.  0.  0.  0.] -1 477.632485962
1577 [ 1.  0.  0.  0.] -1 441.845103455
1578 [ 1.  0.  0.  0.] 9 339.473248291
1579 [ 1.  0.  0.  0.] -1 339.468455505
1580 [ 1.  0.  0.  0.] -1 331.320019531
1581 [ 1.  0.  0.  0.] -1 327.350823975
1582 [ 1.  0.  0.  0.] 9 358.7634552
1583 [ 1.  0.  0.  0.] 0 349.7634552
1584 [ 0.  1.  0.  0.] -2 282.913952637
1585 [ 0.  1.  0.  0.] -1 281.403097534
1586 [ 0.  1.  0.  0.] 9 304.476179504
1587 [ 0.  1.  0.  0.] -1 298.127539062
1588 [ 0.  1.  0.  0.] -1 294.374331665
1589 [ 0.  1.  0.  0.] -1 298.651853943
1590 [ 0.  1.  0.  0.] 9 324.692555237
1591 [ 0.  1.  0.  0.] -1 352.237443542
1592 [ 0.  1.  0.  0.] -1 343.101579285
1593 [ 0.  1.  0.  0.] -1 351.09528656
1594 [ 0.  1.  0.  0.] -1 345.894117737
1595 [ 0.  1.  0.  0.] -1 364.380732727
1596 [ 0.  1.  0.  0.] -1 372.085189819
1597 [ 0.  1.  0.  0.] -1 366.087937927
1598 [ 0.  1.  0.  0.] 9 394.162522888
1599 [ 0.  1.  0.  0.] -1 355.857463074
1600 [ 0.  1.  0.  0.] -1 349.825421143
1601 [ 0.  1.  0.  0.] -1 355.631965637
1602 [ 0.  1.  0.  0.] 9 382.960565186
1603 [ 0.  1.  0.  0.] -1 365.376568604
1604 [ 0.  1.  0.  0.] -1 368.942808533
1605 [ 0.  1.  0.  0.] -1 160.147866821
1606 [ 0.  1.  0.  0.] -1 155.364903259
1607 [ 0.  1.  0.  0.] -1 156.679879761
1608 [ 0.  1.  0.  0.] -1 155.473303223
1609 [ 0.  1.  0.  0.] -1 155.665097809
1610 [ 0.  1.  0.  0.] -1 158.788779449
1611 [ 0.  1.  0.  0.] -1 181.606174469
1612 [ 0.  1.  0.  0.] -1 186.100670624
1613 [ 0.  1.  0.  0.] -1 185.973918915
1614 [ 0.  1.  0.  0.] -1 185.099181366
1615 [ 0.  1.  0.  0.] 0 186.099181366
1616 [ 0.  0.  1.  0.] -2 157.699760437
1617 [ 0.  0.  1.  0.] -1 159.177978516
1618 [ 0.  0.  1.  0.] -1 168.410037231
1619 [ 0.  0.  1.  0.] -1 176.535004425
1620 [ 0.  0.  1.  0.] -1 174.356423187
1621 [ 0.  0.  1.  0.] -1 176.592944336
1622 [ 0.  0.  1.  0.] -1 181.147409821
1623 [ 0.  0.  1.  0.] -1 193.024642181
1624 [ 0.  0.  1.  0.] -1 192.233792114
1625 [ 0.  0.  1.  0.] -1 194.811357117
1626 [ 0.  0.  1.  0.] -1 202.989234161
1627 [ 0.  0.  1.  0.] 0 203.989234161
1628 [ 0.  0.  0.  1.] -2 182.139864349
1629 [ 0.  0.  0.  1.] -1 181.927590942
1630 [ 0.  0.  0.  1.] -1 170.528895569
1631 [ 0.  0.  0.  1.] -1 169.859477234
1632 [ 0.  0.  0.  1.] -1 168.85549469
1633 [ 0.  0.  0.  1.] -1 170.878651428
1634 [ 0.  0.  0.  1.] -1 157.410702515
1635 [ 0.  0.  0.  1.] -1 157.007659912
1636 [ 0.  0.  0.  1.] -1 157.765879822
1637 [ 0.  0.  0.  1.] -1 160.095333862
1638 [ 0.  0.  0.  1.] -1 136.721863556
1639 [ 0.  0.  0.  1.] -1 134.788044739
1640 [ 0.  0.  0.  1.] -1 133.894288635
1641 [ 0.  0.  0.  1.] -1 133.720671844
1642 [ 0.  0.  0.  1.] -1 134.348327637
1643 [ 0.  0.  0.  1.] -1 130.899880981
1644 [ 0.  0.  0.  1.] -1 133.223014832
1645 [ 0.  0.  0.  1.] -1 132.231469727
1646 [ 0.  0.  0.  1.] -1 121.448659515
1647 [ 0.  0.  0.  1.] 0 122.448659515
1648 [ 1.  0.  0.  0.] -2 128.393863678
1649 [ 1.  0.  0.  0.] -1 130.443943024
1650 [ 1.  0.  0.  0.] -1 151.36913681
1651 [ 1.  0.  0.  0.] -1 152.705784607
1652 [ 1.  0.  0.  0.] -1 158.148091888
1653 [ 1.  0.  0.  0.] -1 157.552370453
1654 [ 1.  0.  0.  0.] -1 157.007138062
1655 [ 1.  0.  0.  0.] -1 155.072724915
1656 [ 1.  0.  0.  0.] -1 156.405589294
1657 [ 1.  0.  0.  0.] -1 157.901865387
1658 [ 1.  0.  0.  0.] -1 172.524191284
1659 [ 1.  0.  0.  0.] 0 173.524191284
1660 [ 0.  1.  0.  0.] -2 155.14599762
1661 [ 0.  1.  0.  0.] -1 157.21492157
1662 [ 0.  1.  0.  0.] -1 158.16467514
1663 [ 0.  1.  0.  0.] -1 153.561387634
1664 [ 0.  1.  0.  0.] -1 151.975440216
1665 [ 0.  1.  0.  0.] -1 156.325470734
1666 [ 0.  1.  0.  0.] -1 157.493923187
1667 [ 0.  1.  0.  0.] -1 157.729132843
1668 [ 0.  1.  0.  0.] -1 158.066103363
1669 [ 0.  1.  0.  0.] -1 160.147866821
1670 [ 0.  1.  0.  0.] -1 155.364903259
1671 [ 0.  1.  0.  0.] 0 156.364903259
1672 [ 1.  0.  0.  0.] -2 151.206127167
1673 [ 1.  0.  0.  0.] -1 151.106819916
1674 [ 1.  0.  0.  0.] -1 127.211484528
1675 [ 1.  0.  0.  0.] -1 124.564687347
1676 [ 1.  0.  0.  0.] -1 124.708500671
1677 [ 1.  0.  0.  0.] -1 125.963768768
1678 [ 1.  0.  0.  0.] -1 140.613941193
1679 [ 1.  0.  0.  0.] -1 139.294050598
1680 [ 1.  0.  0.  0.] -1 138.496155548
1681 [ 1.  0.  0.  0.] -1 141.772652435
1682 [ 1.  0.  0.  0.] -1 137.677864838
1683 [ 1.  0.  0.  0.] -1 134.461714172
1684 [ 1.  0.  0.  0.] -1 135.406423187
1685 [ 1.  0.  0.  0.] -1 135.016165924
1686 [ 1.  0.  0.  0.] -1 98.1925403595
1687 [ 1.  0.  0.  0.] 0 99.1925403595
1688 [ 0.  1.  0.  0.] -2 94.6017913818
1689 [ 0.  1.  0.  0.] -1 95.0224212646
1690 [ 0.  1.  0.  0.] -1 94.4086307526
1691 [ 0.  1.  0.  0.] -1 109.510385132
1692 [ 0.  1.  0.  0.] -1 118.95140152
1693 [ 0.  1.  0.  0.] -1 115.292895508
1694 [ 0.  1.  0.  0.] -1 118.605791473
1695 [ 0.  1.  0.  0.] -1 130.392062378
1696 [ 0.  1.  0.  0.] -1 132.141972351
1697 [ 0.  1.  0.  0.] -1 133.235742187
1698 [ 0.  1.  0.  0.] -1 133.140272522
1699 [ 0.  1.  0.  0.] -1 72.6898906708
1700 [ 0.  1.  0.  0.] -1 66.6743232727
1701 [ 0.  1.  0.  0.] -1 62.6864715576
1702 [ 0.  1.  0.  0.] -1 60.7441146851
1703 [ 0.  1.  0.  0.] -1 56.7785902023
1704 [ 0.  1.  0.  0.] -1 56.4716405869
1705 [ 0.  1.  0.  0.] -1 56.2901199341
1706 [ 0.  1.  0.  0.] -1 54.2844741821
1707 [ 0.  1.  0.  0.] -1 53.6244853973
1708 [ 0.  1.  0.  0.] -1 56.9496339798
1709 [ 0.  1.  0.  0.] -1 54.7572925568
1710 [ 0.  1.  0.  0.] -1 54.2273097992
1711 [ 0.  1.  0.  0.] -1 50.1623111725
1712 [ 0.  1.  0.  0.] 0 51.1623111725
1713 [ 0.  0.  1.  0.] -2 56.1972593307
1714 [ 0.  0.  1.  0.] -1 57.6316999435
1715 [ 0.  0.  1.  0.] -1 58.3578695297
1716 [ 0.  0.  1.  0.] -1 65.2548969269
1717 [ 0.  0.  1.  0.] -1 64.4182762146
1718 [ 0.  0.  1.  0.] -1 65.5962451935
1719 [ 0.  0.  1.  0.] -1 64.7615379333
1720 [ 0.  0.  1.  0.] -1 67.3904037476
1721 [ 0.  0.  1.  0.] -1 68.2960464478
1722 [ 0.  0.  1.  0.] -1 69.7925689697
1723 [ 0.  0.  1.  0.] -1 69.2828876495
1724 [ 0.  0.  1.  0.] -1 75.9716785431
1725 [ 0.  0.  1.  0.] -1 76.8874465942
1726 [ 0.  0.  1.  0.] -1 77.4789932251
1727 [ 0.  0.  1.  0.] -1 75.8207332611
1728 [ 0.  0.  1.  0.] 0 76.8207332611
1729 [ 0.  0.  0.  1.] -2 79.7005508423
1730 [ 0.  0.  0.  1.] -1 82.5877147675
1731 [ 0.  0.  0.  1.] -1 83.6938278198
1732 [ 0.  0.  0.  1.] -1 86.1319644928
1733 [ 0.  0.  0.  1.] -1 88.9593219757
1734 [ 0.  0.  0.  1.] -1 90.8139644623
1735 [ 0.  0.  0.  1.] -1 111.134144974
1736 [ 0.  0.  0.  1.] 0 112.134144974
1737 [ 0.  0.  1.  0.] -2 119.585844803
1738 [ 0.  0.  1.  0.] -1 122.911290741
1739 [ 0.  0.  1.  0.] -1 118.793795395
1740 [ 0.  0.  1.  0.] -1 133.302770996
1741 [ 0.  0.  1.  0.] -1 132.516356659
1742 [ 0.  0.  1.  0.] -1 138.727944183
1743 [ 0.  0.  1.  0.] -1 136.579920197
1744 [ 0.  0.  1.  0.] -1 158.10973587
1745 [ 0.  0.  1.  0.] -1 161.200540924
1746 [ 0.  0.  1.  0.] -1 170.855892944
1747 [ 0.  0.  1.  0.] -1 173.788852692
1748 [ 0.  0.  1.  0.] 0 174.788852692
1749 [ 0.  1.  0.  0.] -2 161.956321716
1750 [ 0.  1.  0.  0.] -1 163.729660797
1751 [ 0.  1.  0.  0.] -1 155.233454895
1752 [ 0.  1.  0.  0.] -1 149.78127594
1753 [ 0.  1.  0.  0.] -1 140.608592224
1754 [ 0.  1.  0.  0.] -1 143.745102692
1755 [ 0.  1.  0.  0.] -1 142.119523621
1756 [ 0.  1.  0.  0.] -1 127.543917847
1757 [ 0.  1.  0.  0.] -1 126.965431976
1758 [ 0.  1.  0.  0.] -1 125.159089661
1759 [ 0.  1.  0.  0.] -1 124.478973389
1760 [ 0.  1.  0.  0.] -1 127.12143631
1761 [ 0.  1.  0.  0.] -1 125.346028137
1762 [ 0.  1.  0.  0.] -1 131.27419281
1763 [ 0.  1.  0.  0.] -1 124.196681213
1764 [ 0.  1.  0.  0.] -1 110.149739075
1765 [ 0.  1.  0.  0.] -1 108.833494186
1766 [ 0.  1.  0.  0.] -1 111.249234772
1767 [ 0.  1.  0.  0.] -1 109.682226181
1768 [ 0.  1.  0.  0.] 0 110.682226181
1769 [ 1.  0.  0.  0.] -2 88.0014759064
1770 [ 1.  0.  0.  0.] -1 90.7786018372
1771 [ 1.  0.  0.  0.] -1 103.177952957
1772 [ 1.  0.  0.  0.] -1 105.676080704
1773 [ 1.  0.  0.  0.] -1 107.098971558
1774 [ 1.  0.  0.  0.] -1 104.520913696
1775 [ 1.  0.  0.  0.] -1 105.892489243
1776 [ 1.  0.  0.  0.] -1 105.394527817
1777 [ 1.  0.  0.  0.] -1 105.38323555
1778 [ 1.  0.  0.  0.] -1 106.22118988
1779 [ 1.  0.  0.  0.] -1 122.792627716
1780 [ 1.  0.  0.  0.] 0 123.792627716
1781 [ 0.  0.  0.  1.] -2 72.2727615356
1782 [ 0.  0.  0.  1.] -1 72.7047344208
1783 [ 0.  0.  0.  1.] -1 71.3007316589
1784 [ 0.  0.  0.  1.] -1 70.9640293121
1785 [ 0.  0.  0.  1.] -1 71.233441925
1786 [ 0.  0.  0.  1.] -1 72.0060562134
1787 [ 0.  0.  0.  1.] -1 70.043245697
1788 [ 0.  0.  0.  1.] -1 70.4723373413
1789 [ 0.  0.  0.  1.] -1 70.8167152405
1790 [ 0.  0.  0.  1.] -1 70.7405033112
1791 [ 0.  0.  0.  1.] -1 74.0216896057
1792 [ 0.  0.  0.  1.] 0 75.0216896057
1793 [ 1.  0.  0.  0.] -2 67.6174919128
1794 [ 1.  0.  0.  0.] -1 69.0540634155
1795 [ 1.  0.  0.  0.] -1 59.3179405212
1796 [ 1.  0.  0.  0.] -1 59.3389232635
1797 [ 1.  0.  0.  0.] -1 58.8894577026
1798 [ 1.  0.  0.  0.] -1 59.6124164581
1799 [ 1.  0.  0.  0.] -1 60.6405418396
1800 [ 1.  0.  0.  0.] -1 61.0442150116
1801 [ 1.  0.  0.  0.] -1 60.9322055817
1802 [ 1.  0.  0.  0.] -1 61.3264854431
1803 [ 1.  0.  0.  0.] -1 57.7049438477
1804 [ 1.  0.  0.  0.] -1 57.2142738342
1805 [ 1.  0.  0.  0.] -1 57.4024299622
1806 [ 1.  0.  0.  0.] -1 58.1246747971
1807 [ 1.  0.  0.  0.] -1 39.1882608414
1808 [ 1.  0.  0.  0.] 0 40.1882608414
1809 [ 0.  0.  0.  1.] -2 44.486964798
1810 [ 0.  0.  0.  1.] -1 47.2354251862
1811 [ 0.  0.  0.  1.] -1 52.3854816437
1812 [ 0.  0.  0.  1.] -1 56.0367687225
1813 [ 0.  0.  0.  1.] -1 58.5996059418
1814 [ 0.  0.  0.  1.] -1 59.8507717133
1815 [ 0.  0.  0.  1.] -1 83.7462593079
1816 [ 0.  0.  0.  1.] -1 90.061296463
1817 [ 0.  0.  0.  1.] -1 91.4562030792
1818 [ 0.  0.  0.  1.] -1 96.2533290863
1819 [ 0.  0.  0.  1.] -1 103.654040146
1820 [ 0.  0.  0.  1.] -1 95.4153022766
1821 [ 0.  0.  0.  1.] -1 92.0162212372
1822 [ 0.  0.  0.  1.] -1 90.8595031738
1823 [ 0.  0.  0.  1.] -1 89.0102893829
1824 [ 0.  0.  0.  1.] -1 83.5411575317
1825 [ 0.  0.  0.  1.] -1 81.4235385895
1826 [ 0.  0.  0.  1.] -1 82.6343334198
1827 [ 0.  0.  0.  1.] -1 80.7360076904
1828 [ 0.  0.  0.  1.] -1 81.3265830994
1829 [ 0.  0.  0.  1.] -1 82.1381767273
1830 [ 0.  0.  0.  1.] -1 83.6967922211
1831 [ 0.  0.  0.  1.] -1 84.2507583618
1832 [ 0.  0.  0.  1.] -1 85.9095546722
1833 [ 0.  0.  0.  1.] 0 86.9095546722
1834 [ 1.  0.  0.  0.] -2 94.5267028809
1835 [ 1.  0.  0.  0.] -1 95.0353298187
1836 [ 1.  0.  0.  0.] 9 100.272421265
1837 [ 1.  0.  0.  0.] -1 89.6085910797
1838 [ 1.  0.  0.  0.] -1 90.1179100037
1839 [ 1.  0.  0.  0.] -1 90.8871322632
1840 [ 1.  0.  0.  0.] 9 96.9274459839
1841 [ 1.  0.  0.  0.] -1 86.5023117065
1842 [ 1.  0.  0.  0.] -1 86.7085731506
1843 [ 1.  0.  0.  0.] -1 87.2502685547
1844 [ 1.  0.  0.  0.] 9 95.8142807007
1845 [ 1.  0.  0.  0.] -1 83.9965301514
1846 [ 1.  0.  0.  0.] -1 84.4369358063
1847 [ 1.  0.  0.  0.] -1 84.7783420563
1848 [ 1.  0.  0.  0.] 9 61.1834278107
1849 [ 1.  0.  0.  0.] -1 51.1727479935
1850 [ 1.  0.  0.  0.] -1 51.3878120422
1851 [ 1.  0.  0.  0.] -1 50.8645372391
1852 [ 1.  0.  0.  0.] 9 60.1929553986
1853 [ 1.  0.  0.  0.] -1 49.5683111191
1854 [ 1.  0.  0.  0.] -1 50.0474786758
1855 [ 1.  0.  0.  0.] -1 51.3929290771
1856 [ 1.  0.  0.  0.] 9 63.7597787857
1857 [ 1.  0.  0.  0.] -1 54.6210859299
1858 [ 1.  0.  0.  0.] -1 55.5222929001
1859 [ 1.  0.  0.  0.] -1 55.6515777588
1860 [ 1.  0.  0.  0.] 9 72.2274822235
1861 [ 1.  0.  0.  0.] -1 61.2518245697
1862 [ 1.  0.  0.  0.] -1 62.0880249023
1863 [ 1.  0.  0.  0.] -1 64.3295543671
1864 [ 1.  0.  0.  0.] 9 63.9071218491
1865 [ 1.  0.  0.  0.] -1 55.6786813736
1866 [ 1.  0.  0.  0.] -1 56.0397947311
1867 [ 1.  0.  0.  0.] -1 55.4200101852
1868 [ 1.  0.  0.  0.] -1 59.0425338745
1869 [ 1.  0.  0.  0.] -1 59.1928050995
1870 [ 1.  0.  0.  0.] -1 58.188391304
1871 [ 1.  0.  0.  0.] -1 58.6693382263
1872 [ 1.  0.  0.  0.] -1 53.7480081558
1873 [ 1.  0.  0.  0.] -1 54.6673929214
1874 [ 1.  0.  0.  0.] -1 54.6956163406
1875 [ 1.  0.  0.  0.] -1 55.1486551285
1876 [ 1.  0.  0.  0.] -1 51.841825676
1877 [ 1.  0.  0.  0.] -1 50.2364103317
1878 [ 1.  0.  0.  0.] -1 49.9900388718
1879 [ 1.  0.  0.  0.] -1 51.5196409225
1880 [ 1.  0.  0.  0.] -1 64.2034912109
1881 [ 1.  0.  0.  0.] 0 65.2034912109
1882 [ 0.  0.  0.  1.] -2 35.8270898819
1883 [ 0.  0.  0.  1.] -1 36.7316745758
1884 [ 0.  0.  0.  1.] -1 32.1380739212
1885 [ 0.  0.  0.  1.] -1 31.6243047714
1886 [ 0.  0.  0.  1.] -1 31.2480867386
1887 [ 0.  0.  0.  1.] -1 31.2069330215
1888 [ 0.  0.  0.  1.] -1 30.7056121826
1889 [ 0.  0.  0.  1.] -1 31.1355047226
1890 [ 0.  0.  0.  1.] -1 31.4208518982
1891 [ 0.  0.  0.  1.] -1 30.7902606964
1892 [ 0.  0.  0.  1.] -1 24.8959021568
1893 [ 0.  0.  0.  1.] -1 23.4678308487
1894 [ 0.  0.  0.  1.] -1 23.1330763817
1895 [ 0.  0.  0.  1.] -1 22.7851433754
1896 [ 0.  0.  0.  1.] -1 20.4101506233
1897 [ 0.  0.  0.  1.] -1 20.3262776375
1898 [ 0.  0.  0.  1.] -1 20.6178761482
1899 [ 0.  0.  0.  1.] -1 20.6023293495
1900 [ 0.  0.  0.  1.] -1 21.5169141769
1901 [ 0.  0.  0.  1.] -1 22.3188626289
1902 [ 0.  0.  0.  1.] -1 22.8534568787
1903 [ 0.  0.  0.  1.] -1 24.0348269463
1904 [ 0.  0.  0.  1.] -1 21.6417705536
1905 [ 0.  0.  0.  1.] -1 21.9567164421
1906 [ 0.  0.  0.  1.] -1 22.945764637
1907 [ 0.  0.  0.  1.] -1 23.5829967499
1908 [ 0.  0.  0.  1.] -1 19.790117836
1909 [ 0.  0.  0.  1.] -1 19.9610963821
1910 [ 0.  0.  0.  1.] -1 20.2469164848
1911 [ 0.  0.  0.  1.] -1 20.396781826
1912 [ 0.  0.  0.  1.] -1 20.8822333336
1913 [ 0.  0.  0.  1.] -1 22.3325956345
1914 [ 0.  0.  0.  1.] -1 24.2798430443
1915 [ 0.  0.  0.  1.] -1 22.5471903801
1916 [ 0.  0.  0.  1.] -1 19.3901682854
1917 [ 0.  0.  0.  1.] 0 20.3901682854
1918 [ 0.  0.  1.  0.] -2 25.9018106461
1919 [ 0.  0.  1.  0.] -1 27.1961289406
1920 [ 0.  0.  1.  0.] -1 29.886082077
1921 [ 0.  0.  1.  0.] -1 30.7012851715
1922 [ 0.  0.  1.  0.] -1 29.1334032059
1923 [ 0.  0.  1.  0.] -1 29.0486006737
1924 [ 0.  0.  1.  0.] -1 31.6092798233
1925 [ 0.  0.  1.  0.] -1 22.0659952164
1926 [ 0.  0.  1.  0.] -1 21.6170623779
1927 [ 0.  0.  1.  0.] -1 22.054853344
1928 [ 0.  0.  1.  0.] -1 24.3957373619
1929 [ 0.  0.  1.  0.] 0 25.3957373619
1930 [ 0.  0.  0.  1.] -2 21.7275712967
1931 [ 0.  0.  0.  1.] -1 24.218474865
1932 [ 0.  0.  0.  1.] -1 21.412422657
1933 [ 0.  0.  0.  1.] -1 21.3520093918
1934 [ 0.  0.  0.  1.] -1 21.3279027939
1935 [ 0.  0.  0.  1.] -1 22.1024395943
1936 [ 0.  0.  0.  1.] -1 19.9424057961
1937 [ 0.  0.  0.  1.] -1 19.8540173531
1938 [ 0.  0.  0.  1.] -1 19.8572263718
1939 [ 0.  0.  0.  1.] -1 19.8234419823
1940 [ 0.  0.  0.  1.] -1 18.8529992104
1941 [ 0.  0.  0.  1.] 0 19.8529992104
1942 [ 1.  0.  0.  0.] -2 32.7022159576
1943 [ 1.  0.  0.  0.] -1 34.1105241776
1944 [ 1.  0.  0.  0.] -1 37.4950912476
1945 [ 1.  0.  0.  0.] -1 38.256710434
1946 [ 1.  0.  0.  0.] -1 38.2115558624
1947 [ 1.  0.  0.  0.] -1 37.4401845932
1948 [ 1.  0.  0.  0.] -1 34.761866188
1949 [ 1.  0.  0.  0.] -1 33.3427080154
1950 [ 1.  0.  0.  0.] -1 32.9044658661
1951 [ 1.  0.  0.  0.] -1 33.9600246429
1952 [ 1.  0.  0.  0.] -1 32.6276241302
1953 [ 1.  0.  0.  0.] 0 33.6276241302
1954 [ 0.  0.  0.  1.] -2 17.7917433739
1955 [ 0.  0.  0.  1.] -1 18.5590360641
1956 [ 0.  0.  0.  1.] -1 18.0755125046
1957 [ 0.  0.  0.  1.] -1 18.2100049973
1958 [ 0.  0.  0.  1.] -1 18.1532682419
1959 [ 0.  0.  0.  1.] -1 18.1566910744
1960 [ 0.  0.  0.  1.] -1 18.3447276115
1961 [ 0.  0.  0.  1.] -1 18.7064987183
1962 [ 0.  0.  0.  1.] -1 18.8040865898
1963 [ 0.  0.  0.  1.] -1 19.0844906807
1964 [ 0.  0.  0.  1.] -1 22.8725388527
1965 [ 0.  0.  0.  1.] -1 24.1883398056
1966 [ 0.  0.  0.  1.] -1 25.2630041122
1967 [ 0.  0.  0.  1.] -1 26.3564351082
1968 [ 0.  0.  0.  1.] -1 27.5153076172
1969 [ 0.  0.  0.  1.] -1 28.0774312973
1970 [ 0.  0.  0.  1.] -1 28.2384475708
1971 [ 0.  0.  0.  1.] -1 28.3576904297
1972 [ 0.  0.  0.  1.] -1 28.9539445877
1973 [ 0.  0.  0.  1.] -1 29.5469081879
1974 [ 0.  0.  0.  1.] -1 30.0830589294
1975 [ 0.  0.  0.  1.] -1 30.6439069748
1976 [ 0.  0.  0.  1.] -1 33.1387187958
1977 [ 0.  0.  0.  1.] -1 34.0296772003
1978 [ 0.  0.  0.  1.] -1 35.2788715363
1979 [ 0.  0.  0.  1.] -1 36.7177440643
1980 [ 0.  0.  0.  1.] -1 43.0967079163
1981 [ 0.  0.  0.  1.] -1 46.3285467148
1982 [ 0.  0.  0.  1.] -1 48.8566772461
1983 [ 0.  0.  0.  1.] -1 52.5389673233
1984 [ 0.  0.  0.  1.] -1 58.1300636292
1985 [ 0.  0.  0.  1.] -1 64.2854869843
1986 [ 0.  0.  0.  1.] -1 66.8279502869
1987 [ 0.  0.  0.  1.] -1 69.977514267
1988 [ 0.  0.  0.  1.] -1 98.4074123383
1989 [ 0.  0.  0.  1.] 0 99.4074123383
1990 [ 1.  0.  0.  0.] -2 193.488505554
1991 [ 1.  0.  0.  0.] -1 207.524144745
1992 [ 1.  0.  0.  0.] -1 230.084702301
1993 [ 1.  0.  0.  0.] -1 235.126416779
1994 [ 1.  0.  0.  0.] -1 240.991379547
1995 [ 1.  0.  0.  0.] -1 252.311029053
1996 [ 1.  0.  0.  0.] -1 225.796496582
1997 [ 1.  0.  0.  0.] -1 231.980353546
1998 [ 1.  0.  0.  0.] -1 238.312633514
1999 [ 1.  0.  0.  0.] -1 249.719577026
2000 [ 1.  0.  0.  0.] -1 241.016384888
2001 [ 1.  0.  0.  0.] 0 242.016384888
2002 [ 0.  0.  0.  1.] -2 259.830413818
2003 [ 0.  0.  0.  1.] -1 274.995178223
2004 [ 0.  0.  0.  1.] -1 315.852774048
2005 [ 0.  0.  0.  1.] -1 344.559542847
2006 [ 0.  0.  0.  1.] -1 353.595414734
2007 [ 0.  0.  0.  1.] -1 373.101638794
2008 [ 0.  0.  0.  1.] -1 505.713671875
2009 [ 0.  0.  0.  1.] 0 506.713671875
2010 [ 1.  0.  0.  0.] -2 457.530319214
2011 [ 1.  0.  0.  0.] -1 464.124992371
2012 [ 1.  0.  0.  0.] -1 584.438543701
2013 [ 1.  0.  0.  0.] -1 590.515841675
2014 [ 1.  0.  0.  0.] -1 589.800616455
2015 [ 1.  0.  0.  0.] -1 604.089813232
2016 [ 1.  0.  0.  0.] -1 595.768035889
2017 [ 1.  0.  0.  0.] -1 617.750296021
2018 [ 1.  0.  0.  0.] -1 617.88934021
2019 [ 1.  0.  0.  0.] -1 621.584970093
2020 [ 1.  0.  0.  0.] -1 572.333291626
2021 [ 1.  0.  0.  0.] -1 569.660604858
2022 [ 1.  0.  0.  0.] -1 567.32862854
2023 [ 1.  0.  0.  0.] -1 556.327148438
2024 [ 1.  0.  0.  0.] -1 488.029083252
2025 [ 1.  0.  0.  0.] -1 497.734054565
2026 [ 1.  0.  0.  0.] -1 486.380789185
2027 [ 1.  0.  0.  0.] -1 478.100933838
2028 [ 1.  0.  0.  0.] -1 349.136868286
2029 [ 1.  0.  0.  0.] -1 340.60791626
2030 [ 1.  0.  0.  0.] -1 339.01247406
2031 [ 1.  0.  0.  0.] -1 327.934078979
2032 [ 1.  0.  0.  0.] -1 296.861442566
2033 [ 1.  0.  0.  0.] 0 297.861442566
2034 [ 0.  1.  0.  0.] -2 434.62855835
2035 [ 0.  1.  0.  0.] -1 423.634750366
2036 [ 0.  1.  0.  0.] -1 421.069883728
2037 [ 0.  1.  0.  0.] -1 405.677378845
2038 [ 0.  1.  0.  0.] -1 400.53946991
2039 [ 0.  1.  0.  0.] -1 376.583947754
2040 [ 0.  1.  0.  0.] -1 365.376974487
2041 [ 0.  1.  0.  0.] -1 294.91441803
2042 [ 0.  1.  0.  0.] -1 276.397593689
2043 [ 0.  1.  0.  0.] -1 265.186503601
2044 [ 0.  1.  0.  0.] -1 251.111729431
2045 [ 0.  1.  0.  0.] -1 222.904560089
2046 [ 0.  1.  0.  0.] -1 214.065353394
2047 [ 0.  1.  0.  0.] -1 203.353848267
2048 [ 0.  1.  0.  0.] -1 190.654179382
2049 [ 0.  1.  0.  0.] -1 172.660597229
2050 [ 0.  1.  0.  0.] -1 166.125694275
2051 [ 0.  1.  0.  0.] -1 159.817375946
2052 [ 0.  1.  0.  0.] -1 154.339017487
2053 [ 0.  1.  0.  0.] 0 155.339017487
2054 [ 0.  0.  1.  0.] -2 196.780310059
2055 [ 0.  0.  1.  0.] -1 194.831839752
2056 [ 0.  0.  1.  0.] 9 192.561277008
2057 [ 0.  0.  1.  0.] -1 170.134333038
2058 [ 0.  0.  1.  0.] -1 173.46379776
2059 [ 0.  0.  1.  0.] -1 174.541216278
2060 [ 0.  0.  1.  0.] 9 163.775099945
2061 [ 0.  0.  1.  0.] -1 131.425920868
2062 [ 0.  0.  1.  0.] -1 131.623165894
2063 [ 0.  0.  1.  0.] -1 126.084417725
2064 [ 0.  0.  1.  0.] 9 131.255038452
2065 [ 0.  0.  1.  0.] -1 107.429563904
2066 [ 0.  0.  1.  0.] -1 105.501847839
2067 [ 0.  0.  1.  0.] -1 102.683919907
2068 [ 0.  0.  1.  0.] 9 102.494142151
2069 [ 0.  0.  1.  0.] -1 88.1869541168
2070 [ 0.  0.  1.  0.] -1 86.6134441376
2071 [ 0.  0.  1.  0.] -1 81.9122806549
2072 [ 0.  0.  1.  0.] 9 85.4891407013
2073 [ 0.  0.  1.  0.] -1 42.5028383255
2074 [ 0.  0.  1.  0.] -1 42.7872758865
2075 [ 0.  0.  1.  0.] -1 42.7883413315
2076 [ 0.  0.  1.  0.] 9 50.4582820892
2077 [ 0.  0.  1.  0.] 0 41.4582820892
2078 [ 0.  1.  0.  0.] -2 38.5094961166
2079 [ 0.  1.  0.  0.] -1 38.8273359299
2080 [ 0.  1.  0.  0.] 9 49.0941755295
2081 [ 0.  1.  0.  0.] -1 36.3781135559
2082 [ 0.  1.  0.  0.] -1 34.9290975571
2083 [ 0.  1.  0.  0.] -1 34.8239664078
2084 [ 0.  1.  0.  0.] 9 46.5049667358
2085 [ 0.  1.  0.  0.] -1 36.2249286652
2086 [ 0.  1.  0.  0.] -1 33.3399211884
2087 [ 0.  1.  0.  0.] -1 34.8215854645
2088 [ 0.  1.  0.  0.] -1 33.8090213776
2089 [ 0.  1.  0.  0.] -1 25.6533682823
2090 [ 0.  1.  0.  0.] -1 25.7475441933
2091 [ 0.  1.  0.  0.] -1 25.5462222099
2092 [ 0.  1.  0.  0.] -1 24.264066124
2093 [ 0.  1.  0.  0.] -1 24.8309698105
2094 [ 0.  1.  0.  0.] -1 25.6188554764
2095 [ 0.  1.  0.  0.] -1 26.732943058
2096 [ 0.  1.  0.  0.] -1 25.9865662575
2097 [ 0.  1.  0.  0.] -1 27.2562069893
2098 [ 0.  1.  0.  0.] -1 26.8292860985
2099 [ 0.  1.  0.  0.] -1 28.2489769936
2100 [ 0.  1.  0.  0.] -1 26.2041888237
2101 [ 0.  1.  0.  0.] -1 20.5311782837
2102 [ 0.  1.  0.  0.] -1 21.7518357277
2103 [ 0.  1.  0.  0.] -1 22.632697773
2104 [ 0.  1.  0.  0.] -1 22.8066660881
2105 [ 0.  1.  0.  0.] -1 23.043111515
2106 [ 0.  1.  0.  0.] -1 23.6587067604
2107 [ 0.  1.  0.  0.] -1 24.8039712906
2108 [ 0.  1.  0.  0.] -1 24.64653368
2109 [ 0.  1.  0.  0.] -1 27.5787142754
2110 [ 0.  1.  0.  0.] -1 27.6166770935
2111 [ 0.  1.  0.  0.] -1 29.0149413109
2112 [ 0.  1.  0.  0.] -1 29.7246454239
2113 [ 0.  1.  0.  0.] -1 28.3168519974
2114 [ 0.  1.  0.  0.] -1 30.623069191
2115 [ 0.  1.  0.  0.] -1 30.9313089371
2116 [ 0.  1.  0.  0.] -1 31.0314064026
2117 [ 0.  1.  0.  0.] -1 31.4190870285
2118 [ 0.  1.  0.  0.] -1 31.3970678329
2119 [ 0.  1.  0.  0.] -1 35.0837501526
2120 [ 0.  1.  0.  0.] -1 36.4171653748
2121 [ 0.  1.  0.  0.] -1 36.2290164948
2122 [ 0.  1.  0.  0.] -1 34.5574819565
2123 [ 0.  1.  0.  0.] -1 35.5981824875
2124 [ 0.  1.  0.  0.] -1 33.0954957962
2125 [ 0.  1.  0.  0.] 0 34.0954957962
2126 [ 0.  0.  1.  0.] -2 16.4986030579
2127 [ 0.  0.  1.  0.] -1 17.6687571526
2128 [ 0.  0.  1.  0.] -1 18.3181494713
2129 [ 0.  0.  1.  0.] -1 17.1077478409
2130 [ 0.  0.  1.  0.] -1 17.3433198929
2131 [ 0.  0.  1.  0.] -1 17.142440033
2132 [ 0.  0.  1.  0.] -1 18.6621994019
2133 [ 0.  0.  1.  0.] -1 16.9574530602
2134 [ 0.  0.  1.  0.] -1 17.1014892578
2135 [ 0.  0.  1.  0.] -1 17.0081214905
2136 [ 0.  0.  1.  0.] -1 17.1421591759
2137 [ 0.  0.  1.  0.] 0 18.1421591759
2138 [ 0.  0.  0.  1.] -2 18.6554079056
2139 [ 0.  0.  0.  1.] -1 20.050173378
2140 [ 0.  0.  0.  1.] -1 17.7012659073
2141 [ 0.  0.  0.  1.] -1 17.873828125
2142 [ 0.  0.  0.  1.] -1 18.0184876442
2143 [ 0.  0.  0.  1.] -1 17.9730775833
2144 [ 0.  0.  0.  1.] -1 18.0841900826
2145 [ 0.  0.  0.  1.] -1 19.1869654655
2146 [ 0.  0.  0.  1.] -1 20.5395115852
2147 [ 0.  0.  0.  1.] -1 19.3232953072
2148 [ 0.  0.  0.  1.] -1 17.1526885986
2149 [ 0.  0.  0.  1.] 0 18.1526885986
2150 [ 0.  0.  1.  0.] -2 22.315896225
2151 [ 0.  0.  1.  0.] -1 23.5653136253
2152 [ 0.  0.  1.  0.] -1 26.2820949554
2153 [ 0.  0.  1.  0.] -1 26.8376936913
2154 [ 0.  0.  1.  0.] -1 25.3231564522
2155 [ 0.  0.  1.  0.] -1 25.2386329651
2156 [ 0.  0.  1.  0.] -1 27.6323942184
2157 [ 0.  0.  1.  0.] -1 19.3655670166
2158 [ 0.  0.  1.  0.] -1 19.0535601616
2159 [ 0.  0.  1.  0.] -1 19.3804415703
2160 [ 0.  0.  1.  0.] -1 21.6979818344
2161 [ 0.  0.  1.  0.] 0 22.6979818344
2162 [ 0.  1.  0.  0.] -2 28.8095802307
2163 [ 0.  1.  0.  0.] -1 29.9604784012
2164 [ 0.  1.  0.  0.] -1 28.7524522781
2165 [ 0.  1.  0.  0.] -1 31.0024328232
2166 [ 0.  1.  0.  0.] -1 29.4000108719
2167 [ 0.  1.  0.  0.] -1 31.1897735596
2168 [ 0.  1.  0.  0.] -1 30.4604873657
2169 [ 0.  1.  0.  0.] -1 33.8303483963
2170 [ 0.  1.  0.  0.] -1 33.0416654587
2171 [ 0.  1.  0.  0.] -1 33.0753248215
2172 [ 0.  1.  0.  0.] -1 31.8488201141
2173 [ 0.  1.  0.  0.] 0 32.8488201141
2174 [ 0.  0.  1.  0.] -2 22.6770693779
2175 [ 0.  0.  1.  0.] -1 23.6679877281
2176 [ 0.  0.  1.  0.] -1 24.9519177437
2177 [ 0.  0.  1.  0.] -1 38.5770542145
2178 [ 0.  0.  1.  0.] -1 37.4863611221
2179 [ 0.  0.  1.  0.] -1 37.3131937027
2180 [ 0.  0.  1.  0.] -1 40.5666095734
2181 [ 0.  0.  1.  0.] -1 42.0930768967
2182 [ 0.  0.  1.  0.] -1 41.2580543518
2183 [ 0.  0.  1.  0.] -1 42.2905067444
2184 [ 0.  0.  1.  0.] -1 43.1375898361
2185 [ 0.  0.  1.  0.] -1 37.4087503433
2186 [ 0.  0.  1.  0.] -1 38.0321479797
2187 [ 0.  0.  1.  0.] -1 38.9300136566
2188 [ 0.  0.  1.  0.] -1 43.2999977112
2189 [ 0.  0.  1.  0.] -1 55.367502594
2190 [ 0.  0.  1.  0.] -1 59.0490461349
2191 [ 0.  0.  1.  0.] -1 60.4559371948
2192 [ 0.  0.  1.  0.] -1 65.9329982758
2193 [ 0.  0.  1.  0.] -1 85.649615097
2194 [ 0.  0.  1.  0.] -1 85.0329181671
2195 [ 0.  0.  1.  0.] -1 86.2366607666
2196 [ 0.  0.  1.  0.] -1 89.4860286713
2197 [ 0.  0.  1.  0.] 0 90.4860286713
2198 [ 0.  0.  0.  1.] -2 113.337611771
2199 [ 0.  0.  0.  1.] -1 118.640487289
2200 [ 0.  0.  0.  1.] -1 95.6776119232
2201 [ 0.  0.  0.  1.] -1 97.3669654846
2202 [ 0.  0.  0.  1.] -1 101.502015305
2203 [ 0.  0.  0.  1.] -1 99.720627594
2204 [ 0.  0.  0.  1.] -1 91.9599918365
2205 [ 0.  0.  0.  1.] -1 89.7760543823
2206 [ 0.  0.  0.  1.] -1 91.9136558533
2207 [ 0.  0.  0.  1.] -1 90.0580856323
2208 [ 0.  0.  0.  1.] -1 47.9669618607
2209 [ 0.  0.  0.  1.] -1 45.9344806671
2210 [ 0.  0.  0.  1.] -1 45.9765222549
2211 [ 0.  0.  0.  1.] -1 42.9581022263
2212 [ 0.  0.  0.  1.] -101 -101
