0 [ 0.  1.  0.  0.] -1 70.6223838806
1 [ 0.  1.  0.  0.] -1 71.3801181793
2 [ 0.  1.  0.  0.] -1 72.910307312
3 [ 0.  1.  0.  0.] -1 75.7671710968
4 [ 0.  1.  0.  0.] -1 76.6545780182
5 [ 0.  1.  0.  0.] 9 87.3201694489
6 [ 0.  1.  0.  0.] 0 78.3201694489
7 [ 1.  0.  0.  0.] -2 82.4797676086
8 [ 1.  0.  0.  0.] -1 83.1431159973
9 [ 1.  0.  0.  0.] 9 87.9620819092
10 [ 1.  0.  0.  0.] -1 80.0689376831
11 [ 1.  0.  0.  0.] -1 80.4511787415
12 [ 1.  0.  0.  0.] -1 80.9507202148
13 [ 1.  0.  0.  0.] 9 81.6867198944
14 [ 1.  0.  0.  0.] -1 71.8786087036
15 [ 1.  0.  0.  0.] -1 70.922114563
16 [ 1.  0.  0.  0.] -1 72.3433021545
17 [ 1.  0.  0.  0.] 9 82.1476299286
18 [ 1.  0.  0.  0.] 0 73.1476299286
19 [ 0.  1.  0.  0.] -2 57.122177887
20 [ 0.  1.  0.  0.] -1 57.4770727158
21 [ 0.  1.  0.  0.] 9 68.1818138123
22 [ 0.  1.  0.  0.] -1 62.6772956848
23 [ 0.  1.  0.  0.] -1 62.1911048889
24 [ 0.  1.  0.  0.] -1 64.0605621338
25 [ 0.  1.  0.  0.] 9 75.5237804413
26 [ 0.  1.  0.  0.] -1 70.3315826416
27 [ 0.  1.  0.  0.] -1 70.7380680084
28 [ 0.  1.  0.  0.] -1 70.4864200592
29 [ 0.  1.  0.  0.] 9 81.314799881
30 [ 0.  1.  0.  0.] 0 72.314799881
31 [ 1.  0.  0.  0.] -2 95.4999614716
32 [ 1.  0.  0.  0.] -1 97.920192337
33 [ 1.  0.  0.  0.] 9 119.749023056
34 [ 1.  0.  0.  0.] -1 112.737617874
35 [ 1.  0.  0.  0.] -1 114.446345139
36 [ 1.  0.  0.  0.] -1 116.943972778
37 [ 1.  0.  0.  0.] 9 138.806607819
38 [ 1.  0.  0.  0.] -1 132.167528534
39 [ 1.  0.  0.  0.] -1 136.541665649
40 [ 1.  0.  0.  0.] -1 137.466007996
41 [ 1.  0.  0.  0.] 9 145.921112823
42 [ 1.  0.  0.  0.] 0 136.921112823
43 [ 0.  1.  0.  0.] -2 87.9710201263
44 [ 0.  1.  0.  0.] -1 89.0659317017
45 [ 0.  1.  0.  0.] 9 98.8908363342
46 [ 0.  1.  0.  0.] -1 93.9307823181
47 [ 0.  1.  0.  0.] -1 95.3443668365
48 [ 0.  1.  0.  0.] -1 96.2159877777
49 [ 0.  1.  0.  0.] 9 106.057178497
50 [ 0.  1.  0.  0.] -1 100.927160645
51 [ 0.  1.  0.  0.] -1 102.672598648
52 [ 0.  1.  0.  0.] -1 104.031910706
53 [ 0.  1.  0.  0.] 9 114.081515503
54 [ 0.  1.  0.  0.] -1 111.67251358
55 [ 0.  1.  0.  0.] -1 113.424329758
56 [ 0.  1.  0.  0.] -1 113.630185318
57 [ 0.  1.  0.  0.] 9 122.933268356
58 [ 0.  1.  0.  0.] -1 114.401436996
59 [ 0.  1.  0.  0.] -1 115.145842361
60 [ 0.  1.  0.  0.] -1 116.117057037
61 [ 0.  1.  0.  0.] 9 126.593260193
62 [ 0.  1.  0.  0.] -1 121.663632965
63 [ 0.  1.  0.  0.] -1 123.50109787
64 [ 0.  1.  0.  0.] -1 124.096688843
65 [ 0.  1.  0.  0.] 9 132.871847534
66 [ 0.  1.  0.  0.] -1 127.721549988
67 [ 0.  1.  0.  0.] -1 128.85738678
68 [ 0.  1.  0.  0.] -1 130.000616455
69 [ 0.  1.  0.  0.] 9 140.930264282
70 [ 0.  1.  0.  0.] -1 137.278199768
71 [ 0.  1.  0.  0.] -1 138.412036133
72 [ 0.  1.  0.  0.] -1 139.216584778
73 [ 0.  1.  0.  0.] 9 148.848100281
74 [ 0.  1.  0.  0.] 0 139.848100281
75 [ 0.  0.  1.  0.] -2 129.397599792
76 [ 0.  0.  1.  0.] -1 130.606137085
77 [ 0.  0.  1.  0.] 9 141.867131042
78 [ 0.  0.  1.  0.] -1 117.629169846
79 [ 0.  0.  1.  0.] -1 117.145704269
80 [ 0.  0.  1.  0.] -1 116.258565521
81 [ 0.  0.  1.  0.] 49 170.8004776
82 [ 0.  0.  1.  0.] -1 112.885446548
83 [ 0.  0.  1.  0.] -1 112.657550049
84 [ 0.  0.  1.  0.] -1 112.816946411
85 [ 0.  0.  1.  0.] 9 124.342417145
86 [ 0.  0.  1.  0.] -1 106.440454102
87 [ 0.  0.  1.  0.] -1 105.655090714
88 [ 0.  0.  1.  0.] -1 105.969802856
89 [ 0.  0.  1.  0.] 9 117.994285965
90 [ 0.  0.  1.  0.] -1 104.939872742
91 [ 0.  0.  1.  0.] -1 104.370439529
92 [ 0.  0.  1.  0.] -1 106.032127762
93 [ 0.  0.  1.  0.] 9 117.203551865
94 [ 0.  0.  1.  0.] -1 81.1640483856
95 [ 0.  0.  1.  0.] -1 80.0055328369
96 [ 0.  0.  1.  0.] -1 80.5276298523
97 [ 0.  0.  1.  0.] 9 91.7643867493
98 [ 0.  0.  1.  0.] 0 82.7643867493
99 [ 0.  0.  0.  1.] -2 121.30839386
100 [ 0.  0.  0.  1.] -1 121.266736603
101 [ 0.  0.  0.  1.] 9 112.800683975
102 [ 0.  0.  0.  1.] -1 101.274097061
103 [ 0.  0.  0.  1.] -1 100.412644958
104 [ 0.  0.  0.  1.] -1 99.3011829376
105 [ 0.  0.  0.  1.] 9 101.54945488
106 [ 0.  0.  0.  1.] 0 92.5494548798
107 [ 0.  0.  1.  0.] -2 97.8691486359
108 [ 0.  0.  1.  0.] -1 101.092181396
109 [ 0.  0.  1.  0.] 9 112.984447861
110 [ 0.  0.  1.  0.] -1 107.93094635
111 [ 0.  0.  1.  0.] -1 107.730657196
112 [ 0.  0.  1.  0.] -1 108.727290344
113 [ 0.  0.  1.  0.] 9 120.956752014
114 [ 0.  0.  1.  0.] -1 100.527031708
115 [ 0.  0.  1.  0.] -1 100.723392487
116 [ 0.  0.  1.  0.] -1 100.545484924
117 [ 0.  0.  1.  0.] 9 112.473389435
118 [ 0.  0.  1.  0.] 0 103.473389435
119 [ 0.  0.  0.  1.] -2 88.7405250549
120 [ 0.  0.  0.  1.] -1 91.5221157074
121 [ 0.  0.  0.  1.] 9 87.7194068909
122 [ 0.  0.  0.  1.] -1 76.5377849579
123 [ 0.  0.  0.  1.] -1 76.4163677216
124 [ 0.  0.  0.  1.] -1 78.1233772278
125 [ 0.  0.  0.  1.] 9 85.0899612427
126 [ 0.  0.  0.  1.] -1 75.6809860229
127 [ 0.  0.  0.  1.] -1 77.4542705536
128 [ 0.  0.  0.  1.] -1 77.9293502808
129 [ 0.  0.  0.  1.] 9 79.4057037354
130 [ 0.  0.  0.  1.] -1 68.1992359161
131 [ 0.  0.  0.  1.] -1 68.0240753174
132 [ 0.  0.  0.  1.] -1 70.0334320068
133 [ 0.  0.  0.  1.] 9 75.4324638367
134 [ 0.  0.  0.  1.] -1 65.7458641052
135 [ 0.  0.  0.  1.] -1 66.8768157959
136 [ 0.  0.  0.  1.] -1 68.2271404266
137 [ 0.  0.  0.  1.] 9 81.1728927612
138 [ 0.  0.  0.  1.] -1 73.4985198975
139 [ 0.  0.  0.  1.] -1 74.2570224762
140 [ 0.  0.  0.  1.] -1 77.6718605042
141 [ 0.  0.  0.  1.] 9 87.9102809906
142 [ 0.  0.  0.  1.] -1 78.6088359833
143 [ 0.  0.  0.  1.] -1 80.0323139191
144 [ 0.  0.  0.  1.] -1 82.0463817596
145 [ 0.  0.  0.  1.] -1 73.4924388885
146 [ 0.  0.  0.  1.] -1 74.2239356995
147 [ 0.  0.  0.  1.] -1 75.1422115326
148 [ 0.  0.  0.  1.] -1 77.3536693573
149 [ 0.  0.  0.  1.] -1 79.2710861206
150 [ 0.  0.  0.  1.] -1 81.8829410553
151 [ 0.  0.  0.  1.] -1 85.2159282684
152 [ 0.  0.  0.  1.] -1 83.7450344086
153 [ 0.  0.  0.  1.] -1 73.3819007874
154 [ 0.  0.  0.  1.] 0 74.3819007874
155 [ 0.  0.  1.  0.] -2 88.8588619232
156 [ 0.  0.  1.  0.] -1 91.7423294067
157 [ 0.  0.  1.  0.] -1 99.8129589081
158 [ 0.  0.  1.  0.] -1 107.392874908
159 [ 0.  0.  1.  0.] -1 102.895588303
160 [ 0.  0.  1.  0.] -1 103.094768524
161 [ 0.  0.  1.  0.] -1 109.074712372
162 [ 0.  0.  1.  0.] -1 96.8600166321
163 [ 0.  0.  1.  0.] -1 96.8154708862
164 [ 0.  0.  1.  0.] -1 97.7547367096
165 [ 0.  0.  1.  0.] -1 105.681777573
166 [ 0.  0.  1.  0.] 0 106.681777573
167 [ 0.  0.  0.  1.] -2 99.2619098663
168 [ 0.  0.  0.  1.] -1 104.730052567
169 [ 0.  0.  0.  1.] -1 96.3102832794
170 [ 0.  0.  0.  1.] -1 96.6463768005
171 [ 0.  0.  0.  1.] -1 97.1141433716
172 [ 0.  0.  0.  1.] -1 100.487718964
173 [ 0.  0.  0.  1.] -1 89.9409954071
174 [ 0.  0.  0.  1.] -1 89.5371192932
175 [ 0.  0.  0.  1.] -1 89.6623416901
176 [ 0.  0.  0.  1.] -1 89.6364448547
177 [ 0.  0.  0.  1.] -1 80.2833530426
178 [ 0.  0.  0.  1.] -1 82.2899047852
179 [ 0.  0.  0.  1.] -1 82.6770381927
180 [ 0.  0.  0.  1.] -1 84.0918766022
181 [ 0.  0.  0.  1.] -1 71.7798194885
182 [ 0.  0.  0.  1.] -1 70.9132865906
183 [ 0.  0.  0.  1.] -1 69.3356307983
184 [ 0.  0.  0.  1.] -1 68.0073471069
185 [ 0.  0.  0.  1.] -1 70.0209075928
186 [ 0.  0.  0.  1.] -1 72.4639873505
187 [ 0.  0.  0.  1.] -1 73.66329422
188 [ 0.  0.  0.  1.] -1 73.6746444702
189 [ 0.  0.  0.  1.] -1 65.7040435791
190 [ 0.  0.  0.  1.] 0 66.7040435791
191 [ 0.  0.  1.  0.] -2 67.8999435425
192 [ 0.  0.  1.  0.] -1 67.9243076324
193 [ 0.  0.  1.  0.] -1 75.6044769287
194 [ 0.  0.  1.  0.] -1 89.6044452667
195 [ 0.  0.  1.  0.] -1 86.2785320282
196 [ 0.  0.  1.  0.] -1 84.954082489
197 [ 0.  0.  1.  0.] -1 98.9059753418
198 [ 0.  0.  1.  0.] -1 105.993387604
199 [ 0.  0.  1.  0.] -1 104.215942764
200 [ 0.  0.  1.  0.] -1 102.222473526
201 [ 0.  0.  1.  0.] -1 109.371304703
202 [ 0.  0.  1.  0.] 0 110.371304703
203 [ 0.  0.  0.  1.] -2 88.7333641052
204 [ 0.  0.  0.  1.] -1 91.9933177948
205 [ 0.  0.  0.  1.] -1 80.0900653839
206 [ 0.  0.  0.  1.] -1 75.9447235107
207 [ 0.  0.  0.  1.] -1 78.0871883392
208 [ 0.  0.  0.  1.] -1 80.6783794403
209 [ 0.  0.  0.  1.] -1 66.8541805267
210 [ 0.  0.  0.  1.] -1 63.4820545197
211 [ 0.  0.  0.  1.] -1 64.5712581635
212 [ 0.  0.  0.  1.] -1 63.5478946686
213 [ 0.  0.  0.  1.] -1 47.3537620544
214 [ 0.  0.  0.  1.] 0 48.3537620544
215 [ 1.  0.  0.  0.] -2 93.1156913757
216 [ 1.  0.  0.  0.] -1 95.4803958893
217 [ 1.  0.  0.  0.] -1 100.66603241
218 [ 1.  0.  0.  0.] -1 97.7739944458
219 [ 1.  0.  0.  0.] -1 99.0978931427
220 [ 1.  0.  0.  0.] -1 101.47126236
221 [ 1.  0.  0.  0.] -1 89.6857379913
222 [ 1.  0.  0.  0.] -1 89.302243042
223 [ 1.  0.  0.  0.] -1 90.2496192932
224 [ 1.  0.  0.  0.] -1 93.3272403717
225 [ 1.  0.  0.  0.] -1 105.557620621
226 [ 1.  0.  0.  0.] 0 106.557620621
227 [ 0.  0.  0.  1.] -2 48.2205629349
228 [ 0.  0.  0.  1.] -1 48.9464536667
229 [ 0.  0.  0.  1.] -1 49.0897125244
230 [ 0.  0.  0.  1.] -1 49.0617790222
231 [ 0.  0.  0.  1.] -1 48.9059486389
232 [ 0.  0.  0.  1.] -1 49.0028026581
233 [ 0.  0.  0.  1.] -1 48.9927751541
234 [ 0.  0.  0.  1.] -1 49.5692424774
235 [ 0.  0.  0.  1.] -1 50.5099216461
236 [ 0.  0.  0.  1.] -1 52.0635360718
237 [ 0.  0.  0.  1.] 9 59.2587993622
238 [ 0.  0.  0.  1.] 0 50.2587993622
239 [ 0.  0.  1.  0.] -2 45.5821914673
240 [ 0.  0.  1.  0.] -1 45.8955665588
241 [ 0.  0.  1.  0.] 9 57.469185257
242 [ 0.  0.  1.  0.] -1 38.2892246246
243 [ 0.  0.  1.  0.] -1 37.9057043076
244 [ 0.  0.  1.  0.] -1 37.9110206604
245 [ 0.  0.  1.  0.] 9 48.660666275
246 [ 0.  0.  1.  0.] -1 37.3878908157
247 [ 0.  0.  1.  0.] -1 37.1993614197
248 [ 0.  0.  1.  0.] -1 37.1539060593
249 [ 0.  0.  1.  0.] 9 47.6809497833
250 [ 0.  0.  1.  0.] -1 37.2506151199
251 [ 0.  0.  1.  0.] -1 37.5971782684
252 [ 0.  0.  1.  0.] -1 38.7933830261
253 [ 0.  0.  1.  0.] 9 51.5253360748
254 [ 0.  0.  1.  0.] -1 45.7589069366
255 [ 0.  0.  1.  0.] -1 46.0928804398
256 [ 0.  0.  1.  0.] -1 46.6693187714
257 [ 0.  0.  1.  0.] 9 59.7916341782
258 [ 0.  0.  1.  0.] -1 66.8182670593
259 [ 0.  0.  1.  0.] -1 66.0350345612
260 [ 0.  0.  1.  0.] -1 66.0174800873
261 [ 0.  0.  1.  0.] 9 80.5960594177
262 [ 0.  0.  1.  0.] 0 71.5960594177
263 [ 0.  1.  0.  0.] -2 82.2873641968
264 [ 0.  1.  0.  0.] -1 81.5562553406
265 [ 0.  1.  0.  0.] -1 83.4024902344
266 [ 0.  1.  0.  0.] -1 87.4391494751
267 [ 0.  1.  0.  0.] -1 89.8522808075
268 [ 0.  1.  0.  0.] -1 92.1960132599
269 [ 0.  1.  0.  0.] -1 96.1092475891
270 [ 0.  1.  0.  0.] -1 106.739278793
271 [ 0.  1.  0.  0.] -1 108.485948944
272 [ 0.  1.  0.  0.] -1 110.979380035
273 [ 0.  1.  0.  0.] -1 113.411066055
274 [ 0.  1.  0.  0.] -1 117.65884285
275 [ 0.  1.  0.  0.] -1 118.797064209
276 [ 0.  1.  0.  0.] -1 121.670185089
277 [ 0.  1.  0.  0.] -1 124.044083405
278 [ 0.  1.  0.  0.] -1 144.409664917
279 [ 0.  1.  0.  0.] -1 146.624572754
280 [ 0.  1.  0.  0.] -1 152.705639648
281 [ 0.  1.  0.  0.] -1 157.23301239
282 [ 0.  1.  0.  0.] -1 170.79967804
283 [ 0.  1.  0.  0.] -1 171.835696411
284 [ 0.  1.  0.  0.] -1 179.660425568
285 [ 0.  1.  0.  0.] -1 182.280593872
286 [ 0.  1.  0.  0.] 0 183.280593872
287 [ 1.  0.  0.  0.] -2 183.487905884
288 [ 1.  0.  0.  0.] -1 184.473612976
289 [ 1.  0.  0.  0.] -1 122.258513641
290 [ 1.  0.  0.  0.] -1 121.686927795
291 [ 1.  0.  0.  0.] -1 122.38219223
292 [ 1.  0.  0.  0.] -1 121.346173859
293 [ 1.  0.  0.  0.] -1 114.571328354
294 [ 1.  0.  0.  0.] -1 111.1481987
295 [ 1.  0.  0.  0.] -1 111.165021133
296 [ 1.  0.  0.  0.] -1 112.81778717
297 [ 1.  0.  0.  0.] -1 122.715524292
298 [ 1.  0.  0.  0.] 0 123.715524292
299 [ 0.  0.  0.  1.] -2 88.0143554687
300 [ 0.  0.  0.  1.] -1 91.2769763947
301 [ 0.  0.  0.  1.] -1 79.6374614716
302 [ 0.  0.  0.  1.] -1 75.5129718781
303 [ 0.  0.  0.  1.] -1 77.6557193756
304 [ 0.  0.  0.  1.] -1 80.2546077728
305 [ 0.  0.  0.  1.] -1 76.0487892151
306 [ 0.  0.  0.  1.] -1 74.9374214172
307 [ 0.  0.  0.  1.] -1 76.081760025
308 [ 0.  0.  0.  1.] -1 75.4333896637
309 [ 0.  0.  0.  1.] -1 60.4706794739
310 [ 0.  0.  0.  1.] 0 61.4706794739
311 [ 1.  0.  0.  0.] -2 103.827653122
312 [ 1.  0.  0.  0.] -1 105.884661484
313 [ 1.  0.  0.  0.] -1 118.412735748
314 [ 1.  0.  0.  0.] -1 110.076455307
315 [ 1.  0.  0.  0.] -1 113.715283203
316 [ 1.  0.  0.  0.] -1 121.277869415
317 [ 1.  0.  0.  0.] -1 97.6686096191
318 [ 1.  0.  0.  0.] -1 96.9626182556
319 [ 1.  0.  0.  0.] -1 97.703037262
320 [ 1.  0.  0.  0.] -1 101.017875671
321 [ 1.  0.  0.  0.] -1 119.742157364
322 [ 1.  0.  0.  0.] 0 120.742157364
323 [ 0.  0.  0.  1.] -2 52.1713270187
324 [ 0.  0.  0.  1.] -1 52.6091127396
325 [ 0.  0.  0.  1.] -1 49.6647592545
326 [ 0.  0.  0.  1.] -1 49.957723999
327 [ 0.  0.  0.  1.] -1 49.3546459198
328 [ 0.  0.  0.  1.] -1 49.6718767166
329 [ 0.  0.  0.  1.] -1 51.1026315689
330 [ 0.  0.  0.  1.] -1 52.0375667572
331 [ 0.  0.  0.  1.] -1 53.62576828
332 [ 0.  0.  0.  1.] -1 54.3871555328
333 [ 0.  0.  0.  1.] -1 52.4783493042
334 [ 0.  0.  0.  1.] 0 53.4783493042
335 [ 0.  0.  1.  0.] -2 43.5270713806
336 [ 0.  0.  1.  0.] -1 44.4818080902
337 [ 0.  0.  1.  0.] -1 46.2781990051
338 [ 0.  0.  1.  0.] -1 37.8209543228
339 [ 0.  0.  1.  0.] -1 37.4252756119
340 [ 0.  0.  1.  0.] -1 37.54845047
341 [ 0.  0.  1.  0.] -1 37.9742805481
342 [ 0.  0.  1.  0.] -1 37.0203521729
343 [ 0.  0.  1.  0.] -1 36.7543968201
344 [ 0.  0.  1.  0.] -1 36.7577453613
345 [ 0.  0.  1.  0.] -1 37.2342601776
346 [ 0.  0.  1.  0.] -1 36.8808404922
347 [ 0.  0.  1.  0.] -1 37.1235879898
348 [ 0.  0.  1.  0.] -1 38.1625743866
349 [ 0.  0.  1.  0.] -1 40.1898479462
350 [ 0.  0.  1.  0.] -1 44.4414733887
351 [ 0.  0.  1.  0.] -1 44.8414102554
352 [ 0.  0.  1.  0.] -1 45.3750894547
353 [ 0.  0.  1.  0.] -1 47.5230808258
354 [ 0.  0.  1.  0.] -1 67.0781486511
355 [ 0.  0.  1.  0.] -1 66.2343742371
356 [ 0.  0.  1.  0.] -1 66.1067817688
357 [ 0.  0.  1.  0.] -1 70.5960594177
358 [ 0.  0.  1.  0.] -1 80.4482505798
359 [ 0.  0.  1.  0.] -1 79.6952346802
360 [ 0.  0.  1.  0.] -1 82.6409942627
361 [ 0.  0.  1.  0.] 9 94.2901218414
362 [ 0.  0.  1.  0.] -1 86.1417274475
363 [ 0.  0.  1.  0.] -1 86.9954460144
364 [ 0.  0.  1.  0.] -1 89.5420116425
365 [ 0.  0.  1.  0.] 9 101.231024551
366 [ 0.  0.  1.  0.] -1 104.236331177
367 [ 0.  0.  1.  0.] -1 104.94620018
368 [ 0.  0.  1.  0.] -1 105.209901428
369 [ 0.  0.  1.  0.] 9 117.595367432
370 [ 0.  0.  1.  0.] 0 108.595367432
371 [ 0.  0.  0.  1.] -2 98.7025802612
372 [ 0.  0.  0.  1.] -1 102.251827621
373 [ 0.  0.  0.  1.] -1 105.62828064
374 [ 0.  0.  0.  1.] -1 108.296756363
375 [ 0.  0.  0.  1.] -1 110.978517532
376 [ 0.  0.  0.  1.] -1 111.796569061
377 [ 0.  0.  0.  1.] -1 121.189560699
378 [ 0.  0.  0.  1.] -1 124.844776154
379 [ 0.  0.  0.  1.] -1 126.895822906
380 [ 0.  0.  0.  1.] -1 128.098833466
381 [ 0.  0.  0.  1.] -1 129.13361969
382 [ 0.  0.  0.  1.] -1 210.031694794
383 [ 0.  0.  0.  1.] -1 203.303431702
384 [ 0.  0.  0.  1.] -1 200.63596344
385 [ 0.  0.  0.  1.] -1 197.22088623
386 [ 0.  0.  0.  1.] -1 187.965996552
387 [ 0.  0.  0.  1.] -1 185.157846069
388 [ 0.  0.  0.  1.] -1 185.962481689
389 [ 0.  0.  0.  1.] -1 184.184420776
390 [ 0.  0.  0.  1.] -1 177.4704216
391 [ 0.  0.  0.  1.] -1 178.636989594
392 [ 0.  0.  0.  1.] -1 180.022227478
393 [ 0.  0.  0.  1.] -1 180.753238678
394 [ 0.  0.  0.  1.] 9 188.980164337
395 [ 0.  0.  0.  1.] 0 179.980164337
396 [ 0.  0.  1.  0.] -2 202.444403839
397 [ 0.  0.  1.  0.] -1 203.341280365
398 [ 0.  0.  1.  0.] 9 216.87767334
399 [ 0.  0.  1.  0.] -1 227.414798737
400 [ 0.  0.  1.  0.] -1 224.258718872
401 [ 0.  0.  1.  0.] -1 227.361917877
402 [ 0.  0.  1.  0.] 9 242.764506531
403 [ 0.  0.  1.  0.] -1 236.459295654
404 [ 0.  0.  1.  0.] -1 235.447441864
405 [ 0.  0.  1.  0.] -1 235.570410156
406 [ 0.  0.  1.  0.] 9 254.210313416
407 [ 0.  0.  1.  0.] -1 223.717951202
408 [ 0.  0.  1.  0.] -1 224.548635864
409 [ 0.  0.  1.  0.] -1 224.868965149
410 [ 0.  0.  1.  0.] 9 237.107515717
411 [ 0.  0.  1.  0.] 0 228.107515717
412 [ 0.  1.  0.  0.] -2 265.100003052
413 [ 0.  1.  0.  0.] -1 264.073019409
414 [ 0.  1.  0.  0.] 9 281.222053528
415 [ 0.  1.  0.  0.] -1 321.39329071
416 [ 0.  1.  0.  0.] -1 327.401066589
417 [ 0.  1.  0.  0.] -1 328.324481201
418 [ 0.  1.  0.  0.] 9 334.290315247
419 [ 0.  1.  0.  0.] 0 325.290315247
420 [ 0.  0.  1.  0.] -2 314.437033081
421 [ 0.  0.  1.  0.] -1 318.667462158
422 [ 0.  0.  1.  0.] 9 333.270039368
423 [ 0.  0.  1.  0.] -1 339.331266785
424 [ 0.  0.  1.  0.] -1 337.157266235
425 [ 0.  0.  1.  0.] -1 341.028556824
426 [ 0.  0.  1.  0.] 49 637.972515869
427 [ 0.  0.  1.  0.] -1 634.66567688
428 [ 0.  0.  1.  0.] -1 626.612420654
429 [ 0.  0.  1.  0.] -1 642.127096558
430 [ 0.  0.  1.  0.] 9 692.62293396
431 [ 0.  0.  1.  0.] 0 683.62293396
432 [ 0.  0.  0.  1.] -2 581.399673462
433 [ 0.  0.  0.  1.] -1 582.344473267
434 [ 0.  0.  0.  1.] 9 517.636517334
435 [ 0.  0.  0.  1.] -1 504.810754395
436 [ 0.  0.  0.  1.] -1 508.929953003
437 [ 0.  0.  0.  1.] -1 517.687127686
438 [ 0.  0.  0.  1.] 9 471.936611938
439 [ 0.  0.  0.  1.] -1 467.438424683
440 [ 0.  0.  0.  1.] -1 469.106491089
441 [ 0.  0.  0.  1.] -1 482.118284607
442 [ 0.  0.  0.  1.] 9 485.057298279
443 [ 0.  0.  0.  1.] -1 469.756340027
444 [ 0.  0.  0.  1.] -1 470.592286682
445 [ 0.  0.  0.  1.] -1 483.586250305
446 [ 0.  0.  0.  1.] 9 492.846266174
447 [ 0.  0.  0.  1.] -1 476.174290466
448 [ 0.  0.  0.  1.] -1 489.404507446
449 [ 0.  0.  0.  1.] -1 498.741226196
450 [ 0.  0.  0.  1.] 9 483.730435181
451 [ 0.  0.  0.  1.] 0 474.730435181
452 [ 1.  0.  0.  0.] -2 537.628991699
453 [ 1.  0.  0.  0.] -1 552.829067993
454 [ 1.  0.  0.  0.] 9 559.544366455
455 [ 1.  0.  0.  0.] -1 576.727041626
456 [ 1.  0.  0.  0.] -1 587.456637573
457 [ 1.  0.  0.  0.] -1 571.636679077
458 [ 1.  0.  0.  0.] 9 511.169281006
459 [ 1.  0.  0.  0.] -1 507.455783081
460 [ 1.  0.  0.  0.] -1 499.972909546
461 [ 1.  0.  0.  0.] -1 499.338571167
462 [ 1.  0.  0.  0.] 9 498.089907837
463 [ 1.  0.  0.  0.] 0 489.089907837
464 [ 0.  1.  0.  0.] -2 433.972447205
465 [ 0.  1.  0.  0.] -1 426.760142517
466 [ 0.  1.  0.  0.] 9 443.968725586
467 [ 0.  1.  0.  0.] -1 437.764144897
468 [ 0.  1.  0.  0.] -1 436.81776886
469 [ 0.  1.  0.  0.] -1 442.04311676
470 [ 0.  1.  0.  0.] 9 467.221170044
471 [ 0.  1.  0.  0.] -1 481.932563782
472 [ 0.  1.  0.  0.] -1 481.037416077
473 [ 0.  1.  0.  0.] -1 489.321069336
474 [ 0.  1.  0.  0.] -1 479.182092285
475 [ 0.  1.  0.  0.] -1 523.108807373
476 [ 0.  1.  0.  0.] -1 522.582260132
477 [ 0.  1.  0.  0.] -1 522.324639893
478 [ 0.  1.  0.  0.] -1 535.318429565
479 [ 0.  1.  0.  0.] -1 628.068557739
480 [ 0.  1.  0.  0.] -1 663.258102417
481 [ 0.  1.  0.  0.] -1 661.34006958
482 [ 0.  1.  0.  0.] -1 665.37756958
483 [ 0.  1.  0.  0.] 0 666.37756958
484 [ 0.  0.  1.  0.] -2 508.20340271
485 [ 0.  0.  1.  0.] -1 512.320648193
486 [ 0.  0.  1.  0.] -1 550.271710205
487 [ 0.  0.  1.  0.] -1 585.323486328
488 [ 0.  0.  1.  0.] -1 575.288531494
489 [ 0.  0.  1.  0.] -1 583.997463989
490 [ 0.  0.  1.  0.] -1 603.671578979
491 [ 0.  0.  1.  0.] -1 709.362731934
492 [ 0.  0.  1.  0.] -1 697.497879028
493 [ 0.  0.  1.  0.] -1 721.253329468
494 [ 0.  0.  1.  0.] -1 871.142153931
495 [ 0.  0.  1.  0.] 0 872.142153931
496 [ 0.  0.  0.  1.] -2 647.508517456
497 [ 0.  0.  0.  1.] -1 647.902996826
498 [ 0.  0.  0.  1.] -1 588.978295898
499 [ 0.  0.  0.  1.] -1 588.044125366
500 [ 0.  0.  0.  1.] -1 586.115075684
501 [ 0.  0.  0.  1.] -1 596.795327759
502 [ 0.  0.  0.  1.] -1 528.085986328
503 [ 0.  0.  0.  1.] -1 530.136685181
504 [ 0.  0.  0.  1.] -1 532.641278076
505 [ 0.  0.  0.  1.] -1 538.728027344
506 [ 0.  0.  0.  1.] -1 470.75058136
507 [ 0.  0.  0.  1.] -1 462.891511536
508 [ 0.  0.  0.  1.] -1 465.544599915
509 [ 0.  0.  0.  1.] -1 465.999711609
510 [ 0.  0.  0.  1.] -1 458.803594971
511 [ 0.  0.  0.  1.] -1 453.454278564
512 [ 0.  0.  0.  1.] -1 467.80572052
513 [ 0.  0.  0.  1.] -1 469.265104675
514 [ 0.  0.  0.  1.] -1 413.859155273
515 [ 0.  0.  0.  1.] 0 414.859155273
516 [ 1.  0.  0.  0.] -2 442.165153503
517 [ 1.  0.  0.  0.] -1 448.422044373
518 [ 1.  0.  0.  0.] -1 503.040579224
519 [ 1.  0.  0.  0.] -1 518.405426025
520 [ 1.  0.  0.  0.] -1 527.054229736
521 [ 1.  0.  0.  0.] -1 528.984265137
522 [ 1.  0.  0.  0.] -1 524.967407227
523 [ 1.  0.  0.  0.] -1 522.808337402
524 [ 1.  0.  0.  0.] -1 518.143572998
525 [ 1.  0.  0.  0.] -1 515.599899292
526 [ 1.  0.  0.  0.] -1 520.505410767
527 [ 1.  0.  0.  0.] 0 521.505410767
528 [ 0.  1.  0.  0.] -2 435.479116821
529 [ 0.  1.  0.  0.] -1 433.064648437
530 [ 0.  1.  0.  0.] -1 430.334877014
531 [ 0.  1.  0.  0.] -1 447.569891357
532 [ 0.  1.  0.  0.] -1 443.919836426
533 [ 0.  1.  0.  0.] -1 452.057777405
534 [ 0.  1.  0.  0.] -1 457.221170044
535 [ 0.  1.  0.  0.] -1 481.932563782
536 [ 0.  1.  0.  0.] -1 481.037416077
537 [ 0.  1.  0.  0.] -1 489.321069336
538 [ 0.  1.  0.  0.] -1 479.182092285
539 [ 0.  1.  0.  0.] 0 480.182092285
540 [ 1.  0.  0.  0.] -2 510.779199219
541 [ 1.  0.  0.  0.] -1 514.24720459
542 [ 1.  0.  0.  0.] -1 466.150178528
543 [ 1.  0.  0.  0.] -1 457.205137634
544 [ 1.  0.  0.  0.] -1 459.39682312
545 [ 1.  0.  0.  0.] -1 473.22676239
546 [ 1.  0.  0.  0.] -1 500.722055054
547 [ 1.  0.  0.  0.] -1 499.123800659
548 [ 1.  0.  0.  0.] -1 495.439941406
549 [ 1.  0.  0.  0.] -1 513.520092773
550 [ 1.  0.  0.  0.] -1 486.584368896
551 [ 1.  0.  0.  0.] -1 478.146276855
552 [ 1.  0.  0.  0.] -1 485.263449097
553 [ 1.  0.  0.  0.] -1 489.756408691
554 [ 1.  0.  0.  0.] -1 443.146047974
555 [ 1.  0.  0.  0.] 0 444.146047974
556 [ 0.  1.  0.  0.] -2 371.462864685
557 [ 0.  1.  0.  0.] -1 371.852734375
558 [ 0.  1.  0.  0.] -1 371.863548279
559 [ 0.  1.  0.  0.] -1 487.277734375
560 [ 0.  1.  0.  0.] -1 524.567379761
561 [ 0.  1.  0.  0.] -1 511.404742432
562 [ 0.  1.  0.  0.] -1 525.020635986
563 [ 0.  1.  0.  0.] -1 583.753585815
564 [ 0.  1.  0.  0.] -1 604.629522705
565 [ 0.  1.  0.  0.] -1 614.464318848
566 [ 0.  1.  0.  0.] -1 628.501345825
567 [ 0.  1.  0.  0.] -1 192.910777283
568 [ 0.  1.  0.  0.] -1 181.737347412
569 [ 0.  1.  0.  0.] -1 181.088382721
570 [ 0.  1.  0.  0.] -1 180.573722076
571 [ 0.  1.  0.  0.] -1 178.023452759
572 [ 0.  1.  0.  0.] -1 176.194830322
573 [ 0.  1.  0.  0.] -1 177.755294037
574 [ 0.  1.  0.  0.] -1 171.280360413
575 [ 0.  1.  0.  0.] -1 170.181256104
576 [ 0.  1.  0.  0.] -1 181.556700134
577 [ 0.  1.  0.  0.] -1 171.667761993
578 [ 0.  1.  0.  0.] -1 170.487611389
579 [ 0.  1.  0.  0.] -1 160.108336639
580 [ 0.  1.  0.  0.] 0 161.108336639
581 [ 0.  0.  1.  0.] -2 156.690849304
582 [ 0.  0.  1.  0.] -1 155.956652832
583 [ 0.  0.  1.  0.] 9 171.250087738
584 [ 0.  0.  1.  0.] -1 191.280994415
585 [ 0.  0.  1.  0.] -1 185.112445068
586 [ 0.  0.  1.  0.] -1 187.146343231
587 [ 0.  0.  1.  0.] 9 208.436145782
588 [ 0.  0.  1.  0.] -1 199.184233093
589 [ 0.  0.  1.  0.] -1 196.859968567
590 [ 0.  0.  1.  0.] -1 199.409426117
591 [ 0.  0.  1.  0.] 9 216.562765503
592 [ 0.  0.  1.  0.] -1 178.166135406
593 [ 0.  0.  1.  0.] -1 181.314793396
594 [ 0.  0.  1.  0.] -1 183.303855896
595 [ 0.  0.  1.  0.] 9 201.481921387
596 [ 0.  0.  1.  0.] 0 192.481921387
597 [ 0.  0.  0.  1.] -2 190.067224121
598 [ 0.  0.  0.  1.] -1 197.497090149
599 [ 0.  0.  0.  1.] 9 211.462400818
600 [ 0.  0.  0.  1.] -1 208.656661987
601 [ 0.  0.  0.  1.] -1 218.289994812
602 [ 0.  0.  0.  1.] -1 227.602679443
603 [ 0.  0.  0.  1.] 9 251.711475372
604 [ 0.  0.  0.  1.] 0 242.711475372
605 [ 0.  0.  1.  0.] -2 375.055892944
606 [ 0.  0.  1.  0.] -1 391.804560852
607 [ 0.  0.  1.  0.] 9 422.631356812
608 [ 0.  0.  1.  0.] -1 520.004898071
609 [ 0.  0.  1.  0.] -1 510.307232666
610 [ 0.  0.  1.  0.] -1 531.836178589
611 [ 0.  0.  1.  0.] 49 499.668890381
612 [ 0.  0.  1.  0.] -1 526.04815979
613 [ 0.  0.  1.  0.] -1 535.851760864
614 [ 0.  0.  1.  0.] -1 597.273342896
615 [ 0.  0.  1.  0.] 9 701.009594727
616 [ 0.  0.  1.  0.] 0 692.009594727
617 [ 0.  1.  0.  0.] -2 860.670217896
618 [ 0.  1.  0.  0.] -1 876.331494141
619 [ 0.  1.  0.  0.] 9 950.802133179
620 [ 0.  1.  0.  0.] -1 912.745474243
621 [ 0.  1.  0.  0.] -1 828.853643799
622 [ 0.  1.  0.  0.] -1 877.519226074
623 [ 0.  1.  0.  0.] 9 916.742337036
624 [ 0.  1.  0.  0.] -1 951.006863403
625 [ 0.  1.  0.  0.] -1 924.15411377
626 [ 0.  1.  0.  0.] -1 953.888406372
627 [ 0.  1.  0.  0.] 9 1048.26196289
628 [ 0.  1.  0.  0.] -1 939.171060181
629 [ 0.  1.  0.  0.] -1 942.725906372
630 [ 0.  1.  0.  0.] -1 970.986087036
631 [ 0.  1.  0.  0.] 9 946.28522644
632 [ 0.  1.  0.  0.] -1 749.100610352
633 [ 0.  1.  0.  0.] -1 716.972125244
634 [ 0.  1.  0.  0.] -1 788.445999146
635 [ 0.  1.  0.  0.] 9 793.166262817
636 [ 0.  1.  0.  0.] 0 784.166262817
637 [ 1.  0.  0.  0.] -2 581.919262695
638 [ 1.  0.  0.  0.] -1 680.347897339
639 [ 1.  0.  0.  0.] 9 738.573617554
640 [ 1.  0.  0.  0.] -1 739.645895386
641 [ 1.  0.  0.  0.] -1 779.909451294
642 [ 1.  0.  0.  0.] -1 722.586657715
643 [ 1.  0.  0.  0.] 9 411.642951965
644 [ 1.  0.  0.  0.] -1 396.223098755
645 [ 1.  0.  0.  0.] -1 387.774859619
646 [ 1.  0.  0.  0.] -1 391.859674072
647 [ 1.  0.  0.  0.] 9 462.600878906
648 [ 1.  0.  0.  0.] 0 453.600878906
649 [ 0.  0.  0.  1.] -2 224.416067505
650 [ 0.  0.  0.  1.] -1 233.970372772
651 [ 0.  0.  0.  1.] 9 236.1876091
652 [ 0.  0.  0.  1.] -1 228.702639008
653 [ 0.  0.  0.  1.] -1 232.053311157
654 [ 0.  0.  0.  1.] -1 246.981369019
655 [ 0.  0.  0.  1.] 9 238.802979279
656 [ 0.  0.  0.  1.] -1 230.472219849
657 [ 0.  0.  0.  1.] -1 235.551464081
658 [ 0.  0.  0.  1.] -1 232.141199493
659 [ 0.  0.  0.  1.] -1 210.983129883
660 [ 0.  0.  0.  1.] 0 211.983129883
661 [ 1.  0.  0.  0.] -2 386.571424866
662 [ 1.  0.  0.  0.] -1 410.846105957
663 [ 1.  0.  0.  0.] -1 260.013949585
664 [ 1.  0.  0.  0.] -1 253.789750671
665 [ 1.  0.  0.  0.] -1 247.628956604
666 [ 1.  0.  0.  0.] -1 261.420018005
667 [ 1.  0.  0.  0.] -1 270.185832214
668 [ 1.  0.  0.  0.] -1 272.09940033
669 [ 1.  0.  0.  0.] -1 270.272807312
670 [ 1.  0.  0.  0.] -1 300.442758179
671 [ 1.  0.  0.  0.] -1 237.584927368
672 [ 1.  0.  0.  0.] -1 229.067311096
673 [ 1.  0.  0.  0.] -1 236.443640137
674 [ 1.  0.  0.  0.] -1 246.730851746
675 [ 1.  0.  0.  0.] -1 254.962667847
676 [ 1.  0.  0.  0.] 0 255.962667847
677 [ 0.  0.  0.  1.] -2 143.955129242
678 [ 0.  0.  0.  1.] -1 154.543003082
679 [ 0.  0.  0.  1.] -1 151.614783478
680 [ 0.  0.  0.  1.] -1 157.020474243
681 [ 0.  0.  0.  1.] -1 165.136019135
682 [ 0.  0.  0.  1.] -1 172.376159668
683 [ 0.  0.  0.  1.] -1 175.380438995
684 [ 0.  0.  0.  1.] -1 180.443476868
685 [ 0.  0.  0.  1.] -1 184.291356659
686 [ 0.  0.  0.  1.] -1 187.062093353
687 [ 0.  0.  0.  1.] -1 190.456064606
688 [ 0.  0.  0.  1.] -1 396.695373535
689 [ 0.  0.  0.  1.] -1 365.339227295
690 [ 0.  0.  0.  1.] -1 355.221240234
691 [ 0.  0.  0.  1.] -1 341.455691528
692 [ 0.  0.  0.  1.] -1 303.948550415
693 [ 0.  0.  0.  1.] -1 295.924546814
694 [ 0.  0.  0.  1.] -1 301.257395935
695 [ 0.  0.  0.  1.] -1 294.881019592
696 [ 0.  0.  0.  1.] -1 279.211383057
697 [ 0.  0.  0.  1.] -1 281.652368164
698 [ 0.  0.  0.  1.] -1 288.102876282
699 [ 0.  0.  0.  1.] -1 292.102310181
700 [ 0.  0.  0.  1.] -1 277.261662292
701 [ 0.  0.  0.  1.] 0 278.261662292
702 [ 0.  0.  1.  0.] -2 312.750585937
703 [ 0.  0.  1.  0.] -1 312.775305176
704 [ 0.  0.  1.  0.] -1 330.740011597
705 [ 0.  0.  1.  0.] -1 339.98210144
706 [ 0.  0.  1.  0.] -1 338.313339233
707 [ 0.  0.  1.  0.] -1 341.490307617
708 [ 0.  0.  1.  0.] -1 348.608610535
709 [ 0.  0.  1.  0.] -1 350.675834656
710 [ 0.  0.  1.  0.] -1 350.448220825
711 [ 0.  0.  1.  0.] -1 350.47611084
712 [ 0.  0.  1.  0.] -1 370.427676392
713 [ 0.  0.  1.  0.] -1 359.904356384
714 [ 0.  0.  1.  0.] -1 363.450186157
715 [ 0.  0.  1.  0.] -1 363.098748779
716 [ 0.  0.  1.  0.] -1 377.533222961
717 [ 0.  0.  1.  0.] 0 378.533222961
718 [ 0.  1.  0.  0.] -2 505.979507446
719 [ 0.  1.  0.  0.] -1 506.721829224
720 [ 0.  1.  0.  0.] -1 519.203857422
721 [ 0.  1.  0.  0.] -1 609.425039673
722 [ 0.  1.  0.  0.] -1 642.178701782
723 [ 0.  1.  0.  0.] -1 640.280325317
724 [ 0.  1.  0.  0.] -1 644.298342896
725 [ 0.  1.  0.  0.] 0 645.298342896
726 [ 0.  0.  1.  0.] -2 492.669882202
727 [ 0.  0.  1.  0.] -1 496.787243652
728 [ 0.  0.  1.  0.] -1 534.737435913
729 [ 0.  0.  1.  0.] -1 568.881539917
730 [ 0.  0.  1.  0.] -1 558.781411743
731 [ 0.  0.  1.  0.] -1 567.526525879
732 [ 0.  0.  1.  0.] -1 587.131640625
733 [ 0.  0.  1.  0.] -1 685.224591064
734 [ 0.  0.  1.  0.] -1 675.452011108
735 [ 0.  0.  1.  0.] -1 695.479998779
736 [ 0.  0.  1.  0.] -1 837.085952759
737 [ 0.  0.  1.  0.] 0 838.085952759
738 [ 0.  0.  0.  1.] -2 627.221054077
739 [ 0.  0.  0.  1.] -1 627.64800415
740 [ 0.  0.  0.  1.] -1 572.367965698
741 [ 0.  0.  0.  1.] -1 571.436114502
742 [ 0.  0.  0.  1.] -1 569.55194397
743 [ 0.  0.  0.  1.] -1 580.20668335
744 [ 0.  0.  0.  1.] -1 512.55484314
745 [ 0.  0.  0.  1.] -1 514.605484009
746 [ 0.  0.  0.  1.] -1 517.110250854
747 [ 0.  0.  0.  1.] -1 523.298297119
748 [ 0.  0.  0.  1.] -1 456.126095581
749 [ 0.  0.  0.  1.] -1 448.277723694
750 [ 0.  0.  0.  1.] -1 450.929333496
751 [ 0.  0.  0.  1.] -1 451.388011169
752 [ 0.  0.  0.  1.] -1 444.337693787
753 [ 0.  0.  0.  1.] -1 438.98837738
754 [ 0.  0.  0.  1.] -1 452.588528442
755 [ 0.  0.  0.  1.] -1 453.841665649
756 [ 0.  0.  0.  1.] -1 401.101502991
757 [ 0.  0.  0.  1.] 0 402.101502991
758 [ 1.  0.  0.  0.] -2 427.69568634
759 [ 1.  0.  0.  0.] -1 433.952548218
760 [ 1.  0.  0.  0.] -1 487.112771606
761 [ 1.  0.  0.  0.] -1 502.45546875
762 [ 1.  0.  0.  0.] -1 511.104156494
763 [ 1.  0.  0.  0.] -1 513.034133911
764 [ 1.  0.  0.  0.] -1 509.014608765
765 [ 1.  0.  0.  0.] -1 506.855596924
766 [ 1.  0.  0.  0.] -1 502.190774536
767 [ 1.  0.  0.  0.] -1 499.647158813
768 [ 1.  0.  0.  0.] -1 502.10501709
769 [ 1.  0.  0.  0.] 0 503.10501709
770 [ 0.  1.  0.  0.] -2 420.874026489
771 [ 0.  1.  0.  0.] -1 419.080125427
772 [ 0.  1.  0.  0.] -1 416.763166809
773 [ 0.  1.  0.  0.] -1 432.9498703
774 [ 0.  1.  0.  0.] -1 429.29984436
775 [ 0.  1.  0.  0.] -1 437.437785339
776 [ 0.  1.  0.  0.] -1 442.60120697
777 [ 0.  1.  0.  0.] -1 466.399942017
778 [ 0.  1.  0.  0.] -1 465.564836121
779 [ 0.  1.  0.  0.] -1 473.718432617
780 [ 0.  1.  0.  0.] -1 463.578266907
781 [ 0.  1.  0.  0.] -1 507.506054687
782 [ 0.  1.  0.  0.] -1 506.979507446
783 [ 0.  1.  0.  0.] -1 506.721829224
784 [ 0.  1.  0.  0.] -1 519.203857422
785 [ 0.  1.  0.  0.] -1 609.425039673
786 [ 0.  1.  0.  0.] -1 642.178701782
787 [ 0.  1.  0.  0.] -1 640.280325317
788 [ 0.  1.  0.  0.] -1 644.298342896
789 [ 0.  1.  0.  0.] 0 645.298342896
790 [ 0.  0.  1.  0.] -2 492.669882202
791 [ 0.  0.  1.  0.] -1 496.787243652
792 [ 0.  0.  1.  0.] -1 534.737435913
793 [ 0.  0.  1.  0.] -1 568.881539917
794 [ 0.  0.  1.  0.] -1 558.781411743
795 [ 0.  0.  1.  0.] -1 567.526525879
796 [ 0.  0.  1.  0.] -1 587.131640625
797 [ 0.  0.  1.  0.] -1 685.224591064
798 [ 0.  0.  1.  0.] -1 675.452011108
799 [ 0.  0.  1.  0.] -1 695.479998779
800 [ 0.  0.  1.  0.] -1 837.085952759
801 [ 0.  0.  1.  0.] 0 838.085952759
802 [ 0.  0.  0.  1.] -2 627.221054077
803 [ 0.  0.  0.  1.] -1 627.64800415
804 [ 0.  0.  0.  1.] -1 572.367965698
805 [ 0.  0.  0.  1.] -1 571.436114502
806 [ 0.  0.  0.  1.] -1 569.55194397
807 [ 0.  0.  0.  1.] -1 580.20668335
808 [ 0.  0.  0.  1.] -1 512.55484314
809 [ 0.  0.  0.  1.] -1 514.605484009
810 [ 0.  0.  0.  1.] -1 297.312495422
811 [ 0.  0.  0.  1.] -1 298.969284058
812 [ 0.  0.  0.  1.] -1 268.493789673
813 [ 0.  0.  0.  1.] -1 264.805610657
814 [ 0.  0.  0.  1.] -1 265.340942383
815 [ 0.  0.  0.  1.] -1 264.978720093
816 [ 0.  0.  0.  1.] -1 261.326490784
817 [ 0.  0.  0.  1.] -1 258.600488281
818 [ 0.  0.  0.  1.] -1 263.537919617
819 [ 0.  0.  0.  1.] -1 263.756690979
820 [ 0.  0.  0.  1.] -1 241.349412537
821 [ 0.  0.  0.  1.] 0 242.349412537
822 [ 1.  0.  0.  0.] -2 255.170172119
823 [ 1.  0.  0.  0.] -1 258.418971252
824 [ 1.  0.  0.  0.] -1 276.431484985
825 [ 1.  0.  0.  0.] -1 280.982485962
826 [ 1.  0.  0.  0.] -1 283.848199463
827 [ 1.  0.  0.  0.] -1 284.383473206
828 [ 1.  0.  0.  0.] -1 283.884613037
829 [ 1.  0.  0.  0.] -1 283.092414856
830 [ 1.  0.  0.  0.] -1 281.842118835
831 [ 1.  0.  0.  0.] -1 281.325602722
832 [ 1.  0.  0.  0.] -1 287.809190369
833 [ 1.  0.  0.  0.] 0 288.809190369
834 [ 0.  0.  0.  1.] -2 208.628405762
835 [ 0.  0.  0.  1.] -1 210.919884491
836 [ 0.  0.  0.  1.] 9 211.640743256
837 [ 0.  0.  0.  1.] -1 201.558290863
838 [ 0.  0.  0.  1.] -1 203.20291748
839 [ 0.  0.  0.  1.] -1 209.192964935
840 [ 0.  0.  0.  1.] 9 214.472377014
841 [ 0.  0.  0.  1.] -1 207.346715546
842 [ 0.  0.  0.  1.] -1 212.368396759
843 [ 0.  0.  0.  1.] -1 214.456741333
844 [ 0.  0.  0.  1.] 9 221.099430084
845 [ 0.  0.  0.  1.] 0 212.099430084
846 [ 0.  0.  1.  0.] -2 204.327516174
847 [ 0.  0.  1.  0.] -1 204.994068146
848 [ 0.  0.  1.  0.] 9 214.680783844
849 [ 0.  0.  1.  0.] -1 207.811235046
850 [ 0.  0.  1.  0.] -1 206.522162628
851 [ 0.  0.  1.  0.] -1 207.837631989
852 [ 0.  0.  1.  0.] 9 218.584559631
853 [ 0.  0.  1.  0.] -1 240.023201752
854 [ 0.  0.  1.  0.] -1 236.828200531
855 [ 0.  0.  1.  0.] -1 241.970023346
856 [ 0.  0.  1.  0.] 9 259.689744568
857 [ 0.  0.  1.  0.] 0 250.689744568
858 [ 0.  0.  0.  1.] -2 243.874455261
859 [ 0.  0.  0.  1.] -1 252.312275696
860 [ 0.  0.  0.  1.] 9 257.415200806
861 [ 0.  0.  0.  1.] -1 249.986735535
862 [ 0.  0.  0.  1.] -1 248.754414368
863 [ 0.  0.  0.  1.] -1 251.85475769
864 [ 0.  0.  0.  1.] 9 258.765663147
865 [ 0.  0.  0.  1.] -1 248.815238953
866 [ 0.  0.  0.  1.] -1 252.019836426
867 [ 0.  0.  0.  1.] -1 257.761497498
868 [ 0.  0.  0.  1.] 9 264.683738708
869 [ 0.  0.  0.  1.] -1 253.140742493
870 [ 0.  0.  0.  1.] -1 253.31643219
871 [ 0.  0.  0.  1.] -1 256.329800415
872 [ 0.  0.  0.  1.] 9 257.187528992
873 [ 0.  0.  0.  1.] -1 244.792930603
874 [ 0.  0.  0.  1.] -1 248.018199158
875 [ 0.  0.  0.  1.] -1 252.342166138
876 [ 0.  0.  0.  1.] 9 236.699080658
877 [ 0.  0.  0.  1.] -1 226.662942505
878 [ 0.  0.  0.  1.] -1 227.041530609
879 [ 0.  0.  0.  1.] -1 230.516316223
880 [ 0.  0.  0.  1.] 9 224.636301422
881 [ 0.  0.  0.  1.] -1 215.38740387
882 [ 0.  0.  0.  1.] -1 217.712103271
883 [ 0.  0.  0.  1.] -1 224.742764282
884 [ 0.  0.  0.  1.] 9 221.014179993
885 [ 0.  0.  0.  1.] -1 209.96398468
886 [ 0.  0.  0.  1.] -1 210.323336792
887 [ 0.  0.  0.  1.] -1 214.202440643
888 [ 0.  0.  0.  1.] 9 226.874895477
889 [ 0.  0.  0.  1.] -1 215.327028656
890 [ 0.  0.  0.  1.] -1 221.543718719
891 [ 0.  0.  0.  1.] -1 221.46149826
892 [ 0.  0.  0.  1.] 9 219.933572388
893 [ 0.  0.  0.  1.] 0 210.933572388
894 [ 1.  0.  0.  0.] -2 245.137304687
895 [ 1.  0.  0.  0.] -1 251.509698486
896 [ 1.  0.  0.  0.] 9 252.771020508
897 [ 1.  0.  0.  0.] -1 243.106077576
898 [ 1.  0.  0.  0.] -1 249.35297699
899 [ 1.  0.  0.  0.] -1 242.693177795
900 [ 1.  0.  0.  0.] 9 204.675835419
901 [ 1.  0.  0.  0.] -1 195.192974854
902 [ 1.  0.  0.  0.] -1 193.662836456
903 [ 1.  0.  0.  0.] -1 193.792719269
904 [ 1.  0.  0.  0.] 9 204.001531982
905 [ 1.  0.  0.  0.] 0 195.001531982
906 [ 0.  1.  0.  0.] -2 218.991010284
907 [ 0.  1.  0.  0.] -1 216.254342651
908 [ 0.  1.  0.  0.] 9 234.64043808
909 [ 0.  1.  0.  0.] -1 233.090996552
910 [ 0.  1.  0.  0.] -1 232.341778564
911 [ 0.  1.  0.  0.] -1 236.992047119
912 [ 0.  1.  0.  0.] 9 250.359143066
913 [ 0.  1.  0.  0.] -1 255.511480713
914 [ 0.  1.  0.  0.] -1 260.154211426
915 [ 0.  1.  0.  0.] -1 262.322442627
916 [ 0.  1.  0.  0.] 9 275.890190125
917 [ 0.  1.  0.  0.] -1 280.058085632
918 [ 0.  1.  0.  0.] -1 280.042546082
919 [ 0.  1.  0.  0.] -1 282.068312073
920 [ 0.  1.  0.  0.] 9 297.814524841
921 [ 0.  1.  0.  0.] -1 285.606575012
922 [ 0.  1.  0.  0.] -1 290.407658386
923 [ 0.  1.  0.  0.] -1 291.624584961
924 [ 0.  1.  0.  0.] 9 304.920535278
925 [ 0.  1.  0.  0.] -1 293.281402588
926 [ 0.  1.  0.  0.] -1 292.473432922
927 [ 0.  1.  0.  0.] -1 291.771109009
928 [ 0.  1.  0.  0.] 9 304.844692993
929 [ 0.  1.  0.  0.] 0 295.844692993
930 [ 1.  0.  0.  0.] -2 338.922755432
931 [ 1.  0.  0.  0.] -1 343.159388733
932 [ 1.  0.  0.  0.] 9 372.784362793
933 [ 1.  0.  0.  0.] -1 365.184759521
934 [ 1.  0.  0.  0.] -1 366.808033752
935 [ 1.  0.  0.  0.] -1 370.738322449
936 [ 1.  0.  0.  0.] 9 381.326593018
937 [ 1.  0.  0.  0.] -1 372.948968506
938 [ 1.  0.  0.  0.] -1 372.359770203
939 [ 1.  0.  0.  0.] -1 373.488591003
940 [ 1.  0.  0.  0.] 9 348.048413086
941 [ 1.  0.  0.  0.] -1 343.822718811
942 [ 1.  0.  0.  0.] -1 341.677362061
943 [ 1.  0.  0.  0.] -1 339.932844543
944 [ 1.  0.  0.  0.] 9 340.037368774
945 [ 1.  0.  0.  0.] 0 331.037368774
946 [ 0.  1.  0.  0.] -2 312.920941162
947 [ 0.  1.  0.  0.] -1 309.288618469
948 [ 0.  1.  0.  0.] 9 320.97416687
949 [ 0.  1.  0.  0.] -1 310.43553009
950 [ 0.  1.  0.  0.] -1 312.030334473
951 [ 0.  1.  0.  0.] -1 310.866404724
952 [ 0.  1.  0.  0.] 9 320.746437073
953 [ 0.  1.  0.  0.] -1 293.167494202
954 [ 0.  1.  0.  0.] -1 293.785452271
955 [ 0.  1.  0.  0.] -1 291.044142151
956 [ 0.  1.  0.  0.] 9 297.836152649
957 [ 0.  1.  0.  0.] 0 288.836152649
958 [ 1.  0.  0.  0.] -2 296.142488098
959 [ 1.  0.  0.  0.] -1 298.41139679
960 [ 1.  0.  0.  0.] -1 283.784156799
961 [ 1.  0.  0.  0.] -1 287.865608215
962 [ 1.  0.  0.  0.] -1 290.795074463
963 [ 1.  0.  0.  0.] -1 293.472573853
964 [ 1.  0.  0.  0.] -1 301.247364807
965 [ 1.  0.  0.  0.] -1 300.030844116
966 [ 1.  0.  0.  0.] -1 301.514204407
967 [ 1.  0.  0.  0.] -1 302.418716431
968 [ 1.  0.  0.  0.] -1 303.360134888
969 [ 1.  0.  0.  0.] 0 304.360134888
970 [ 0.  0.  0.  1.] -2 277.136283875
971 [ 0.  0.  0.  1.] -1 288.213131714
972 [ 0.  0.  0.  1.] -1 285.848249817
973 [ 0.  0.  0.  1.] -1 292.501786804
974 [ 0.  0.  0.  1.] -1 300.619346619
975 [ 0.  0.  0.  1.] -1 302.705705261
976 [ 0.  0.  0.  1.] -1 300.576148987
977 [ 0.  0.  0.  1.] -1 302.533842468
978 [ 0.  0.  0.  1.] -1 305.740730286
979 [ 0.  0.  0.  1.] -1 306.161341858
980 [ 0.  0.  0.  1.] -1 255.297608948
981 [ 0.  0.  0.  1.] -1 251.272575378
982 [ 0.  0.  0.  1.] -1 251.279910278
983 [ 0.  0.  0.  1.] -1 247.782235718
984 [ 0.  0.  0.  1.] 0 248.782235718
985 [ 0.  1.  0.  0.] -102 -54.6316114426
986 [ 0.  1.  0.  0.] -1 47.0450983047
987 [ 0.  1.  0.  0.] -1 53.2373773575
988 [ 0.  1.  0.  0.] -1 53.9312465668
989 [ 0.  1.  0.  0.] -1 54.7655008316
990 [ 0.  1.  0.  0.] -1 54.8221506119
991 [ 0.  1.  0.  0.] -1 55.1722761154
992 [ 0.  1.  0.  0.] -1 56.5221078873
993 [ 0.  1.  0.  0.] -1 56.612543869
994 [ 0.  1.  0.  0.] 9 70.4370056152
995 [ 0.  1.  0.  0.] -1 61.4165554047
996 [ 0.  1.  0.  0.] -1 61.2954063416
997 [ 0.  1.  0.  0.] -1 62.9796863556
998 [ 0.  1.  0.  0.] 9 76.275440979
999 [ 0.  1.  0.  0.] -1 64.6406208038
1000 [ 0.  1.  0.  0.] -1 63.8886703491
1001 [ 0.  1.  0.  0.] -1 63.796049118
1002 [ 0.  1.  0.  0.] 9 73.2528461456
1003 [ 0.  1.  0.  0.] 0 64.2528461456
1004 [ 0.  0.  1.  0.] -2 46.7232757568
1005 [ 0.  0.  1.  0.] -1 49.0281269073
1006 [ 0.  0.  1.  0.] 9 60.1385850906
1007 [ 0.  0.  1.  0.] -1 45.8114761353
1008 [ 0.  0.  1.  0.] -1 46.6872537613
1009 [ 0.  0.  1.  0.] -1 46.9469070435
1010 [ 0.  0.  1.  0.] 9 59.2367511749
1011 [ 0.  0.  1.  0.] -1 47.0281671524
1012 [ 0.  0.  1.  0.] -1 47.4633180618
1013 [ 0.  0.  1.  0.] -1 46.9964139938
1014 [ 0.  0.  1.  0.] -1 47.6478792191
1015 [ 0.  0.  1.  0.] 0 48.6478792191
1016 [ 0.  1.  0.  0.] -2 56.0773387909
1017 [ 0.  1.  0.  0.] -1 57.4055828094
1018 [ 0.  1.  0.  0.] -1 57.3424570084
1019 [ 0.  1.  0.  0.] -1 57.9139486313
1020 [ 0.  1.  0.  0.] -1 58.6646234512
1021 [ 0.  1.  0.  0.] -1 59.0772731781
1022 [ 0.  1.  0.  0.] -1 59.5456956863
1023 [ 0.  1.  0.  0.] -1 64.1640045166
1024 [ 0.  1.  0.  0.] -1 64.0850818634
1025 [ 0.  1.  0.  0.] -1 64.8490566254
1026 [ 0.  1.  0.  0.] -1 65.7740440369
1027 [ 0.  1.  0.  0.] -1 65.4519462585
1028 [ 0.  1.  0.  0.] -1 66.5390914917
1029 [ 0.  1.  0.  0.] -1 67.0046039581
1030 [ 0.  1.  0.  0.] -1 66.6706413269
1031 [ 0.  1.  0.  0.] -1 65.2892810822
1032 [ 0.  1.  0.  0.] -1 66.0226478577
1033 [ 0.  1.  0.  0.] -1 66.5270744324
1034 [ 0.  1.  0.  0.] -1 66.2570602417
1035 [ 0.  1.  0.  0.] -1 68.0328308105
1036 [ 0.  1.  0.  0.] -1 67.9988815308
1037 [ 0.  1.  0.  0.] -1 68.2586906433
1038 [ 0.  1.  0.  0.] -1 68.2579803467
1039 [ 0.  1.  0.  0.] 0 69.2579803467
1040 [ 0.  0.  1.  0.] -2 59.8174419403
1041 [ 0.  0.  1.  0.] -1 60.9450561523
1042 [ 0.  0.  1.  0.] 9 72.7521015167
1043 [ 0.  0.  1.  0.] -1 65.7494010925
1044 [ 0.  0.  1.  0.] -1 65.1019004822
1045 [ 0.  0.  1.  0.] -1 65.3466266632
1046 [ 0.  0.  1.  0.] 9 77.1484825134
1047 [ 0.  0.  1.  0.] -1 63.1959281921
1048 [ 0.  0.  1.  0.] -1 63.0105262756
1049 [ 0.  0.  1.  0.] -1 63.0991321564
1050 [ 0.  0.  1.  0.] 9 75.3073501587
1051 [ 0.  0.  1.  0.] 0 66.3073501587
1052 [ 0.  1.  0.  0.] -2 67.2164859772
1053 [ 0.  1.  0.  0.] -1 68.1252925873
1054 [ 0.  1.  0.  0.] -1 68.451398468
1055 [ 0.  1.  0.  0.] -1 75.3283527374
1056 [ 0.  1.  0.  0.] -1 76.5883102417
1057 [ 0.  1.  0.  0.] -1 78.2434101105
1058 [ 0.  1.  0.  0.] -1 78.4910282135
1059 [ 0.  1.  0.  0.] -1 81.6847610474
1060 [ 0.  1.  0.  0.] -1 82.3456195831
1061 [ 0.  1.  0.  0.] -1 83.7570297241
1062 [ 0.  1.  0.  0.] -1 84.7421676636
1063 [ 0.  1.  0.  0.] -1 39.6437204361
1064 [ 0.  1.  0.  0.] -1 39.3493061066
1065 [ 0.  1.  0.  0.] -1 39.8340871811
1066 [ 0.  1.  0.  0.] -1 40.4697555542
1067 [ 0.  1.  0.  0.] -1 41.1274394989
1068 [ 0.  1.  0.  0.] -1 43.3330337524
1069 [ 0.  1.  0.  0.] -1 43.3857551575
1070 [ 0.  1.  0.  0.] -1 43.7683912277
1071 [ 0.  1.  0.  0.] -1 44.1341939926
1072 [ 0.  1.  0.  0.] -1 46.0284210205
1073 [ 0.  1.  0.  0.] -1 45.8869487762
1074 [ 0.  1.  0.  0.] -1 46.3964633942
1075 [ 0.  1.  0.  0.] -1 46.7070297241
1076 [ 0.  1.  0.  0.] 0 47.7070297241
1077 [ 1.  0.  0.  0.] -2 78.8481151581
1078 [ 1.  0.  0.  0.] -1 80.6163734436
1079 [ 1.  0.  0.  0.] 9 87.9616252899
1080 [ 1.  0.  0.  0.] -1 78.6457931519
1081 [ 1.  0.  0.  0.] -1 78.8935127258
1082 [ 1.  0.  0.  0.] -1 78.7415309906
1083 [ 1.  0.  0.  0.] 9 203.264635468
1084 [ 1.  0.  0.  0.] -1 196.749423218
1085 [ 1.  0.  0.  0.] -1 200.349960327
1086 [ 1.  0.  0.  0.] -1 207.418658447
1087 [ 1.  0.  0.  0.] 9 269.39213562
1088 [ 1.  0.  0.  0.] 0 260.39213562
1089 [ 0.  1.  0.  0.] -2 88.1830219269
1090 [ 0.  1.  0.  0.] -1 87.517035675
1091 [ 0.  1.  0.  0.] 9 99.6435768127
1092 [ 0.  1.  0.  0.] -1 88.1271007538
1093 [ 0.  1.  0.  0.] -1 88.6141540527
1094 [ 0.  1.  0.  0.] -1 88.872832489
1095 [ 0.  1.  0.  0.] 9 99.1566684723
1096 [ 0.  1.  0.  0.] -1 73.5631061554
1097 [ 0.  1.  0.  0.] -1 74.2797302246
1098 [ 0.  1.  0.  0.] -1 74.3364742279
1099 [ 0.  1.  0.  0.] 9 85.0147350311
1100 [ 0.  1.  0.  0.] -1 72.477620697
1101 [ 0.  1.  0.  0.] -1 72.2986186981
1102 [ 0.  1.  0.  0.] -1 71.7938369751
1103 [ 0.  1.  0.  0.] 9 82.7157077789
1104 [ 0.  1.  0.  0.] -1 67.8287509918
1105 [ 0.  1.  0.  0.] -1 66.8418083191
1106 [ 0.  1.  0.  0.] -1 67.7526912689
1107 [ 0.  1.  0.  0.] 9 78.5078090668
1108 [ 0.  1.  0.  0.] -1 70.1404838562
1109 [ 0.  1.  0.  0.] -1 68.9577747345
1110 [ 0.  1.  0.  0.] -1 69.7252212524
1111 [ 0.  1.  0.  0.] 9 81.7792034149
1112 [ 0.  1.  0.  0.] -1 62.4615394592
1113 [ 0.  1.  0.  0.] -1 62.5413825989
1114 [ 0.  1.  0.  0.] -1 63.1666538239
1115 [ 0.  1.  0.  0.] -1 61.9851696014
1116 [ 0.  1.  0.  0.] -1 66.0302509308
1117 [ 0.  1.  0.  0.] -1 66.8502738953
1118 [ 0.  1.  0.  0.] -1 69.5303390503
1119 [ 0.  1.  0.  0.] -1 68.161372757
1120 [ 0.  1.  0.  0.] -1 70.726739502
1121 [ 0.  1.  0.  0.] -1 70.7159763336
1122 [ 0.  1.  0.  0.] -1 72.6001178741
1123 [ 0.  1.  0.  0.] -1 68.6578918457
1124 [ 0.  1.  0.  0.] 0 69.6578918457
1125 [ 0.  0.  1.  0.] -2 51.9734079361
1126 [ 0.  0.  1.  0.] -1 52.1104373932
1127 [ 0.  0.  1.  0.] -1 59.0880508423
1128 [ 0.  0.  1.  0.] -1 65.6233089447
1129 [ 0.  0.  1.  0.] -1 64.8696624756
1130 [ 0.  0.  1.  0.] -1 65.4643619537
1131 [ 0.  0.  1.  0.] -1 68.9247966766
1132 [ 0.  0.  1.  0.] -1 64.0947505951
1133 [ 0.  0.  1.  0.] -1 64.9590656281
1134 [ 0.  0.  1.  0.] -1 66.8097579956
1135 [ 0.  0.  1.  0.] -1 71.2474159241
1136 [ 0.  0.  1.  0.] 0 72.2474159241
1137 [ 0.  1.  0.  0.] -2 89.5861042023
1138 [ 0.  1.  0.  0.] -1 91.9824314117
1139 [ 0.  1.  0.  0.] -1 93.1011631012
1140 [ 0.  1.  0.  0.] -1 94.866619873
1141 [ 0.  1.  0.  0.] -1 94.2810745239
1142 [ 0.  1.  0.  0.] -1 97.1355175018
1143 [ 0.  1.  0.  0.] -1 96.9418746948
1144 [ 0.  1.  0.  0.] -1 100.70933876
1145 [ 0.  1.  0.  0.] -1 97.31497612
1146 [ 0.  1.  0.  0.] -1 99.7315647125
1147 [ 0.  1.  0.  0.] -1 98.3980335236
1148 [ 0.  1.  0.  0.] -1 96.9684383392
1149 [ 0.  1.  0.  0.] -1 94.6593727112
1150 [ 0.  1.  0.  0.] -1 94.702766037
1151 [ 0.  1.  0.  0.] -1 92.6710494995
1152 [ 0.  1.  0.  0.] -1 96.3072826385
1153 [ 0.  1.  0.  0.] -1 92.4526985168
1154 [ 0.  1.  0.  0.] -1 95.2257980347
1155 [ 0.  1.  0.  0.] -1 93.4568767548
1156 [ 0.  1.  0.  0.] -1 98.4818775177
1157 [ 0.  1.  0.  0.] -1 96.4357448578
1158 [ 0.  1.  0.  0.] -1 96.3084060669
1159 [ 0.  1.  0.  0.] -1 94.029013443
1160 [ 0.  1.  0.  0.] 0 95.029013443
1161 [ 0.  0.  1.  0.] -2 83.3499534607
1162 [ 0.  0.  1.  0.] -1 84.3674354553
1163 [ 0.  0.  1.  0.] -1 88.4748561859
1164 [ 0.  0.  1.  0.] -1 116.587273407
1165 [ 0.  0.  1.  0.] -1 115.32156105
1166 [ 0.  0.  1.  0.] -1 115.746318436
1167 [ 0.  0.  1.  0.] -1 121.643005371
1168 [ 0.  0.  1.  0.] -1 134.054047394
1169 [ 0.  0.  1.  0.] -1 132.314429474
1170 [ 0.  0.  1.  0.] -1 134.674832153
1171 [ 0.  0.  1.  0.] -1 135.784141541
1172 [ 0.  0.  1.  0.] -1 141.890358734
1173 [ 0.  0.  1.  0.] -1 143.461636353
1174 [ 0.  0.  1.  0.] -1 146.491022491
1175 [ 0.  0.  1.  0.] -1 150.926694489
1176 [ 0.  0.  1.  0.] -1 161.0825737
1177 [ 0.  0.  1.  0.] -1 166.670346832
1178 [ 0.  0.  1.  0.] -1 167.302351379
1179 [ 0.  0.  1.  0.] -1 177.624889374
1180 [ 0.  0.  1.  0.] -1 216.799937439
1181 [ 0.  0.  1.  0.] -1 216.752767944
1182 [ 0.  0.  1.  0.] -1 217.422954559
1183 [ 0.  0.  1.  0.] -1 218.580709076
1184 [ 0.  0.  1.  0.] 0 219.580709076
1185 [ 0.  0.  0.  1.] -2 253.385414124
1186 [ 0.  0.  0.  1.] -1 264.56219635
1187 [ 0.  0.  0.  1.] -1 263.430911255
1188 [ 0.  0.  0.  1.] -1 269.432164001
1189 [ 0.  0.  0.  1.] -1 276.503645325
1190 [ 0.  0.  0.  1.] -1 278.676660156
1191 [ 0.  0.  0.  1.] -1 278.705448914
1192 [ 0.  0.  0.  1.] -1 280.625569153
1193 [ 0.  0.  0.  1.] -1 283.035823059
1194 [ 0.  0.  0.  1.] -1 283.936914062
1195 [ 0.  0.  0.  1.] -1 237.238404083
1196 [ 0.  0.  0.  1.] -1 233.276398468
1197 [ 0.  0.  0.  1.] -1 233.27122345
1198 [ 0.  0.  0.  1.] -1 229.903518677
1199 [ 0.  0.  0.  1.] 0 230.903518677
1200 [ 0.  1.  0.  0.] -102 -62.3225221634
1201 [ 0.  1.  0.  0.] -1 39.6122354507
1202 [ 0.  1.  0.  0.] -1 44.125286293
1203 [ 0.  1.  0.  0.] -1 44.5752882004
1204 [ 0.  1.  0.  0.] -1 47.2614379883
1205 [ 0.  1.  0.  0.] -1 47.9602502823
1206 [ 0.  1.  0.  0.] 0 48.9602502823
1207 [ 1.  0.  0.  0.] -2 52.5636898041
1208 [ 1.  0.  0.  0.] -1 52.8939525604
1209 [ 1.  0.  0.  0.] -1 55.6671426773
1210 [ 1.  0.  0.  0.] -1 56.1521448135
1211 [ 1.  0.  0.  0.] -1 56.430755043
1212 [ 1.  0.  0.  0.] -1 57.4869262695
1213 [ 1.  0.  0.  0.] -1 52.8279167175
1214 [ 1.  0.  0.  0.] -1 52.3510177612
1215 [ 1.  0.  0.  0.] -1 52.0333557129
1216 [ 1.  0.  0.  0.] -1 52.9956083298
1217 [ 1.  0.  0.  0.] -1 55.6624315262
1218 [ 1.  0.  0.  0.] 0 56.6624315262
1219 [ 0.  1.  0.  0.] -2 42.966342926
1220 [ 0.  1.  0.  0.] -1 43.8305711746
1221 [ 0.  1.  0.  0.] -1 43.9361227036
1222 [ 0.  1.  0.  0.] -1 47.583883667
1223 [ 0.  1.  0.  0.] -1 48.5776901245
1224 [ 0.  1.  0.  0.] -1 49.9401477814
1225 [ 0.  1.  0.  0.] -1 50.926231575
1226 [ 0.  1.  0.  0.] -1 56.4101564407
1227 [ 0.  1.  0.  0.] -1 57.068079567
1228 [ 0.  1.  0.  0.] -1 57.1789691925
1229 [ 0.  1.  0.  0.] -1 57.8945133209
1230 [ 0.  1.  0.  0.] 0 58.8945133209
1231 [ 1.  0.  0.  0.] -2 66.431129837
1232 [ 1.  0.  0.  0.] -1 68.5766136169
1233 [ 1.  0.  0.  0.] -1 77.6512184143
1234 [ 1.  0.  0.  0.] -1 79.6122676849
1235 [ 1.  0.  0.  0.] -1 81.0951858521
1236 [ 1.  0.  0.  0.] -1 84.773935318
1237 [ 1.  0.  0.  0.] -1 98.7751502991
1238 [ 1.  0.  0.  0.] -1 105.37073288
1239 [ 1.  0.  0.  0.] -1 105.034059525
1240 [ 1.  0.  0.  0.] -1 103.858960724
1241 [ 1.  0.  0.  0.] -1 102.511607742
1242 [ 1.  0.  0.  0.] 0 103.511607742
1243 [ 0.  0.  0.  1.] -2 56.5429998398
1244 [ 0.  0.  0.  1.] -1 57.1774145126
1245 [ 0.  0.  0.  1.] 9 59.8763080597
1246 [ 0.  0.  0.  1.] -1 49.2135251999
1247 [ 0.  0.  0.  1.] -1 48.9921953201
1248 [ 0.  0.  0.  1.] -1 48.5473974228
1249 [ 0.  0.  0.  1.] 9 57.3976409912
1250 [ 0.  0.  0.  1.] -1 47.9207925797
1251 [ 0.  0.  0.  1.] -1 48.2161092758
1252 [ 0.  0.  0.  1.] -1 48.479716301
1253 [ 0.  0.  0.  1.] 9 56.3018417358
1254 [ 0.  0.  0.  1.] -1 46.3757125854
1255 [ 0.  0.  0.  1.] -1 46.6052181244
1256 [ 0.  0.  0.  1.] -1 46.8623962402
1257 [ 0.  0.  0.  1.] 9 55.2414340973
1258 [ 0.  0.  0.  1.] -1 45.2006391525
1259 [ 0.  0.  0.  1.] -1 45.8107006073
1260 [ 0.  0.  0.  1.] -1 46.6639698029
1261 [ 0.  0.  0.  1.] 9 56.4425420761
1262 [ 0.  0.  0.  1.] -1 47.9264966965
1263 [ 0.  0.  0.  1.] -1 48.7379308701
1264 [ 0.  0.  0.  1.] -1 49.6383152008
1265 [ 0.  0.  0.  1.] 9 60.3230773926
1266 [ 0.  0.  0.  1.] -1 51.6536586761
1267 [ 0.  0.  0.  1.] -1 52.4519342422
1268 [ 0.  0.  0.  1.] -1 52.6903148651
1269 [ 0.  0.  0.  1.] 9 64.4873617172
1270 [ 0.  0.  0.  1.] -1 55.667269516
1271 [ 0.  0.  0.  1.] -1 57.0335830688
1272 [ 0.  0.  0.  1.] -1 58.4565862656
1273 [ 0.  0.  0.  1.] 9 70.3831317902
1274 [ 0.  0.  0.  1.] -1 62.2081157684
1275 [ 0.  0.  0.  1.] -1 64.5612632751
1276 [ 0.  0.  0.  1.] -1 66.4867469788
1277 [ 0.  0.  0.  1.] 9 93.7413669586
1278 [ 0.  0.  0.  1.] -1 86.7416526794
1279 [ 0.  0.  0.  1.] -1 89.3720188141
1280 [ 0.  0.  0.  1.] -1 91.5187236786
1281 [ 0.  0.  0.  1.] 9 107.187195206
1282 [ 0.  0.  0.  1.] -1 100.058366394
1283 [ 0.  0.  0.  1.] -1 102.960674667
1284 [ 0.  0.  0.  1.] -1 104.726493835
1285 [ 0.  0.  0.  1.] 9 131.883636475
1286 [ 0.  0.  0.  1.] -1 125.085668182
1287 [ 0.  0.  0.  1.] -1 129.034931946
1288 [ 0.  0.  0.  1.] -1 130.972258759
1289 [ 0.  0.  0.  1.] 9 158.303858948
1290 [ 0.  0.  0.  1.] 0 149.303858948
1291 [ 0.  0.  1.  0.] -2 147.052297974
1292 [ 0.  0.  1.  0.] -1 146.643431854
1293 [ 0.  0.  1.  0.] 9 152.410368347
1294 [ 0.  0.  1.  0.] -1 133.771755219
1295 [ 0.  0.  1.  0.] -1 136.102774811
1296 [ 0.  0.  1.  0.] -1 137.125906372
1297 [ 0.  0.  1.  0.] 9 135.146521759
1298 [ 0.  0.  1.  0.] -1 207.798174286
1299 [ 0.  0.  1.  0.] -1 208.077422333
1300 [ 0.  0.  1.  0.] -1 203.222385406
1301 [ 0.  0.  1.  0.] 9 206.353614044
1302 [ 0.  0.  1.  0.] -1 175.534312439
1303 [ 0.  0.  1.  0.] -1 174.151263428
1304 [ 0.  0.  1.  0.] -1 169.687846375
1305 [ 0.  0.  1.  0.] 9 168.170545959
1306 [ 0.  0.  1.  0.] -1 144.247847748
1307 [ 0.  0.  1.  0.] -1 142.694182587
1308 [ 0.  0.  1.  0.] -1 138.114305878
1309 [ 0.  0.  1.  0.] 9 140.897779083
1310 [ 0.  0.  1.  0.] -1 79.0876918793
1311 [ 0.  0.  1.  0.] -1 79.6580890656
1312 [ 0.  0.  1.  0.] -1 78.8025295258
1313 [ 0.  0.  1.  0.] 9 86.7086330414
1314 [ 0.  0.  1.  0.] 0 77.7086330414
1315 [ 0.  0.  0.  1.] -2 97.3689548492
1316 [ 0.  0.  0.  1.] -1 102.168809891
1317 [ 0.  0.  0.  1.] 9 143.128864288
1318 [ 0.  0.  0.  1.] -1 143.580516815
1319 [ 0.  0.  0.  1.] -1 150.031996155
1320 [ 0.  0.  0.  1.] -1 155.520733643
1321 [ 0.  0.  0.  1.] 9 205.63704071
1322 [ 0.  0.  0.  1.] -1 207.2501297
1323 [ 0.  0.  0.  1.] -1 205.560884857
1324 [ 0.  0.  0.  1.] -1 211.259072876
1325 [ 0.  0.  0.  1.] 9 293.064292908
1326 [ 0.  0.  0.  1.] -1 304.672183228
1327 [ 0.  0.  0.  1.] -1 316.659207153
1328 [ 0.  0.  0.  1.] -1 320.923277283
1329 [ 0.  0.  0.  1.] 9 386.732907104
1330 [ 0.  0.  0.  1.] -1 402.694219971
1331 [ 0.  0.  0.  1.] -1 404.482978821
1332 [ 0.  0.  0.  1.] -1 422.478822327
1333 [ 0.  0.  0.  1.] 9 540.105838013
1334 [ 0.  0.  0.  1.] 0 531.105838013
1335 [ 1.  0.  0.  0.] -2 501.438711548
1336 [ 1.  0.  0.  0.] -1 508.762380981
1337 [ 1.  0.  0.  0.] 9 650.438851929
1338 [ 1.  0.  0.  0.] -1 652.837442017
1339 [ 1.  0.  0.  0.] -1 647.337948608
1340 [ 1.  0.  0.  0.] -1 662.125802612
1341 [ 1.  0.  0.  0.] 9 680.865350342
1342 [ 1.  0.  0.  0.] -1 694.275045776
1343 [ 1.  0.  0.  0.] -1 702.019482422
1344 [ 1.  0.  0.  0.] -1 690.367312622
1345 [ 1.  0.  0.  0.] 9 629.790557861
1346 [ 1.  0.  0.  0.] -1 618.336102295
1347 [ 1.  0.  0.  0.] -1 623.700726318
1348 [ 1.  0.  0.  0.] -1 626.64425354
1349 [ 1.  0.  0.  0.] 49 1514.77612915
1350 [ 1.  0.  0.  0.] -1 1528.95401001
1351 [ 1.  0.  0.  0.] -1 1533.99659424
1352 [ 1.  0.  0.  0.] -1 1555.12249756
1353 [ 1.  0.  0.  0.] 9 1565.62219849
1354 [ 1.  0.  0.  0.] -1 1602.51835937
1355 [ 1.  0.  0.  0.] -1 1592.47401123
1356 [ 1.  0.  0.  0.] -1 1590.85824585
1357 [ 1.  0.  0.  0.] 9 1603.75010986
1358 [ 1.  0.  0.  0.] 0 1594.75010986
1359 [ 0.  1.  0.  0.] -2 984.668237305
1360 [ 0.  1.  0.  0.] -1 971.096313477
1361 [ 0.  1.  0.  0.] 9 979.413287354
1362 [ 0.  1.  0.  0.] -1 955.758255005
1363 [ 0.  1.  0.  0.] -1 946.717077637
1364 [ 0.  1.  0.  0.] -1 926.318170166
1365 [ 0.  1.  0.  0.] 9 928.542828369
1366 [ 0.  1.  0.  0.] -1 745.427478027
1367 [ 0.  1.  0.  0.] -1 726.814053345
1368 [ 0.  1.  0.  0.] -1 712.84770813
1369 [ 0.  1.  0.  0.] 9 725.491113281
1370 [ 0.  1.  0.  0.] -1 674.561965942
1371 [ 0.  1.  0.  0.] -1 662.102087402
1372 [ 0.  1.  0.  0.] -1 649.07333374
1373 [ 0.  1.  0.  0.] 9 652.750418091
1374 [ 0.  1.  0.  0.] -1 606.206787109
1375 [ 0.  1.  0.  0.] -1 593.051455688
1376 [ 0.  1.  0.  0.] -1 584.960394287
1377 [ 0.  1.  0.  0.] -1 573.07930603
1378 [ 0.  1.  0.  0.] 0 574.07930603
1379 [ 0.  0.  1.  0.] -2 655.946377563
1380 [ 0.  0.  1.  0.] -1 652.990634155
1381 [ 0.  0.  1.  0.] -1 629.155688477
1382 [ 0.  0.  1.  0.] -1 571.205456543
1383 [ 0.  0.  1.  0.] -1 577.285943604
1384 [ 0.  0.  1.  0.] -1 578.11423645
1385 [ 0.  0.  1.  0.] -1 542.211843872
1386 [ 0.  0.  1.  0.] -1 477.392782593
1387 [ 0.  0.  1.  0.] -1 478.663575745
1388 [ 0.  0.  1.  0.] -1 464.846740723
1389 [ 0.  0.  1.  0.] -1 445.851901245
1390 [ 0.  0.  1.  0.] -1 408.769923401
1391 [ 0.  0.  1.  0.] -1 403.358564758
1392 [ 0.  0.  1.  0.] -1 397.325247192
1393 [ 0.  0.  1.  0.] -1 369.050860596
1394 [ 0.  0.  1.  0.] -1 373.512161255
1395 [ 0.  0.  1.  0.] -1 370.995913696
1396 [ 0.  0.  1.  0.] -1 361.702885437
1397 [ 0.  0.  1.  0.] -1 342.327355957
1398 [ 0.  0.  1.  0.] -1 210.215835571
1399 [ 0.  0.  1.  0.] -1 212.103325653
1400 [ 0.  0.  1.  0.] -1 209.246599579
1401 [ 0.  0.  1.  0.] -1 197.266722107
1402 [ 0.  0.  1.  0.] 0 198.266722107
1403 [ 0.  0.  0.  1.] -2 298.325360107
1404 [ 0.  0.  0.  1.] -1 314.710298157
1405 [ 0.  0.  0.  1.] -1 357.377178955
1406 [ 0.  0.  0.  1.] -1 390.758250427
1407 [ 0.  0.  0.  1.] -1 400.354937744
1408 [ 0.  0.  0.  1.] -1 417.770860291
1409 [ 0.  0.  0.  1.] -1 458.688323975
1410 [ 0.  0.  0.  1.] -1 472.58404541
1411 [ 0.  0.  0.  1.] -1 473.299734497
1412 [ 0.  0.  0.  1.] -1 484.383058167
1413 [ 0.  0.  0.  1.] -1 616.8262146
1414 [ 0.  0.  0.  1.] 0 617.8262146
1415 [ 0.  0.  1.  0.] -2 451.667095947
1416 [ 0.  0.  1.  0.] -1 443.581619263
1417 [ 0.  0.  1.  0.] 9 437.843968201
1418 [ 0.  0.  1.  0.] -1 389.060032654
1419 [ 0.  0.  1.  0.] -1 377.976071167
1420 [ 0.  0.  1.  0.] -1 372.680940247
1421 [ 0.  0.  1.  0.] 9 362.438877869
1422 [ 0.  0.  1.  0.] -1 336.674351501
1423 [ 0.  0.  1.  0.] -1 329.568688965
1424 [ 0.  0.  1.  0.] -1 330.178152466
1425 [ 0.  0.  1.  0.] -1 313.701966858
1426 [ 0.  0.  1.  0.] 0 314.701966858
1427 [ 0.  1.  0.  0.] -2 209.238898468
1428 [ 0.  1.  0.  0.] -1 202.249250031
1429 [ 0.  1.  0.  0.] -1 187.472499847
1430 [ 0.  1.  0.  0.] -1 197.910468292
1431 [ 0.  1.  0.  0.] -1 192.768761444
1432 [ 0.  1.  0.  0.] -1 189.096208954
1433 [ 0.  1.  0.  0.] -1 176.646289062
1434 [ 0.  1.  0.  0.] -1 125.658877563
1435 [ 0.  1.  0.  0.] -1 120.916864777
1436 [ 0.  1.  0.  0.] -1 121.394589996
1437 [ 0.  1.  0.  0.] -1 118.926012039
1438 [ 0.  1.  0.  0.] -1 115.303158569
1439 [ 0.  1.  0.  0.] -1 113.396831131
1440 [ 0.  1.  0.  0.] -1 113.364722824
1441 [ 0.  1.  0.  0.] -1 110.309149933
1442 [ 0.  1.  0.  0.] -1 96.3590835571
1443 [ 0.  1.  0.  0.] -1 90.7779930115
1444 [ 0.  1.  0.  0.] -1 91.9099521637
1445 [ 0.  1.  0.  0.] -1 84.7095882416
1446 [ 0.  1.  0.  0.] -1 85.2177257538
1447 [ 0.  1.  0.  0.] -1 78.4157367706
1448 [ 0.  1.  0.  0.] -1 78.4121852875
1449 [ 0.  1.  0.  0.] -1 78.721062851
1450 [ 0.  1.  0.  0.] -1 55.0455316544
1451 [ 0.  1.  0.  0.] -1 55.314871788
1452 [ 0.  1.  0.  0.] -1 56.2511007309
1453 [ 0.  1.  0.  0.] -1 54.3878948212
1454 [ 0.  1.  0.  0.] -1 59.6176023483
1455 [ 0.  1.  0.  0.] -1 60.7548923492
1456 [ 0.  1.  0.  0.] -1 63.7109947205
1457 [ 0.  1.  0.  0.] -1 62.3296852112
1458 [ 0.  1.  0.  0.] -1 64.9993785858
1459 [ 0.  1.  0.  0.] -1 64.9509407043
1460 [ 0.  1.  0.  0.] -1 66.665618515
1461 [ 0.  1.  0.  0.] -1 62.9183761597
1462 [ 0.  1.  0.  0.] 0 63.9183761597
1463 [ 0.  0.  1.  0.] -2 37.0792341232
1464 [ 0.  0.  1.  0.] -1 37.0009748459
1465 [ 0.  0.  1.  0.] -1 44.1859296799
1466 [ 0.  0.  1.  0.] -1 46.0518100739
1467 [ 0.  0.  1.  0.] -1 45.5177177429
1468 [ 0.  0.  1.  0.] -1 45.7974840164
1469 [ 0.  0.  1.  0.] -1 48.8715246201
1470 [ 0.  0.  1.  0.] -1 38.9804773331
1471 [ 0.  0.  1.  0.] -1 39.6921220779
1472 [ 0.  0.  1.  0.] -1 41.2974214554
1473 [ 0.  0.  1.  0.] -1 45.3117534637
1474 [ 0.  0.  1.  0.] 0 46.3117534637
1475 [ 0.  1.  0.  0.] -2 66.69090271
1476 [ 0.  1.  0.  0.] -1 69.4762405396
1477 [ 0.  1.  0.  0.] -1 70.8384952545
1478 [ 0.  1.  0.  0.] -1 73.2574611664
1479 [ 0.  1.  0.  0.] -1 73.2149230957
1480 [ 0.  1.  0.  0.] -1 76.167930603
1481 [ 0.  1.  0.  0.] -1 76.4415542603
1482 [ 0.  1.  0.  0.] -1 81.1291351318
1483 [ 0.  1.  0.  0.] -1 78.5119819641
1484 [ 0.  1.  0.  0.] -1 81.1073696136
1485 [ 0.  1.  0.  0.] -1 79.9139335632
1486 [ 0.  1.  0.  0.] -1 78.4600940704
1487 [ 0.  1.  0.  0.] -1 76.4035533905
1488 [ 0.  1.  0.  0.] -1 76.5686103821
1489 [ 0.  1.  0.  0.] -1 74.643554306
1490 [ 0.  1.  0.  0.] -1 78.8106182098
1491 [ 0.  1.  0.  0.] -1 75.3436168671
1492 [ 0.  1.  0.  0.] -1 78.6910346985
1493 [ 0.  1.  0.  0.] -1 78.102829361
1494 [ 0.  1.  0.  0.] -1 88.3073348999
1495 [ 0.  1.  0.  0.] -1 86.8998168945
1496 [ 0.  1.  0.  0.] -1 87.4485427856
1497 [ 0.  1.  0.  0.] -1 85.3063751221
1498 [ 0.  1.  0.  0.] 0 86.3063751221
1499 [ 0.  0.  1.  0.] -2 71.1598209381
1500 [ 0.  0.  1.  0.] -1 72.3856155396
1501 [ 0.  0.  1.  0.] -1 77.6721721649
1502 [ 0.  0.  1.  0.] -1 100.695169067
1503 [ 0.  0.  1.  0.] -1 99.2577533722
1504 [ 0.  0.  1.  0.] -1 99.5760314941
1505 [ 0.  0.  1.  0.] -1 105.108618927
1506 [ 0.  0.  1.  0.] -1 113.668824005
1507 [ 0.  0.  1.  0.] -1 111.960364914
1508 [ 0.  0.  1.  0.] -1 114.769791031
1509 [ 0.  0.  1.  0.] -1 116.885540009
1510 [ 0.  0.  1.  0.] 0 117.885540009
1511 [ 0.  1.  0.  0.] -2 110.499164963
1512 [ 0.  1.  0.  0.] -1 109.300122833
1513 [ 0.  1.  0.  0.] -1 113.687922287
1514 [ 0.  1.  0.  0.] -1 120.108960342
1515 [ 0.  1.  0.  0.] -1 117.708128738
1516 [ 0.  1.  0.  0.] -1 115.575818253
1517 [ 0.  1.  0.  0.] -1 120.176242828
1518 [ 0.  1.  0.  0.] -1 119.778933334
1519 [ 0.  1.  0.  0.] -1 116.982778168
1520 [ 0.  1.  0.  0.] -1 116.019840622
1521 [ 0.  1.  0.  0.] -1 116.307909393
1522 [ 0.  1.  0.  0.] 0 117.307909393
1523 [ 1.  0.  0.  0.] -2 137.814266968
1524 [ 1.  0.  0.  0.] -1 149.659481812
1525 [ 1.  0.  0.  0.] -1 148.100163269
1526 [ 1.  0.  0.  0.] -1 139.790475464
1527 [ 1.  0.  0.  0.] -1 147.679145813
1528 [ 1.  0.  0.  0.] -1 153.19823761
1529 [ 1.  0.  0.  0.] -1 104.776272583
1530 [ 1.  0.  0.  0.] -1 104.370852661
1531 [ 1.  0.  0.  0.] -1 105.971259689
1532 [ 1.  0.  0.  0.] -1 103.36790657
1533 [ 1.  0.  0.  0.] -1 96.3539085388
1534 [ 1.  0.  0.  0.] 0 97.3539085388
1535 [ 0.  1.  0.  0.] -2 97.3687084198
1536 [ 0.  1.  0.  0.] -1 97.1447078705
1537 [ 0.  1.  0.  0.] -1 95.3602470398
1538 [ 0.  1.  0.  0.] -1 96.8592845917
1539 [ 0.  1.  0.  0.] -1 95.9461112976
1540 [ 0.  1.  0.  0.] -1 99.8817996979
1541 [ 0.  1.  0.  0.] -1 100.012545013
1542 [ 0.  1.  0.  0.] -1 109.695272446
1543 [ 0.  1.  0.  0.] -1 108.424863434
1544 [ 0.  1.  0.  0.] -1 110.426711273
1545 [ 0.  1.  0.  0.] -1 108.497415161
1546 [ 0.  1.  0.  0.] 0 109.497415161
1547 [ 0.  0.  1.  0.] -2 89.4439723969
1548 [ 0.  0.  1.  0.] -1 67.7105300903
1549 [ 0.  0.  1.  0.] 9 80.55092659
1550 [ 0.  0.  1.  0.] -1 71.9347366333
1551 [ 0.  0.  1.  0.] -1 70.6195137024
1552 [ 0.  0.  1.  0.] -1 70.7907894135
1553 [ 0.  0.  1.  0.] 9 86.1721271515
1554 [ 0.  0.  1.  0.] -1 76.5170341492
1555 [ 0.  0.  1.  0.] -1 75.5946052551
1556 [ 0.  0.  1.  0.] -1 76.1201377869
1557 [ 0.  0.  1.  0.] 9 87.7740779877
1558 [ 0.  0.  1.  0.] -1 74.8146923065
1559 [ 0.  0.  1.  0.] -1 75.4469940186
1560 [ 0.  0.  1.  0.] -1 76.5747711182
1561 [ 0.  0.  1.  0.] 9 90.4073070526
1562 [ 0.  0.  1.  0.] -1 85.8775188446
1563 [ 0.  0.  1.  0.] -1 87.0565677643
1564 [ 0.  0.  1.  0.] -1 88.7361076355
1565 [ 0.  0.  1.  0.] 9 101.694311905
1566 [ 0.  0.  1.  0.] -1 107.204552078
1567 [ 0.  0.  1.  0.] -1 106.566676712
1568 [ 0.  0.  1.  0.] -1 105.930461121
1569 [ 0.  0.  1.  0.] 9 121.800743866
1570 [ 0.  0.  1.  0.] 0 112.800743866
1571 [ 0.  0.  0.  1.] -2 102.168030548
1572 [ 0.  0.  0.  1.] -1 104.199518967
1573 [ 0.  0.  0.  1.] -1 108.209839249
1574 [ 0.  0.  0.  1.] -1 109.082648849
1575 [ 0.  0.  0.  1.] -1 111.735070419
1576 [ 0.  0.  0.  1.] -1 113.060186768
1577 [ 0.  0.  0.  1.] -1 117.226119995
1578 [ 0.  0.  0.  1.] -1 118.240032196
1579 [ 0.  0.  0.  1.] -1 121.508817291
1580 [ 0.  0.  0.  1.] -1 124.393650818
1581 [ 0.  0.  0.  1.] -1 132.635295105
1582 [ 0.  0.  0.  1.] -1 133.394181824
1583 [ 0.  0.  0.  1.] -1 134.691690826
1584 [ 0.  0.  0.  1.] -1 137.028378296
1585 [ 0.  0.  0.  1.] -1 137.062110138
1586 [ 0.  0.  0.  1.] -1 138.611122131
1587 [ 0.  0.  0.  1.] -1 139.674450684
1588 [ 0.  0.  0.  1.] -1 142.221516418
1589 [ 0.  0.  0.  1.] -1 160.004140472
1590 [ 0.  0.  0.  1.] -1 166.911978149
1591 [ 0.  0.  0.  1.] -1 176.048900604
1592 [ 0.  0.  0.  1.] -1 182.980757904
1593 [ 0.  0.  0.  1.] -1 187.346081543
1594 [ 0.  0.  0.  1.] 0 188.346081543
1595 [ 1.  0.  0.  0.] -2 217.168200684
1596 [ 1.  0.  0.  0.] -1 217.171958923
1597 [ 1.  0.  0.  0.] -1 108.201156235
1598 [ 1.  0.  0.  0.] -1 106.335547638
1599 [ 1.  0.  0.  0.] -1 106.198300934
1600 [ 1.  0.  0.  0.] -1 104.18302269
1601 [ 1.  0.  0.  0.] -1 98.9506298065
1602 [ 1.  0.  0.  0.] -1 96.6664028168
1603 [ 1.  0.  0.  0.] -1 96.1595046997
1604 [ 1.  0.  0.  0.] -1 96.7310108185
1605 [ 1.  0.  0.  0.] -1 106.540076828
1606 [ 1.  0.  0.  0.] 0 107.540076828
1607 [ 0.  1.  0.  0.] -2 95.1216342926
1608 [ 0.  1.  0.  0.] -1 94.3463348389
1609 [ 0.  1.  0.  0.] -1 98.3819648743
1610 [ 0.  1.  0.  0.] -1 105.962395477
1611 [ 0.  1.  0.  0.] -1 103.855844116
1612 [ 0.  1.  0.  0.] -1 101.675139236
1613 [ 0.  1.  0.  0.] -1 105.521736145
1614 [ 0.  1.  0.  0.] -1 102.715317917
1615 [ 0.  1.  0.  0.] -1 99.0921237946
1616 [ 0.  1.  0.  0.] -1 98.637896347
1617 [ 0.  1.  0.  0.] -1 97.935615921
1618 [ 0.  1.  0.  0.] 0 98.935615921
1619 [ 1.  0.  0.  0.] -2 107.049065781
1620 [ 1.  0.  0.  0.] -1 110.676982117
1621 [ 1.  0.  0.  0.] -1 109.157295227
1622 [ 1.  0.  0.  0.] -1 105.884313583
1623 [ 1.  0.  0.  0.] -1 107.463955307
1624 [ 1.  0.  0.  0.] -1 108.106831741
1625 [ 1.  0.  0.  0.] -1 82.1929782867
1626 [ 1.  0.  0.  0.] -1 81.0233154297
1627 [ 1.  0.  0.  0.] -1 81.5040920258
1628 [ 1.  0.  0.  0.] -1 79.826625061
1629 [ 1.  0.  0.  0.] -1 75.5159797668
1630 [ 1.  0.  0.  0.] 0 76.5159797668
1631 [ 0.  1.  0.  0.] -2 78.3769348145
1632 [ 0.  1.  0.  0.] -1 78.348033905
1633 [ 0.  1.  0.  0.] -1 76.1076206207
1634 [ 0.  1.  0.  0.] -1 79.0977737427
1635 [ 0.  1.  0.  0.] -1 77.9300170898
1636 [ 0.  1.  0.  0.] -1 81.2561985016
1637 [ 0.  1.  0.  0.] -1 80.2251087189
1638 [ 0.  1.  0.  0.] -1 86.670079422
1639 [ 0.  1.  0.  0.] -1 85.6594287872
1640 [ 0.  1.  0.  0.] -1 86.7021514893
1641 [ 0.  1.  0.  0.] -1 84.3466266632
1642 [ 0.  1.  0.  0.] -1 83.7193405151
1643 [ 0.  1.  0.  0.] -1 84.525056076
1644 [ 0.  1.  0.  0.] -1 84.7483501434
1645 [ 0.  1.  0.  0.] -1 85.5706054688
1646 [ 0.  1.  0.  0.] -1 94.7989097595
1647 [ 0.  1.  0.  0.] -1 98.4228431702
1648 [ 0.  1.  0.  0.] -1 102.528321457
1649 [ 0.  1.  0.  0.] -1 103.86554184
1650 [ 0.  1.  0.  0.] -1 113.283495331
1651 [ 0.  1.  0.  0.] -1 114.984039688
1652 [ 0.  1.  0.  0.] -1 117.794524002
1653 [ 0.  1.  0.  0.] -1 120.545104218
1654 [ 0.  1.  0.  0.] -1 49.3022615433
1655 [ 0.  1.  0.  0.] -1 39.4136749268
1656 [ 0.  1.  0.  0.] -1 37.7166276932
1657 [ 0.  1.  0.  0.] -1 38.0855325699
1658 [ 0.  1.  0.  0.] -1 35.8920858383
1659 [ 0.  1.  0.  0.] -1 37.096680069
1660 [ 0.  1.  0.  0.] -1 36.9721679688
1661 [ 0.  1.  0.  0.] -1 37.9356962204
1662 [ 0.  1.  0.  0.] -1 38.3977912903
1663 [ 0.  1.  0.  0.] -1 44.7812307358
1664 [ 0.  1.  0.  0.] -1 44.0224056244
1665 [ 0.  1.  0.  0.] -1 45.5247591019
1666 [ 0.  1.  0.  0.] -1 45.9556083679
1667 [ 0.  1.  0.  0.] 0 46.9556083679
1668 [ 1.  0.  0.  0.] -2 124.119631958
1669 [ 1.  0.  0.  0.] -1 131.903225708
1670 [ 1.  0.  0.  0.] -1 130.015605164
1671 [ 1.  0.  0.  0.] -1 133.96227417
1672 [ 1.  0.  0.  0.] -1 135.769529724
1673 [ 1.  0.  0.  0.] -1 139.079309082
1674 [ 1.  0.  0.  0.] -1 148.471112061
1675 [ 1.  0.  0.  0.] -1 148.885214996
1676 [ 1.  0.  0.  0.] -1 151.868112946
1677 [ 1.  0.  0.  0.] -1 158.726128387
1678 [ 1.  0.  0.  0.] -1 238.693613434
1679 [ 1.  0.  0.  0.] -1 246.655328369
1680 [ 1.  0.  0.  0.] -1 251.020579529
1681 [ 1.  0.  0.  0.] -1 265.797764587
1682 [ 1.  0.  0.  0.] -1 298.171635437
1683 [ 1.  0.  0.  0.] -1 307.973178101
1684 [ 1.  0.  0.  0.] -1 315.691348267
1685 [ 1.  0.  0.  0.] -1 327.268574524
1686 [ 1.  0.  0.  0.] -1 294.845243835
1687 [ 1.  0.  0.  0.] -1 302.067713928
1688 [ 1.  0.  0.  0.] -1 310.322868347
1689 [ 1.  0.  0.  0.] -1 321.073657227
1690 [ 1.  0.  0.  0.] -1 310.315823364
1691 [ 1.  0.  0.  0.] 0 311.315823364
1692 [ 0.  1.  0.  0.] -2 147.353144836
1693 [ 0.  1.  0.  0.] -1 144.693406677
1694 [ 0.  1.  0.  0.] -1 131.337684631
1695 [ 0.  1.  0.  0.] -1 129.719701385
1696 [ 0.  1.  0.  0.] -1 120.955104828
1697 [ 0.  1.  0.  0.] -1 119.856652832
1698 [ 0.  1.  0.  0.] -1 106.219167709
1699 [ 0.  1.  0.  0.] -1 98.0445522308
1700 [ 0.  1.  0.  0.] -1 94.8605388641
1701 [ 0.  1.  0.  0.] -1 91.8170555115
1702 [ 0.  1.  0.  0.] -1 87.9565135956
1703 [ 0.  1.  0.  0.] -1 85.7755550385
1704 [ 0.  1.  0.  0.] -1 83.9754096985
1705 [ 0.  1.  0.  0.] -1 83.523008728
1706 [ 0.  1.  0.  0.] 9 95.1306564331
1707 [ 0.  1.  0.  0.] -1 82.7579467773
1708 [ 0.  1.  0.  0.] -1 81.8951030731
1709 [ 0.  1.  0.  0.] -1 81.887978363
1710 [ 0.  1.  0.  0.] 9 92.1153385162
1711 [ 0.  1.  0.  0.] -1 71.4471759796
1712 [ 0.  1.  0.  0.] -1 67.7596492767
1713 [ 0.  1.  0.  0.] -1 67.9950908661
1714 [ 0.  1.  0.  0.] 9 77.5020435333
1715 [ 0.  1.  0.  0.] -1 49.3705623627
1716 [ 0.  1.  0.  0.] -1 49.251591301
1717 [ 0.  1.  0.  0.] -1 48.6126251221
1718 [ 0.  1.  0.  0.] 9 59.0150878906
1719 [ 0.  1.  0.  0.] -1 45.9521583557
1720 [ 0.  1.  0.  0.] -1 46.1524112701
1721 [ 0.  1.  0.  0.] -1 47.1629785538
1722 [ 0.  1.  0.  0.] 9 57.1627031326
1723 [ 0.  1.  0.  0.] -1 40.2635484695
1724 [ 0.  1.  0.  0.] -1 39.3356401443
1725 [ 0.  1.  0.  0.] -1 40.8518806458
1726 [ 0.  1.  0.  0.] 9 49.8369102478
1727 [ 0.  1.  0.  0.] 0 40.8369102478
1728 [ 1.  0.  0.  0.] -2 73.6654140472
1729 [ 1.  0.  0.  0.] -1 75.839150238
1730 [ 1.  0.  0.  0.] 9 92.5525115967
1731 [ 1.  0.  0.  0.] -1 88.8587352753
1732 [ 1.  0.  0.  0.] -1 90.2509311676
1733 [ 1.  0.  0.  0.] -1 91.0731212616
1734 [ 1.  0.  0.  0.] 9 84.5610076904
1735 [ 1.  0.  0.  0.] -1 74.2022571564
1736 [ 1.  0.  0.  0.] -1 74.1294372559
1737 [ 1.  0.  0.  0.] -1 75.9083026886
1738 [ 1.  0.  0.  0.] 9 86.5625366211
1739 [ 1.  0.  0.  0.] 0 77.5625366211
1740 [ 0.  0.  0.  1.] -2 48.2405345917
1741 [ 0.  0.  0.  1.] -1 49.4115711212
1742 [ 0.  0.  0.  1.] 9 62.5094936371
1743 [ 0.  0.  0.  1.] -1 57.0248565674
1744 [ 0.  0.  0.  1.] -1 58.7633728027
1745 [ 0.  0.  0.  1.] -1 59.5037918091
1746 [ 0.  0.  0.  1.] 9 74.9222244263
1747 [ 0.  0.  0.  1.] -1 69.7810230255
1748 [ 0.  0.  0.  1.] -1 71.7134792328
1749 [ 0.  0.  0.  1.] -1 76.9127780914
1750 [ 0.  0.  0.  1.] 9 118.280078888
1751 [ 0.  0.  0.  1.] 0 109.280078888
1752 [ 1.  0.  0.  0.] -2 148.754009247
1753 [ 1.  0.  0.  0.] -1 156.466109467
1754 [ 1.  0.  0.  0.] 9 174.341719055
1755 [ 1.  0.  0.  0.] -1 178.404969025
1756 [ 1.  0.  0.  0.] -1 178.211579895
1757 [ 1.  0.  0.  0.] -1 186.963202667
1758 [ 1.  0.  0.  0.] 9 244.849517059
1759 [ 1.  0.  0.  0.] -1 249.374749756
1760 [ 1.  0.  0.  0.] -1 252.003543091
1761 [ 1.  0.  0.  0.] -1 261.102529907
1762 [ 1.  0.  0.  0.] -1 249.044911194
1763 [ 1.  0.  0.  0.] 0 250.044911194
1764 [ 0.  1.  0.  0.] -2 88.2671485901
1765 [ 0.  1.  0.  0.] -1 87.9508239746
1766 [ 0.  1.  0.  0.] -1 84.1987327576
1767 [ 0.  1.  0.  0.] -1 85.3209796906
1768 [ 0.  1.  0.  0.] -1 85.0750793457
1769 [ 0.  1.  0.  0.] -1 86.2848594666
1770 [ 0.  1.  0.  0.] -1 84.0694805145
1771 [ 0.  1.  0.  0.] -1 73.2887649536
1772 [ 0.  1.  0.  0.] -1 71.6093193054
1773 [ 0.  1.  0.  0.] -1 71.2147857666
1774 [ 0.  1.  0.  0.] -1 68.1233211517
1775 [ 0.  1.  0.  0.] -1 67.0748508453
1776 [ 0.  1.  0.  0.] -1 66.6448749542
1777 [ 0.  1.  0.  0.] -1 67.0294136047
1778 [ 0.  1.  0.  0.] -1 64.1612068176
1779 [ 0.  1.  0.  0.] -1 62.5538780212
1780 [ 0.  1.  0.  0.] -1 62.8504341125
1781 [ 0.  1.  0.  0.] -1 63.8310855865
1782 [ 0.  1.  0.  0.] -1 62.5516456604
1783 [ 0.  1.  0.  0.] -1 67.7531551361
1784 [ 0.  1.  0.  0.] -1 67.0569774628
1785 [ 0.  1.  0.  0.] -1 68.0393539429
1786 [ 0.  1.  0.  0.] -1 68.4643070221
1787 [ 0.  1.  0.  0.] -1 67.1271156311
1788 [ 0.  1.  0.  0.] -1 68.7899055481
1789 [ 0.  1.  0.  0.] -1 70.3898414612
1790 [ 0.  1.  0.  0.] -1 68.3630825043
1791 [ 0.  1.  0.  0.] -1 72.1686561584
1792 [ 0.  1.  0.  0.] -1 73.5303020477
1793 [ 0.  1.  0.  0.] -1 76.1594432831
1794 [ 0.  1.  0.  0.] -1 77.7407012939
1795 [ 0.  1.  0.  0.] -1 83.2874004364
1796 [ 0.  1.  0.  0.] -1 84.5204246521
1797 [ 0.  1.  0.  0.] -1 84.9381950378
1798 [ 0.  1.  0.  0.] -1 84.2769088745
1799 [ 0.  1.  0.  0.] -1 83.007724762
1800 [ 0.  1.  0.  0.] -1 83.49659729
1801 [ 0.  1.  0.  0.] -1 84.2141056061
1802 [ 0.  1.  0.  0.] -1 83.4249080658
1803 [ 0.  1.  0.  0.] -1 86.9011577606
1804 [ 0.  1.  0.  0.] -1 87.4166156769
1805 [ 0.  1.  0.  0.] -1 88.548009491
1806 [ 0.  1.  0.  0.] -1 88.7498569489
1807 [ 0.  1.  0.  0.] -1 91.3194709778
1808 [ 0.  1.  0.  0.] -1 92.128527832
1809 [ 0.  1.  0.  0.] -1 93.7422637939
1810 [ 0.  1.  0.  0.] -1 95.3932685852
1811 [ 0.  1.  0.  0.] 0 96.3932685852
1812 [ 0.  0.  1.  0.] -2 79.1976390839
1813 [ 0.  0.  1.  0.] -1 78.7770530701
1814 [ 0.  0.  1.  0.] 9 90.9733337402
1815 [ 0.  0.  1.  0.] -1 65.7045146942
1816 [ 0.  0.  1.  0.] -1 64.6310245514
1817 [ 0.  0.  1.  0.] -1 63.1039592743
1818 [ 0.  0.  1.  0.] 9 75.9961856842
1819 [ 0.  0.  1.  0.] -1 55.117474556
1820 [ 0.  0.  1.  0.] -1 54.959487915
1821 [ 0.  0.  1.  0.] -1 53.9512508392
1822 [ 0.  0.  1.  0.] 9 64.6760324478
1823 [ 0.  0.  1.  0.] -1 48.8266237259
1824 [ 0.  0.  1.  0.] -1 48.0918725967
1825 [ 0.  0.  1.  0.] -1 47.214232254
1826 [ 0.  0.  1.  0.] 9 58.6069898605
1827 [ 0.  0.  1.  0.] -1 50.3780529022
1828 [ 0.  0.  1.  0.] -1 49.81497612
1829 [ 0.  0.  1.  0.] -1 48.9301530838
1830 [ 0.  0.  1.  0.] 9 59.9757785797
1831 [ 0.  0.  1.  0.] -1 36.1037433624
1832 [ 0.  0.  1.  0.] -1 35.9132135391
1833 [ 0.  0.  1.  0.] -1 35.5802293777
1834 [ 0.  0.  1.  0.] 9 47.9193992615
1835 [ 0.  0.  1.  0.] 0 38.9193992615
1836 [ 0.  0.  0.  1.] -2 37.0554899216
1837 [ 0.  0.  0.  1.] -1 38.5198173523
1838 [ 0.  0.  0.  1.] 9 46.9805538177
1839 [ 0.  0.  0.  1.] -1 36.9405452728
1840 [ 0.  0.  0.  1.] -1 37.4241956711
1841 [ 0.  0.  0.  1.] -1 38.5083402634
1842 [ 0.  0.  0.  1.] 9 50.1446100235
1843 [ 0.  0.  0.  1.] -1 40.8736860275
1844 [ 0.  0.  0.  1.] -1 42.2680671692
1845 [ 0.  0.  0.  1.] -1 42.437244606
1846 [ 0.  0.  0.  1.] -1 36.9652172089
1847 [ 0.  0.  0.  1.] -1 36.9285644531
1848 [ 0.  0.  0.  1.] -1 36.864286232
1849 [ 0.  0.  0.  1.] -1 38.094969368
1850 [ 0.  0.  0.  1.] -1 29.0532484055
1851 [ 0.  0.  0.  1.] -1 29.1917689323
1852 [ 0.  0.  0.  1.] -1 28.7554112434
1853 [ 0.  0.  0.  1.] -1 29.2914568901
1854 [ 0.  0.  0.  1.] -1 31.2325363159
1855 [ 0.  0.  0.  1.] -1 30.8704662323
1856 [ 0.  0.  0.  1.] -1 32.1571033478
1857 [ 0.  0.  0.  1.] -1 31.8409597397
1858 [ 0.  0.  0.  1.] -1 28.7086548805
1859 [ 0.  0.  0.  1.] -1 27.8439665794
1860 [ 0.  0.  0.  1.] -1 27.2942386627
1861 [ 0.  0.  0.  1.] -1 28.170762825
1862 [ 0.  0.  0.  1.] -1 22.2167484283
1863 [ 0.  0.  0.  1.] -1 21.9401132584
1864 [ 0.  0.  0.  1.] -1 22.3476912498
1865 [ 0.  0.  0.  1.] -1 24.3864455223
1866 [ 0.  0.  0.  1.] -1 23.1729834557
1867 [ 0.  0.  0.  1.] -1 24.1473890305
1868 [ 0.  0.  0.  1.] -1 25.0981283188
1869 [ 0.  0.  0.  1.] -1 27.6843056679
1870 [ 0.  0.  0.  1.] -1 27.0882997513
1871 [ 0.  0.  0.  1.] -1 27.9703812599
1872 [ 0.  0.  0.  1.] -1 28.5370548248
1873 [ 0.  0.  0.  1.] -1 28.7449416161
1874 [ 0.  0.  0.  1.] -1 31.720633316
1875 [ 0.  0.  0.  1.] -1 33.3499523163
1876 [ 0.  0.  0.  1.] -1 34.5764678955
1877 [ 0.  0.  0.  1.] -1 35.6568761826
1878 [ 0.  0.  0.  1.] -1 37.9998657227
1879 [ 0.  0.  0.  1.] -1 40.4975078583
1880 [ 0.  0.  0.  1.] -1 42.8874893188
1881 [ 0.  0.  0.  1.] -1 45.3974927902
1882 [ 0.  0.  0.  1.] -1 53.3813392639
1883 [ 0.  0.  0.  1.] 0 54.3813392639
1884 [ 0.  0.  1.  0.] -2 42.7652311325
1885 [ 0.  0.  1.  0.] -1 43.5775497437
1886 [ 0.  0.  1.  0.] 9 54.8366954803
1887 [ 0.  0.  1.  0.] -1 41.160975647
1888 [ 0.  0.  1.  0.] -1 41.0779941559
1889 [ 0.  0.  1.  0.] -1 41.3590360641
1890 [ 0.  0.  1.  0.] 9 51.1794940948
1891 [ 0.  0.  1.  0.] -1 40.5120399475
1892 [ 0.  0.  1.  0.] -1 40.5643482208
1893 [ 0.  0.  1.  0.] -1 40.8278356552
1894 [ 0.  0.  1.  0.] -1 39.9267772675
1895 [ 0.  0.  1.  0.] 0 40.9267772675
1896 [ 0.  1.  0.  0.] -2 40.3341720581
1897 [ 0.  1.  0.  0.] -1 41.2467330933
1898 [ 0.  1.  0.  0.] -1 39.9946178436
1899 [ 0.  1.  0.  0.] -1 44.2366687775
1900 [ 0.  1.  0.  0.] -1 44.1591739655
1901 [ 0.  1.  0.  0.] -1 44.9714271545
1902 [ 0.  1.  0.  0.] -1 44.5552042007
1903 [ 0.  1.  0.  0.] -1 49.5466724396
1904 [ 0.  1.  0.  0.] -1 48.537163353
1905 [ 0.  1.  0.  0.] -1 47.6938419342
1906 [ 0.  1.  0.  0.] -1 44.7850395203
1907 [ 0.  1.  0.  0.] 0 45.7850395203
1908 [ 0.  0.  1.  0.] -2 33.7275400162
1909 [ 0.  0.  1.  0.] -1 34.3501731873
1910 [ 0.  0.  1.  0.] -1 38.2161437988
1911 [ 0.  0.  1.  0.] -1 40.7307678223
1912 [ 0.  0.  1.  0.] -1 40.2367673874
1913 [ 0.  0.  1.  0.] -1 40.3579853058
1914 [ 0.  0.  1.  0.] -1 43.0098995209
1915 [ 0.  0.  1.  0.] -1 40.7842538834
1916 [ 0.  0.  1.  0.] -1 41.1673574448
1917 [ 0.  0.  1.  0.] -1 41.8684238434
1918 [ 0.  0.  1.  0.] -1 44.6010219574
1919 [ 0.  0.  1.  0.] 0 45.6010219574
1920 [ 0.  0.  0.  1.] -2 41.7851739883
1921 [ 0.  0.  0.  1.] -1 43.7148399353
1922 [ 0.  0.  0.  1.] -1 38.2043912888
1923 [ 0.  0.  0.  1.] -1 38.0624624252
1924 [ 0.  0.  0.  1.] -1 37.7168994904
1925 [ 0.  0.  0.  1.] -1 37.6389734268
1926 [ 0.  0.  0.  1.] -1 37.9993692398
1927 [ 0.  0.  0.  1.] -1 38.0320320129
1928 [ 0.  0.  0.  1.] -1 37.9320034027
1929 [ 0.  0.  0.  1.] -1 38.0502569199
1930 [ 0.  0.  0.  1.] -1 37.4166433334
1931 [ 0.  0.  0.  1.] 0 38.4166433334
1932 [ 0.  0.  1.  0.] -2 35.3968132019
1933 [ 0.  0.  1.  0.] -1 36.1155683517
1934 [ 0.  0.  1.  0.] -1 39.0627485275
1935 [ 0.  0.  1.  0.] -1 45.0503896713
1936 [ 0.  0.  1.  0.] -1 43.2077243805
1937 [ 0.  0.  1.  0.] -1 42.3457794189
1938 [ 0.  0.  1.  0.] -1 50.3848369598
1939 [ 0.  0.  1.  0.] -1 55.0183301926
1940 [ 0.  0.  1.  0.] -1 53.9529251099
1941 [ 0.  0.  1.  0.] -1 52.8906366348
1942 [ 0.  0.  1.  0.] -1 57.1977811813
1943 [ 0.  0.  1.  0.] -1 56.027665329
1944 [ 0.  0.  1.  0.] -1 55.4663352966
1945 [ 0.  0.  1.  0.] -1 55.3446353912
1946 [ 0.  0.  1.  0.] -1 62.1171253204
1947 [ 0.  0.  1.  0.] -1 63.6870040894
1948 [ 0.  0.  1.  0.] -1 63.1538902283
1949 [ 0.  0.  1.  0.] -1 62.6151664734
1950 [ 0.  0.  1.  0.] -1 68.3972709656
1951 [ 0.  0.  1.  0.] -1 72.0521602631
1952 [ 0.  0.  1.  0.] -1 71.2877071381
1953 [ 0.  0.  1.  0.] -1 70.5797225952
1954 [ 0.  0.  1.  0.] -1 76.0043304443
1955 [ 0.  0.  1.  0.] 0 77.0043304443
1956 [ 0.  0.  0.  1.] -2 68.2536422729
1957 [ 0.  0.  0.  1.] -1 68.4779258728
1958 [ 0.  0.  0.  1.] -1 63.4337543488
1959 [ 0.  0.  0.  1.] -1 62.0378257751
1960 [ 0.  0.  0.  1.] -1 61.3838382721
1961 [ 0.  0.  0.  1.] -1 61.375843811
1962 [ 0.  0.  0.  1.] -1 56.9149997711
1963 [ 0.  0.  0.  1.] -1 55.7712844849
1964 [ 0.  0.  0.  1.] -1 54.8035017014
1965 [ 0.  0.  0.  1.] -1 54.1075595856
1966 [ 0.  0.  0.  1.] -1 45.5261760712
1967 [ 0.  0.  0.  1.] -1 43.6613466263
1968 [ 0.  0.  0.  1.] -1 43.5405164719
1969 [ 0.  0.  0.  1.] -1 43.2037851334
1970 [ 0.  0.  0.  1.] -1 39.1280124664
1971 [ 0.  0.  0.  1.] -1 38.7739875793
1972 [ 0.  0.  0.  1.] -1 38.7548530579
1973 [ 0.  0.  0.  1.] -1 38.3235580444
1974 [ 0.  0.  0.  1.] -1 38.9030513763
1975 [ 0.  0.  0.  1.] -1 38.3747247696
1976 [ 0.  0.  0.  1.] -1 39.1195650101
1977 [ 0.  0.  0.  1.] -1 39.1002456665
1978 [ 0.  0.  0.  1.] -1 41.9801651001
1979 [ 0.  0.  0.  1.] 0 42.9801651001
1980 [ 0.  0.  1.  0.] -2 48.4733343124
1981 [ 0.  0.  1.  0.] -1 50.4690288544
1982 [ 0.  0.  1.  0.] -1 48.3955244064
1983 [ 0.  0.  1.  0.] -1 59.2285627365
1984 [ 0.  0.  1.  0.] -1 60.6599952698
1985 [ 0.  0.  1.  0.] -1 61.4448875427
1986 [ 0.  0.  1.  0.] -1 59.3293922424
1987 [ 0.  0.  1.  0.] -1 63.3156349182
1988 [ 0.  0.  1.  0.] -1 64.3563354492
1989 [ 0.  0.  1.  0.] -1 64.874438858
1990 [ 0.  0.  1.  0.] -1 64.3868492126
1991 [ 0.  0.  1.  0.] 0 65.3868492126
1992 [ 0.  0.  0.  1.] -2 61.7054611206
1993 [ 0.  0.  0.  1.] -1 63.7572509766
1994 [ 0.  0.  0.  1.] -1 69.9341064453
1995 [ 0.  0.  0.  1.] -1 72.0453327179
1996 [ 0.  0.  0.  1.] -1 73.8747234344
1997 [ 0.  0.  0.  1.] -1 74.1298286438
1998 [ 0.  0.  0.  1.] -1 91.2963066101
1999 [ 0.  0.  0.  1.] -1 95.7470760345
2000 [ 0.  0.  0.  1.] -1 96.5774925232
2001 [ 0.  0.  0.  1.] -1 99.2901515961
2002 [ 0.  0.  0.  1.] -1 105.401717758
2003 [ 0.  0.  0.  1.] -1 119.483007812
2004 [ 0.  0.  0.  1.] -1 116.204553986
2005 [ 0.  0.  0.  1.] -1 115.70907135
2006 [ 0.  0.  0.  1.] -1 114.180686951
2007 [ 0.  0.  0.  1.] -1 107.640065384
2008 [ 0.  0.  0.  1.] -1 106.517202377
2009 [ 0.  0.  0.  1.] -1 107.657242966
2010 [ 0.  0.  0.  1.] -1 106.458718872
2011 [ 0.  0.  0.  1.] -1 103.117063141
2012 [ 0.  0.  0.  1.] -1 103.145540237
2013 [ 0.  0.  0.  1.] -1 104.214920807
2014 [ 0.  0.  0.  1.] -1 104.682883072
2015 [ 0.  0.  0.  1.] -1 100.117321014
2016 [ 0.  0.  0.  1.] 0 101.117321014
2017 [ 0.  0.  1.  0.] -2 126.060669708
2018 [ 0.  0.  1.  0.] -1 127.275309753
2019 [ 0.  0.  1.  0.] -1 129.615983582
2020 [ 0.  0.  1.  0.] -1 134.533294678
2021 [ 0.  0.  1.  0.] -1 134.137050629
2022 [ 0.  0.  1.  0.] -1 134.751413727
2023 [ 0.  0.  1.  0.] -1 135.308518219
2024 [ 0.  0.  1.  0.] -1 138.006021881
2025 [ 0.  0.  1.  0.] -1 138.224648285
2026 [ 0.  0.  1.  0.] -1 138.950513458
2027 [ 0.  0.  1.  0.] -1 140.058634186
2028 [ 0.  0.  1.  0.] -1 147.21306076
2029 [ 0.  0.  1.  0.] -1 147.814160156
2030 [ 0.  0.  1.  0.] -1 148.376425171
2031 [ 0.  0.  1.  0.] -1 149.113829041
2032 [ 0.  0.  1.  0.] 0 150.113829041
2033 [ 0.  1.  0.  0.] -2 158.518370056
2034 [ 0.  1.  0.  0.] -1 159.360727692
2035 [ 0.  1.  0.  0.] -1 161.945033264
2036 [ 0.  1.  0.  0.] -1 183.28746109
2037 [ 0.  1.  0.  0.] -1 187.178379059
2038 [ 0.  1.  0.  0.] -1 187.189874268
2039 [ 0.  1.  0.  0.] -1 186.818606567
2040 [ 0.  1.  0.  0.] 0 187.818606567
2041 [ 0.  0.  1.  0.] -2 166.827680969
2042 [ 0.  0.  1.  0.] -1 168.403673553
2043 [ 0.  0.  1.  0.] -1 177.23589325
2044 [ 0.  0.  1.  0.] -1 184.824745941
2045 [ 0.  0.  1.  0.] -1 183.019722748
2046 [ 0.  0.  1.  0.] -1 184.806945038
2047 [ 0.  0.  1.  0.] -1 188.545033264
2048 [ 0.  0.  1.  0.] -1 197.226075745
2049 [ 0.  0.  1.  0.] -1 196.174807739
2050 [ 0.  0.  1.  0.] -1 198.564897919
2051 [ 0.  0.  1.  0.] -1 207.574474335
2052 [ 0.  0.  1.  0.] 0 208.574474335
2053 [ 0.  0.  0.  1.] -2 190.259801483
2054 [ 0.  0.  0.  1.] -1 190.943647003
2055 [ 0.  0.  0.  1.] -1 180.0822258
2056 [ 0.  0.  0.  1.] -1 179.580712891
2057 [ 0.  0.  0.  1.] -1 178.954956055
2058 [ 0.  0.  0.  1.] -1 180.585318756
2059 [ 0.  0.  0.  1.] -1 167.714265442
2060 [ 0.  0.  0.  1.] -1 167.709235382
2061 [ 0.  0.  0.  1.] -1 168.040175629
2062 [ 0.  0.  0.  1.] -1 169.875132751
2063 [ 0.  0.  0.  1.] -1 147.903643036
2064 [ 0.  0.  0.  1.] -1 146.67491684
2065 [ 0.  0.  0.  1.] -1 146.534249115
2066 [ 0.  0.  0.  1.] -1 148.030713654
2067 [ 0.  0.  0.  1.] -1 147.720676422
2068 [ 0.  0.  0.  1.] -1 145.86217804
2069 [ 0.  0.  0.  1.] -1 148.587412262
2070 [ 0.  0.  0.  1.] -1 148.518556976
2071 [ 0.  0.  0.  1.] -1 140.867488098
2072 [ 0.  0.  0.  1.] 0 141.867488098
2073 [ 1.  0.  0.  0.] -2 142.6668396
2074 [ 1.  0.  0.  0.] -1 145.474240112
2075 [ 1.  0.  0.  0.] -1 159.041094208
2076 [ 1.  0.  0.  0.] -1 160.872992706
2077 [ 1.  0.  0.  0.] -1 164.16794281
2078 [ 1.  0.  0.  0.] -1 164.994133759
2079 [ 1.  0.  0.  0.] -1 170.836555481
2080 [ 1.  0.  0.  0.] -1 167.414969635
2081 [ 1.  0.  0.  0.] -1 169.245085144
2082 [ 1.  0.  0.  0.] -1 169.975241089
2083 [ 1.  0.  0.  0.] -1 176.873540497
2084 [ 1.  0.  0.  0.] -1 178.343506622
2085 [ 1.  0.  0.  0.] -1 181.151932526
2086 [ 1.  0.  0.  0.] -1 180.259727478
2087 [ 1.  0.  0.  0.] 9 181.880445099
2088 [ 1.  0.  0.  0.] -1 174.761930084
2089 [ 1.  0.  0.  0.] -1 173.997418976
2090 [ 1.  0.  0.  0.] -1 175.90201416
2091 [ 1.  0.  0.  0.] 9 185.649612427
2092 [ 1.  0.  0.  0.] -1 176.842446899
2093 [ 1.  0.  0.  0.] -1 177.792519379
2094 [ 1.  0.  0.  0.] -1 178.93995285
2095 [ 1.  0.  0.  0.] 9 161.323967743
2096 [ 1.  0.  0.  0.] -1 151.500454712
2097 [ 1.  0.  0.  0.] -1 152.344345093
2098 [ 1.  0.  0.  0.] -1 153.925784302
2099 [ 1.  0.  0.  0.] 9 134.566789246
2100 [ 1.  0.  0.  0.] 0 125.566789246
2101 [ 0.  0.  0.  1.] -2 121.396079254
2102 [ 0.  0.  0.  1.] -1 124.197290039
2103 [ 0.  0.  0.  1.] 9 133.113957214
2104 [ 0.  0.  0.  1.] -1 124.538348389
2105 [ 0.  0.  0.  1.] -1 126.09099884
2106 [ 0.  0.  0.  1.] -1 126.896431732
2107 [ 0.  0.  0.  1.] 9 143.045556641
2108 [ 0.  0.  0.  1.] -1 137.486664581
2109 [ 0.  0.  0.  1.] -1 141.00589447
2110 [ 0.  0.  0.  1.] -1 144.151986694
2111 [ 0.  0.  0.  1.] -1 151.516095734
2112 [ 0.  0.  0.  1.] -1 156.16024704
2113 [ 0.  0.  0.  1.] -1 160.787713623
2114 [ 0.  0.  0.  1.] -1 164.292157745
2115 [ 0.  0.  0.  1.] -1 172.365722656
2116 [ 0.  0.  0.  1.] -1 177.249997711
2117 [ 0.  0.  0.  1.] -1 180.25797348
2118 [ 0.  0.  0.  1.] -1 184.185913849
2119 [ 0.  0.  0.  1.] -1 187.068877411
2120 [ 0.  0.  0.  1.] -1 193.508745575
2121 [ 0.  0.  0.  1.] -1 197.395010376
2122 [ 0.  0.  0.  1.] -1 199.6875
2123 [ 0.  0.  0.  1.] -1 184.162488556
2124 [ 0.  0.  0.  1.] 0 185.162488556
2125 [ 0.  0.  1.  0.] -2 157.47569809
2126 [ 0.  0.  1.  0.] -1 157.539904022
2127 [ 0.  0.  1.  0.] -1 158.740638733
2128 [ 0.  0.  1.  0.] -1 151.892523956
2129 [ 0.  0.  1.  0.] -1 149.972751617
2130 [ 0.  0.  1.  0.] -1 149.10265274
2131 [ 0.  0.  1.  0.] -1 153.468976593
2132 [ 0.  0.  1.  0.] -1 143.149772644
2133 [ 0.  0.  1.  0.] -1 141.211750031
2134 [ 0.  0.  1.  0.] -1 139.563426971
2135 [ 0.  0.  1.  0.] -1 146.089733887
2136 [ 0.  0.  1.  0.] -1 136.009392548
2137 [ 0.  0.  1.  0.] -1 135.764369202
2138 [ 0.  0.  1.  0.] -1 135.486686707
2139 [ 0.  0.  1.  0.] -1 136.979135895
2140 [ 0.  0.  1.  0.] 0 137.979135895
2141 [ 0.  1.  0.  0.] -2 141.527190399
2142 [ 0.  1.  0.  0.] -1 140.712483978
2143 [ 0.  1.  0.  0.] 9 153.708558655
2144 [ 0.  1.  0.  0.] -1 150.780460358
2145 [ 0.  1.  0.  0.] -1 151.595967865
2146 [ 0.  1.  0.  0.] -1 150.646808624
2147 [ 0.  1.  0.  0.] 9 164.729521179
2148 [ 0.  1.  0.  0.] -1 153.906272888
2149 [ 0.  1.  0.  0.] -1 151.868359375
2150 [ 0.  1.  0.  0.] -1 151.366266632
2151 [ 0.  1.  0.  0.] -1 148.824028015
2152 [ 0.  1.  0.  0.] 0 149.824028015
2153 [ 0.  0.  1.  0.] -2 127.436369324
2154 [ 0.  0.  1.  0.] -1 128.272232819
2155 [ 0.  0.  1.  0.] -1 129.169120026
2156 [ 0.  0.  1.  0.] -1 127.569807434
2157 [ 0.  0.  1.  0.] -1 127.322754669
2158 [ 0.  0.  1.  0.] -1 127.315492249
2159 [ 0.  0.  1.  0.] -1 128.142219543
2160 [ 0.  0.  1.  0.] -1 135.9522789
2161 [ 0.  0.  1.  0.] -1 134.307608795
2162 [ 0.  0.  1.  0.] -1 136.494017792
2163 [ 0.  0.  1.  0.] -1 144.193357849
2164 [ 0.  0.  1.  0.] 0 145.193357849
2165 [ 0.  0.  0.  1.] -2 140.181250763
2166 [ 0.  0.  0.  1.] -1 144.399358368
2167 [ 0.  0.  0.  1.] -1 140.959783173
2168 [ 0.  0.  0.  1.] -1 141.794889069
2169 [ 0.  0.  0.  1.] -1 141.432536316
2170 [ 0.  0.  0.  1.] -1 143.108531952
2171 [ 0.  0.  0.  1.] -1 141.229391479
2172 [ 0.  0.  0.  1.] -1 140.438802338
2173 [ 0.  0.  0.  1.] -1 142.755775452
2174 [ 0.  0.  0.  1.] -1 145.693402863
2175 [ 0.  0.  0.  1.] -1 141.554431915
2176 [ 0.  0.  0.  1.] -1 140.380427551
2177 [ 0.  0.  0.  1.] -1 140.102310181
2178 [ 0.  0.  0.  1.] -1 142.362590027
2179 [ 0.  0.  0.  1.] -1 135.640748596
2180 [ 0.  0.  0.  1.] -1 133.789628601
2181 [ 0.  0.  0.  1.] -1 136.0186409
2182 [ 0.  0.  0.  1.] -1 137.507611084
2183 [ 0.  0.  0.  1.] -1 129.374772644
2184 [ 0.  0.  0.  1.] -1 128.811623383
2185 [ 0.  0.  0.  1.] -1 128.297904968
2186 [ 0.  0.  0.  1.] -1 129.478751373
2187 [ 0.  0.  0.  1.] -1 124.299558258
2188 [ 0.  0.  0.  1.] -1 124.02950058
2189 [ 0.  0.  0.  1.] -1 124.493237305
2190 [ 0.  0.  0.  1.] -1 125.060474396
2191 [ 0.  0.  0.  1.] -1 117.395424271
2192 [ 0.  0.  0.  1.] -1 116.403741455
2193 [ 0.  0.  0.  1.] -1 116.413605881
2194 [ 0.  0.  0.  1.] -1 116.224181366
2195 [ 0.  0.  0.  1.] -1 117.307456207
2196 [ 0.  0.  0.  1.] -1 116.065995407
2197 [ 0.  0.  0.  1.] -1 117.549160004
2198 [ 0.  0.  0.  1.] -1 117.070463562
2199 [ 0.  0.  0.  1.] -1 109.464730453
2200 [ 0.  0.  0.  1.] 0 110.464730453
2201 [ 1.  0.  0.  0.] -2 114.150299835
2202 [ 1.  0.  0.  0.] -1 115.538346481
2203 [ 1.  0.  0.  0.] -1 119.315109634
2204 [ 1.  0.  0.  0.] -1 119.276094055
2205 [ 1.  0.  0.  0.] -1 121.22266922
2206 [ 1.  0.  0.  0.] -1 120.652677917
2207 [ 1.  0.  0.  0.] -1 115.066049957
2208 [ 1.  0.  0.  0.] -1 113.964155197
2209 [ 1.  0.  0.  0.] -1 113.710869217
2210 [ 1.  0.  0.  0.] -1 113.612348175
2211 [ 1.  0.  0.  0.] -1 115.042363739
2212 [ 1.  0.  0.  0.] 0 116.042363739
2213 [ 0.  0.  0.  1.] -2 86.533908844
2214 [ 0.  0.  0.  1.] -1 86.9523353577
2215 [ 0.  0.  0.  1.] 9 90.6193088531
2216 [ 0.  0.  0.  1.] -1 80.4731399536
2217 [ 0.  0.  0.  1.] -1 82.5214179993
2218 [ 0.  0.  0.  1.] -1 84.1239704132
2219 [ 0.  0.  0.  1.] 9 94.7279037476
2220 [ 0.  0.  0.  1.] -1 85.251733017
2221 [ 0.  0.  0.  1.] -1 86.0431991577
2222 [ 0.  0.  0.  1.] -1 87.9527374268
2223 [ 0.  0.  0.  1.] -1 84.1857227325
2224 [ 0.  0.  0.  1.] -1 83.3355049133
2225 [ 0.  0.  0.  1.] -1 83.6325176239
2226 [ 0.  0.  0.  1.] -1 83.6385261536
2227 [ 0.  0.  0.  1.] -1 82.4507724762
2228 [ 0.  0.  0.  1.] -1 82.3830551147
2229 [ 0.  0.  0.  1.] -1 83.062569809
2230 [ 0.  0.  0.  1.] -1 84.0685600281
2231 [ 0.  0.  0.  1.] -1 81.872946167
2232 [ 0.  0.  0.  1.] -1 82.6998184204
2233 [ 0.  0.  0.  1.] -1 83.6229431152
2234 [ 0.  0.  0.  1.] -1 83.9810703278
2235 [ 0.  0.  0.  1.] -1 89.4779037476
2236 [ 0.  0.  0.  1.] -1 93.1524494171
2237 [ 0.  0.  0.  1.] -1 95.4079238892
2238 [ 0.  0.  0.  1.] -1 97.1292552948
2239 [ 0.  0.  0.  1.] -1 100.94746933
2240 [ 0.  0.  0.  1.] -1 103.941572571
2241 [ 0.  0.  0.  1.] -1 105.519192123
2242 [ 0.  0.  0.  1.] -1 106.613578033
2243 [ 0.  0.  0.  1.] -1 130.043002319
2244 [ 0.  0.  0.  1.] 0 131.043002319
2245 [ 0.  0.  1.  0.] -2 132.341619873
2246 [ 0.  0.  1.  0.] -1 133.33405304
2247 [ 0.  0.  1.  0.] -1 127.106404114
2248 [ 0.  0.  1.  0.] -1 136.238195038
2249 [ 0.  0.  1.  0.] -1 135.5551651
2250 [ 0.  0.  1.  0.] -1 138.481616211
2251 [ 0.  0.  1.  0.] -1 136.847542572
2252 [ 0.  0.  1.  0.] -1 152.795948792
2253 [ 0.  0.  1.  0.] -1 153.922421265
2254 [ 0.  0.  1.  0.] -1 158.968817902
2255 [ 0.  0.  1.  0.] -1 161.316145325
2256 [ 0.  0.  1.  0.] 0 162.316145325
2257 [ 0.  1.  0.  0.] -2 141.647433472
2258 [ 0.  1.  0.  0.] -1 142.187929535
2259 [ 0.  1.  0.  0.] -1 138.307666016
2260 [ 0.  1.  0.  0.] -1 135.505995178
2261 [ 0.  1.  0.  0.] -1 128.280480957
2262 [ 0.  1.  0.  0.] -1 129.118384552
2263 [ 0.  1.  0.  0.] -1 128.634614563
2264 [ 0.  1.  0.  0.] -1 123.62889328
2265 [ 0.  1.  0.  0.] -1 122.189353943
2266 [ 0.  1.  0.  0.] -1 121.691160583
2267 [ 0.  1.  0.  0.] -1 121.871619415
2268 [ 0.  1.  0.  0.] -1 123.627037811
2269 [ 0.  1.  0.  0.] -1 121.523530579
2270 [ 0.  1.  0.  0.] -1 124.547785187
2271 [ 0.  1.  0.  0.] -1 120.578118515
2272 [ 0.  1.  0.  0.] -1 115.539542389
2273 [ 0.  1.  0.  0.] -1 114.713858795
2274 [ 0.  1.  0.  0.] -1 115.252256393
2275 [ 0.  1.  0.  0.] -1 114.40414772
2276 [ 0.  1.  0.  0.] 0 115.40414772
2277 [ 1.  0.  0.  0.] -2 96.1161148071
2278 [ 1.  0.  0.  0.] -1 98.6989311218
2279 [ 1.  0.  0.  0.] -1 109.547465515
2280 [ 1.  0.  0.  0.] -1 110.751693726
2281 [ 1.  0.  0.  0.] -1 112.074164581
2282 [ 1.  0.  0.  0.] -1 112.345207977
2283 [ 1.  0.  0.  0.] -1 116.124471664
2284 [ 1.  0.  0.  0.] -1 114.914307404
2285 [ 1.  0.  0.  0.] -1 113.400846481
2286 [ 1.  0.  0.  0.] -1 115.431106186
2287 [ 1.  0.  0.  0.] -1 128.023353577
2288 [ 1.  0.  0.  0.] 0 129.023353577
2289 [ 0.  0.  0.  1.] -2 82.6325176239
2290 [ 0.  0.  0.  1.] -1 83.6385261536
2291 [ 0.  0.  0.  1.] -1 82.4507724762
2292 [ 0.  0.  0.  1.] -1 82.3830551147
2293 [ 0.  0.  0.  1.] -1 83.062569809
2294 [ 0.  0.  0.  1.] -1 84.0685600281
2295 [ 0.  0.  0.  1.] -1 81.872946167
2296 [ 0.  0.  0.  1.] -1 82.6998184204
2297 [ 0.  0.  0.  1.] -1 83.6229431152
2298 [ 0.  0.  0.  1.] -1 83.9810703278
2299 [ 0.  0.  0.  1.] -1 89.4779037476
2300 [ 0.  0.  0.  1.] -1 93.1524494171
2301 [ 0.  0.  0.  1.] -1 95.4079238892
2302 [ 0.  0.  0.  1.] -1 97.1292552948
2303 [ 0.  0.  0.  1.] -1 100.94746933
2304 [ 0.  0.  0.  1.] -1 103.941572571
2305 [ 0.  0.  0.  1.] -1 105.519192123
2306 [ 0.  0.  0.  1.] -1 106.613578033
2307 [ 0.  0.  0.  1.] -1 130.043002319
2308 [ 0.  0.  0.  1.] 0 131.043002319
2309 [ 0.  0.  1.  0.] -2 132.341619873
2310 [ 0.  0.  1.  0.] -1 133.33405304
2311 [ 0.  0.  1.  0.] -1 127.106404114
2312 [ 0.  0.  1.  0.] -1 136.238195038
2313 [ 0.  0.  1.  0.] -1 135.5551651
2314 [ 0.  0.  1.  0.] -1 138.481616211
2315 [ 0.  0.  1.  0.] -1 136.847542572
2316 [ 0.  0.  1.  0.] -1 152.795948792
2317 [ 0.  0.  1.  0.] -1 153.922421265
2318 [ 0.  0.  1.  0.] -1 158.968817902
2319 [ 0.  0.  1.  0.] -1 161.316145325
2320 [ 0.  0.  1.  0.] 0 162.316145325
2321 [ 0.  1.  0.  0.] -2 141.647433472
2322 [ 0.  1.  0.  0.] -1 142.187929535
2323 [ 0.  1.  0.  0.] -1 138.307666016
2324 [ 0.  1.  0.  0.] -1 135.505995178
2325 [ 0.  1.  0.  0.] -1 128.280480957
2326 [ 0.  1.  0.  0.] -1 129.118384552
2327 [ 0.  1.  0.  0.] -1 128.634614563
2328 [ 0.  1.  0.  0.] -1 123.62889328
2329 [ 0.  1.  0.  0.] -1 122.189353943
2330 [ 0.  1.  0.  0.] -1 121.691160583
2331 [ 0.  1.  0.  0.] -1 121.871619415
2332 [ 0.  1.  0.  0.] -1 123.627037811
2333 [ 0.  1.  0.  0.] -1 121.523530579
2334 [ 0.  1.  0.  0.] -1 124.547785187
2335 [ 0.  1.  0.  0.] -1 120.578118515
2336 [ 0.  1.  0.  0.] -1 115.539542389
2337 [ 0.  1.  0.  0.] -1 114.713858795
2338 [ 0.  1.  0.  0.] -1 115.252256393
2339 [ 0.  1.  0.  0.] -1 114.40414772
2340 [ 0.  1.  0.  0.] 0 115.40414772
2341 [ 1.  0.  0.  0.] -2 96.1161148071
2342 [ 1.  0.  0.  0.] -1 98.6989311218
2343 [ 1.  0.  0.  0.] -1 109.547465515
2344 [ 1.  0.  0.  0.] -1 110.751693726
2345 [ 1.  0.  0.  0.] -1 112.074164581
2346 [ 1.  0.  0.  0.] -1 112.345207977
2347 [ 1.  0.  0.  0.] -1 116.124471664
2348 [ 1.  0.  0.  0.] -1 114.914307404
2349 [ 1.  0.  0.  0.] -1 113.400846481
2350 [ 1.  0.  0.  0.] -1 115.431106186
2351 [ 1.  0.  0.  0.] -1 128.023353577
2352 [ 1.  0.  0.  0.] 0 129.023353577
2353 [ 0.  0.  0.  1.] -2 82.6325176239
2354 [ 0.  0.  0.  1.] -1 83.6385261536
2355 [ 0.  0.  0.  1.] -1 82.4507724762
2356 [ 0.  0.  0.  1.] -1 82.3830551147
2357 [ 0.  0.  0.  1.] -1 83.062569809
2358 [ 0.  0.  0.  1.] -1 84.0685600281
2359 [ 0.  0.  0.  1.] -1 81.872946167
2360 [ 0.  0.  0.  1.] -1 82.6998184204
2361 [ 0.  0.  0.  1.] -1 83.6229431152
2362 [ 0.  0.  0.  1.] -1 83.9810703278
2363 [ 0.  0.  0.  1.] -1 89.4779037476
2364 [ 0.  0.  0.  1.] 0 90.4779037476
2365 [ 1.  0.  0.  0.] -2 81.3500988007
2366 [ 1.  0.  0.  0.] -1 82.537537384
2367 [ 1.  0.  0.  0.] -1 74.7569625854
2368 [ 1.  0.  0.  0.] -1 74.6363643646
2369 [ 1.  0.  0.  0.] -1 74.6048721313
2370 [ 1.  0.  0.  0.] -1 75.2121757507
2371 [ 1.  0.  0.  0.] -1 74.4526512146
2372 [ 1.  0.  0.  0.] -1 74.6671100616
2373 [ 1.  0.  0.  0.] -1 74.7686317444
2374 [ 1.  0.  0.  0.] -1 75.4598590851
2375 [ 1.  0.  0.  0.] -1 71.7945690155
2376 [ 1.  0.  0.  0.] -1 71.3753490448
2377 [ 1.  0.  0.  0.] -1 71.5512054443
2378 [ 1.  0.  0.  0.] -1 72.1843334198
2379 [ 1.  0.  0.  0.] -1 53.3164413452
2380 [ 1.  0.  0.  0.] -1 52.5607582092
2381 [ 1.  0.  0.  0.] -1 52.3092189789
2382 [ 1.  0.  0.  0.] -1 53.1928098679
2383 [ 1.  0.  0.  0.] -1 44.1851577759
2384 [ 1.  0.  0.  0.] -1 43.1243768692
2385 [ 1.  0.  0.  0.] -1 42.662024498
2386 [ 1.  0.  0.  0.] -1 43.0613924026
2387 [ 1.  0.  0.  0.] -1 44.4005189896
2388 [ 1.  0.  0.  0.] -1 45.0123416901
2389 [ 1.  0.  0.  0.] -1 43.7588928223
2390 [ 1.  0.  0.  0.] -1 43.9986541748
2391 [ 1.  0.  0.  0.] -1 40.9283679962
2392 [ 1.  0.  0.  0.] 0 41.9283679962
2393 [ 0.  1.  0.  0.] -2 45.422313118
2394 [ 0.  1.  0.  0.] -1 44.9261674881
2395 [ 0.  1.  0.  0.] -1 46.357824707
2396 [ 0.  1.  0.  0.] -1 49.3285896301
2397 [ 0.  1.  0.  0.] -1 50.6450592041
2398 [ 0.  1.  0.  0.] -1 53.4181261063
2399 [ 0.  1.  0.  0.] -1 55.6390642166
2400 [ 0.  1.  0.  0.] -1 60.9800636292
2401 [ 0.  1.  0.  0.] -1 62.4203639984
2402 [ 0.  1.  0.  0.] -1 64.1647945404
2403 [ 0.  1.  0.  0.] -1 66.1023605347
2404 [ 0.  1.  0.  0.] -1 66.3269447327
2405 [ 0.  1.  0.  0.] -1 67.2745746613
2406 [ 0.  1.  0.  0.] -1 68.4611686707
2407 [ 0.  1.  0.  0.] -1 69.2122276306
2408 [ 0.  1.  0.  0.] -1 74.6805912018
2409 [ 0.  1.  0.  0.] -1 75.6485153198
2410 [ 0.  1.  0.  0.] -1 77.7441368103
2411 [ 0.  1.  0.  0.] -1 79.8664234161
2412 [ 0.  1.  0.  0.] -1 86.8839874268
2413 [ 0.  1.  0.  0.] -1 88.3855617523
2414 [ 0.  1.  0.  0.] -1 93.9980792999
2415 [ 0.  1.  0.  0.] -1 95.7131919861
2416 [ 0.  1.  0.  0.] -1 118.695484543
2417 [ 0.  1.  0.  0.] -1 124.426469421
2418 [ 0.  1.  0.  0.] -1 125.939299774
2419 [ 0.  1.  0.  0.] -1 127.663856506
2420 [ 0.  1.  0.  0.] -1 128.140465546
2421 [ 0.  1.  0.  0.] -1 130.032362366
2422 [ 0.  1.  0.  0.] -1 131.577330017
2423 [ 0.  1.  0.  0.] -1 132.852399445
2424 [ 0.  1.  0.  0.] -1 145.635535431
2425 [ 0.  1.  0.  0.] -1 147.460765839
2426 [ 0.  1.  0.  0.] -1 147.98979187
2427 [ 0.  1.  0.  0.] -1 148.059705353
2428 [ 0.  1.  0.  0.] -1 151.403057098
2429 [ 0.  1.  0.  0.] -1 152.246512604
2430 [ 0.  1.  0.  0.] -1 153.199933624
2431 [ 0.  1.  0.  0.] -101 -101
